-3.24809143499e+00
-3.17358360216e+00
-3.24240299234e+00
-3.25318361634e+00
-3.25965586529e+00
-3.21530303493e+00
-3.29219317064e+00
-3.16414327057e+00
-3.31359558521e+00
-3.27293737178e+00
-3.22812658521e+00
-3.18492707851e+00
-3.28326832829e+00
-3.24988296515e+00
-3.29879669230e+00
-3.23295004894e+00
-3.17101352392e+00
-3.23095347487e+00
-3.29086929829e+00
-3.29581799068e+00
-3.21040940747e+00
-3.42337795007e+00
-3.22803216774e+00
-3.27287282080e+00
-3.13943561534e+00
-3.15449952293e+00
-3.15166265010e+00
-3.12904857207e+00
-3.21044786102e+00
-3.19625898666e+00
-3.17170094583e+00
-3.27375225878e+00
-3.11564265491e+00
-3.30705722854e+00
-3.26957990497e+00
-3.26444659145e+00
-3.20794216818e+00
-3.18199933174e+00
-3.21401401917e+00
-3.25124427905e+00
-3.14785710122e+00
-3.33352740071e+00
-3.34343969241e+00
-3.06437886593e+00
-3.20594179516e+00
-3.15830431999e+00
-3.27667427566e+00
-3.23842156094e+00
-3.37155396629e+00
-3.16492225057e+00
-3.10555416473e+00
-3.18215732161e+00
-3.15667392717e+00
-3.17816584293e+00
-3.28450030099e+00
-3.11161642513e+00
-3.18610418041e+00
-3.28539934205e+00
-3.27457850927e+00
-3.30225987900e+00
-3.31263832219e+00
-3.37541641994e+00
-3.28612708246e+00
-3.25278676119e+00
-3.23134719693e+00
-3.21296597479e+00
-3.09065237754e+00
-3.29780896755e+00
-3.22952305203e+00
-3.29180979925e+00
-3.29595895902e+00
-3.28003706127e+00
-3.18546943902e+00
-3.20287373133e+00
-3.22387987717e+00
-3.16446373937e+00
-3.30904408545e+00
-3.25083861951e+00
-3.19534141189e+00
-3.28017849033e+00
-3.16102700378e+00
-3.16461951415e+00
-3.23330370010e+00
-3.18165778731e+00
-3.36436861652e+00
-3.13505627254e+00
-3.30745122007e+00
-3.21181036748e+00
-3.13016129111e+00
-3.15019434974e+00
-3.27791846989e+00
-3.20888400791e+00
-3.20023413381e+00
-3.22257516864e+00
-3.16532434566e+00
-3.33583541933e+00
-3.23995918566e+00
-3.11866187932e+00
-3.26825605619e+00
-3.15081737194e+00
-3.25080281358e+00
-3.21834157159e+00
-3.26775567878e+00
-3.27750419109e+00
-3.33901919089e+00
-3.32780532051e+00
-3.23444803596e+00
-3.23432983548e+00
-3.30303076048e+00
-3.19742696414e+00
-3.15035349716e+00
-3.26032208225e+00
-3.29186251640e+00
-3.25119015338e+00
-3.28282016554e+00
-3.18400457877e+00
-3.19445483579e+00
-3.28462273603e+00
-3.22919660540e+00
-3.27764261483e+00
-3.25248481049e+00
-3.22769057921e+00
-3.26665997782e+00
-3.13187655970e+00
-3.09644501563e+00
-3.28738101518e+00
-3.20038484733e+00
-3.17712920829e+00
-3.17616832843e+00
-3.32463730877e+00
-3.23911558244e+00
-3.26241110968e+00
-3.23438333101e+00
-3.33608152979e+00
-3.23096854021e+00
-3.15503513870e+00
-3.17610264736e+00
-3.19253300076e+00
-3.37708826730e+00
-3.25940058940e+00
-3.25279033041e+00
-3.17517324900e+00
-3.23620152454e+00
-3.25624421082e+00
-3.22503091933e+00
-3.26013401876e+00
-3.13473498393e+00
-3.27397669445e+00
-3.36045634004e+00
-3.26713198759e+00
-3.20089359768e+00
-3.19354069708e+00
-3.23990424684e+00
-3.29062062518e+00
-3.20165917668e+00
-3.26300040187e+00
-3.20460622917e+00
-3.19805987071e+00
-3.24123664375e+00
-3.22549045825e+00
-3.24723521735e+00
-3.26760061659e+00
-3.25907051321e+00
-3.12869141194e+00
-3.20545517517e+00
-3.03157462311e+00
-3.26160082501e+00
-3.22738405132e+00
-3.23474241129e+00
-3.24445737453e+00
-3.32323253912e+00
-3.29543376943e+00
-3.20232196886e+00
-3.10189666110e+00
-3.29922631564e+00
-3.09409697179e+00
-3.12520364415e+00
-3.23108415828e+00
-3.13091920542e+00
-3.14235113009e+00
-3.15258324920e+00
-3.11073204735e+00
-3.16560895027e+00
-3.24770634104e+00
-3.08418056930e+00
-3.24965730755e+00
-3.32813920301e+00
-3.13746805622e+00
-3.20835503258e+00
-3.12965965750e+00
-3.23986040161e+00
-3.40934705032e+00
-3.38720828412e+00
-3.23423713298e+00
-3.20163446783e+00
-3.26323070663e+00
-3.20204449367e+00
-3.20646379549e+00
-3.17148207039e+00
-3.26166956747e+00
-3.34770769540e+00
-3.26448220767e+00
-3.14876812325e+00
-3.13950528280e+00
-3.20490149457e+00
-3.27069859477e+00
-3.20545617988e+00
-3.34471813142e+00
-3.25236913933e+00
-3.28912545979e+00
-3.18620463250e+00
-3.16897890023e+00
-3.18198681488e+00
-3.28278607362e+00
-3.13275718615e+00
-3.27120013378e+00
-3.27887251929e+00
-3.18737640802e+00
-3.28696881424e+00
-3.25639158390e+00
-3.20422098609e+00
-3.28895559439e+00
-3.15000464410e+00
-3.22726293016e+00
-3.18263183760e+00
-3.12275551419e+00
-3.31643366100e+00
-3.24447187951e+00
-3.27647161683e+00
-3.18158275084e+00
-3.21035049806e+00
-3.20580649457e+00
-3.13931686787e+00
-3.28560665140e+00
-3.21594386786e+00
-3.10415926652e+00
-3.23682280243e+00
-3.27617899302e+00
-3.25749459648e+00
-3.34544728584e+00
-3.27831985614e+00
-3.21886749993e+00
-3.31267005563e+00
-3.23141582439e+00
-3.18890082674e+00
-3.22655572275e+00
-3.29876065487e+00
-3.14284989335e+00
-3.18454355485e+00
-3.20876379375e+00
-3.20017160066e+00
-3.11629571183e+00
-3.39838093063e+00
-3.09820697116e+00
-3.17886604542e+00
-3.26677541184e+00
-3.21720289368e+00
-3.16583102392e+00
-3.20599026490e+00
-3.25880124061e+00
-3.08412754930e+00
-3.34515573762e+00
-3.17368798530e+00
-3.21967435220e+00
-3.18512806246e+00
-3.28654837500e+00
-3.23325657992e+00
-3.25096851146e+00
-3.29528944481e+00
-3.20022212396e+00
-3.23887188724e+00
-3.27783903251e+00
-3.20087820749e+00
-3.29735627077e+00
-3.11391161782e+00
-3.06637487545e+00
-3.30286207389e+00
-3.29614172295e+00
-3.20610527031e+00
-3.28278763577e+00
-3.25430140501e+00
-3.23556780372e+00
-3.26427530009e+00
-3.17867990427e+00
-3.21825567907e+00
-3.22115801684e+00
-3.23571721672e+00
-3.24888131315e+00
-3.28176588524e+00
-3.26665139956e+00
-3.26960054175e+00
-3.33780853572e+00
-3.06242144928e+00
-3.24502347451e+00
-3.18288582815e+00
-3.12730213168e+00
-3.28189811811e+00
-3.34388532347e+00
-3.24725772612e+00
-3.29615604312e+00
-3.16929711254e+00
-3.14366940108e+00
-3.18769622980e+00
-3.24754431951e+00
-3.21283279002e+00
-3.37949808843e+00
-3.24454782431e+00
-3.30276231019e+00
-3.33493855504e+00
-3.21115090049e+00
-3.26453222926e+00
-3.22359132288e+00
-3.19941542487e+00
-3.14608775538e+00
-3.14913504515e+00
-3.15870699775e+00
-3.24583371724e+00
-3.29448859553e+00
-3.28029076944e+00
-3.24307438485e+00
-3.13180587753e+00
-3.25132623409e+00
-3.24918406205e+00
-3.24902142441e+00
-3.16193413166e+00
-3.16426065498e+00
-3.33427701969e+00
-3.17445090461e+00
-3.18756571155e+00
-3.25416749007e+00
-3.16248093031e+00
-3.23374372330e+00
-3.25162106815e+00
-3.32234434340e+00
-3.17948540985e+00
-3.16190514904e+00
-3.20242745933e+00
-3.30508986836e+00
-3.21897675192e+00
-3.13213163502e+00
-3.24097574929e+00
-3.20124939642e+00
-3.23640594719e+00
-3.17522804449e+00
-3.26922414192e+00
-3.17026540314e+00
-3.14739325882e+00
-3.30257886371e+00
-3.15847001163e+00
-3.28651816318e+00
-3.11587312083e+00
-3.29162597548e+00
-3.26866086743e+00
-3.19080319706e+00
-3.19366950495e+00
-3.32799071083e+00
-3.28024615078e+00
-3.18869831379e+00
-3.19027418791e+00
-3.23939773776e+00
-3.25900824960e+00
-3.27055433114e+00
-3.32346642385e+00
-3.31392130061e+00
-3.25382249022e+00
-3.21618457691e+00
-3.16123382587e+00
-3.24817566123e+00
-3.20717855388e+00
-3.16944515980e+00
-3.12668607876e+00
-3.36302148469e+00
-3.26768240584e+00
-3.34278081300e+00
-3.26057387367e+00
-3.31829781189e+00
-3.23090924183e+00
-3.30103033217e+00
-3.27376126915e+00
-3.35264257783e+00
-3.34944368818e+00
-3.28816665966e+00
-3.23455160476e+00
-3.20200018385e+00
-3.14982420202e+00
-3.24343965868e+00
-3.22206306141e+00
-3.25633783061e+00
-3.32067287352e+00
-3.13269455114e+00
-3.25401026614e+00
-3.15450468137e+00
-3.22895324204e+00
-3.25556314437e+00
-3.19907338425e+00
-3.21625300657e+00
-3.21380081075e+00
-3.30079302961e+00
-3.25681748865e+00
-3.27577883902e+00
-3.22457728403e+00
-3.10271782615e+00
-3.29991754471e+00
-3.22489083272e+00
-3.28089795742e+00
-3.32412074531e+00
-3.20850699812e+00
-3.03516829809e+00
-3.24758667110e+00
-3.23906165043e+00
-3.13405790834e+00
-3.23008825447e+00
-3.21365111245e+00
-3.32409696846e+00
-3.28160297867e+00
-3.17333502488e+00
-3.32461832808e+00
-3.26593919146e+00
-3.17569917051e+00
-3.21277740125e+00
-3.18479192398e+00
-3.29999185312e+00
-3.25959336394e+00
-3.24623987532e+00
-3.31233967748e+00
-3.21941815880e+00
-3.27148004778e+00
-3.24894157686e+00
-3.29291684279e+00
-3.24886004379e+00
-3.12806711468e+00
-3.22012450339e+00
-3.22284720687e+00
-3.18503679649e+00
-3.25216180843e+00
-3.23577414097e+00
-3.27604193029e+00
-3.23844233307e+00
-3.26157725192e+00
-3.19863131090e+00
-3.32611583684e+00
-3.21582103669e+00
-3.12994481258e+00
-3.24064614811e+00
-3.26435578545e+00
-3.17523131495e+00
-3.26960704854e+00
-3.21379569871e+00
-3.23014610838e+00
-3.19333632642e+00
-3.34845003560e+00
-3.15683353459e+00
-3.17488868854e+00
-3.21861286511e+00
-3.28654031521e+00
-3.31302525833e+00
-3.13484850572e+00
-3.30732049417e+00
-3.28114930402e+00
-3.25773228809e+00
-3.14432928804e+00
-3.10045717545e+00
-3.16477894012e+00
-3.18953739062e+00
-3.19191083655e+00
-3.22866630084e+00
-3.27299362353e+00
-3.19683374534e+00
-3.23890038281e+00
-3.21060094200e+00
-3.29269573320e+00
-3.20061543810e+00
-3.15193031905e+00
-3.17592849387e+00
-3.17905191946e+00
-3.20219241831e+00
-3.29829553727e+00
-3.22533474335e+00
-3.19227502932e+00
-3.22841496757e+00
-3.20676682024e+00
-3.16760882034e+00
-3.21221511990e+00
-3.15407455433e+00
-3.24092984659e+00
-3.19930145033e+00
-3.11809721631e+00
-3.23187598122e+00
-3.36560238605e+00
-3.35856145273e+00
-3.17856131127e+00
-3.30395914638e+00
-3.20700584430e+00
-3.10074711649e+00
-3.29435135505e+00
-3.23033936926e+00
-3.12820554281e+00
-3.36437948512e+00
-3.34493639977e+00
-3.26149435204e+00
-3.23139789588e+00