1.48435811761e+00
1.48425458844e+00
1.48598182594e+00
1.48915286200e+00
1.48920724964e+00
1.48614701516e+00
1.48809889659e+00
1.48595462776e+00
1.48628144826e+00
1.48564921139e+00
1.48103584752e+00
1.48992529871e+00
1.48924607253e+00
1.48596369452e+00
1.48181548821e+00
1.48536008380e+00
1.48619796753e+00
1.48670933066e+00
1.48914386088e+00
1.49225772260e+00
1.48857458877e+00
1.48646430959e+00
1.48440106091e+00
1.48694753879e+00
1.48825325072e+00
1.48600671562e+00
1.48823248553e+00
1.49054358871e+00
1.48538035204e+00
1.48535588546e+00
1.48572142514e+00
1.48525931904e+00
1.48729900143e+00
1.48531639870e+00
1.48762672463e+00
1.48910471395e+00
1.48190500829e+00
1.48818394173e+00
1.48204597261e+00
1.49033678909e+00
1.48474757293e+00
1.48614994829e+00
1.48344859513e+00
1.48763479579e+00
1.49136510321e+00
1.49036999315e+00
1.48467690742e+00
1.48178388785e+00
1.48996164930e+00
1.48428988923e+00
1.48672393588e+00
1.48432140875e+00
1.48566692174e+00
1.49131390838e+00
1.48584545683e+00
1.49158114425e+00
1.48918556891e+00
1.48570429787e+00
1.49056116173e+00
1.48793714387e+00
1.48678329633e+00
1.48765232147e+00
1.48659310272e+00
1.48845764421e+00
1.48700723646e+00
1.48397440199e+00
1.48961785427e+00
1.48662350597e+00
1.48783904444e+00
1.48566923064e+00
1.48736637901e+00
1.48557661146e+00
1.48729609899e+00
1.48751549559e+00
1.48851223779e+00
1.48900061986e+00
1.48447538464e+00
1.48746663016e+00
1.48490544802e+00
1.49167417237e+00
1.48504998312e+00
1.48341093812e+00
1.48734413615e+00
1.48638835846e+00
1.48467527287e+00
1.48456532962e+00
1.48862149628e+00
1.48649059588e+00
1.48397745594e+00
1.48940358256e+00
1.48786493484e+00
1.48633479232e+00
1.48575410401e+00
1.48254904755e+00
1.48971377508e+00
1.48667143511e+00
1.48602449963e+00
1.49150483701e+00
1.48918252097e+00
1.48665505397e+00
1.49252633527e+00
1.48621514685e+00
1.48768288314e+00
1.48574610470e+00
1.48963475503e+00
1.48574208576e+00
1.48864754939e+00
1.48651067662e+00
1.48884030387e+00
1.48697421450e+00
1.48630891511e+00
1.48467219655e+00
1.48615613411e+00
1.48678148188e+00
1.48656388503e+00
1.48791193241e+00
1.48602076716e+00
1.48486334096e+00
1.48820550188e+00
1.48555577025e+00
1.48748289151e+00
1.48509989171e+00
1.48924304635e+00
1.48728527758e+00
1.48996527509e+00
1.48623359036e+00
1.48733208495e+00
1.48917137830e+00
1.48637770300e+00
1.48864821559e+00
1.48683179056e+00
1.48700689318e+00
1.48569884452e+00
1.48590229933e+00
1.48353937501e+00
1.48405978000e+00
1.48504943622e+00
1.48435892317e+00
1.48313546396e+00
1.49065395493e+00
1.48742168583e+00
1.48857755087e+00
1.48546633270e+00
1.48641170132e+00
1.48556893125e+00
1.48586494796e+00
1.49008545871e+00
1.48886521912e+00
1.48952089095e+00
1.48530507239e+00
1.48597505615e+00
1.48775542762e+00
1.48469806122e+00
1.48736598720e+00
1.48579882654e+00
1.48702356528e+00
1.48701132217e+00
1.48594160006e+00
1.48831752594e+00
1.48669212620e+00
1.48633114273e+00
1.48522125678e+00
1.48584891661e+00
1.48608906768e+00
1.48943605693e+00
1.48982830302e+00
1.48776839837e+00
1.48684723168e+00
1.48251573122e+00
1.48906446881e+00
1.48652002637e+00
1.48303526447e+00
1.48586857052e+00
1.48669026783e+00
1.48723827763e+00
1.48538673122e+00
1.48370832762e+00
1.48756492980e+00
1.48625873599e+00
1.48557315651e+00
1.48636475876e+00
1.49136609286e+00
1.48801294835e+00
1.48497751548e+00
1.49095230243e+00
1.48467049299e+00
1.49004974715e+00
1.48417096893e+00
1.48604468184e+00
1.48938226761e+00
1.48495620113e+00
1.48891178919e+00
1.48646143516e+00
1.48668789145e+00
1.48805356180e+00
1.48148492555e+00
1.48507617697e+00
1.49007487576e+00
1.48894737498e+00
1.48606966218e+00
1.48390823448e+00
1.48354747753e+00
1.48503816421e+00
1.48607879820e+00
1.48699074881e+00
1.48769522509e+00
1.48518354118e+00
1.49153615321e+00
1.48850594301e+00
1.48815728002e+00
1.48602461675e+00
1.48558303664e+00
1.48845948937e+00
1.48651593093e+00
1.48538652717e+00
1.48767769311e+00
1.48554160495e+00
1.48278767989e+00
1.48463968726e+00
1.48888843749e+00
1.48601308621e+00
1.48908220489e+00
1.48793691232e+00
1.48504991526e+00
1.48657419298e+00
1.48249026691e+00
1.48650606430e+00
1.48961601795e+00
1.48600299263e+00
1.48610301360e+00
1.48499969864e+00
1.48842831657e+00
1.48322203331e+00
1.48610514632e+00
1.48755015196e+00
1.48718469464e+00
1.48439284400e+00
1.48452545866e+00
1.48780992515e+00
1.48771736443e+00
1.48723706626e+00
1.48971655198e+00
1.49025739310e+00
1.48510675351e+00
1.49146132718e+00
1.48540724876e+00
1.48596012230e+00
1.48577284201e+00
1.48735701783e+00
1.48896328922e+00
1.48587885384e+00
1.48411502888e+00
1.49028296276e+00
1.48784527491e+00
1.48587393240e+00
1.48708596143e+00
1.49079032850e+00
1.48346011633e+00
1.48627867235e+00
1.48899278842e+00
1.48421676368e+00
1.48686251175e+00
1.48862492960e+00
1.48486581246e+00
1.48330588845e+00
1.48532431467e+00
1.48288500643e+00
1.48640170383e+00
1.48501248569e+00
1.48788852493e+00
1.49072453796e+00
1.48342047253e+00
1.48737343985e+00
1.48935960182e+00
1.48213981878e+00
1.48645470872e+00
1.48948632611e+00
1.48795950092e+00
1.48857552758e+00
1.48636573677e+00
1.48888755262e+00
1.48921764615e+00
1.48142198461e+00
1.48884160396e+00
1.48777441043e+00
1.48410221501e+00
1.48661030816e+00
1.48878041489e+00
1.48445343574e+00
1.48745234350e+00
1.48647200430e+00
1.48978588465e+00
1.48548158512e+00
1.48910151832e+00
1.48772600241e+00
1.48624423536e+00
1.48369551517e+00
1.48741814581e+00
1.48251560129e+00
1.49256588873e+00
1.48599244532e+00
1.48361054276e+00
1.48836438828e+00
1.48520027273e+00
1.48788642130e+00
1.48453750674e+00
1.48309785809e+00
1.49012359723e+00
1.48244253988e+00
1.48878733135e+00
1.48798371269e+00
1.48259561177e+00
1.48638259567e+00
1.48609445575e+00
1.48351849312e+00
1.48674375490e+00
1.48742721349e+00
1.48786733695e+00
1.48702470389e+00
1.48376508292e+00
1.48887368405e+00
1.48584291088e+00
1.48390217141e+00
1.48990922971e+00
1.48676015899e+00
1.48543363349e+00
1.48507603682e+00
1.48611844775e+00
1.48484560091e+00
1.48754534168e+00
1.48756856579e+00
1.48724244165e+00
1.48910794231e+00
1.48305172595e+00
1.48930431672e+00
1.48996217371e+00
1.48527590089e+00
1.48822220686e+00
1.48768537022e+00
1.48998498639e+00
1.48538620644e+00
1.48744445866e+00
1.49075419987e+00
1.49005060966e+00
1.48675237451e+00
1.48499374218e+00
1.48701535889e+00
1.48570096542e+00
1.48416700669e+00
1.48939929392e+00
1.48723201772e+00
1.49049823224e+00
1.48766783547e+00
1.48469038123e+00
1.48415579036e+00
1.49021180946e+00
1.48659360916e+00
1.48814037026e+00
1.48947399158e+00
1.48688725794e+00
1.48459211038e+00
1.48528936962e+00
1.48784461170e+00
1.48651136521e+00
1.48692923283e+00
1.48586398969e+00
1.48492749324e+00
1.48809438970e+00
1.48861334799e+00
1.48868759815e+00
1.48688748691e+00
1.49029068994e+00
1.48564597403e+00
1.48329180377e+00
1.49048487586e+00
1.48635418138e+00
1.48781481976e+00
1.48659057099e+00
1.48780602952e+00
1.49061249037e+00
1.48460469494e+00
1.48758185606e+00
1.48850795439e+00
1.48571679607e+00
1.48913003163e+00
1.48604784335e+00
1.48332242989e+00
1.48566839975e+00
1.48778143207e+00
1.48808522234e+00
1.48494592163e+00
1.48623549138e+00
1.48491308152e+00
1.48601687326e+00
1.48412947666e+00
1.48618410689e+00
1.48546950005e+00
1.48441980015e+00
1.48799221929e+00
1.48743534998e+00
1.48943016249e+00
1.48715904848e+00
1.48677094885e+00
1.48831312624e+00
1.48772079181e+00
1.48635832486e+00
1.48825741471e+00
1.48654081753e+00
1.48431662787e+00
1.48700156344e+00
1.48723821851e+00
1.49287943386e+00
1.48924440942e+00
1.49163536704e+00
1.48872630641e+00
1.48368512335e+00
1.48595485071e+00
1.48845996900e+00
1.48625493986e+00
1.48965581804e+00
1.48568325936e+00
1.48529442137e+00
1.48748092698e+00
1.48798642174e+00
1.48418872020e+00
1.48492257843e+00
1.48292079015e+00
1.48567648108e+00
1.48576248915e+00
1.48627214983e+00
1.48447907433e+00
1.48525885419e+00
1.48996350104e+00
1.48749308146e+00
1.48533952405e+00
1.48834221665e+00
1.48495053931e+00
1.48730084083e+00
1.48204194509e+00
1.48530712887e+00
1.49030049551e+00
1.49185224278e+00
1.48774622717e+00
1.48259063272e+00
1.49065759640e+00
1.49044718838e+00
1.49034575527e+00
1.48644215268e+00
1.48699639871e+00
1.48679921839e+00
1.48450116655e+00
1.48756800014e+00
1.48850919362e+00
1.48528295266e+00
1.49239828010e+00
1.48475573180e+00
1.48742051776e+00
1.48909403483e+00
1.48383097153e+00
1.48560031508e+00
1.48673689235e+00
1.48761554297e+00
1.48769040683e+00
1.48870563506e+00
1.48772746093e+00
1.48893818792e+00
1.48399106984e+00
1.48981876935e+00
1.49047850875e+00
1.48513159506e+00
1.48905059601e+00
1.48717214250e+00
1.49162854508e+00
1.48831478035e+00
1.48806287598e+00
1.48862788221e+00
1.48606056845e+00
1.49121736528e+00
1.48772308109e+00
1.48340720830e+00
1.48608031251e+00
1.48870308004e+00
1.48891533777e+00
1.49053408755e+00
1.48397000568e+00
1.48536545393e+00
1.48683762683e+00
1.48893845369e+00
1.48798162922e+00
1.48640182060e+00
1.48882592458e+00
1.48859381219e+00
1.48725903299e+00
1.48802379327e+00
1.48928789340e+00
1.48616856805e+00
1.48670867140e+00
1.49067276906e+00
1.48609541112e+00
1.48909541028e+00
1.48694008691e+00