-6.59477548811e-01
-6.61274124235e-01
-6.60469186321e-01
-6.62034981924e-01
-6.62740923737e-01
-6.61145412559e-01
-6.59797225122e-01
-6.60609475454e-01
-6.60675249248e-01
-6.61470531343e-01
-6.59926493045e-01
-6.61931078460e-01
-6.60865940762e-01
-6.61807864329e-01
-6.59396350481e-01
-6.60655459963e-01
-6.60759405225e-01
-6.61330870631e-01
-6.62427209412e-01
-6.62505717624e-01
-6.61671853685e-01
-6.61012325959e-01
-6.60059102678e-01
-6.59367385133e-01
-6.60612599345e-01
-6.60417800145e-01
-6.61156466852e-01
-6.61865274644e-01
-6.60838116782e-01
-6.61080189917e-01
-6.60066336327e-01
-6.60072251187e-01
-6.61187533261e-01
-6.60824999790e-01
-6.60825629609e-01
-6.61054736025e-01
-6.59455374255e-01
-6.61058485870e-01
-6.59124153552e-01
-6.62092833164e-01
-6.60115452502e-01
-6.61492978583e-01
-6.59567472578e-01
-6.60864289471e-01
-6.62201991422e-01
-6.61623222884e-01
-6.59709396115e-01
-6.59653480703e-01
-6.62110264167e-01
-6.60538255613e-01
-6.60970859909e-01
-6.60323716189e-01
-6.61242686904e-01
-6.62485274971e-01
-6.60961402420e-01
-6.62400601304e-01
-6.61467276546e-01
-6.60210210355e-01
-6.62455996459e-01
-6.61564898972e-01
-6.60420873956e-01
-6.61434254713e-01
-6.60997293003e-01
-6.62266107266e-01
-6.60326166149e-01
-6.59640232792e-01
-6.61950443907e-01
-6.61576395477e-01
-6.61324870956e-01
-6.60283956107e-01
-6.61356321003e-01
-6.61450884431e-01
-6.60773381535e-01
-6.61385660437e-01
-6.60794373079e-01
-6.60476507032e-01
-6.60805739690e-01
-6.59816207042e-01
-6.60796265150e-01
-6.62030097258e-01
-6.60820130250e-01
-6.59888865187e-01
-6.61336972052e-01
-6.61365631572e-01
-6.60252577081e-01
-6.59668225742e-01
-6.61179329015e-01
-6.60842393031e-01
-6.59444740513e-01
-6.61176946166e-01
-6.60828573250e-01
-6.60500561117e-01
-6.61087377732e-01
-6.59600125778e-01
-6.60824248496e-01
-6.61210595010e-01
-6.60583250739e-01
-6.62833950680e-01
-6.61338884288e-01
-6.60100089886e-01
-6.61497485587e-01
-6.61507237831e-01
-6.61616632229e-01
-6.60455093720e-01
-6.61316141148e-01
-6.59512451652e-01
-6.61133920715e-01
-6.60832439250e-01
-6.61175380561e-01
-6.61257961803e-01
-6.60021729916e-01
-6.60286740284e-01
-6.60452309640e-01
-6.60254821231e-01
-6.60695259732e-01
-6.61926053994e-01
-6.61243735273e-01
-6.60397120020e-01
-6.60720586642e-01
-6.60860710197e-01
-6.61133316829e-01
-6.60513326454e-01
-6.61205077472e-01
-6.61098690272e-01
-6.61601407406e-01
-6.60807829103e-01
-6.61599967179e-01
-6.62274915884e-01
-6.60053597510e-01
-6.61520807073e-01
-6.61481156579e-01
-6.61216829379e-01
-6.60876202323e-01
-6.59866321515e-01
-6.58756250249e-01
-6.59483311104e-01
-6.60243772366e-01
-6.60340879335e-01
-6.59291479646e-01
-6.62433696260e-01
-6.60995967923e-01
-6.60461241750e-01
-6.61072202684e-01
-6.60582509118e-01
-6.60628592278e-01
-6.60893188225e-01
-6.60816477609e-01
-6.61259087686e-01
-6.61613432287e-01
-6.60737618111e-01
-6.60573067368e-01
-6.61730452818e-01
-6.60432736596e-01
-6.61526278164e-01
-6.61137342157e-01
-6.61640242589e-01
-6.60744521132e-01
-6.59877852953e-01
-6.61577931741e-01
-6.61008301005e-01
-6.61625967630e-01
-6.59581114079e-01
-6.60129734566e-01
-6.61621101215e-01
-6.61411898487e-01
-6.61942312785e-01
-6.61191417190e-01
-6.61021059701e-01
-6.60512211967e-01
-6.61963804465e-01
-6.60859904502e-01
-6.59162878716e-01
-6.60520275882e-01
-6.61307433301e-01
-6.61631620981e-01
-6.60098760862e-01
-6.60200611149e-01
-6.61303972815e-01
-6.60469613640e-01
-6.60751521550e-01
-6.60618821343e-01
-6.62267593987e-01
-6.61237992263e-01
-6.60082889380e-01
-6.62261401137e-01
-6.60432263199e-01
-6.61605073719e-01
-6.60906512580e-01
-6.60795402868e-01
-6.62335179469e-01
-6.60847706532e-01
-6.61522251758e-01
-6.61677114482e-01
-6.60786959186e-01
-6.61493068770e-01
-6.59000418109e-01
-6.60506341143e-01
-6.61257190294e-01
-6.60989852757e-01
-6.60591794913e-01
-6.59386944923e-01
-6.59039246696e-01
-6.61347648418e-01
-6.60633506049e-01
-6.60368585634e-01
-6.60724158075e-01
-6.61125805486e-01
-6.62664883669e-01
-6.61998796577e-01
-6.61242442659e-01
-6.60747333274e-01
-6.61207436761e-01
-6.60504920193e-01
-6.60925718507e-01
-6.60796724519e-01
-6.61029221963e-01
-6.60088476332e-01
-6.59337935805e-01
-6.60764733179e-01
-6.61631908027e-01
-6.61221228497e-01
-6.61486334486e-01
-6.60724008703e-01
-6.60438360391e-01
-6.61253550081e-01
-6.60199576946e-01
-6.60377720434e-01
-6.61956304627e-01
-6.61629018005e-01
-6.60357920576e-01
-6.60737887533e-01
-6.61552136106e-01
-6.58998551589e-01
-6.60812917108e-01
-6.61952228842e-01
-6.61370429624e-01
-6.61600168277e-01
-6.59804253794e-01
-6.60850090863e-01
-6.61384483809e-01
-6.60541333049e-01
-6.61621306757e-01
-6.61584809295e-01
-6.60907458013e-01
-6.62841136496e-01
-6.61210683424e-01
-6.59711054638e-01
-6.60548186124e-01
-6.61429156390e-01
-6.61575484115e-01
-6.60537172727e-01
-6.60976348595e-01
-6.61688086401e-01
-6.62486968886e-01
-6.60731827377e-01
-6.60987062691e-01
-6.62190133603e-01
-6.59031811834e-01
-6.60254543812e-01
-6.61776113127e-01
-6.61171080084e-01
-6.61301772313e-01
-6.62394209396e-01
-6.60493409611e-01
-6.60138526995e-01
-6.61037396916e-01
-6.60224555659e-01
-6.60955676824e-01
-6.60042365454e-01
-6.60097126883e-01
-6.62257140080e-01
-6.58923089823e-01
-6.60869181374e-01
-6.61371540251e-01
-6.60029342483e-01
-6.60539560430e-01
-6.62769123287e-01
-6.61757674973e-01
-6.60999959552e-01
-6.61555323182e-01
-6.60939934682e-01
-6.60727989340e-01
-6.59142807496e-01
-6.61635433615e-01
-6.60701131016e-01
-6.59064136814e-01
-6.60514627415e-01
-6.61079904743e-01
-6.60940929051e-01
-6.60603227954e-01
-6.61213788639e-01
-6.61421073000e-01
-6.61140927913e-01
-6.60535176686e-01
-6.60884564569e-01
-6.60871494437e-01
-6.59746227703e-01
-6.61290534263e-01
-6.60427977109e-01
-6.61861636703e-01
-6.60466443157e-01
-6.59470928273e-01
-6.61534599301e-01
-6.60323343995e-01
-6.62176848328e-01
-6.60607889431e-01
-6.59698504589e-01
-6.62004044909e-01
-6.58288312620e-01
-6.61669115629e-01
-6.61463659242e-01
-6.59793491414e-01
-6.60381579077e-01
-6.60473595777e-01
-6.60815636077e-01
-6.60695082822e-01
-6.61978353564e-01
-6.61039554836e-01
-6.59541324255e-01
-6.58869187284e-01
-6.61616006161e-01
-6.61640897178e-01
-6.59894771927e-01
-6.62259527783e-01
-6.60592769994e-01
-6.60087736054e-01
-6.60916553540e-01
-6.59874298082e-01
-6.59724989054e-01
-6.60767216639e-01
-6.61293935634e-01
-6.60379049052e-01
-6.62165046896e-01
-6.60337305289e-01
-6.62143212197e-01
-6.61064227594e-01
-6.61265657204e-01
-6.61012423376e-01
-6.60345458346e-01
-6.60566973863e-01
-6.61139437715e-01
-6.60579363858e-01
-6.61128665325e-01
-6.61710779306e-01
-6.60519058548e-01
-6.60580532940e-01
-6.60477810598e-01
-6.61042519655e-01
-6.59834138597e-01
-6.61685303783e-01
-6.60353499014e-01
-6.62216434097e-01
-6.60677867506e-01
-6.60896445797e-01
-6.60133226269e-01
-6.61806941155e-01
-6.61231005699e-01
-6.61300894295e-01
-6.62330651240e-01
-6.59979011911e-01
-6.60298005535e-01
-6.60075060043e-01
-6.61288857055e-01
-6.61169025358e-01
-6.60945575897e-01
-6.61894122956e-01
-6.61735000432e-01
-6.60672246494e-01
-6.61306857027e-01
-6.61634564807e-01
-6.60137808145e-01
-6.61160420499e-01
-6.59327294582e-01
-6.59790143930e-01
-6.61279115367e-01
-6.60590203361e-01
-6.60665306380e-01
-6.60605258133e-01
-6.61443078476e-01
-6.61962544806e-01
-6.59978960540e-01
-6.60846840831e-01
-6.61089621649e-01
-6.60470889996e-01
-6.61402181575e-01
-6.60934091000e-01
-6.59835791500e-01
-6.60124499606e-01
-6.61616492630e-01
-6.62068653854e-01
-6.59401276590e-01
-6.60239121873e-01
-6.60495059288e-01
-6.61205691931e-01
-6.60119168593e-01
-6.60586550179e-01
-6.61309693328e-01
-6.60041931914e-01
-6.61370875968e-01
-6.60601111630e-01
-6.62077049210e-01
-6.61912485277e-01
-6.60594871902e-01
-6.61776920900e-01
-6.61130935420e-01
-6.61705603473e-01
-6.61201008751e-01
-6.60475619795e-01
-6.60128628521e-01
-6.60835462572e-01
-6.61526369060e-01
-6.63052299149e-01
-6.61451758211e-01
-6.62572528302e-01
-6.61617294227e-01
-6.58843434649e-01
-6.60951046156e-01
-6.60774518457e-01
-6.60985687727e-01
-6.62006585856e-01
-6.60233492485e-01
-6.60827740993e-01
-6.60905055776e-01
-6.60278243568e-01
-6.60444755846e-01
-6.60131101495e-01
-6.59296249411e-01
-6.60091055278e-01
-6.60989862490e-01
-6.60008563249e-01
-6.58974773808e-01
-6.59689478090e-01
-6.61182686110e-01
-6.60982698656e-01
-6.60599265062e-01
-6.61498610671e-01
-6.60255508129e-01
-6.60402311006e-01
-6.59728362610e-01
-6.60255347899e-01
-6.62588034974e-01
-6.62090177117e-01
-6.60970460393e-01
-6.59987577158e-01
-6.62042935052e-01
-6.61767054076e-01
-6.60212540111e-01
-6.60920366316e-01
-6.61240597825e-01
-6.60530211610e-01
-6.60362245744e-01
-6.61406514314e-01
-6.60964912835e-01
-6.61057941145e-01
-6.62297347783e-01
-6.60796983537e-01
-6.60232723409e-01
-6.61627607693e-01
-6.59565313661e-01
-6.59648961913e-01
-6.61468668567e-01
-6.61682599642e-01
-6.61136955851e-01
-6.62142069076e-01
-6.61463851238e-01
-6.60307927150e-01
-6.59572222923e-01
-6.61149382076e-01
-6.61109242894e-01
-6.59632476474e-01
-6.62545981705e-01
-6.61365595054e-01
-6.62751555706e-01
-6.62062110224e-01
-6.62015248056e-01
-6.61238782404e-01
-6.60804285297e-01
-6.62172716567e-01
-6.61289954176e-01
-6.61116454349e-01
-6.60502361508e-01
-6.61124958823e-01
-6.61045034623e-01
-6.61300001824e-01
-6.60082552379e-01
-6.61188456239e-01
-6.60485004602e-01
-6.61499321187e-01
-6.62057405301e-01
-6.59720225629e-01
-6.60639005147e-01
-6.62136590248e-01
-6.61595978644e-01
-6.61310922636e-01
-6.61941633496e-01
-6.60566765875e-01
-6.60909473487e-01
-6.62242905852e-01
-6.61298529719e-01
-6.61695057413e-01
-6.60926516703e-01