1.10901787914e+00
1.10913235177e+00
1.10882907205e+00
1.11046705496e+00
1.11008541461e+00
1.11015725909e+00
1.10939185597e+00
1.10951234336e+00
1.10993466154e+00
1.10897001714e+00
1.10970699703e+00
1.10974558893e+00
1.10976353873e+00
1.10863741889e+00
1.10932956452e+00
1.10952777763e+00
1.10924868527e+00
1.10998709003e+00
1.10971976024e+00
1.10936434491e+00
1.10961249355e+00
1.10935718449e+00
1.10911833411e+00
1.11048454956e+00
1.11024688514e+00
1.10951128558e+00
1.10956518177e+00
1.10973253345e+00
1.10937354073e+00
1.10882299599e+00
1.10976210177e+00
1.10978625014e+00
1.10976154332e+00
1.10959403431e+00
1.10988352859e+00
1.11023703087e+00
1.10946739550e+00
1.10986998146e+00
1.10932201163e+00
1.10961855602e+00
1.10938854146e+00
1.10952240324e+00
1.10995898071e+00
1.11016101633e+00
1.10970430174e+00
1.10948217913e+00
1.10961855949e+00
1.10905789267e+00
1.10973330491e+00
1.10959686706e+00
1.10984948527e+00
1.10905584940e+00
1.10960845355e+00
1.10970822451e+00
1.10912544790e+00
1.10955511302e+00
1.10988754349e+00
1.10926277131e+00
1.11019956615e+00
1.10937343787e+00
1.10969880544e+00
1.10872582078e+00
1.10863734444e+00
1.10953116038e+00
1.10968726871e+00
1.10957281818e+00
1.10995724601e+00
1.10927542836e+00
1.10951417648e+00
1.10985447584e+00
1.10938587871e+00
1.10959402916e+00
1.10990123307e+00
1.10911434877e+00
1.10999331165e+00
1.11009050587e+00
1.10949553860e+00
1.10958275426e+00
1.10971110968e+00
1.11047380320e+00
1.10925696295e+00
1.10969644327e+00
1.10955045977e+00
1.10877601245e+00
1.10921523113e+00
1.10919473176e+00
1.11027308042e+00
1.10865746176e+00
1.10915430274e+00
1.11024029162e+00
1.10986102526e+00
1.10968612819e+00
1.10947541473e+00
1.10931437363e+00
1.11014340792e+00
1.10970685302e+00
1.10945925437e+00
1.10981040522e+00
1.10960940496e+00
1.10925596353e+00
1.10953559237e+00
1.10927358641e+00
1.10979380996e+00
1.10932794050e+00
1.10986637983e+00
1.10931465620e+00
1.10987207146e+00
1.11001943872e+00
1.10950857827e+00
1.10927524622e+00
1.10992547599e+00
1.10960939817e+00
1.10948448020e+00
1.10870067867e+00
1.10947826740e+00
1.10932178530e+00
1.11028708226e+00
1.10966969027e+00
1.10889323361e+00
1.10955590190e+00
1.10930574395e+00
1.10908591915e+00
1.10977007521e+00
1.11028686206e+00
1.11050972350e+00
1.10909199637e+00
1.10956520220e+00
1.10925909409e+00
1.10969896011e+00
1.10950627038e+00
1.10923020723e+00
1.10937862155e+00
1.10920703633e+00
1.10937799166e+00
1.10897270318e+00
1.10942800698e+00
1.10910637154e+00
1.10946388998e+00
1.10971588442e+00
1.11037478181e+00
1.10947127827e+00
1.10939101450e+00
1.11002174890e+00
1.10966693528e+00
1.10890218187e+00
1.10922000884e+00
1.10975476510e+00
1.10930321052e+00
1.10995177930e+00
1.10969327131e+00
1.10955884088e+00
1.10943678131e+00
1.10963554747e+00
1.10953533882e+00
1.10899981373e+00
1.10935638788e+00
1.11016770994e+00
1.10937268133e+00
1.10972042383e+00
1.10922002501e+00
1.10944116373e+00
1.10923453716e+00
1.10952795155e+00
1.10997098511e+00
1.11048284386e+00
1.10936419440e+00
1.10950045005e+00
1.10943402425e+00
1.10960730297e+00
1.10964021362e+00
1.10904169453e+00
1.10910403181e+00
1.10988478420e+00
1.11001556560e+00
1.10990730307e+00
1.11010166817e+00
1.10916756468e+00
1.10999841918e+00
1.10917247246e+00
1.10879072941e+00
1.10931901200e+00
1.10888833558e+00
1.10989054568e+00
1.11008235893e+00
1.10983743046e+00
1.10991761011e+00
1.10991153192e+00
1.10988632706e+00
1.10955484527e+00
1.10907126188e+00
1.10917800248e+00
1.10995440604e+00
1.10971232714e+00
1.10986825644e+00
1.10928695675e+00
1.10993352501e+00
1.10937561657e+00
1.10964211253e+00
1.10965427716e+00
1.10988121983e+00
1.10970903191e+00
1.10891389577e+00
1.10891228924e+00
1.11045989245e+00
1.10978854019e+00
1.10969179468e+00
1.10911762175e+00
1.10930340929e+00
1.10975909976e+00
1.10991014477e+00
1.10964828139e+00
1.10898173466e+00
1.10961217507e+00
1.10903004740e+00
1.10955541051e+00
1.10933782849e+00
1.10935215714e+00
1.10920957634e+00
1.10916399235e+00
1.10959972906e+00
1.10915632799e+00
1.10904780024e+00
1.10964209969e+00
1.10927859636e+00
1.10925564897e+00
1.10911843073e+00
1.10961775743e+00
1.10973910714e+00
1.10962334606e+00
1.10949465611e+00
1.10929589467e+00
1.11017924576e+00
1.10920117418e+00
1.10935739763e+00
1.10962216177e+00
1.10904015467e+00
1.10924840396e+00
1.10982898015e+00
1.10998216675e+00
1.10975920165e+00
1.10980225261e+00
1.10946018838e+00
1.10962261580e+00
1.10919586658e+00
1.10955384247e+00
1.10921605358e+00
1.10926990846e+00
1.10951105531e+00
1.10923061591e+00
1.10931343718e+00
1.10905408626e+00
1.11006621997e+00
1.10979477118e+00
1.10973747326e+00
1.10998524821e+00
1.10960555101e+00
1.11042360845e+00
1.10857415365e+00
1.10927286549e+00
1.10995182483e+00
1.10912723666e+00
1.10928456863e+00
1.10923361040e+00
1.10950149626e+00
1.10901862471e+00
1.10968666455e+00
1.10913338641e+00
1.10919121438e+00
1.10966644073e+00
1.10960576986e+00
1.10966662936e+00
1.10929092879e+00
1.10957177685e+00
1.11003402008e+00
1.10903101798e+00
1.10942387150e+00
1.10987793529e+00
1.11026437322e+00
1.10999151994e+00
1.10941285695e+00
1.10945682743e+00
1.10951894997e+00
1.10976137132e+00
1.10968138234e+00
1.11002892998e+00
1.10938631094e+00
1.10895603529e+00
1.10964524203e+00
1.10956098795e+00
1.10971454948e+00
1.10955763805e+00
1.10974720076e+00
1.10971574535e+00
1.10976652671e+00
1.10906142245e+00
1.10940548778e+00
1.10864599556e+00
1.10932478121e+00
1.10960641639e+00
1.10956004004e+00
1.10924692422e+00
1.10874351294e+00
1.10992695394e+00
1.10940869529e+00
1.10943936517e+00
1.10944082623e+00
1.10949131072e+00
1.10943339662e+00
1.10929389908e+00
1.10949568436e+00
1.10928928913e+00
1.10934993658e+00
1.10901858003e+00
1.10957494301e+00
1.10960725803e+00
1.10946014378e+00
1.10969439032e+00
1.10983199181e+00
1.10958930226e+00
1.10889344259e+00
1.10935932432e+00
1.10902585889e+00
1.10972281817e+00
1.10941120397e+00
1.10919606055e+00
1.10961539874e+00
1.10969974501e+00
1.10932078963e+00
1.10918701281e+00
1.10949122056e+00
1.10980096060e+00
1.10928634612e+00
1.10916772903e+00
1.10919273228e+00
1.10939484448e+00
1.10956604635e+00
1.10961316183e+00
1.10974083254e+00
1.10968926947e+00
1.10947188861e+00
1.10916240171e+00
1.10998051832e+00
1.10939982921e+00
1.10959459708e+00
1.10932780191e+00
1.10904334589e+00
1.11005724502e+00
1.10954753771e+00
1.10940524457e+00
1.10943451629e+00
1.10968262765e+00
1.10983165910e+00
1.10920348403e+00
1.10924107965e+00
1.10976565123e+00
1.11032979886e+00
1.10946389791e+00
1.10924515010e+00
1.10963702801e+00
1.10927301389e+00
1.10981008059e+00
1.10859956338e+00
1.10939456602e+00
1.10974413682e+00
1.10932828091e+00
1.10973450482e+00
1.10962172951e+00
1.10950676532e+00
1.10951369400e+00
1.10975713298e+00
1.10933009109e+00
1.10963323443e+00
1.10976347517e+00
1.11010886640e+00
1.11001425257e+00
1.10982853095e+00
1.10906246221e+00
1.10908546182e+00
1.10920162198e+00
1.11041643042e+00
1.10890575399e+00
1.11011060231e+00
1.10962616867e+00
1.10907656416e+00
1.10985385368e+00
1.10969686050e+00
1.10913849569e+00
1.10964714603e+00
1.10995624688e+00
1.10947414694e+00
1.10901149049e+00
1.10931540128e+00
1.10950029276e+00
1.10942121871e+00
1.10924113524e+00
1.10960116190e+00
1.10956827465e+00
1.10974939722e+00
1.10983864483e+00
1.10929277971e+00
1.10993548828e+00
1.10946355138e+00
1.10954401793e+00
1.10921998960e+00
1.10954850425e+00
1.10908193142e+00
1.10945493139e+00
1.11024618219e+00
1.10918112121e+00
1.10918885166e+00
1.10950722806e+00
1.10946573935e+00
1.10910356324e+00
1.11006272612e+00
1.10949524485e+00
1.10949843049e+00
1.10958295107e+00
1.10937996641e+00
1.10900519129e+00
1.11007877107e+00
1.11016962161e+00
1.10964044368e+00
1.11011122575e+00
1.10932487955e+00
1.10951264390e+00
1.10982832423e+00
1.10972627439e+00
1.10890271492e+00
1.10933663017e+00
1.10980979363e+00
1.10979652541e+00
1.10893477668e+00
1.11041004936e+00
1.10971596935e+00
1.10965150989e+00
1.10947628287e+00
1.10958834063e+00
1.10977943580e+00
1.10912194857e+00
1.10913972371e+00
1.10971693849e+00
1.10940229341e+00
1.10956099081e+00
1.10947649727e+00
1.10969982078e+00
1.10974487559e+00
1.11005446919e+00
1.11003188500e+00
1.10977343819e+00
1.10969884308e+00
1.10965743671e+00
1.10955357250e+00
1.10965979511e+00
1.10924898938e+00
1.10998657769e+00
1.10907855085e+00
1.10956502412e+00
1.11013824013e+00
1.10956977987e+00
1.10974343819e+00
1.11019909997e+00
1.10930392542e+00
1.10988818521e+00
1.10954546304e+00
1.10872654756e+00
1.10957929224e+00
1.10921093307e+00
1.10934797175e+00
1.10960661091e+00
1.10913579844e+00
1.10974028551e+00
1.10955432218e+00
1.10959321979e+00
1.10936832525e+00
1.10909094903e+00
1.10933980021e+00
1.10862244610e+00
1.11013881464e+00
1.10996137599e+00
1.10902275449e+00
1.10905905934e+00
1.10893590539e+00
1.10870228534e+00
1.11064021138e+00
1.10937435413e+00
1.10927583326e+00
1.11005978641e+00
1.10933280373e+00
1.10893061905e+00
1.10931137666e+00
1.10937621987e+00
1.11028512329e+00
1.10992598785e+00
1.10983353946e+00
1.10938766088e+00
1.10945375498e+00
1.10896184228e+00
1.10985460974e+00
1.10983168050e+00
1.10981256636e+00
1.10952379884e+00