1.12226429332e+00
1.12256838093e+00
1.12280438451e+00
1.12286005166e+00
1.12262188719e+00
1.12271825649e+00
1.12314416866e+00
1.12270933956e+00
1.12279646442e+00
1.12331079024e+00
1.12268437094e+00
1.12278422224e+00
1.12332637389e+00
1.12328429663e+00
1.12340495555e+00
1.12253458092e+00
1.12289842340e+00
1.12326324278e+00
1.12300425986e+00
1.12248277475e+00
1.12278674187e+00
1.12302208319e+00
1.12261502944e+00
1.12342611575e+00
1.12262239173e+00
1.12259697673e+00
1.12238660557e+00
1.12296784491e+00
1.12309214667e+00
1.12316416842e+00
1.12201065226e+00
1.12216309820e+00
1.12250405497e+00
1.12297267226e+00
1.12290767146e+00
1.12319252433e+00
1.12213926675e+00
1.12211902648e+00
1.12243131894e+00
1.12248672697e+00
1.12302495752e+00
1.12238228890e+00
1.12220407202e+00
1.12296200117e+00
1.12324785068e+00
1.12275775223e+00
1.12327141811e+00
1.12292761524e+00
1.12330142653e+00
1.12306844109e+00
1.12290574216e+00
1.12353406585e+00
1.12338675756e+00
1.12393709020e+00
1.12325555466e+00
1.12265137944e+00
1.12342358924e+00
1.12287280204e+00
1.12303761306e+00
1.12269951816e+00
1.12257834537e+00
1.12269074519e+00
1.12270521206e+00
1.12246022543e+00
1.12272730498e+00
1.12293913223e+00
1.12220852199e+00
1.12270931987e+00
1.12208700928e+00
1.12260554372e+00
1.12232406454e+00
1.12217636018e+00
1.12340448318e+00
1.12321154669e+00
1.12299424222e+00
1.12242395636e+00
1.12266907717e+00
1.12309484806e+00
1.12230663183e+00
1.12268461586e+00
1.12303460319e+00
1.12270935132e+00
1.12348210241e+00
1.12269426996e+00
1.12263529886e+00
1.12269215600e+00
1.12285156233e+00
1.12294382928e+00
1.12231433430e+00
1.12281399429e+00
1.12298909586e+00
1.12242108892e+00
1.12287486949e+00
1.12214489604e+00
1.12221651577e+00
1.12305559941e+00
1.12225843237e+00
1.12319200791e+00
1.12288121833e+00
1.12267431058e+00
1.12243236703e+00
1.12221214651e+00
1.12314447045e+00
1.12285802077e+00
1.12297078835e+00
1.12303944497e+00
1.12349460185e+00
1.12230774570e+00
1.12311543497e+00
1.12281178936e+00
1.12265258292e+00
1.12281555332e+00
1.12256670050e+00
1.12258139036e+00
1.12267716252e+00
1.12342241236e+00
1.12299537136e+00
1.12214371943e+00
1.12313582344e+00
1.12260617834e+00
1.12259433268e+00
1.12316686871e+00
1.12186564258e+00
1.12332120520e+00
1.12289307455e+00
1.12281898511e+00
1.12248491280e+00
1.12338371582e+00
1.12261009300e+00
1.12336732233e+00
1.12278424883e+00
1.12361876121e+00
1.12266113947e+00
1.12236946584e+00
1.12191964777e+00
1.12307711110e+00
1.12311093666e+00
1.12324631087e+00
1.12222377568e+00
1.12305008311e+00
1.12204833023e+00
1.12229367561e+00
1.12277585620e+00
1.12329563020e+00
1.12301060557e+00
1.12268006079e+00
1.12253608715e+00
1.12278905561e+00
1.12356003783e+00
1.12343411038e+00
1.12357595887e+00
1.12313344977e+00
1.12184358051e+00
1.12304099559e+00
1.12351312699e+00
1.12262517131e+00
1.12290639189e+00
1.12282478304e+00
1.12260369835e+00
1.12312252647e+00
1.12180746829e+00
1.12270732636e+00
1.12287920181e+00
1.12239975635e+00
1.12303429190e+00
1.12335512910e+00
1.12270838918e+00
1.12309605450e+00
1.12278093824e+00
1.12321253184e+00
1.12271535277e+00
1.12247922695e+00
1.12255865707e+00
1.12299203036e+00
1.12355898588e+00
1.12214981374e+00
1.12250193757e+00
1.12251623775e+00
1.12253978064e+00
1.12253541900e+00
1.12237689555e+00
1.12287573704e+00
1.12308810783e+00
1.12282267363e+00
1.12226703101e+00
1.12296846957e+00
1.12241970608e+00
1.12319719756e+00
1.12267779413e+00
1.12267417760e+00
1.12289625128e+00
1.12273788239e+00
1.12296737163e+00
1.12276486520e+00
1.12241942116e+00
1.12198127929e+00
1.12274008002e+00
1.12254500154e+00
1.12307199895e+00
1.12313063017e+00
1.12348500170e+00
1.12260906651e+00
1.12304645659e+00
1.12308902538e+00
1.12215175644e+00
1.12321644242e+00
1.12317200100e+00
1.12262866729e+00
1.12323365566e+00
1.12266845918e+00
1.12308946139e+00
1.12285601999e+00
1.12270051129e+00
1.12254522930e+00
1.12285671172e+00
1.12316391408e+00
1.12250437090e+00
1.12240370013e+00
1.12269835781e+00
1.12214707069e+00
1.12225960610e+00
1.12223508286e+00
1.12293507811e+00
1.12236252900e+00
1.12314585179e+00
1.12297629066e+00
1.12225507076e+00
1.12222521184e+00
1.12278764007e+00
1.12242954989e+00
1.12312136616e+00
1.12240877932e+00
1.12307505114e+00
1.12303863438e+00
1.12272793958e+00
1.12290468008e+00
1.12235624834e+00
1.12223666232e+00
1.12313699713e+00
1.12282205430e+00
1.12199821836e+00
1.12284614227e+00
1.12256351912e+00
1.12320574809e+00
1.12385792881e+00
1.12351135185e+00
1.12243269938e+00
1.12253295206e+00
1.12247064789e+00
1.12315829605e+00
1.12288840131e+00
1.12311925760e+00
1.12179603004e+00
1.12250616566e+00
1.12235489910e+00
1.12219744820e+00
1.12294846748e+00
1.12274477737e+00
1.12285303694e+00
1.12243083758e+00
1.12193653029e+00
1.12360414644e+00
1.12287237127e+00
1.12381665598e+00
1.12262715423e+00
1.12232837303e+00
1.12272974794e+00
1.12228386070e+00
1.12274568185e+00
1.12243698342e+00
1.12330502524e+00
1.12291151741e+00
1.12240042034e+00
1.12292648994e+00
1.12293980309e+00
1.12288071097e+00
1.12253651995e+00
1.12300656905e+00
1.12298457600e+00
1.12229450044e+00
1.12274529704e+00
1.12267699125e+00
1.12264471594e+00
1.12276005151e+00
1.12260697098e+00
1.12315277294e+00
1.12357004450e+00
1.12332436950e+00
1.12248858917e+00
1.12369532837e+00
1.12297124871e+00
1.12280363617e+00
1.12381470558e+00
1.12350200468e+00
1.12295412408e+00
1.12214600795e+00
1.12206032550e+00
1.12282973186e+00
1.12222581166e+00
1.12337182035e+00
1.12311490509e+00
1.12274155902e+00
1.12252541622e+00
1.12239507762e+00
1.12276990337e+00
1.12246132714e+00
1.12278597691e+00
1.12274971670e+00
1.12381456020e+00
1.12201663584e+00
1.12248868415e+00
1.12266913040e+00
1.12243064630e+00
1.12293595044e+00
1.12299922381e+00
1.12268783846e+00
1.12271119111e+00
1.12230850124e+00
1.12247444747e+00
1.12260857297e+00
1.12315585977e+00
1.12317205166e+00
1.12285743943e+00
1.12320490764e+00
1.12309205315e+00
1.12251421568e+00
1.12251064261e+00
1.12275462357e+00
1.12187081605e+00
1.12300997074e+00
1.12301804008e+00
1.12291621383e+00
1.12381489156e+00
1.12245983652e+00
1.12245713864e+00
1.12322801296e+00
1.12292855702e+00
1.12354773538e+00
1.12290120806e+00
1.12311423371e+00
1.12302054475e+00
1.12280716322e+00
1.12306179747e+00
1.12288664427e+00
1.12292223913e+00
1.12282013338e+00
1.12298659837e+00
1.12327127885e+00
1.12214598187e+00
1.12254161981e+00
1.12243120333e+00
1.12331336898e+00
1.12321518650e+00
1.12326407988e+00
1.12337306933e+00
1.12292715843e+00
1.12231894771e+00
1.12328763927e+00
1.12314430860e+00
1.12386789120e+00
1.12235229692e+00
1.12310584734e+00
1.12270904381e+00
1.12281488187e+00
1.12249702155e+00
1.12282006487e+00
1.12191566363e+00
1.12350471730e+00
1.12299004202e+00
1.12287833380e+00
1.12202568256e+00
1.12282898098e+00
1.12232085090e+00
1.12245169648e+00
1.12303591360e+00
1.12314146446e+00
1.12286948791e+00
1.12296923942e+00
1.12253225517e+00
1.12253637502e+00
1.12312715758e+00
1.12180046080e+00
1.12286512393e+00
1.12347021596e+00
1.12279551568e+00
1.12281704205e+00
1.12277601059e+00
1.12203589794e+00
1.12281113107e+00
1.12314914284e+00
1.12324795943e+00
1.12271005114e+00
1.12334001935e+00
1.12294833285e+00
1.12244784300e+00
1.12266458850e+00
1.12272517934e+00
1.12272683215e+00
1.12345508044e+00
1.12271879883e+00
1.12217183666e+00
1.12229629617e+00
1.12277742457e+00
1.12325787087e+00
1.12269288710e+00
1.12318447537e+00
1.12227541790e+00
1.12274844765e+00
1.12297439434e+00
1.12293607011e+00
1.12313235737e+00
1.12265072168e+00
1.12288321747e+00
1.12258516043e+00
1.12293952388e+00
1.12261245415e+00
1.12301768936e+00
1.12166765690e+00
1.12261961533e+00
1.12189167760e+00
1.12240204628e+00
1.12337820543e+00
1.12323287999e+00
1.12318506216e+00
1.12290031347e+00
1.12317354409e+00
1.12248450653e+00
1.12321972835e+00
1.12301348822e+00
1.12337869694e+00
1.12291040003e+00
1.12257280213e+00
1.12327689419e+00
1.12311647903e+00
1.12247651138e+00
1.12246224822e+00
1.12249387466e+00
1.12311158547e+00
1.12267234331e+00
1.12283264904e+00
1.12266908651e+00
1.12331207237e+00
1.12297425525e+00
1.12269203407e+00
1.12289624288e+00
1.12335211343e+00
1.12244417843e+00
1.12214519637e+00
1.12316599886e+00
1.12305973043e+00
1.12347032079e+00
1.12270906216e+00
1.12290271323e+00
1.12302412978e+00
1.12299137629e+00
1.12298314639e+00
1.12282288538e+00
1.12270729705e+00
1.12352634362e+00
1.12321003964e+00
1.12357228161e+00
1.12309302678e+00
1.12313601816e+00
1.12290060199e+00
1.12225934079e+00
1.12305051528e+00
1.12240620366e+00
1.12317197905e+00
1.12304892512e+00
1.12313727865e+00
1.12248626918e+00
1.12260766253e+00
1.12302754637e+00
1.12272403438e+00
1.12219281641e+00
1.12229470225e+00
1.12299415155e+00
1.12325235431e+00
1.12280973120e+00
1.12346505341e+00
1.12228220409e+00
1.12260090487e+00
1.12360016241e+00
1.12248920400e+00
1.12204209601e+00
1.12267658602e+00
1.12313981543e+00
1.12335666714e+00
1.12349880984e+00
1.12304743949e+00
1.12316915883e+00
1.12291661049e+00
1.12217348213e+00
1.12314516709e+00
1.12293158890e+00
1.12273687053e+00
1.12242801117e+00
1.12260107922e+00
1.12246066472e+00
1.12288881237e+00
1.12283552434e+00