1.16494432851e+00
1.16497429166e+00
1.16521127273e+00
1.16523914824e+00
1.16508020401e+00
1.16511993796e+00
1.16492101198e+00
1.16522760295e+00
1.16517297374e+00
1.16526493185e+00
1.16518905767e+00
1.16504995358e+00
1.16514021217e+00
1.16511559769e+00
1.16497351352e+00
1.16510599731e+00
1.16501995978e+00
1.16493658064e+00
1.16510669264e+00
1.16499984171e+00
1.16521309071e+00
1.16512422894e+00
1.16516995494e+00
1.16509288360e+00
1.16511719248e+00
1.16499395334e+00
1.16504360838e+00
1.16504609086e+00
1.16526362942e+00
1.16495674439e+00
1.16500239793e+00
1.16504429972e+00
1.16502782340e+00
1.16487370350e+00
1.16509419151e+00
1.16497086675e+00
1.16531280030e+00
1.16516699476e+00
1.16524725794e+00
1.16491300383e+00
1.16517744433e+00
1.16503499977e+00
1.16506922376e+00
1.16501417920e+00
1.16501754748e+00
1.16521349638e+00
1.16516263423e+00
1.16510211222e+00
1.16510192372e+00
1.16506017090e+00
1.16502576956e+00
1.16515685272e+00
1.16495328731e+00
1.16519709705e+00
1.16512571032e+00
1.16512244705e+00
1.16529334787e+00
1.16512741477e+00
1.16502895920e+00
1.16515754094e+00
1.16516786019e+00
1.16505669771e+00
1.16507266547e+00
1.16506390594e+00
1.16514078648e+00
1.16511828074e+00
1.16504000267e+00
1.16514442316e+00
1.16503566962e+00
1.16499620161e+00
1.16502587450e+00
1.16517565415e+00
1.16515841086e+00
1.16499049794e+00
1.16481325592e+00
1.16485202373e+00
1.16492367447e+00
1.16509659930e+00
1.16511741535e+00
1.16506887237e+00
1.16505558719e+00
1.16510075381e+00
1.16501678601e+00
1.16497515217e+00
1.16506944141e+00
1.16497354949e+00
1.16496582575e+00
1.16514175895e+00
1.16506810372e+00
1.16488511026e+00
1.16503708089e+00
1.16509409757e+00
1.16509677867e+00
1.16506743889e+00
1.16510914111e+00
1.16504213756e+00
1.16512245278e+00
1.16506786198e+00
1.16507996418e+00
1.16525127646e+00
1.16498052242e+00
1.16518885989e+00
1.16506288730e+00
1.16509082994e+00
1.16510519677e+00
1.16499591548e+00
1.16509548103e+00
1.16473552697e+00
1.16495327584e+00
1.16519624479e+00
1.16503867083e+00
1.16492473214e+00
1.16491846407e+00
1.16534190576e+00
1.16517596113e+00
1.16510719294e+00
1.16524129332e+00
1.16522196508e+00
1.16513280649e+00
1.16515415471e+00
1.16501242479e+00
1.16483451870e+00
1.16481983897e+00
1.16521309696e+00
1.16500347988e+00
1.16545760416e+00
1.16511735189e+00
1.16516302696e+00
1.16511120221e+00
1.16510199954e+00
1.16537922537e+00
1.16521508659e+00
1.16495290014e+00
1.16497497279e+00
1.16502195056e+00
1.16485693172e+00
1.16477196833e+00
1.16524777765e+00
1.16497373696e+00
1.16501890698e+00
1.16534856221e+00
1.16494796579e+00
1.16508895825e+00
1.16516266795e+00
1.16499455310e+00
1.16500384171e+00
1.16519798896e+00
1.16514206838e+00
1.16530127797e+00
1.16497410773e+00
1.16511704446e+00
1.16528335605e+00
1.16509477274e+00
1.16518214189e+00
1.16533730729e+00
1.16492581279e+00
1.16494479386e+00
1.16496699916e+00
1.16506120334e+00
1.16508380656e+00
1.16509326382e+00
1.16525278154e+00
1.16510694197e+00
1.16501157574e+00
1.16505861109e+00
1.16513891864e+00
1.16510505825e+00
1.16508190548e+00
1.16493177602e+00
1.16481343087e+00
1.16500775289e+00
1.16511615099e+00
1.16512536618e+00
1.16537412478e+00
1.16510280594e+00
1.16496498754e+00
1.16501543730e+00
1.16492325189e+00
1.16500592935e+00
1.16505666491e+00
1.16496536889e+00
1.16499124300e+00
1.16498418850e+00
1.16519356272e+00
1.16481884380e+00
1.16517400614e+00
1.16512743977e+00
1.16484984457e+00
1.16525150135e+00
1.16515835977e+00
1.16517753077e+00
1.16508434167e+00
1.16487477844e+00
1.16494427584e+00
1.16518768649e+00
1.16507005001e+00
1.16514301636e+00
1.16506736509e+00
1.16508568763e+00
1.16495892904e+00
1.16488498270e+00
1.16509657306e+00
1.16541306075e+00
1.16484657025e+00
1.16508507366e+00
1.16515688762e+00
1.16513185254e+00
1.16486659735e+00
1.16513147421e+00
1.16534558816e+00
1.16505736857e+00
1.16491120298e+00
1.16524190493e+00
1.16507403892e+00
1.16498903149e+00
1.16510930315e+00
1.16495189656e+00
1.16489609404e+00
1.16490420768e+00
1.16512345644e+00
1.16508350833e+00
1.16532801911e+00
1.16509982424e+00
1.16499609394e+00
1.16512381994e+00
1.16482384452e+00
1.16499938264e+00
1.16503519273e+00
1.16518188126e+00
1.16493075221e+00
1.16510630727e+00
1.16532611038e+00
1.16522006085e+00
1.16507339465e+00
1.16508202811e+00
1.16501552366e+00
1.16526516464e+00
1.16515258117e+00
1.16506817220e+00
1.16510557523e+00
1.16496156228e+00
1.16510032459e+00
1.16517483742e+00
1.16507186163e+00
1.16510788234e+00
1.16523253175e+00
1.16502227507e+00
1.16512051736e+00
1.16526394343e+00
1.16492677756e+00
1.16497736707e+00
1.16516379786e+00
1.16521144120e+00
1.16496116622e+00
1.16530305442e+00
1.16531067814e+00
1.16506955194e+00
1.16502712625e+00
1.16478635302e+00
1.16504474362e+00
1.16520992889e+00
1.16519563934e+00
1.16506562413e+00
1.16517668736e+00
1.16520115988e+00
1.16523128473e+00
1.16497997331e+00
1.16512556032e+00
1.16515270451e+00
1.16491794207e+00
1.16503091607e+00
1.16502708925e+00
1.16509159875e+00
1.16505522117e+00
1.16485833307e+00
1.16497111074e+00
1.16509304991e+00
1.16524728603e+00
1.16497671361e+00
1.16485640436e+00
1.16501685280e+00
1.16503029085e+00
1.16506713542e+00
1.16514626508e+00
1.16537733973e+00
1.16486067087e+00
1.16500343466e+00
1.16525630357e+00
1.16472919715e+00
1.16511931296e+00
1.16512450321e+00
1.16512567969e+00
1.16503688387e+00
1.16505297338e+00
1.16513669437e+00
1.16520739035e+00
1.16478770659e+00
1.16510479126e+00
1.16505107442e+00
1.16503028620e+00
1.16504845777e+00
1.16501015509e+00
1.16512527861e+00
1.16497426141e+00
1.16515964670e+00
1.16503380808e+00
1.16502816761e+00
1.16511196158e+00
1.16520206101e+00
1.16517613953e+00
1.16497105403e+00
1.16510830444e+00
1.16513092531e+00
1.16504684487e+00
1.16504015715e+00
1.16520054863e+00
1.16509384417e+00
1.16513557499e+00
1.16508494135e+00
1.16503742094e+00
1.16519607510e+00
1.16502279994e+00
1.16516857679e+00
1.16516366233e+00
1.16506624960e+00
1.16518797967e+00
1.16491027634e+00
1.16492235907e+00
1.16489095001e+00
1.16507611935e+00
1.16499577757e+00
1.16494825033e+00
1.16499715429e+00
1.16510534075e+00
1.16507542195e+00
1.16517092262e+00
1.16500054377e+00
1.16499978973e+00
1.16509411445e+00
1.16518577579e+00
1.16500590460e+00
1.16503019999e+00
1.16500300439e+00
1.16509536696e+00
1.16496469962e+00
1.16504577879e+00
1.16493313886e+00
1.16522650485e+00
1.16489895776e+00
1.16519739462e+00
1.16521758773e+00
1.16512943678e+00
1.16519734455e+00
1.16526000782e+00
1.16507938636e+00
1.16501460184e+00
1.16500130284e+00
1.16495257299e+00
1.16487163057e+00
1.16504909575e+00
1.16515456727e+00
1.16509750779e+00
1.16509015720e+00
1.16511796411e+00
1.16510120025e+00
1.16513302313e+00
1.16489891546e+00
1.16516287985e+00
1.16523447330e+00
1.16502013285e+00
1.16486761238e+00
1.16502631718e+00
1.16513723084e+00
1.16488224251e+00
1.16499747377e+00
1.16519168962e+00
1.16507234248e+00
1.16539172084e+00
1.16518773905e+00
1.16514477077e+00
1.16505328511e+00
1.16501161201e+00
1.16486514564e+00
1.16512764870e+00
1.16501003992e+00
1.16517636389e+00
1.16498109877e+00
1.16499042413e+00
1.16498246020e+00
1.16518305696e+00
1.16505633984e+00
1.16521458931e+00
1.16486126994e+00
1.16496093725e+00
1.16495200400e+00
1.16503578461e+00
1.16530764723e+00
1.16521879519e+00
1.16532793439e+00
1.16521599077e+00
1.16508106776e+00
1.16519637302e+00
1.16515353882e+00
1.16492135512e+00
1.16512716279e+00
1.16525244409e+00
1.16505874761e+00
1.16496660990e+00
1.16498361031e+00
1.16506240191e+00
1.16510363873e+00
1.16524199410e+00
1.16505095657e+00
1.16514715627e+00
1.16512312062e+00
1.16504032602e+00
1.16496041976e+00
1.16531161337e+00
1.16513111085e+00
1.16506443114e+00
1.16485123288e+00
1.16504832266e+00
1.16488397687e+00
1.16541081263e+00
1.16520959812e+00
1.16521881404e+00
1.16508604538e+00
1.16487957917e+00
1.16517857246e+00
1.16512942939e+00
1.16532827922e+00
1.16509010523e+00
1.16515315526e+00
1.16501967982e+00
1.16497506383e+00
1.16521832440e+00
1.16527388955e+00
1.16512536127e+00
1.16509090173e+00
1.16523938541e+00
1.16528995056e+00
1.16528790107e+00
1.16510998963e+00
1.16497293429e+00
1.16500126137e+00
1.16506003759e+00
1.16500913336e+00
1.16512273732e+00
1.16502683981e+00
1.16506522800e+00
1.16507882169e+00
1.16519532265e+00
1.16529393871e+00
1.16509178729e+00
1.16518118994e+00
1.16516984249e+00
1.16516217201e+00
1.16480442701e+00
1.16518280085e+00
1.16514400560e+00
1.16515363285e+00
1.16515225576e+00
1.16511767648e+00
1.16517780744e+00
1.16485073016e+00
1.16528992244e+00
1.16504204705e+00
1.16498471452e+00
1.16494402486e+00
1.16502444750e+00
1.16524151437e+00
1.16501047393e+00
1.16488806954e+00
1.16500391913e+00
1.16540330743e+00
1.16504247882e+00
1.16489931291e+00
1.16517196371e+00
1.16510692935e+00
1.16531290423e+00
1.16513151474e+00
1.16511131669e+00
1.16499144419e+00
1.16521938481e+00
1.16523486883e+00
1.16506156711e+00
1.16528901217e+00
1.16499823925e+00
1.16523415480e+00
1.16523481118e+00
1.16502898292e+00
1.16506097480e+00
1.16505648907e+00
1.16509680228e+00
1.16515433719e+00
1.16521241166e+00
1.16518344947e+00
1.16519853323e+00
1.16505376920e+00
1.16496565965e+00
1.16508494582e+00