5.82321215856e+00
5.82510399776e+00
5.82444243726e+00
5.82586595930e+00
5.82376159345e+00
5.82488217120e+00
5.82196431595e+00
5.82587659193e+00
5.82490497949e+00
5.82251545383e+00
5.82588864555e+00
5.82517011628e+00
5.82607507385e+00
5.82453834731e+00
5.82631056555e+00
5.82353314702e+00
5.82188871801e+00
5.82369615598e+00
5.82449357400e+00
5.82438635384e+00
5.82470123405e+00
5.82284060951e+00
5.82602184737e+00
5.82584505532e+00
5.82317825623e+00
5.82381341087e+00
5.82514262068e+00
5.82356184691e+00
5.82466601228e+00
5.82447381032e+00
5.82450098682e+00
5.82576058149e+00
5.82313606656e+00
5.82304812745e+00
5.82562875653e+00
5.82574188805e+00
5.82758456521e+00
5.82490131856e+00
5.82459511613e+00
5.82525106208e+00
5.82352573364e+00
5.82485733641e+00
5.82721801518e+00
5.82641863325e+00
5.82462821192e+00
5.82519009547e+00
5.82653679101e+00
5.82236120638e+00
5.82429727594e+00
5.82364377525e+00
5.82269027237e+00
5.82439531079e+00
5.82339531484e+00
5.82658339401e+00
5.82469414433e+00
5.82420957781e+00
5.82639367501e+00
5.82633579428e+00
5.82580665588e+00
5.82609182595e+00
5.82399206289e+00
5.82734943718e+00
5.82502964316e+00
5.82502571516e+00
5.82597217686e+00
5.82491846070e+00
5.82468480208e+00
5.82815510653e+00
5.82513933752e+00
5.82902976144e+00
5.82459013537e+00
5.82677537985e+00
5.82467575793e+00
5.82408380163e+00
5.82262448032e+00
5.82420669079e+00
5.82339013109e+00
5.82723292036e+00
5.82579576157e+00
5.82283039693e+00
5.82444802810e+00
5.82599792094e+00
5.82311545762e+00
5.82271264734e+00
5.82715239858e+00
5.82745074984e+00
5.82551486052e+00
5.82487166873e+00
5.82551277534e+00
5.82483403267e+00
5.82386303336e+00
5.82291273431e+00
5.82372116637e+00
5.82565661534e+00
5.82575443789e+00
5.82411310454e+00
5.82385941913e+00
5.82690038641e+00
5.82302723173e+00
5.82479786899e+00
5.82480988705e+00
5.82440666625e+00
5.82331576022e+00
5.82580871593e+00
5.82737300970e+00
5.82539317010e+00
5.82639006949e+00
5.82380704630e+00
5.82665587619e+00
5.82283612979e+00
5.82387810167e+00
5.82492376182e+00
5.82657718081e+00
5.82487940759e+00
5.82506968243e+00
5.82688577502e+00
5.82652767185e+00
5.82621368581e+00
5.82468154622e+00
5.82654843741e+00
5.82346649951e+00
5.82385200158e+00
5.82321593994e+00
5.82803909048e+00
5.82319261139e+00
5.82510344558e+00
5.82466315554e+00
5.82574645680e+00
5.82469338510e+00
5.82315191023e+00
5.82269273251e+00
5.82894031635e+00
5.82391948937e+00
5.82409486170e+00
5.82460790611e+00
5.82523107986e+00
5.82561246530e+00
5.82348944438e+00
5.82363295344e+00
5.82273476876e+00
5.82523776923e+00
5.82192490258e+00
5.82370997759e+00
5.82400954172e+00
5.82434810992e+00
5.82338608213e+00
5.82357914365e+00
5.82218944596e+00
5.82630250800e+00
5.82604026063e+00
5.82471824089e+00
5.82553359476e+00
5.82597106198e+00
5.82652415661e+00
5.82516797300e+00
5.82418997872e+00
5.82144859424e+00
5.82419870590e+00
5.82505633623e+00
5.82368181367e+00
5.82409884887e+00
5.82627595653e+00
5.82533784525e+00
5.82276435326e+00
5.82590923024e+00
5.82424836305e+00
5.82561912026e+00
5.82527705256e+00
5.82320886388e+00
5.82478754924e+00
5.82497484915e+00
5.82462482029e+00
5.82440472924e+00
5.82404460079e+00
5.82411572181e+00
5.82781558997e+00
5.82273841076e+00
5.82549540075e+00
5.82379850290e+00
5.82374376266e+00
5.82416809795e+00
5.82561972958e+00
5.82298616335e+00
5.82606723153e+00
5.82255467187e+00
5.82533148578e+00
5.82451838573e+00
5.82323570007e+00
5.82586266583e+00
5.82465127592e+00
5.82502407767e+00
5.82434547249e+00
5.82507300458e+00
5.82538338111e+00
5.82465632754e+00
5.82544177844e+00
5.82401396658e+00
5.82396477534e+00
5.82354021228e+00
5.82302402249e+00
5.82648149476e+00
5.82307710310e+00
5.82659920049e+00
5.82224641013e+00
5.82218197356e+00
5.82361654411e+00
5.82405937973e+00
5.82198050965e+00
5.82291558270e+00
5.82720583630e+00
5.82472875866e+00
5.82558055041e+00
5.82460519613e+00
5.82393452734e+00
5.82373776260e+00
5.82421421240e+00
5.82275180111e+00
5.82518648640e+00
5.82389933164e+00
5.82433662765e+00
5.82510800181e+00
5.82643708161e+00
5.82235893034e+00
5.82539891378e+00
5.82518332141e+00
5.82322597210e+00
5.82400354961e+00
5.82450755789e+00
5.82493599657e+00
5.82328898338e+00
5.82482013952e+00
5.82728423519e+00
5.82473689232e+00
5.82397839392e+00
5.82259859649e+00
5.82776736386e+00
5.82713804865e+00
5.82444080411e+00
5.82279664557e+00
5.82487937193e+00
5.82558259843e+00
5.82325111860e+00
5.82514082343e+00
5.82396941892e+00
5.82486445433e+00
5.82434717374e+00
5.82508349440e+00
5.82439533026e+00
5.82457418929e+00
5.82444022961e+00
5.82503721909e+00
5.82553626612e+00
5.82649834468e+00
5.82324228794e+00
5.82547232702e+00
5.82456058749e+00
5.82235667789e+00
5.82616989241e+00
5.82468618437e+00
5.82371848624e+00
5.82404649668e+00
5.82458962178e+00
5.82412471785e+00
5.82457113128e+00
5.82360259002e+00
5.82682265742e+00
5.82523037041e+00
5.82426456591e+00
5.82599720694e+00
5.82629687919e+00
5.82411339454e+00
5.82438487441e+00
5.82227774120e+00
5.82441567464e+00
5.82391082689e+00
5.82408978755e+00
5.82312700367e+00
5.82639422145e+00
5.82287280081e+00
5.82331791361e+00
5.82524144822e+00
5.82577731869e+00
5.82245796839e+00
5.82142658010e+00
5.82622541207e+00
5.82077136961e+00
5.82448536972e+00
5.82529843523e+00
5.82175231856e+00
5.82233443652e+00
5.82500549322e+00
5.82559058654e+00
5.82344678806e+00
5.82428886067e+00
5.82548104738e+00
5.82593365966e+00
5.82437383105e+00
5.82456131634e+00
5.82639053780e+00
5.82002425382e+00
5.82616555105e+00
5.82400929827e+00
5.82477481134e+00
5.82498817260e+00
5.82539619676e+00
5.82300998010e+00
5.82547776863e+00
5.82347042145e+00
5.82295241219e+00
5.82498135531e+00
5.82416652070e+00
5.82270118650e+00
5.82578402956e+00
5.82538389975e+00
5.82238993828e+00
5.82610374120e+00
5.82644178721e+00
5.82412502932e+00
5.82578765943e+00
5.82359267847e+00
5.82658749116e+00
5.82351716712e+00
5.82427646966e+00
5.82440787782e+00
5.82370617998e+00
5.82311110571e+00
5.82752768027e+00
5.82280019655e+00
5.82404236294e+00
5.82617212913e+00
5.82678911060e+00
5.82601502239e+00
5.82369186942e+00
5.82391057573e+00
5.82494543139e+00
5.82153629411e+00
5.82170862405e+00
5.82585349528e+00
5.82486178713e+00
5.82403464714e+00
5.82390043438e+00
5.82745801024e+00
5.82611101448e+00
5.82454677821e+00
5.82240554428e+00
5.81935240457e+00
5.82361470024e+00
5.82311185697e+00
5.82594052722e+00
5.82415197663e+00
5.82788728388e+00
5.82460228348e+00
5.82478376257e+00
5.82606046886e+00
5.82715071946e+00
5.82535425980e+00
5.82202932118e+00
5.82258450661e+00
5.82252884172e+00
5.82425328851e+00
5.82482623566e+00
5.82552670142e+00
5.82486159552e+00
5.82654521310e+00
5.82620131495e+00
5.82351998832e+00
5.82271985862e+00
5.82432452194e+00
5.82596902324e+00
5.82258360596e+00
5.82485282040e+00
5.82514755909e+00
5.82509378594e+00
5.82353227699e+00
5.82289302728e+00
5.82620655233e+00
5.82522240839e+00
5.82515142234e+00
5.82335921824e+00
5.82261424984e+00
5.82090372034e+00
5.82589416361e+00
5.82466036905e+00
5.82612366296e+00
5.82152143027e+00
5.82641748170e+00
5.82235947126e+00
5.82433886568e+00
5.82491348810e+00
5.82633969420e+00
5.82725258999e+00
5.82319874806e+00
5.82550899634e+00
5.82512677600e+00
5.82504625017e+00
5.82197983008e+00
5.82552336781e+00
5.82205988866e+00
5.82364126003e+00
5.82375538854e+00
5.82226138123e+00
5.82233022134e+00
5.82369407204e+00
5.82222889644e+00
5.82397512753e+00
5.82501841595e+00
5.82447894632e+00
5.82691212601e+00
5.82387548779e+00
5.82296330043e+00
5.82390068129e+00
5.82126656664e+00
5.82749201401e+00
5.82471146737e+00
5.82434040384e+00
5.82598828111e+00
5.82393436311e+00
5.82677628378e+00
5.82364523704e+00
5.82571130219e+00
5.82577451040e+00
5.82616847446e+00
5.82227778965e+00
5.82721287375e+00
5.82467978265e+00
5.82469222143e+00
5.82605328361e+00
5.82369992963e+00
5.82473863193e+00
5.82609835919e+00
5.82531730447e+00
5.82342595685e+00
5.82665259870e+00
5.82708925961e+00
5.82323294166e+00
5.82391727846e+00
5.82680267568e+00
5.82413803489e+00
5.82343197594e+00
5.82751358901e+00
5.82489610417e+00
5.82782229159e+00
5.82550624725e+00
5.82344754357e+00
5.82577611082e+00
5.82195328934e+00
5.82513736389e+00
5.82453741955e+00
5.82686386167e+00
5.82644196691e+00
5.82550718886e+00
5.82610709347e+00
5.82439636638e+00
5.82514288075e+00
5.82436034874e+00
5.82309198571e+00
5.82593324942e+00
5.82424109978e+00
5.82403891138e+00
5.82694297863e+00
5.82779438631e+00
5.82420349976e+00
5.82576580778e+00
5.82535379149e+00
5.82544585422e+00
5.82384310773e+00
5.82842272519e+00
5.82334051842e+00
5.82459461582e+00
5.82439859699e+00
5.82412023914e+00
5.82464901467e+00
5.82478817384e+00
5.82162536474e+00
5.82557407844e+00
5.82412985456e+00
5.82382938481e+00
5.82688547835e+00
5.82565872914e+00
5.82305537577e+00
5.82459725758e+00
5.82237373994e+00
5.82550059000e+00
5.82017131889e+00
5.82212908403e+00
5.82467124273e+00
5.82573438356e+00
5.82334305295e+00
5.82832937354e+00
5.82679537798e+00
5.82493520648e+00
5.82419237198e+00
5.82396061263e+00
5.82389344456e+00
5.82551506575e+00
5.82458187711e+00
5.82619293891e+00
5.82625190384e+00
5.82340319953e+00
5.82421034444e+00
5.82474717076e+00