-2.77106361796e+00
-2.76998266877e+00
-2.77186806488e+00
-2.77200555380e+00
-2.77084931301e+00
-2.77070721070e+00
-2.77132782025e+00
-2.77055349241e+00
-2.76964703425e+00
-2.77155235768e+00
-2.77050415423e+00
-2.76933003132e+00
-2.77027721717e+00
-2.76918241979e+00
-2.76985583004e+00
-2.76935987279e+00
-2.77095032363e+00
-2.77121903030e+00
-2.77096482459e+00
-2.76967838734e+00
-2.76920075036e+00
-2.77036616016e+00
-2.76883783739e+00
-2.77055526234e+00
-2.77020318088e+00
-2.77121040179e+00
-2.77129823386e+00
-2.77236596715e+00
-2.76984274834e+00
-2.77006372600e+00
-2.77027700462e+00
-2.76977458092e+00
-2.77087770531e+00
-2.77173197034e+00
-2.77022854376e+00
-2.77105606698e+00
-2.77115035884e+00
-2.76995185037e+00
-2.77104876422e+00
-2.77118825978e+00
-2.77110464745e+00
-2.77085576973e+00
-2.76949523127e+00
-2.77019396541e+00
-2.77178724713e+00
-2.77181574842e+00
-2.77009992237e+00
-2.77003149964e+00
-2.77048905252e+00
-2.76980523696e+00
-2.76981364160e+00
-2.77021774977e+00
-2.77162484751e+00
-2.77041044417e+00
-2.77115050812e+00
-2.77038724785e+00
-2.76915793663e+00
-2.77082841233e+00
-2.77087922574e+00
-2.76975035662e+00
-2.77090432105e+00
-2.76981058897e+00
-2.77075490428e+00
-2.77083008055e+00
-2.77029357685e+00
-2.77019163964e+00
-2.77029447666e+00
-2.77082079994e+00
-2.76948288137e+00
-2.77142428490e+00
-2.77075605459e+00
-2.77126375848e+00
-2.77045800463e+00
-2.77108672121e+00
-2.77082681317e+00
-2.77026079536e+00
-2.77024769595e+00
-2.77056294077e+00
-2.76860972236e+00
-2.77037636264e+00
-2.77055989701e+00
-2.77111473865e+00
-2.76925220729e+00
-2.77125485991e+00
-2.77026441527e+00
-2.76998180538e+00
-2.77208975959e+00
-2.77162192887e+00
-2.77046398194e+00
-2.77115140033e+00
-2.76953853981e+00
-2.77006377450e+00
-2.77117350561e+00
-2.77152969563e+00
-2.77119008570e+00
-2.77084850989e+00
-2.77059666471e+00
-2.77134320307e+00
-2.77077574150e+00
-2.77003414901e+00
-2.77011139388e+00
-2.76963565975e+00
-2.77039400388e+00
-2.77132593906e+00
-2.77187539587e+00
-2.77175588674e+00
-2.77041971624e+00
-2.77203823103e+00
-2.76957201180e+00
-2.77113409111e+00
-2.77107401196e+00
-2.77181328983e+00
-2.77204172574e+00
-2.77030863853e+00
-2.77158277998e+00
-2.76975926824e+00
-2.77044534019e+00
-2.76979420526e+00
-2.77001237816e+00
-2.76894361754e+00
-2.77076448425e+00
-2.76994280158e+00
-2.77055777202e+00
-2.77166047002e+00
-2.77074224476e+00
-2.76975228495e+00
-2.76969647484e+00
-2.77133553975e+00
-2.77020231981e+00
-2.77185445515e+00
-2.76971008790e+00
-2.77073789444e+00
-2.76914907789e+00
-2.77162169107e+00
-2.77074523229e+00
-2.77059680136e+00
-2.77128069017e+00
-2.77109814700e+00
-2.77213210497e+00
-2.77102434784e+00
-2.76985475110e+00
-2.76989762842e+00
-2.77066703939e+00
-2.77103111986e+00
-2.77085672743e+00
-2.76928914636e+00
-2.77156553553e+00
-2.77049358676e+00
-2.77005753462e+00
-2.77052217421e+00
-2.77061715151e+00
-2.76996708503e+00
-2.77001170957e+00
-2.77040141699e+00
-2.77032202014e+00
-2.77023995248e+00
-2.76991730759e+00
-2.77011637787e+00
-2.77019962535e+00
-2.77117224143e+00
-2.77027596995e+00
-2.77023851260e+00
-2.77011168586e+00
-2.76986982798e+00
-2.76999705815e+00
-2.77169062142e+00
-2.77008342258e+00
-2.77102306420e+00
-2.76979213643e+00
-2.77171153524e+00
-2.77102390484e+00
-2.77067386802e+00
-2.77100094244e+00
-2.77020001565e+00
-2.77048590659e+00
-2.77071489391e+00
-2.77093142122e+00
-2.77084312702e+00
-2.77108395738e+00
-2.77106995182e+00
-2.77137483721e+00
-2.77184112859e+00
-2.77021229550e+00
-2.76968530414e+00
-2.77012034687e+00
-2.77088644495e+00
-2.76958754040e+00
-2.77034402497e+00
-2.77141035466e+00
-2.77114211261e+00
-2.77062723811e+00
-2.76912374888e+00
-2.77054478156e+00
-2.77030171463e+00
-2.77050973273e+00
-2.76971540245e+00
-2.77015439876e+00
-2.76995990692e+00
-2.77159792170e+00
-2.76974369899e+00
-2.77094799111e+00
-2.77103764405e+00
-2.77086391980e+00
-2.77024022064e+00
-2.76857357226e+00
-2.77018424141e+00
-2.76977577224e+00
-2.77053106050e+00
-2.76930878693e+00
-2.76946858707e+00
-2.77052443923e+00
-2.77079971948e+00
-2.77020167151e+00
-2.77031700821e+00
-2.77108129191e+00
-2.77068301554e+00
-2.77005446544e+00
-2.76927236063e+00
-2.76969193744e+00
-2.76931963099e+00
-2.77004877370e+00
-2.77058466667e+00
-2.77050172847e+00
-2.77149178867e+00
-2.77185362885e+00
-2.77070906541e+00
-2.77101270656e+00
-2.76976568335e+00
-2.77062965814e+00
-2.77010341569e+00
-2.77121055493e+00
-2.77003853561e+00
-2.77048015072e+00
-2.77019329851e+00
-2.77029776136e+00
-2.77175805195e+00
-2.77025913394e+00
-2.77109551441e+00
-2.77192249580e+00
-2.77141127860e+00
-2.77039354919e+00
-2.77177349094e+00
-2.77147832804e+00
-2.77042678338e+00
-2.77050427581e+00
-2.77123274782e+00
-2.77025438931e+00
-2.76992624309e+00
-2.77087995730e+00
-2.76994826542e+00
-2.77097895428e+00
-2.77045371476e+00
-2.77030757715e+00
-2.76958930700e+00
-2.77078995472e+00
-2.77124644349e+00
-2.77080677050e+00
-2.77125636842e+00
-2.77095206596e+00
-2.77105655007e+00
-2.77131476934e+00
-2.77077658557e+00
-2.77097750601e+00
-2.77103222655e+00
-2.77010915933e+00
-2.77047291388e+00
-2.77227688754e+00
-2.77153812316e+00
-2.76886675552e+00
-2.76935796242e+00
-2.77054644970e+00
-2.76995627641e+00
-2.77118153933e+00
-2.77182851572e+00
-2.77124790549e+00
-2.77136756085e+00
-2.76954376223e+00
-2.77022278162e+00
-2.77128708173e+00
-2.76994244227e+00
-2.77022609170e+00
-2.77028305675e+00
-2.76969564016e+00
-2.77088903839e+00
-2.77098650191e+00
-2.77156257650e+00
-2.77121199164e+00
-2.77129048566e+00
-2.77122743754e+00
-2.77133651188e+00
-2.77093682302e+00
-2.77050295715e+00
-2.77133097191e+00
-2.77033251490e+00
-2.77036778172e+00
-2.77182181046e+00
-2.76921513188e+00
-2.77139461826e+00
-2.77052062472e+00
-2.77036278688e+00
-2.77054101782e+00
-2.77151833238e+00
-2.76927273737e+00
-2.77081678043e+00
-2.77084623862e+00
-2.77036989468e+00
-2.77052541414e+00
-2.76905647977e+00
-2.77122690928e+00
-2.77048435383e+00
-2.77146842162e+00
-2.77060288696e+00
-2.76965985008e+00
-2.77126241747e+00
-2.76967191917e+00
-2.77059970190e+00
-2.77036925302e+00
-2.77010822562e+00
-2.77060594961e+00
-2.77086385423e+00
-2.76977118525e+00
-2.77077266446e+00
-2.77089772537e+00
-2.77119191891e+00
-2.76894704531e+00
-2.77005809928e+00
-2.77123703155e+00
-2.77006748755e+00
-2.76921200804e+00
-2.77014072625e+00
-2.77042959702e+00
-2.77025378747e+00
-2.77218570516e+00
-2.77123658598e+00
-2.77145227069e+00
-2.77068940214e+00
-2.77097587196e+00
-2.77051377662e+00
-2.77005484555e+00
-2.77047683511e+00
-2.76991890280e+00
-2.77092308248e+00
-2.77005015685e+00
-2.76883977433e+00
-2.77010875571e+00
-2.77107423521e+00
-2.77062086357e+00
-2.77090848427e+00
-2.77041144430e+00
-2.77110999256e+00
-2.76968508033e+00
-2.77062925072e+00
-2.77117420680e+00
-2.77108253477e+00
-2.77094517069e+00
-2.76966827840e+00
-2.77026530889e+00
-2.77104627608e+00
-2.77014465864e+00
-2.77127334396e+00
-2.77171367057e+00
-2.77011338627e+00
-2.76990397031e+00
-2.77141813661e+00
-2.76993987664e+00
-2.77143938676e+00
-2.76951055751e+00
-2.77047529467e+00
-2.77035158219e+00
-2.77072954564e+00
-2.77023022093e+00
-2.76997141699e+00
-2.76982703535e+00
-2.76876199331e+00
-2.77051355661e+00
-2.77075295597e+00
-2.77188497442e+00
-2.77077729943e+00
-2.77047353847e+00
-2.76992838768e+00
-2.76977072043e+00
-2.76973507134e+00
-2.77001136071e+00
-2.77050938416e+00
-2.77067063896e+00
-2.76954550886e+00
-2.77071501442e+00
-2.76967141842e+00
-2.77131069479e+00
-2.77154779125e+00
-2.77062987833e+00
-2.77067715703e+00
-2.77130833758e+00
-2.77147495216e+00
-2.76950018325e+00
-2.77021449797e+00
-2.77158082063e+00
-2.77107742668e+00
-2.76927883318e+00
-2.77024652256e+00
-2.76986206034e+00
-2.77134178506e+00
-2.77147572032e+00
-2.77201330310e+00
-2.77113824274e+00
-2.77078780566e+00
-2.77049843449e+00
-2.77027766886e+00
-2.77079394101e+00
-2.77178604339e+00
-2.76981543845e+00
-2.77000723338e+00
-2.77035574527e+00
-2.77075096875e+00
-2.77132420556e+00
-2.77030693571e+00
-2.77168958763e+00
-2.77004947464e+00
-2.77116767642e+00
-2.77074611271e+00
-2.77045414208e+00
-2.77155002400e+00
-2.76946877594e+00
-2.77074614145e+00
-2.77000321546e+00
-2.77000026889e+00
-2.77021303601e+00
-2.77050943359e+00
-2.77149504913e+00
-2.77096286442e+00
-2.77034749284e+00
-2.77172356661e+00
-2.77100033349e+00
-2.76942256061e+00
-2.77018921834e+00
-2.76958487828e+00
-2.76915670287e+00
-2.77112926281e+00
-2.76990468634e+00
-2.77054463822e+00
-2.76970219042e+00
-2.77183626406e+00
-2.77090539785e+00
-2.77002835101e+00
-2.77072721603e+00
-2.77074548013e+00
-2.77082551777e+00
-2.77044748863e+00
-2.77117529328e+00
-2.77063784475e+00
-2.77007625493e+00
-2.77169643039e+00
-2.77069375729e+00
-2.76997806643e+00
-2.77106606647e+00
-2.77030749573e+00
-2.76990049978e+00
-2.77094577221e+00
-2.77148848782e+00
-2.77190086413e+00
-2.77001778561e+00
-2.77124991636e+00
-2.77079210555e+00
-2.77082644296e+00
-2.77122769299e+00
-2.77004287044e+00
-2.77079182086e+00
-2.77209987784e+00
-2.76963829628e+00
-2.77029128611e+00
-2.77083811989e+00
-2.77011600865e+00
-2.77057442580e+00
-2.77037891062e+00
-2.76949763444e+00
-2.77009012590e+00
-2.77165127216e+00
-2.77053054025e+00
-2.77173092895e+00
-2.77037655545e+00
-2.77194675301e+00
-2.76925914514e+00
-2.77088230069e+00
-2.77025715756e+00
-2.76980071559e+00
-2.77020629030e+00
-2.77007687101e+00
-2.76991359447e+00
-2.77047536199e+00
-2.77098642148e+00
-2.77146253899e+00
-2.77029082940e+00
-2.77085410730e+00
-2.76958939861e+00
-2.76968546641e+00
-2.76985033034e+00
-2.77032406118e+00
-2.77109667454e+00
-2.77034748583e+00
-2.77022277138e+00
-2.77057965789e+00