1.01857172966e+01
1.01857983224e+01
1.02085709932e+01
1.02067098305e+01
1.02327438076e+01
1.02150956812e+01
1.01920573743e+01
1.01877993793e+01
1.01943044288e+01
1.01978656099e+01
1.01901468821e+01
1.02017676564e+01
1.01969967635e+01
1.01872774019e+01
1.01742970063e+01
1.01839899912e+01
1.02038751887e+01
1.02015800542e+01
1.02014220188e+01
1.01971246593e+01
1.01643923893e+01
1.02019178612e+01
1.01800505703e+01
1.02020536275e+01
1.02005542714e+01
1.01922204094e+01
1.02178939672e+01
1.02100924465e+01
1.01906347838e+01
1.01631988019e+01
1.01951805657e+01
1.01915844836e+01
1.02121204767e+01
1.02193881072e+01
1.02194745342e+01
1.02061417762e+01
1.02123420116e+01
1.02034441793e+01
1.02205510475e+01
1.02037858794e+01
1.02063983327e+01
1.02206991399e+01
1.01883409682e+01
1.01976326602e+01
1.02528791025e+01
1.02060424994e+01
1.01768467167e+01
1.01753802722e+01
1.01968138364e+01
1.01851738772e+01
1.01937097014e+01
1.01768296978e+01
1.02361154735e+01
1.02094904463e+01
1.02135213141e+01
1.01951079558e+01
1.01811207939e+01
1.02002001513e+01
1.01756091295e+01
1.01930425756e+01
1.01983251652e+01
1.01768740956e+01
1.02183198857e+01
1.02208344765e+01
1.02222253004e+01
1.01845328641e+01
1.01848317458e+01
1.02029165530e+01
1.01731273342e+01
1.02417666929e+01
1.01890120372e+01
1.01849798930e+01
1.02069743930e+01
1.01784310807e+01
1.01915154116e+01
1.01870909141e+01
1.02091320020e+01
1.01955228756e+01
1.01849438132e+01
1.01913823002e+01
1.02205997824e+01
1.02020006977e+01
1.01702280691e+01
1.01960930704e+01
1.02275272609e+01
1.02016809785e+01
1.02301148856e+01
1.02158968135e+01
1.02137242080e+01
1.02046541814e+01
1.01795444146e+01
1.01981645822e+01
1.02111277406e+01
1.02070728562e+01
1.02296983490e+01
1.01909094595e+01
1.02081765485e+01
1.02219559802e+01
1.02131023743e+01
1.01877280981e+01
1.01613915302e+01
1.01729998413e+01
1.02073373615e+01
1.02067047448e+01
1.02285015344e+01
1.02230933900e+01
1.01909549351e+01
1.02089169113e+01
1.01805605705e+01
1.01986433209e+01
1.02028346075e+01
1.02281028447e+01
1.02436611785e+01
1.01861686141e+01
1.02107367218e+01
1.01895413118e+01
1.01911221648e+01
1.01846983376e+01
1.01799767361e+01
1.01921549183e+01
1.01906879786e+01
1.01982919199e+01
1.02423533587e+01
1.02215039382e+01
1.01858608724e+01
1.01827097687e+01
1.01704249799e+01
1.02263463111e+01
1.01876121015e+01
1.02021062601e+01
1.01899025197e+01
1.01920143142e+01
1.01902874683e+01
1.01926612422e+01
1.02014070697e+01
1.01955432463e+01
1.02086173590e+01
1.01909891615e+01
1.02032172663e+01
1.01985283453e+01
1.01805562740e+01
1.01867784748e+01
1.01710122058e+01
1.02080469325e+01
1.02022308675e+01
1.01530108824e+01
1.02131685961e+01
1.01734144415e+01
1.01824576866e+01
1.01889804338e+01
1.01925173963e+01
1.01627865478e+01
1.01996986933e+01
1.01833169153e+01
1.02019246951e+01
1.01962360944e+01
1.02070059481e+01
1.01422601927e+01
1.02031878045e+01
1.01989613322e+01
1.01680246790e+01
1.02015694909e+01
1.01625161192e+01
1.01752189609e+01
1.01652770896e+01
1.02229557288e+01
1.01769549877e+01
1.01773760426e+01
1.01998928719e+01
1.02164993636e+01
1.02033476360e+01
1.02198050099e+01
1.01936247115e+01
1.01856308878e+01
1.01851663033e+01
1.02028084829e+01
1.01971285996e+01
1.01925124042e+01
1.02091223960e+01
1.02036490588e+01
1.02194067422e+01
1.02096719606e+01
1.01711553203e+01
1.01712780208e+01
1.01797151750e+01
1.02141106623e+01
1.01799241037e+01
1.01920917269e+01
1.02200251183e+01
1.02102804319e+01
1.02230355267e+01
1.01557462874e+01
1.01780232689e+01
1.02054831456e+01
1.01859053386e+01
1.01792329553e+01
1.01767608956e+01
1.02035641991e+01
1.02066954950e+01
1.01871196882e+01
1.01967446598e+01
1.02186438145e+01
1.01951096015e+01
1.01923016220e+01
1.01835948669e+01
1.02088494688e+01
1.01782227680e+01
1.02024165368e+01
1.01955180766e+01
1.01946153887e+01
1.02176208597e+01
1.02092693658e+01
1.01836128693e+01
1.01974897931e+01
1.02006329792e+01
1.01982937600e+01
1.02054928627e+01
1.01656967075e+01
1.01882330822e+01
1.01839799583e+01
1.01997637799e+01
1.01761136929e+01
1.02287662923e+01
1.02181756921e+01
1.02119960349e+01
1.02139286481e+01
1.02199943460e+01
1.01608918572e+01
1.01820429651e+01
1.01903956687e+01
1.02342005127e+01
1.02087211205e+01
1.02374913175e+01
1.02063200084e+01
1.01758498717e+01
1.02012989624e+01
1.01828269001e+01
1.02067363480e+01
1.02165284218e+01
1.02184369471e+01
1.01767076209e+01
1.02182765713e+01
1.02075796573e+01
1.01747522586e+01
1.02257245945e+01
1.02130679066e+01
1.01966133725e+01
1.01851204516e+01
1.02155354367e+01
1.01998227366e+01
1.01988479840e+01
1.01921663668e+01
1.01950738089e+01
1.01889712448e+01
1.02016491659e+01
1.02054325737e+01
1.02005895928e+01
1.02127652756e+01
1.02192555321e+01
1.02246727038e+01
1.02086288357e+01
1.01954114967e+01
1.02207914017e+01
1.02160006923e+01
1.01894045553e+01
1.01993623657e+01
1.02002137520e+01
1.02108081143e+01
1.01488584263e+01
1.01561782395e+01
1.02063008161e+01
1.01936912253e+01
1.01997451131e+01
1.02373789297e+01
1.01970328893e+01
1.02253792794e+01
1.02147856619e+01
1.01937210484e+01
1.02075603423e+01
1.01964941527e+01
1.02139086009e+01
1.02042404923e+01
1.01958283388e+01
1.01860363886e+01
1.01943263246e+01
1.02268011971e+01
1.01979632375e+01
1.02105383837e+01
1.02116342798e+01
1.02159297745e+01
1.02269874724e+01
1.01989279059e+01
1.02171842992e+01
1.02216288084e+01
1.01952434704e+01
1.02203144385e+01
1.01874262666e+01
1.02245812551e+01
1.02143902225e+01
1.01949405309e+01
1.01892939726e+01
1.02276307284e+01
1.01819868973e+01
1.02086639482e+01
1.01821992749e+01
1.01899718904e+01
1.01870268449e+01
1.01833298027e+01
1.02337443173e+01
1.01868079416e+01
1.02215325245e+01
1.01793895107e+01
1.02018664189e+01
1.02094463918e+01
1.01871670986e+01
1.01886498880e+01
1.01805042683e+01
1.01913416892e+01
1.02080563056e+01
1.02102858400e+01
1.01999181135e+01
1.01918855407e+01
1.01915263516e+01
1.01977893547e+01
1.01807777650e+01
1.01958116364e+01
1.02043417803e+01
1.01871191267e+01
1.01763839681e+01
1.01979009015e+01
1.01860144176e+01
1.02048004026e+01
1.02050858678e+01
1.02040986406e+01
1.02068615009e+01
1.01942423575e+01
1.02058362538e+01
1.01784234224e+01
1.01923309379e+01
1.02002022618e+01
1.01807295700e+01
1.02027331713e+01
1.02116273829e+01
1.01826240124e+01
1.01601825057e+01
1.02059150401e+01
1.02138571583e+01
1.02007676456e+01
1.02199200801e+01
1.02331270882e+01
1.01829639855e+01
1.01908716479e+01
1.01977113203e+01
1.02218622043e+01
1.02018264559e+01
1.02248591935e+01
1.01651106238e+01
1.01999940671e+01
1.01798695831e+01
1.01965867819e+01
1.02153729197e+01
1.01816225059e+01
1.01966815566e+01
1.01900000800e+01
1.01861894916e+01
1.01936907325e+01
1.01758376572e+01
1.02063518922e+01
1.01896633244e+01
1.01920435255e+01
1.02133730434e+01
1.01986023670e+01
1.02084064117e+01
1.01559381149e+01
1.02111252362e+01
1.01991772586e+01
1.01982171833e+01
1.01878489438e+01
1.02112337618e+01
1.02265399300e+01
1.02241057760e+01
1.01793513493e+01
1.01887343184e+01
1.02039050823e+01
1.02007075246e+01
1.01818300758e+01
1.01936789833e+01
1.02024929268e+01
1.02201076582e+01
1.02080339612e+01
1.01923405313e+01
1.01760476393e+01
1.02164014538e+01
1.01990673901e+01
1.01895414850e+01
1.02021644890e+01
1.01871225978e+01
1.02247753872e+01
1.01724334849e+01
1.01870713959e+01
1.01940562960e+01
1.02096922431e+01
1.02125813505e+01
1.02235863816e+01
1.02036139553e+01
1.01845679323e+01
1.02061275345e+01
1.01729418710e+01
1.02018095771e+01
1.02174846014e+01
1.01969781517e+01
1.01930888931e+01
1.02013217473e+01
1.02193653532e+01
1.02109188887e+01
1.02157288774e+01
1.02285210287e+01
1.01953575402e+01
1.01922491906e+01
1.02130210563e+01
1.02009261837e+01
1.02250830136e+01
1.01647932434e+01
1.01792894226e+01
1.02015364956e+01
1.01908083112e+01
1.01737319884e+01
1.02152122993e+01
1.02321535673e+01
1.01957585278e+01
1.02075102732e+01
1.01989167802e+01
1.01988755829e+01
1.01731261064e+01
1.01939775624e+01
1.02069635982e+01
1.01633224662e+01
1.02098578320e+01
1.02048307516e+01
1.01824919204e+01
1.02102567153e+01
1.02147025719e+01
1.02233532296e+01
1.01724224585e+01
1.01926495701e+01
1.01895400211e+01
1.01922414314e+01
1.01971636077e+01
1.01874160072e+01
1.02337779406e+01
1.02070455258e+01
1.02223641737e+01
1.01899099598e+01
1.01780007984e+01
1.02133554824e+01
1.01853876905e+01
1.01877040745e+01
1.02221827619e+01
1.02059065939e+01
1.02347494479e+01
1.01700282454e+01
1.02054724085e+01
1.01978521030e+01
1.02149921936e+01
1.02109393874e+01
1.02072825246e+01
1.02190257052e+01
1.02636067969e+01
1.01834995047e+01
1.01847416277e+01
1.02176156963e+01
1.01804708342e+01
1.02023365082e+01
1.02082576385e+01
1.01720188567e+01
1.02242382141e+01
1.02269282224e+01
1.02198857490e+01
1.02197000570e+01
1.01977554402e+01
1.02375187190e+01
1.01995672214e+01
1.01932288265e+01
1.02109597727e+01
1.01790895932e+01
1.02067669196e+01
1.01962754360e+01
1.01924000915e+01
1.02165072294e+01
1.02304012110e+01
1.02154456989e+01
1.01831877600e+01
1.01960964213e+01
1.01890758327e+01
1.02235038640e+01
1.02051742684e+01
1.01923093366e+01
1.02012058548e+01
1.01980890584e+01
1.01853089756e+01
1.01995800821e+01