-8.26598743422e+00
-8.26586508402e+00
-8.28509108985e+00
-8.28275583211e+00
-8.30432643654e+00
-8.29021582043e+00
-8.27149134247e+00
-8.26693433895e+00
-8.27345762578e+00
-8.27500994066e+00
-8.26960853055e+00
-8.27973660590e+00
-8.27526243379e+00
-8.26770805509e+00
-8.25640941521e+00
-8.26584292228e+00
-8.28059893870e+00
-8.27830854820e+00
-8.27884978718e+00
-8.27598282444e+00
-8.24872541547e+00
-8.27928615305e+00
-8.26154077106e+00
-8.27925916236e+00
-8.27830348965e+00
-8.27113136073e+00
-8.29184401147e+00
-8.28541122794e+00
-8.27012083078e+00
-8.24815956208e+00
-8.27389391484e+00
-8.27095243114e+00
-8.28780494774e+00
-8.29276783491e+00
-8.29257992352e+00
-8.28105960928e+00
-8.28690315625e+00
-8.28027710957e+00
-8.29464127962e+00
-8.28033184043e+00
-8.28259474774e+00
-8.29453087537e+00
-8.26741418063e+00
-8.27549844303e+00
-8.32036707824e+00
-8.28180605628e+00
-8.25853240298e+00
-8.25856178848e+00
-8.27476057160e+00
-8.26549558114e+00
-8.27268321559e+00
-8.25834794015e+00
-8.30750187454e+00
-8.28500968863e+00
-8.28859144143e+00
-8.27293431174e+00
-8.26228621529e+00
-8.27766650365e+00
-8.25757879232e+00
-8.27155838213e+00
-8.27632819397e+00
-8.25882749616e+00
-8.29296668257e+00
-8.29428498626e+00
-8.29593698592e+00
-8.26539912300e+00
-8.26510529041e+00
-8.27933989859e+00
-8.25542288388e+00
-8.31139448672e+00
-8.26929839923e+00
-8.26491984934e+00
-8.28240264446e+00
-8.25997026570e+00
-8.27016872049e+00
-8.26670865416e+00
-8.28517931009e+00
-8.27370256343e+00
-8.26563141941e+00
-8.27043118862e+00
-8.29460388851e+00
-8.27849209345e+00
-8.25345343604e+00
-8.27436131135e+00
-8.30037464722e+00
-8.27969856242e+00
-8.30202605211e+00
-8.29111163061e+00
-8.28829533319e+00
-8.28064556942e+00
-8.26065212114e+00
-8.27547171475e+00
-8.28629296239e+00
-8.28322233261e+00
-8.30227368951e+00
-8.26977296001e+00
-8.28466119364e+00
-8.29485793833e+00
-8.28819127557e+00
-8.26808689027e+00
-8.24576270593e+00
-8.25605228463e+00
-8.28359657761e+00
-8.28317750160e+00
-8.30108132970e+00
-8.29630749171e+00
-8.26927520390e+00
-8.28540427258e+00
-8.26212548007e+00
-8.27586461841e+00
-8.27939986938e+00
-8.29993729144e+00
-8.31248077292e+00
-8.26735132905e+00
-8.28596834935e+00
-8.26837827417e+00
-8.27037259266e+00
-8.26544570977e+00
-8.26130374872e+00
-8.27159921758e+00
-8.27039183774e+00
-8.27589675610e+00
-8.31152778045e+00
-8.29499391035e+00
-8.26542956446e+00
-8.26427700580e+00
-8.25261227935e+00
-8.29948611590e+00
-8.26719574780e+00
-8.27851295945e+00
-8.26916637651e+00
-8.27028323795e+00
-8.27046875488e+00
-8.27198491116e+00
-8.27919593375e+00
-8.27400117480e+00
-8.28464587374e+00
-8.26943534910e+00
-8.28028666034e+00
-8.27570794806e+00
-8.26220941976e+00
-8.26726356065e+00
-8.25362156521e+00
-8.28348372601e+00
-8.27958764698e+00
-8.23957233459e+00
-8.28816175217e+00
-8.25568063776e+00
-8.26268459663e+00
-8.26780582126e+00
-8.27142762185e+00
-8.24747456415e+00
-8.27796763859e+00
-8.26356575032e+00
-8.27941364213e+00
-8.27427532485e+00
-8.28334126779e+00
-8.22976590203e+00
-8.28022679624e+00
-8.27613452953e+00
-8.25131945640e+00
-8.27905691316e+00
-8.24711639264e+00
-8.25733405462e+00
-8.24916270917e+00
-8.29684772762e+00
-8.25927017779e+00
-8.25971724428e+00
-8.27755359662e+00
-8.29040278752e+00
-8.28048490134e+00
-8.29359745888e+00
-8.27139228275e+00
-8.26599489297e+00
-8.26539293104e+00
-8.27991828329e+00
-8.27537967998e+00
-8.27165769990e+00
-8.28561504501e+00
-8.28058934247e+00
-8.29380039386e+00
-8.28583357333e+00
-8.25419635786e+00
-8.25465593123e+00
-8.26050778185e+00
-8.28933558592e+00
-8.26081565926e+00
-8.27097646007e+00
-8.29397778755e+00
-8.28605246035e+00
-8.29565501675e+00
-8.24198525766e+00
-8.25982804621e+00
-8.28151772468e+00
-8.26625306878e+00
-8.26142670822e+00
-8.25830923381e+00
-8.28118171581e+00
-8.28274242959e+00
-8.26693730668e+00
-8.27484818850e+00
-8.29315774916e+00
-8.27360006797e+00
-8.27046912431e+00
-8.26485778855e+00
-8.28477175299e+00
-8.26017314452e+00
-8.27924558243e+00
-8.27439234400e+00
-8.27328643083e+00
-8.29166699182e+00
-8.28526992859e+00
-8.26431278394e+00
-8.27564441234e+00
-8.27721670021e+00
-8.27584765025e+00
-8.28220511425e+00
-8.24985102496e+00
-8.26811173721e+00
-8.26476895589e+00
-8.27788361788e+00
-8.25754801014e+00
-8.30022229024e+00
-8.29241571077e+00
-8.28650107604e+00
-8.28925345892e+00
-8.29403109180e+00
-8.24550956039e+00
-8.26271382139e+00
-8.26967034332e+00
-8.30571133986e+00
-8.28498129886e+00
-8.30886830209e+00
-8.28239319105e+00
-8.25811844775e+00
-8.27772674257e+00
-8.26407075344e+00
-8.28347888235e+00
-8.29079771273e+00
-8.29203314989e+00
-8.25776297193e+00
-8.29177506996e+00
-8.28321582982e+00
-8.25704693771e+00
-8.29940262381e+00
-8.28848396704e+00
-8.27533901954e+00
-8.26534434581e+00
-8.29095188431e+00
-8.27720243039e+00
-8.27666120194e+00
-8.27054061875e+00
-8.27434430216e+00
-8.26868094155e+00
-8.27900836802e+00
-8.28188596911e+00
-8.27841540945e+00
-8.28843478556e+00
-8.29323213265e+00
-8.29747556272e+00
-8.28425265841e+00
-8.27313754011e+00
-8.29410757229e+00
-8.29000650015e+00
-8.26824021809e+00
-8.27683821269e+00
-8.27663733842e+00
-8.28636429167e+00
-8.23621615610e+00
-8.24183297187e+00
-8.28254456596e+00
-8.27242673800e+00
-8.27755321102e+00
-8.30810287034e+00
-8.27457090742e+00
-8.29789063575e+00
-8.28945655584e+00
-8.27178522501e+00
-8.28358763751e+00
-8.27546090202e+00
-8.28897259643e+00
-8.28099194004e+00
-8.27447747741e+00
-8.26618888640e+00
-8.27235551075e+00
-8.29841994305e+00
-8.27561343557e+00
-8.28623681245e+00
-8.28704281661e+00
-8.28995555331e+00
-8.29929533166e+00
-8.27674711580e+00
-8.29172016517e+00
-8.29494889917e+00
-8.27469679054e+00
-8.29347553593e+00
-8.26858320547e+00
-8.29780423324e+00
-8.28893654205e+00
-8.27311561967e+00
-8.26858882192e+00
-8.30031488537e+00
-8.26314674868e+00
-8.28454519264e+00
-8.26238165388e+00
-8.26971415175e+00
-8.26709007187e+00
-8.26379963037e+00
-8.30511927914e+00
-8.26607493933e+00
-8.29476425188e+00
-8.26148075955e+00
-8.27974981380e+00
-8.28429977638e+00
-8.26751016169e+00
-8.26748452321e+00
-8.26065242936e+00
-8.27077953299e+00
-8.28450064999e+00
-8.28590970718e+00
-8.27737412265e+00
-8.27036493491e+00
-8.27031017517e+00
-8.27545952553e+00
-8.26294512590e+00
-8.27391049929e+00
-8.28069738278e+00
-8.26768117988e+00
-8.25863104666e+00
-8.27562341983e+00
-8.26613697625e+00
-8.28203394702e+00
-8.28095993412e+00
-8.28161160089e+00
-8.28274143736e+00
-8.27276968127e+00
-8.28242380028e+00
-8.25995852607e+00
-8.27175712884e+00
-8.27751502587e+00
-8.26254171302e+00
-8.28000799038e+00
-8.28680063986e+00
-8.26332659442e+00
-8.24448758280e+00
-8.28258661500e+00
-8.28838373903e+00
-8.27783309870e+00
-8.29359309944e+00
-8.30428268651e+00
-8.26314084814e+00
-8.26920242992e+00
-8.27592084838e+00
-8.29561384220e+00
-8.27762585217e+00
-8.29815156786e+00
-8.24902828691e+00
-8.27781378595e+00
-8.26055536867e+00
-8.27481777168e+00
-8.28988540310e+00
-8.26294412782e+00
-8.27439689585e+00
-8.26864346118e+00
-8.26695627406e+00
-8.27218866367e+00
-8.25807783100e+00
-8.28188307920e+00
-8.26976850146e+00
-8.27133996842e+00
-8.28880709316e+00
-8.27618740158e+00
-8.28407567120e+00
-8.24101928546e+00
-8.28655616345e+00
-8.27641456243e+00
-8.27531821015e+00
-8.26794911504e+00
-8.28706029366e+00
-8.29889041820e+00
-8.29824997981e+00
-8.26051057008e+00
-8.26855124699e+00
-8.28171012874e+00
-8.27774344226e+00
-8.26205105929e+00
-8.27264349090e+00
-8.27941570585e+00
-8.29367665668e+00
-8.28435211102e+00
-8.27123048439e+00
-8.25825182491e+00
-8.29094112780e+00
-8.27638569755e+00
-8.26951872952e+00
-8.27987737100e+00
-8.26701834974e+00
-8.29696399283e+00
-8.25554972981e+00
-8.26776963805e+00
-8.27337857102e+00
-8.28502715777e+00
-8.28774754049e+00
-8.29526047511e+00
-8.28059509960e+00
-8.26533802630e+00
-8.28338403352e+00
-8.25541370902e+00
-8.27897406261e+00
-8.29167600437e+00
-8.27489493452e+00
-8.27286375927e+00
-8.27839657334e+00
-8.29322817169e+00
-8.28674012929e+00
-8.29029076717e+00
-8.30069062135e+00
-8.27379283102e+00
-8.27061369137e+00
-8.28798916730e+00
-8.27836296642e+00
-8.29694670927e+00
-8.24953652931e+00
-8.26061462799e+00
-8.27886408490e+00
-8.27007783425e+00
-8.25686374873e+00
-8.29069472021e+00
-8.30372147432e+00
-8.27415190049e+00
-8.28345378297e+00
-8.27703781870e+00
-8.27624819851e+00
-8.25563447744e+00
-8.27229953924e+00
-8.28348919396e+00
-8.24731193654e+00
-8.28559224829e+00
-8.28203825229e+00
-8.26301349102e+00
-8.28460987845e+00
-8.28948640611e+00
-8.29629488925e+00
-8.25602115462e+00
-8.27199621796e+00
-8.26885717071e+00
-8.27117259136e+00
-8.27529904990e+00
-8.26637946798e+00
-8.30380948938e+00
-8.28261530465e+00
-8.29581682650e+00
-8.26930978488e+00
-8.26024462478e+00
-8.28829983961e+00
-8.26560076544e+00
-8.26805384630e+00
-8.29552731002e+00
-8.28104922839e+00
-8.30556022209e+00
-8.25289003577e+00
-8.28201109755e+00
-8.27545906994e+00
-8.29038933877e+00
-8.28721251523e+00
-8.28327578056e+00
-8.29304746915e+00
-8.32883273744e+00
-8.26397513237e+00
-8.26601394072e+00
-8.29115554610e+00
-8.26242747741e+00
-8.27983159927e+00
-8.28432811180e+00
-8.25450243977e+00
-8.29760188278e+00
-8.29987868333e+00
-8.29440028855e+00
-8.29366889102e+00
-8.27569300713e+00
-8.30775773088e+00
-8.27805089977e+00
-8.27243528982e+00
-8.28607249070e+00
-8.26097330922e+00
-8.28305547125e+00
-8.27551532149e+00
-8.27151192406e+00
-8.29066320421e+00
-8.30309981759e+00
-8.29014035105e+00
-8.26372335857e+00
-8.27526643386e+00
-8.26953785350e+00
-8.29648138110e+00
-8.28198430219e+00
-8.27173203073e+00
-8.27845842418e+00
-8.27585398536e+00
-8.26483121969e+00
-8.27717605106e+00