-7.63151431569e+00
-8.17875554348e+00
-8.05154693808e+00
-8.13110820755e+00
-7.85651902796e+00
-7.78316964543e+00
-7.87377877490e+00
-7.83015073114e+00
-7.75811086840e+00
-7.83098616008e+00
-8.40518501574e+00
-7.84428718482e+00
-7.87282122688e+00
-7.72896521021e+00
-7.80032597496e+00
-7.36862289657e+00
-8.17265066649e+00
-8.02996364840e+00
-7.71091007228e+00
-7.90484542527e+00
-8.14665175699e+00
-7.31093377005e+00
-7.63121699197e+00
-7.90891803912e+00
-8.28386525540e+00
-8.28709096732e+00
-8.11545453826e+00
-8.09226513398e+00
-7.62533067847e+00
-7.98677388876e+00
-7.81908212901e+00
-7.80611716600e+00
-8.10364125280e+00
-7.98616222486e+00
-7.89113410432e+00
-7.89984754793e+00
-7.67953295736e+00
-8.05353317548e+00
-8.07488915934e+00
-8.02435775035e+00
-7.99709834543e+00
-7.72998096738e+00
-7.58119577094e+00
-8.30981984163e+00
-7.70604746515e+00
-7.60695400637e+00
-7.98434996866e+00
-8.07196688290e+00
-7.91848181309e+00
-7.94226634492e+00
-8.19325975260e+00
-8.21816343207e+00
-8.22577608759e+00
-7.88583782100e+00
-7.89702836835e+00
-8.34803081350e+00
-7.85321256349e+00
-7.80979003673e+00
-8.02573569804e+00
-7.77396424616e+00
-7.70062494284e+00
-7.72926695263e+00
-8.07186938930e+00
-8.20400567819e+00
-8.03058058325e+00
-8.08563698002e+00
-8.22396949048e+00
-8.25494327041e+00
-8.13129147791e+00
-7.63022095898e+00
-7.94142547622e+00
-7.75902173009e+00
-7.94210317677e+00
-8.30947855179e+00
-7.89709882885e+00
-8.06265072484e+00
-7.57593289319e+00
-7.56845357003e+00
-8.24954526882e+00
-7.98468044929e+00
-8.26844945311e+00
-7.93559851744e+00
-7.89652536196e+00
-8.06290615583e+00
-7.45869764527e+00
-8.27711293169e+00
-8.02399595155e+00
-7.94520742585e+00
-8.10691432595e+00
-7.83297079674e+00
-7.58838669116e+00
-7.73618249414e+00
-8.09128220454e+00
-7.90152367528e+00
-8.09269938033e+00
-7.48188506526e+00
-7.54418225820e+00
-7.75417367786e+00
-7.80773157185e+00
-7.96841794913e+00
-7.66839711648e+00
-8.09030905212e+00
-7.73864500406e+00
-7.69085538793e+00
-7.76530799962e+00
-8.16341158156e+00
-7.91782878827e+00
-7.89445922369e+00
-7.74032534730e+00
-7.90263683134e+00
-8.00150642571e+00
-8.09203167945e+00
-8.00587029532e+00
-8.11671640074e+00
-8.04872983417e+00
-7.84243101965e+00
-8.14867027879e+00
-7.94415064085e+00
-7.81394337873e+00
-7.65784066349e+00
-7.83721067158e+00
-7.94452181846e+00
-7.97855272185e+00
-8.05212314433e+00
-8.11094457562e+00
-8.12864099245e+00
-8.11620064809e+00
-8.09782745528e+00
-7.78423079316e+00
-7.73034646531e+00
-8.33618606295e+00
-7.80636288184e+00
-8.02310555318e+00
-7.92170164937e+00
-7.89728521265e+00
-7.81873526572e+00
-7.89357225013e+00
-7.87336149908e+00
-8.00074886813e+00
-7.89250797108e+00
-7.98712535259e+00
-8.42430047693e+00
-7.99319732569e+00
-8.04309211616e+00
-7.88075377780e+00
-7.93492035549e+00
-7.99057627173e+00
-7.83467697576e+00
-7.80163134318e+00
-7.85993862931e+00
-8.13645124013e+00
-8.06107681953e+00
-8.12806605906e+00
-7.92841655690e+00
-7.85570582343e+00
-7.78779005081e+00
-7.76872525820e+00
-7.84609850721e+00
-7.62249956786e+00
-7.88507007371e+00
-7.80083325636e+00
-7.65506455330e+00
-7.88251762716e+00
-7.95481490408e+00
-8.07918742761e+00
-8.21718974866e+00
-8.02002993696e+00
-8.19968627010e+00
-8.22044358145e+00
-7.97066775586e+00
-7.85080740951e+00
-7.96112520207e+00
-8.38371678916e+00
-7.75476475962e+00
-8.09622813818e+00
-7.96171598600e+00
-8.14853240030e+00
-8.10842337940e+00
-8.18640554987e+00
-8.31597444753e+00
-7.65187554788e+00
-8.13261270960e+00
-8.18237637402e+00
-7.78213622111e+00
-7.76995094183e+00
-8.15046166449e+00
-7.72311400746e+00
-8.52717400243e+00
-7.87828313108e+00
-8.39178629273e+00
-8.19002197336e+00
-7.96508863039e+00
-7.70382317040e+00
-8.07082551161e+00
-7.59566598409e+00
-7.91726454689e+00
-7.63684316600e+00
-7.50860742185e+00
-7.94290607772e+00
-7.71514155170e+00
-7.90554437785e+00
-8.21847749723e+00
-8.25349738074e+00
-8.43016002873e+00
-7.92301977375e+00
-7.62259442979e+00
-8.19067397407e+00
-7.55602456429e+00
-7.44385272867e+00
-8.16427283663e+00
-7.88151875104e+00
-8.07482411464e+00
-7.91515720480e+00
-8.39128685783e+00
-8.04459390076e+00
-7.99516708696e+00
-8.12767038889e+00
-7.82477318541e+00
-8.00145411915e+00
-7.77698238566e+00
-8.17453756391e+00
-7.85393947454e+00
-8.04837409493e+00
-7.59777021402e+00
-7.59438794826e+00
-7.97301195157e+00
-8.13579020450e+00
-7.58096439192e+00
-7.99940653336e+00
-8.06981246952e+00
-8.07380917662e+00
-7.81181265873e+00
-7.85583778626e+00
-7.85629119347e+00
-7.83288742926e+00
-8.30271434864e+00
-8.00380436984e+00
-7.82783917237e+00
-8.18580708783e+00
-7.68144526060e+00
-7.79617167203e+00
-8.27185784953e+00
-8.10967447142e+00
-8.03912070650e+00
-8.21295749980e+00
-8.40105018211e+00
-7.76398245524e+00
-8.04854483523e+00
-8.11496329012e+00
-7.72285309604e+00
-8.05405527879e+00
-7.70990219185e+00
-7.93073317635e+00
-8.08419068634e+00
-7.96693170501e+00
-8.08591924114e+00
-7.43401761956e+00
-8.14209078061e+00
-7.90566735760e+00
-7.66719567031e+00
-8.03402450038e+00
-7.59243902767e+00
-7.71262146574e+00
-7.87915798573e+00
-7.89782598564e+00
-7.39012815439e+00
-8.01282072721e+00
-7.65577990441e+00
-7.91627872230e+00
-8.07934650593e+00
-7.88193141776e+00
-7.61174571548e+00
-7.74250738180e+00
-7.52859056964e+00
-7.87136661305e+00
-7.95328837886e+00
-7.88939895909e+00
-7.81211871328e+00
-8.25984785022e+00
-8.07069481857e+00
-7.58429564732e+00
-7.79071528520e+00
-8.03495085591e+00
-8.10780990742e+00
-7.81197463812e+00
-7.82724452895e+00
-7.67915547115e+00
-8.16408188943e+00
-7.91317197121e+00
-7.73483317184e+00
-7.73419968936e+00
-7.65829100893e+00
-8.41557502545e+00
-7.75211477954e+00
-8.45260746854e+00
-8.43526098317e+00
-7.77852723577e+00
-7.62408957150e+00
-7.84435730221e+00
-7.85940623079e+00
-7.94609717483e+00
-7.93026196408e+00
-7.98262843177e+00
-7.68482704204e+00
-8.02138028614e+00
-7.57845406164e+00
-8.20116696345e+00
-7.78072239449e+00
-8.08106810588e+00
-7.98014478327e+00
-7.90513813697e+00
-7.95880539284e+00
-7.66517139839e+00
-7.87008086842e+00
-8.33637718032e+00
-8.42913654824e+00
-7.94106701246e+00
-7.70561223535e+00
-7.55729130614e+00
-8.05406840673e+00
-8.29829020039e+00
-8.32300638049e+00
-7.97334118308e+00
-7.99938826220e+00
-7.98112894183e+00
-7.80052418520e+00
-7.82506697883e+00
-8.14210202033e+00
-8.00083566766e+00
-8.08425788772e+00
-8.08843901507e+00
-7.93812950855e+00
-7.67921134378e+00
-7.73475879333e+00
-7.77492060983e+00
-8.20363592303e+00
-7.68639324444e+00
-7.53242973333e+00
-7.81397158587e+00
-8.08927970383e+00
-8.22786117138e+00
-8.12441690466e+00
-7.94892060872e+00
-7.82623262516e+00
-7.93914468495e+00
-8.02663857405e+00
-8.44467814379e+00
-7.68001780678e+00
-7.95665417750e+00
-8.07362112965e+00
-8.27124928569e+00
-7.86115402721e+00
-8.10784783458e+00
-7.90823944337e+00
-7.61310317272e+00
-7.77637015270e+00
-7.62342047103e+00
-7.81411901186e+00
-8.08381661256e+00
-7.63834210385e+00
-7.86873584028e+00
-7.87179875287e+00
-7.89280314636e+00
-7.55153276098e+00
-7.94970945441e+00
-7.83805615031e+00
-7.88267839950e+00
-7.87888928722e+00
-7.66522160303e+00
-7.85360974782e+00
-8.06651084300e+00
-7.81164968210e+00
-8.04520029402e+00
-7.90138846786e+00
-8.51044192360e+00
-7.93665975202e+00
-7.69609618729e+00
-7.87042556298e+00
-8.12458690749e+00
-7.76974812784e+00
-8.34169059403e+00
-8.17976960895e+00
-8.03260454893e+00
-8.03112785534e+00
-7.93759195937e+00
-7.97275841700e+00
-8.08194482157e+00
-7.49724017703e+00
-7.56244865252e+00
-7.93798141776e+00
-8.04452912139e+00
-7.69014710869e+00
-8.09718875717e+00
-8.03728598617e+00
-7.69209169549e+00
-7.87370793854e+00
-7.79498105889e+00
-7.91791786443e+00
-7.95481468573e+00
-8.17446482356e+00
-8.15337404879e+00
-8.08989818289e+00
-7.66646599245e+00
-7.90266280590e+00
-7.96482708656e+00
-8.20872200972e+00
-7.96820683406e+00
-8.02252109571e+00
-7.87659974207e+00
-7.84311843715e+00
-8.02684194922e+00
-7.88462417487e+00
-8.08707637772e+00
-8.11971615756e+00
-7.85078030668e+00
-8.27772435532e+00
-7.53874762666e+00
-7.52363691111e+00
-8.04405316042e+00
-7.86720348158e+00
-8.06186840067e+00
-8.16422827424e+00
-8.06114041605e+00
-7.94853882566e+00
-7.46454172738e+00
-8.22460639754e+00
-7.67801291858e+00
-8.01863806542e+00
-7.81485147141e+00
-7.78360153655e+00
-8.40699376846e+00
-7.43552369166e+00
-7.57211942113e+00
-7.79881294061e+00
-7.78001765651e+00
-8.31021068300e+00
-7.84470692171e+00
-7.99854055001e+00
-7.81244921088e+00
-7.81667005572e+00
-7.97250883393e+00
-8.25397815068e+00
-7.98502899985e+00
-7.87149088539e+00
-7.64735829928e+00
-7.92465047002e+00
-7.80558227065e+00
-7.79928568716e+00
-8.25522322909e+00
-7.82367983734e+00
-7.87536462582e+00
-7.93324834154e+00
-8.02272016866e+00
-7.73821327749e+00
-8.21420465406e+00
-7.74885117049e+00
-8.03311018468e+00
-7.93407795624e+00
-8.08134385516e+00
-7.82962830370e+00
-7.97927691260e+00
-7.92107955851e+00
-7.91167665688e+00
-7.69944783815e+00
-7.96042701293e+00
-7.98606323633e+00
-8.04182346961e+00
-8.00603286215e+00
-7.89497094960e+00
-8.28611380298e+00
-7.94135117292e+00
-7.84936740967e+00
-7.88188311431e+00
-8.20127959252e+00
-8.40023952229e+00
-7.92051605945e+00
-7.58289772981e+00
-8.16820675843e+00
-7.98980607997e+00
-7.83062305466e+00
-7.85381792527e+00
-7.66871499305e+00
-7.68058618075e+00
-7.80265401835e+00
-7.74724783662e+00
-8.21540632388e+00
-7.96122424893e+00
-7.86372387882e+00
-7.63514759517e+00
-7.99784605345e+00
-8.26987706791e+00
-7.88777891927e+00
-7.74520526556e+00
-7.51675751289e+00
-7.86774102303e+00
-7.93045893097e+00
-8.22398711597e+00
-7.67402137368e+00
-8.06441372593e+00
-7.89382044963e+00
-7.92350899979e+00