-5.41365653009e+00
-5.58278410180e+00
-5.51395036591e+00
-5.58575059183e+00
-5.42667654057e+00
-5.22016691536e+00
-5.21272005834e+00
-5.51104332633e+00
-5.45490159216e+00
-5.60576124600e+00
-5.60974104650e+00
-5.35700745096e+00
-5.40635811434e+00
-5.23582739773e+00
-5.56271670526e+00
-5.67273474435e+00
-5.39097837924e+00
-5.37413124519e+00
-5.38667209635e+00
-5.50537962150e+00
-5.59821775301e+00
-5.61922586898e+00
-5.38120074384e+00
-5.52298242711e+00
-5.57261825015e+00
-5.39762146679e+00
-5.46435817516e+00
-5.30899804647e+00
-5.39538988717e+00
-5.49991589577e+00
-5.26360412511e+00
-5.30699656672e+00
-5.52506184000e+00
-5.48184924871e+00
-5.37539835775e+00
-5.36537988044e+00
-5.47072258567e+00
-5.38558080953e+00
-5.87332867886e+00
-5.29352885918e+00
-5.54757156625e+00
-5.33392228138e+00
-5.38472535406e+00
-5.58010283869e+00
-5.56140078789e+00
-5.44586786039e+00
-5.41587145698e+00
-5.47879683520e+00
-5.46121009406e+00
-5.61908636254e+00
-5.51951371577e+00
-5.38910812937e+00
-5.51681738179e+00
-5.26982436892e+00
-5.69061368525e+00
-5.47573990382e+00
-5.25937537303e+00
-5.38445061277e+00
-5.46191370010e+00
-5.53180701104e+00
-5.46461984952e+00
-5.60337858243e+00
-5.52989492409e+00
-5.56384651320e+00
-5.47976605443e+00
-5.60582539631e+00
-5.54159578079e+00
-5.50599333095e+00
-5.63956021148e+00
-5.51414336082e+00
-5.59231410901e+00
-5.56615904400e+00
-5.41781607462e+00
-5.53302938696e+00
-5.32338437717e+00
-5.31412298977e+00
-5.19706964752e+00
-5.66164081796e+00
-5.41318632219e+00
-5.44995319447e+00
-5.62997013831e+00
-5.42785686266e+00
-5.39307224824e+00
-5.39058313839e+00
-5.47322057401e+00
-5.38336568398e+00
-5.40027279217e+00
-5.25428584874e+00
-5.49578598018e+00
-5.29281789381e+00
-5.55717689799e+00
-5.14334929705e+00
-5.74449987173e+00
-5.55681154305e+00
-5.28230468267e+00
-5.31671664446e+00
-5.41238823565e+00
-5.48263566423e+00
-5.17749327642e+00
-5.70472463662e+00
-5.54750559215e+00
-5.41382332185e+00
-5.26658826516e+00
-5.31526418096e+00
-5.53361325986e+00
-5.30865442936e+00
-5.41988810982e+00
-5.44735407899e+00
-5.57703676547e+00
-5.44287192297e+00
-5.17867342565e+00
-5.42211699280e+00
-5.37864822675e+00
-5.33675085093e+00
-5.33463386448e+00
-5.49332168352e+00
-5.42597517564e+00
-5.44216440835e+00
-5.47949636399e+00
-5.59930729632e+00
-5.53705963345e+00
-5.72756381988e+00
-5.37207097164e+00
-5.48623153088e+00
-5.24637064421e+00
-5.60377066422e+00
-5.04411713952e+00
-5.73617196930e+00
-5.53248664946e+00
-5.27643362717e+00
-5.32817220168e+00
-5.49724794782e+00
-5.30177839898e+00
-5.62384862083e+00
-5.42714984783e+00
-5.53051102185e+00
-5.46998232215e+00
-5.17136146288e+00
-5.46096443196e+00
-5.31980636301e+00
-5.35154020704e+00
-5.69105563907e+00
-5.37157963346e+00
-5.62881065697e+00
-5.48762853741e+00
-5.25480023770e+00
-5.24085633693e+00
-5.40119859761e+00
-5.38481163259e+00
-5.65724070184e+00
-5.52718289858e+00
-5.50273368699e+00
-5.71433025195e+00
-5.15266976101e+00
-5.50918474922e+00
-5.35386524430e+00
-5.55844473845e+00
-5.36795434263e+00
-5.40740895383e+00
-5.42926987513e+00
-5.54428685047e+00
-5.61281248578e+00
-5.63959966610e+00
-5.43385983341e+00
-5.55077036175e+00
-5.40134893058e+00
-5.18089054259e+00
-5.42875915577e+00
-5.67513133408e+00
-5.49471573913e+00
-5.52633413774e+00
-5.19861948920e+00
-5.14722245165e+00
-5.54157817364e+00
-5.60621034384e+00
-5.38784820350e+00
-5.75712488158e+00
-5.61778306907e+00
-5.56592029451e+00
-5.42772823382e+00
-5.26632234230e+00
-5.43519862794e+00
-5.23349248775e+00
-5.50657158564e+00
-5.52679524641e+00
-5.71815388705e+00
-5.08418319716e+00
-5.57601314131e+00
-5.38418604453e+00
-5.55126597197e+00
-5.63617875925e+00
-5.33940494975e+00
-5.53746323788e+00
-5.50606062418e+00
-5.55070253384e+00
-5.41663651159e+00
-5.47818761624e+00
-5.61689431220e+00
-5.26770693200e+00
-5.64387007911e+00
-5.35305785371e+00
-5.57286055871e+00
-5.61417846488e+00
-5.43545225704e+00
-5.22141492149e+00
-5.45449189834e+00
-5.31896462409e+00
-5.32108568550e+00
-5.51986096995e+00
-5.54063956898e+00
-5.58573998235e+00
-5.18634755115e+00
-5.21415201484e+00
-5.50921699141e+00
-5.51585842484e+00
-5.48816511363e+00
-5.58454555245e+00
-5.52194319708e+00
-5.61162202142e+00
-5.44647169167e+00
-5.57778266861e+00
-5.37596354127e+00
-5.80892033921e+00
-5.34859460879e+00
-5.11937291433e+00
-5.36282515369e+00
-5.33443863694e+00
-5.52520059309e+00
-5.39458163175e+00
-5.37653557277e+00
-5.66061234889e+00
-5.57043770834e+00
-5.64455158100e+00
-5.48171297357e+00
-5.40378614855e+00
-5.36926199338e+00
-5.33594272506e+00
-5.52101750323e+00
-5.44636921606e+00
-5.16474428551e+00
-5.36395760368e+00
-5.40307061103e+00
-5.54916709274e+00
-5.40316989964e+00
-5.42898416327e+00
-5.40928777598e+00
-5.49210070440e+00
-5.54754776980e+00
-5.37310255107e+00
-5.65753331758e+00
-5.55325814861e+00
-5.27983363040e+00
-5.61333483614e+00
-5.57309205449e+00
-5.42627277864e+00
-5.39913794196e+00
-5.54164530317e+00
-5.40344583029e+00
-5.48792024619e+00
-5.56297556005e+00
-5.52342306097e+00
-5.23875574249e+00
-5.56025035695e+00
-5.50192704015e+00
-5.53038475671e+00
-5.21327350001e+00
-5.41144595808e+00
-5.29295548805e+00
-5.13537215785e+00
-5.33934601019e+00
-5.40029860294e+00
-5.40686252276e+00
-5.44632111324e+00
-5.45223016080e+00
-5.22231351039e+00
-5.50306228178e+00
-5.55071461573e+00
-5.45726382596e+00
-5.39531336908e+00
-5.57488704807e+00
-5.52826279766e+00
-5.70483245477e+00
-5.44606307253e+00
-5.20623511378e+00
-5.73128503409e+00
-5.62269999483e+00
-5.46333645145e+00
-5.37597805904e+00
-5.46810874026e+00
-5.63816291127e+00
-5.62570060694e+00
-5.43376914551e+00
-5.44504724235e+00
-5.47343730566e+00
-5.55315645402e+00
-5.79630502116e+00
-5.40970611069e+00
-5.50378344385e+00
-5.65966311228e+00
-5.61289240130e+00
-5.60181732487e+00
-5.47872815598e+00
-5.55176660685e+00
-5.36739209804e+00
-5.28505291858e+00
-5.54748788450e+00
-5.42412368477e+00
-5.49345044730e+00
-5.61882534475e+00
-5.44372741489e+00
-5.58699933551e+00
-5.34829993399e+00
-5.51493303349e+00
-5.38848879209e+00
-5.32529362911e+00
-5.27323955052e+00
-5.27689077618e+00
-5.58164007869e+00
-5.41916271524e+00
-5.05775691930e+00
-5.61166036154e+00
-5.40781501362e+00
-5.29122588769e+00
-5.37271568708e+00
-5.37548606202e+00
-5.36639136171e+00
-5.24202013118e+00
-5.57306900318e+00
-5.40235017697e+00
-5.32332769527e+00
-5.59349526710e+00
-5.43720959231e+00
-5.55345784429e+00
-5.69923808663e+00
-5.02378737257e+00
-5.58577214771e+00
-5.43069142020e+00
-5.41880651305e+00
-5.44482797781e+00
-5.74143298787e+00
-5.38720696396e+00
-5.11049288353e+00
-5.49078411777e+00
-5.53242489686e+00
-5.47544681708e+00
-5.53443140050e+00
-5.73379012508e+00
-5.29783425329e+00
-5.48987830585e+00
-5.27238305952e+00
-5.42949044700e+00
-5.20695583850e+00
-5.69999431633e+00
-5.65615893413e+00
-5.44111578143e+00
-5.32231973080e+00
-5.40068583534e+00
-5.37801927842e+00
-5.60729436967e+00
-5.26234761697e+00
-5.46700611613e+00
-5.64246914061e+00
-5.49115326691e+00
-5.28183105422e+00
-5.45741159094e+00
-5.54790534146e+00
-5.15503746360e+00
-5.27579161005e+00
-5.39634243416e+00
-5.51529024862e+00
-5.36191688518e+00
-5.45398635561e+00
-5.28983247746e+00
-5.50416466775e+00
-5.46059372553e+00
-5.37000878624e+00
-5.48854812367e+00
-5.64563145288e+00
-5.74604377417e+00
-5.34835840100e+00
-5.80701464073e+00
-5.37470519697e+00
-5.27455380106e+00
-5.44783609791e+00
-5.54681168018e+00
-5.42319112881e+00
-5.56553974511e+00
-5.62147716009e+00
-5.72815496803e+00
-5.59253445583e+00
-5.48423047846e+00
-5.25701138205e+00
-5.63658040790e+00
-5.56568915406e+00
-5.33319400438e+00
-5.44560405377e+00
-5.21546316787e+00
-5.63107148204e+00
-5.32135043416e+00
-5.29158629403e+00
-5.63273039136e+00
-5.57890431166e+00
-5.43328868731e+00
-5.69964929201e+00
-5.31220010693e+00
-5.52616852001e+00
-5.59274317307e+00
-5.38850884354e+00
-5.40860951510e+00
-5.22417369276e+00
-5.52685459316e+00
-5.23460601414e+00
-5.62708710766e+00
-5.56522745307e+00
-5.32181133131e+00
-5.33345380392e+00
-5.47593354476e+00
-5.20177285539e+00
-5.60986122548e+00
-5.41136842229e+00
-5.42318640292e+00
-5.23164847243e+00
-5.57013875604e+00
-5.31775103817e+00
-5.21424361246e+00
-5.52065027513e+00
-5.42871245218e+00
-5.48474263710e+00
-5.63688948955e+00
-5.30276749769e+00
-5.44822053761e+00
-5.15636686188e+00
-5.37681709418e+00
-5.43253329855e+00
-5.28119038526e+00
-5.44641308092e+00
-5.27606949177e+00
-5.58065442183e+00
-5.35111470873e+00
-5.44770199539e+00
-5.17256919584e+00
-5.45638319043e+00
-5.30871006912e+00
-5.56953125841e+00
-5.38872418437e+00
-5.55564930080e+00
-5.43358982597e+00
-5.58465582181e+00
-5.51911011558e+00
-5.42089759705e+00
-5.24664474659e+00
-5.59529044798e+00
-5.55519491796e+00
-5.56870112046e+00
-5.46752637954e+00
-5.63315501726e+00
-5.41899030173e+00
-5.36872279729e+00
-5.52502350097e+00
-5.57279140624e+00
-5.37243704072e+00
-5.37228925370e+00
-5.71861461288e+00
-5.26755717885e+00
-5.39045430851e+00
-5.59844428490e+00
-5.49612111171e+00
-5.46919306508e+00
-5.48883035895e+00
-5.35472385358e+00
-5.40025933196e+00
-5.30404468968e+00
-5.39794002746e+00
-5.55623011220e+00
-5.31626999486e+00
-5.57648027067e+00
-5.32366096994e+00
-5.50711515842e+00
-5.41383600443e+00
-5.62457736633e+00
-5.59061977089e+00
-5.46742215294e+00
-5.36139732430e+00
-5.53442032313e+00
-5.29483965333e+00
-5.45383644011e+00
-5.37547335414e+00
-5.38299295122e+00
-5.46552687105e+00
-5.43893947543e+00
-5.63061298067e+00
-5.18871581442e+00
-5.30951590057e+00
-5.51404241097e+00
-5.28959856854e+00
-5.40569725696e+00
-5.63170805221e+00
-5.38487324613e+00
-5.65902907018e+00
-5.36003616238e+00
-5.44985807416e+00