9.61552674440e+00
9.58764058936e+00
9.64152153669e+00
9.59704047048e+00
9.57621010768e+00
9.55917959078e+00
9.57649527585e+00
9.74010038909e+00
9.47372599335e+00
9.57826774482e+00
9.66595965791e+00
9.47119563177e+00
9.59813206280e+00
9.45113298823e+00
9.64764383823e+00
9.55439702719e+00
9.56830947255e+00
9.67766716987e+00
9.46223227926e+00
9.47529952371e+00
9.51422928481e+00
9.60136505444e+00
9.48311325806e+00
9.55540362468e+00
9.52253155817e+00
9.53636987662e+00
9.58645341124e+00
9.59225900680e+00
9.58826176121e+00
9.54473350883e+00
9.69505876091e+00
9.57080681341e+00
9.60120940868e+00
9.56652829623e+00
9.54986733217e+00
9.52262416168e+00
9.52901105007e+00
9.67957298573e+00
9.67938161389e+00
9.60995912068e+00
9.49175385656e+00
9.54744932479e+00
9.60805417756e+00
9.68114211226e+00
9.53409756685e+00
9.48259915186e+00
9.62375814754e+00
9.60127100344e+00
9.53703184370e+00
9.60777865104e+00
9.55028232464e+00
9.56022602174e+00
9.51269470499e+00
9.52766855906e+00
9.58400321782e+00
9.53355043794e+00
9.53431767692e+00
9.60629027199e+00
9.55504741062e+00
9.61972833892e+00
9.50394414035e+00
9.46595501243e+00
9.59713176062e+00
9.53043831529e+00
9.58583989209e+00
9.57191733771e+00
9.51757795778e+00
9.57172727615e+00
9.58542894376e+00
9.49267114705e+00
9.55483048710e+00
9.61985035591e+00
9.61395441927e+00
9.55963644665e+00
9.61185766859e+00
9.56686887235e+00
9.53099738938e+00
9.53769664320e+00
9.58259828440e+00
9.47119061039e+00
9.65157769860e+00
9.58224297193e+00
9.63615999086e+00
9.59929061962e+00
9.60078540548e+00
9.58289226363e+00
9.49771388618e+00
9.59607746427e+00
9.55121276076e+00
9.54638128473e+00
9.64661321629e+00
9.63239909494e+00
9.54610439599e+00
9.52647400318e+00
9.60590309584e+00
9.58035984450e+00
9.53687928774e+00
9.52826776183e+00
9.65073658601e+00
9.58871582177e+00
9.54261979013e+00
9.59020282787e+00
9.57786776466e+00
9.56373981728e+00
9.44228212894e+00
9.58643159195e+00
9.55769928632e+00
9.57751799394e+00
9.60509577687e+00
9.54624253431e+00
9.57437818431e+00
9.50777120446e+00
9.60488830500e+00
9.45479666179e+00
9.62023504786e+00
9.60374478797e+00
9.59725026837e+00
9.56346084776e+00
9.48158963049e+00
9.61450138775e+00
9.55214987168e+00
9.57908307391e+00
9.56934217066e+00
9.71489372155e+00
9.65388010460e+00
9.46588789625e+00
9.53802671342e+00
9.57857897186e+00
9.53738927748e+00
9.56660926596e+00
9.55474627682e+00
9.60668251268e+00
9.63370272101e+00
9.62305588561e+00
9.52788317797e+00
9.60796544354e+00
9.66946570765e+00
9.52357009579e+00
9.58786893527e+00
9.65927846321e+00
9.68741107714e+00
9.50638384920e+00
9.53726706228e+00
9.57366265041e+00
9.55915984121e+00
9.63732561125e+00
9.61936946247e+00
9.51121351318e+00
9.57098715091e+00
9.52316481337e+00
9.50536547968e+00
9.54048023164e+00
9.51097895029e+00
9.58237799023e+00
9.51595768891e+00
9.61694409266e+00
9.54372889814e+00
9.51125632716e+00
9.53826436307e+00
9.56076314916e+00
9.58399298585e+00
9.48328816053e+00
9.57571348858e+00
9.55786121123e+00
9.54184720793e+00
9.57271662746e+00
9.59072030175e+00
9.58415777814e+00
9.52359728428e+00
9.58379482432e+00
9.56867656437e+00
9.53995483011e+00
9.54882639761e+00
9.59364880633e+00
9.51562022459e+00
9.59475042487e+00
9.47738230157e+00
9.62094182908e+00
9.61835225859e+00
9.54387811461e+00
9.58330193733e+00
9.60430620332e+00
9.63420959499e+00
9.61117703369e+00
9.58323529929e+00
9.57498400975e+00
9.66566936428e+00
9.66325068392e+00
9.63960997712e+00
9.54633715542e+00
9.61428043423e+00
9.53857728641e+00
9.50821984956e+00
9.52546472207e+00
9.55227050292e+00
9.51661118667e+00
9.66994029047e+00
9.51796479027e+00
9.53598557386e+00
9.57695582377e+00
9.52857452423e+00
9.59267452515e+00
9.60872471728e+00
9.51382084894e+00
9.58996109951e+00
9.52081188466e+00
9.60096200962e+00
9.52504538174e+00
9.55552263486e+00
9.55740484428e+00
9.58657085754e+00
9.57683750499e+00
9.56957521635e+00
9.57363489017e+00
9.59093121525e+00
9.59955330750e+00
9.55012204636e+00
9.58789164719e+00
9.56208710460e+00
9.59343166648e+00
9.52610703538e+00
9.67039227030e+00
9.55745948822e+00
9.58085129072e+00
9.49401770294e+00
9.57473089097e+00
9.64597916261e+00
9.65683711686e+00
9.64967654550e+00
9.70589848860e+00
9.58194027416e+00
9.53437768618e+00
9.51952246931e+00
9.52044432334e+00
9.63372151680e+00
9.56749021686e+00
9.55907180924e+00
9.62586803955e+00
9.60280067479e+00
9.62068678089e+00
9.60003191150e+00
9.60610157499e+00
9.53928203296e+00
9.54524312375e+00
9.51341918343e+00
9.64180709779e+00
9.47208788005e+00
9.61791900980e+00
9.56470822855e+00
9.60835120205e+00
9.64770288325e+00
9.56193542775e+00
9.55535984815e+00
9.52155835148e+00
9.60507958248e+00
9.50468048281e+00
9.51886704402e+00
9.66146660477e+00
9.61302464576e+00
9.64349211513e+00
9.60554147484e+00
9.62696969849e+00
9.49025926057e+00
9.57696982259e+00
9.57085957893e+00
9.51578350096e+00
9.67440068461e+00
9.63218071181e+00
9.59476411215e+00
9.47593962578e+00
9.51556001282e+00
9.62327752415e+00
9.55724306919e+00
9.49948212167e+00
9.58900542072e+00
9.64118836031e+00
9.49330390811e+00
9.54514351432e+00
9.63188379149e+00
9.49830071115e+00
9.56567114678e+00
9.57426140734e+00
9.60398658978e+00
9.52871346720e+00
9.59957204103e+00
9.59275092880e+00
9.51708187048e+00
9.47480019007e+00
9.52365861581e+00
9.61184361351e+00
9.53156148435e+00
9.54057150934e+00
9.59034757804e+00
9.53949628537e+00
9.56746735542e+00
9.52323720057e+00
9.49810370060e+00
9.60177000001e+00
9.60427696936e+00
9.50177535902e+00
9.59632355679e+00
9.55090169718e+00
9.61015721698e+00
9.59868166641e+00
9.52888919648e+00
9.64412260127e+00
9.61963089793e+00
9.50975988747e+00
9.59311722674e+00
9.53121938768e+00
9.45922490790e+00
9.58428573564e+00
9.54308735981e+00
9.63143426734e+00
9.59114015073e+00
9.56810293806e+00
9.60128775928e+00
9.58496854540e+00
9.65550216463e+00
9.57405097069e+00
9.57586015177e+00
9.55523556971e+00
9.62088367209e+00
9.47855099825e+00
9.56812730057e+00
9.64064078479e+00
9.64415543686e+00
9.62099600834e+00
9.60844254366e+00
9.55528974192e+00
9.59506331954e+00
9.48434829508e+00
9.53485910077e+00
9.63639900520e+00
9.59264579173e+00
9.54287700092e+00
9.53173293153e+00
9.50969354172e+00
9.64733558378e+00
9.48324096414e+00
9.56218897035e+00
9.71573823253e+00
9.49823201695e+00
9.54942753137e+00
9.52982724521e+00
9.71341064410e+00
9.51979088478e+00
9.71261229504e+00
9.63651164419e+00
9.57329910873e+00
9.56679987266e+00
9.60171170948e+00
9.66297847409e+00
9.58608222920e+00
9.54741322813e+00
9.46901380617e+00
9.55616308870e+00
9.55544898398e+00
9.56262370396e+00
9.57100793027e+00
9.61976013279e+00
9.57503319517e+00
9.55459960355e+00
9.49410852143e+00
9.60583323232e+00
9.53930067303e+00
9.63206327741e+00
9.55607982625e+00
9.53396414720e+00
9.51442334446e+00
9.57999099988e+00
9.59140457655e+00
9.60482000132e+00
9.58366012127e+00
9.46537743077e+00
9.56050354683e+00
9.47861970872e+00
9.50583273603e+00
9.59238612748e+00
9.56579339175e+00
9.53773071476e+00
9.56053206992e+00
9.59077937080e+00
9.50722399402e+00
9.56799594516e+00
9.55995151509e+00
9.56460617238e+00
9.55689742424e+00
9.62195254680e+00
9.58296273163e+00
9.59063886512e+00
9.64847976629e+00
9.56709506908e+00
9.56047012723e+00
9.54175633504e+00
9.59264502299e+00
9.55418363253e+00
9.55483585407e+00
9.61294069387e+00
9.44949563071e+00
9.59005248500e+00
9.62191135681e+00
9.62124409575e+00
9.55715687686e+00
9.49163879731e+00
9.60761995307e+00
9.51833360410e+00
9.60182333612e+00
9.57404223521e+00
9.57234920220e+00
9.57657579584e+00
9.51177941878e+00
9.52019177938e+00
9.55908918279e+00
9.51295452386e+00
9.54339982828e+00
9.46640780918e+00
9.52507660869e+00
9.53952529860e+00
9.60669730545e+00
9.53868794467e+00
9.56416382268e+00
9.57364390147e+00
9.52312990439e+00
9.52717279936e+00
9.67852866696e+00
9.64382167229e+00
9.45970776349e+00
9.57182464802e+00
9.58758112156e+00
9.59619310350e+00
9.51325111925e+00
9.59916604961e+00
9.59790708571e+00
9.61112243993e+00
9.58921744412e+00
9.54693518846e+00
9.61792027195e+00
9.46148444215e+00
9.60564559400e+00
9.46895806013e+00
9.50094827574e+00
9.51377660695e+00
9.63439191388e+00
9.55708359589e+00
9.52074896241e+00
9.52250851983e+00
9.62703997380e+00
9.53574008042e+00
9.53718646327e+00
9.57702670643e+00
9.53674466028e+00
9.60719360266e+00
9.59911503679e+00
9.49326849233e+00
9.59832117669e+00
9.61806496982e+00
9.54865830564e+00
9.59216192544e+00
9.40923846736e+00
9.63978293523e+00
9.64697932281e+00
9.55654918407e+00
9.63985797519e+00
9.51284781078e+00
9.56094449194e+00
9.60583756546e+00
9.45894218078e+00
9.53418529459e+00
9.51698706776e+00
9.56265818406e+00
9.64086699625e+00
9.52944045754e+00
9.65280475162e+00
9.58559918720e+00
9.58392481653e+00
9.51752151269e+00
9.62979350588e+00
9.60520583552e+00
9.54278360256e+00
9.52726660775e+00
9.56176565977e+00
9.50925133405e+00
9.53315084760e+00
9.61486253561e+00
9.50938560348e+00
9.65987335429e+00
9.56539475118e+00
9.57455287272e+00
9.53920328672e+00
9.57671389430e+00
9.57070041357e+00
9.62360949342e+00
9.46622469895e+00
9.51802170356e+00
9.50064404971e+00
9.48178351267e+00
9.58698642416e+00
9.56362456465e+00
9.48411534900e+00
9.57039640132e+00