6.06824397749e-01
6.12977868157e-01
6.09718334855e-01
6.03120043839e-01
6.05052137730e-01
6.01047050316e-01
6.05769263271e-01
6.05313603065e-01
6.04053812424e-01
6.02328381564e-01
6.02964354424e-01
6.02884276841e-01
6.02293249427e-01
6.04031895677e-01
6.05634142635e-01
6.06659298992e-01
6.01279148347e-01
6.08232411821e-01
6.03515130122e-01
6.07162341059e-01
6.01685455978e-01
6.06527788690e-01
6.06007153155e-01
6.04936614824e-01
6.00713675855e-01
6.03709321466e-01
6.08496859132e-01
6.08587546519e-01
6.06358915556e-01
6.04718864264e-01
6.03991427475e-01
6.09024532092e-01
6.02209889533e-01
6.12015286255e-01
6.01990593130e-01
6.02514039462e-01
6.08115317498e-01
6.10276696952e-01
6.04592176642e-01
6.08358341384e-01
6.09216421754e-01
6.02116202101e-01
6.08914577637e-01
6.07855670448e-01
6.15179415820e-01
6.06515309374e-01
5.97473009059e-01
6.06649696622e-01
6.07298701771e-01
6.00837230369e-01
6.01136627109e-01
6.09012545557e-01
6.09572749420e-01
6.05519457417e-01
6.02858929003e-01
6.08384085573e-01
6.03938867533e-01
6.04044549359e-01
6.03934795576e-01
6.07582166675e-01
6.01991019234e-01
6.07799735142e-01
6.07945195364e-01
6.12742892568e-01
6.10815402401e-01
6.04714001895e-01
6.03546132980e-01
6.12615224679e-01
6.06349838354e-01
6.07425069759e-01
6.07513871876e-01
6.05588854623e-01
6.14219470936e-01
6.00062817342e-01
6.06939257962e-01
6.05475668707e-01
6.10558652595e-01
6.02385313453e-01
6.02982760590e-01
6.01929896167e-01
6.11297878381e-01
6.06967849705e-01
6.07308028810e-01
6.07608764270e-01
6.07784655988e-01
6.03631674648e-01
6.01995760661e-01
6.11286434165e-01
6.03664425001e-01
6.03832142403e-01
6.02226275622e-01
6.07997477995e-01
6.03474053155e-01
6.08000239369e-01
6.07922832089e-01
6.07600919011e-01
6.08643049517e-01
6.01239886856e-01
6.05472996270e-01
6.05680675505e-01
6.00336852146e-01
6.06197446487e-01
6.06265998382e-01
6.07912708073e-01
6.03607992627e-01
6.05983611874e-01
6.05159968532e-01
6.07119943890e-01
6.02556558599e-01
6.06581141942e-01
6.02008790751e-01
6.03721581304e-01
6.10614627745e-01
6.06503795990e-01
6.08871600619e-01
6.01954608386e-01
6.00555747781e-01
6.07012642166e-01
6.06969083613e-01
6.03888713096e-01
6.09432665100e-01
6.04135862456e-01
6.07848786133e-01
6.06440392916e-01
6.01316725907e-01
6.02364698869e-01
6.09946406663e-01
6.07469239899e-01
6.02506405365e-01
6.01288452025e-01
6.09053684698e-01
6.07978895466e-01
6.07579239575e-01
6.07567276934e-01
6.04830418910e-01
6.04850460050e-01
6.11250677940e-01
6.02874273914e-01
6.12366877771e-01
6.08531027308e-01
6.05128528060e-01
6.02748193144e-01
6.03459358755e-01
6.11534858843e-01
6.04901734946e-01
6.10397051425e-01
6.07460013815e-01
6.04747871919e-01
6.07421252993e-01
6.06655067585e-01
6.08041536776e-01
5.99604906747e-01
6.09544033989e-01
6.06418729864e-01
6.07478519372e-01
6.02081697672e-01
6.06141454918e-01
5.97865390277e-01
6.04999530903e-01
6.01822405287e-01
6.08038985049e-01
6.05037250544e-01
6.02169476859e-01
6.09589613544e-01
6.00499360641e-01
6.09909948511e-01
6.03174847123e-01
6.08178586034e-01
6.05624272974e-01
6.10532507987e-01
6.07462159712e-01
6.14023094600e-01
6.03255267195e-01
6.03818167953e-01
6.04760400273e-01
6.04786896847e-01
6.06160995769e-01
6.03541861059e-01
6.14596676126e-01
6.02833311248e-01
6.09354496967e-01
6.07331725096e-01
6.05602776164e-01
5.99520450861e-01
6.11202355803e-01
6.08709540437e-01
6.05209166987e-01
6.09340349572e-01
6.06595585630e-01
6.02457284936e-01
6.06252066769e-01
6.03180107886e-01
6.08651628274e-01
6.05960278844e-01
6.01307812744e-01
6.04990910823e-01
6.10761849479e-01
6.02656836620e-01
6.08011902345e-01
6.05431937934e-01
6.08116040364e-01
6.07159169479e-01
6.03428780539e-01
6.03407198972e-01
6.06558908181e-01
6.04368948531e-01
6.10643475675e-01
6.06533171731e-01
6.09028563317e-01
6.04151542101e-01
6.07208227266e-01
6.09290473576e-01
6.01085819528e-01
6.04918502810e-01
5.99547637096e-01
6.04966684587e-01
6.07866572553e-01
5.98977051929e-01
6.08958178934e-01
6.03580780746e-01
6.09520755758e-01
6.10897769365e-01
6.10202359796e-01
6.06026265069e-01
6.04660103548e-01
6.11287021491e-01
6.07443585868e-01
6.05321823337e-01
6.08279769703e-01
6.10474936991e-01
6.06614780798e-01
6.03841892533e-01
6.08558692330e-01
6.06292254151e-01
6.07972483769e-01
6.07805426183e-01
6.11680342589e-01
6.10608093164e-01
6.05512233127e-01
6.09496745180e-01
6.04857505658e-01
6.08516896254e-01
6.03173230664e-01
6.13099735121e-01
6.10312603601e-01
6.08523804298e-01
6.02926550859e-01
6.07043573019e-01
6.06452729780e-01
6.04613334921e-01
6.08779695141e-01
6.03081765100e-01
6.04842342739e-01
6.01678583616e-01
6.04871594173e-01
6.03917757441e-01
6.09801658688e-01
6.07605130598e-01
6.07350550416e-01
6.09193826047e-01
6.02094408040e-01
6.07462015509e-01
6.10468788755e-01
6.07516185961e-01
6.05491705595e-01
6.12248783047e-01
6.06580315781e-01
6.08724632641e-01
6.00285654377e-01
6.05073591414e-01
6.04138676642e-01
6.08310033646e-01
6.04054088121e-01
6.08910954706e-01
6.15687393190e-01
6.07279923848e-01
6.08262749472e-01
6.03498369737e-01
6.04392308710e-01
6.09021762478e-01
6.05102884411e-01
6.09033530026e-01
6.03704281258e-01
6.07181415971e-01
6.08170593912e-01
6.09228456847e-01
5.99063983627e-01
6.05104151933e-01
6.04066056824e-01
6.11684102860e-01
5.96364328337e-01
6.04344759043e-01
6.06189555529e-01
6.05566686652e-01
5.98683391659e-01
6.08925119574e-01
6.06227193329e-01
6.07853488676e-01
6.08148072472e-01
6.04146855996e-01
6.06252047984e-01
6.03506959912e-01
6.04811955312e-01
6.06819286417e-01
6.08681931332e-01
6.06315247695e-01
6.11530720505e-01
6.09769376457e-01
6.10158433665e-01
6.07561982100e-01
6.05988925631e-01
6.06024303818e-01
6.04490257891e-01
6.06201397479e-01
6.05879508421e-01
6.01165218059e-01
6.01902041679e-01
6.09193933602e-01
6.09280563676e-01
6.12918551875e-01
6.04928987983e-01
6.01691632408e-01
6.01147318091e-01
6.04033980882e-01
6.03851564027e-01
6.01505833112e-01
6.06658338912e-01
6.08403877988e-01
6.08925761362e-01
6.06159025081e-01
6.06073271938e-01
6.05274785719e-01
6.08337705696e-01
6.09880621598e-01
6.04682016681e-01
6.03489138693e-01
6.11312452912e-01
6.03987238369e-01
6.09989167768e-01
5.98159832052e-01
6.04769868991e-01
6.07164794212e-01
6.04139126931e-01
6.01019668041e-01
6.00985382688e-01
6.07735427402e-01
6.06945405942e-01
6.11586503024e-01
6.10814292929e-01
6.07917352645e-01
6.10898611883e-01
6.09635213250e-01
6.08122711540e-01
6.06922794404e-01
6.05545602491e-01
6.10970735540e-01
6.00734789611e-01
6.09866125926e-01
6.06895059030e-01
6.10792370836e-01
6.04436031523e-01
6.11280078287e-01
6.03277136454e-01
6.05469018396e-01
6.06424565992e-01
6.07871379215e-01
6.12089974638e-01
5.98897083735e-01
6.06994265749e-01
6.07086383265e-01
6.10651010524e-01
6.05333349108e-01
6.04775848810e-01
6.00708914708e-01
6.03940817719e-01
6.03179259807e-01
6.07945812048e-01
6.07322973781e-01
6.04314617236e-01
6.05989426233e-01
6.09335407727e-01
6.04462791092e-01
6.06538278697e-01
6.08253967433e-01
6.05352153254e-01
6.11101864728e-01
6.07027360244e-01
6.07636163960e-01
6.03725092665e-01
6.03352731108e-01
6.07465384144e-01
6.04583108846e-01
6.08748383705e-01
6.06906302352e-01
6.10437792171e-01
6.00868961387e-01
6.07586456376e-01
6.05946118634e-01
5.98331265949e-01
6.00861672796e-01
6.08506163042e-01
6.01837997251e-01
6.07548013525e-01
6.03375390525e-01
6.07570161454e-01
6.08866867805e-01
6.06923056778e-01
6.04674723506e-01
6.05646993262e-01
6.13174127345e-01
6.08462015753e-01
6.08803536696e-01
6.00575348151e-01
6.04152274347e-01
6.05334723958e-01
6.04824774120e-01
6.05641866182e-01
6.06541232010e-01
6.00438828162e-01
6.04079734445e-01
6.06411746824e-01
6.02986099332e-01
6.05715844697e-01
6.00695198986e-01
6.05283909590e-01
6.03502656850e-01
6.06872848572e-01
6.02556997721e-01
6.16383226467e-01
6.06221234608e-01
6.10663413253e-01
6.01841992359e-01
6.02038808875e-01
6.08267349315e-01
6.08119276044e-01
6.10069499493e-01
5.98676452297e-01
6.09221190972e-01
6.03964259396e-01
6.04087407356e-01
6.14223911859e-01
6.07439913222e-01
6.05381332764e-01
6.04594776275e-01
6.03267375491e-01
6.05196578983e-01
6.00009437623e-01
6.04587227591e-01
6.08632909283e-01
6.02260754647e-01
6.09315591059e-01
6.04964752142e-01
5.99972637319e-01
6.03596489285e-01
6.01626505088e-01
6.01891619922e-01
6.08306763194e-01
6.04645091893e-01
6.12407636131e-01
5.97612942938e-01
6.05729125483e-01
6.08093781445e-01
5.98135074264e-01
6.10516630132e-01
6.10583063481e-01
6.03516379903e-01
6.05563136314e-01
6.02196396207e-01
6.05709951085e-01
6.03608397906e-01
6.07145800277e-01
6.04589136653e-01
6.05823203181e-01
6.04813328615e-01
6.02513028380e-01
6.12681323958e-01
6.04382161027e-01
6.06775464849e-01
6.09959630315e-01
6.11900417034e-01
6.06107007041e-01
6.04832170088e-01
6.05803218797e-01
6.00189529466e-01
6.05787657295e-01
6.12873110659e-01
5.98644899102e-01
6.07017316218e-01
6.05805598270e-01
6.07513005757e-01
6.05294168449e-01
6.00166437820e-01
6.09593183317e-01
6.05469928912e-01
6.04404877215e-01
6.09099556283e-01
6.06584729750e-01
6.03275100171e-01
5.96925516765e-01
6.03269310677e-01
6.05886057343e-01