-8.48739240988e+00
-8.35703170016e+00
-8.49927430582e+00
-8.31824741180e+00
-8.28709265267e+00
-8.51962533509e+00
-8.46809097641e+00
-8.20537616387e+00
-8.44659786363e+00
-8.44849974324e+00
-8.38500333309e+00
-8.55129421909e+00
-8.39760323172e+00
-8.39369141627e+00
-8.49447954813e+00
-8.31551483887e+00
-8.41987756275e+00
-8.28145869647e+00
-8.44660161123e+00
-8.50939122719e+00
-8.39908121053e+00
-8.53505510322e+00
-8.33221958528e+00
-8.42946009184e+00
-8.62392521348e+00
-8.36209063542e+00
-8.44457236144e+00
-8.64384506232e+00
-8.24277722006e+00
-8.33293847965e+00
-8.54680550275e+00
-8.40652898299e+00
-8.32978452609e+00
-8.48379456728e+00
-8.40388603382e+00
-8.63893162820e+00
-8.41625775517e+00
-8.44221547254e+00
-8.40024941123e+00
-8.49876190837e+00
-8.41567183582e+00
-8.53876680222e+00
-8.41577349836e+00
-8.47404000315e+00
-8.37221687975e+00
-8.54196116856e+00
-8.24034771930e+00
-8.37376436363e+00
-8.41177075242e+00
-8.39057670693e+00
-8.30895041239e+00
-8.43135816660e+00
-8.46797563220e+00
-8.29101591830e+00
-8.21540928881e+00
-8.54417317420e+00
-8.22816504469e+00
-8.32503480841e+00
-8.28032160461e+00
-8.37239668124e+00
-8.46040074907e+00
-8.31315638679e+00
-8.35634908186e+00
-8.31034286473e+00
-8.38781693886e+00
-8.45217673380e+00
-8.25548100693e+00
-8.29208823689e+00
-8.60138929218e+00
-8.31524065142e+00
-8.33708323822e+00
-8.38706961444e+00
-8.42404386409e+00
-8.40522457363e+00
-8.26436246101e+00
-8.42055887715e+00
-8.37875628642e+00
-8.17250568794e+00
-8.38075969210e+00
-8.30441220030e+00
-8.72858862252e+00
-8.40736748890e+00
-8.51018605386e+00
-8.50017207683e+00
-8.33456385585e+00
-8.42827076651e+00
-8.45805882000e+00
-8.20853737468e+00
-8.45209307780e+00
-8.39534676234e+00
-8.46152861778e+00
-8.48127005671e+00
-8.58293305882e+00
-8.30230148538e+00
-8.53551893604e+00
-8.19811045016e+00
-8.43570650358e+00
-8.36455394097e+00
-8.64300684323e+00
-8.30854027632e+00
-8.52330391738e+00
-8.41513657441e+00
-8.57591486818e+00
-8.51173765606e+00
-8.45032848395e+00
-8.38405878448e+00
-8.61204828081e+00
-8.45652370027e+00
-8.38281007903e+00
-8.32645702204e+00
-8.47960607891e+00
-8.43043585461e+00
-8.45576591401e+00
-8.45217947707e+00
-8.61375641464e+00
-8.45570732834e+00
-8.35427351985e+00
-8.42363882311e+00
-8.31130494492e+00
-8.30502205544e+00
-8.37624741005e+00
-8.36629707595e+00
-8.45948153954e+00
-8.62850538411e+00
-8.32198891454e+00
-8.51617220930e+00
-8.39255621971e+00
-8.46423941583e+00
-8.44736968872e+00
-8.36345589629e+00
-8.34642651749e+00
-8.61533875936e+00
-8.28948803986e+00
-8.54655932193e+00
-8.40731948722e+00
-8.42793626400e+00
-8.49267203451e+00
-8.50115843590e+00
-8.30626492385e+00
-8.29903347822e+00
-8.32187174206e+00
-8.38930830429e+00
-8.39025514549e+00
-8.39682543761e+00
-8.18636592412e+00
-8.27501330212e+00
-8.47942168591e+00
-8.63810007317e+00
-8.46549157613e+00
-8.49154824632e+00
-8.28524498037e+00
-8.51888587944e+00
-8.41741087950e+00
-8.35531179232e+00
-8.30811209123e+00
-8.31419916481e+00
-8.40952538289e+00
-8.45352667862e+00
-8.43254599704e+00
-8.40010672186e+00
-8.41934662055e+00
-8.39512291736e+00
-8.45541891922e+00
-8.60226381096e+00
-8.48564792942e+00
-8.53048736587e+00
-8.40305447642e+00
-8.39061769398e+00
-8.26375667441e+00
-8.51757176858e+00
-8.41146156234e+00
-8.54136242411e+00
-8.49455024737e+00
-8.56705397440e+00
-8.49258778901e+00
-8.33247295160e+00
-8.47044002304e+00
-8.24910388378e+00
-8.38300407444e+00
-8.35121842228e+00
-8.68917843867e+00
-8.45547302355e+00
-8.51820667195e+00
-8.29628259657e+00
-8.34778979103e+00
-8.43540972555e+00
-8.44026743260e+00
-8.49357153800e+00
-8.45187644540e+00
-8.32616649853e+00
-8.34573071096e+00
-8.54654761014e+00
-8.35628968625e+00
-8.55092880430e+00
-8.57665429968e+00
-8.41828577685e+00
-8.44235319495e+00
-8.36064516487e+00
-8.54059297753e+00
-8.40419355344e+00
-8.40862548821e+00
-8.54941751038e+00
-8.33733864938e+00
-8.37672933268e+00
-8.42121285906e+00
-8.53400959477e+00
-8.48382131431e+00
-8.23796686226e+00
-8.34069668036e+00
-8.53056499761e+00
-8.27593723622e+00
-8.35068289177e+00
-8.26195390715e+00
-8.39212505765e+00
-8.43156485768e+00
-8.39226853141e+00
-8.55089462101e+00
-8.36520521013e+00
-8.47099990357e+00
-8.40877848208e+00
-8.46121156966e+00
-8.40372632083e+00
-8.39179317933e+00
-8.36246010565e+00
-8.44260599545e+00
-8.47929079160e+00
-8.46219997004e+00
-8.42764688648e+00
-8.48723231355e+00
-8.35402857738e+00
-8.26309097551e+00
-8.49993350092e+00
-8.45807890802e+00
-8.44083655825e+00
-8.40338001528e+00
-8.56235934981e+00
-8.36392803051e+00
-8.44666908752e+00
-8.40049556844e+00
-8.47710264709e+00
-8.59332889556e+00
-8.54744222745e+00
-8.46179529295e+00
-8.45989059672e+00
-8.50363753334e+00
-8.48174990009e+00
-8.35015450947e+00
-8.65721443754e+00
-8.48648399492e+00
-8.51025995176e+00
-8.53851722566e+00
-8.26457480141e+00
-8.32109819433e+00
-8.47777445249e+00
-8.60690087474e+00
-8.47510188837e+00
-8.44515599080e+00
-8.34780323038e+00
-8.49727260603e+00
-8.42154222777e+00
-8.37505852121e+00
-8.42972237681e+00
-8.46382095864e+00
-8.55700612065e+00
-8.34229848270e+00
-8.31027440008e+00
-8.38558894174e+00
-8.49065444482e+00
-8.37696797558e+00
-8.22567525505e+00
-8.57056602840e+00
-8.64332214414e+00
-8.41014116590e+00
-8.47931041945e+00
-8.43652004933e+00
-8.59498484865e+00
-8.39230273425e+00
-8.41873992237e+00
-8.34433891504e+00
-8.25673794708e+00
-8.50111291396e+00
-8.43107038145e+00
-8.54489551774e+00
-8.50965225773e+00
-8.38338635382e+00
-8.34638042554e+00
-8.41523619696e+00
-8.53741193884e+00
-8.56185317215e+00
-8.52628327518e+00
-8.32999478336e+00
-8.34731126181e+00
-8.45143232128e+00
-8.37336477193e+00
-8.43916592238e+00
-8.54125825173e+00
-8.34595308268e+00
-8.55829055163e+00
-8.49762086505e+00
-8.50086643937e+00
-8.50313499056e+00
-8.39440501844e+00
-8.42946608987e+00
-8.42190239889e+00
-8.32015019890e+00
-8.39743161916e+00
-8.45367216913e+00
-8.32431178452e+00
-8.40245226720e+00
-8.44925188508e+00
-8.48157903408e+00
-8.39636131348e+00
-8.37492299899e+00
-8.52918347192e+00
-8.49990265760e+00
-8.57698469068e+00
-8.40705652230e+00
-8.56050830162e+00
-8.37869794806e+00
-8.49043635750e+00
-8.39944279668e+00
-8.41889777831e+00
-8.48688722234e+00
-8.49642071894e+00
-8.45803531605e+00
-8.45049187432e+00
-8.26256943025e+00
-8.49841426497e+00
-8.36187396360e+00
-8.54261468652e+00
-8.50102495528e+00
-8.34132436177e+00
-8.47312121852e+00
-8.43519679890e+00
-8.35035574418e+00
-8.32075670394e+00
-8.22927540351e+00
-8.40863026147e+00
-8.45705820151e+00
-8.41653072806e+00
-8.46106189469e+00
-8.47906772983e+00
-8.35592077753e+00
-8.32347096666e+00
-8.40043899072e+00
-8.42642518321e+00
-8.24306657267e+00
-8.55987986571e+00
-8.55564674859e+00
-8.73647519359e+00
-8.50395372024e+00
-8.62952166385e+00
-8.22902537951e+00
-8.25369486279e+00
-8.38679124035e+00
-8.29093950074e+00
-8.63609074563e+00
-8.40220232586e+00
-8.47490478382e+00
-8.51280533088e+00
-8.46461444784e+00
-8.32074379695e+00
-8.47827473665e+00
-8.43864665244e+00
-8.50627957913e+00
-8.35271342200e+00
-8.53235871415e+00
-8.35181582699e+00
-8.41600562422e+00
-8.43884594811e+00
-8.38937105059e+00
-8.50897380075e+00
-8.47167271702e+00
-8.52420792180e+00
-8.50066536222e+00
-8.33338804355e+00
-8.44242269985e+00
-8.26408395436e+00
-8.35218798726e+00
-8.68029765516e+00
-8.45218967586e+00
-8.53774615243e+00
-8.28482968516e+00
-8.37132570302e+00
-8.47875412527e+00
-8.35040690986e+00
-8.23419223187e+00
-8.44079507782e+00
-8.41780806309e+00
-8.44632617526e+00
-8.51891613205e+00
-8.43789433698e+00
-8.65433924903e+00
-8.31372380429e+00
-8.47386380645e+00
-8.42718677196e+00
-8.25109758496e+00
-8.48527819088e+00
-8.40298071504e+00
-8.66400800732e+00
-8.39243727443e+00
-8.48898870512e+00
-8.36466928282e+00
-8.47820461195e+00
-8.38413286380e+00
-8.36987434752e+00
-8.35038418144e+00
-8.27070922469e+00
-8.58840704568e+00
-8.36258974930e+00
-8.33019969455e+00
-8.26601837231e+00
-8.30813825697e+00
-8.45849287017e+00
-8.15144837046e+00
-8.55190783152e+00
-8.56559456307e+00
-8.59690871224e+00
-8.45870209407e+00
-8.37716990879e+00
-8.42606020664e+00
-8.46015265837e+00
-8.46488181252e+00
-8.54883115303e+00
-8.57223058068e+00
-8.54489145189e+00
-8.46053741115e+00
-8.24132516889e+00
-8.27975396485e+00
-8.51921249977e+00
-8.44063713757e+00
-8.44368950791e+00
-8.42730713643e+00
-8.41500965355e+00
-8.29321642113e+00
-8.39906850513e+00
-8.42803751316e+00
-8.30963162631e+00
-8.27219926686e+00
-8.25060716644e+00
-8.34469256452e+00
-8.25633895106e+00
-8.37800455018e+00
-8.37711225772e+00
-8.45660224777e+00
-8.65125256716e+00
-8.45004524128e+00
-8.40724563358e+00
-8.46084225806e+00
-8.56551024408e+00
-8.41249322802e+00
-8.27086289358e+00
-8.36601692911e+00
-8.51547456722e+00
-8.47379569568e+00
-8.34960689655e+00
-8.37818981334e+00
-8.43747357216e+00
-8.60794366769e+00
-8.41458998434e+00
-8.48343445132e+00
-8.37664397329e+00
-8.48797889162e+00
-8.66259643378e+00
-8.63169261213e+00
-8.55186660159e+00
-8.35881349401e+00
-8.62429830378e+00
-8.64184550553e+00
-8.50124517950e+00
-8.37889300212e+00
-8.53987292442e+00
-8.30029163120e+00
-8.43139249379e+00
-8.52432324450e+00
-8.13084022258e+00
-8.48785132007e+00
-8.36358804150e+00
-8.32337438126e+00
-8.33807675748e+00
-8.35737224875e+00
-8.42011408000e+00
-8.46921855602e+00
-8.20488312841e+00
-8.42873316512e+00
-8.54529066126e+00
-8.55897492623e+00
-8.43314064815e+00
-8.46555208134e+00
-8.38956467641e+00
-8.54673470673e+00
-8.40576599658e+00
-8.47691896559e+00
-8.32505121646e+00
-8.41759938759e+00
-8.43487605028e+00
-8.55275396914e+00
-8.48795000593e+00
-8.54527550969e+00
-8.30602039686e+00
-8.42715064397e+00