8.02468398262e-01
8.02386353883e-01
8.02168443749e-01
8.02939555968e-01
8.02454095727e-01
8.02186010900e-01
8.02158137522e-01
8.02319830131e-01
8.02500120229e-01
8.02535701207e-01
8.02280498385e-01
8.02538277332e-01
8.02683337540e-01
8.02273128146e-01
8.02533912613e-01
8.02635103538e-01
8.02401016605e-01
8.02261926748e-01
8.02446221775e-01
8.02240032852e-01
8.02779988138e-01
8.02464525376e-01
8.02623319188e-01
8.02206212620e-01
8.02425094168e-01
8.02456238431e-01
8.02615561855e-01
8.02082692319e-01
8.02358493051e-01
8.02469551855e-01
8.02612473025e-01
8.02327870574e-01
8.02373106589e-01
8.02508045432e-01
8.02510200086e-01
8.02588695911e-01
8.02718970869e-01
8.02347059099e-01
8.02276288292e-01
8.02217596272e-01
8.02416971944e-01
8.02394616805e-01
8.02496897477e-01
8.02559345472e-01
8.02711750264e-01
8.02354724410e-01
8.02530891486e-01
8.02498837690e-01
8.02314094583e-01
8.02461140025e-01
8.02373711591e-01
8.02628605519e-01
8.02311849823e-01
8.02161269460e-01
8.02711350706e-01
8.02486557208e-01
8.02383176050e-01
8.02475149862e-01
8.02626941676e-01
8.02549485699e-01
8.02502192513e-01
8.02730910392e-01
8.02388336705e-01
8.02585250592e-01
8.02420183833e-01
8.02382224963e-01
8.02416370302e-01
8.02378614442e-01
8.02372283968e-01
8.02229339579e-01
8.02401736565e-01
8.02536567304e-01
8.02619313294e-01
8.02604319825e-01
8.02299684250e-01
8.02426787003e-01
8.02490533295e-01
8.02364908156e-01
8.02282503399e-01
8.02448447992e-01
8.02307311004e-01
8.02397781670e-01
8.02326112679e-01
8.02474306337e-01
8.02361428109e-01
8.02318612694e-01
8.02325472824e-01
8.02363110014e-01
8.02484624399e-01
8.02427816659e-01
8.02484026533e-01
8.02297370452e-01
8.02337273886e-01
8.02253103148e-01
8.02336854895e-01
8.02452975856e-01
8.02445966033e-01
8.02408583132e-01
8.02399683553e-01
8.02343132845e-01
8.02397526217e-01
8.02574442087e-01
8.02477055246e-01
8.02435884734e-01
8.02192608252e-01
8.02085979615e-01
8.02683671599e-01
8.02439775676e-01
8.02456012471e-01
8.02241151131e-01
8.02415741343e-01
8.02260017342e-01
8.02601045772e-01
8.02311364377e-01
8.02416445446e-01
8.02635459249e-01
8.02335262346e-01
8.02346278352e-01
8.02456706845e-01
8.02564373319e-01
8.02612692583e-01
8.02441755083e-01
8.02353004264e-01
8.02495794691e-01
8.02206803968e-01
8.02469359717e-01
8.02403115760e-01
8.02487827129e-01
8.02768230820e-01
8.02277257410e-01
8.02321981916e-01
8.02496455040e-01
8.02280212031e-01
8.02650914212e-01
8.02600911401e-01
8.02579100547e-01
8.02493303191e-01
8.02556770369e-01
8.02515863042e-01
8.02325527097e-01
8.02579469613e-01
8.02255653686e-01
8.02435076669e-01
8.02576388332e-01
8.02109942931e-01
8.02579970581e-01
8.02428462611e-01
8.02326655689e-01
8.02338298532e-01
8.02344839691e-01
8.02287757446e-01
8.02472844492e-01
8.02725119407e-01
8.02303434602e-01
8.02278131305e-01
8.02511981395e-01
8.02431276337e-01
8.02412627007e-01
8.02564591464e-01
8.02411177407e-01
8.02561702099e-01
8.02501226987e-01
8.02352308024e-01
8.02793750926e-01
8.02398573327e-01
8.02328254749e-01
8.02551222689e-01
8.02176670219e-01
8.02267788869e-01
8.02659619267e-01
8.02312344575e-01
8.02377473762e-01
8.02243320072e-01
8.02521228807e-01
8.02401740094e-01
8.02402074645e-01
8.02525768562e-01
8.02729040724e-01
8.02696733332e-01
8.02386817322e-01
8.02440277345e-01
8.02487588778e-01
8.02331190930e-01
8.02583746381e-01
8.02512414280e-01
8.02472273853e-01
8.02125727591e-01
8.02305243452e-01
8.02435553303e-01
8.02279671939e-01
8.02361482475e-01
8.02259852067e-01
8.02518656063e-01
8.02315655964e-01
8.02287837319e-01
8.02383970735e-01
8.02359153697e-01
8.02436650229e-01
8.02578729652e-01
8.02536441795e-01
8.02372672008e-01
8.02132600153e-01
8.02442276994e-01
8.02363034065e-01
8.02551652906e-01
8.02143167473e-01
8.02757379629e-01
8.02466762169e-01
8.02499026131e-01
8.02171571305e-01
8.02466221621e-01
8.02504224560e-01
8.02440800545e-01
8.02415849776e-01
8.02431007865e-01
8.02533232299e-01
8.02250901533e-01
8.02447767819e-01
8.02316494715e-01
8.02338425488e-01
8.02396453161e-01
8.02587200683e-01
8.02449367094e-01
8.02371060009e-01
8.02333547498e-01
8.02373817664e-01
8.02349046395e-01
8.02337243864e-01
8.02431559396e-01
8.02394631474e-01
8.02424841972e-01
8.02548555631e-01
8.02506530549e-01
8.02650760794e-01
8.02390269369e-01
8.02300271457e-01
8.02313117818e-01
8.02462565191e-01
8.02596774258e-01
8.02271717042e-01
8.02484763731e-01
8.02465034066e-01
8.02486061266e-01
8.02394267973e-01
8.02431077239e-01
8.02384243247e-01
8.02530129693e-01
8.02323483507e-01
8.02334107456e-01
8.02396152475e-01
8.02391729931e-01
8.02421833051e-01
8.02628825523e-01
8.02454734798e-01
8.02541368976e-01
8.02564327909e-01
8.02550551029e-01
8.02291171217e-01
8.02482988309e-01
8.02660868340e-01
8.02842666686e-01
8.02312036425e-01
8.02755940802e-01
8.02574970647e-01
8.02258741173e-01
8.02540218730e-01
8.02195447114e-01
8.02401924836e-01
8.02308072491e-01
8.02659269060e-01
8.02278763700e-01
8.02493106286e-01
8.02403375886e-01
8.02489644398e-01
8.02386289415e-01
8.02338346336e-01
8.02221177011e-01
8.02651598905e-01
8.02257187787e-01
8.02517154633e-01
8.02485255974e-01
8.02465860290e-01
8.02482551638e-01
8.02478459157e-01
8.02591240663e-01
8.02608099495e-01
8.02515029130e-01
8.02432546506e-01
8.02488787482e-01
8.02473651380e-01
8.02452960205e-01
8.02487694383e-01
8.02466161679e-01
8.02535140047e-01
8.02250453125e-01
8.02307894444e-01
8.02339545750e-01
8.02429135976e-01
8.02527789106e-01
8.02799176814e-01
8.02515666445e-01
8.02509481003e-01
8.02428749314e-01
8.02679572210e-01
8.02277558673e-01
8.02370607537e-01
8.02379433938e-01
8.02359798763e-01
8.02294547560e-01
8.02420801464e-01
8.02306938897e-01
8.02539669886e-01
8.02427977789e-01
8.02509300687e-01
8.02445333551e-01
8.02318971228e-01
8.02346352884e-01
8.02485700848e-01
8.02428676974e-01
8.02362551788e-01
8.02450939044e-01
8.02147667239e-01
8.02327166206e-01
8.02423684481e-01
8.02400810138e-01
8.02511808145e-01
8.02392085027e-01
8.02583451533e-01
8.02385138702e-01
8.02291918841e-01
8.02439205966e-01
8.02398404148e-01
8.02582687152e-01
8.02534508093e-01
8.02290940235e-01
8.02422571567e-01
8.02232794640e-01
8.02370810071e-01
8.02539042010e-01
8.02549990242e-01
8.02110077321e-01
8.02373264412e-01
8.02389154860e-01
8.02278436781e-01
8.02357582395e-01
8.02692318549e-01
8.02633336096e-01
8.02615056317e-01
8.02345308407e-01
8.02581951223e-01
8.02371941739e-01
8.02443789321e-01
8.02293833508e-01
8.02646056410e-01
8.02395223029e-01
8.02358124259e-01
8.02305742750e-01
8.02622031269e-01
8.02366973952e-01
8.02394249963e-01
8.02270349509e-01
8.02638865982e-01
8.02711753272e-01
8.02350945106e-01
8.02583160860e-01
8.02511606928e-01
8.02334743533e-01
8.02324950278e-01
8.02201365648e-01
8.02425693743e-01
8.02153835818e-01
8.02640957405e-01
8.02659462485e-01
8.02387212325e-01
8.02491311184e-01
8.02351925214e-01
8.02336975998e-01
8.02524506018e-01
8.02411768987e-01
8.02162788321e-01
8.02408545498e-01
8.02177641215e-01
8.02368348141e-01
8.02290307368e-01
8.02304482481e-01
8.02146818756e-01
8.02316708032e-01
8.02557367685e-01
8.02749082493e-01
8.02745121116e-01
8.02103836934e-01
8.02527220437e-01
8.02381758606e-01
8.02423966732e-01
8.02438544723e-01
8.02663608341e-01
8.02359797990e-01
8.02348494507e-01
8.02553936604e-01
8.02463366732e-01
8.02381982876e-01
8.02302759028e-01
8.02142181769e-01
8.02458121286e-01
8.02267720502e-01
8.02255158618e-01
8.02684076365e-01
8.02366489706e-01
8.02591067594e-01
8.02354593110e-01
8.02373305486e-01
8.02067467817e-01
8.02207782194e-01
8.02495113328e-01
8.02070492397e-01
8.02451210566e-01
8.02530225509e-01
8.02125140377e-01
8.02190990499e-01
8.02529376669e-01
8.02472779150e-01
8.02428629191e-01
8.02311087160e-01
8.02398971994e-01
8.02442995325e-01
8.02717858136e-01
8.02537823859e-01
8.02459624635e-01
8.02294423518e-01
8.02555310348e-01
8.02546614765e-01
8.02501893646e-01
8.02255014619e-01
8.02320195299e-01
8.02283677976e-01
8.02272377210e-01
8.02560007674e-01
8.02253704961e-01
8.02493967991e-01
8.02514855683e-01
8.02260547804e-01
8.02233267965e-01
8.02543009813e-01
8.02346636977e-01
8.02695732330e-01
8.02439199597e-01
8.02403839784e-01
8.02683518499e-01
8.02354227206e-01
8.02495688839e-01
8.02366611854e-01
8.02525666413e-01
8.02451215269e-01
8.02614490406e-01
8.02413738063e-01
8.02707469099e-01
8.02398205571e-01
8.02473665777e-01
8.02443545858e-01
8.02373254251e-01
8.02340518084e-01
8.02639754362e-01
8.02544401009e-01
8.02480170444e-01
8.02292238473e-01
8.02354533299e-01
8.02439946917e-01
8.02558409920e-01
8.02483916061e-01
8.02628296587e-01
8.02587793495e-01
8.02482941622e-01
8.02287218595e-01
8.02417344165e-01
8.02142721993e-01
8.02284683031e-01
8.02639363205e-01
8.02397791631e-01
8.02376582907e-01
8.02506842861e-01
8.02540095742e-01
8.02691573155e-01
8.02623100806e-01
8.02411306347e-01
8.02317212836e-01
8.02515979122e-01
8.02455327318e-01
8.02525203024e-01
8.02355483196e-01
8.02132466338e-01
8.02644508008e-01
8.02230512377e-01
8.02251003657e-01
8.02932302019e-01
8.02651572302e-01
8.02351379331e-01
8.02417718564e-01
8.02395586101e-01
8.02488122269e-01
8.02314014612e-01
8.02422811030e-01