1.38327499754e+00
1.38317094154e+00
1.38360974719e+00
1.38343297824e+00
1.38346922932e+00
1.38314891986e+00
1.38393791594e+00
1.38346701802e+00
1.38329482213e+00
1.38291935367e+00
1.38352715456e+00
1.38405091355e+00
1.38350988765e+00
1.38346561322e+00
1.38348738509e+00
1.38347610706e+00
1.38382105262e+00
1.38302466328e+00
1.38358861111e+00
1.38343510807e+00
1.38270645017e+00
1.38329257223e+00
1.38336471603e+00
1.38355420360e+00
1.38280095663e+00
1.38330567861e+00
1.38350374605e+00
1.38304832358e+00
1.38357708169e+00
1.38342557457e+00
1.38370572536e+00
1.38296098215e+00
1.38331132844e+00
1.38399553679e+00
1.38341707776e+00
1.38343021549e+00
1.38337772398e+00
1.38332627564e+00
1.38386736085e+00
1.38331120696e+00
1.38315214817e+00
1.38434482581e+00
1.38288954980e+00
1.38392948067e+00
1.38339827003e+00
1.38295524897e+00
1.38346994861e+00
1.38288531646e+00
1.38387845811e+00
1.38309529129e+00
1.38353693484e+00
1.38374278090e+00
1.38298319883e+00
1.38353533473e+00
1.38341329237e+00
1.38377762813e+00
1.38370174049e+00
1.38352467492e+00
1.38324047259e+00
1.38378364826e+00
1.38297362711e+00
1.38361079370e+00
1.38376181783e+00
1.38337636952e+00
1.38359902799e+00
1.38356581640e+00
1.38331240469e+00
1.38322022401e+00
1.38295238607e+00
1.38340529089e+00
1.38328977498e+00
1.38366819220e+00
1.38343117201e+00
1.38355231898e+00
1.38301704165e+00
1.38318715935e+00
1.38383009550e+00
1.38377389910e+00
1.38330705831e+00
1.38385378671e+00
1.38363104448e+00
1.38354956049e+00
1.38401645696e+00
1.38399389846e+00
1.38321892421e+00
1.38356850322e+00
1.38400516281e+00
1.38342763026e+00
1.38302063847e+00
1.38356620792e+00
1.38292007643e+00
1.38379528448e+00
1.38304842120e+00
1.38327003215e+00
1.38379316437e+00
1.38343463904e+00
1.38344099066e+00
1.38334887243e+00
1.38414925195e+00
1.38332971355e+00
1.38379009536e+00
1.38309910556e+00
1.38381222128e+00
1.38359459219e+00
1.38382025665e+00
1.38334260965e+00
1.38339777661e+00
1.38333019246e+00
1.38365405843e+00
1.38331414530e+00
1.38365268355e+00
1.38338971396e+00
1.38355922956e+00
1.38342521107e+00
1.38434463253e+00
1.38412807329e+00
1.38310442109e+00
1.38334315680e+00
1.38325885507e+00
1.38340712243e+00
1.38344030468e+00
1.38322373536e+00
1.38319829707e+00
1.38341343796e+00
1.38365421280e+00
1.38309009935e+00
1.38352253921e+00
1.38362089399e+00
1.38424248053e+00
1.38346602088e+00
1.38361174714e+00
1.38327729671e+00
1.38349983218e+00
1.38356322411e+00
1.38364999048e+00
1.38366107292e+00
1.38339978180e+00
1.38364610238e+00
1.38397608090e+00
1.38313336797e+00
1.38388606725e+00
1.38360259150e+00
1.38361323325e+00
1.38395116556e+00
1.38355796174e+00
1.38387645218e+00
1.38306042397e+00
1.38266756030e+00
1.38315625522e+00
1.38283490013e+00
1.38328439420e+00
1.38356021182e+00
1.38318388573e+00
1.38362353899e+00
1.38339444826e+00
1.38369300689e+00
1.38285621323e+00
1.38400672754e+00
1.38329048186e+00
1.38333594997e+00
1.38320276873e+00
1.38350569158e+00
1.38316772413e+00
1.38351089966e+00
1.38319991526e+00
1.38324544543e+00
1.38379290009e+00
1.38357316148e+00
1.38377323432e+00
1.38377439476e+00
1.38334319814e+00
1.38401339415e+00
1.38359340433e+00
1.38320366252e+00
1.38328327471e+00
1.38329640587e+00
1.38369540336e+00
1.38362624634e+00
1.38402752444e+00
1.38313345653e+00
1.38331813109e+00
1.38325688616e+00
1.38366393073e+00
1.38342071214e+00
1.38311853211e+00
1.38343575011e+00
1.38366017782e+00
1.38384161472e+00
1.38321850741e+00
1.38347681669e+00
1.38373686022e+00
1.38406628122e+00
1.38342389217e+00
1.38377315348e+00
1.38314902605e+00
1.38408027247e+00
1.38291325537e+00
1.38329279379e+00
1.38376062875e+00
1.38308589454e+00
1.38308401647e+00
1.38382546331e+00
1.38298446520e+00
1.38353375448e+00
1.38290672708e+00
1.38347986777e+00
1.38461789507e+00
1.38311567672e+00
1.38379839493e+00
1.38305886507e+00
1.38266743300e+00
1.38387122557e+00
1.38369049652e+00
1.38369409299e+00
1.38362635200e+00
1.38350867267e+00
1.38395886874e+00
1.38339556752e+00
1.38332587144e+00
1.38337422900e+00
1.38360169492e+00
1.38417448337e+00
1.38324686916e+00
1.38313478538e+00
1.38306756761e+00
1.38351364611e+00
1.38361277412e+00
1.38243747646e+00
1.38386553152e+00
1.38290427958e+00
1.38358650406e+00
1.38354899347e+00
1.38319470352e+00
1.38329437964e+00
1.38377728662e+00
1.38359043763e+00
1.38360025055e+00
1.38321073165e+00
1.38299068053e+00
1.38299969375e+00
1.38277263246e+00
1.38331752376e+00
1.38339897595e+00
1.38276853259e+00
1.38366289841e+00
1.38355498802e+00
1.38393889443e+00
1.38357923449e+00
1.38355908775e+00
1.38269089222e+00
1.38330311218e+00
1.38360599399e+00
1.38349826621e+00
1.38316631431e+00
1.38299216375e+00
1.38403135160e+00
1.38346857401e+00
1.38342166444e+00
1.38314341735e+00
1.38357273820e+00
1.38337124884e+00
1.38348647835e+00
1.38325769049e+00
1.38301570815e+00
1.38347207715e+00
1.38387865748e+00
1.38356057396e+00
1.38328288394e+00
1.38381133868e+00
1.38379284939e+00
1.38402708798e+00
1.38346553414e+00
1.38359835609e+00
1.38330715392e+00
1.38387015290e+00
1.38389603463e+00
1.38310020843e+00
1.38412230514e+00
1.38335036101e+00
1.38328484967e+00
1.38329090195e+00
1.38354303593e+00
1.38340786790e+00
1.38380027117e+00
1.38371741400e+00
1.38312611420e+00
1.38308965595e+00
1.38378239093e+00
1.38274860348e+00
1.38328394332e+00
1.38340013381e+00
1.38356386948e+00
1.38330583200e+00
1.38393393028e+00
1.38317985378e+00
1.38398301055e+00
1.38439347233e+00
1.38378536949e+00
1.38326387282e+00
1.38341609760e+00
1.38348169827e+00
1.38359824121e+00
1.38442960991e+00
1.38365260988e+00
1.38376920168e+00
1.38335367014e+00
1.38332624906e+00
1.38335246568e+00
1.38298005157e+00
1.38321651137e+00
1.38340278357e+00
1.38253103682e+00
1.38378572084e+00
1.38395512289e+00
1.38386072112e+00
1.38337122259e+00
1.38376105549e+00
1.38342034159e+00
1.38360956941e+00
1.38388525810e+00
1.38316010770e+00
1.38337057385e+00
1.38361173717e+00
1.38349935769e+00
1.38308818539e+00
1.38374884917e+00
1.38358119116e+00
1.38349102067e+00
1.38349219655e+00
1.38338046354e+00
1.38317691144e+00
1.38339976747e+00
1.38336236301e+00
1.38401445492e+00
1.38365076493e+00
1.38423543086e+00
1.38321000679e+00
1.38363780492e+00
1.38406567055e+00
1.38364571440e+00
1.38345518559e+00
1.38387011900e+00
1.38383564676e+00
1.38332445274e+00
1.38321383419e+00
1.38420253885e+00
1.38328445891e+00
1.38396748451e+00
1.38349258734e+00
1.38379648643e+00
1.38327677042e+00
1.38405895574e+00
1.38377559936e+00
1.38329472082e+00
1.38329300847e+00
1.38350449179e+00
1.38268095407e+00
1.38353725166e+00
1.38273377474e+00
1.38322482461e+00
1.38337931378e+00
1.38355427149e+00
1.38334556489e+00
1.38329585752e+00
1.38323846578e+00
1.38381778767e+00
1.38384707932e+00
1.38345440769e+00
1.38326129435e+00
1.38347942872e+00
1.38319387094e+00
1.38322158204e+00
1.38393634964e+00
1.38350330460e+00
1.38348642705e+00
1.38340935380e+00
1.38312307161e+00
1.38323693578e+00
1.38371136195e+00
1.38323660179e+00
1.38257648701e+00
1.38358662496e+00
1.38355973202e+00
1.38274425462e+00
1.38298063414e+00
1.38322573301e+00
1.38314065086e+00
1.38363100747e+00
1.38299505290e+00
1.38296782427e+00
1.38300465233e+00
1.38349379677e+00
1.38390373669e+00
1.38301371284e+00
1.38296728713e+00
1.38339282597e+00
1.38309092158e+00
1.38363464951e+00
1.38451473647e+00
1.38388416071e+00
1.38282387688e+00
1.38356832671e+00
1.38336935382e+00
1.38392156161e+00
1.38325810015e+00
1.38342593275e+00
1.38293438412e+00
1.38347531181e+00
1.38353150399e+00
1.38309253563e+00
1.38313466921e+00
1.38362760908e+00
1.38281743497e+00
1.38428110800e+00
1.38384447393e+00
1.38324058509e+00
1.38367490837e+00
1.38351886854e+00
1.38265758159e+00
1.38327838239e+00
1.38392319932e+00
1.38388838876e+00
1.38337231297e+00
1.38377824151e+00
1.38353830574e+00
1.38356628420e+00
1.38320197873e+00
1.38334009265e+00
1.38280555316e+00
1.38319626632e+00
1.38410261452e+00
1.38325753337e+00
1.38320790269e+00
1.38309713692e+00
1.38358438349e+00
1.38357051095e+00
1.38331823283e+00
1.38315557045e+00
1.38356230094e+00
1.38365718399e+00
1.38308909857e+00
1.38284899066e+00
1.38377554880e+00
1.38355294187e+00
1.38381852061e+00
1.38287336116e+00
1.38294934631e+00
1.38411064116e+00
1.38352011544e+00
1.38363453093e+00
1.38373388909e+00
1.38331989423e+00
1.38298444939e+00
1.38399629409e+00
1.38360545332e+00
1.38360202903e+00
1.38314645834e+00
1.38374736238e+00
1.38324076819e+00
1.38371385492e+00
1.38386793672e+00
1.38334738131e+00
1.38351768579e+00
1.38358990596e+00
1.38387667418e+00
1.38353031489e+00
1.38300808369e+00
1.38368765049e+00
1.38303233629e+00
1.38430663539e+00
1.38405559656e+00
1.38330907892e+00
1.38351981769e+00
1.38277154403e+00
1.38314698907e+00
1.38317948413e+00
1.38383683520e+00
1.38361350884e+00
1.38320960013e+00
1.38371397527e+00
1.38371642226e+00
1.38372582216e+00
1.38337612982e+00
1.38322756132e+00
1.38332801500e+00
1.38381105713e+00
1.38293990682e+00
1.38332346888e+00
1.38307461459e+00
1.38298803407e+00
1.38388647256e+00
1.38351790218e+00
1.38317668578e+00
1.38346135598e+00
1.38329161549e+00
1.38349924719e+00
1.38343942941e+00
1.38303501298e+00
1.38426511005e+00
1.38336803631e+00
1.38347700597e+00