8.22833940125e-01
8.22641245254e-01
8.22146808486e-01
8.23145491790e-01
8.22621753359e-01
8.22691854501e-01
8.21947634715e-01
8.22469106129e-01
8.22756159416e-01
8.22846193378e-01
8.22174237159e-01
8.23064691245e-01
8.22773134137e-01
8.22630732365e-01
8.22367570495e-01
8.22949454584e-01
8.22373331448e-01
8.22704318888e-01
8.22561473067e-01
8.22264959591e-01
8.23524050492e-01
8.22835581280e-01
8.22650227370e-01
8.22538765574e-01
8.22691511573e-01
8.22826582081e-01
8.22768504675e-01
8.22486322104e-01
8.22753617200e-01
8.22973258631e-01
8.23077428594e-01
8.22623746948e-01
8.22545860823e-01
8.22578705848e-01
8.22652205679e-01
8.22484387505e-01
8.22912567758e-01
8.22610277394e-01
8.22415693798e-01
8.22643242620e-01
8.22357801783e-01
8.22598154389e-01
8.22838990891e-01
8.23084095581e-01
8.23103293153e-01
8.22278994612e-01
8.22963957549e-01
8.22807835181e-01
8.22551260186e-01
8.22938111046e-01
8.22597596747e-01
8.22772329861e-01
8.22636317404e-01
8.22335839655e-01
8.22908256124e-01
8.23083507329e-01
8.22739930749e-01
8.22753097086e-01
8.22836482103e-01
8.22714309673e-01
8.22675489643e-01
8.22753124964e-01
8.22339279162e-01
8.22823532338e-01
8.22984424367e-01
8.22678537728e-01
8.23083178396e-01
8.22767406209e-01
8.22441321454e-01
8.22241017186e-01
8.23105466603e-01
8.22946257458e-01
8.22474665241e-01
8.23168850742e-01
8.22959342304e-01
8.22404582560e-01
8.22707048206e-01
8.22811392224e-01
8.22614131505e-01
8.22428768938e-01
8.22475139959e-01
8.22883711824e-01
8.22726988561e-01
8.22728471650e-01
8.22759784154e-01
8.22383987713e-01
8.22332172013e-01
8.22581129717e-01
8.22886454418e-01
8.22667410289e-01
8.22794356631e-01
8.22349572056e-01
8.22289195852e-01
8.22642337545e-01
8.22736594901e-01
8.22765881800e-01
8.22549116069e-01
8.22651891344e-01
8.22852287109e-01
8.22435254044e-01
8.22562763249e-01
8.22922161485e-01
8.22842558967e-01
8.22347859122e-01
8.22265753477e-01
8.22115764982e-01
8.23224756501e-01
8.22428880427e-01
8.22362734839e-01
8.22123532106e-01
8.22795128531e-01
8.22588734164e-01
8.22923968097e-01
8.22910984251e-01
8.22352528570e-01
8.23298007652e-01
8.22761589203e-01
8.22835464429e-01
8.22571164247e-01
8.23138754104e-01
8.22749805966e-01
8.22514191853e-01
8.22718597331e-01
8.22779556369e-01
8.22272939583e-01
8.22408449622e-01
8.22767093402e-01
8.22949738875e-01
8.22886974384e-01
8.22412623670e-01
8.22770640652e-01
8.22360229342e-01
8.22550688725e-01
8.22629971082e-01
8.22751332458e-01
8.22290925075e-01
8.22541663164e-01
8.22576820019e-01
8.22482031068e-01
8.22671451931e-01
8.22805324203e-01
8.22334709164e-01
8.22646161038e-01
8.22590429521e-01
8.22381946852e-01
8.23254049289e-01
8.22916644647e-01
8.22932281079e-01
8.22743271378e-01
8.22293901728e-01
8.22788989894e-01
8.22692204615e-01
8.22884933013e-01
8.22387202198e-01
8.22505541254e-01
8.22941375395e-01
8.22883934571e-01
8.22658372228e-01
8.22491693767e-01
8.23036826283e-01
8.22875442773e-01
8.22985215386e-01
8.22834628478e-01
8.22980700515e-01
8.22650035069e-01
8.22757571191e-01
8.22635804358e-01
8.22633064763e-01
8.22340238740e-01
8.22902886368e-01
8.22451733124e-01
8.22850887083e-01
8.22340387597e-01
8.22277502367e-01
8.22732635118e-01
8.22712914148e-01
8.22607169590e-01
8.23115686604e-01
8.23067580302e-01
8.22973247595e-01
8.22673739791e-01
8.22599190558e-01
8.22562115970e-01
8.23208700498e-01
8.22852771260e-01
8.22867612834e-01
8.22261740330e-01
8.23108354954e-01
8.22622885225e-01
8.22639826006e-01
8.22644148225e-01
8.22051192931e-01
8.22641191151e-01
8.22375367024e-01
8.22719664757e-01
8.22388806484e-01
8.22422934955e-01
8.22719766217e-01
8.22523661834e-01
8.22450020806e-01
8.22870299659e-01
8.22245152622e-01
8.22957415654e-01
8.22811883088e-01
8.23182929908e-01
8.22382393119e-01
8.22756107338e-01
8.22793751093e-01
8.22567964900e-01
8.22562762543e-01
8.22957473883e-01
8.22779606974e-01
8.22694838579e-01
8.22382781209e-01
8.22517538398e-01
8.22633643734e-01
8.22521950887e-01
8.22930922767e-01
8.22806526195e-01
8.22204059516e-01
8.23024533671e-01
8.22606069193e-01
8.23231088306e-01
8.22716680741e-01
8.22566043821e-01
8.23068532231e-01
8.22517344208e-01
8.23123895124e-01
8.22692358542e-01
8.22727372126e-01
8.22430704998e-01
8.22769298793e-01
8.22738749886e-01
8.22856603891e-01
8.22890086973e-01
8.22805202219e-01
8.22765633314e-01
8.22524049998e-01
8.22580505410e-01
8.22436412665e-01
8.23006535880e-01
8.22800632638e-01
8.22712188289e-01
8.23014396127e-01
8.22902435567e-01
8.22077325086e-01
8.22535444423e-01
8.22460187589e-01
8.22636981669e-01
8.22874923759e-01
8.22307378006e-01
8.22429076198e-01
8.23143628644e-01
8.22882449573e-01
8.22293060670e-01
8.22770794387e-01
8.22460120410e-01
8.22108383239e-01
8.23002972205e-01
8.23268974617e-01
8.23309826300e-01
8.22797222314e-01
8.22890056099e-01
8.23159244188e-01
8.22335056227e-01
8.22592676541e-01
8.22114270257e-01
8.22425019434e-01
8.22588958105e-01
8.22865207493e-01
8.22169297458e-01
8.22869636915e-01
8.22841438005e-01
8.22527067838e-01
8.22465457802e-01
8.22441165653e-01
8.22285366965e-01
8.23019078347e-01
8.22511411701e-01
8.23030323708e-01
8.23147535499e-01
8.22852048132e-01
8.22921275183e-01
8.22828380580e-01
8.23001096146e-01
8.23124778320e-01
8.22594188190e-01
8.22534326655e-01
8.22777166727e-01
8.22524995422e-01
8.22662978443e-01
8.22575355272e-01
8.22905798592e-01
8.23173964489e-01
8.22311229620e-01
8.22636969904e-01
8.22598555062e-01
8.22611324615e-01
8.23345756447e-01
8.23152473328e-01
8.22511526955e-01
8.22942641655e-01
8.22541944994e-01
8.22899899024e-01
8.22148175451e-01
8.22492793768e-01
8.22212066776e-01
8.22669622521e-01
8.22355007511e-01
8.22932244411e-01
8.22818764817e-01
8.22397507984e-01
8.22787474332e-01
8.22593736834e-01
8.22681895116e-01
8.22576113019e-01
8.22474493881e-01
8.22764196020e-01
8.22422099849e-01
8.22309135863e-01
8.22878000818e-01
8.22084784883e-01
8.22326573757e-01
8.22685782674e-01
8.22334529996e-01
8.22562936171e-01
8.22261953538e-01
8.22557255351e-01
8.22563421792e-01
8.22571164643e-01
8.22626785400e-01
8.23026555293e-01
8.22672854962e-01
8.22954005468e-01
8.22495826587e-01
8.22902546308e-01
8.22567483254e-01
8.22341497231e-01
8.22319766219e-01
8.22669754096e-01
8.22468749126e-01
8.22642335775e-01
8.22595621783e-01
8.22830947410e-01
8.22868515332e-01
8.23161540852e-01
8.23107523709e-01
8.22602007209e-01
8.22703314291e-01
8.22386061960e-01
8.22814204590e-01
8.22769150772e-01
8.22646135432e-01
8.23107295299e-01
8.22440010708e-01
8.22671098338e-01
8.22540190954e-01
8.22599029590e-01
8.22452493768e-01
8.22447924210e-01
8.22271490185e-01
8.23040910046e-01
8.22936047312e-01
8.22700192932e-01
8.22862013887e-01
8.22664242945e-01
8.22532761310e-01
8.22180560806e-01
8.22518927507e-01
8.22303735173e-01
8.23045419972e-01
8.23168948986e-01
8.22942569505e-01
8.22547639353e-01
8.22726260527e-01
8.22516047840e-01
8.22495947331e-01
8.22687037811e-01
8.22552243845e-01
8.22512369611e-01
8.22687113755e-01
8.21637225254e-01
8.22681140445e-01
8.22458095661e-01
8.22421305875e-01
8.22095746096e-01
8.22892696896e-01
8.22576955011e-01
8.22946865174e-01
8.23193545568e-01
8.22209578027e-01
8.22683825398e-01
8.22576948134e-01
8.22583084262e-01
8.22631980261e-01
8.22924545056e-01
8.22665859744e-01
8.22617523059e-01
8.22956343433e-01
8.22177584282e-01
8.22308802121e-01
8.22347428353e-01
8.22633570115e-01
8.23058131593e-01
8.22534962535e-01
8.22555785799e-01
8.22826382963e-01
8.22621317164e-01
8.22522154495e-01
8.23130406636e-01
8.22567026261e-01
8.22520937421e-01
8.22921902926e-01
8.22479068185e-01
8.22131423743e-01
8.22740344573e-01
8.22364462315e-01
8.22116181676e-01
8.22572675080e-01
8.22988091733e-01
8.22422802258e-01
8.22850588590e-01
8.22189870600e-01
8.22606776999e-01
8.22783199386e-01
8.22429643688e-01
8.22775946179e-01
8.22748571742e-01
8.22607397062e-01
8.22885058008e-01
8.22935811594e-01
8.22520454614e-01
8.22383198989e-01
8.22333397389e-01
8.22142910072e-01
8.22683710724e-01
8.22718714002e-01
8.22475712571e-01
8.22403039602e-01
8.22496884723e-01
8.22601174918e-01
8.22312970609e-01
8.22874433078e-01
8.22968068180e-01
8.22838171846e-01
8.22851116208e-01
8.22134026580e-01
8.22801001981e-01
8.22304577637e-01
8.22814578950e-01
8.22797952346e-01
8.22572041409e-01
8.22761680445e-01
8.22831933332e-01
8.22629091539e-01
8.23275942161e-01
8.22610047583e-01
8.22526030159e-01
8.22991672620e-01
8.22201365749e-01
8.22033248442e-01
8.23057096945e-01
8.22805020406e-01
8.22443102964e-01
8.22561148179e-01
8.22489626206e-01
8.22578051491e-01
8.22639208935e-01
8.22468913949e-01
8.22596750295e-01
8.22669408950e-01
8.22845919099e-01
8.22910475827e-01
8.22935207100e-01
8.22504066915e-01
8.22855619537e-01
8.23003639312e-01
8.22676772217e-01
8.22093003153e-01
8.22901275135e-01
8.22956505255e-01
8.22546406804e-01
8.22920605658e-01
8.22887846645e-01
8.22671831150e-01
8.22335439700e-01
8.23034813865e-01
8.22496346375e-01
8.22681847619e-01
8.22441184825e-01
8.22892150829e-01
8.22660848493e-01
8.22511543763e-01
8.23081499023e-01
8.23171909999e-01
8.22738337420e-01
8.22476628734e-01
8.22734324767e-01
8.22902810394e-01
8.22163616792e-01
8.22659815128e-01