8.77881215431e+00
8.77606903733e+00
8.77610343267e+00
8.78027110381e+00
8.77787081720e+00
8.77920807097e+00
8.77583792046e+00
8.77529407429e+00
8.77783623649e+00
8.78095296594e+00
8.77881966215e+00
8.77993453018e+00
8.77971938613e+00
8.77708190383e+00
8.77613341083e+00
8.77746060506e+00
8.77853176130e+00
8.77895792056e+00
8.77736684246e+00
8.77941298874e+00
8.78145182041e+00
8.77832946211e+00
8.77643159389e+00
8.77765991209e+00
8.77895632600e+00
8.77759899173e+00
8.77713746876e+00
8.77971598455e+00
8.77604577971e+00
8.77595861727e+00
8.77964138605e+00
8.77832753085e+00
8.77696701114e+00
8.77765420797e+00
8.77804370713e+00
8.77732985313e+00
8.77775838118e+00
8.77763802132e+00
8.77679685705e+00
8.77759156101e+00
8.77758075438e+00
8.77818388039e+00
8.77781437620e+00
8.77715419428e+00
8.77619314799e+00
8.77830575294e+00
8.77800756817e+00
8.77967639266e+00
8.77850886338e+00
8.77793425748e+00
8.77863548352e+00
8.77929791607e+00
8.77847448865e+00
8.77730478100e+00
8.77984063738e+00
8.77854075068e+00
8.77881799184e+00
8.77662613611e+00
8.77715744241e+00
8.77971161936e+00
8.77845192324e+00
8.77706702779e+00
8.77767677303e+00
8.77778625110e+00
8.77786523734e+00
8.77769190171e+00
8.77534418370e+00
8.77810506924e+00
8.77862387756e+00
8.77782689177e+00
8.77907700260e+00
8.77786224822e+00
8.77639791464e+00
8.77772772846e+00
8.77701453447e+00
8.77743379172e+00
8.77644156853e+00
8.77675360656e+00
8.77888699953e+00
8.77622753861e+00
8.77922322926e+00
8.77692125956e+00
8.77624055846e+00
8.77947339381e+00
8.77725692109e+00
8.77752467800e+00
8.77739901541e+00
8.77556441951e+00
8.78007685773e+00
8.77867628542e+00
8.77753938923e+00
8.77486254476e+00
8.77674084636e+00
8.77848214058e+00
8.77772067259e+00
8.77489413143e+00
8.77573189301e+00
8.77849655479e+00
8.77519937878e+00
8.77759756325e+00
8.77708490875e+00
8.77830807487e+00
8.77585037564e+00
8.77625545363e+00
8.77465647769e+00
8.77518562351e+00
8.77787362797e+00
8.77656902969e+00
8.77791149099e+00
8.77690389759e+00
8.77835564478e+00
8.77757031801e+00
8.77792742083e+00
8.77538833799e+00
8.77729783009e+00
8.77979227631e+00
8.78016852397e+00
8.77722977419e+00
8.77671391562e+00
8.77808750683e+00
8.77769858587e+00
8.77681622143e+00
8.77789220760e+00
8.77791235539e+00
8.77833201476e+00
8.77789101714e+00
8.77851474638e+00
8.77565555727e+00
8.77825822525e+00
8.77459400334e+00
8.77858214898e+00
8.77863928055e+00
8.77647781790e+00
8.77840748613e+00
8.77704295260e+00
8.77674890057e+00
8.78133720884e+00
8.77731072086e+00
8.77768166722e+00
8.77769948681e+00
8.77762025589e+00
8.77811243356e+00
8.77623271579e+00
8.77822511158e+00
8.77498688181e+00
8.78077687935e+00
8.77644460670e+00
8.77948317593e+00
8.77572232640e+00
8.77746247236e+00
8.77958095948e+00
8.77626176379e+00
8.77751454470e+00
8.77504971808e+00
8.77779001711e+00
8.77530169099e+00
8.77661954847e+00
8.77927854221e+00
8.77733122366e+00
8.77962300053e+00
8.77653438559e+00
8.77753583001e+00
8.77629906764e+00
8.77661331170e+00
8.77766476856e+00
8.77931667264e+00
8.78006526537e+00
8.77876576456e+00
8.77584126352e+00
8.77758992290e+00
8.77749765139e+00
8.77533228234e+00
8.77814112880e+00
8.77538741251e+00
8.77942653087e+00
8.77796439922e+00
8.77695884005e+00
8.77848863536e+00
8.77994068684e+00
8.77826891601e+00
8.77755002077e+00
8.77743001826e+00
8.77947378401e+00
8.77744363996e+00
8.77975337187e+00
8.77904341138e+00
8.77574748592e+00
8.77967490938e+00
8.77667464873e+00
8.77805764712e+00
8.77582053262e+00
8.77709521155e+00
8.77805822201e+00
8.77712159896e+00
8.77602813855e+00
8.77588348058e+00
8.77695177539e+00
8.77830624072e+00
8.77880753890e+00
8.77787757562e+00
8.77766163562e+00
8.77486893055e+00
8.77846065928e+00
8.77887256736e+00
8.77883963288e+00
8.77593656659e+00
8.77764558888e+00
8.77516827568e+00
8.77854839616e+00
8.77633110840e+00
8.77859010151e+00
8.77770298094e+00
8.77739097846e+00
8.77789805448e+00
8.77562569421e+00
8.77771813892e+00
8.77871453540e+00
8.77868688120e+00
8.78013319252e+00
8.77824844984e+00
8.77586546319e+00
8.77498593208e+00
8.77695194164e+00
8.77764927672e+00
8.77677656154e+00
8.77676354445e+00
8.77746758151e+00
8.77690732395e+00
8.77737540054e+00
8.77788368511e+00
8.77628775398e+00
8.77949566103e+00
8.77609176254e+00
8.77942566462e+00
8.77960219138e+00
8.77861460061e+00
8.77920190540e+00
8.78081144939e+00
8.77952845961e+00
8.77895121521e+00
8.77760402592e+00
8.77955754786e+00
8.77868949517e+00
8.77831649847e+00
8.77503040221e+00
8.77948006376e+00
8.77517011295e+00
8.77806635484e+00
8.77902619280e+00
8.77900012001e+00
8.77793253846e+00
8.77695336937e+00
8.77969402592e+00
8.77807739685e+00
8.77467075278e+00
8.77858682578e+00
8.77883282795e+00
8.77977693529e+00
8.77688859965e+00
8.77917452643e+00
8.77754375523e+00
8.77621978987e+00
8.77870731652e+00
8.77978527606e+00
8.77731623319e+00
8.77769850284e+00
8.77785950373e+00
8.77789225775e+00
8.77589377574e+00
8.78046665540e+00
8.77712454644e+00
8.77676797758e+00
8.77912892734e+00
8.77568416143e+00
8.77704341494e+00
8.77523220127e+00
8.77799090528e+00
8.77782680305e+00
8.78071210091e+00
8.77763684913e+00
8.77758473003e+00
8.77559819294e+00
8.77826208918e+00
8.77714970873e+00
8.77735709895e+00
8.77816506894e+00
8.77802241439e+00
8.77768849089e+00
8.77859202351e+00
8.77376475928e+00
8.77484001135e+00
8.77809681365e+00
8.77733112790e+00
8.77756533180e+00
8.77768412974e+00
8.77726195173e+00
8.77766627750e+00
8.77520850877e+00
8.77662589499e+00
8.77897848692e+00
8.77702513991e+00
8.77489654528e+00
8.77735161100e+00
8.77907741944e+00
8.77489440825e+00
8.77785511907e+00
8.77924604002e+00
8.78013055178e+00
8.77705953284e+00
8.77778378264e+00
8.77759278272e+00
8.77926405950e+00
8.77728269408e+00
8.77614108757e+00
8.77611055283e+00
8.77760024978e+00
8.77960236848e+00
8.77884523617e+00
8.77633532337e+00
8.77541276426e+00
8.77887736959e+00
8.77760074943e+00
8.77759393157e+00
8.77662310218e+00
8.77900505630e+00
8.77785207576e+00
8.77708838633e+00
8.77944761709e+00
8.77774532654e+00
8.77735793008e+00
8.77835102671e+00
8.77868951193e+00
8.77735820772e+00
8.77703018281e+00
8.77574883879e+00
8.77580104254e+00
8.77815473388e+00
8.77650181710e+00
8.77694655698e+00
8.77911729430e+00
8.77631508249e+00
8.77477639582e+00
8.77850392369e+00
8.77653098364e+00
8.77907634425e+00
8.77826249745e+00
8.78003119555e+00
8.77788571791e+00
8.77698240926e+00
8.77715063660e+00
8.77968413856e+00
8.77718065213e+00
8.77724863798e+00
8.78022880919e+00
8.77478355992e+00
8.77744032459e+00
8.77787593369e+00
8.77774607268e+00
8.77981318242e+00
8.77711950068e+00
8.77623980727e+00
8.78255985531e+00
8.77925541065e+00
8.77523842829e+00
8.77882751384e+00
8.77493317087e+00
8.77410661842e+00
8.77812385693e+00
8.77692715567e+00
8.77564987748e+00
8.77787721017e+00
8.77906126224e+00
8.77692003871e+00
8.77872394428e+00
8.78101726070e+00
8.77791690722e+00
8.77651913149e+00
8.77968348990e+00
8.77866102865e+00
8.77745929241e+00
8.77788750677e+00
8.77611861656e+00
8.77907010470e+00
8.77794749061e+00
8.77836974607e+00
8.77788111568e+00
8.77823965498e+00
8.77643767550e+00
8.77782251771e+00
8.77910551157e+00
8.77696019311e+00
8.77739714203e+00
8.77846811024e+00
8.77908863727e+00
8.77777693510e+00
8.77781366171e+00
8.77836358295e+00
8.77432585155e+00
8.77765028918e+00
8.77876021868e+00
8.77961604995e+00
8.77672665849e+00
8.77857351234e+00
8.77750055808e+00
8.77765299350e+00
8.78221648109e+00
8.78039754179e+00
8.77716287450e+00
8.77844398268e+00
8.77806753096e+00
8.77727839991e+00
8.77692653618e+00
8.77826950363e+00
8.77688380255e+00
8.77747948223e+00
8.78017271416e+00
8.77952978982e+00
8.77759410226e+00
8.78010150832e+00
8.77959635310e+00
8.77582892586e+00
8.77872892993e+00
8.77662616767e+00
8.77665070143e+00
8.77792423051e+00
8.77829270721e+00
8.77492427011e+00
8.77810726773e+00
8.77829135473e+00
8.77768862013e+00
8.77940512189e+00
8.77774908037e+00
8.77596412266e+00
8.77652509516e+00
8.77705809489e+00
8.78029360884e+00
8.77897119357e+00
8.77825437127e+00
8.77935549918e+00
8.77928090506e+00
8.77785824060e+00
8.77999899950e+00
8.77680871184e+00
8.77699835304e+00
8.77803534581e+00
8.77834284420e+00
8.77780617236e+00
8.77787740032e+00
8.77840136224e+00
8.77494299846e+00
8.77716089509e+00
8.77736185668e+00
8.77796992768e+00
8.77575600242e+00
8.77460903604e+00
8.77600712270e+00
8.77805688674e+00
8.77736431215e+00
8.77738792228e+00
8.77652200528e+00
8.77852972780e+00
8.77856417266e+00
8.77826451079e+00
8.77590526772e+00
8.77553527026e+00
8.77889936119e+00
8.77896329033e+00
8.77750645067e+00
8.77902113533e+00
8.77603861381e+00
8.77628350957e+00
8.77661122289e+00
8.77746807022e+00
8.77958243116e+00
8.77670506130e+00
8.77686127372e+00
8.77594810087e+00
8.77769899296e+00
8.77935908556e+00
8.77818085376e+00
8.77980317881e+00
8.77770031931e+00
8.77718679109e+00
8.77739452382e+00
8.77671488948e+00
8.77680757779e+00
8.77809520917e+00
8.77788541606e+00
8.77843863009e+00
8.77701347476e+00
8.77921530834e+00
8.77554733705e+00
8.77764516389e+00
8.77870167784e+00
8.78143534667e+00
8.77559399492e+00
8.77774815935e+00
8.77902252193e+00
8.77734504271e+00
8.77686477857e+00
8.77758959267e+00