2.23175535102e+00
2.23034561157e+00
2.23033729892e+00
2.23181324725e+00
2.23133357411e+00
2.23234451598e+00
2.22994984924e+00
2.23016366310e+00
2.23088038917e+00
2.23169189901e+00
2.23045815273e+00
2.23181119624e+00
2.23115743252e+00
2.23128245088e+00
2.23005983606e+00
2.23169650996e+00
2.23010202806e+00
2.23052909846e+00
2.23067326198e+00
2.23010914523e+00
2.23140833984e+00
2.23073686902e+00
2.23041044584e+00
2.22987504831e+00
2.23073921598e+00
2.23116279902e+00
2.23107048935e+00
2.23090441613e+00
2.23169672233e+00
2.23077465848e+00
2.23211872712e+00
2.22993155580e+00
2.22980550317e+00
2.23093717092e+00
2.23021430325e+00
2.23062915272e+00
2.23081802302e+00
2.22988378927e+00
2.23018748051e+00
2.23009345596e+00
2.22999529430e+00
2.23042749461e+00
2.23213472092e+00
2.23146258472e+00
2.23060664946e+00
2.22949337527e+00
2.23093165393e+00
2.22994167825e+00
2.23134801607e+00
2.23142364595e+00
2.23016863255e+00
2.23025635432e+00
2.23064667459e+00
2.23027164797e+00
2.23042410490e+00
2.23125266138e+00
2.23094356598e+00
2.23029429122e+00
2.23102986470e+00
2.23093600326e+00
2.22992253067e+00
2.23063969378e+00
2.22974609675e+00
2.23111010463e+00
2.23032410056e+00
2.23184544713e+00
2.23145083905e+00
2.23024741516e+00
2.23085742212e+00
2.22945563619e+00
2.23076402968e+00
2.23096300375e+00
2.23032878999e+00
2.23168612883e+00
2.22881010091e+00
2.23023857686e+00
2.22985231300e+00
2.22995143397e+00
2.23178142467e+00
2.22968249733e+00
2.23049026338e+00
2.23067402908e+00
2.22975347296e+00
2.23040234342e+00
2.23036195434e+00
2.23055394831e+00
2.22972581025e+00
2.22893524021e+00
2.23107796076e+00
2.23015629911e+00
2.23122639435e+00
2.22976088755e+00
2.23081221036e+00
2.23071426652e+00
2.23045882064e+00
2.23069828130e+00
2.23020972244e+00
2.23025704433e+00
2.23044278377e+00
2.22974095963e+00
2.22967935149e+00
2.23106473213e+00
2.23167320195e+00
2.22933519298e+00
2.22767285849e+00
2.22947938140e+00
2.23159061173e+00
2.23143021024e+00
2.23043993857e+00
2.22952767133e+00
2.23057404674e+00
2.23040377231e+00
2.23132338899e+00
2.23059499907e+00
2.22909942361e+00
2.22962793744e+00
2.23143466934e+00
2.23086478282e+00
2.23029059692e+00
2.23165875901e+00
2.23082396652e+00
2.23056087021e+00
2.23167271156e+00
2.23194222927e+00
2.22989913630e+00
2.23163131474e+00
2.22983119892e+00
2.22915809655e+00
2.23153066439e+00
2.22973602963e+00
2.23136907807e+00
2.23042232101e+00
2.23023762731e+00
2.23088528898e+00
2.22886335011e+00
2.22970521644e+00
2.23091493230e+00
2.23088380848e+00
2.23028850196e+00
2.22992362263e+00
2.23011722640e+00
2.22953057677e+00
2.22937723187e+00
2.23016186002e+00
2.23005290225e+00
2.23054856042e+00
2.23055476870e+00
2.23189430825e+00
2.23045516657e+00
2.23029052808e+00
2.23057518110e+00
2.23105985667e+00
2.23094514034e+00
2.23000139436e+00
2.22990301141e+00
2.23123500223e+00
2.23099600512e+00
2.23080367740e+00
2.23039463434e+00
2.23060340739e+00
2.23032271454e+00
2.23038301085e+00
2.23008327236e+00
2.23126236534e+00
2.22987333419e+00
2.23148701320e+00
2.23070086074e+00
2.22977211867e+00
2.22970014409e+00
2.23159308890e+00
2.23072821209e+00
2.23038855907e+00
2.23002801521e+00
2.23054661012e+00
2.23081123509e+00
2.22965813246e+00
2.23069239009e+00
2.23204303209e+00
2.23060740440e+00
2.23073222474e+00
2.23159239212e+00
2.23086969620e+00
2.22969019389e+00
2.23218409024e+00
2.23013151198e+00
2.23094088619e+00
2.23115168841e+00
2.23231828109e+00
2.22953811454e+00
2.22960196710e+00
2.23132449820e+00
2.23074249043e+00
2.22897018223e+00
2.23106666025e+00
2.23048894191e+00
2.23024251767e+00
2.23104257393e+00
2.23090509361e+00
2.23108306414e+00
2.23122194511e+00
2.23116452478e+00
2.22981427476e+00
2.23036082617e+00
2.23097281142e+00
2.23134473502e+00
2.23010689333e+00
2.23055160081e+00
2.23102228369e+00
2.22963596445e+00
2.23214972672e+00
2.23070609461e+00
2.23168475662e+00
2.22992278490e+00
2.23017639139e+00
2.22938204154e+00
2.23165595970e+00
2.23043305745e+00
2.23033002921e+00
2.23029930934e+00
2.23062242974e+00
2.22993843205e+00
2.22980872675e+00
2.23195127034e+00
2.23026342754e+00
2.23007253900e+00
2.23059693031e+00
2.23005387713e+00
2.23113833920e+00
2.23050248044e+00
2.23009974308e+00
2.23066702030e+00
2.23138882514e+00
2.23147611152e+00
2.23048286836e+00
2.23141085652e+00
2.22974507943e+00
2.23005820090e+00
2.23065019320e+00
2.23032354473e+00
2.23010202269e+00
2.23070916676e+00
2.23027128738e+00
2.22976025079e+00
2.23057181268e+00
2.23063671793e+00
2.23030752729e+00
2.22994223008e+00
2.23045933355e+00
2.22937713155e+00
2.23118281116e+00
2.22929097045e+00
2.22983138826e+00
2.23103917256e+00
2.22979231068e+00
2.22927859209e+00
2.23038374046e+00
2.23085506913e+00
2.22791693198e+00
2.23138784618e+00
2.23160021755e+00
2.23295113675e+00
2.23093189645e+00
2.23193162519e+00
2.23247048604e+00
2.23048741691e+00
2.23112628798e+00
2.22978868167e+00
2.23090313489e+00
2.23042029582e+00
2.23149193228e+00
2.23021004319e+00
2.23118311428e+00
2.23079841229e+00
2.23090087592e+00
2.23054694818e+00
2.22920960811e+00
2.23014504096e+00
2.23203859456e+00
2.23011231717e+00
2.23049095937e+00
2.23221901696e+00
2.23151037927e+00
2.22953480646e+00
2.23241130985e+00
2.23017110337e+00
2.23152546470e+00
2.23014860083e+00
2.22972946399e+00
2.22947068329e+00
2.23074342801e+00
2.23141719231e+00
2.22994505886e+00
2.23138867259e+00
2.23061056426e+00
2.23025447005e+00
2.22995750643e+00
2.23001816436e+00
2.23162481780e+00
2.23171298799e+00
2.23134169972e+00
2.22937879375e+00
2.23192033977e+00
2.22942342948e+00
2.23046412316e+00
2.22931564796e+00
2.23072139234e+00
2.22967952106e+00
2.23131536236e+00
2.23051502245e+00
2.23082208097e+00
2.23118505944e+00
2.23087872538e+00
2.23122364945e+00
2.23045089304e+00
2.23029006367e+00
2.23051316994e+00
2.22994138606e+00
2.23071350456e+00
2.23093904399e+00
2.22981598817e+00
2.23039960594e+00
2.22998028533e+00
2.22947099245e+00
2.23017482080e+00
2.22925652430e+00
2.22919629561e+00
2.22874399638e+00
2.22978270891e+00
2.22934612880e+00
2.22989609698e+00
2.23108980046e+00
2.23045612608e+00
2.23081290566e+00
2.22959848634e+00
2.22928289194e+00
2.23078915214e+00
2.23041299398e+00
2.22913479103e+00
2.23007483571e+00
2.23036203233e+00
2.23050212502e+00
2.23038033186e+00
2.22990698491e+00
2.23118067896e+00
2.23278632099e+00
2.23001743442e+00
2.23188040630e+00
2.23145346058e+00
2.23188535687e+00
2.23038780933e+00
2.23037599225e+00
2.23005937023e+00
2.23033711097e+00
2.23031035257e+00
2.22976155108e+00
2.22981042340e+00
2.23071448948e+00
2.22967479935e+00
2.23059798084e+00
2.23051700344e+00
2.22930568961e+00
2.23062404392e+00
2.23106979299e+00
2.23185936628e+00
2.23014501811e+00
2.23011372086e+00
2.23064327265e+00
2.22911282608e+00
2.23072773029e+00
2.23050145155e+00
2.23183108665e+00
2.23061478478e+00
2.23028361557e+00
2.22948063936e+00
2.23125668515e+00
2.23117839173e+00
2.23010964146e+00
2.23039711529e+00
2.23055338759e+00
2.23093259011e+00
2.23202621763e+00
2.22988043455e+00
2.23116408503e+00
2.22992814645e+00
2.23144141459e+00
2.22985244820e+00
2.23001594944e+00
2.23005664570e+00
2.23073144669e+00
2.23099753931e+00
2.22990031209e+00
2.23133496095e+00
2.23090316317e+00
2.23061172406e+00
2.23170445926e+00
2.23102045143e+00
2.23006063926e+00
2.23015696844e+00
2.23167376111e+00
2.22962367379e+00
2.23017810929e+00
2.22936872741e+00
2.22999699389e+00
2.23113788349e+00
2.23061183486e+00
2.23126415092e+00
2.23160381237e+00
2.22912707105e+00
2.23161440441e+00
2.23013039670e+00
2.23113577814e+00
2.22997564117e+00
2.23107477746e+00
2.22951358714e+00
2.22931061197e+00
2.23104446987e+00
2.22961098944e+00
2.22999399189e+00
2.23095172931e+00
2.23112523869e+00
2.23092699622e+00
2.23016905922e+00
2.22953010050e+00
2.23066623778e+00
2.23124497538e+00
2.23113134955e+00
2.23047848928e+00
2.22935816969e+00
2.22981397420e+00
2.23042153549e+00
2.23077332071e+00
2.23015967498e+00
2.23139731191e+00
2.23063274992e+00
2.22948779352e+00
2.23023406202e+00
2.23188796800e+00
2.23078992446e+00
2.22964648544e+00
2.22986197235e+00
2.23034827263e+00
2.23030588770e+00
2.23123096701e+00
2.23042902519e+00
2.23060058613e+00
2.23159278551e+00
2.23118160126e+00
2.23110245952e+00
2.23007241957e+00
2.23203795671e+00
2.23116185974e+00
2.23032491557e+00
2.22886319031e+00
2.23107315450e+00
2.23018651282e+00
2.23036322812e+00
2.23102400528e+00
2.23039786794e+00
2.23051863285e+00
2.23147340439e+00
2.23079849579e+00
2.23056911718e+00
2.22993575572e+00
2.22963733549e+00
2.23113068842e+00
2.23138649752e+00
2.23076179844e+00
2.22996972321e+00
2.23020445523e+00
2.23061357526e+00
2.23080565879e+00
2.23107038800e+00
2.22979352721e+00
2.23138859875e+00
2.22921827047e+00
2.22943667595e+00
2.23116101567e+00
2.23002715607e+00
2.23017860123e+00
2.23108307133e+00
2.23035645369e+00
2.23051389985e+00
2.22912007773e+00
2.23126978197e+00
2.23127542737e+00
2.23060519184e+00
2.23093495379e+00
2.23187349315e+00
2.23055901927e+00
2.22864078731e+00
2.23273539725e+00
2.23104155708e+00
2.23066350309e+00
2.23066460973e+00
2.23025374501e+00
2.23088269324e+00
2.23076361813e+00
2.23084502476e+00
2.23000642902e+00
2.22872633639e+00
2.23046606371e+00