-5.10961565879e+00
-5.10443773830e+00
-5.10316873891e+00
-5.10937178480e+00
-5.10532756857e+00
-5.10763938466e+00
-5.10167966851e+00
-5.10424086306e+00
-5.10580783078e+00
-5.10839626119e+00
-5.10614254915e+00
-5.10729923437e+00
-5.10728516292e+00
-5.10613290053e+00
-5.10533111864e+00
-5.10507894076e+00
-5.10464178385e+00
-5.10586503592e+00
-5.10587803315e+00
-5.10552597572e+00
-5.10921816109e+00
-5.10536581601e+00
-5.10620506397e+00
-5.10242888478e+00
-5.10708724204e+00
-5.10649085845e+00
-5.10659578197e+00
-5.10426540424e+00
-5.10450784537e+00
-5.10532202617e+00
-5.10722722937e+00
-5.10552387348e+00
-5.10383005817e+00
-5.10456182805e+00
-5.10632879982e+00
-5.10673036661e+00
-5.10654242851e+00
-5.10413870285e+00
-5.10264969768e+00
-5.10280683263e+00
-5.10443871285e+00
-5.10295975824e+00
-5.10676811487e+00
-5.10518600353e+00
-5.10611292113e+00
-5.10445919778e+00
-5.10662976677e+00
-5.10482334799e+00
-5.10509031493e+00
-5.10609334853e+00
-5.10459839059e+00
-5.10712869856e+00
-5.10502163254e+00
-5.10411570902e+00
-5.10692262808e+00
-5.10663361821e+00
-5.10456238793e+00
-5.10422129341e+00
-5.10705317880e+00
-5.10818234602e+00
-5.10482820062e+00
-5.10577546112e+00
-5.10354901404e+00
-5.10663415230e+00
-5.10425846785e+00
-5.10368653584e+00
-5.10673862757e+00
-5.10484003508e+00
-5.10706708743e+00
-5.10371860570e+00
-5.10518157007e+00
-5.10455919770e+00
-5.10593828931e+00
-5.10693215356e+00
-5.10462064364e+00
-5.10558764622e+00
-5.10339070078e+00
-5.10198302980e+00
-5.10461941419e+00
-5.10309459972e+00
-5.10664215614e+00
-5.10552793495e+00
-5.10309982787e+00
-5.10510840180e+00
-5.10535031212e+00
-5.10480157309e+00
-5.10537597273e+00
-5.10226567971e+00
-5.10734532395e+00
-5.10616305356e+00
-5.10837554146e+00
-5.10229340383e+00
-5.10461941685e+00
-5.10509332705e+00
-5.10479748066e+00
-5.10338006460e+00
-5.10342751582e+00
-5.10381185805e+00
-5.10464639714e+00
-5.10381616980e+00
-5.10216498486e+00
-5.10747928283e+00
-5.10585775674e+00
-5.10312908136e+00
-5.09851428373e+00
-5.10322660795e+00
-5.10783453142e+00
-5.10644385081e+00
-5.10363097236e+00
-5.10415772234e+00
-5.10443692626e+00
-5.10482131216e+00
-5.10632153321e+00
-5.10367109153e+00
-5.10169689223e+00
-5.10371848969e+00
-5.10762290954e+00
-5.10582153586e+00
-5.10659072677e+00
-5.10582590904e+00
-5.10640691141e+00
-5.10475238284e+00
-5.10782506344e+00
-5.10840200555e+00
-5.10305822269e+00
-5.10625452033e+00
-5.10487358745e+00
-5.10307459939e+00
-5.10545024740e+00
-5.10237999391e+00
-5.10636610555e+00
-5.10575634493e+00
-5.10494903146e+00
-5.10591124105e+00
-5.10428948473e+00
-5.10492238662e+00
-5.10738220145e+00
-5.10434890882e+00
-5.10569507584e+00
-5.10277104388e+00
-5.10522622966e+00
-5.10459634260e+00
-5.10313570532e+00
-5.10417882885e+00
-5.10349070319e+00
-5.10730050180e+00
-5.10610088796e+00
-5.10860337364e+00
-5.10625959737e+00
-5.10522377854e+00
-5.10618633863e+00
-5.10512381788e+00
-5.10572325068e+00
-5.10377955451e+00
-5.10417054549e+00
-5.10575589913e+00
-5.10633269395e+00
-5.10543309042e+00
-5.10464688082e+00
-5.10514340651e+00
-5.10538705409e+00
-5.10482567723e+00
-5.10474312923e+00
-5.10755715285e+00
-5.10496112410e+00
-5.10665040145e+00
-5.10661725044e+00
-5.10354676417e+00
-5.10238038523e+00
-5.10825160398e+00
-5.10454736340e+00
-5.10332204266e+00
-5.10461459507e+00
-5.10612298952e+00
-5.10658106709e+00
-5.10434792093e+00
-5.10508385366e+00
-5.10849224948e+00
-5.10634357047e+00
-5.10469067258e+00
-5.10844563695e+00
-5.10569973669e+00
-5.10488604221e+00
-5.10762282661e+00
-5.10592470491e+00
-5.10521400632e+00
-5.10374353205e+00
-5.10612144387e+00
-5.10385814225e+00
-5.10304547441e+00
-5.10506055725e+00
-5.10304509558e+00
-5.10446686053e+00
-5.10501826102e+00
-5.10462561867e+00
-5.10368627013e+00
-5.10600161549e+00
-5.10589333775e+00
-5.10756649572e+00
-5.10717384471e+00
-5.10655730205e+00
-5.10327352779e+00
-5.10456890297e+00
-5.10585607152e+00
-5.10785483779e+00
-5.10156985955e+00
-5.10489806311e+00
-5.10571613934e+00
-5.10316519420e+00
-5.10618405256e+00
-5.10717837176e+00
-5.10637999063e+00
-5.10322910248e+00
-5.10525849857e+00
-5.10506504769e+00
-5.10781351298e+00
-5.10386493907e+00
-5.10487447018e+00
-5.10624855765e+00
-5.10571430627e+00
-5.10328250962e+00
-5.10458162140e+00
-5.10655157531e+00
-5.10588258952e+00
-5.10527339495e+00
-5.10421102342e+00
-5.10468924041e+00
-5.10480795539e+00
-5.10607059638e+00
-5.10537219759e+00
-5.10421289852e+00
-5.10752182485e+00
-5.10621584663e+00
-5.10717189823e+00
-5.10617883017e+00
-5.10338225496e+00
-5.10478119347e+00
-5.10705810982e+00
-5.10822896427e+00
-5.10589782595e+00
-5.10572311350e+00
-5.10537498624e+00
-5.10481296837e+00
-5.10575751499e+00
-5.10514610729e+00
-5.10690282991e+00
-5.10444510452e+00
-5.10385603119e+00
-5.10489674866e+00
-5.10693727216e+00
-5.10421731890e+00
-5.10339715459e+00
-5.10778980519e+00
-5.10548244195e+00
-5.10498281218e+00
-5.10565042169e+00
-5.10744751053e+00
-5.10248126029e+00
-5.10571217934e+00
-5.10802943483e+00
-5.10913914364e+00
-5.10449355003e+00
-5.10907030538e+00
-5.10955740328e+00
-5.10420250094e+00
-5.10619048169e+00
-5.10251092915e+00
-5.10443111419e+00
-5.10469131493e+00
-5.10688108580e+00
-5.10443180860e+00
-5.10435891000e+00
-5.10633571359e+00
-5.10512665516e+00
-5.10345992451e+00
-5.10261159541e+00
-5.10542616581e+00
-5.10666300608e+00
-5.10515315510e+00
-5.10632533563e+00
-5.10620313618e+00
-5.10701670981e+00
-5.10416960404e+00
-5.10737874706e+00
-5.10578852042e+00
-5.10834306814e+00
-5.10510345720e+00
-5.10377887225e+00
-5.10588776056e+00
-5.10527383224e+00
-5.10519013940e+00
-5.10681846845e+00
-5.10734597541e+00
-5.10380270719e+00
-5.10488169983e+00
-5.10235266910e+00
-5.10271626107e+00
-5.10538456826e+00
-5.10629148008e+00
-5.10678819156e+00
-5.10352114851e+00
-5.10533678593e+00
-5.10189796223e+00
-5.10576666377e+00
-5.10041477196e+00
-5.10379215274e+00
-5.10562687927e+00
-5.10559261898e+00
-5.10546944382e+00
-5.10552339467e+00
-5.10462996935e+00
-5.10791544805e+00
-5.10349233530e+00
-5.10447270266e+00
-5.10291565672e+00
-5.10531331051e+00
-5.10584647966e+00
-5.10633331278e+00
-5.10572649595e+00
-5.10407606795e+00
-5.10519458895e+00
-5.10470923152e+00
-5.10264516661e+00
-5.10480565376e+00
-5.10659132036e+00
-5.10230469109e+00
-5.10331694842e+00
-5.10492372750e+00
-5.10452282985e+00
-5.10265585094e+00
-5.10452824501e+00
-5.10568829851e+00
-5.10577833068e+00
-5.10321197470e+00
-5.10233422382e+00
-5.10340547073e+00
-5.10407267287e+00
-5.10206336642e+00
-5.10427566794e+00
-5.10544158451e+00
-5.10523754767e+00
-5.10337487922e+00
-5.10402075277e+00
-5.10551145634e+00
-5.10777240507e+00
-5.10580301921e+00
-5.10909706088e+00
-5.10724607387e+00
-5.10637725437e+00
-5.10468967834e+00
-5.10658926526e+00
-5.10346979245e+00
-5.10280437130e+00
-5.10638195697e+00
-5.10348104882e+00
-5.10363008437e+00
-5.10674537906e+00
-5.10484484115e+00
-5.10707074911e+00
-5.10528079348e+00
-5.10196806985e+00
-5.10643864045e+00
-5.10615934067e+00
-5.10454330750e+00
-5.10716966597e+00
-5.10241917888e+00
-5.10263886424e+00
-5.10403873641e+00
-5.10266297451e+00
-5.10533406217e+00
-5.10476832203e+00
-5.10867430471e+00
-5.10495242789e+00
-5.10569930961e+00
-5.10809221744e+00
-5.10581856866e+00
-5.10432709330e+00
-5.10503926237e+00
-5.10447485024e+00
-5.10401562363e+00
-5.10845811803e+00
-5.10271129757e+00
-5.10537097145e+00
-5.10541963979e+00
-5.10577898603e+00
-5.10276686970e+00
-5.10404883557e+00
-5.10543034347e+00
-5.10779204231e+00
-5.10781658479e+00
-5.10268490692e+00
-5.10680854453e+00
-5.10716439487e+00
-5.10785122631e+00
-5.10801963591e+00
-5.10574850767e+00
-5.10545635561e+00
-5.10236928287e+00
-5.10582437147e+00
-5.10505677488e+00
-5.10624309937e+00
-5.10346448211e+00
-5.10262485439e+00
-5.10521452035e+00
-5.10458118712e+00
-5.10662786799e+00
-5.10732494427e+00
-5.10196272045e+00
-5.10822722267e+00
-5.10401159338e+00
-5.10561046623e+00
-5.10214645241e+00
-5.10633917604e+00
-5.10354484919e+00
-5.10251404380e+00
-5.10768305106e+00
-5.10391337777e+00
-5.10308448813e+00
-5.10667137617e+00
-5.10677887444e+00
-5.10484210949e+00
-5.10322536596e+00
-5.10354761244e+00
-5.10352960247e+00
-5.10421197828e+00
-5.10691708696e+00
-5.10440652962e+00
-5.10404905480e+00
-5.10605759090e+00
-5.10559408125e+00
-5.10602965228e+00
-5.10559701847e+00
-5.10509817613e+00
-5.10544625699e+00
-5.10374641096e+00
-5.10558771714e+00
-5.10723211989e+00
-5.10526064831e+00
-5.10529495135e+00
-5.10504543704e+00
-5.10452110398e+00
-5.10691976340e+00
-5.10730943356e+00
-5.10283889564e+00
-5.10556993987e+00
-5.10742747586e+00
-5.10819733663e+00
-5.10622147365e+00
-5.10523727595e+00
-5.10562258118e+00
-5.10471970485e+00
-5.10510653313e+00
-5.10440729518e+00
-5.10381893889e+00
-5.10267963264e+00
-5.10569460003e+00
-5.10688275848e+00
-5.10528099207e+00
-5.10751595188e+00
-5.10300705004e+00
-5.10602299587e+00
-5.10736265469e+00
-5.10454217291e+00
-5.10290751099e+00
-5.10511235894e+00
-5.10686784321e+00
-5.10700910277e+00
-5.10473536749e+00
-5.10705699544e+00
-5.10270271790e+00
-5.10490577903e+00
-5.10673754771e+00
-5.10273713380e+00
-5.10751639845e+00
-5.10336400915e+00
-5.10243294766e+00
-5.10525326277e+00
-5.10573968075e+00
-5.10635970211e+00
-5.10667328410e+00
-5.10660664125e+00
-5.10606994614e+00
-5.10552839387e+00
-5.10547046802e+00
-5.10496612775e+00
-5.10406496600e+00
-5.10664214382e+00
-5.10886285465e+00
-5.10687066892e+00
-5.10310646804e+00
-5.10774662553e+00
-5.10362801410e+00
-5.10643594076e+00
-5.10708481630e+00
-5.10940295124e+00
-5.10435113832e+00
-5.10538525083e+00
-5.10749792080e+00
-5.10319224658e+00
-5.10237398228e+00
-5.10505082600e+00