8.28221335981e-01
8.28224721442e-01
8.28389808122e-01
8.28487058087e-01
8.28337549054e-01
8.28399018365e-01
8.28583980177e-01
8.28268859681e-01
8.28387260912e-01
8.28635479065e-01
8.28317155017e-01
8.28340026206e-01
8.28782357087e-01
8.28560446198e-01
8.28536570795e-01
8.28299935631e-01
8.28411709799e-01
8.28553113391e-01
8.28484909752e-01
8.28163701708e-01
8.28381589155e-01
8.28575912320e-01
8.28154218433e-01
8.28792438062e-01
8.28113515667e-01
8.28251263811e-01
8.28263879883e-01
8.28552737675e-01
8.28659735201e-01
8.28472674378e-01
8.28077255676e-01
8.28036349116e-01
8.28311823941e-01
8.28557853945e-01
8.28491330456e-01
8.28611936776e-01
8.28151936983e-01
8.27986630029e-01
8.28194201740e-01
8.28276387143e-01
8.28532890228e-01
8.28072381274e-01
8.28134263319e-01
8.28526869478e-01
8.28788615257e-01
8.28406394589e-01
8.28654192293e-01
8.28598640230e-01
8.28579207376e-01
8.28409270121e-01
8.28253592496e-01
8.28697996645e-01
8.28589201395e-01
8.29117773067e-01
8.28589825464e-01
8.28466145691e-01
8.28677508099e-01
8.28353069674e-01
8.28557092209e-01
8.28196842665e-01
8.28360129079e-01
8.28297568234e-01
8.28277653360e-01
8.28319800288e-01
8.28460647829e-01
8.28419860692e-01
8.28027731040e-01
8.28393226959e-01
8.27995113390e-01
8.28315836598e-01
8.28082790053e-01
8.28059744106e-01
8.28738698528e-01
8.28619413091e-01
8.28404151096e-01
8.28110678605e-01
8.28304957452e-01
8.28493119366e-01
8.28037589028e-01
8.28392090836e-01
8.28624672266e-01
8.28334965957e-01
8.28731065963e-01
8.28384087088e-01
8.28336119158e-01
8.28252061381e-01
8.28412380827e-01
8.28437631887e-01
8.28153422849e-01
8.28427257183e-01
8.28439721857e-01
8.28191394451e-01
8.28509624902e-01
8.28118957709e-01
8.27985951721e-01
8.28368333080e-01
8.27943683409e-01
8.28644362795e-01
8.28489874479e-01
8.28317053257e-01
8.28256063047e-01
8.28113618948e-01
8.28620364885e-01
8.28414420641e-01
8.28600543428e-01
8.28533741861e-01
8.28753023655e-01
8.28059307533e-01
8.28578027903e-01
8.28412921171e-01
8.28263566089e-01
8.28387380909e-01
8.28257392083e-01
8.28188619722e-01
8.28270674134e-01
8.28679135447e-01
8.28498760908e-01
8.28123174101e-01
8.28465176669e-01
8.28183300526e-01
8.28360318375e-01
8.28462125751e-01
8.27908665788e-01
8.28733284857e-01
8.28482102510e-01
8.28361825056e-01
8.28194469971e-01
8.28676502270e-01
8.28119806176e-01
8.28791909892e-01
8.28290858725e-01
8.28813350757e-01
8.28250623421e-01
8.28188285493e-01
8.27888894358e-01
8.28554651619e-01
8.28617697591e-01
8.28664133393e-01
8.28052489213e-01
8.28533993302e-01
8.27989588573e-01
8.27931594530e-01
8.28312084667e-01
8.28590094508e-01
8.28509543274e-01
8.28182215207e-01
8.28323017592e-01
8.28422724814e-01
8.28599021379e-01
8.28620750317e-01
8.28719580930e-01
8.28485268406e-01
8.27897243680e-01
8.28545981655e-01
8.28733604969e-01
8.28296070308e-01
8.28377168918e-01
8.28348620113e-01
8.28286324513e-01
8.28547794128e-01
8.27832967296e-01
8.28340114859e-01
8.28436021820e-01
8.27968227001e-01
8.28456991969e-01
8.28768499771e-01
8.28253874714e-01
8.28451132250e-01
8.28326409918e-01
8.28669702865e-01
8.28254096334e-01
8.28359338900e-01
8.28402174074e-01
8.28426838032e-01
8.28783138958e-01
8.28101003736e-01
8.28198599362e-01
8.28232506001e-01
8.28272908670e-01
8.28289279516e-01
8.28190460226e-01
8.28446852606e-01
8.28462848292e-01
8.28510357294e-01
8.28076307984e-01
8.28421024271e-01
8.28135670828e-01
8.28468104529e-01
8.28368066615e-01
8.28386012388e-01
8.28389815538e-01
8.28323472955e-01
8.28364907990e-01
8.28352208446e-01
8.28146869322e-01
8.27896691660e-01
8.28261963274e-01
8.28156377588e-01
8.28610187070e-01
8.28450291174e-01
8.28782659067e-01
8.28192651942e-01
8.28452345605e-01
8.28620895630e-01
8.27979978030e-01
8.28520641091e-01
8.28553840431e-01
8.28179794850e-01
8.28585206725e-01
8.28257572306e-01
8.28569503329e-01
8.28440091136e-01
8.28317007366e-01
8.28343084589e-01
8.28475972110e-01
8.28556222109e-01
8.28106764355e-01
8.28056174103e-01
8.28292490812e-01
8.28121626803e-01
8.27995213614e-01
8.28090885774e-01
8.28487851811e-01
8.28184737297e-01
8.28663576204e-01
8.28510792233e-01
8.28133956030e-01
8.27987700244e-01
8.28309675373e-01
8.28166205294e-01
8.28534012913e-01
8.28248504330e-01
8.28543149699e-01
8.28564587216e-01
8.28303848446e-01
8.28403611717e-01
8.28070251995e-01
8.28086080284e-01
8.28738608958e-01
8.28384266493e-01
8.28018834030e-01
8.28526385558e-01
8.28360512914e-01
8.28653917580e-01
8.28935115071e-01
8.28842366713e-01
8.28228272041e-01
8.28221444127e-01
8.28187816648e-01
8.28611785798e-01
8.28475015503e-01
8.28583873805e-01
8.27962886152e-01
8.28087766160e-01
8.28111977949e-01
8.28109628392e-01
8.28488255604e-01
8.28359828980e-01
8.28386873735e-01
8.28305031064e-01
8.27992034056e-01
8.28849378234e-01
8.28394437489e-01
8.28868591774e-01
8.28236118588e-01
8.28305036269e-01
8.28391240944e-01
8.28121799266e-01
8.28278103352e-01
8.28313954812e-01
8.28594494720e-01
8.28369697960e-01
8.28169997494e-01
8.28428057254e-01
8.28575468680e-01
8.28366598483e-01
8.28258780711e-01
8.28455408175e-01
8.28649658986e-01
8.28034230903e-01
8.28329608366e-01
8.28322950333e-01
8.28330937092e-01
8.28253097951e-01
8.28313814178e-01
8.28570482805e-01
8.28845254490e-01
8.28613728623e-01
8.28294171415e-01
8.28874125310e-01
8.28419474519e-01
8.28322486337e-01
8.28972924943e-01
8.28593365321e-01
8.28430924642e-01
8.28039461124e-01
8.27892341137e-01
8.28403400349e-01
8.28223032694e-01
8.28703610158e-01
8.28560912804e-01
8.28558851766e-01
8.28286751703e-01
8.28275276251e-01
8.28400690788e-01
8.28205418223e-01
8.28354627702e-01
8.28444639559e-01
8.28929391143e-01
8.27881450912e-01
8.28181654083e-01
8.28277161354e-01
8.28159085058e-01
8.28511414015e-01
8.28458196552e-01
8.28500545603e-01
8.28440637922e-01
8.28134740346e-01
8.28281008681e-01
8.28258232508e-01
8.28577565314e-01
8.28513474542e-01
8.28461900964e-01
8.28620433559e-01
8.28465893382e-01
8.28230861557e-01
8.28176882911e-01
8.28347636105e-01
8.27800363144e-01
8.28481814651e-01
8.28470852378e-01
8.28367962727e-01
8.29051763188e-01
8.28305838823e-01
8.28170291898e-01
8.28468643466e-01
8.28562639334e-01
8.28705700302e-01
8.28420066557e-01
8.28619086501e-01
8.28459737143e-01
8.28467345316e-01
8.28536965819e-01
8.28341829574e-01
8.28295593827e-01
8.28364555990e-01
8.28388991971e-01
8.28531567069e-01
8.28012937463e-01
8.28311778112e-01
8.28254898330e-01
8.28665768572e-01
8.28542229069e-01
8.28724800718e-01
8.28717893253e-01
8.28358089504e-01
8.28134428532e-01
8.28683382429e-01
8.28573397241e-01
8.28950153138e-01
8.28192135232e-01
8.28563713197e-01
8.28341401515e-01
8.28265184195e-01
8.28137196645e-01
8.28415310987e-01
8.27860684604e-01
8.28783052353e-01
8.28514486935e-01
8.28347149742e-01
8.27946109731e-01
8.28508353503e-01
8.28117569179e-01
8.28012817176e-01
8.28384941484e-01
8.28645655272e-01
8.28411576201e-01
8.28519941126e-01
8.28259111732e-01
8.28355849105e-01
8.28589919175e-01
8.27894576352e-01
8.28461849684e-01
8.28775079186e-01
8.28414209109e-01
8.28352295487e-01
8.28362058966e-01
8.28047483794e-01
8.28390175247e-01
8.28641124382e-01
8.28454326112e-01
8.28469186683e-01
8.28700513358e-01
8.28578149576e-01
8.28126963056e-01
8.28347793497e-01
8.28354595366e-01
8.28360150322e-01
8.28692897687e-01
8.28414403139e-01
8.27909758290e-01
8.28148954250e-01
8.28404752074e-01
8.28621794377e-01
8.28354410113e-01
8.28551609312e-01
8.28154961847e-01
8.28432437230e-01
8.28508824861e-01
8.28591129555e-01
8.28451940287e-01
8.28368854403e-01
8.28587036497e-01
8.28299860178e-01
8.28442642929e-01
8.28392892155e-01
8.28517314318e-01
8.27722498880e-01
8.28295031010e-01
8.27955592574e-01
8.28134511471e-01
8.28720930500e-01
8.28638526116e-01
8.28624363813e-01
8.28368423110e-01
8.28576516903e-01
8.28235649841e-01
8.28616344819e-01
8.28583198934e-01
8.28708710633e-01
8.28392786934e-01
8.28213841714e-01
8.28662011098e-01
8.28679888619e-01
8.28242566367e-01
8.28267692525e-01
8.28224141879e-01
8.28636468900e-01
8.28304140009e-01
8.28491254141e-01
8.28319643794e-01
8.28717427456e-01
8.28628816409e-01
8.28259120672e-01
8.28289472916e-01
8.28653575787e-01
8.28322352122e-01
8.27982084934e-01
8.28523040352e-01
8.28499812739e-01
8.28614175419e-01
8.28426993464e-01
8.28463655088e-01
8.28515081613e-01
8.28534770172e-01
8.28378623461e-01
8.28411768886e-01
8.28483495413e-01
8.28787554446e-01
8.28497742813e-01
8.28822104672e-01
8.28499680550e-01
8.28482090542e-01
8.28385447478e-01
8.28048587583e-01
8.28572638375e-01
8.28261520467e-01
8.28633282646e-01
8.28552453269e-01
8.28453217155e-01
8.28302223328e-01
8.28408515121e-01
8.28563238529e-01
8.28357274530e-01
8.27972498130e-01
8.28018980317e-01
8.28579563169e-01
8.28579997719e-01
8.28408702046e-01
8.28608405045e-01
8.28153287372e-01
8.28250326305e-01
8.28750644743e-01
8.28241142807e-01
8.27937227088e-01
8.28346684377e-01
8.28441429021e-01
8.28626777029e-01
8.28676018291e-01
8.28669703688e-01
8.28600415120e-01
8.28439153125e-01
8.28089775945e-01
8.28447862996e-01
8.28551639867e-01
8.28118820040e-01
8.28245992242e-01
8.28251051337e-01
8.28225306392e-01
8.28413913789e-01
8.28404465142e-01