-3.96234633043e+00
-3.96169123358e+00
-3.96024975271e+00
-3.96277124437e+00
-3.96090178886e+00
-3.96246519084e+00
-3.95940525560e+00
-3.96020093927e+00
-3.96185799536e+00
-3.96267742160e+00
-3.96222886415e+00
-3.96144216662e+00
-3.96249108741e+00
-3.96187149500e+00
-3.96081496776e+00
-3.96042283655e+00
-3.96108351925e+00
-3.96240939035e+00
-3.96157239920e+00
-3.96030550917e+00
-3.96348390376e+00
-3.96106973253e+00
-3.96105823016e+00
-3.96051742115e+00
-3.96275069960e+00
-3.96082464520e+00
-3.96120349916e+00
-3.96245381717e+00
-3.95996609737e+00
-3.96167590630e+00
-3.96086858813e+00
-3.96203043397e+00
-3.96115712625e+00
-3.96038546505e+00
-3.96268469072e+00
-3.96090171939e+00
-3.96150122797e+00
-3.96158020799e+00
-3.95968477721e+00
-3.96068814932e+00
-3.96114642582e+00
-3.96049788536e+00
-3.96171935253e+00
-3.96069599680e+00
-3.96091686873e+00
-3.96195751324e+00
-3.96105803418e+00
-3.96243352582e+00
-3.96039347929e+00
-3.96207107198e+00
-3.96171728163e+00
-3.96230432455e+00
-3.96105884131e+00
-3.96046109082e+00
-3.96191931916e+00
-3.96119430855e+00
-3.96035270499e+00
-3.96027959216e+00
-3.96209243821e+00
-3.96268665941e+00
-3.96096220142e+00
-3.96128211688e+00
-3.96026973009e+00
-3.96136601259e+00
-3.96090661395e+00
-3.96015020543e+00
-3.96079979042e+00
-3.96171789307e+00
-3.96192361078e+00
-3.96103636975e+00
-3.96224342261e+00
-3.96093564197e+00
-3.96186099706e+00
-3.96221466343e+00
-3.96209867879e+00
-3.96153225972e+00
-3.96163540216e+00
-3.95941434517e+00
-3.96208712134e+00
-3.95971341499e+00
-3.96155693715e+00
-3.96167388057e+00
-3.95956954961e+00
-3.96115384566e+00
-3.96112585229e+00
-3.96105742283e+00
-3.96146631272e+00
-3.96085590784e+00
-3.96263040039e+00
-3.96202476084e+00
-3.96132533608e+00
-3.95927300172e+00
-3.96121908301e+00
-3.96143656928e+00
-3.96128252267e+00
-3.96044136510e+00
-3.96028563701e+00
-3.96061072238e+00
-3.96113968196e+00
-3.96031992925e+00
-3.96013339013e+00
-3.96238405263e+00
-3.96100476638e+00
-3.96094576876e+00
-3.95805010231e+00
-3.96079361112e+00
-3.96136171046e+00
-3.96164127586e+00
-3.96059431839e+00
-3.96128269911e+00
-3.96169384140e+00
-3.96202181868e+00
-3.96169237203e+00
-3.96031818004e+00
-3.96000349662e+00
-3.96196786823e+00
-3.96240814878e+00
-3.96256675574e+00
-3.96093951277e+00
-3.96166174650e+00
-3.96154110821e+00
-3.96044786807e+00
-3.96186960144e+00
-3.96214631059e+00
-3.96118971800e+00
-3.96089481439e+00
-3.96074355888e+00
-3.96053771151e+00
-3.96119159499e+00
-3.96073575149e+00
-3.96104471383e+00
-3.96198244526e+00
-3.96111104875e+00
-3.96115887388e+00
-3.96096985761e+00
-3.96065321137e+00
-3.96210035713e+00
-3.96038542181e+00
-3.96050973470e+00
-3.96075162282e+00
-3.96099683847e+00
-3.96101790769e+00
-3.96150309024e+00
-3.96155542750e+00
-3.95975235974e+00
-3.96246561442e+00
-3.96053736735e+00
-3.96313057936e+00
-3.96179398371e+00
-3.96089934056e+00
-3.96199872976e+00
-3.96120396691e+00
-3.96141321389e+00
-3.96031372372e+00
-3.96082423804e+00
-3.96028706420e+00
-3.96123424179e+00
-3.96144439154e+00
-3.96063638990e+00
-3.96162649063e+00
-3.96130834284e+00
-3.96112957055e+00
-3.96119465358e+00
-3.96195804000e+00
-3.96202893715e+00
-3.96155642847e+00
-3.96123614127e+00
-3.96136809818e+00
-3.95946477591e+00
-3.96185411325e+00
-3.96074141206e+00
-3.95992976128e+00
-3.96168626550e+00
-3.96028650049e+00
-3.96113981433e+00
-3.96088076003e+00
-3.96131650112e+00
-3.96158012479e+00
-3.96204919532e+00
-3.96165963652e+00
-3.96184320186e+00
-3.96179133117e+00
-3.96139935780e+00
-3.96093324833e+00
-3.96198299964e+00
-3.96101660552e+00
-3.96030072831e+00
-3.96149265252e+00
-3.96009488520e+00
-3.96154329262e+00
-3.96063910653e+00
-3.96001160022e+00
-3.96062276246e+00
-3.95992200720e+00
-3.96067780058e+00
-3.95962939134e+00
-3.96149120439e+00
-3.96275589906e+00
-3.96212994435e+00
-3.96214187866e+00
-3.96198941324e+00
-3.95943967850e+00
-3.96182980551e+00
-3.96210332337e+00
-3.96295610312e+00
-3.96037965379e+00
-3.96011738491e+00
-3.96058521433e+00
-3.96164370668e+00
-3.96052239626e+00
-3.96260951214e+00
-3.96119728174e+00
-3.96088597202e+00
-3.96161441138e+00
-3.96137503454e+00
-3.96126465012e+00
-3.96077721648e+00
-3.96172880530e+00
-3.96194535564e+00
-3.96122598456e+00
-3.96038234130e+00
-3.96024344742e+00
-3.96172336322e+00
-3.96131594596e+00
-3.96063650087e+00
-3.96152672523e+00
-3.96123064566e+00
-3.96133587482e+00
-3.96211742646e+00
-3.96163497616e+00
-3.96043722785e+00
-3.96141085942e+00
-3.96023462845e+00
-3.96342748724e+00
-3.96145385987e+00
-3.96142267840e+00
-3.96223641973e+00
-3.96253018757e+00
-3.96235228747e+00
-3.96200425543e+00
-3.96180908350e+00
-3.96144507588e+00
-3.96158952278e+00
-3.96184000082e+00
-3.96065233737e+00
-3.96156445320e+00
-3.95969531340e+00
-3.96043990734e+00
-3.96124098648e+00
-3.96232560544e+00
-3.96096229633e+00
-3.96143579593e+00
-3.96218572293e+00
-3.96218446460e+00
-3.96087293848e+00
-3.96131767124e+00
-3.96216371432e+00
-3.96191627057e+00
-3.96122066129e+00
-3.96225598956e+00
-3.96163758673e+00
-3.96051155441e+00
-3.96207682281e+00
-3.96245726646e+00
-3.95995213692e+00
-3.96052010398e+00
-3.96048491626e+00
-3.96097559929e+00
-3.96104292926e+00
-3.96211381548e+00
-3.95987718318e+00
-3.96111527837e+00
-3.96158043983e+00
-3.96065040222e+00
-3.96006283385e+00
-3.95976651436e+00
-3.96151615452e+00
-3.96103930713e+00
-3.96211168542e+00
-3.96258134283e+00
-3.96125639396e+00
-3.96111985059e+00
-3.96219070586e+00
-3.96108355134e+00
-3.96120823152e+00
-3.96175014782e+00
-3.96183681243e+00
-3.96102002969e+00
-3.96238824129e+00
-3.96053037085e+00
-3.96074428881e+00
-3.96194722825e+00
-3.96127848663e+00
-3.96012106692e+00
-3.96152933761e+00
-3.96010436240e+00
-3.96062856642e+00
-3.96075272863e+00
-3.96055213563e+00
-3.96136455598e+00
-3.96160521071e+00
-3.96051346733e+00
-3.96008263562e+00
-3.96086355151e+00
-3.95941026880e+00
-3.96135351279e+00
-3.96185294888e+00
-3.96147916384e+00
-3.96125889864e+00
-3.96096602540e+00
-3.96047288810e+00
-3.96244330470e+00
-3.96018242700e+00
-3.96113003980e+00
-3.96105320302e+00
-3.96168529524e+00
-3.96136743304e+00
-3.96228417964e+00
-3.96095020405e+00
-3.96089327918e+00
-3.96174343943e+00
-3.96014241474e+00
-3.96091033829e+00
-3.96097010573e+00
-3.96310419729e+00
-3.96102166981e+00
-3.96030824469e+00
-3.96158196199e+00
-3.96154752373e+00
-3.96114540979e+00
-3.96148394681e+00
-3.96247387039e+00
-3.96062047066e+00
-3.96056112972e+00
-3.96043763047e+00
-3.95988070849e+00
-3.96117448426e+00
-3.96057358442e+00
-3.95980497652e+00
-3.96144432711e+00
-3.96159668892e+00
-3.96048520038e+00
-3.96116145159e+00
-3.96061607975e+00
-3.96242118938e+00
-3.96037779077e+00
-3.96360153573e+00
-3.96075587239e+00
-3.96001963443e+00
-3.96098960707e+00
-3.96268286024e+00
-3.96149122022e+00
-3.95999047320e+00
-3.96260633812e+00
-3.96034091378e+00
-3.96056802788e+00
-3.96155663342e+00
-3.96124967192e+00
-3.96275402695e+00
-3.96094418575e+00
-3.96007371912e+00
-3.96242587182e+00
-3.96213576661e+00
-3.96073571578e+00
-3.96168949983e+00
-3.95991415397e+00
-3.95935374441e+00
-3.96138291252e+00
-3.96023942719e+00
-3.96111220744e+00
-3.96113219413e+00
-3.96271669515e+00
-3.96092026761e+00
-3.96168605709e+00
-3.96236126489e+00
-3.96102878395e+00
-3.96163914884e+00
-3.96169936641e+00
-3.96088623607e+00
-3.96097453232e+00
-3.96178778056e+00
-3.96001059817e+00
-3.96090606789e+00
-3.96210315817e+00
-3.96100706856e+00
-3.96136930209e+00
-3.96080058716e+00
-3.95993599486e+00
-3.96287428952e+00
-3.96333107542e+00
-3.96012704734e+00
-3.96150415253e+00
-3.96201601630e+00
-3.96227076406e+00
-3.96235201786e+00
-3.96086476143e+00
-3.96135360493e+00
-3.95930218603e+00
-3.96048321270e+00
-3.96116508706e+00
-3.96188182899e+00
-3.96110076846e+00
-3.96094675789e+00
-3.96006826231e+00
-3.96096514727e+00
-3.96156798911e+00
-3.96208570897e+00
-3.96077482778e+00
-3.96184017610e+00
-3.96160503512e+00
-3.96090549516e+00
-3.96069218942e+00
-3.96165899830e+00
-3.95939395737e+00
-3.96010581988e+00
-3.96180276760e+00
-3.96047177727e+00
-3.96087192495e+00
-3.96220393137e+00
-3.96231503025e+00
-3.96082460394e+00
-3.96043138271e+00
-3.96079870233e+00
-3.96093305316e+00
-3.96025469102e+00
-3.96132728649e+00
-3.96114160479e+00
-3.96114482617e+00
-3.96145032299e+00
-3.96147464104e+00
-3.96121137536e+00
-3.96098134760e+00
-3.96147457460e+00
-3.96053616299e+00
-3.96103870783e+00
-3.96174551611e+00
-3.96132092040e+00
-3.96167969596e+00
-3.96165017634e+00
-3.96139666338e+00
-3.96224845514e+00
-3.96175049204e+00
-3.96166101782e+00
-3.96052016518e+00
-3.96090548942e+00
-3.96202137508e+00
-3.96223439279e+00
-3.96187136935e+00
-3.96146036936e+00
-3.96077387159e+00
-3.96063603845e+00
-3.96208390687e+00
-3.96141015302e+00
-3.96014117622e+00
-3.96014068474e+00
-3.96135313279e+00
-3.96197204417e+00
-3.96089000053e+00
-3.96197540603e+00
-3.95946574583e+00
-3.96155047231e+00
-3.96193526135e+00
-3.96104988021e+00
-3.96083776638e+00
-3.96084844223e+00
-3.96105690901e+00
-3.96294688799e+00
-3.96150426044e+00
-3.96200746892e+00
-3.96042391036e+00
-3.96127712969e+00
-3.96104009401e+00
-3.95998499022e+00
-3.96313241515e+00
-3.96122131502e+00
-3.96168037607e+00
-3.95972973018e+00
-3.96093948893e+00
-3.96131749068e+00
-3.96182010866e+00
-3.96242462406e+00
-3.96151179691e+00
-3.96153024043e+00
-3.96063272853e+00
-3.96052141743e+00
-3.96061265286e+00
-3.96229923020e+00
-3.96117390201e+00
-3.96194313644e+00
-3.96162761111e+00
-3.96206210906e+00
-3.96000543822e+00
-3.96172326014e+00
-3.96214044013e+00
-3.96381408949e+00
-3.96063372443e+00
-3.96093849948e+00
-3.96171715528e+00
-3.96032537422e+00
-3.96146270605e+00
-3.96119263635e+00