-7.07886849743e+00
-7.07731371115e+00
-7.07512166088e+00
-7.07971479774e+00
-7.07634790637e+00
-7.07941229528e+00
-7.07379486291e+00
-7.07556591524e+00
-7.07795203913e+00
-7.07960560721e+00
-7.07888213952e+00
-7.07707381251e+00
-7.07905482501e+00
-7.07781222057e+00
-7.07607311819e+00
-7.07578425894e+00
-7.07703189327e+00
-7.07920826847e+00
-7.07772433991e+00
-7.07529958964e+00
-7.08082638906e+00
-7.07628759763e+00
-7.07679785145e+00
-7.07555986360e+00
-7.07958413944e+00
-7.07645803135e+00
-7.07688283452e+00
-7.07884497766e+00
-7.07540581945e+00
-7.07785822316e+00
-7.07686473581e+00
-7.07836084597e+00
-7.07708047920e+00
-7.07582533575e+00
-7.07947955082e+00
-7.07669210582e+00
-7.07778919256e+00
-7.07729614033e+00
-7.07451579314e+00
-7.07560224522e+00
-7.07679982576e+00
-7.07564181748e+00
-7.07769481398e+00
-7.07546028331e+00
-7.07638526626e+00
-7.07780710064e+00
-7.07670505526e+00
-7.07883112149e+00
-7.07570899171e+00
-7.07838395579e+00
-7.07807596577e+00
-7.07860216819e+00
-7.07693036205e+00
-7.07594796458e+00
-7.07831639900e+00
-7.07666996024e+00
-7.07605399553e+00
-7.07526089020e+00
-7.07878261518e+00
-7.07968564447e+00
-7.07653518690e+00
-7.07720569254e+00
-7.07527171640e+00
-7.07736045484e+00
-7.07675050335e+00
-7.07518333168e+00
-7.07650936604e+00
-7.07776439365e+00
-7.07800748609e+00
-7.07691434330e+00
-7.07858173445e+00
-7.07671756227e+00
-7.07838447186e+00
-7.07868330891e+00
-7.07893383169e+00
-7.07713557672e+00
-7.07725652033e+00
-7.07386273261e+00
-7.07858801047e+00
-7.07478994148e+00
-7.07758427063e+00
-7.07778940743e+00
-7.07473472756e+00
-7.07704095712e+00
-7.07717953991e+00
-7.07663539514e+00
-7.07734814762e+00
-7.07633034649e+00
-7.07966666592e+00
-7.07842966828e+00
-7.07733993218e+00
-7.07458821642e+00
-7.07665665268e+00
-7.07748330035e+00
-7.07688719124e+00
-7.07552519434e+00
-7.07571952677e+00
-7.07590407938e+00
-7.07704424396e+00
-7.07573790842e+00
-7.07496678138e+00
-7.07887388491e+00
-7.07643564843e+00
-7.07621503489e+00
-7.07175409117e+00
-7.07652874329e+00
-7.07700796182e+00
-7.07781495889e+00
-7.07545906064e+00
-7.07742635710e+00
-7.07751895643e+00
-7.07837161202e+00
-7.07783506888e+00
-7.07552236441e+00
-7.07460653891e+00
-7.07801011479e+00
-7.07899090092e+00
-7.07905922213e+00
-7.07694159703e+00
-7.07756158503e+00
-7.07734390167e+00
-7.07552438406e+00
-7.07831655060e+00
-7.07904599706e+00
-7.07725256317e+00
-7.07627059803e+00
-7.07684487390e+00
-7.07553525839e+00
-7.07682127548e+00
-7.07650192600e+00
-7.07703165180e+00
-7.07797467854e+00
-7.07663046750e+00
-7.07686367732e+00
-7.07658373763e+00
-7.07613620535e+00
-7.07879844448e+00
-7.07588758100e+00
-7.07600844182e+00
-7.07597961166e+00
-7.07684018510e+00
-7.07681911103e+00
-7.07712387061e+00
-7.07703015974e+00
-7.07514945841e+00
-7.07933214482e+00
-7.07587085346e+00
-7.07975344443e+00
-7.07788805460e+00
-7.07615456131e+00
-7.07845606283e+00
-7.07679019400e+00
-7.07755997519e+00
-7.07612091015e+00
-7.07661724946e+00
-7.07582770366e+00
-7.07727897186e+00
-7.07732407700e+00
-7.07586225513e+00
-7.07735348305e+00
-7.07698350457e+00
-7.07643596590e+00
-7.07685865796e+00
-7.07789509223e+00
-7.07840095764e+00
-7.07772483161e+00
-7.07765216485e+00
-7.07756969288e+00
-7.07396377223e+00
-7.07824060912e+00
-7.07653077627e+00
-7.07510557779e+00
-7.07826284745e+00
-7.07609613316e+00
-7.07711460540e+00
-7.07654328115e+00
-7.07736687602e+00
-7.07772065412e+00
-7.07800230534e+00
-7.07741237203e+00
-7.07807246062e+00
-7.07791057988e+00
-7.07719495148e+00
-7.07669917458e+00
-7.07861036543e+00
-7.07649083396e+00
-7.07549878659e+00
-7.07754728735e+00
-7.07497668595e+00
-7.07733844240e+00
-7.07582764923e+00
-7.07457660179e+00
-7.07564205496e+00
-7.07495806611e+00
-7.07634671186e+00
-7.07469679992e+00
-7.07749211712e+00
-7.07951348540e+00
-7.07900363353e+00
-7.07866144784e+00
-7.07805759483e+00
-7.07415182637e+00
-7.07775976141e+00
-7.07882827315e+00
-7.07977651479e+00
-7.07527559024e+00
-7.07570031499e+00
-7.07645761708e+00
-7.07770642663e+00
-7.07580056775e+00
-7.07971943924e+00
-7.07721844895e+00
-7.07640902816e+00
-7.07765691523e+00
-7.07717983662e+00
-7.07736714408e+00
-7.07644464522e+00
-7.07817603116e+00
-7.07817691141e+00
-7.07704164897e+00
-7.07542823688e+00
-7.07570675699e+00
-7.07795592703e+00
-7.07743454895e+00
-7.07663039554e+00
-7.07762558663e+00
-7.07686242937e+00
-7.07685172192e+00
-7.07841853258e+00
-7.07764856925e+00
-7.07616796832e+00
-7.07783547550e+00
-7.07579795001e+00
-7.08075753094e+00
-7.07734772058e+00
-7.07721149692e+00
-7.07867237874e+00
-7.07921544960e+00
-7.07893153440e+00
-7.07852007583e+00
-7.07817343390e+00
-7.07740781332e+00
-7.07741085106e+00
-7.07798310719e+00
-7.07615647877e+00
-7.07791527222e+00
-7.07471456613e+00
-7.07537272665e+00
-7.07728273028e+00
-7.07887136053e+00
-7.07675200399e+00
-7.07763448789e+00
-7.07855461526e+00
-7.07884081622e+00
-7.07643300493e+00
-7.07731444377e+00
-7.07878949878e+00
-7.07803564360e+00
-7.07680188399e+00
-7.07890817152e+00
-7.07811980819e+00
-7.07558243387e+00
-7.07913569413e+00
-7.07870945227e+00
-7.07509283069e+00
-7.07608129266e+00
-7.07550997375e+00
-7.07649669000e+00
-7.07672828609e+00
-7.07885736233e+00
-7.07477638718e+00
-7.07665880245e+00
-7.07757939962e+00
-7.07591250297e+00
-7.07528996636e+00
-7.07501809791e+00
-7.07748963683e+00
-7.07677065251e+00
-7.07848376867e+00
-7.07929048237e+00
-7.07668890023e+00
-7.07734591528e+00
-7.07831393080e+00
-7.07726325565e+00
-7.07691013864e+00
-7.07785927178e+00
-7.07793159425e+00
-7.07608784823e+00
-7.07895487166e+00
-7.07594114013e+00
-7.07609852254e+00
-7.07812237021e+00
-7.07725632544e+00
-7.07520948384e+00
-7.07774439905e+00
-7.07484081413e+00
-7.07582089972e+00
-7.07587574498e+00
-7.07558985916e+00
-7.07730082098e+00
-7.07765754826e+00
-7.07568518654e+00
-7.07523789627e+00
-7.07650405604e+00
-7.07381795565e+00
-7.07715287350e+00
-7.07825545355e+00
-7.07778160626e+00
-7.07671375792e+00
-7.07659266629e+00
-7.07603820008e+00
-7.07904387102e+00
-7.07555296742e+00
-7.07652337866e+00
-7.07654663037e+00
-7.07804154619e+00
-7.07775870097e+00
-7.07810908970e+00
-7.07695114775e+00
-7.07628799621e+00
-7.07783972981e+00
-7.07570613320e+00
-7.07618480281e+00
-7.07700648039e+00
-7.08032740520e+00
-7.07669851441e+00
-7.07548018704e+00
-7.07772513960e+00
-7.07748970378e+00
-7.07657644130e+00
-7.07736253869e+00
-7.07933109713e+00
-7.07575009698e+00
-7.07619713529e+00
-7.07581681780e+00
-7.07482665472e+00
-7.07716586511e+00
-7.07612885729e+00
-7.07499778852e+00
-7.07703813056e+00
-7.07778949243e+00
-7.07555051625e+00
-7.07714473869e+00
-7.07600645733e+00
-7.07962234318e+00
-7.07603969597e+00
-7.08114501104e+00
-7.07650005336e+00
-7.07521177775e+00
-7.07627840147e+00
-7.07984983645e+00
-7.07716425881e+00
-7.07477588496e+00
-7.07949043937e+00
-7.07561929997e+00
-7.07555076219e+00
-7.07758470868e+00
-7.07722754417e+00
-7.07983478645e+00
-7.07686259759e+00
-7.07485087862e+00
-7.07936245016e+00
-7.07860977562e+00
-7.07674308231e+00
-7.07791738829e+00
-7.07441217184e+00
-7.07419596921e+00
-7.07773053286e+00
-7.07543724610e+00
-7.07707161891e+00
-7.07675255214e+00
-7.07967080894e+00
-7.07610764915e+00
-7.07756370848e+00
-7.07872030998e+00
-7.07667621339e+00
-7.07765873864e+00
-7.07710676956e+00
-7.07619874859e+00
-7.07600318543e+00
-7.07788072883e+00
-7.07500493858e+00
-7.07681032166e+00
-7.07850974942e+00
-7.07690368314e+00
-7.07711053016e+00
-7.07679844479e+00
-7.07506007595e+00
-7.07988013443e+00
-7.08057511063e+00
-7.07525255792e+00
-7.07747075119e+00
-7.07780984368e+00
-7.07901895560e+00
-7.07918891076e+00
-7.07649773435e+00
-7.07711680119e+00
-7.07383787763e+00
-7.07565176536e+00
-7.07659557985e+00
-7.07842428195e+00
-7.07680270740e+00
-7.07640895282e+00
-7.07531832591e+00
-7.07662804093e+00
-7.07746342175e+00
-7.07859704075e+00
-7.07614722160e+00
-7.07818042688e+00
-7.07732790148e+00
-7.07630446944e+00
-7.07633084639e+00
-7.07772096117e+00
-7.07402194189e+00
-7.07552142050e+00
-7.07799834113e+00
-7.07577123306e+00
-7.07616871352e+00
-7.07866135579e+00
-7.07876844507e+00
-7.07650157098e+00
-7.07536580258e+00
-7.07632120976e+00
-7.07642257319e+00
-7.07537889793e+00
-7.07722226264e+00
-7.07652904793e+00
-7.07756426787e+00
-7.07758710899e+00
-7.07754264325e+00
-7.07680135608e+00
-7.07688940401e+00
-7.07752485578e+00
-7.07620618621e+00
-7.07686425494e+00
-7.07830375680e+00
-7.07745311811e+00
-7.07780489737e+00
-7.07786104359e+00
-7.07755074249e+00
-7.07836564877e+00
-7.07844474828e+00
-7.07790654259e+00
-7.07563120149e+00
-7.07661867710e+00
-7.07807725509e+00
-7.07853097511e+00
-7.07812059198e+00
-7.07756882443e+00
-7.07626929126e+00
-7.07616121286e+00
-7.07828742410e+00
-7.07771896548e+00
-7.07514174642e+00
-7.07499779588e+00
-7.07690716420e+00
-7.07854177185e+00
-7.07656395342e+00
-7.07821689311e+00
-7.07359059333e+00
-7.07791583081e+00
-7.07864376474e+00
-7.07664047859e+00
-7.07618095145e+00
-7.07666493396e+00
-7.07700742750e+00
-7.08013812411e+00
-7.07710615715e+00
-7.07752396028e+00
-7.07527800172e+00
-7.07729870367e+00
-7.07717981693e+00
-7.07551386197e+00
-7.08021117101e+00
-7.07753817243e+00
-7.07786385939e+00
-7.07459556358e+00
-7.07691287282e+00
-7.07694080018e+00
-7.07853075662e+00
-7.07952573797e+00
-7.07769839243e+00
-7.07780341284e+00
-7.07650191737e+00
-7.07615878751e+00
-7.07540382442e+00
-7.07865541909e+00
-7.07709560768e+00
-7.07795180808e+00
-7.07723168294e+00
-7.07821770565e+00
-7.07508328353e+00
-7.07792224105e+00
-7.07921763848e+00
-7.08130985181e+00
-7.07604429923e+00
-7.07632297507e+00
-7.07801649203e+00
-7.07530103531e+00
-7.07729152031e+00
-7.07699209193e+00