8.39229969582e-01
8.39218358236e-01
8.39895287137e-01
8.39655177837e-01
8.40359758382e-01
8.39590775632e-01
8.39575910536e-01
8.40075404980e-01
8.38995044813e-01
8.40481408230e-01
8.39094482561e-01
8.40224937142e-01
8.40617695413e-01
8.40185654884e-01
8.38791292299e-01
8.39405533529e-01
8.39695763071e-01
8.39446986784e-01
8.40058158110e-01
8.39951877628e-01
8.39376852490e-01
8.39664758945e-01
8.39638087904e-01
8.39140912228e-01
8.39143987234e-01
8.38819369114e-01
8.40038984384e-01
8.40608860251e-01
8.40675805766e-01
8.39187345208e-01
8.40139342969e-01
8.38980283055e-01
8.39685283071e-01
8.39202548307e-01
8.39947641454e-01
8.39871200243e-01
8.39855756681e-01
8.39610891162e-01
8.38533966277e-01
8.39250241262e-01
8.39023416914e-01
8.39597443230e-01
8.39008949052e-01
8.39868219665e-01
8.40397736887e-01
8.40317170377e-01
8.40410294782e-01
8.40031785648e-01
8.40111459014e-01
8.39447979851e-01
8.39820529313e-01
8.40107548563e-01
8.40465539832e-01
8.39114707609e-01
8.40154513629e-01
8.39608108777e-01
8.39626238095e-01
8.40048313492e-01
8.40036311896e-01
8.39846956593e-01
8.39859957108e-01
8.39240620700e-01
8.39865935785e-01
8.39173202690e-01
8.40503699501e-01
8.39428844888e-01
8.39706311432e-01
8.40176177267e-01
8.38736479176e-01
8.39786992636e-01
8.39193937881e-01
8.39856366220e-01
8.40515422643e-01
8.38556468902e-01
8.39325399555e-01
8.40191021892e-01
8.39316728847e-01
8.39623916242e-01
8.40856276068e-01
8.39307844860e-01
8.39036008091e-01
8.39259612614e-01
8.40603328660e-01
8.40440893222e-01
8.38994722130e-01
8.39601102958e-01
8.40829422637e-01
8.38993247093e-01
8.39287817711e-01
8.40013896020e-01
8.40553188037e-01
8.39945969150e-01
8.39600948808e-01
8.39830021998e-01
8.39615098492e-01
8.40187588934e-01
8.39378402391e-01
8.40137607752e-01
8.39836301502e-01
8.40051583179e-01
8.39651265751e-01
8.39920212742e-01
8.39632730150e-01
8.38024266802e-01
8.38902267731e-01
8.39864987000e-01
8.39754482631e-01
8.38676194045e-01
8.39404521213e-01
8.39961509731e-01
8.39074725089e-01
8.39449378125e-01
8.39269928439e-01
8.39701988107e-01
8.40324532612e-01
8.39712328161e-01
8.39330610360e-01
8.39415417177e-01
8.39211916612e-01
8.39745190864e-01
8.39856746014e-01
8.39377074989e-01
8.39344227265e-01
8.39973168290e-01
8.39350167072e-01
8.40683023382e-01
8.39306179967e-01
8.39371077135e-01
8.39362309760e-01
8.39636320454e-01
8.39860905593e-01
8.39287805914e-01
8.39794382146e-01
8.39869203175e-01
8.39848202868e-01
8.37937736619e-01
8.39728043530e-01
8.40044097087e-01
8.39463339038e-01
8.38668487374e-01
8.40343130684e-01
8.39402586408e-01
8.40756607239e-01
8.40243072878e-01
8.40220943254e-01
8.39417612696e-01
8.39327796705e-01
8.39924211463e-01
8.40298219832e-01
8.39695840284e-01
8.40435325559e-01
8.40476162676e-01
8.39520135446e-01
8.41121299788e-01
8.39463715835e-01
8.40005794895e-01
8.39817633189e-01
8.39552853258e-01
8.40771554358e-01
8.39538334755e-01
8.40627901988e-01
8.39170198674e-01
8.39157259799e-01
8.39908339089e-01
8.40171760850e-01
8.40769396054e-01
8.39947289173e-01
8.39783783656e-01
8.40034181359e-01
8.39894917090e-01
8.40085789671e-01
8.39702360993e-01
8.40092404155e-01
8.39104729322e-01
8.40038198961e-01
8.39849994041e-01
8.39896813087e-01
8.38876852128e-01
8.39860711116e-01
8.40121585688e-01
8.39247558721e-01
8.39967783599e-01
8.39644190453e-01
8.39404472924e-01
8.38431932765e-01
8.39243775023e-01
8.39749955453e-01
8.38658162191e-01
8.40769101801e-01
8.40124137348e-01
8.39590395191e-01
8.39509436227e-01
8.39114384944e-01
8.38776210071e-01
8.39241404621e-01
8.40452468654e-01
8.39658120755e-01
8.39838116656e-01
8.40457652991e-01
8.38805188477e-01
8.39240675640e-01
8.40799018166e-01
8.39173295967e-01
8.39163584938e-01
8.39407629266e-01
8.40723992649e-01
8.39458837463e-01
8.39352280167e-01
8.40021727913e-01
8.39728335033e-01
8.39887688483e-01
8.39661780266e-01
8.39569331969e-01
8.40112609237e-01
8.39399664937e-01
8.38896726666e-01
8.39351576692e-01
8.39630207515e-01
8.39076711167e-01
8.39694759034e-01
8.39887624800e-01
8.39205988215e-01
8.39335718265e-01
8.39482756742e-01
8.39751799189e-01
8.39834796046e-01
8.39979542194e-01
8.39632959105e-01
8.39706987827e-01
8.39803486856e-01
8.39574895019e-01
8.40507898248e-01
8.39361410506e-01
8.39424295658e-01
8.39675643566e-01
8.39870285086e-01
8.40196984385e-01
8.38822609437e-01
8.39569071571e-01
8.40145383772e-01
8.40005286428e-01
8.39026360495e-01
8.40094139168e-01
8.40299668340e-01
8.40173797008e-01
8.39643549339e-01
8.40466697258e-01
8.39403974050e-01
8.39414931508e-01
8.39417339199e-01
8.41028639156e-01
8.38648746007e-01
8.39001503322e-01
8.39162642768e-01
8.39587566482e-01
8.40379565102e-01
8.39007932932e-01
8.39815506190e-01
8.39211989860e-01
8.39579426672e-01
8.40234343794e-01
8.39312057638e-01
8.39124462169e-01
8.39774062748e-01
8.39729250623e-01
8.39446731356e-01
8.39529613635e-01
8.40069652712e-01
8.39407734643e-01
8.39824521246e-01
8.39840606087e-01
8.40074388952e-01
8.40537368251e-01
8.40050914889e-01
8.40309149716e-01
8.39226845882e-01
8.39830002636e-01
8.40100828341e-01
8.40028298234e-01
8.38988070662e-01
8.40979206575e-01
8.40120655727e-01
8.39390194274e-01
8.39568572179e-01
8.40354102430e-01
8.38895761596e-01
8.40464441876e-01
8.40703685410e-01
8.38945364438e-01
8.39901011570e-01
8.38978024859e-01
8.40123322950e-01
8.39727842462e-01
8.39331147737e-01
8.39165031654e-01
8.40057184887e-01
8.39216720891e-01
8.40292803788e-01
8.39867996209e-01
8.40504004712e-01
8.39323561103e-01
8.39788396671e-01
8.40207332257e-01
8.38665006163e-01
8.41025935747e-01
8.39517459837e-01
8.39529966288e-01
8.39857968758e-01
8.39736125323e-01
8.40068559547e-01
8.39930484588e-01
8.40108975221e-01
8.39530126169e-01
8.39811870348e-01
8.39980795974e-01
8.38979165840e-01
8.39796373598e-01
8.39980650837e-01
8.39083851562e-01
8.39692632006e-01
8.40331335920e-01
8.40460009940e-01
8.40121201359e-01
8.39860142119e-01
8.40721827996e-01
8.39910154907e-01
8.40508619843e-01
8.38347176206e-01
8.40117410932e-01
8.40038588109e-01
8.40356127208e-01
8.39753749505e-01
8.39915456386e-01
8.39093813701e-01
8.38787567336e-01
8.39552337906e-01
8.40300349463e-01
8.38682157948e-01
8.38422931007e-01
8.39971644395e-01
8.40011434591e-01
8.40008269961e-01
8.39459922761e-01
8.39025587836e-01
8.39553206817e-01
8.39575807940e-01
8.40240211536e-01
8.40102462160e-01
8.39409282167e-01
8.39569845286e-01
8.40306690853e-01
8.39284113154e-01
8.38885718729e-01
8.40404046732e-01
8.40048665504e-01
8.40406444951e-01
8.39009557581e-01
8.40342060658e-01
8.39940748238e-01
8.40084315250e-01
8.39936411919e-01
8.39710723793e-01
8.39991007286e-01
8.39765257084e-01
8.39444375843e-01
8.38945363296e-01
8.39720046699e-01
8.38676037224e-01
8.38816882619e-01
8.40017186929e-01
8.40821030210e-01
8.40471736811e-01
8.40359710777e-01
8.39646228772e-01
8.39679956196e-01
8.39699281620e-01
8.39756523171e-01
8.39943167557e-01
8.40370400971e-01
8.40518159855e-01
8.40772858015e-01
8.39939805656e-01
8.39901110187e-01
8.39701472353e-01
8.40512367854e-01
8.39918523624e-01
8.40365881845e-01
8.39519768212e-01
8.39501365274e-01
8.39028384389e-01
8.39555583856e-01
8.40445850075e-01
8.39620648899e-01
8.39636757064e-01
8.39185014336e-01
8.39480235654e-01
8.40915177622e-01
8.40253082735e-01
8.40059158482e-01
8.39012356161e-01
8.39741850088e-01
8.40249705284e-01
8.39998146772e-01
8.39728353738e-01
8.39413329424e-01
8.40389120902e-01
8.39705381215e-01
8.39972217984e-01
8.39520018334e-01
8.39828260992e-01
8.38398580482e-01
8.40519915425e-01
8.40716792414e-01
8.39940726375e-01
8.39777491077e-01
8.39675262592e-01
8.40278540016e-01
8.39892144100e-01
8.39279099381e-01
8.39613452919e-01
8.39522738341e-01
8.39666804394e-01
8.40337807825e-01
8.39688860508e-01
8.40008961249e-01
8.39662907494e-01
8.39778065904e-01
8.39677386961e-01
8.39893736190e-01
8.39863480937e-01
8.39775515759e-01
8.39108633117e-01
8.39328511101e-01
8.39948832126e-01
8.39560056481e-01
8.38171943101e-01
8.39791119621e-01
8.39017105427e-01
8.39224871947e-01
8.40165075819e-01
8.40012031035e-01
8.40293031484e-01
8.39405212078e-01
8.39583548061e-01
8.39649913669e-01
8.39693024469e-01
8.39738179254e-01
8.40150337095e-01
8.39339748027e-01
8.39645635682e-01
8.40002940171e-01
8.40239815447e-01
8.40568303258e-01
8.39971906326e-01
8.40312749003e-01
8.40721705761e-01
8.39805145153e-01
8.40857320675e-01
8.40132181781e-01
8.40380077890e-01
8.40177193399e-01
8.40006559330e-01
8.39690433205e-01
8.40056647598e-01
8.38963095637e-01
8.39760848690e-01
8.39335104341e-01
8.40599275793e-01
8.40112444780e-01
8.40473316873e-01
8.39011828169e-01
8.38458232046e-01
8.39532377215e-01
8.40943108600e-01
8.39994472979e-01
8.39406672993e-01
8.40008055916e-01
8.38620143879e-01
8.39213773255e-01
8.39765415039e-01
8.39100297113e-01
8.39758491968e-01
8.39397559915e-01
8.39259496318e-01
8.39957632587e-01
8.39106307420e-01
8.39806262113e-01
8.39502263465e-01
8.39811228992e-01
8.39900736954e-01
8.39187353303e-01
8.39773955531e-01
8.39461451202e-01
8.39053781083e-01
8.39651343793e-01
8.40413037446e-01
8.39264411157e-01
8.40476771640e-01
8.38938306938e-01
8.39888977321e-01
8.39737701750e-01