2.04000196368e+01
2.03143452714e+01
2.03666720275e+01
2.03293215192e+01
2.03952464979e+01
2.03602204107e+01
2.03614114448e+01
2.03870930562e+01
2.03393197256e+01
2.04323448478e+01
2.03560777194e+01
2.04301979017e+01
2.04085070810e+01
2.03995772061e+01
2.02718559799e+01
2.03703424839e+01
2.03591599335e+01
2.03608209060e+01
2.04316468212e+01
2.03955049999e+01
2.03670662996e+01
2.03807681601e+01
2.03808340870e+01
2.03198757442e+01
2.03960589838e+01
2.02969310549e+01
2.03666025830e+01
2.04377600867e+01
2.03716092504e+01
2.03170568153e+01
2.03717503878e+01
2.03879259708e+01
2.03835515703e+01
2.03559971519e+01
2.04141021887e+01
2.03492935642e+01
2.03860701476e+01
2.03186266850e+01
2.03030554072e+01
2.03228769601e+01
2.03715014382e+01
2.03699512974e+01
2.03335777917e+01
2.03267924566e+01
2.03958890772e+01
2.03638353528e+01
2.03541148505e+01
2.03410363877e+01
2.03374740641e+01
2.03445961351e+01
2.03728976752e+01
2.04198320038e+01
2.03107546429e+01
2.03304162965e+01
2.03277781109e+01
2.03319673919e+01
2.03682152340e+01
2.03836809862e+01
2.03888106466e+01
2.03510402308e+01
2.02902739224e+01
2.03604660411e+01
2.03722450645e+01
2.03677212570e+01
2.03693084212e+01
2.03577432770e+01
2.03406880566e+01
2.04490150055e+01
2.02804413971e+01
2.03681302618e+01
2.03240237156e+01
2.03729533915e+01
2.04244979745e+01
2.02897502036e+01
2.03549073287e+01
2.03503984007e+01
2.03438303680e+01
2.03978159306e+01
2.04179078883e+01
2.03441617163e+01
2.03668267024e+01
2.03668992046e+01
2.03464043245e+01
2.03739343290e+01
2.03116761586e+01
2.03712712978e+01
2.03825972815e+01
2.03810810516e+01
2.03196867567e+01
2.03999448248e+01
2.03467762801e+01
2.03216669468e+01
2.03337604533e+01
2.03999906503e+01
2.03253869479e+01
2.03439690002e+01
2.03780034081e+01
2.03640758728e+01
2.03445475902e+01
2.03988040439e+01
2.03832531148e+01
2.03506033995e+01
2.03261185321e+01
2.02571401443e+01
2.03344273477e+01
2.03608131485e+01
2.04134091220e+01
2.03110249677e+01
2.03457030930e+01
2.03252561016e+01
2.03479846655e+01
2.04059671180e+01
2.03488681787e+01
2.03608879351e+01
2.03534216635e+01
2.03998807704e+01
2.03204701714e+01
2.03512949121e+01
2.03940936754e+01
2.03221619805e+01
2.03398231857e+01
2.03227504655e+01
2.03052512176e+01
2.04409057715e+01
2.03696679058e+01
2.04224005290e+01
2.03422777386e+01
2.03895120346e+01
2.03656785588e+01
2.04118156791e+01
2.03773771137e+01
2.03902963671e+01
2.03543659117e+01
2.03613997498e+01
2.03970220544e+01
2.03373650522e+01
2.03861681417e+01
2.03596500657e+01
2.03344950050e+01
2.02922412924e+01
2.04387827563e+01
2.03292958811e+01
2.03580706265e+01
2.04043212035e+01
2.03674969176e+01
2.03493395215e+01
2.03536582625e+01
2.03544149346e+01
2.03929319399e+01
2.04029799143e+01
2.03571150378e+01
2.03706614214e+01
2.03111162296e+01
2.04287503259e+01
2.03678221331e+01
2.03394790381e+01
2.03345777290e+01
2.03307525944e+01
2.03946593132e+01
2.03890702654e+01
2.03463156718e+01
2.03188199862e+01
2.03784712594e+01
2.03541915954e+01
2.03296988774e+01
2.04299703310e+01
2.03625800589e+01
2.03474231855e+01
2.04239734735e+01
2.03131679185e+01
2.03593203489e+01
2.03557266204e+01
2.03878164597e+01
2.03708941990e+01
2.04115492699e+01
2.04090600426e+01
2.03609731506e+01
2.03135844829e+01
2.03769358269e+01
2.04015988620e+01
2.02821528247e+01
2.03485951804e+01
2.03641886070e+01
2.03904370939e+01
2.02872116016e+01
2.03621702099e+01
2.03308920907e+01
2.02911414022e+01
2.03832370182e+01
2.03544926791e+01
2.03430021101e+01
2.03531025357e+01
2.03715551175e+01
2.02865498578e+01
2.03473583785e+01
2.03813446251e+01
2.03633897326e+01
2.04129468845e+01
2.04146709801e+01
2.03265265141e+01
2.03899469298e+01
2.03650591032e+01
2.03761703313e+01
2.03115296630e+01
2.03279224507e+01
2.04026384638e+01
2.02872512354e+01
2.03113172896e+01
2.03870854942e+01
2.04096330161e+01
2.03507948288e+01
2.03841261003e+01
2.03469084475e+01
2.03577998119e+01
2.03723008446e+01
2.03624392266e+01
2.03005442499e+01
2.04225555729e+01
2.03157419493e+01
2.03465220108e+01
2.03228971214e+01
2.03697500905e+01
2.03268293263e+01
2.03983254998e+01
2.03885189587e+01
2.03375101388e+01
2.03363237617e+01
2.03206646265e+01
2.03286984664e+01
2.03273113930e+01
2.03023057842e+01
2.03871578212e+01
2.04050938853e+01
2.03463602786e+01
2.03462447197e+01
2.04093021489e+01
2.03807680746e+01
2.03365405310e+01
2.02876060909e+01
2.03979202168e+01
2.03679510269e+01
2.02833124423e+01
2.03685692826e+01
2.04059579387e+01
2.03815811881e+01
2.03836797800e+01
2.03702132584e+01
2.03616499622e+01
2.03531569777e+01
2.03645333419e+01
2.03886095268e+01
2.02637781546e+01
2.03359685165e+01
2.03463025360e+01
2.03544197764e+01
2.03956419033e+01
2.03311851285e+01
2.04059252836e+01
2.03608100665e+01
2.03510608658e+01
2.04003923796e+01
2.03829365272e+01
2.03519643481e+01
2.03648409740e+01
2.03976784687e+01
2.03409870585e+01
2.03169846125e+01
2.03604411358e+01
2.04232439066e+01
2.03960467949e+01
2.03601059111e+01
2.03112243326e+01
2.04244006196e+01
2.03341614490e+01
2.04219070138e+01
2.03994173800e+01
2.03279470645e+01
2.03927398345e+01
2.03574175331e+01
2.02919888876e+01
2.04863460888e+01
2.03962346203e+01
2.02802854411e+01
2.04026926396e+01
2.04141708778e+01
2.02716916749e+01
2.03494175420e+01
2.04070008059e+01
2.03235684183e+01
2.03513940849e+01
2.03294121938e+01
2.03884438677e+01
2.03524420995e+01
2.03486722862e+01
2.03369714096e+01
2.04337141264e+01
2.03287856659e+01
2.03466517212e+01
2.03475362991e+01
2.03939050797e+01
2.03604245455e+01
2.03691882090e+01
2.04328479976e+01
2.04148044429e+01
2.04214008859e+01
2.03925253850e+01
2.04209149571e+01
2.03194962234e+01
2.03905788134e+01
2.03966729314e+01
2.03758651162e+01
2.04158349059e+01
2.03302429513e+01
2.03235830573e+01
2.03432316798e+01
2.03491503056e+01
2.03555032425e+01
2.03987569067e+01
2.04004271503e+01
2.03512573188e+01
2.04045578845e+01
2.03700799773e+01
2.03756699779e+01
2.03493712670e+01
2.03838338412e+01
2.03594641520e+01
2.04400614688e+01
2.02530915136e+01
2.03932359371e+01
2.04024235301e+01
2.03921549616e+01
2.03910448463e+01
2.03722914741e+01
2.03768584270e+01
2.03465586133e+01
2.03390050675e+01
2.03801796546e+01
2.03341222236e+01
2.03477929207e+01
2.03574795244e+01
2.04224325755e+01
2.03456268859e+01
2.03206156001e+01
2.03183471001e+01
2.02660220476e+01
2.02873870685e+01
2.03257843549e+01
2.03983748373e+01
2.02751128167e+01
2.03519252879e+01
2.03646245361e+01
2.03480355714e+01
2.04115968611e+01
2.04382430430e+01
2.03928407086e+01
2.04012240166e+01
2.02965964161e+01
2.04224232887e+01
2.03643483908e+01
2.03790903413e+01
2.03298862877e+01
2.03515745802e+01
2.04051458501e+01
2.03461912687e+01
2.03746981782e+01
2.03326157827e+01
2.03659663783e+01
2.02812879047e+01
2.03911594461e+01
2.03596908292e+01
2.04390238183e+01
2.03274103457e+01
2.04255523332e+01
2.03305743208e+01
2.03866538723e+01
2.03696650268e+01
2.03695175849e+01
2.04167683112e+01
2.04562563922e+01
2.03717928716e+01
2.03839553169e+01
2.04059353035e+01
2.03835883173e+01
2.03494969073e+01
2.03515353694e+01
2.04577716137e+01
2.03848039455e+01
2.03705923679e+01
2.03305830401e+01
2.03750047105e+01
2.03460113705e+01
2.03923791675e+01
2.03715269524e+01
2.04093358468e+01
2.03188323816e+01
2.03695857532e+01
2.04070563022e+01
2.04199055017e+01
2.03507441134e+01
2.02884895861e+01
2.03589392952e+01
2.03635824167e+01
2.03987325655e+01
2.03594439368e+01
2.02901968102e+01
2.04055729728e+01
2.04094844685e+01
2.03206073141e+01
2.03865285977e+01
2.03700475887e+01
2.03069444073e+01
2.04485528754e+01
2.03677744796e+01
2.03658366437e+01
2.03366001438e+01
2.03481237849e+01
2.03616982243e+01
2.03693660098e+01
2.03888892946e+01
2.03976998991e+01
2.02882254553e+01
2.03745686461e+01
2.03279989088e+01
2.03436252942e+01
2.04267815606e+01
2.03059565016e+01
2.03760858550e+01
2.03862988197e+01
2.04022024206e+01
2.03965969744e+01
2.03645383566e+01
2.03892408243e+01
2.03150310879e+01
2.03577798159e+01
2.04042805821e+01
2.02907320468e+01
2.04762226434e+01
2.03762351246e+01
2.03899993799e+01
2.03704935771e+01
2.03440032783e+01
2.03190070557e+01
2.03597761893e+01
2.03159662883e+01
2.04256735451e+01
2.03875474420e+01
2.03806416424e+01
2.03859879035e+01
2.03560232547e+01
2.03822953065e+01
2.03444602106e+01
2.04151766968e+01
2.03551932351e+01
2.03409020219e+01
2.03380530063e+01
2.04476973838e+01
2.03970388647e+01
2.03521053763e+01
2.03613352756e+01
2.04148105185e+01
2.04458532061e+01
2.03807891803e+01
2.04101066702e+01
2.03896393034e+01
2.03468120598e+01
2.03448449602e+01
2.03949569548e+01
2.03956792007e+01
2.04068007268e+01
2.03655384752e+01
2.02889392033e+01
2.03758379984e+01
2.03908511855e+01
2.03589066650e+01
2.03489272353e+01
2.04012027243e+01
2.03764633826e+01
2.03145341009e+01
2.03737843753e+01
2.03518075835e+01
2.03894509443e+01
2.02872183615e+01
2.03554364500e+01
2.03105904350e+01
2.03831742305e+01
2.03312246573e+01
2.03374750868e+01
2.03121692103e+01
2.03807132829e+01
2.04148477104e+01
2.03009544985e+01
2.03310439662e+01
2.03580695400e+01
2.02787126282e+01
2.03353308330e+01
2.03851638703e+01
2.03544718839e+01
2.04173550144e+01
2.03647517613e+01
2.04250391465e+01
2.03654631749e+01