1.38190188783e+00
1.38207147109e+00
1.38180379183e+00
1.38302049973e+00
1.38286118471e+00
1.38289342570e+00
1.38240889255e+00
1.38274264152e+00
1.38258131178e+00
1.38210043692e+00
1.38265240680e+00
1.38286338000e+00
1.38240294335e+00
1.38180645186e+00
1.38227945854e+00
1.38259082634e+00
1.38224484103e+00
1.38284412134e+00
1.38251666568e+00
1.38252432912e+00
1.38311624885e+00
1.38236342050e+00
1.38215505437e+00
1.38327435758e+00
1.38284406108e+00
1.38246916579e+00
1.38230975931e+00
1.38247424983e+00
1.38226248547e+00
1.38208240170e+00
1.38274870841e+00
1.38256534166e+00
1.38277666767e+00
1.38222766762e+00
1.38303042765e+00
1.38310166220e+00
1.38241069660e+00
1.38242062432e+00
1.38239353829e+00
1.38256441629e+00
1.38242664159e+00
1.38221025826e+00
1.38280233032e+00
1.38266808584e+00
1.38228576469e+00
1.38250820470e+00
1.38228940869e+00
1.38202154384e+00
1.38268321206e+00
1.38246650049e+00
1.38268442976e+00
1.38225032711e+00
1.38226357830e+00
1.38260216254e+00
1.38217649370e+00
1.38230575419e+00
1.38296286444e+00
1.38254264283e+00
1.38298222554e+00
1.38248887363e+00
1.38269554039e+00
1.38187094074e+00
1.38144468980e+00
1.38208836202e+00
1.38246285155e+00
1.38255285107e+00
1.38298127741e+00
1.38207145490e+00
1.38248160923e+00
1.38263304519e+00
1.38213707170e+00
1.38239514668e+00
1.38259293173e+00
1.38216885616e+00
1.38292136184e+00
1.38301729594e+00
1.38227151831e+00
1.38268898004e+00
1.38271396398e+00
1.38325473270e+00
1.38209968420e+00
1.38269815717e+00
1.38262613018e+00
1.38182307738e+00
1.38188742080e+00
1.38201710907e+00
1.38325815906e+00
1.38167674706e+00
1.38224821692e+00
1.38281574694e+00
1.38282724475e+00
1.38229946059e+00
1.38238443135e+00
1.38243095557e+00
1.38270742551e+00
1.38259856076e+00
1.38247220612e+00
1.38257416304e+00
1.38257432769e+00
1.38261139238e+00
1.38247444504e+00
1.38238329122e+00
1.38280931196e+00
1.38246787645e+00
1.38248820790e+00
1.38217698953e+00
1.38290324733e+00
1.38282825134e+00
1.38272182495e+00
1.38210233191e+00
1.38284463950e+00
1.38247122763e+00
1.38236738075e+00
1.38186005067e+00
1.38237101336e+00
1.38223409743e+00
1.38311470619e+00
1.38262311716e+00
1.38189728761e+00
1.38271964574e+00
1.38240133646e+00
1.38229179279e+00
1.38255839760e+00
1.38293251497e+00
1.38337015976e+00
1.38232180930e+00
1.38257014570e+00
1.38220204458e+00
1.38234581148e+00
1.38261643184e+00
1.38231669826e+00
1.38241401723e+00
1.38196064825e+00
1.38208894711e+00
1.38182122086e+00
1.38244028416e+00
1.38220218132e+00
1.38250692324e+00
1.38232964938e+00
1.38341415050e+00
1.38258440310e+00
1.38245150770e+00
1.38303979068e+00
1.38265081251e+00
1.38186752061e+00
1.38235569660e+00
1.38276383460e+00
1.38235926085e+00
1.38282068565e+00
1.38285011478e+00
1.38230175230e+00
1.38252531282e+00
1.38220186704e+00
1.38257782109e+00
1.38188291573e+00
1.38230215798e+00
1.38298214263e+00
1.38291779370e+00
1.38237788192e+00
1.38226064274e+00
1.38246134336e+00
1.38224485251e+00
1.38275878946e+00
1.38285666471e+00
1.38348676094e+00
1.38242617748e+00
1.38243513971e+00
1.38257720355e+00
1.38264182851e+00
1.38275853072e+00
1.38198742794e+00
1.38161877019e+00
1.38303955736e+00
1.38276707185e+00
1.38275732344e+00
1.38276217731e+00
1.38208473057e+00
1.38291973409e+00
1.38194366276e+00
1.38214098760e+00
1.38216981292e+00
1.38201595987e+00
1.38286251209e+00
1.38321712858e+00
1.38270701460e+00
1.38235903324e+00
1.38282556424e+00
1.38276831592e+00
1.38223073359e+00
1.38201969204e+00
1.38190486140e+00
1.38320141424e+00
1.38274961526e+00
1.38262169582e+00
1.38248181462e+00
1.38272088548e+00
1.38216680334e+00
1.38259227699e+00
1.38266056886e+00
1.38269527260e+00
1.38254447561e+00
1.38190276114e+00
1.38191703966e+00
1.38330237656e+00
1.38259471511e+00
1.38280815995e+00
1.38210598094e+00
1.38205491536e+00
1.38272243929e+00
1.38285667073e+00
1.38252987539e+00
1.38184535492e+00
1.38258611465e+00
1.38200375825e+00
1.38254346936e+00
1.38216737010e+00
1.38222938375e+00
1.38260335060e+00
1.38207639945e+00
1.38269401251e+00
1.38196383578e+00
1.38194113419e+00
1.38261549055e+00
1.38183116092e+00
1.38222991069e+00
1.38196352559e+00
1.38219429337e+00
1.38263286467e+00
1.38232462209e+00
1.38240386559e+00
1.38217731714e+00
1.38293793974e+00
1.38210271831e+00
1.38226928932e+00
1.38251259612e+00
1.38253309797e+00
1.38210155322e+00
1.38257073285e+00
1.38295351745e+00
1.38253438723e+00
1.38254330395e+00
1.38269532081e+00
1.38305310833e+00
1.38235684250e+00
1.38251862215e+00
1.38203661200e+00
1.38226951960e+00
1.38232760609e+00
1.38218554293e+00
1.38230817552e+00
1.38185983254e+00
1.38282184170e+00
1.38268469099e+00
1.38238296174e+00
1.38279815614e+00
1.38247750431e+00
1.38329346447e+00
1.38180522052e+00
1.38241243998e+00
1.38266963989e+00
1.38190731612e+00
1.38231206736e+00
1.38216097899e+00
1.38233338274e+00
1.38194949114e+00
1.38234432788e+00
1.38220663671e+00
1.38215591944e+00
1.38293959926e+00
1.38274716584e+00
1.38266667087e+00
1.38209777911e+00
1.38238634233e+00
1.38273223364e+00
1.38201815918e+00
1.38235127130e+00
1.38260534215e+00
1.38291067792e+00
1.38328944566e+00
1.38226192830e+00
1.38217854169e+00
1.38265294881e+00
1.38249026436e+00
1.38242627556e+00
1.38268924652e+00
1.38201232760e+00
1.38225340873e+00
1.38259078205e+00
1.38229657741e+00
1.38277434643e+00
1.38251241550e+00
1.38271796135e+00
1.38264908581e+00
1.38267687720e+00
1.38212000747e+00
1.38235980074e+00
1.38184002780e+00
1.38198911846e+00
1.38230909421e+00
1.38267513643e+00
1.38220919615e+00
1.38156269223e+00
1.38263218156e+00
1.38243210094e+00
1.38199472028e+00
1.38231929828e+00
1.38230122462e+00
1.38245438631e+00
1.38248638621e+00
1.38222625458e+00
1.38233354825e+00
1.38250762695e+00
1.38213114643e+00
1.38217871073e+00
1.38260585344e+00
1.38260434854e+00
1.38289154690e+00
1.38289591224e+00
1.38253294340e+00
1.38193829852e+00
1.38238442016e+00
1.38228887652e+00
1.38280659210e+00
1.38270181628e+00
1.38249890462e+00
1.38256149218e+00
1.38238917888e+00
1.38236944214e+00
1.38212786477e+00
1.38238455104e+00
1.38242817287e+00
1.38226017603e+00
1.38212845398e+00
1.38206124302e+00
1.38229490632e+00
1.38235616203e+00
1.38256167812e+00
1.38278599378e+00
1.38265670450e+00
1.38271961043e+00
1.38229711328e+00
1.38279152070e+00
1.38251194086e+00
1.38296252075e+00
1.38239625594e+00
1.38210151715e+00
1.38283747097e+00
1.38232263317e+00
1.38204729751e+00
1.38226658556e+00
1.38259820243e+00
1.38245791969e+00
1.38228810163e+00
1.38210119142e+00
1.38268627352e+00
1.38292425858e+00
1.38254728637e+00
1.38232540748e+00
1.38255894247e+00
1.38225102393e+00
1.38268450187e+00
1.38193805316e+00
1.38203859571e+00
1.38269787072e+00
1.38230802075e+00
1.38259730099e+00
1.38262988171e+00
1.38249011927e+00
1.38243372106e+00
1.38277167160e+00
1.38242167054e+00
1.38288631776e+00
1.38250141823e+00
1.38311025803e+00
1.38292629523e+00
1.38272051508e+00
1.38194695699e+00
1.38236468028e+00
1.38249591965e+00
1.38311287515e+00
1.38183845204e+00
1.38288384191e+00
1.38282554259e+00
1.38192998083e+00
1.38286188433e+00
1.38266288975e+00
1.38238815514e+00
1.38257162182e+00
1.38265543201e+00
1.38217275984e+00
1.38195952634e+00
1.38278694204e+00
1.38225394335e+00
1.38234934612e+00
1.38253149791e+00
1.38267844311e+00
1.38215289463e+00
1.38263049677e+00
1.38289038104e+00
1.38253717735e+00
1.38266199128e+00
1.38232235532e+00
1.38235100370e+00
1.38203143666e+00
1.38240332254e+00
1.38204081654e+00
1.38223404633e+00
1.38290200346e+00
1.38198637228e+00
1.38208875305e+00
1.38230382970e+00
1.38241198304e+00
1.38191165632e+00
1.38279814418e+00
1.38239319171e+00
1.38242370784e+00
1.38246126596e+00
1.38268620320e+00
1.38209881626e+00
1.38249137095e+00
1.38290572372e+00
1.38247744639e+00
1.38317347674e+00
1.38250428800e+00
1.38245547952e+00
1.38266005329e+00
1.38283411497e+00
1.38214949796e+00
1.38221787200e+00
1.38262243935e+00
1.38261654558e+00
1.38203417012e+00
1.38296444026e+00
1.38300728219e+00
1.38246692571e+00
1.38258280527e+00
1.38282986873e+00
1.38278040126e+00
1.38212159631e+00
1.38198002668e+00
1.38255437928e+00
1.38264115363e+00
1.38237496925e+00
1.38247434730e+00
1.38270020013e+00
1.38277161106e+00
1.38294831275e+00
1.38286064132e+00
1.38257387088e+00
1.38247497154e+00
1.38244514610e+00
1.38235761614e+00
1.38270282920e+00
1.38235896418e+00
1.38286555474e+00
1.38219063626e+00
1.38237818759e+00
1.38284754110e+00
1.38236161603e+00
1.38231189175e+00
1.38298596347e+00
1.38242996793e+00
1.38276759728e+00
1.38237765672e+00
1.38163199855e+00
1.38286640365e+00
1.38208063008e+00
1.38194629076e+00
1.38234768767e+00
1.38222416710e+00
1.38240052718e+00
1.38240863063e+00
1.38251515589e+00
1.38240008488e+00
1.38224503265e+00
1.38229580047e+00
1.38181157499e+00
1.38283521064e+00
1.38266102912e+00
1.38225297258e+00
1.38191614515e+00
1.38221322133e+00
1.38168999675e+00
1.38352506743e+00
1.38211238123e+00
1.38219332436e+00
1.38295138399e+00
1.38240425027e+00
1.38218138237e+00
1.38221856998e+00
1.38239449760e+00
1.38312752713e+00
1.38268409380e+00
1.38260142272e+00
1.38232981694e+00
1.38251619909e+00
1.38214070247e+00
1.38277237918e+00
1.38261529803e+00
1.38281226998e+00
1.38246425587e+00