7.73963397612e+03
7.71434316791e+03
7.70713048698e+03
7.73011017097e+03
7.72160885478e+03
7.72965153244e+03
7.69972879617e+03
7.71623475307e+03
7.73374815473e+03
7.75370052084e+03
7.70318403005e+03
7.72183984566e+03
7.74716101907e+03
7.74612365480e+03
7.69681715785e+03
7.71712912847e+03
7.71555503558e+03
7.72081007616e+03
7.74873056446e+03
7.72842033530e+03
7.75203332873e+03
7.74037956648e+03
7.72510926993e+03
7.72290148406e+03
7.75020435932e+03
7.74774670008e+03
7.74579381579e+03
7.73545338093e+03
7.71799536366e+03
7.72074805007e+03
7.72932730054e+03
7.73924711988e+03
7.71790915309e+03
7.72249477940e+03
7.73285208488e+03
7.73945368340e+03
7.73351168803e+03
7.72890280719e+03
7.68970121292e+03
7.71690460460e+03
7.71903870286e+03
7.71722651171e+03
7.75295455885e+03
7.74348901556e+03
7.72387809083e+03
7.73585802076e+03
7.73816638829e+03
7.74269185835e+03
7.72399501071e+03
7.71423697473e+03
7.72129011995e+03
7.72410354851e+03
7.73051562872e+03
7.70971077652e+03
7.73122119515e+03
7.74616402061e+03
7.72152284526e+03
7.70599303485e+03
7.72873300602e+03
7.72001594687e+03
7.71926764193e+03
7.71299833250e+03
7.70368536360e+03
7.72124762745e+03
7.73818714080e+03
7.70874905465e+03
7.74683370999e+03
7.72338787877e+03
7.74574233743e+03
7.72058946176e+03
7.74416231477e+03
7.71889792005e+03
7.74226088953e+03
7.72693283433e+03
7.74801638059e+03
7.71772218244e+03
7.70503612583e+03
7.72024537670e+03
7.72532542630e+03
7.71880360194e+03
7.73746645922e+03
7.73438402072e+03
7.71751509374e+03
7.71634927064e+03
7.73197420883e+03
7.71541448211e+03
7.72855064237e+03
7.69872453476e+03
7.73299892514e+03
7.71934813880e+03
7.75141577246e+03
7.71316745306e+03
7.71952143237e+03
7.72527399463e+03
7.72588256918e+03
7.72032256821e+03
7.71164002189e+03
7.73050178950e+03
7.74806150743e+03
7.72095904833e+03
7.72681986516e+03
7.73729963718e+03
7.72235272713e+03
7.73120083532e+03
7.69588076221e+03
7.71168980932e+03
7.75929714343e+03
7.73613596544e+03
7.69161956915e+03
7.70188617882e+03
7.72866166528e+03
7.72775448228e+03
7.73383821033e+03
7.74555343819e+03
7.72116601780e+03
7.71308524681e+03
7.73243484191e+03
7.72955319206e+03
7.73421728409e+03
7.73319015344e+03
7.71561514376e+03
7.72243421675e+03
7.72404531120e+03
7.73348246208e+03
7.71701546016e+03
7.71968928729e+03
7.73740649599e+03
7.70589513128e+03
7.71094537079e+03
7.69618490742e+03
7.71451094912e+03
7.71992965554e+03
7.73155292400e+03
7.73570997551e+03
7.71316340769e+03
7.71649624849e+03
7.74342883176e+03
7.70650271447e+03
7.70753073031e+03
7.71329487055e+03
7.71729722840e+03
7.71694913465e+03
7.70739150029e+03
7.72751315954e+03
7.70717641439e+03
7.72845138328e+03
7.72800517520e+03
7.75715633982e+03
7.74719506651e+03
7.73474506656e+03
7.74547013952e+03
7.72523706097e+03
7.73415816505e+03
7.70787328788e+03
7.71687727335e+03
7.74032766873e+03
7.74194309124e+03
7.71336958476e+03
7.73390639239e+03
7.72307072145e+03
7.73482226690e+03
7.74445124438e+03
7.71725069723e+03
7.73124797373e+03
7.72028825137e+03
7.71824739031e+03
7.74982443209e+03
7.71970524792e+03
7.69599989172e+03
7.72503095306e+03
7.72430343990e+03
7.70339835765e+03
7.70296808141e+03
7.72622003799e+03
7.71444949432e+03
7.72399646838e+03
7.72166716108e+03
7.74707364867e+03
7.72279890704e+03
7.74098940741e+03
7.75076179232e+03
7.72896364925e+03
7.73249347028e+03
7.73631943065e+03
7.74154583860e+03
7.73167588037e+03
7.71579348669e+03
7.73064838743e+03
7.70764063485e+03
7.70496037674e+03
7.72133928634e+03
7.69304637373e+03
7.73790365607e+03
7.71088628349e+03
7.73350942370e+03
7.70253436366e+03
7.72696645075e+03
7.74525732144e+03
7.72294040564e+03
7.73575629254e+03
7.73674815844e+03
7.71214189935e+03
7.72436818709e+03
7.71566613875e+03
7.73841018274e+03
7.70746279689e+03
7.70183590744e+03
7.73986099308e+03
7.70639009185e+03
7.71137186219e+03
7.73586588247e+03
7.73167865452e+03
7.72418773382e+03
7.73739120687e+03
7.71816015135e+03
7.71100178719e+03
7.71552172174e+03
7.73793585788e+03
7.73710872711e+03
7.74279933721e+03
7.72395972693e+03
7.71705505934e+03
7.72323795598e+03
7.72634898979e+03
7.71425048743e+03
7.72766013807e+03
7.72139006278e+03
7.74217202063e+03
7.71961194700e+03
7.73172477604e+03
7.70642352707e+03
7.71427330155e+03
7.73872555104e+03
7.72579577798e+03
7.70771148802e+03
7.71516909965e+03
7.71706267286e+03
7.73901049278e+03
7.73089140388e+03
7.73259306027e+03
7.74516222301e+03
7.73559574447e+03
7.72389563081e+03
7.71581583457e+03
7.74584042505e+03
7.73391022580e+03
7.72036198239e+03
7.71430749189e+03
7.73221496271e+03
7.75347232348e+03
7.72770636857e+03
7.72086525557e+03
7.73308000839e+03
7.71924935731e+03
7.72577087871e+03
7.73337699598e+03
7.73745853201e+03
7.71758674590e+03
7.73107408742e+03
7.73138010759e+03
7.74303363636e+03
7.73209486925e+03
7.72894204082e+03
7.75112155679e+03
7.71098510949e+03
7.71396298279e+03
7.68966154181e+03
7.71826908101e+03
7.71911292217e+03
7.72514839949e+03
7.71418609784e+03
7.70191783003e+03
7.71646562887e+03
7.73719198602e+03
7.71523960465e+03
7.72196281339e+03
7.73348750392e+03
7.72652174996e+03
7.73380890686e+03
7.71710215689e+03
7.73673196259e+03
7.73202373452e+03
7.72930876386e+03
7.73463311584e+03
7.73085254476e+03
7.74409722890e+03
7.74269683391e+03
7.70908425331e+03
7.72365700097e+03
7.73308585873e+03
7.71573366067e+03
7.70525848119e+03
7.71811919254e+03
7.72881997551e+03
7.71389522965e+03
7.72295134251e+03
7.71020362251e+03
7.73599905124e+03
7.73194111272e+03
7.74299970680e+03
7.73065300780e+03
7.73287178181e+03
7.70672009192e+03
7.73537236685e+03
7.69441432698e+03
7.71736189084e+03
7.71771004512e+03
7.72345662184e+03
7.71058538655e+03
7.73794708777e+03
7.70199362664e+03
7.75019081041e+03
7.72044676592e+03
7.72541372628e+03
7.70191713035e+03
7.71775900724e+03
7.72346077783e+03
7.72326253743e+03
7.71994998730e+03
7.71658098354e+03
7.72569208618e+03
7.71926484492e+03
7.70910136789e+03
7.71421460608e+03
7.73636272037e+03
7.70741394039e+03
7.69995308790e+03
7.72103035986e+03
7.72299753023e+03
7.71513084281e+03
7.71845038257e+03
7.72988140116e+03
7.71664370510e+03
7.71281456220e+03
7.69178034809e+03
7.70008643528e+03
7.71219707314e+03
7.71169413458e+03
7.71300929483e+03
7.73225139338e+03
7.71523262539e+03
7.71351449633e+03
7.72429695295e+03
7.74476847477e+03
7.73083655351e+03
7.73251843698e+03
7.73679529797e+03
7.71890440037e+03
7.73553151605e+03
7.72807819678e+03
7.75267637726e+03
7.72334457129e+03
7.71048149111e+03
7.73807755468e+03
7.73278029001e+03
7.72694433160e+03
7.74641991218e+03
7.71870459653e+03
7.74358795348e+03
7.70428961061e+03
7.73671326738e+03
7.74296212087e+03
7.74066529319e+03
7.71512451771e+03
7.71956472739e+03
7.71872894497e+03
7.69609438633e+03
7.71932963981e+03
7.71503652372e+03
7.71935842166e+03
7.73796604993e+03
7.76608404321e+03
7.69939366517e+03
7.71684497339e+03
7.73432664638e+03
7.73711869235e+03
7.74349482185e+03
7.72926662869e+03
7.72016814875e+03
7.71964893885e+03
7.73510774227e+03
7.71446478287e+03
7.70705670541e+03
7.72934350115e+03
7.70706743813e+03
7.71026032361e+03
7.71422331306e+03
7.72183197447e+03
7.73138943995e+03
7.75495582294e+03
7.70904418528e+03
7.72858896068e+03
7.74262943459e+03
7.72716358802e+03
7.75490341447e+03
7.73396349039e+03
7.74584499210e+03
7.72439327007e+03
7.71161565346e+03
7.71092611650e+03
7.72065005653e+03
7.71512925960e+03
7.73191056502e+03
7.73605872249e+03
7.72164134157e+03
7.71048020586e+03
7.73382170074e+03
7.69741832292e+03
7.72596706490e+03
7.71239010107e+03
7.70991752554e+03
7.71237825340e+03
7.71542812763e+03
7.71363732792e+03
7.69539135070e+03
7.74906707471e+03
7.73648739377e+03
7.70981625740e+03
7.75393275194e+03
7.73986837241e+03
7.72434008520e+03
7.70608479139e+03
7.71502300867e+03
7.71296876542e+03
7.72437465702e+03
7.73054394733e+03
7.72719587898e+03
7.72904886065e+03
7.73387762348e+03
7.75463645266e+03
7.71896418525e+03
7.70767776697e+03
7.70578115569e+03
7.72370830051e+03
7.70732945578e+03
7.70492212146e+03
7.72849014244e+03
7.70460454408e+03
7.72098738969e+03
7.72115982801e+03
7.72745476105e+03
7.73882296414e+03
7.72206168219e+03
7.70253390962e+03
7.70662109341e+03
7.74357086599e+03
7.73553630470e+03
7.72599282638e+03
7.70702233752e+03
7.72264216762e+03
7.69641157626e+03
7.72324960901e+03
7.72454260894e+03
7.71364292570e+03
7.70805055225e+03
7.71526710443e+03
7.74510151159e+03
7.72595687351e+03
7.74099622943e+03
7.70764971191e+03
7.73249185503e+03
7.74586670702e+03
7.72593529565e+03
7.71483650878e+03
7.72915686141e+03
7.70017134929e+03
7.73003387388e+03
7.72420349259e+03
7.73854383291e+03
7.72561718751e+03
7.70886512475e+03
7.74665353380e+03
7.72876452364e+03
7.73236299486e+03
7.72836625513e+03
7.73411145158e+03
7.73821613030e+03
7.72155359011e+03
7.72276072608e+03
7.74010971887e+03
7.71304530558e+03
7.72539781183e+03
7.74168273861e+03
7.73353656050e+03
7.71086522917e+03
7.71796889825e+03
7.75307720162e+03
7.75054019519e+03
7.73447397443e+03
7.73739555734e+03
7.72810649170e+03
7.71544196479e+03
7.74966998958e+03
7.73422914009e+03
7.73208787282e+03
7.74564430830e+03
7.71886475583e+03
7.73492441828e+03
7.71395194429e+03
7.71725124652e+03
7.72439223682e+03