1.35515657291e+00
1.35845742808e+00
1.35750852363e+00
1.35397368224e+00
1.35550794226e+00
1.35456081337e+00
1.35305687224e+00
1.35391992525e+00
1.34755114852e+00
1.35570919701e+00
1.35941856693e+00
1.34854802724e+00
1.35196483726e+00
1.35028129329e+00
1.35850257661e+00
1.35913552926e+00
1.35447560599e+00
1.35148992282e+00
1.34608915936e+00
1.34780620073e+00
1.34313603373e+00
1.35398092021e+00
1.34770710243e+00
1.35225028663e+00
1.34788285912e+00
1.34861340740e+00
1.34925368200e+00
1.35822486855e+00
1.34959263155e+00
1.35953780724e+00
1.34859655074e+00
1.35384292665e+00
1.34708072191e+00
1.35361113001e+00
1.34257788921e+00
1.34665717828e+00
1.35189379221e+00
1.35555607133e+00
1.34797287562e+00
1.35018539508e+00
1.35138442950e+00
1.34949418737e+00
1.34677801568e+00
1.35847658222e+00
1.34849778341e+00
1.34714066882e+00
1.35610265558e+00
1.35787444784e+00
1.34889813861e+00
1.35137204154e+00
1.35172236118e+00
1.35151320568e+00
1.35468112008e+00
1.35501490786e+00
1.34808380342e+00
1.35725834579e+00
1.34875385081e+00
1.34879559026e+00
1.35369652585e+00
1.35183136251e+00
1.35232287002e+00
1.34873156597e+00
1.35171461131e+00
1.35640738006e+00
1.35300999429e+00
1.35410511539e+00
1.34421590169e+00
1.34966624118e+00
1.34908606738e+00
1.34503951097e+00
1.35723337000e+00
1.35697174694e+00
1.35906731587e+00
1.35409560451e+00
1.34837320634e+00
1.34940891995e+00
1.35547338051e+00
1.34821757602e+00
1.35533301076e+00
1.33630529318e+00
1.35224287555e+00
1.34977650259e+00
1.35305475230e+00
1.35606856729e+00
1.35610419574e+00
1.35850177059e+00
1.34386105284e+00
1.35499549616e+00
1.34705347994e+00
1.35097141193e+00
1.35371745920e+00
1.35508871186e+00
1.35179058223e+00
1.34971605391e+00
1.35761614500e+00
1.35078506727e+00
1.35505039655e+00
1.35364813867e+00
1.35454462110e+00
1.35272866974e+00
1.34772317603e+00
1.35053377246e+00
1.35222376579e+00
1.35811809590e+00
1.34374210790e+00
1.35513540728e+00
1.35577601246e+00
1.35280767659e+00
1.35198267574e+00
1.35559784283e+00
1.35551077213e+00
1.35268355353e+00
1.35567282455e+00
1.35204878801e+00
1.34587950384e+00
1.35207777166e+00
1.35428955955e+00
1.34885895878e+00
1.34998479917e+00
1.35119166091e+00
1.34464777201e+00
1.35144415062e+00
1.34520529160e+00
1.35527816248e+00
1.34638638648e+00
1.34447068947e+00
1.34926183648e+00
1.34958904047e+00
1.35124102598e+00
1.34891002861e+00
1.35599725061e+00
1.35447965784e+00
1.36086181313e+00
1.35657660046e+00
1.34887272937e+00
1.35640719610e+00
1.35419104857e+00
1.34398012129e+00
1.35925862497e+00
1.34668441504e+00
1.35794567852e+00
1.34882033632e+00
1.34967776622e+00
1.35340026865e+00
1.34703838684e+00
1.34924118605e+00
1.35531699092e+00
1.34510723610e+00
1.35726051321e+00
1.34666732710e+00
1.35634051067e+00
1.35546417894e+00
1.35613338383e+00
1.35106356418e+00
1.36086859929e+00
1.35129845606e+00
1.34618468136e+00
1.33858854757e+00
1.35087620887e+00
1.35641942602e+00
1.35181019256e+00
1.34766176671e+00
1.35075775748e+00
1.35840998077e+00
1.34719210177e+00
1.35943591754e+00
1.35979353161e+00
1.35749823856e+00
1.35387880701e+00
1.35157340135e+00
1.35714008863e+00
1.34731976659e+00
1.34359548764e+00
1.35688604362e+00
1.35203360237e+00
1.35020177374e+00
1.34922578423e+00
1.35505076350e+00
1.35992672551e+00
1.35014237624e+00
1.35215138880e+00
1.35162750244e+00
1.35497309456e+00
1.34942311681e+00
1.35544126316e+00
1.35469261051e+00
1.35573077856e+00
1.36279658247e+00
1.35087442939e+00
1.34917219040e+00
1.35541531392e+00
1.35063772936e+00
1.35034420665e+00
1.34842710453e+00
1.35063692486e+00
1.35504679553e+00
1.34905773215e+00
1.34857220246e+00
1.34656010820e+00
1.35386551043e+00
1.35881204865e+00
1.35224325103e+00
1.35760432570e+00
1.34910085297e+00
1.35480329829e+00
1.35489536850e+00
1.35403065832e+00
1.34530257473e+00
1.35460873379e+00
1.36037543778e+00
1.35153690058e+00
1.35806100545e+00
1.34918754398e+00
1.34737654248e+00
1.35094546910e+00
1.35446286102e+00
1.35247637480e+00
1.34813153826e+00
1.35308935960e+00
1.34742655867e+00
1.35349761244e+00
1.35581856947e+00
1.35511645720e+00
1.35713315597e+00
1.35212248650e+00
1.35563055717e+00
1.34809241429e+00
1.35883541471e+00
1.36437694624e+00
1.35493671833e+00
1.35305760246e+00
1.35158200927e+00
1.35157026984e+00
1.34678268151e+00
1.36419148197e+00
1.34773424006e+00
1.35528125364e+00
1.35739858716e+00
1.35084479659e+00
1.35617921186e+00
1.34898303476e+00
1.34296847507e+00
1.34121445055e+00
1.35456270806e+00
1.36260295749e+00
1.35388869734e+00
1.35301393161e+00
1.36249396155e+00
1.35045068789e+00
1.35597301849e+00
1.35300493355e+00
1.35347319511e+00
1.35067133635e+00
1.35574424323e+00
1.35563740580e+00
1.34872923146e+00
1.35159293530e+00
1.36168821487e+00
1.35002154062e+00
1.35165740172e+00
1.35278432468e+00
1.35418591194e+00
1.35262355333e+00
1.35672736709e+00
1.36050185901e+00
1.35028401356e+00
1.35157415122e+00
1.35426709930e+00
1.34878133105e+00
1.34620411904e+00
1.35248896547e+00
1.36279884776e+00
1.35113211915e+00
1.35289690446e+00
1.35746502710e+00
1.35423903623e+00
1.34998197454e+00
1.35727533338e+00
1.34880483063e+00
1.34990765742e+00
1.34960073354e+00
1.34448165395e+00
1.35129249031e+00
1.35361701709e+00
1.35529784707e+00
1.35228065514e+00
1.34519790314e+00
1.35081193764e+00
1.35647850362e+00
1.35319675056e+00
1.34699131292e+00
1.34645114110e+00
1.36114251493e+00
1.34408311004e+00
1.35060910370e+00
1.34730213793e+00
1.34968689163e+00
1.35069045408e+00
1.35174961123e+00
1.35347938502e+00
1.35188359867e+00
1.34539939367e+00
1.35786848386e+00
1.34913742947e+00
1.35406633037e+00
1.36171394912e+00
1.35656702490e+00
1.34501305256e+00
1.35300911833e+00
1.35234384106e+00
1.34851125936e+00
1.35915055575e+00
1.34711343332e+00
1.35029013112e+00
1.35452368471e+00
1.34227814419e+00
1.34624772554e+00
1.34971724805e+00
1.34915902093e+00
1.34971195003e+00
1.34982147412e+00
1.35226077862e+00
1.35797683907e+00
1.34092654230e+00
1.35478407295e+00
1.34750186836e+00
1.35251911183e+00
1.35541459921e+00
1.35560883126e+00
1.34854659664e+00
1.35420478542e+00
1.34855659035e+00
1.35353358812e+00
1.35318459831e+00
1.35263586277e+00
1.35423722892e+00
1.34834647552e+00
1.35339028601e+00
1.36213198290e+00
1.34169028064e+00
1.35386870992e+00
1.36151333602e+00
1.34099959386e+00
1.34101146857e+00
1.34802924824e+00
1.35337636145e+00
1.34960520869e+00
1.36662658892e+00
1.34873867214e+00
1.34568409712e+00
1.35046393027e+00
1.35784020078e+00
1.36100096680e+00
1.36012024424e+00
1.35410150287e+00
1.34672476237e+00
1.35282967860e+00
1.35249553335e+00
1.35567336569e+00
1.35275751331e+00
1.35701398963e+00
1.34939436768e+00
1.34581254346e+00
1.34584575656e+00
1.35672215959e+00
1.35323815422e+00
1.35999131805e+00
1.35193867558e+00
1.35330562417e+00
1.35992522842e+00
1.34489804807e+00
1.34304660816e+00
1.35231784474e+00
1.35285565957e+00
1.34594537456e+00
1.34840927230e+00
1.34478987350e+00
1.35361841622e+00
1.34539977970e+00
1.35147500776e+00
1.35230547679e+00
1.34533215065e+00
1.35655016632e+00
1.35557067453e+00
1.35210169120e+00
1.35113168886e+00
1.34967987083e+00
1.34383907015e+00
1.35552089494e+00
1.35998288035e+00
1.35281787727e+00
1.35597934183e+00
1.36214613630e+00
1.35166735145e+00
1.35689415068e+00
1.35724484782e+00
1.35030802266e+00
1.35642117337e+00
1.35691718746e+00
1.35184031594e+00
1.36191994063e+00
1.35052824512e+00
1.35239426832e+00
1.34521682039e+00
1.34829078551e+00
1.35403990642e+00
1.35375219915e+00
1.36212200778e+00
1.35891752807e+00
1.34962052592e+00
1.35359037614e+00
1.35299847247e+00
1.34850497466e+00
1.35035469008e+00
1.35040871691e+00
1.34990450059e+00
1.35169263510e+00
1.34331171160e+00
1.34355990729e+00
1.35132106650e+00
1.34796252576e+00
1.34516170196e+00
1.35727518857e+00
1.35718717985e+00
1.35092450526e+00
1.36356492737e+00
1.35612278953e+00
1.34382737021e+00
1.34803169309e+00
1.36031474020e+00
1.34736886871e+00
1.34485984184e+00
1.35475284342e+00
1.34892975694e+00
1.34790812149e+00
1.34883710872e+00
1.34791202711e+00
1.35626179949e+00
1.34849602021e+00
1.35315335223e+00
1.34334397034e+00
1.35019794313e+00
1.34397722491e+00
1.36521556477e+00
1.35079089108e+00
1.35031827113e+00
1.34582321996e+00
1.35883190728e+00
1.34977879690e+00
1.34271713224e+00
1.35725502388e+00
1.34796667248e+00
1.35585474136e+00
1.35675034844e+00
1.34463968865e+00
1.35696291223e+00
1.36227024307e+00
1.34715112257e+00
1.35422421253e+00
1.35102809308e+00
1.35668078692e+00
1.34901480350e+00
1.35111984696e+00
1.35342937284e+00
1.35174072699e+00
1.34338204708e+00
1.35138138627e+00
1.34793382933e+00
1.35213966697e+00
1.36220711151e+00
1.34459304072e+00
1.35801810684e+00
1.35319237635e+00
1.35414265471e+00
1.35769585832e+00
1.35101994931e+00
1.34616400801e+00
1.35933074186e+00
1.35911345884e+00
1.35531594387e+00
1.35012552914e+00
1.35125443882e+00
1.35910351450e+00
1.33957672296e+00
1.35558228180e+00
1.34578033985e+00
1.36469204330e+00
1.35133481204e+00
1.35118696390e+00
1.34984836463e+00
1.35226828291e+00
1.35220029648e+00
1.35608299411e+00
1.35049929578e+00
1.34344290615e+00
1.35001158686e+00
1.35170977396e+00
1.35305929743e+00
1.34623437180e+00
1.35039712033e+00
1.35230785318e+00