6.96099473401e-01
6.92042310047e-01
6.91973135782e-01
6.90100458631e-01
6.92848196824e-01
6.92035205959e-01
6.94128715408e-01
6.93251762925e-01
6.96914031584e-01
6.88653002935e-01
6.92531850407e-01
6.87332333330e-01
6.95158302286e-01
6.92944564692e-01
6.95548330317e-01
6.90469875180e-01
6.91975404050e-01
6.94050678765e-01
6.96941534420e-01
6.94533046241e-01
6.84252429147e-01
6.88182946358e-01
6.92009114881e-01
6.91597461217e-01
6.89084776192e-01
6.91384001614e-01
6.98288568885e-01
6.96240388104e-01
6.88628170588e-01
6.89320289644e-01
6.88752634923e-01
6.93120204926e-01
6.94618538695e-01
6.95107676355e-01
6.86007674490e-01
6.94581023260e-01
6.94152795077e-01
6.95446834119e-01
6.97711278900e-01
6.88049721629e-01
6.99314492263e-01
6.90144778244e-01
6.94574797592e-01
6.91545873808e-01
7.01833165737e-01
6.96521307081e-01
6.87732870416e-01
6.94503935026e-01
6.97040622756e-01
6.89849817652e-01
6.86878547209e-01
6.94814519781e-01
6.92307546350e-01
6.94131849586e-01
6.93938125484e-01
6.96856003512e-01
6.92904967127e-01
6.90865661399e-01
6.91245434703e-01
6.92129105665e-01
6.86858182298e-01
6.95742430369e-01
6.90435966227e-01
6.98356279179e-01
6.91054935044e-01
6.90634062774e-01
6.94377184775e-01
7.00218300727e-01
6.90294540620e-01
6.95611468906e-01
6.90542219931e-01
6.94104145683e-01
6.98089346697e-01
6.90871090733e-01
6.91452272071e-01
6.92251079916e-01
6.97284483611e-01
6.89518323262e-01
6.86470862447e-01
6.90473715655e-01
6.98350506514e-01
6.94301910702e-01
6.88370285835e-01
6.94935514934e-01
6.90011267078e-01
6.96485028064e-01
6.92459226538e-01
6.98257702431e-01
6.90420280212e-01
6.90318053431e-01
6.83957048106e-01
6.90299705437e-01
6.95199523832e-01
6.98809010742e-01
6.90621484929e-01
6.90064390508e-01
6.91817369888e-01
6.95935272106e-01
6.98314671311e-01
6.94987162362e-01
6.92811435815e-01
6.95171679061e-01
6.95530182180e-01
6.96682856844e-01
6.96289796938e-01
6.92698073534e-01
6.93356124414e-01
6.96013293018e-01
6.89714417678e-01
6.94291335159e-01
6.88690349053e-01
6.90539882377e-01
7.01537324159e-01
6.94576674231e-01
6.91817596530e-01
6.92351872691e-01
6.87931618813e-01
6.94767173395e-01
6.90388468132e-01
6.90506781924e-01
6.92034995170e-01
6.89589390478e-01
6.94667617917e-01
6.89455378487e-01
6.84314099370e-01
6.87859671458e-01
6.88661803517e-01
6.90342085211e-01
6.93220836670e-01
6.91276930663e-01
6.97904567394e-01
6.95603298892e-01
6.89121272368e-01
6.93486056886e-01
6.92648032725e-01
6.93328423336e-01
6.94079117475e-01
6.92939263539e-01
6.95669836076e-01
6.86217686145e-01
6.91219437174e-01
6.90772323470e-01
6.94753946834e-01
6.97005696225e-01
6.92184479822e-01
6.90503433819e-01
6.98303654178e-01
6.89917000688e-01
6.95178122980e-01
6.92422124119e-01
6.97830375119e-01
6.90268465820e-01
7.00592815528e-01
6.95683305945e-01
6.95454780816e-01
6.94003951846e-01
6.90759683261e-01
6.85418553810e-01
6.95325871536e-01
6.91157263943e-01
6.94654863909e-01
6.94981158292e-01
6.86302297003e-01
6.94248070704e-01
6.89826289970e-01
6.97802884429e-01
6.93806548635e-01
6.90684470847e-01
6.87757949153e-01
6.98577725748e-01
6.97247836120e-01
7.03048574461e-01
6.90536449035e-01
6.92570124946e-01
6.95270478598e-01
6.86722606412e-01
6.90137998448e-01
6.91166821019e-01
6.94781686426e-01
6.93553427410e-01
6.93074590029e-01
6.99051932229e-01
6.88896674812e-01
6.83567565007e-01
6.95344378953e-01
6.96609403816e-01
6.91467085621e-01
6.90063121046e-01
6.94365774001e-01
6.92814191655e-01
6.94403784072e-01
6.83885973353e-01
6.91845666538e-01
6.95567580729e-01
6.92328402457e-01
6.93736228440e-01
6.90924303025e-01
6.93483864565e-01
6.93279778346e-01
6.90218684414e-01
7.00345481857e-01
6.90593208168e-01
6.92018945716e-01
6.91159552690e-01
6.89224278391e-01
6.93614051391e-01
6.93560757446e-01
6.91016187259e-01
6.91171945008e-01
6.94399189346e-01
6.88921402989e-01
6.91466696802e-01
6.91934666003e-01
6.89224584577e-01
6.85994644370e-01
6.91759359112e-01
6.89604639792e-01
6.89470393393e-01
6.97207925752e-01
6.90436321442e-01
6.96058678259e-01
6.95689004213e-01
7.00665409444e-01
6.94932043377e-01
6.96107857888e-01
6.89219307865e-01
6.91853486217e-01
6.90884133916e-01
6.94454270892e-01
6.92844201188e-01
6.92298486007e-01
6.93830831722e-01
6.94591205073e-01
6.93223792967e-01
6.91928250737e-01
6.94495227522e-01
6.92244142701e-01
6.94724050334e-01
6.95294084242e-01
6.92938844848e-01
6.87822433879e-01
6.87336219958e-01
6.90145338543e-01
6.94833180597e-01
6.97127537869e-01
6.98535398950e-01
6.91494726179e-01
6.92445870220e-01
6.91293510495e-01
6.92360856187e-01
6.88942967506e-01
6.93432953368e-01
6.93121928300e-01
6.83345635636e-01
6.90893098727e-01
6.97305077391e-01
6.95817845550e-01
6.95697396150e-01
6.91706622629e-01
6.93957942634e-01
6.89648390999e-01
6.97759769787e-01
6.93663502481e-01
6.91189976138e-01
6.90440501586e-01
6.95239834271e-01
6.90837126823e-01
6.93703878568e-01
6.86432054489e-01
6.95362634622e-01
6.94833909911e-01
6.93485381561e-01
6.85157591630e-01
6.95927090959e-01
7.05494686406e-01
6.92102762567e-01
6.99628893103e-01
6.96362193715e-01
6.89888669738e-01
6.97297531089e-01
6.88511450316e-01
6.99696561896e-01
6.88676350813e-01
6.97725335856e-01
6.94759736123e-01
6.95834902285e-01
6.89731828781e-01
6.95166866041e-01
6.92553509894e-01
7.05567906517e-01
6.83419182884e-01
6.97775556901e-01
6.95078721009e-01
6.92871995883e-01
6.88789556931e-01
6.98460190812e-01
6.91229963344e-01
6.95228792968e-01
6.92866721925e-01
6.89647255802e-01
6.86993043133e-01
6.88599517108e-01
6.92463835108e-01
6.93044572387e-01
6.96788623502e-01
6.89354628906e-01
6.95498104737e-01
6.93253366513e-01
6.93613683906e-01
6.93570087613e-01
6.95379895908e-01
6.88492456839e-01
6.89935394399e-01
6.93415118832e-01
6.92852818317e-01
6.92181831864e-01
6.93901253853e-01
6.99852051568e-01
6.89092944767e-01
6.95694875367e-01
6.92548733814e-01
6.85389571298e-01
6.91925228074e-01
6.92220304084e-01
6.84620632876e-01
6.89796168808e-01
6.95230904656e-01
6.94163596315e-01
6.93550957211e-01
6.91319831954e-01
6.89607392987e-01
6.91044612830e-01
6.95766514300e-01
6.93634236851e-01
6.87288986629e-01
6.95716044475e-01
7.01319959644e-01
6.92570410756e-01
6.92566523259e-01
6.90955315215e-01
6.94798643967e-01
6.93658788919e-01
6.91398677994e-01
6.89568765091e-01
6.93119523103e-01
6.96559864805e-01
6.98962595701e-01
6.93846126469e-01
6.99136992377e-01
6.92383328821e-01
6.95370517161e-01
7.01970867931e-01
6.91285439812e-01
6.87868860322e-01
6.87524216125e-01
7.00547274625e-01
6.88322655514e-01
6.91737525524e-01
7.01357761675e-01
6.93769539026e-01
6.95983498773e-01
6.90171995785e-01
6.93296651575e-01
6.96234130212e-01
6.97374712062e-01
6.97346374477e-01
6.90386400774e-01
6.94742680510e-01
6.95861031173e-01
6.92584246561e-01
6.90840980670e-01
6.91443270645e-01
6.89191446691e-01
6.88859857991e-01
6.98367424201e-01
6.90513365516e-01
6.93001630598e-01
6.95643142954e-01
6.89806955688e-01
6.93330537203e-01
6.97402145079e-01
6.88883934404e-01
6.96415399900e-01
6.91613952819e-01
6.92654184945e-01
6.91878129859e-01
6.89889086974e-01
6.94113505954e-01
6.91433327722e-01
6.89517583910e-01
6.94354470439e-01
6.92142636885e-01
6.96585468037e-01
6.88849300303e-01
6.94036561976e-01
6.89176151370e-01
6.94339102731e-01
6.94728707789e-01
6.87263227226e-01
6.92513499922e-01
6.93961404840e-01
6.87135657920e-01
6.91001761298e-01
6.91585051086e-01
6.91874272562e-01
6.93761641351e-01
6.92839380701e-01
6.93945037861e-01
6.91747485797e-01
6.96823065886e-01
6.94862137885e-01
7.00035588005e-01
6.89245831241e-01
6.93058731500e-01
6.97033409872e-01
6.96101453152e-01
6.93823623162e-01
6.86264094993e-01
6.87666607638e-01
6.88690754751e-01
6.93147686187e-01
6.90014198443e-01
6.93318766632e-01
6.92337465641e-01
6.89341005288e-01
6.92008063358e-01
6.94441584773e-01
6.88601455834e-01
6.94682590147e-01
6.91120744850e-01
6.95178109014e-01
6.88596608309e-01
6.90907497351e-01
6.88434524081e-01
6.95882689171e-01
6.95974216845e-01
6.86222655442e-01
6.96433066608e-01
6.96345381383e-01
6.86435932029e-01
6.99759616445e-01
6.94485550410e-01
6.94800539867e-01
6.85117385158e-01
6.91237847889e-01
6.88481172412e-01
6.90302915558e-01
6.89510393183e-01
6.96756708364e-01
6.96545103274e-01
6.95227896721e-01
6.92015844506e-01
6.90268248804e-01
6.90717185691e-01
6.91254042292e-01
6.88474285677e-01
6.94935372489e-01
6.90164859489e-01
7.02830055595e-01
6.97182785349e-01
6.92240515907e-01
6.94267387821e-01
6.95687070315e-01
6.97426865854e-01
6.99010320087e-01
6.89016631432e-01
6.86150820968e-01
6.92560305406e-01
6.87638131463e-01
6.91416158792e-01
6.96589888467e-01
6.90413758515e-01
6.95778098324e-01
6.88017642361e-01
6.94310667406e-01
6.93440860517e-01
6.94050786076e-01
6.93322005512e-01
6.97055693399e-01
6.94244833379e-01
6.97622104245e-01
6.87742421642e-01
6.92953484142e-01
6.84784367204e-01
6.93221995200e-01
6.97438508241e-01
6.87110706426e-01
6.94864604022e-01
6.96833335643e-01
6.94029654083e-01
6.94261917405e-01
6.90276721566e-01
6.97040346115e-01
6.96282331013e-01
6.98291763987e-01
6.94123550189e-01
6.90997344739e-01
6.93495981981e-01
6.86059083588e-01
6.95242740099e-01
6.92644028319e-01