9.19433392726e-01
9.20246839656e-01
9.20112404606e-01
9.18488891557e-01
9.20669681501e-01
9.20538311557e-01
9.20453108896e-01
9.19783291355e-01
9.19831373565e-01
9.19112180770e-01
9.19170063612e-01
9.19614190071e-01
9.18021313403e-01
9.19589259442e-01
9.19920533630e-01
9.19485577852e-01
9.20059163101e-01
9.20666289731e-01
9.20653953539e-01
9.19608930170e-01
9.18827767275e-01
9.19843320672e-01
9.19537569611e-01
9.20139270296e-01
9.18783310050e-01
9.18815998345e-01
9.18148722069e-01
9.21122065597e-01
9.20045908537e-01
9.20905062207e-01
9.18849460278e-01
9.18992699229e-01
9.19794653862e-01
9.19943578181e-01
9.19696968180e-01
9.19141369545e-01
9.18528312819e-01
9.18958841416e-01
9.19162937452e-01
9.19778945578e-01
9.19308744097e-01
9.20298445673e-01
9.19514723434e-01
9.20318243973e-01
9.19347259192e-01
9.19475877274e-01
9.18074822368e-01
9.19682376736e-01
9.21567573309e-01
9.19510718856e-01
9.20256342470e-01
9.18294217967e-01
9.19974739141e-01
9.19418591365e-01
9.19650564735e-01
9.19287583056e-01
9.19214621921e-01
9.20838477658e-01
9.19868000936e-01
9.20096857953e-01
9.18425727592e-01
9.18949903330e-01
9.18978201706e-01
9.20679195176e-01
9.19106313454e-01
9.21549473201e-01
9.19565450226e-01
9.19506830134e-01
9.19675388588e-01
9.19535831348e-01
9.20996743151e-01
9.19524724210e-01
9.19976574772e-01
9.19631177395e-01
9.19161346967e-01
9.19637966221e-01
9.19021149627e-01
9.20394840246e-01
9.19520267800e-01
9.19085016595e-01
9.19392899566e-01
9.20347093383e-01
9.20672455158e-01
9.19620048363e-01
9.19679723001e-01
9.19301426706e-01
9.19517198394e-01
9.18710861324e-01
9.18540364641e-01
9.18767754051e-01
9.20304048256e-01
9.19131984414e-01
9.20602614835e-01
9.20173887189e-01
9.18764204015e-01
9.19056080375e-01
9.18842432247e-01
9.20012910235e-01
9.19430608497e-01
9.19995607650e-01
9.19995550310e-01
9.19105063348e-01
9.20809237230e-01
9.18398395093e-01
9.20316243330e-01
9.20432786360e-01
9.19548996117e-01
9.20795205250e-01
9.19268145682e-01
9.18503420077e-01
9.18756080026e-01
9.18791860476e-01
9.22055352038e-01
9.19139893410e-01
9.20074488704e-01
9.18974609997e-01
9.18541275999e-01
9.19564664619e-01
9.18968596091e-01
9.20221684134e-01
9.19235311007e-01
9.20104824346e-01
9.18880613770e-01
9.20355063832e-01
9.19010464280e-01
9.20646489711e-01
9.18455356890e-01
9.19047239436e-01
9.19930171559e-01
9.19941445463e-01
9.19889407828e-01
9.20326515501e-01
9.19878577910e-01
9.20418190235e-01
9.19801409392e-01
9.19735726999e-01
9.18566374664e-01
9.20621813463e-01
9.19263706369e-01
9.20241391155e-01
9.19680865378e-01
9.19993455338e-01
9.18327629947e-01
9.20042312074e-01
9.20315909817e-01
9.19948147848e-01
9.20240573531e-01
9.19177426571e-01
9.19854185085e-01
9.19440015408e-01
9.19835431419e-01
9.19761828817e-01
9.19863592949e-01
9.19168670439e-01
9.20730609177e-01
9.19780723402e-01
9.19409089933e-01
9.18663887085e-01
9.19416631755e-01
9.20226203724e-01
9.18939792785e-01
9.19774626218e-01
9.19039205654e-01
9.19573729321e-01
9.18831123216e-01
9.19835601773e-01
9.21005032322e-01
9.18537178554e-01
9.20010545635e-01
9.20078167116e-01
9.19515528350e-01
9.20918073770e-01
9.19139073744e-01
9.18627233625e-01
9.19238643755e-01
9.18985198256e-01
9.19279281812e-01
9.19300193675e-01
9.18570884066e-01
9.18578099966e-01
9.19282905553e-01
9.19946593759e-01
9.19736986749e-01
9.19924653625e-01
9.18703527379e-01
9.18633460936e-01
9.21806955559e-01
9.20667041746e-01
9.19971901849e-01
9.20279358912e-01
9.20074505176e-01
9.20834916259e-01
9.18752483282e-01
9.21449442048e-01
9.20519647184e-01
9.20107023709e-01
9.20081229433e-01
9.19908599039e-01
9.18981910531e-01
9.20084843675e-01
9.20600842391e-01
9.20951898206e-01
9.19475512812e-01
9.18414389834e-01
9.19774054365e-01
9.20466145548e-01
9.19961213458e-01
9.20136272348e-01
9.20930041168e-01
9.20860447929e-01
9.19794832162e-01
9.19333231140e-01
9.20037230961e-01
9.19401801451e-01
9.18833732735e-01
9.18922664298e-01
9.20691413262e-01
9.19558210851e-01
9.19551009126e-01
9.19667934232e-01
9.19496702703e-01
9.19075833155e-01
9.19966995797e-01
9.20670222123e-01
9.19866428569e-01
9.20068486273e-01
9.19922183389e-01
9.19558055841e-01
9.20075035841e-01
9.19816249278e-01
9.20469794884e-01
9.19769429053e-01
9.19849257082e-01
9.18498137415e-01
9.20075259859e-01
9.20709264995e-01
9.18904338801e-01
9.19201813705e-01
9.18928089115e-01
9.18110726143e-01
9.19686690806e-01
9.19855620798e-01
9.17967123520e-01
9.19518386038e-01
9.19663622755e-01
9.20373056408e-01
9.18695548079e-01
9.19947037198e-01
9.18173028595e-01
9.20161666144e-01
9.19171866723e-01
9.19522628211e-01
9.20408964127e-01
9.18356877359e-01
9.18758483857e-01
9.19218934806e-01
9.19602517777e-01
9.18328231476e-01
9.20267921554e-01
9.19035019414e-01
9.20252022685e-01
9.19878482378e-01
9.18843371895e-01
9.19899169690e-01
9.19709731315e-01
9.19588199924e-01
9.18962325922e-01
9.20172488797e-01
9.18451970813e-01
9.19352220606e-01
9.20782348074e-01
9.20689569517e-01
9.20519594288e-01
9.20336498207e-01
9.19448464777e-01
9.19388659585e-01
9.20512195850e-01
9.19514670060e-01
9.19086923064e-01
9.19243011103e-01
9.20010961519e-01
9.20598050808e-01
9.19885259437e-01
9.21693573303e-01
9.19133612299e-01
9.19386666211e-01
9.18795430473e-01
9.20707267038e-01
9.19603734900e-01
9.19958362790e-01
9.19597816679e-01
9.20524901587e-01
9.20762388662e-01
9.20037378677e-01
9.19945378791e-01
9.19712723865e-01
9.20533788011e-01
9.19975941431e-01
9.19490361221e-01
9.19145281094e-01
9.19720210136e-01
9.19707976631e-01
9.18937655704e-01
9.20114147503e-01
9.20474466160e-01
9.19474879500e-01
9.19390324506e-01
9.19729215806e-01
9.19746249325e-01
9.20342295282e-01
9.20465342968e-01
9.17924638100e-01
9.20335671697e-01
9.20204424579e-01
9.20057942340e-01
9.19542342132e-01
9.20306893770e-01
9.20875409008e-01
9.20270057988e-01
9.19268474792e-01
9.19628931227e-01
9.19229742228e-01
9.21430077810e-01
9.19950964282e-01
9.18998472040e-01
9.20504735716e-01
9.19266598688e-01
9.18222183755e-01
9.19150967724e-01
9.20450636854e-01
9.20296890031e-01
9.19349843902e-01
9.19455335881e-01
9.19186410622e-01
9.20257296907e-01
9.20776370394e-01
9.19975797288e-01
9.19959228784e-01
9.20538625416e-01
9.17603594027e-01
9.21595336169e-01
9.19401175178e-01
9.19027175498e-01
9.19196692894e-01
9.20604376747e-01
9.18755946294e-01
9.19584054763e-01
9.19640613268e-01
9.19189251893e-01
9.18761040636e-01
9.19247434258e-01
9.19194919335e-01
9.20414899034e-01
9.18357131484e-01
9.19667252547e-01
9.20486418338e-01
9.19919812257e-01
9.19356875685e-01
9.18523538482e-01
9.19300499406e-01
9.20033959930e-01
9.20433674165e-01
9.18481565259e-01
9.20776630615e-01
9.19426309380e-01
9.19263778178e-01
9.20132576219e-01
9.18493963972e-01
9.20698162715e-01
9.19664230899e-01
9.19119192835e-01
9.18897405780e-01
9.21742789380e-01
9.19665419084e-01
9.19854488399e-01
9.20615290703e-01
9.20229479640e-01
9.20254840093e-01
9.19918239082e-01
9.20869401432e-01
9.20088827156e-01
9.20689919599e-01
9.20302579866e-01
9.19876105382e-01
9.20044217357e-01
9.21030519303e-01
9.20192058302e-01
9.18619249224e-01
9.18765974783e-01
9.19947441297e-01
9.18758673284e-01
9.18742889795e-01
9.19406495120e-01
9.19088082796e-01
9.19321225101e-01
9.19179356849e-01
9.18966965423e-01
9.20621604169e-01
9.20153796220e-01
9.17916524526e-01
9.18942019854e-01
9.20628259119e-01
9.20446579698e-01
9.20162205812e-01
9.19491972893e-01
9.20119175036e-01
9.19394262405e-01
9.18822615054e-01
9.19238714758e-01
9.20431349649e-01
9.19152899465e-01
9.20200262085e-01
9.20490499872e-01
9.20409048887e-01
9.19219329093e-01
9.19421562036e-01
9.19403451628e-01
9.20783686226e-01
9.19266851938e-01
9.19145244501e-01
9.19212003180e-01
9.19367992370e-01
9.19366913620e-01
9.21413085890e-01
9.18685777949e-01
9.19105884525e-01
9.20353366394e-01
9.20020529254e-01
9.18917014525e-01
9.19624957792e-01
9.18790464011e-01
9.17799213762e-01
9.20869859058e-01
9.19132711115e-01
9.19990640286e-01
9.19702241148e-01
9.20468914584e-01
9.20680548290e-01
9.19750902810e-01
9.19385051827e-01
9.20222003437e-01
9.18505934713e-01
9.18945129956e-01
9.20440201273e-01
9.19084342030e-01
9.20411050638e-01
9.20749309641e-01
9.19429285478e-01
9.20709558304e-01
9.20701511000e-01
9.20553910987e-01
9.20321390432e-01
9.18361877929e-01
9.21051377628e-01
9.20111890154e-01
9.18906161827e-01
9.18408016600e-01
9.20402997226e-01
9.18205710696e-01
9.20963260781e-01
9.20235161735e-01
9.18930976962e-01
9.19405817072e-01
9.19841604279e-01
9.20993072893e-01
9.19380408888e-01
9.18746065461e-01
9.20115761163e-01
9.18198464834e-01
9.18878211368e-01
9.20140521523e-01
9.19762841377e-01
9.19567035179e-01
9.20302877726e-01
9.20506866699e-01
9.19853346190e-01
9.20689838993e-01
9.20566425554e-01
9.18745752654e-01
9.20770104898e-01
9.18371141075e-01
9.19488508809e-01
9.19345863596e-01
9.19806185983e-01
9.20396526987e-01
9.20185263342e-01
9.18666388804e-01
9.19453999573e-01
9.18718141903e-01
9.20534672310e-01
9.20450253968e-01
9.20671913799e-01
9.20918588166e-01
9.18176150912e-01
9.19345862812e-01
9.20180978211e-01
9.20829035853e-01
9.18943115517e-01
9.19843425033e-01
9.19609002355e-01
9.19678860187e-01