-2.84193545509e+01
-2.83848256111e+01
-2.83510801691e+01
-2.84742976668e+01
-2.83476967934e+01
-2.83673495781e+01
-2.83389668672e+01
-2.83354271130e+01
-2.84299284842e+01
-2.84505661942e+01
-2.83772564826e+01
-2.83911406199e+01
-2.84917616667e+01
-2.84208049957e+01
-2.83912574111e+01
-2.84503605242e+01
-2.83409427599e+01
-2.83743884250e+01
-2.84381270733e+01
-2.83986858887e+01
-2.85069114299e+01
-2.84325173915e+01
-2.84299881061e+01
-2.83552145686e+01
-2.84967891780e+01
-2.85287025355e+01
-2.85202313605e+01
-2.83400917626e+01
-2.83357990313e+01
-2.84162506801e+01
-2.84793491315e+01
-2.84776952818e+01
-2.84447814191e+01
-2.83950935272e+01
-2.84483570791e+01
-2.84751258037e+01
-2.85000321728e+01
-2.84625426594e+01
-2.83944612849e+01
-2.84566683290e+01
-2.84421017842e+01
-2.84122856743e+01
-2.84346247133e+01
-2.83747574870e+01
-2.84154316280e+01
-2.84221492076e+01
-2.84735746143e+01
-2.84159928617e+01
-2.83800287903e+01
-2.84658308992e+01
-2.84219632905e+01
-2.84756041004e+01
-2.84196258739e+01
-2.83828113927e+01
-2.84648270024e+01
-2.84526870333e+01
-2.84366004094e+01
-2.83830795041e+01
-2.84487962933e+01
-2.84719118885e+01
-2.84690255826e+01
-2.84367500495e+01
-2.83966554431e+01
-2.84024307103e+01
-2.84785777251e+01
-2.83497741777e+01
-2.84061576900e+01
-2.84078200470e+01
-2.84064937525e+01
-2.83581504897e+01
-2.83992066592e+01
-2.84422255458e+01
-2.84393267652e+01
-2.84312520305e+01
-2.84983248613e+01
-2.83938025775e+01
-2.84502683567e+01
-2.83641451396e+01
-2.84140977107e+01
-2.83988829022e+01
-2.83737037765e+01
-2.83733785431e+01
-2.83634442536e+01
-2.84071309257e+01
-2.84220076803e+01
-2.84147374201e+01
-2.84056580445e+01
-2.84242518789e+01
-2.84710259937e+01
-2.84614190112e+01
-2.83873002770e+01
-2.84521284906e+01
-2.84345167047e+01
-2.84125592065e+01
-2.85124463521e+01
-2.84054522083e+01
-2.83974303194e+01
-2.83928062934e+01
-2.83833275576e+01
-2.83917637576e+01
-2.84302347787e+01
-2.85089088187e+01
-2.83998303109e+01
-2.84371421327e+01
-2.83504623875e+01
-2.84002107778e+01
-2.84539461245e+01
-2.83839768988e+01
-2.84204394576e+01
-2.84688548125e+01
-2.84403220869e+01
-2.84522409198e+01
-2.83864787619e+01
-2.84004196383e+01
-2.83655729454e+01
-2.84848600680e+01
-2.84536742766e+01
-2.84632944553e+01
-2.85030291293e+01
-2.84455732494e+01
-2.84004944096e+01
-2.84092513032e+01
-2.84562072806e+01
-2.84096172603e+01
-2.83968320980e+01
-2.83844417530e+01
-2.84458950185e+01
-2.84572425196e+01
-2.83771156472e+01
-2.84274016883e+01
-2.84057348000e+01
-2.84101113709e+01
-2.84176396714e+01
-2.84098846124e+01
-2.83789986582e+01
-2.83937901364e+01
-2.84473498195e+01
-2.84116296816e+01
-2.83445289568e+01
-2.84030394734e+01
-2.83970374207e+01
-2.83533898269e+01
-2.84864132679e+01
-2.83885337089e+01
-2.83252624275e+01
-2.84222260171e+01
-2.84033799216e+01
-2.84759476111e+01
-2.84655326934e+01
-2.84170270888e+01
-2.84256619734e+01
-2.84277058270e+01
-2.84426637612e+01
-2.84435321909e+01
-2.83769091327e+01
-2.84022294815e+01
-2.84569327256e+01
-2.84537528243e+01
-2.84244902286e+01
-2.83598341538e+01
-2.84303717456e+01
-2.84177869363e+01
-2.84539079214e+01
-2.84456615170e+01
-2.84442530722e+01
-2.84141558842e+01
-2.83723395768e+01
-2.84667032072e+01
-2.84102901227e+01
-2.84064289326e+01
-2.83835234611e+01
-2.83747479455e+01
-2.84368454001e+01
-2.84500379650e+01
-2.84904489604e+01
-2.84440767864e+01
-2.84220041913e+01
-2.84524573541e+01
-2.84395390195e+01
-2.84429914171e+01
-2.84734838029e+01
-2.84232319904e+01
-2.84092838543e+01
-2.84173795687e+01
-2.85160579874e+01
-2.84687726115e+01
-2.82904173653e+01
-2.83922313054e+01
-2.84626495138e+01
-2.84320944295e+01
-2.84258194533e+01
-2.83380009232e+01
-2.84661325587e+01
-2.83347404906e+01
-2.83517312639e+01
-2.83863252424e+01
-2.83711046305e+01
-2.84487894301e+01
-2.84513512235e+01
-2.84011268397e+01
-2.84177516587e+01
-2.83614043339e+01
-2.84813837019e+01
-2.84383958982e+01
-2.84894913466e+01
-2.83331447371e+01
-2.83948296078e+01
-2.84074231293e+01
-2.83669942159e+01
-2.84082580810e+01
-2.84687805749e+01
-2.84838353002e+01
-2.84180980760e+01
-2.83962188848e+01
-2.84277759025e+01
-2.84684972253e+01
-2.83504095324e+01
-2.84401638498e+01
-2.84441631107e+01
-2.83956618223e+01
-2.84250237373e+01
-2.84622087142e+01
-2.84726213185e+01
-2.83557706402e+01
-2.84089932127e+01
-2.84399695437e+01
-2.84156717421e+01
-2.85111397197e+01
-2.84424016453e+01
-2.84645042071e+01
-2.83695395481e+01
-2.84549789576e+01
-2.83915091201e+01
-2.85368637023e+01
-2.84171191089e+01
-2.84383091727e+01
-2.84679582211e+01
-2.84503471403e+01
-2.84740071639e+01
-2.84772574017e+01
-2.84603902595e+01
-2.84754731231e+01
-2.84579515638e+01
-2.84912144936e+01
-2.84165228966e+01
-2.83258601424e+01
-2.84270733026e+01
-2.84004279039e+01
-2.84905449507e+01
-2.84649597059e+01
-2.84366882070e+01
-2.84327430203e+01
-2.84020609748e+01
-2.84885317548e+01
-2.85161036337e+01
-2.84575283667e+01
-2.84155673918e+01
-2.84217793529e+01
-2.84162472777e+01
-2.84461320633e+01
-2.84327868738e+01
-2.84373545121e+01
-2.84646546529e+01
-2.84350783215e+01
-2.84180308532e+01
-2.84145673542e+01
-2.84242793514e+01
-2.84275568814e+01
-2.84465142432e+01
-2.84297062967e+01
-2.83641777169e+01
-2.84203069871e+01
-2.83823899652e+01
-2.84180109226e+01
-2.84026749156e+01
-2.84533351921e+01
-2.83957485497e+01
-2.83931320132e+01
-2.84319779198e+01
-2.84779461171e+01
-2.83986370980e+01
-2.84188078341e+01
-2.84262127444e+01
-2.83560623342e+01
-2.84611380392e+01
-2.84686681997e+01
-2.85045946530e+01
-2.83969590023e+01
-2.84908251214e+01
-2.84132016910e+01
-2.84493288073e+01
-2.83929625764e+01
-2.84246389772e+01
-2.84481762926e+01
-2.83944933845e+01
-2.83739879336e+01
-2.83917688007e+01
-2.84028963428e+01
-2.84612397934e+01
-2.84481175364e+01
-2.84373563216e+01
-2.84011144638e+01
-2.84237964989e+01
-2.84364621143e+01
-2.83580661922e+01
-2.84360916294e+01
-2.84176837896e+01
-2.84612876022e+01
-2.84793005953e+01
-2.84026327350e+01
-2.83990880117e+01
-2.84825308663e+01
-2.84186431571e+01
-2.84242075319e+01
-2.84148944695e+01
-2.83809606109e+01
-2.83441299929e+01
-2.84438913052e+01
-2.84175192424e+01
-2.83954021460e+01
-2.84649559007e+01
-2.84019205658e+01
-2.83138528924e+01
-2.83721660445e+01
-2.84382046790e+01
-2.84444438068e+01
-2.83676276453e+01
-2.84952476070e+01
-2.84594348077e+01
-2.84402276712e+01
-2.84062494975e+01
-2.84507617630e+01
-2.84548560376e+01
-2.84504878977e+01
-2.83759067177e+01
-2.83383277166e+01
-2.83887840199e+01
-2.84251594293e+01
-2.83509986957e+01
-2.84262187149e+01
-2.83222576166e+01
-2.84539469642e+01
-2.84277307799e+01
-2.84463310086e+01
-2.84193427544e+01
-2.84577181642e+01
-2.84398773465e+01
-2.84261696843e+01
-2.84537495499e+01
-2.84428807294e+01
-2.84228346213e+01
-2.84502501107e+01
-2.83850408086e+01
-2.84992429220e+01
-2.84500318122e+01
-2.84109336085e+01
-2.83864395084e+01
-2.84730859977e+01
-2.84845430787e+01
-2.84464394908e+01
-2.84177724131e+01
-2.84096967641e+01
-2.85000998313e+01
-2.84171844315e+01
-2.84428434888e+01
-2.84109560517e+01
-2.84052820014e+01
-2.84850497486e+01
-2.84343504261e+01
-2.84243128586e+01
-2.84242838003e+01
-2.84399673729e+01
-2.83521842906e+01
-2.84472776277e+01
-2.84443575483e+01
-2.83994128044e+01
-2.84322613744e+01
-2.83610898344e+01
-2.83823729487e+01
-2.83741299473e+01
-2.84205254903e+01
-2.83859972217e+01
-2.83855601455e+01
-2.84086012950e+01
-2.84717239398e+01
-2.84035536623e+01
-2.84170710326e+01
-2.84422178550e+01
-2.84740783690e+01
-2.84713356579e+01
-2.84549824640e+01
-2.84781710370e+01
-2.84307997681e+01
-2.84656028233e+01
-2.84261549170e+01
-2.84169309084e+01
-2.84867129666e+01
-2.84112106481e+01
-2.83408858863e+01
-2.84762655074e+01
-2.84370424813e+01
-2.83690298676e+01
-2.83564686112e+01
-2.83485310913e+01
-2.83925037007e+01
-2.84494205055e+01
-2.84288013241e+01
-2.85051638464e+01
-2.84745721552e+01
-2.84314887193e+01
-2.84307326316e+01
-2.84321105676e+01
-2.84422239691e+01
-2.83384992909e+01
-2.84043075173e+01
-2.84181028460e+01
-2.84678288786e+01
-2.83661795340e+01
-2.84805998658e+01
-2.84141937738e+01
-2.84712061112e+01
-2.84005996989e+01
-2.84142063824e+01
-2.83514823264e+01
-2.84793474646e+01
-2.84912080550e+01
-2.84588709364e+01
-2.84694224029e+01
-2.84351169048e+01
-2.84275702573e+01
-2.84572644680e+01
-2.84676880112e+01
-2.83724994449e+01
-2.84502835914e+01
-2.84007659396e+01
-2.84353137770e+01
-2.84611030661e+01
-2.83325221019e+01
-2.84117785867e+01
-2.84529212355e+01
-2.84373296221e+01
-2.84313104564e+01
-2.84459993420e+01
-2.83981245321e+01
-2.84603537873e+01
-2.84496466640e+01
-2.83808320741e+01
-2.84004248030e+01
-2.83341765352e+01
-2.84306059159e+01
-2.83769218001e+01
-2.83992068724e+01
-2.84701942591e+01
-2.83894799225e+01
-2.84174184340e+01
-2.84720739754e+01
-2.84274832563e+01
-2.83885370367e+01
-2.84949690750e+01
-2.83744862799e+01
-2.83830850236e+01
-2.84200838666e+01
-2.84383785518e+01
-2.84505798758e+01
-2.83569517765e+01
-2.84147731267e+01
-2.84858176199e+01
-2.84284505364e+01
-2.84772617317e+01
-2.84480469976e+01
-2.84116420761e+01
-2.84478301365e+01
-2.84140063576e+01
-2.84722174345e+01
-2.84268896042e+01
-2.83923395437e+01
-2.84017886177e+01
-2.84009706775e+01
-2.84615456698e+01
-2.83486675410e+01
-2.84693987498e+01
-2.84831298836e+01
-2.84602836769e+01
-2.84616147037e+01
-2.84018851317e+01
-2.84267706507e+01
-2.84852019546e+01
-2.84243035721e+01
-2.84212502051e+01
-2.83705753179e+01
-2.84025865527e+01
-2.83907760805e+01
-2.83897853061e+01
-2.85348706503e+01
-2.85023444103e+01
-2.84541789790e+01
-2.83545633970e+01
-2.84137586006e+01
-2.83654401818e+01
-2.84296129414e+01
-2.84224203534e+01