1.48586925078e+01
1.48077658756e+01
1.47390931061e+01
1.48160214946e+01
1.48071125707e+01
1.47785027983e+01
1.47787983736e+01
1.48148984402e+01
1.47650621639e+01
1.48178380233e+01
1.48087404545e+01
1.47240236433e+01
1.48105189176e+01
1.48499628353e+01
1.48058953429e+01
1.47670596617e+01
1.47805466250e+01
1.48464852252e+01
1.47758803079e+01
1.47836775010e+01
1.48019586984e+01
1.47742467678e+01
1.47776730979e+01
1.47908196094e+01
1.47661627014e+01
1.48239520824e+01
1.48061742122e+01
1.48254762157e+01
1.48105529316e+01
1.48180318628e+01
1.48370864506e+01
1.47970183543e+01
1.48336448775e+01
1.48257611608e+01
1.47883786513e+01
1.48047113630e+01
1.47459711565e+01
1.48737103893e+01
1.48136859198e+01
1.48552242891e+01
1.47909607330e+01
1.48199010491e+01
1.47643376727e+01
1.48802023419e+01
1.47668773789e+01
1.47655099504e+01
1.48442311282e+01
1.47566133285e+01
1.47872809855e+01
1.47507512269e+01
1.48499420121e+01
1.48117953647e+01
1.47760706236e+01
1.47836427282e+01
1.48299175394e+01
1.48377334857e+01
1.47233309378e+01
1.48207660158e+01
1.49151607621e+01
1.48128742606e+01
1.47971180427e+01
1.47656192580e+01
1.48090680573e+01
1.47820502344e+01
1.48172092037e+01
1.48275391617e+01
1.47865621769e+01
1.48060330723e+01
1.47721419375e+01
1.47848872938e+01
1.48346282385e+01
1.48957998651e+01
1.48032185296e+01
1.48479264250e+01
1.48170192334e+01
1.48497320078e+01
1.47718768573e+01
1.47941520872e+01
1.47910484052e+01
1.47964081418e+01
1.47853740564e+01
1.48122687474e+01
1.47566438721e+01
1.48525467170e+01
1.47710324705e+01
1.48023476749e+01
1.48025991583e+01
1.48110853669e+01
1.47420580877e+01
1.48404428278e+01
1.48356515178e+01
1.48176180194e+01
1.47977321872e+01
1.48004373235e+01
1.48076898952e+01
1.47943327298e+01
1.47906126187e+01
1.48702664398e+01
1.47467546145e+01
1.47581371093e+01
1.48712940648e+01
1.48138424003e+01
1.48163983207e+01
1.48630036157e+01
1.47473502239e+01
1.47731670302e+01
1.47848022603e+01
1.48210226171e+01
1.47568932663e+01
1.48082682898e+01
1.47383668171e+01
1.48441094659e+01
1.47908139944e+01
1.47926823233e+01
1.47840493905e+01
1.47984326054e+01
1.48481974488e+01
1.48211270085e+01
1.47724157821e+01
1.48216249637e+01
1.47835861922e+01
1.47945705852e+01
1.47778295229e+01
1.47922193715e+01
1.48164864977e+01
1.47716693263e+01
1.48421024130e+01
1.48415033373e+01
1.47818213437e+01
1.48162390371e+01
1.47665530920e+01
1.48112879131e+01
1.47920026788e+01
1.47826986581e+01
1.48262765406e+01
1.48610617596e+01
1.48612420166e+01
1.47607269757e+01
1.48628763051e+01
1.48551760625e+01
1.47788380457e+01
1.47929484867e+01
1.48184440280e+01
1.48398308084e+01
1.48333885728e+01
1.48265042040e+01
1.48130033792e+01
1.48714140523e+01
1.48271753925e+01
1.48531890301e+01
1.48457141796e+01
1.48311342870e+01
1.47830132932e+01
1.48455158989e+01
1.47753596040e+01
1.48163019744e+01
1.47475888358e+01
1.47772438202e+01
1.47701588046e+01
1.48303429270e+01
1.48065147750e+01
1.47786484371e+01
1.48086853254e+01
1.47793014618e+01
1.47890135305e+01
1.47574420337e+01
1.48325285313e+01
1.48078931166e+01
1.47976114006e+01
1.48263820931e+01
1.48249131004e+01
1.48121013624e+01
1.47871233280e+01
1.48566530947e+01
1.48038599133e+01
1.48098039035e+01
1.48003761380e+01
1.47105831490e+01
1.48180982144e+01
1.47812566209e+01
1.48423670929e+01
1.48208374050e+01
1.48048616744e+01
1.47726421765e+01
1.47417237565e+01
1.48415121834e+01
1.47498287124e+01
1.48642595998e+01
1.47638559462e+01
1.48295178834e+01
1.48052795140e+01
1.47732195704e+01
1.47794027739e+01
1.48088233585e+01
1.47586924853e+01
1.48370763304e+01
1.48307812692e+01
1.48240902828e+01
1.47557061366e+01
1.48944305577e+01
1.47878178039e+01
1.47658879486e+01
1.47831513676e+01
1.47876082708e+01
1.47525822526e+01
1.47564802136e+01
1.48478513881e+01
1.48655945262e+01
1.47990983187e+01
1.47939607529e+01
1.47488058519e+01
1.47872485661e+01
1.48048647740e+01
1.47656786642e+01
1.47848314157e+01
1.47931515962e+01
1.47563181539e+01
1.48113415149e+01
1.47793155563e+01
1.47700430363e+01
1.47957059984e+01
1.47737164401e+01
1.48130257850e+01
1.47730515364e+01
1.47805016319e+01
1.47707522477e+01
1.48112181665e+01
1.48272823291e+01
1.48018763567e+01
1.48618576579e+01
1.47916482698e+01
1.48292916269e+01
1.47917250781e+01
1.48272596605e+01
1.48412694629e+01
1.48080466363e+01
1.48321569160e+01
1.47885057284e+01
1.48497925035e+01
1.48238212652e+01
1.48374690248e+01
1.47943894441e+01
1.48022811493e+01
1.47738185629e+01
1.48128036352e+01
1.47880665806e+01
1.48249894121e+01
1.48010321544e+01
1.47145498419e+01
1.48112947843e+01
1.48246340322e+01
1.48246730506e+01
1.47744821696e+01
1.48268151408e+01
1.48151541203e+01
1.47630511181e+01
1.47899715450e+01
1.47600549863e+01
1.47711048883e+01
1.47441450153e+01
1.48774201159e+01
1.47931799356e+01
1.48021646794e+01
1.47777155872e+01
1.47829396204e+01
1.47542263257e+01
1.48665057895e+01
1.47865830576e+01
1.47714892001e+01
1.48488592725e+01
1.48316485450e+01
1.47528247646e+01
1.48215351042e+01
1.48270449724e+01
1.48115183939e+01
1.48532746992e+01
1.47530592032e+01
1.48438001522e+01
1.47783765389e+01
1.48240482729e+01
1.47617442857e+01
1.47221446928e+01
1.47893748305e+01
1.48062351189e+01
1.47621335882e+01
1.48565487656e+01
1.48460084971e+01
1.47455595929e+01
1.47872349031e+01
1.48419920617e+01
1.48081684548e+01
1.48035873224e+01
1.48104768809e+01
1.47601683455e+01
1.47929828801e+01
1.47581078242e+01
1.47585119656e+01
1.48475248012e+01
1.48481467507e+01
1.47903412480e+01
1.48519818575e+01
1.48025845936e+01
1.48550064937e+01
1.48596004811e+01
1.48263036539e+01
1.48067399331e+01
1.47946288002e+01
1.47662919662e+01
1.47621628269e+01
1.48299411933e+01
1.47801974793e+01
1.47638854971e+01
1.47729552041e+01
1.47667445306e+01
1.48181231275e+01
1.48255049571e+01
1.48043758609e+01
1.47906544790e+01
1.47968807660e+01
1.48210199145e+01
1.47615832378e+01
1.48222147745e+01
1.48200957604e+01
1.47389112798e+01
1.47207291758e+01
1.47984470239e+01
1.48658755987e+01
1.47360966868e+01
1.47721284830e+01
1.48300442772e+01
1.48822562415e+01
1.47253983322e+01
1.48710066870e+01
1.47759420791e+01
1.48488067847e+01
1.48829648808e+01
1.48435233102e+01
1.48258429984e+01
1.48465433798e+01
1.47348302225e+01
1.47879048911e+01
1.48683373427e+01
1.47763458464e+01
1.47386455236e+01
1.47791446209e+01
1.47680443143e+01
1.47901307816e+01
1.48572255185e+01
1.47791074885e+01
1.46972891733e+01
1.48281830881e+01
1.48166107164e+01
1.48417579363e+01
1.48028738952e+01
1.48252535391e+01
1.47961165813e+01
1.47249918222e+01
1.47606496212e+01
1.48408905611e+01
1.48084484774e+01
1.48604275790e+01
1.47924551752e+01
1.47868577698e+01
1.48375886828e+01
1.48107370263e+01
1.47992569217e+01
1.47830710484e+01
1.48654743315e+01
1.47699655462e+01
1.47759064539e+01
1.47824339569e+01
1.47276458661e+01
1.47986810102e+01
1.48410737145e+01
1.47688598211e+01
1.47835483820e+01
1.48861966651e+01
1.48095524136e+01
1.47454388422e+01
1.49162842009e+01
1.47213020901e+01
1.48295891355e+01
1.48065846172e+01
1.48075373891e+01
1.47769187351e+01
1.48067072078e+01
1.48127887188e+01
1.47513901408e+01
1.48267982440e+01
1.48497154028e+01
1.47597735834e+01
1.47774328219e+01
1.48572917179e+01
1.47496790066e+01
1.47374056414e+01
1.47761661833e+01
1.48214632596e+01
1.47891562649e+01
1.48020456921e+01
1.47367320228e+01
1.48654922668e+01
1.48745036086e+01
1.48181970484e+01
1.48122281163e+01
1.47440935874e+01
1.48560163288e+01
1.47275278526e+01
1.48534164331e+01
1.47708634464e+01
1.48041216358e+01
1.47955360836e+01
1.48045969197e+01
1.47867461770e+01
1.48130785939e+01
1.47545160197e+01
1.47940592281e+01
1.48019697386e+01
1.47088652298e+01
1.47985173877e+01
1.48690893276e+01
1.47998504061e+01
1.47967554520e+01
1.48120897217e+01
1.48331373095e+01
1.47851922181e+01
1.48029285717e+01
1.47821964288e+01
1.47177210745e+01
1.48533918001e+01
1.48319901162e+01
1.47174454034e+01
1.47336396477e+01
1.48263722282e+01
1.47841282791e+01
1.48048306535e+01
1.48173486963e+01
1.47828922604e+01
1.48376674892e+01
1.47613699603e+01
1.48072320002e+01
1.48085867168e+01
1.47818196274e+01
1.48219596227e+01
1.48178322585e+01
1.47503084506e+01
1.47249815933e+01
1.47957192074e+01
1.48357785546e+01
1.47850636477e+01
1.47595365903e+01
1.47712389701e+01
1.48283152615e+01
1.48171553035e+01
1.48063674423e+01
1.48426826254e+01
1.47743162513e+01
1.47559510109e+01
1.48190888641e+01
1.48580932993e+01
1.47278515405e+01
1.48723008187e+01
1.47929334650e+01
1.47957517969e+01
1.48311462905e+01
1.47988476201e+01
1.47499401515e+01
1.47958857851e+01
1.47732985057e+01
1.47331230307e+01
1.48260371651e+01
1.48192831522e+01
1.47538470546e+01
1.48391814280e+01
1.47479874366e+01
1.48049983407e+01
1.47561911996e+01
1.47822384373e+01
1.47702857747e+01
1.48105670157e+01
1.47713575948e+01
1.48358756686e+01
1.47946787943e+01
1.47978744965e+01
1.47807341020e+01
1.47830787919e+01
1.47426503635e+01
1.48074835857e+01
1.47935574560e+01
1.47736553361e+01
1.48104103998e+01
1.47953820200e+01
1.48791056826e+01
1.47847317857e+01
1.47248398282e+01
1.47711656930e+01
1.47533094929e+01
1.47752797309e+01
1.48365865844e+01
1.48254886998e+01
1.47884225595e+01
1.48010264278e+01