-2.90567480370e+00
-2.91156623804e+00
-2.89425170982e+00
-2.91493588585e+00
-2.90650447728e+00
-2.90594565225e+00
-2.90262042495e+00
-2.92340649618e+00
-2.91281326571e+00
-2.91597715072e+00
-2.91657624518e+00
-2.92013367185e+00
-2.90386701702e+00
-2.90648227899e+00
-2.90076114736e+00
-2.92287835932e+00
-2.89997207695e+00
-2.91533875467e+00
-2.91704697268e+00
-2.91348296486e+00
-2.90196919520e+00
-2.90793249026e+00
-2.89265155716e+00
-2.90126128454e+00
-2.89828475317e+00
-2.90029424408e+00
-2.91519479744e+00
-2.92078364548e+00
-2.91335772435e+00
-2.90574440141e+00
-2.90700124002e+00
-2.91057427491e+00
-2.89282822177e+00
-2.89996017492e+00
-2.89527730365e+00
-2.90524724399e+00
-2.91849538248e+00
-2.90666762667e+00
-2.90193206865e+00
-2.91123068019e+00
-2.91021569649e+00
-2.91840118737e+00
-2.92481468634e+00
-2.89689926950e+00
-2.90026000240e+00
-2.90478493609e+00
-2.92820323581e+00
-2.90080730798e+00
-2.90974787946e+00
-2.90558025088e+00
-2.89371698254e+00
-2.91856024170e+00
-2.90357511640e+00
-2.90991248786e+00
-2.90646514542e+00
-2.92297611910e+00
-2.89738292445e+00
-2.91730512497e+00
-2.90977611203e+00
-2.91190662775e+00
-2.89897530572e+00
-2.92496794167e+00
-2.91551236862e+00
-2.91372295062e+00
-2.91453135069e+00
-2.91103429866e+00
-2.90349691946e+00
-2.91781002637e+00
-2.89867060947e+00
-2.91093717093e+00
-2.90864652142e+00
-2.90643087702e+00
-2.92283290293e+00
-2.90666602914e+00
-2.89867055958e+00
-2.90566892188e+00
-2.90711637426e+00
-2.90556087213e+00
-2.90298235298e+00
-2.89946443861e+00
-2.91752682149e+00
-2.90890688974e+00
-2.90222970211e+00
-2.90518562677e+00
-2.91033748559e+00
-2.91044304624e+00
-2.90793604899e+00
-2.90568122550e+00
-2.90100851266e+00
-2.91834400502e+00
-2.90938160685e+00
-2.90787639617e+00
-2.90066035341e+00
-2.91668186674e+00
-2.90924564776e+00
-2.90448898719e+00
-2.91068225904e+00
-2.89988323898e+00
-2.91163428115e+00
-2.92582542749e+00
-2.91326678728e+00
-2.90693987030e+00
-2.91109076280e+00
-2.89994242326e+00
-2.89040864970e+00
-2.90761578717e+00
-2.91487959731e+00
-2.90267291526e+00
-2.90511468524e+00
-2.91291822871e+00
-2.91201263851e+00
-2.89914369887e+00
-2.90882383594e+00
-2.92087682699e+00
-2.91229862134e+00
-2.90896368499e+00
-2.90256296460e+00
-2.90178020150e+00
-2.91907849554e+00
-2.91320024780e+00
-2.91092641029e+00
-2.90101782597e+00
-2.89601736149e+00
-2.92100946267e+00
-2.91433726797e+00
-2.92253950094e+00
-2.89856891390e+00
-2.92204964452e+00
-2.90427824049e+00
-2.90719515694e+00
-2.90420620653e+00
-2.90854175105e+00
-2.91717713891e+00
-2.91610863775e+00
-2.91403764071e+00
-2.90887657307e+00
-2.89975106131e+00
-2.90730969214e+00
-2.90508818202e+00
-2.90703100611e+00
-2.90733714234e+00
-2.90685569825e+00
-2.90570420409e+00
-2.90159275676e+00
-2.89795865271e+00
-2.89875543195e+00
-2.92458509495e+00
-2.90710204286e+00
-2.89636099327e+00
-2.92223127465e+00
-2.90969926008e+00
-2.91734181946e+00
-2.91859163646e+00
-2.92106509788e+00
-2.90251456162e+00
-2.91795388012e+00
-2.91123645638e+00
-2.91405521824e+00
-2.91631877750e+00
-2.90983414727e+00
-2.89541956518e+00
-2.90896313570e+00
-2.90773468387e+00
-2.91858646676e+00
-2.90562057189e+00
-2.91578677034e+00
-2.90746311894e+00
-2.90416152920e+00
-2.91050011068e+00
-2.91286812827e+00
-2.91305082042e+00
-2.90024151067e+00
-2.90452964295e+00
-2.90824585548e+00
-2.92491482787e+00
-2.91485096474e+00
-2.90638496556e+00
-2.91035327293e+00
-2.91290809697e+00
-2.90821695720e+00
-2.90089840055e+00
-2.90093360163e+00
-2.89602000245e+00
-2.91467022084e+00
-2.90400271411e+00
-2.89840676565e+00
-2.89338428514e+00
-2.89587416867e+00
-2.91042770533e+00
-2.90766615170e+00
-2.90258437560e+00
-2.91302031762e+00
-2.91441790823e+00
-2.89866209033e+00
-2.91505848087e+00
-2.91978587336e+00
-2.90559544802e+00
-2.90840502360e+00
-2.90756385770e+00
-2.91198364518e+00
-2.91351032769e+00
-2.92303024750e+00
-2.90941365946e+00
-2.88756729195e+00
-2.90538157246e+00
-2.91186196573e+00
-2.90369329181e+00
-2.87783677659e+00
-2.91931443190e+00
-2.92483908239e+00
-2.89612235975e+00
-2.90779562053e+00
-2.90138695584e+00
-2.91211456143e+00
-2.90955994462e+00
-2.90213337091e+00
-2.90747095152e+00
-2.91927346781e+00
-2.90449110305e+00
-2.90186913670e+00
-2.90143831312e+00
-2.91396938116e+00
-2.90683084516e+00
-2.90814435658e+00
-2.91384522767e+00
-2.91670363257e+00
-2.90643188651e+00
-2.91006826676e+00
-2.90060263393e+00
-2.90910402080e+00
-2.90863518570e+00
-2.91650778714e+00
-2.89892469850e+00
-2.89888924071e+00
-2.91375285704e+00
-2.91108699756e+00
-2.91086142268e+00
-2.89568061815e+00
-2.90254102551e+00
-2.91322939891e+00
-2.92676297359e+00
-2.90173456927e+00
-2.90784721599e+00
-2.90783589373e+00
-2.90007847076e+00
-2.91090961700e+00
-2.91428600055e+00
-2.91435171408e+00
-2.90374211187e+00
-2.92244324662e+00
-2.91456059809e+00
-2.91112313669e+00
-2.91325463058e+00
-2.90109369244e+00
-2.91909918346e+00
-2.90995307454e+00
-2.89977191754e+00
-2.91998997837e+00
-2.89787791002e+00
-2.89966049520e+00
-2.90256823646e+00
-2.89912688679e+00
-2.91361943073e+00
-2.91062741491e+00
-2.90940559923e+00
-2.90917517899e+00
-2.90166002644e+00
-2.90602873430e+00
-2.92843036614e+00
-2.91959790369e+00
-2.90627128680e+00
-2.91134019154e+00
-2.90192509383e+00
-2.91314189908e+00
-2.90561681150e+00
-2.91022578942e+00
-2.90277583887e+00
-2.91131752971e+00
-2.91878814365e+00
-2.90260461109e+00
-2.90786044736e+00
-2.92099899425e+00
-2.90518921108e+00
-2.90608622610e+00
-2.91968224305e+00
-2.90173931999e+00
-2.90261223516e+00
-2.92034168616e+00
-2.90114419420e+00
-2.91546345752e+00
-2.91003020159e+00
-2.91727365823e+00
-2.90448899676e+00
-2.90747181642e+00
-2.90608546908e+00
-2.92333076704e+00
-2.89995744433e+00
-2.90661149215e+00
-2.90224755267e+00
-2.90872354855e+00
-2.89894680291e+00
-2.91016195305e+00
-2.91818302624e+00
-2.91570938698e+00
-2.91534469248e+00
-2.90631745278e+00
-2.91378293267e+00
-2.90967171070e+00
-2.90895642166e+00
-2.90752034583e+00
-2.90933405502e+00
-2.92456036312e+00
-2.90658717195e+00
-2.90173891156e+00
-2.90372685809e+00
-2.90799262537e+00
-2.91525017061e+00
-2.91405803680e+00
-2.91266000438e+00
-2.89773270604e+00
-2.91523394929e+00
-2.91370397681e+00
-2.91508308267e+00
-2.90214792573e+00
-2.91496783537e+00
-2.91157393563e+00
-2.91918454418e+00
-2.89131090890e+00
-2.90145564646e+00
-2.91496573360e+00
-2.91584801767e+00
-2.90686959091e+00
-2.92234211287e+00
-2.91111718578e+00
-2.91436205330e+00
-2.91771322518e+00
-2.90877083839e+00
-2.90298811023e+00
-2.91294130501e+00
-2.92111503863e+00
-2.91572223788e+00
-2.91760369734e+00
-2.89697647041e+00
-2.90002485504e+00
-2.89379321300e+00
-2.90437097822e+00
-2.90111057734e+00
-2.89823470734e+00
-2.91157722202e+00
-2.90768773590e+00
-2.90510148290e+00
-2.89617829400e+00
-2.92424406408e+00
-2.92243773667e+00
-2.92218842416e+00
-2.90840858939e+00
-2.89274639378e+00
-2.91322126275e+00
-2.91807754782e+00
-2.91745672267e+00
-2.90626185655e+00
-2.90238439772e+00
-2.91740361004e+00
-2.90992454042e+00
-2.90912193589e+00
-2.91045750168e+00
-2.89887503815e+00
-2.90955337084e+00
-2.92268599199e+00
-2.90897584579e+00
-2.91266214301e+00
-2.90132857955e+00
-2.90786316442e+00
-2.90737989790e+00
-2.90437597017e+00
-2.90799107016e+00
-2.90741742717e+00
-2.91129179960e+00
-2.91708301721e+00
-2.91054930541e+00
-2.90340743334e+00
-2.90233793736e+00
-2.91711767219e+00
-2.90968946539e+00
-2.91388106139e+00
-2.91151508086e+00
-2.91236466429e+00
-2.90684060474e+00
-2.91733036340e+00
-2.91462355443e+00
-2.88460253972e+00
-2.92030821005e+00
-2.89959768746e+00
-2.91676205857e+00
-2.89882739314e+00
-2.90129505247e+00
-2.90576107680e+00
-2.91572322412e+00
-2.91721362408e+00
-2.90634713174e+00
-2.89306219963e+00
-2.90567211244e+00
-2.92877646894e+00
-2.89617874959e+00
-2.90866560247e+00
-2.91467745322e+00
-2.92680189550e+00
-2.89975698585e+00
-2.88804519056e+00
-2.90991093217e+00
-2.90036668969e+00
-2.92616795562e+00
-2.91608559831e+00
-2.90492253317e+00
-2.90175414102e+00
-2.91301860663e+00
-2.91036579122e+00
-2.90480814634e+00
-2.90106746434e+00
-2.92012015675e+00
-2.90308711016e+00
-2.89628115515e+00
-2.91550013418e+00
-2.91297238796e+00
-2.92198765274e+00
-2.91727683293e+00
-2.91744403303e+00
-2.91294299791e+00
-2.91297951680e+00
-2.92119181107e+00
-2.91007821105e+00
-2.90590940029e+00
-2.91161565819e+00
-2.91229606407e+00
-2.90596633102e+00
-2.90715595693e+00
-2.93942661374e+00
-2.91700446392e+00
-2.92552821817e+00
-2.91031746180e+00
-2.91621499652e+00
-2.91725424433e+00
-2.89932407448e+00
-2.90416471828e+00
-2.91316917706e+00
-2.91616687509e+00
-2.90830378190e+00
-2.91259612726e+00
-2.90447857264e+00
-2.89478205128e+00
-2.90185869453e+00
-2.91264516508e+00
-2.90711728159e+00
-2.89870621174e+00
-2.90989062715e+00
-2.89290987844e+00
-2.91996037779e+00
-2.91940590701e+00
-2.91251827318e+00
-2.90446630682e+00
-2.93059928550e+00
-2.91446073491e+00
-2.90208079941e+00
-2.90759836907e+00
-2.91264236811e+00
-2.89922349729e+00
-2.91943761463e+00
-2.90310434063e+00
-2.89989060799e+00
-2.90743268242e+00
-2.90801653804e+00
-2.92161067061e+00
-2.90342076604e+00
-2.90746924010e+00
-2.91364702879e+00
-2.90603182091e+00
-2.91361496681e+00
-2.92241411532e+00
-2.91359008058e+00
-2.89824018120e+00
-2.89754095562e+00
-2.90809588408e+00
-2.90344540692e+00
-2.89673107313e+00
-2.90840577832e+00
-2.90727070216e+00
-2.90188270611e+00
-2.90399413328e+00
-2.91193214820e+00
-2.90776521912e+00
-2.89483577106e+00
-2.89443184771e+00
-2.90608046683e+00
-2.91046997657e+00
-2.89743321329e+00
-2.91493551213e+00
-2.91137079293e+00
-2.90946855677e+00
-2.90729912811e+00
-2.91969142648e+00
-2.90805111263e+00