3.11196757212e+00
3.10066983381e+00
3.09361125477e+00
3.11431857344e+00
3.09931693517e+00
3.10817244136e+00
3.10251723228e+00
3.10045267848e+00
3.11265417529e+00
3.11235182349e+00
3.09527342474e+00
3.11458134168e+00
3.10076779323e+00
3.10850105890e+00
3.09375759484e+00
3.10274589139e+00
3.10800704658e+00
3.10689378060e+00
3.10591910527e+00
3.10640669614e+00
3.10697698273e+00
3.09994187661e+00
3.09895996556e+00
3.09527921007e+00
3.10976406384e+00
3.09702933314e+00
3.10756217068e+00
3.11935224013e+00
3.09802944655e+00
3.09858515117e+00
3.10502864343e+00
3.10629804586e+00
3.10671765441e+00
3.09024110608e+00
3.09380720294e+00
3.11461315406e+00
3.10743203252e+00
3.08991067089e+00
3.09960775825e+00
3.10050152120e+00
3.10016626972e+00
3.09671790019e+00
3.09489858966e+00
3.09892093741e+00
3.10458560313e+00
3.10493123962e+00
3.11271619472e+00
3.10320678213e+00
3.11454288445e+00
3.09107285154e+00
3.10371013180e+00
3.11245247451e+00
3.10361023575e+00
3.11241723881e+00
3.10607829661e+00
3.10185102916e+00
3.09601434827e+00
3.10625535896e+00
3.10387780046e+00
3.10505819756e+00
3.09344213555e+00
3.10296569889e+00
3.10288808856e+00
3.10954967145e+00
3.10722960838e+00
3.09424289223e+00
3.10780066082e+00
3.10788125892e+00
3.08551604164e+00
3.09645332852e+00
3.11074605605e+00
3.10426144023e+00
3.10547370554e+00
3.09119363255e+00
3.09278845508e+00
3.10767872330e+00
3.10883857155e+00
3.09808294676e+00
3.11716103055e+00
3.09422260465e+00
3.09839784513e+00
3.09629951650e+00
3.09581005863e+00
3.10378963059e+00
3.08324352693e+00
3.10159730930e+00
3.10167482522e+00
3.11227709716e+00
3.10374325929e+00
3.11122982780e+00
3.11237254226e+00
3.10141851440e+00
3.11158723517e+00
3.11635821932e+00
3.10319075928e+00
3.10677636670e+00
3.11815274754e+00
3.08986920991e+00
3.10933103576e+00
3.10652773388e+00
3.10636329701e+00
3.10025199038e+00
3.10374551236e+00
3.08074711205e+00
3.10162240453e+00
3.10387690297e+00
3.10006553306e+00
3.09747730097e+00
3.10180379578e+00
3.10272266044e+00
3.10768633383e+00
3.10208575066e+00
3.11217261933e+00
3.10906977628e+00
3.09852897520e+00
3.10762752610e+00
3.09915383228e+00
3.11338118482e+00
3.10721977278e+00
3.09827514039e+00
3.10923005940e+00
3.10182609220e+00
3.08652305968e+00
3.11073590597e+00
3.09750641631e+00
3.11773002655e+00
3.09732042556e+00
3.11103255818e+00
3.10532624438e+00
3.10770643726e+00
3.08469025320e+00
3.10940838458e+00
3.10201435059e+00
3.10783944388e+00
3.11943064487e+00
3.11322830908e+00
3.10146863035e+00
3.09163792873e+00
3.08809168182e+00
3.10487912640e+00
3.11704131409e+00
3.10795983262e+00
3.10354650340e+00
3.09870386722e+00
3.10828135812e+00
3.10492278509e+00
3.10302768335e+00
3.10056239202e+00
3.08534381980e+00
3.10678919898e+00
3.10631214947e+00
3.10379749282e+00
3.11046307373e+00
3.10535428342e+00
3.10278409105e+00
3.10412166079e+00
3.08860510633e+00
3.11301284026e+00
3.10000147158e+00
3.10677878730e+00
3.10084777796e+00
3.10016728753e+00
3.10424207636e+00
3.10662811406e+00
3.09028452046e+00
3.11109372874e+00
3.10490641523e+00
3.10909891454e+00
3.11317799221e+00
3.10318709790e+00
3.11116358119e+00
3.09455178698e+00
3.09607286635e+00
3.10274797999e+00
3.11666583809e+00
3.10510560955e+00
3.10252724341e+00
3.10774849518e+00
3.10278151231e+00
3.10654978971e+00
3.08425790436e+00
3.08892558352e+00
3.10357178035e+00
3.10575508639e+00
3.08392868106e+00
3.09726098331e+00
3.09677733714e+00
3.08853400160e+00
3.09731095819e+00
3.10656258636e+00
3.10745029454e+00
3.10200676886e+00
3.09644689158e+00
3.09230332631e+00
3.10395355705e+00
3.11152361698e+00
3.10373790639e+00
3.10291335087e+00
3.09660624590e+00
3.10287362858e+00
3.10365717289e+00
3.11141803926e+00
3.08960329093e+00
3.08848451263e+00
3.09885361431e+00
3.08742931714e+00
3.10247862360e+00
3.08566745055e+00
3.10211613570e+00
3.11238424656e+00
3.10608550752e+00
3.11555148177e+00
3.09430296474e+00
3.09558982533e+00
3.09053986577e+00
3.09299562460e+00
3.09742890946e+00
3.10362615062e+00
3.10208004520e+00
3.09443517665e+00
3.10299073424e+00
3.11002585034e+00
3.10093763864e+00
3.10730885264e+00
3.11549548896e+00
3.11231256398e+00
3.09114305016e+00
3.10811648698e+00
3.09235443990e+00
3.10116122340e+00
3.10022497465e+00
3.09762952132e+00
3.10527458498e+00
3.08697281841e+00
3.10244826551e+00
3.11777248401e+00
3.09493844822e+00
3.11763822549e+00
3.09999005362e+00
3.10371012153e+00
3.11109553642e+00
3.09841861022e+00
3.11294985090e+00
3.10069860585e+00
3.10144337650e+00
3.11919264600e+00
3.10380399352e+00
3.10156907362e+00
3.09215914031e+00
3.11665032145e+00
3.11267123344e+00
3.09844323807e+00
3.10535804377e+00
3.10124642747e+00
3.10582111347e+00
3.10535585461e+00
3.10991276559e+00
3.11497869020e+00
3.10966874639e+00
3.10412945328e+00
3.10718124761e+00
3.09689378653e+00
3.11034378622e+00
3.11481373586e+00
3.09960032323e+00
3.10208416861e+00
3.09743445761e+00
3.11575913713e+00
3.10721752852e+00
3.10780029484e+00
3.09790222730e+00
3.09876902261e+00
3.10356052349e+00
3.11093971555e+00
3.10365833380e+00
3.10310605873e+00
3.09543388987e+00
3.11267176735e+00
3.11887648107e+00
3.10112338926e+00
3.11877656103e+00
3.11454015170e+00
3.09165187651e+00
3.10670193200e+00
3.11220729725e+00
3.09439822155e+00
3.09391865978e+00
3.10704520333e+00
3.09540974305e+00
3.09838052906e+00
3.10237212331e+00
3.10946584923e+00
3.11213770948e+00
3.10974271519e+00
3.10471172760e+00
3.11561737272e+00
3.09287552594e+00
3.10550121473e+00
3.08818010877e+00
3.10793886507e+00
3.09758155610e+00
3.12054696506e+00
3.11270489344e+00
3.10346802709e+00
3.11546185510e+00
3.11475986391e+00
3.11038311955e+00
3.10086447934e+00
3.10666147547e+00
3.09625499768e+00
3.12541255701e+00
3.11357109987e+00
3.09908686125e+00
3.09571802098e+00
3.10854141558e+00
3.10015720392e+00
3.08476477085e+00
3.09513795768e+00
3.10010516103e+00
3.10133233253e+00
3.10275099873e+00
3.10728781356e+00
3.09413481192e+00
3.10597182829e+00
3.11524380962e+00
3.10630759875e+00
3.11246009630e+00
3.09217661694e+00
3.09644655631e+00
3.10170681482e+00
3.10539007130e+00
3.09727985724e+00
3.11557715302e+00
3.10477897258e+00
3.11339599298e+00
3.09115168639e+00
3.10761355157e+00
3.09853809161e+00
3.09569628434e+00
3.09151924640e+00
3.10498091976e+00
3.10183704171e+00
3.09470499899e+00
3.10875890229e+00
3.09064226874e+00
3.09388212801e+00
3.10999329961e+00
3.10088078654e+00
3.09504777193e+00
3.10561684734e+00
3.09416141333e+00
3.09965410408e+00
3.11688214619e+00
3.11500272517e+00
3.10413973687e+00
3.10748531155e+00
3.10839624726e+00
3.10397654774e+00
3.12369441242e+00
3.11312786360e+00
3.09887429937e+00
3.10548793717e+00
3.10626931678e+00
3.10919156867e+00
3.10980031060e+00
3.10743649601e+00
3.10211058527e+00
3.10846417265e+00
3.09097998234e+00
3.10732525524e+00
3.10394947467e+00
3.10686893273e+00
3.10778235859e+00
3.11220258549e+00
3.10234291211e+00
3.10865984787e+00
3.10544884767e+00
3.10391916197e+00
3.11610320674e+00
3.09700873372e+00
3.09923937145e+00
3.11533747756e+00
3.10344087449e+00
3.10668333908e+00
3.09200996878e+00
3.11366233858e+00
3.10626482794e+00
3.09543566373e+00
3.09456950582e+00
3.10528773593e+00
3.09065170027e+00
3.10769334271e+00
3.10771067952e+00
3.11168970649e+00
3.10765699683e+00
3.10306772846e+00
3.10148900171e+00
3.12269733464e+00
3.09106626900e+00
3.08856591021e+00
3.08689880749e+00
3.10057984967e+00
3.10953798192e+00
3.09809556011e+00
3.10532531466e+00
3.10554038665e+00
3.11128935066e+00
3.10608205850e+00
3.10189298286e+00
3.11347976952e+00
3.09382835555e+00
3.11989857431e+00
3.11038584486e+00
3.10007664029e+00
3.08880916346e+00
3.11058676900e+00
3.10225337037e+00
3.09239958578e+00
3.10047893282e+00
3.11193069883e+00
3.10353876772e+00
3.10513219517e+00
3.09954427031e+00
3.09212194160e+00
3.10477532786e+00
3.11089588502e+00
3.10679476471e+00
3.11458066885e+00
3.12605444768e+00
3.10605841390e+00
3.10420817705e+00
3.09661621111e+00
3.09113173223e+00
3.10853409907e+00
3.11114447931e+00
3.09960390582e+00
3.10848657006e+00
3.09994165862e+00
3.10411724089e+00
3.10580979879e+00
3.10623439260e+00
3.10325881805e+00
3.10330726092e+00
3.10717135834e+00
3.11258397839e+00
3.11469132139e+00
3.10813098829e+00
3.11394137840e+00
3.10183629808e+00
3.09893014705e+00
3.10044848480e+00
3.11800588596e+00
3.10465383883e+00
3.09395545430e+00
3.09635750603e+00
3.10477659131e+00
3.10771743877e+00
3.08958282842e+00
3.10270714169e+00
3.10324698353e+00
3.12386721827e+00
3.09777256961e+00
3.10061293776e+00
3.10329775765e+00
3.10653389232e+00
3.11203425424e+00
3.09715722331e+00
3.10264317126e+00
3.10885140182e+00
3.11797264791e+00
3.09076415186e+00
3.11470681519e+00
3.09819341423e+00
3.11118100236e+00
3.09598918485e+00
3.10751825303e+00
3.10630373726e+00
3.09959179451e+00
3.11423102774e+00
3.09956439658e+00
3.10833428750e+00
3.08736096620e+00
3.10430281728e+00
3.09775781839e+00
3.10547162467e+00
3.10728198827e+00
3.09652533470e+00
3.10245143066e+00
3.10878709747e+00
3.11190079895e+00
3.09814415047e+00
3.09351156191e+00
3.11040678732e+00
3.09450208716e+00
3.09849050768e+00
3.11203071033e+00
3.10500415773e+00
3.11156432145e+00
3.10718190648e+00
3.11042870406e+00
3.10347439808e+00