-1.31082619916e+00
-1.47115563014e+00
-1.21195053614e+00
-1.26045218114e+00
-1.45006171770e+00
-1.46819179615e+00
-1.39399390761e+00
-1.31392502405e+00
-1.46981518468e+00
-1.39847200773e+00
-1.40210023148e+00
-1.42669540375e+00
-1.48036149824e+00
-1.53065160261e+00
-1.18351497102e+00
-1.49048655275e+00
-1.44754302530e+00
-1.56273072228e+00
-1.41349469486e+00
-1.52755640864e+00
-1.46399633071e+00
-1.41902264786e+00
-1.56325141495e+00
-1.57239776101e+00
-1.46810755216e+00
-1.40805571248e+00
-1.60049790102e+00
-1.41121634207e+00
-1.67036745295e+00
-1.39865116486e+00
-1.27824000150e+00
-1.32509126770e+00
-1.27400543221e+00
-1.51883510059e+00
-1.51758922216e+00
-1.57604456142e+00
-1.30463350978e+00
-1.33872819316e+00
-1.28231154830e+00
-1.55158795369e+00
-1.46163112696e+00
-1.40564912463e+00
-1.33777024282e+00
-1.24712885003e+00
-1.14113382315e+00
-1.42386222780e+00
-1.53250117872e+00
-1.39535513448e+00
-1.45913226966e+00
-1.37508927182e+00
-1.46513373100e+00
-1.35677719713e+00
-1.48154664725e+00
-1.34961084727e+00
-1.44126745690e+00
-1.70822605924e+00
-1.37270467223e+00
-1.53853903297e+00
-1.41929557031e+00
-1.51660970486e+00
-1.44213129058e+00
-1.49816960556e+00
-1.47866129491e+00
-1.39660415165e+00
-1.71581047532e+00
-1.70664172264e+00
-1.35424121160e+00
-1.31971384830e+00
-1.53164328342e+00
-1.40977835954e+00
-1.44139025997e+00
-1.42249110229e+00
-1.62636033925e+00
-1.40484227799e+00
-1.23377711776e+00
-1.31613053343e+00
-1.42787272856e+00
-1.37338691270e+00
-1.34389068189e+00
-1.76231543535e+00
-1.12234389178e+00
-1.16055573942e+00
-1.41737799652e+00
-1.42919379753e+00
-1.58111311655e+00
-1.51149626044e+00
-1.47929507810e+00
-1.35962536834e+00
-1.39906925196e+00
-1.69629737410e+00
-1.16679322298e+00
-1.54261428013e+00
-1.36156085521e+00
-1.44058234935e+00
-1.29482845243e+00
-1.16911198778e+00
-1.29525035865e+00
-1.72347128413e+00
-1.37391684737e+00
-1.48296431229e+00
-1.29633016877e+00
-1.61663954482e+00
-1.45724452156e+00
-1.40506810564e+00
-1.51796811436e+00
-1.44293302479e+00
-1.56612565105e+00
-1.45189060811e+00
-1.61733945668e+00
-1.83340174849e+00
-1.29394337673e+00
-1.44975946945e+00
-1.13203627116e+00
-1.54624556742e+00
-1.56108769854e+00
-1.46488386304e+00
-1.48330542560e+00
-1.47775058334e+00
-1.24070590308e+00
-1.35657825390e+00
-1.54752868669e+00
-1.36174504710e+00
-1.31010736401e+00
-1.29838207418e+00
-1.45138774108e+00
-1.42991523156e+00
-1.79321998512e+00
-1.51580380398e+00
-1.19604236413e+00
-1.47619206196e+00
-1.42239767846e+00
-1.54248677633e+00
-1.54136498832e+00
-1.22673493056e+00
-1.47894557972e+00
-1.39364741070e+00
-1.43891636407e+00
-1.44744174038e+00
-1.33534874504e+00
-1.49387093387e+00
-1.41243847597e+00
-1.50594018010e+00
-1.32875815082e+00
-1.48662914127e+00
-1.38660561059e+00
-1.42312665324e+00
-1.19935725415e+00
-1.32329602228e+00
-1.25556445341e+00
-1.32213189422e+00
-1.36582270063e+00
-1.53379164816e+00
-1.49869833380e+00
-1.21470071304e+00
-1.26141999031e+00
-1.02920631854e+00
-1.33984557241e+00
-1.53254429347e+00
-1.29635488479e+00
-1.35870942541e+00
-1.47114887453e+00
-1.30179952402e+00
-1.38884361668e+00
-1.56597764268e+00
-1.51382335496e+00
-1.42198192026e+00
-1.33654678203e+00
-1.24339120718e+00
-1.33152603577e+00
-1.34024284938e+00
-1.31387891329e+00
-1.29465666740e+00
-1.43444622007e+00
-1.26288350189e+00
-1.38193896739e+00
-1.49875542165e+00
-1.24237340107e+00
-1.48386564039e+00
-1.32032328381e+00
-1.46356145277e+00
-1.44154450982e+00
-1.44758483099e+00
-1.56636419893e+00
-1.53158570730e+00
-1.28804187617e+00
-1.41223445670e+00
-1.43399499774e+00
-1.26120883290e+00
-9.55996522643e-01
-1.59556648169e+00
-1.32596011501e+00
-1.43517917983e+00
-1.50063607281e+00
-1.39278169578e+00
-1.21678302525e+00
-1.46721392403e+00
-1.40003607584e+00
-1.35779253482e+00
-1.35697073481e+00
-1.45800910877e+00
-1.27389236151e+00
-1.40533150876e+00
-1.32090935005e+00
-1.74138305141e+00
-1.33169535234e+00
-1.29911691978e+00
-1.32098031795e+00
-1.46035797289e+00
-1.69425339984e+00
-1.30817740224e+00
-1.62829769924e+00
-1.40039146281e+00
-1.45082064773e+00
-1.31872506489e+00
-1.47490484330e+00
-1.36654154254e+00
-1.30987112353e+00
-1.31858873901e+00
-1.44412130402e+00
-1.40865768722e+00
-1.55394442222e+00
-1.11524711211e+00
-1.39082392525e+00
-1.17435074501e+00
-1.17495934814e+00
-1.27162911685e+00
-1.43682535733e+00
-1.50696002743e+00
-1.20177235552e+00
-1.34268106809e+00
-1.40471305649e+00
-1.50167889434e+00
-1.62313183364e+00
-1.53611177891e+00
-1.23316304380e+00
-1.31125554945e+00
-1.55866122504e+00
-1.34162624362e+00
-1.51406340499e+00
-1.49932596122e+00
-1.48025207677e+00
-1.45268696691e+00
-1.49064437128e+00
-1.39571274271e+00
-1.61325359011e+00
-1.28450336763e+00
-1.45499415367e+00
-1.47564819863e+00
-1.49253869345e+00
-1.17243913899e+00
-1.16977755414e+00
-1.30883830502e+00
-1.32245488236e+00
-1.38242828298e+00
-1.39739950793e+00
-1.57224717441e+00
-1.43665025391e+00
-1.37542183383e+00
-1.43856816184e+00
-1.47845309702e+00
-1.46011470238e+00
-1.50795746701e+00
-1.30685940310e+00
-1.36170680977e+00
-1.51613712144e+00
-1.65109244353e+00
-1.34373684023e+00
-1.54948679871e+00
-1.46874152967e+00
-1.58444756005e+00
-1.40239506199e+00
-1.15085453057e+00
-1.55087596548e+00
-1.48706924153e+00
-1.19624733730e+00
-1.31979128687e+00
-1.47721986453e+00
-1.24509843609e+00
-1.36637747320e+00
-1.45041954323e+00
-1.43630578870e+00
-1.39850789755e+00
-1.34623865465e+00
-1.36698446054e+00
-1.42516241754e+00
-1.54349380254e+00
-1.39758056677e+00
-1.49201444106e+00
-1.37540654371e+00
-1.48671021136e+00
-1.53041467113e+00
-1.54548884369e+00
-1.50772019404e+00
-1.73306141379e+00
-1.38646949366e+00
-1.13933405652e+00
-1.52428201679e+00
-1.37045387555e+00
-1.29998175028e+00
-1.61710190203e+00
-1.36466143762e+00
-1.43908324942e+00
-1.25761847561e+00
-1.42324841482e+00
-1.28940717284e+00
-1.22704809745e+00
-1.32178673947e+00
-1.46603464666e+00
-1.80465152474e+00
-1.34298275981e+00
-1.55906038417e+00
-1.14569777168e+00
-1.55293480103e+00
-1.08876517987e+00
-1.39415997645e+00
-1.28319575872e+00
-1.36630118513e+00
-1.30973272660e+00
-1.44114432513e+00
-1.45847141093e+00
-1.50990828274e+00
-1.59866403915e+00
-1.52111065785e+00
-1.54428976002e+00
-1.57047983549e+00
-1.22738656341e+00
-1.33680999880e+00
-1.28272413566e+00
-1.49752126180e+00
-1.37161449521e+00
-1.34644508627e+00
-1.47053860812e+00
-1.81195132565e+00
-1.22706836200e+00
-1.27949503026e+00
-1.29540400106e+00
-1.43264772303e+00
-1.44278762216e+00
-1.41737683240e+00
-1.53752901394e+00
-1.46573422098e+00
-1.28763151194e+00
-1.65594543098e+00
-1.47780162215e+00
-1.31240735327e+00
-1.05865280576e+00
-1.43301921945e+00
-1.48110369092e+00
-1.41864137458e+00
-1.38533971526e+00
-1.53841423187e+00
-1.42230432962e+00
-1.36315539002e+00
-1.35809577475e+00
-1.71947490411e+00
-1.55067369257e+00
-1.44405888946e+00
-1.65144430060e+00
-1.50939851980e+00
-1.68153176843e+00
-1.30245655350e+00
-1.51282763124e+00
-1.64074538342e+00
-1.32420791225e+00
-1.29462301348e+00
-1.08119330142e+00
-1.39323146262e+00
-1.53369390259e+00
-1.28495445417e+00
-1.86913948751e+00
-1.52666099390e+00
-1.12847142123e+00
-1.49658687709e+00
-1.42174567609e+00
-1.19862811011e+00
-1.43500894348e+00
-1.54011530413e+00
-1.32658209817e+00
-1.35950147313e+00
-1.35357790276e+00
-1.52305708876e+00
-1.66092086955e+00
-1.29637671272e+00
-1.46544062406e+00
-1.39500984144e+00
-1.61136792625e+00
-1.32264345324e+00
-1.45556711029e+00
-1.26766595187e+00
-1.35012239031e+00
-1.72732362345e+00
-1.40838098605e+00
-1.35494676075e+00
-1.29515256903e+00
-1.47296741116e+00
-1.23294280979e+00
-1.33352434479e+00
-1.39384937761e+00
-1.60724650698e+00
-1.67385394230e+00
-1.38551391174e+00
-1.13324866911e+00
-1.21538675196e+00
-1.35759273109e+00
-1.24877261549e+00
-1.52866611424e+00
-1.34154472075e+00
-1.44073557727e+00
-1.44414038042e+00
-1.68838842200e+00
-1.46685753801e+00
-1.14331131560e+00
-1.37428063234e+00
-1.66302767217e+00
-1.41546359004e+00
-1.54822938448e+00
-1.49942261866e+00
-1.37540547228e+00
-1.42646391513e+00
-1.23296466979e+00
-1.40887104650e+00
-1.42722050632e+00
-1.47291964544e+00
-1.50745504128e+00
-1.49562376688e+00
-1.41136228787e+00
-1.42215639405e+00
-1.52418723120e+00
-1.61528663795e+00
-1.38839354319e+00
-1.17857338910e+00
-1.24804084151e+00
-1.45600251755e+00
-1.64473679839e+00
-1.42493802897e+00
-1.62968221514e+00
-1.43092633837e+00
-1.55256856679e+00
-1.60227868336e+00
-1.32653315868e+00
-1.57932873273e+00
-1.68638127473e+00
-1.44602541282e+00
-1.68431747983e+00
-1.56129980696e+00
-1.53631975014e+00
-1.54125712418e+00
-1.55316012573e+00
-1.22675681460e+00
-1.34184313027e+00
-1.50796051613e+00
-1.42660628881e+00
-1.44327201823e+00
-1.29916491578e+00
-1.67981865823e+00
-1.44080818102e+00
-1.37322560129e+00
-1.49601674290e+00
-1.54693488378e+00
-1.49337883674e+00
-1.46949658894e+00
-1.16899755792e+00
-1.17893968832e+00
-1.43552430358e+00
-1.31289392346e+00
-1.52010110041e+00
-1.59680444661e+00
-1.50519315000e+00
-1.65932278860e+00
-1.69860646140e+00
-1.46902387598e+00
-1.32507498907e+00
-1.31754478858e+00
-1.58413588248e+00
-1.44966091030e+00
-1.52154390936e+00
-1.51253754176e+00
-1.54914624621e+00
-1.14208602484e+00
-1.59167824102e+00
-1.38248966410e+00
-1.38212613587e+00
-1.18107032642e+00
-1.56846009992e+00
-1.46391439003e+00
-1.32019228964e+00
-1.33874912116e+00
-1.55745754061e+00
-1.28382651192e+00
-1.54230726168e+00
-1.24774279776e+00
-1.48470169673e+00
-1.46639463682e+00
-1.59517388244e+00
-1.73240080715e+00
-1.34279116437e+00
-1.64745745697e+00
-1.26121875694e+00
-1.33806810407e+00
-1.31763161279e+00
-1.42939951234e+00