-1.58080743050e+01
-1.57606876696e+01
-1.57004098330e+01
-1.57760334667e+01
-1.57612674069e+01
-1.57382761347e+01
-1.57289691798e+01
-1.57763647198e+01
-1.57002043330e+01
-1.57789076766e+01
-1.57668462773e+01
-1.56742776558e+01
-1.57693660153e+01
-1.57990037204e+01
-1.57711320978e+01
-1.57193084195e+01
-1.57383868019e+01
-1.57968353303e+01
-1.57310129286e+01
-1.57412451319e+01
-1.57552326932e+01
-1.57352369657e+01
-1.57280236752e+01
-1.57476735888e+01
-1.57232839133e+01
-1.57804329967e+01
-1.57689085252e+01
-1.57828225653e+01
-1.57698167323e+01
-1.57729484580e+01
-1.57968852528e+01
-1.57488216447e+01
-1.57798638936e+01
-1.57794565158e+01
-1.57421574173e+01
-1.57507150196e+01
-1.57134708508e+01
-1.58224934914e+01
-1.57708378281e+01
-1.58283227144e+01
-1.57388009602e+01
-1.57829142384e+01
-1.57036893669e+01
-1.58265505453e+01
-1.57187815608e+01
-1.57132984505e+01
-1.58133913225e+01
-1.57258004675e+01
-1.57427440051e+01
-1.57200263052e+01
-1.58077714925e+01
-1.57607962654e+01
-1.57345912707e+01
-1.57402936259e+01
-1.57825141561e+01
-1.57817316608e+01
-1.56700244179e+01
-1.57771435256e+01
-1.58710975587e+01
-1.57640357379e+01
-1.57477983744e+01
-1.57348026631e+01
-1.57672422952e+01
-1.57297029898e+01
-1.57669450196e+01
-1.57933401868e+01
-1.57446159386e+01
-1.57463410317e+01
-1.57402240237e+01
-1.57487706954e+01
-1.58005136791e+01
-1.58560870640e+01
-1.57529598983e+01
-1.58182735140e+01
-1.57661188762e+01
-1.57884653112e+01
-1.57286679308e+01
-1.57585159718e+01
-1.57444513531e+01
-1.57604028278e+01
-1.57437031378e+01
-1.57706851525e+01
-1.57101624160e+01
-1.58076233810e+01
-1.57331426126e+01
-1.57606222897e+01
-1.57635972279e+01
-1.57754693330e+01
-1.56982318863e+01
-1.57832792116e+01
-1.57864142547e+01
-1.57740667223e+01
-1.57412708253e+01
-1.57522350191e+01
-1.57608271944e+01
-1.57547817729e+01
-1.57448217466e+01
-1.58176909481e+01
-1.57029453259e+01
-1.57161137481e+01
-1.58114145885e+01
-1.57720413181e+01
-1.57663861382e+01
-1.58202403187e+01
-1.57055687845e+01
-1.57345723865e+01
-1.57390541247e+01
-1.57753523740e+01
-1.57086243297e+01
-1.57683530429e+01
-1.56895551998e+01
-1.58134532396e+01
-1.57432546241e+01
-1.57539292785e+01
-1.57405648987e+01
-1.57493368585e+01
-1.58078967794e+01
-1.57682792438e+01
-1.57329945683e+01
-1.57704874900e+01
-1.57450533374e+01
-1.57548812974e+01
-1.57257279241e+01
-1.57623612831e+01
-1.57976237351e+01
-1.57356945091e+01
-1.57995105077e+01
-1.58015621887e+01
-1.57398406210e+01
-1.57803808976e+01
-1.57185107950e+01
-1.57587612999e+01
-1.57409645948e+01
-1.57484295851e+01
-1.57817887881e+01
-1.58213172542e+01
-1.58169054949e+01
-1.57296348995e+01
-1.58088374479e+01
-1.58059488794e+01
-1.57337870120e+01
-1.57562398428e+01
-1.57705819454e+01
-1.57848099795e+01
-1.57840605175e+01
-1.57848909145e+01
-1.57593517299e+01
-1.58215494023e+01
-1.57776487883e+01
-1.57986040534e+01
-1.57999924717e+01
-1.57866259309e+01
-1.57380728936e+01
-1.57990191625e+01
-1.57313161214e+01
-1.57760765917e+01
-1.57081596903e+01
-1.57355646442e+01
-1.57134405208e+01
-1.58074705098e+01
-1.57610394905e+01
-1.57413129288e+01
-1.57666864028e+01
-1.57376135417e+01
-1.57333442854e+01
-1.57171799026e+01
-1.57936188352e+01
-1.57597974537e+01
-1.57435631639e+01
-1.57665415393e+01
-1.57722576096e+01
-1.57615330980e+01
-1.57510748034e+01
-1.58050982908e+01
-1.57633694070e+01
-1.57666734871e+01
-1.57539028845e+01
-1.56716299564e+01
-1.57794841327e+01
-1.57419723552e+01
-1.57935680051e+01
-1.57802065514e+01
-1.57681458913e+01
-1.57331736838e+01
-1.56985908445e+01
-1.58036089698e+01
-1.57073303255e+01
-1.58082417328e+01
-1.57168757465e+01
-1.57849734541e+01
-1.57691427066e+01
-1.57222720845e+01
-1.57367011957e+01
-1.57607570211e+01
-1.57148660247e+01
-1.57921956160e+01
-1.57885311560e+01
-1.57896880024e+01
-1.57113436221e+01
-1.58457403540e+01
-1.57542127859e+01
-1.57301707277e+01
-1.57481610166e+01
-1.57302941931e+01
-1.57180055672e+01
-1.57049359678e+01
-1.58090527061e+01
-1.58219261938e+01
-1.57350349745e+01
-1.57438523804e+01
-1.56972326052e+01
-1.57426875542e+01
-1.57556579073e+01
-1.57182139676e+01
-1.57530879179e+01
-1.57433563689e+01
-1.57145412272e+01
-1.57742683421e+01
-1.57296644873e+01
-1.57347751132e+01
-1.57510818281e+01
-1.57235755066e+01
-1.57539047867e+01
-1.57271072097e+01
-1.57306311506e+01
-1.57386425010e+01
-1.57706970798e+01
-1.57849136349e+01
-1.57543961180e+01
-1.58128596038e+01
-1.57408035946e+01
-1.57756742799e+01
-1.57478986209e+01
-1.57683910855e+01
-1.58081920858e+01
-1.57664072066e+01
-1.57865625996e+01
-1.57518383990e+01
-1.58077994158e+01
-1.57851570701e+01
-1.57978751830e+01
-1.57667919886e+01
-1.57650936382e+01
-1.57246345791e+01
-1.57635836789e+01
-1.57468513422e+01
-1.57817632638e+01
-1.57466718821e+01
-1.56843509735e+01
-1.57709821660e+01
-1.57819321203e+01
-1.57779709094e+01
-1.57308669236e+01
-1.57967382058e+01
-1.57570374602e+01
-1.57119402013e+01
-1.57315061894e+01
-1.57182444264e+01
-1.57363886010e+01
-1.56979005569e+01
-1.58342996033e+01
-1.57390914181e+01
-1.57647200334e+01
-1.57450763112e+01
-1.57374713414e+01
-1.57206611502e+01
-1.58438462191e+01
-1.57500808260e+01
-1.57263184745e+01
-1.58047799585e+01
-1.57906234860e+01
-1.57049015231e+01
-1.57871996673e+01
-1.57784684862e+01
-1.57686896316e+01
-1.57999662021e+01
-1.57032309274e+01
-1.57884748683e+01
-1.57319608157e+01
-1.57753876625e+01
-1.57166088610e+01
-1.56811168155e+01
-1.57525874266e+01
-1.57580668105e+01
-1.57191666107e+01
-1.58156358235e+01
-1.58049150213e+01
-1.57027871069e+01
-1.57615559356e+01
-1.58041468984e+01
-1.57710485236e+01
-1.57523003343e+01
-1.57693864546e+01
-1.56989766447e+01
-1.57435293131e+01
-1.56973186931e+01
-1.57114083590e+01
-1.58038228319e+01
-1.57994217507e+01
-1.57440570111e+01
-1.58058777290e+01
-1.57522386171e+01
-1.58039198900e+01
-1.58214698109e+01
-1.58001838438e+01
-1.57589379825e+01
-1.57534830318e+01
-1.57195997415e+01
-1.57254491332e+01
-1.57750885425e+01
-1.57368836942e+01
-1.57234520650e+01
-1.57388513288e+01
-1.57261692541e+01
-1.57782822059e+01
-1.57825093576e+01
-1.57680309071e+01
-1.57478247384e+01
-1.57414817697e+01
-1.57814957751e+01
-1.57256434241e+01
-1.57928979346e+01
-1.57876911590e+01
-1.56985486112e+01
-1.56741671716e+01
-1.57518311387e+01
-1.58241090131e+01
-1.56989073961e+01
-1.57215926016e+01
-1.57779151114e+01
-1.58235769768e+01
-1.56934833042e+01
-1.58273904138e+01
-1.57429741611e+01
-1.57960178471e+01
-1.58283054098e+01
-1.57904280537e+01
-1.57798096988e+01
-1.57973591138e+01
-1.56897639159e+01
-1.57539110774e+01
-1.58241171050e+01
-1.57425858340e+01
-1.56914785483e+01
-1.57480069849e+01
-1.57366256263e+01
-1.57528723598e+01
-1.58006345732e+01
-1.57311259585e+01
-1.56743089014e+01
-1.57742560053e+01
-1.57665220707e+01
-1.58047232602e+01
-1.57566540365e+01
-1.57836566691e+01
-1.57471136770e+01
-1.56861518305e+01
-1.57148814387e+01
-1.57995157344e+01
-1.57676508960e+01
-1.58189314677e+01
-1.57519649756e+01
-1.57373643153e+01
-1.57960301761e+01
-1.57690427508e+01
-1.57568131229e+01
-1.57381577992e+01
-1.58148556540e+01
-1.57175815926e+01
-1.57312717428e+01
-1.57461265622e+01
-1.56912765571e+01
-1.57431352339e+01
-1.57924307824e+01
-1.57202391153e+01
-1.57452119459e+01
-1.58404684286e+01
-1.57739194416e+01
-1.57159394898e+01
-1.58521897076e+01
-1.56778969539e+01
-1.57916031947e+01
-1.57591623951e+01
-1.57595513952e+01
-1.57328223485e+01
-1.57503093843e+01
-1.57681015300e+01
-1.57074467888e+01
-1.57826977682e+01
-1.58207022476e+01
-1.57195276751e+01
-1.57425229660e+01
-1.58104480000e+01
-1.57022481122e+01
-1.56852563536e+01
-1.57301813775e+01
-1.57784007650e+01
-1.57499928753e+01
-1.57559849438e+01
-1.57037840889e+01
-1.58152725646e+01
-1.58398101576e+01
-1.57851347888e+01
-1.57694768886e+01
-1.57066611100e+01
-1.58022286078e+01
-1.56813527378e+01
-1.58084225811e+01
-1.57408428896e+01
-1.57615669950e+01
-1.57377300174e+01
-1.57576688973e+01
-1.57481832529e+01
-1.57718349204e+01
-1.57174918114e+01
-1.57525355573e+01
-1.57613653318e+01
-1.56653103254e+01
-1.57628530230e+01
-1.58249730281e+01
-1.57559528862e+01
-1.57398842534e+01
-1.57655524027e+01
-1.57921753492e+01
-1.57426728133e+01
-1.57524525377e+01
-1.57436963539e+01
-1.56828911351e+01
-1.57995339465e+01
-1.57940835844e+01
-1.56728816983e+01
-1.56986351919e+01
-1.57801368714e+01
-1.57360226158e+01
-1.57608282888e+01
-1.57682274735e+01
-1.57455413476e+01
-1.57955811179e+01
-1.57124882770e+01
-1.57685266649e+01
-1.57552138484e+01
-1.57363284836e+01
-1.57809111636e+01
-1.57769142691e+01
-1.57224352701e+01
-1.56835508544e+01
-1.57522722818e+01
-1.57941782983e+01
-1.57250740016e+01
-1.57047124040e+01
-1.57360260758e+01
-1.57921937401e+01
-1.57705043052e+01
-1.57710494535e+01
-1.58020958157e+01
-1.57367433374e+01
-1.57079373450e+01
-1.57835688877e+01
-1.58043852417e+01
-1.56886021111e+01
-1.58185327554e+01
-1.57584653639e+01
-1.57574014029e+01
-1.57742774759e+01
-1.57485327922e+01
-1.57037411468e+01
-1.57590097059e+01
-1.57231219923e+01
-1.56918474269e+01
-1.57754844094e+01
-1.57790716022e+01
-1.57044766668e+01
-1.57926335136e+01
-1.57118055184e+01
-1.57430439784e+01
-1.57130315770e+01
-1.57373449847e+01
-1.57234286926e+01
-1.57685545677e+01
-1.57274904530e+01
-1.57943828915e+01
-1.57439751690e+01
-1.57564414231e+01
-1.57394798112e+01
-1.57330295186e+01
-1.56956591724e+01
-1.57677845022e+01
-1.57457005670e+01
-1.57409848609e+01
-1.57763774071e+01
-1.57529581430e+01
-1.58437214032e+01
-1.57511297461e+01
-1.56787130384e+01
-1.57187139958e+01
-1.57021352410e+01
-1.57289169613e+01
-1.57911910269e+01
-1.57824546119e+01
-1.57401254283e+01
-1.57569990924e+01