8.47017076392e+00
8.46869567451e+00
8.46535641357e+00
8.47359480187e+00
8.46197495305e+00
8.46497081316e+00
8.46110815535e+00
8.46828725481e+00
8.46286063654e+00
8.46486273785e+00
8.46568455710e+00
8.46350862322e+00
8.46804566039e+00
8.46386729583e+00
8.46215065193e+00
8.46471103399e+00
8.46179113112e+00
8.46279342632e+00
8.46366906570e+00
8.46687653551e+00
8.46108938753e+00
8.45910124119e+00
8.46171396845e+00
8.46343202979e+00
8.46535729596e+00
8.46485921487e+00
8.46821173832e+00
8.46627491996e+00
8.45957294215e+00
8.46375598357e+00
8.46503450396e+00
8.46814275502e+00
8.46671336664e+00
8.46472741839e+00
8.46540004585e+00
8.46451044597e+00
8.46419957635e+00
8.46015174435e+00
8.46157529575e+00
8.46510607292e+00
8.45941472695e+00
8.45938695309e+00
8.46367840712e+00
8.46653659561e+00
8.46873268693e+00
8.46328138466e+00
8.46883481021e+00
8.46598176588e+00
8.46570344066e+00
8.46348941083e+00
8.46679533755e+00
8.46767709384e+00
8.45861795662e+00
8.46870919397e+00
8.46384535055e+00
8.46725313471e+00
8.46583317717e+00
8.46682441102e+00
8.46519048966e+00
8.46350054740e+00
8.46449796691e+00
8.46645204614e+00
8.46586237730e+00
8.46541657813e+00
8.45845629990e+00
8.45966573371e+00
8.46527676865e+00
8.47286914289e+00
8.46434928824e+00
8.46540813599e+00
8.46237684348e+00
8.46480084306e+00
8.46575841017e+00
8.46559577191e+00
8.46448823035e+00
8.46721623022e+00
8.46381126603e+00
8.46348605267e+00
8.46477431821e+00
8.46443094623e+00
8.46294080555e+00
8.46435802178e+00
8.45769120223e+00
8.46291563156e+00
8.47090410161e+00
8.46897377756e+00
8.46681136367e+00
8.46874299191e+00
8.46507274614e+00
8.46742323673e+00
8.46304917881e+00
8.46425611387e+00
8.46095863745e+00
8.46615781114e+00
8.45824013225e+00
8.46643746534e+00
8.46680823903e+00
8.46825345964e+00
8.46582835613e+00
8.46343386066e+00
8.46762432645e+00
8.46165765709e+00
8.46122202185e+00
8.46717299054e+00
8.46545885935e+00
8.46986302044e+00
8.46734497595e+00
8.46627467689e+00
8.47080981993e+00
8.45951137346e+00
8.46336786603e+00
8.46635326661e+00
8.46629278640e+00
8.46712908325e+00
8.46469562487e+00
8.47458060061e+00
8.46171278907e+00
8.46645214263e+00
8.46561764762e+00
8.46858534643e+00
8.46037267558e+00
8.46511575624e+00
8.45723387667e+00
8.47428337033e+00
8.46337409257e+00
8.46172351903e+00
8.46771988859e+00
8.46744909292e+00
8.46775544929e+00
8.46801342974e+00
8.45752653515e+00
8.46667793376e+00
8.46518909113e+00
8.46954243031e+00
8.47055665161e+00
8.46788169911e+00
8.46637508608e+00
8.46866104444e+00
8.45993496799e+00
8.46089041245e+00
8.46516155811e+00
8.46116269468e+00
8.46031856434e+00
8.46188025941e+00
8.46161321857e+00
8.46183318686e+00
8.46504337019e+00
8.46286867340e+00
8.46786036407e+00
8.46644672381e+00
8.46712363030e+00
8.46867703247e+00
8.46510265028e+00
8.46827555770e+00
8.46471267089e+00
8.46522188022e+00
8.45929409278e+00
8.46996649836e+00
8.47642233424e+00
8.45955713982e+00
8.45775062159e+00
8.46280630793e+00
8.46224010617e+00
8.46954596587e+00
8.46818221601e+00
8.46979860015e+00
8.46456440651e+00
8.46241317182e+00
8.46618677625e+00
8.46211881559e+00
8.46780432618e+00
8.46383242908e+00
8.46699309195e+00
8.46101214704e+00
8.47018547654e+00
8.46937614925e+00
8.46066406121e+00
8.46630589434e+00
8.46357199565e+00
8.45823749468e+00
8.46159012740e+00
8.46186951288e+00
8.46025701198e+00
8.46850635945e+00
8.45914107493e+00
8.46491090370e+00
8.46943871509e+00
8.46127464622e+00
8.46249705152e+00
8.46082723071e+00
8.46313979661e+00
8.46696368478e+00
8.46843182363e+00
8.46618696854e+00
8.46778131870e+00
8.46532512437e+00
8.46688452950e+00
8.46422764851e+00
8.46278964415e+00
8.45841050173e+00
8.46664032433e+00
8.46422436148e+00
8.46591247502e+00
8.46545993601e+00
8.46520497029e+00
8.46142341186e+00
8.46203781657e+00
8.46291426001e+00
8.46460473170e+00
8.47120355090e+00
8.46626055017e+00
8.47064187428e+00
8.46646267713e+00
8.46894190812e+00
8.46537905841e+00
8.46192409554e+00
8.46755321720e+00
8.46916477047e+00
8.46035343219e+00
8.46318418494e+00
8.46200484820e+00
8.46386102492e+00
8.46280470100e+00
8.46207690580e+00
8.46973127512e+00
8.46858530758e+00
8.45934610140e+00
8.46599527458e+00
8.46367794243e+00
8.46275717858e+00
8.46248579071e+00
8.46772230762e+00
8.46183097860e+00
8.46325069741e+00
8.46304947135e+00
8.46738154040e+00
8.46739501115e+00
8.46446360954e+00
8.46295240256e+00
8.46794073700e+00
8.46972939733e+00
8.45743048748e+00
8.46470520661e+00
8.46524500880e+00
8.46240303154e+00
8.47063670865e+00
8.45827383338e+00
8.46858166662e+00
8.46540187155e+00
8.46680901636e+00
8.46174479052e+00
8.46126003072e+00
8.46923095412e+00
8.46190241455e+00
8.46535166052e+00
8.46503225731e+00
8.46460687452e+00
8.46983058833e+00
8.46477926021e+00
8.46078296960e+00
8.46565870153e+00
8.46538320116e+00
8.46149282646e+00
8.46230321038e+00
8.46478544976e+00
8.46607695513e+00
8.46679247547e+00
8.46558717400e+00
8.46916994380e+00
8.46705977917e+00
8.46236315997e+00
8.46395568863e+00
8.45773348165e+00
8.46268148460e+00
8.46928123515e+00
8.46457589621e+00
8.45926310795e+00
8.46482511208e+00
8.47064274765e+00
8.45856098666e+00
8.47149459691e+00
8.46867147192e+00
8.45573117915e+00
8.46518065056e+00
8.46891806080e+00
8.45912148716e+00
8.46804382449e+00
8.46667143885e+00
8.46054898805e+00
8.46011068032e+00
8.46423180084e+00
8.46371919503e+00
8.46534649559e+00
8.46673440378e+00
8.46158583092e+00
8.47064138590e+00
8.46390062081e+00
8.46626403911e+00
8.46746124279e+00
8.45803113694e+00
8.46456572145e+00
8.46568619956e+00
8.46604642519e+00
8.46477354515e+00
8.46909549581e+00
8.45935296518e+00
8.47017981486e+00
8.46520650482e+00
8.46108514886e+00
8.46177646338e+00
8.46509720898e+00
8.46092312463e+00
8.46345729959e+00
8.47007959477e+00
8.46583591304e+00
8.46898393577e+00
8.47063332206e+00
8.46374199934e+00
8.46839986030e+00
8.46318545950e+00
8.46127584793e+00
8.46361772791e+00
8.46361110216e+00
8.46260147117e+00
8.46871507389e+00
8.46731160739e+00
8.46771964941e+00
8.46193257536e+00
8.46404378463e+00
8.46623492485e+00
8.46315494423e+00
8.47011771200e+00
8.46228946464e+00
8.46246054434e+00
8.46461325985e+00
8.46253799429e+00
8.46717277315e+00
8.46774250692e+00
8.45907652043e+00
8.46665032863e+00
8.46756146759e+00
8.46954512647e+00
8.46165079858e+00
8.46273813022e+00
8.45759201788e+00
8.46281742148e+00
8.46589428293e+00
8.46395930436e+00
8.46114523598e+00
8.46392996670e+00
8.46686999623e+00
8.46980556439e+00
8.46621059934e+00
8.47295377174e+00
8.46633356417e+00
8.47143250086e+00
8.46269395744e+00
8.46403265983e+00
8.46257122677e+00
8.46494920067e+00
8.46661760564e+00
8.46564267464e+00
8.46574558584e+00
8.46736875419e+00
8.46160639756e+00
8.46531686173e+00
8.46301458050e+00
8.46015765277e+00
8.46924009182e+00
8.46404949382e+00
8.46512102612e+00
8.46229082091e+00
8.46882276699e+00
8.46769297721e+00
8.46506733019e+00
8.46638712810e+00
8.46750105032e+00
8.46114231676e+00
8.46687432750e+00
8.46030361647e+00
8.46231172852e+00
8.46657104036e+00
8.46653722297e+00
8.46571952488e+00
8.46383005206e+00
8.46519109302e+00
8.45957349248e+00
8.46300895440e+00
8.46334050984e+00
8.46852218282e+00
8.46904172817e+00
8.46388360694e+00
8.46183745376e+00
8.46768684396e+00
8.46181376510e+00
8.46466631494e+00
8.46215167274e+00
8.46524472933e+00
8.46377142253e+00
8.46242713884e+00
8.46259734075e+00
8.45887865587e+00
8.46371952870e+00
8.45975038926e+00
8.46204680377e+00
8.46596833676e+00
8.46558008103e+00
8.46790141168e+00
8.46253692541e+00
8.46183258725e+00
8.46760669318e+00
8.46262353921e+00
8.46592892606e+00
8.46261781283e+00
8.46195503708e+00
8.47169878190e+00
8.46303439255e+00
8.46437515377e+00
8.46140035247e+00
8.46557113919e+00
8.46726735387e+00
8.47348374924e+00
8.45813556056e+00
8.46616457271e+00
8.46776129908e+00
8.46153843897e+00
8.46780786184e+00
8.46048604807e+00
8.46809989870e+00
8.47061540907e+00
8.46421518467e+00
8.46161490115e+00
8.46434528352e+00
8.46748169379e+00
8.46505585669e+00
8.46459591610e+00
8.46641296892e+00
8.46410457602e+00
8.46483777678e+00
8.46574568262e+00
8.46350013024e+00
8.46502790066e+00
8.46674971239e+00
8.46430595596e+00
8.46902349298e+00
8.46362657953e+00
8.46866609573e+00
8.46166473572e+00
8.46441158955e+00
8.46713616456e+00
8.46751881518e+00
8.46346011983e+00
8.46367155103e+00
8.46403354373e+00
8.46452772300e+00
8.46675768790e+00
8.46315914680e+00
8.46778911035e+00
8.46483790956e+00
8.46722317510e+00
8.47057384877e+00
8.46343720263e+00
8.47118100114e+00
8.46298405457e+00
8.47247770666e+00
8.46068635764e+00
8.46716062445e+00
8.46092943142e+00
8.46938045469e+00
8.46441595366e+00
8.46717205284e+00
8.46332034203e+00
8.46472448966e+00
8.46495652277e+00
8.46366958798e+00
8.46053465241e+00
8.46340833056e+00
8.46599636105e+00
8.46528897479e+00
8.46137102593e+00
8.45925309496e+00
8.45945187293e+00
8.46761555169e+00
8.45420036015e+00
8.46065223433e+00
8.46404556312e+00
8.46681184253e+00
8.46394747807e+00
8.46685586728e+00
8.46716546790e+00
8.46579944154e+00
8.45811874450e+00
8.46458683081e+00
8.46224239869e+00
8.46437982625e+00
8.46948818373e+00
8.46819931865e+00
8.46480848505e+00
8.46224900608e+00
8.46995609500e+00
8.46513657128e+00