-5.30576866983e+00
-5.30160659594e+00
-5.30140198574e+00
-5.30693122606e+00
-5.30452746227e+00
-5.30220808620e+00
-5.30160838633e+00
-5.30309725453e+00
-5.30646794308e+00
-5.30648160721e+00
-5.30242049515e+00
-5.30202762458e+00
-5.30568336820e+00
-5.30559473266e+00
-5.30085354949e+00
-5.30386807573e+00
-5.30240009353e+00
-5.30255068166e+00
-5.30428278997e+00
-5.30319606420e+00
-5.30869590053e+00
-5.30360426955e+00
-5.30579658692e+00
-5.30317069575e+00
-5.30514487364e+00
-5.30724691488e+00
-5.30664403314e+00
-5.30133863922e+00
-5.30187645131e+00
-5.30523898435e+00
-5.30345650331e+00
-5.30695183747e+00
-5.30379558407e+00
-5.30314230366e+00
-5.30695277472e+00
-5.30568930609e+00
-5.30546857262e+00
-5.30491184672e+00
-5.29992080174e+00
-5.30200792934e+00
-5.30639771187e+00
-5.30052317749e+00
-5.30504564192e+00
-5.30552057015e+00
-5.30621474558e+00
-5.30589657735e+00
-5.30724805052e+00
-5.30534254553e+00
-5.30350638840e+00
-5.30283625214e+00
-5.30189625171e+00
-5.30675732842e+00
-5.30103899022e+00
-5.30053420870e+00
-5.30555477866e+00
-5.30507366652e+00
-5.30227196029e+00
-5.30557200734e+00
-5.30739950052e+00
-5.30566680577e+00
-5.30355731935e+00
-5.30350978081e+00
-5.30108981455e+00
-5.30350831804e+00
-5.30373480865e+00
-5.30138703238e+00
-5.30386937760e+00
-5.30451359293e+00
-5.30584062633e+00
-5.30164082180e+00
-5.30445009887e+00
-5.30319341266e+00
-5.30712427788e+00
-5.30548351968e+00
-5.30780258048e+00
-5.30321064455e+00
-5.30107307540e+00
-5.30206358177e+00
-5.30162054224e+00
-5.30218479261e+00
-5.30352106937e+00
-5.30447925115e+00
-5.30340169758e+00
-5.30298287492e+00
-5.30493779993e+00
-5.30232719081e+00
-5.30393261182e+00
-5.30239005145e+00
-5.30400978295e+00
-5.30510864181e+00
-5.30595308001e+00
-5.30147350324e+00
-5.30418966556e+00
-5.30220399521e+00
-5.30300946737e+00
-5.30181431071e+00
-5.30129828769e+00
-5.30198919918e+00
-5.30636959341e+00
-5.30194935361e+00
-5.30235031058e+00
-5.30656690290e+00
-5.30541188473e+00
-5.30404818056e+00
-5.29804565451e+00
-5.30278092517e+00
-5.30690064629e+00
-5.30578523981e+00
-5.30087047609e+00
-5.29950140145e+00
-5.30429438293e+00
-5.30334513051e+00
-5.30612762568e+00
-5.30398994465e+00
-5.30353575223e+00
-5.30350093248e+00
-5.30334038027e+00
-5.30407854774e+00
-5.30477813326e+00
-5.30427877354e+00
-5.30579061131e+00
-5.30221647902e+00
-5.30718692544e+00
-5.30652726369e+00
-5.30032541060e+00
-5.30030104706e+00
-5.30324903749e+00
-5.30251030658e+00
-5.30308045511e+00
-5.30127656328e+00
-5.30341304884e+00
-5.30413911647e+00
-5.30460052921e+00
-5.30583689442e+00
-5.30220445829e+00
-5.30358668013e+00
-5.30400367362e+00
-5.30271991645e+00
-5.30449359691e+00
-5.30217396631e+00
-5.30312473700e+00
-5.30362299534e+00
-5.30411190833e+00
-5.30372334958e+00
-5.30025703863e+00
-5.30577033076e+00
-5.30397715897e+00
-5.30883682459e+00
-5.30636496240e+00
-5.30272170670e+00
-5.30697914211e+00
-5.30403287699e+00
-5.30611254125e+00
-5.30287193598e+00
-5.30243100283e+00
-5.30400133766e+00
-5.30602298508e+00
-5.30166224327e+00
-5.30563651709e+00
-5.30160156752e+00
-5.30381029451e+00
-5.30558552758e+00
-5.30333451722e+00
-5.30726918827e+00
-5.30445126164e+00
-5.30421922895e+00
-5.30656014926e+00
-5.30066412794e+00
-5.30058439989e+00
-5.30637603433e+00
-5.30283523723e+00
-5.30134927946e+00
-5.30266736365e+00
-5.30426449927e+00
-5.30480144266e+00
-5.30435226897e+00
-5.30380882449e+00
-5.30689525100e+00
-5.30349217585e+00
-5.30309050405e+00
-5.30427018956e+00
-5.30387196080e+00
-5.30522268879e+00
-5.30717044754e+00
-5.30472711349e+00
-5.30314301436e+00
-5.29920358936e+00
-5.30416615343e+00
-5.30050609508e+00
-5.30307168109e+00
-5.30273571934e+00
-5.29898164791e+00
-5.30503408018e+00
-5.30332583370e+00
-5.30428508839e+00
-5.30083503397e+00
-5.30047788569e+00
-5.30540445154e+00
-5.30403297506e+00
-5.30568460958e+00
-5.30570672137e+00
-5.30306642958e+00
-5.30230049692e+00
-5.30533880239e+00
-5.30708429014e+00
-5.29889504616e+00
-5.30086402663e+00
-5.30600657626e+00
-5.30210304278e+00
-5.30277059947e+00
-5.30622199548e+00
-5.30355403993e+00
-5.30269460219e+00
-5.30250336675e+00
-5.30419450377e+00
-5.30459500570e+00
-5.30100591023e+00
-5.30406853281e+00
-5.30390913081e+00
-5.30446912807e+00
-5.30297265933e+00
-5.30279516142e+00
-5.30467257102e+00
-5.30312616205e+00
-5.30158411311e+00
-5.30409381773e+00
-5.30208854408e+00
-5.30406026223e+00
-5.30536813966e+00
-5.30536365334e+00
-5.30050036207e+00
-5.30302077908e+00
-5.30147890668e+00
-5.30502095944e+00
-5.30316827357e+00
-5.30019396130e+00
-5.30415930996e+00
-5.30486608724e+00
-5.30592825918e+00
-5.30388188524e+00
-5.30617461075e+00
-5.30469014565e+00
-5.30320495136e+00
-5.30355918768e+00
-5.30516454879e+00
-5.30376419035e+00
-5.30336502363e+00
-5.30335344691e+00
-5.30500142350e+00
-5.30688014750e+00
-5.30473324132e+00
-5.30320513095e+00
-5.30563920383e+00
-5.30216254863e+00
-5.30457154029e+00
-5.30565048380e+00
-5.30668114890e+00
-5.29910269647e+00
-5.30363274613e+00
-5.30603392904e+00
-5.30635793455e+00
-5.30568924302e+00
-5.30582225476e+00
-5.30720686634e+00
-5.30106690232e+00
-5.30308361973e+00
-5.30078522742e+00
-5.30427593702e+00
-5.30162926839e+00
-5.30379166149e+00
-5.30148658314e+00
-5.30163831451e+00
-5.30212422829e+00
-5.30298204207e+00
-5.30084681884e+00
-5.30279985460e+00
-5.30370182410e+00
-5.30507569514e+00
-5.30393288989e+00
-5.30405919582e+00
-5.30319530619e+00
-5.30495951023e+00
-5.30568276212e+00
-5.30381334445e+00
-5.30622201033e+00
-5.30862842234e+00
-5.30347749036e+00
-5.30225131399e+00
-5.30488945075e+00
-5.30391605186e+00
-5.30070645426e+00
-5.30704343377e+00
-5.30464291130e+00
-5.30399939508e+00
-5.30399220886e+00
-5.29988214606e+00
-5.30246329247e+00
-5.30436321986e+00
-5.30349164456e+00
-5.30661263646e+00
-5.30492706417e+00
-5.30338874557e+00
-5.30003945392e+00
-5.30535704180e+00
-5.29983684061e+00
-5.30180910398e+00
-5.30288372727e+00
-5.30263231990e+00
-5.30417041638e+00
-5.30704864074e+00
-5.30195937893e+00
-5.30536631446e+00
-5.30111453330e+00
-5.30356133210e+00
-5.30159872360e+00
-5.30263810697e+00
-5.30488540636e+00
-5.30451378980e+00
-5.30427884563e+00
-5.30333095876e+00
-5.30428075766e+00
-5.30173959696e+00
-5.30155270679e+00
-5.30434889320e+00
-5.30647454588e+00
-5.30124946875e+00
-5.30186439232e+00
-5.30319078318e+00
-5.30342121351e+00
-5.30326428605e+00
-5.30398912704e+00
-5.30470408659e+00
-5.30349493163e+00
-5.30141330838e+00
-5.30008170872e+00
-5.29900559137e+00
-5.30222226001e+00
-5.30170110296e+00
-5.29871873787e+00
-5.30415581602e+00
-5.30281078431e+00
-5.30280268326e+00
-5.30191614477e+00
-5.30356590392e+00
-5.30609816270e+00
-5.30374802610e+00
-5.30925138764e+00
-5.30461628819e+00
-5.30327926741e+00
-5.30264559323e+00
-5.30616890839e+00
-5.30302854259e+00
-5.30012066698e+00
-5.30508264568e+00
-5.30398599581e+00
-5.30446501262e+00
-5.30694270550e+00
-5.30533359066e+00
-5.30428383015e+00
-5.30345997360e+00
-5.30118986586e+00
-5.30430909397e+00
-5.30382893041e+00
-5.30329401888e+00
-5.30515314004e+00
-5.29973901082e+00
-5.30114062580e+00
-5.30327874370e+00
-5.30100231627e+00
-5.30426624355e+00
-5.30473646949e+00
-5.30942278045e+00
-5.30338457512e+00
-5.30282664435e+00
-5.30681690740e+00
-5.30267129105e+00
-5.30542274206e+00
-5.30384433194e+00
-5.30283967591e+00
-5.30128336480e+00
-5.30535655572e+00
-5.30081108993e+00
-5.30119038911e+00
-5.30276140079e+00
-5.30063363891e+00
-5.30167877663e+00
-5.30332522697e+00
-5.30226712226e+00
-5.30483485618e+00
-5.30890262875e+00
-5.30235293915e+00
-5.30327334393e+00
-5.30504523921e+00
-5.30396861395e+00
-5.30567996659e+00
-5.30654611734e+00
-5.30260311485e+00
-5.30434995502e+00
-5.30371938656e+00
-5.30182787293e+00
-5.30339124309e+00
-5.30248012466e+00
-5.30026965143e+00
-5.30136206267e+00
-5.30385041763e+00
-5.30233037444e+00
-5.30602046929e+00
-5.30038076399e+00
-5.30517809481e+00
-5.30277106382e+00
-5.30302036133e+00
-5.30096821699e+00
-5.30277781524e+00
-5.30153771698e+00
-5.29938640532e+00
-5.30514609964e+00
-5.30212130104e+00
-5.29998333688e+00
-5.30432389854e+00
-5.30472895394e+00
-5.30317621160e+00
-5.29972640929e+00
-5.30167676760e+00
-5.30110065765e+00
-5.29965909503e+00
-5.30569663279e+00
-5.30379526096e+00
-5.30432497021e+00
-5.30632643322e+00
-5.30716329683e+00
-5.30531598094e+00
-5.30378017821e+00
-5.30273962266e+00
-5.30494597296e+00
-5.30273668827e+00
-5.30294026430e+00
-5.30373855388e+00
-5.30096081006e+00
-5.30312459302e+00
-5.30306316515e+00
-5.30399699354e+00
-5.30277414794e+00
-5.30590425290e+00
-5.30253768130e+00
-5.30370115470e+00
-5.30530976773e+00
-5.30402954763e+00
-5.30474957935e+00
-5.30231299225e+00
-5.30572126165e+00
-5.30181501117e+00
-5.30429310154e+00
-5.30438951134e+00
-5.30358259044e+00
-5.30440549445e+00
-5.30414958749e+00
-5.30575958312e+00
-5.30391360562e+00
-5.30589105388e+00
-5.30007836355e+00
-5.30588042376e+00
-5.30707900624e+00
-5.30303410548e+00
-5.30289598036e+00
-5.30413731993e+00
-5.30312989991e+00
-5.30461711064e+00
-5.30509503076e+00
-5.30527242585e+00
-5.30379021459e+00
-5.30156230954e+00
-5.30600135658e+00
-5.30425195242e+00
-5.30596928233e+00
-5.30322605530e+00
-5.30352530639e+00
-5.30594547335e+00
-5.30455865888e+00
-5.30419372094e+00
-5.30641581092e+00
-5.30335607535e+00
-5.30413709641e+00
-5.30721484369e+00
-5.30505275530e+00
-5.30252129345e+00
-5.30256239790e+00
-5.30608155489e+00
-5.30683805872e+00
-5.30463063339e+00
-5.30381308594e+00
-5.30467392163e+00
-5.30184661082e+00
-5.30543065342e+00
-5.30597589540e+00
-5.30751488180e+00
-5.30651181611e+00
-5.30357700188e+00
-5.30442853965e+00
-5.30334658962e+00
-5.30191545289e+00
-5.30361674539e+00