2.15512575101e+00
2.15441906821e+00
2.15442065280e+00
2.15563612738e+00
2.15606069051e+00
2.15535518425e+00
2.15422971698e+00
2.15430348451e+00
2.15467646306e+00
2.15576747678e+00
2.15474471297e+00
2.15626759074e+00
2.15600303545e+00
2.15478284899e+00
2.15453271330e+00
2.15553476087e+00
2.15400559310e+00
2.15451402073e+00
2.15508929989e+00
2.15446130828e+00
2.15660209447e+00
2.15470966971e+00
2.15434811749e+00
2.15507134997e+00
2.15544637758e+00
2.15531300267e+00
2.15433924214e+00
2.15451975907e+00
2.15554813376e+00
2.15514931753e+00
2.15573724637e+00
2.15574389460e+00
2.15414272272e+00
2.15497706968e+00
2.15515630474e+00
2.15480952022e+00
2.15505688749e+00
2.15538194627e+00
2.15411512402e+00
2.15467047843e+00
2.15483203683e+00
2.15484512412e+00
2.15549208748e+00
2.15632461923e+00
2.15581960160e+00
2.15455112850e+00
2.15490021653e+00
2.15501151712e+00
2.15552451185e+00
2.15532601863e+00
2.15436982944e+00
2.15491990106e+00
2.15478984831e+00
2.15418375112e+00
2.15502918310e+00
2.15541440137e+00
2.15476359854e+00
2.15472269844e+00
2.15537516337e+00
2.15515169488e+00
2.15462898576e+00
2.15506405869e+00
2.15408509443e+00
2.15507391188e+00
2.15518598220e+00
2.15519592026e+00
2.15547813441e+00
2.15547341302e+00
2.15554403862e+00
2.15439813320e+00
2.15553916741e+00
2.15489069124e+00
2.15490895059e+00
2.15545543018e+00
2.15499438577e+00
2.15494233304e+00
2.15464104904e+00
2.15489817596e+00
2.15454192823e+00
2.15446635159e+00
2.15520150492e+00
2.15516875063e+00
2.15538510756e+00
2.15563798594e+00
2.15546703223e+00
2.15407762568e+00
2.15418747552e+00
2.15413843679e+00
2.15524896009e+00
2.15544551760e+00
2.15584230836e+00
2.15461589158e+00
2.15491755249e+00
2.15508894078e+00
2.15435106325e+00
2.15507806566e+00
2.15412730461e+00
2.15452630931e+00
2.15556722003e+00
2.15444642325e+00
2.15424799130e+00
2.15515479731e+00
2.15583807693e+00
2.15451016777e+00
2.15346237032e+00
2.15478293864e+00
2.15577446509e+00
2.15537396675e+00
2.15412696124e+00
2.15344069530e+00
2.15462103822e+00
2.15443321771e+00
2.15605994468e+00
2.15513351915e+00
2.15314404463e+00
2.15626365113e+00
2.15482320781e+00
2.15544418503e+00
2.15494313610e+00
2.15580994072e+00
2.15545828949e+00
2.15441574408e+00
2.15561712341e+00
2.15593120944e+00
2.15438895965e+00
2.15493352222e+00
2.15440315680e+00
2.15497208407e+00
2.15561433374e+00
2.15417361054e+00
2.15518999895e+00
2.15465688216e+00
2.15533419868e+00
2.15509812780e+00
2.15477386139e+00
2.15411199815e+00
2.15489693598e+00
2.15506234490e+00
2.15492498055e+00
2.15519206647e+00
2.15486760852e+00
2.15476510583e+00
2.15482775293e+00
2.15466301364e+00
2.15434209771e+00
2.15583996689e+00
2.15629375980e+00
2.15565974005e+00
2.15589045301e+00
2.15481682464e+00
2.15454461953e+00
2.15527813621e+00
2.15562590543e+00
2.15408699286e+00
2.15416478437e+00
2.15521563817e+00
2.15535441355e+00
2.15422450712e+00
2.15422621603e+00
2.15481265917e+00
2.15447178699e+00
2.15516976941e+00
2.15579454258e+00
2.15542612698e+00
2.15542418105e+00
2.15530643308e+00
2.15496689972e+00
2.15448695266e+00
2.15476011800e+00
2.15559835047e+00
2.15420366516e+00
2.15498514818e+00
2.15442022048e+00
2.15443180808e+00
2.15581873550e+00
2.15498508973e+00
2.15496825175e+00
2.15612033633e+00
2.15485087150e+00
2.15468274696e+00
2.15554305711e+00
2.15481682582e+00
2.15460658124e+00
2.15658359214e+00
2.15507461871e+00
2.15475567131e+00
2.15405768887e+00
2.15596577579e+00
2.15467316164e+00
2.15461826996e+00
2.15451587963e+00
2.15419802570e+00
2.15430461955e+00
2.15497759391e+00
2.15523203800e+00
2.15462814896e+00
2.15448550573e+00
2.15496970068e+00
2.15481693131e+00
2.15462833008e+00
2.15559754560e+00
2.15433898182e+00
2.15513893333e+00
2.15503579379e+00
2.15656686253e+00
2.15454477858e+00
2.15443722399e+00
2.15537873978e+00
2.15521457250e+00
2.15459205479e+00
2.15550466811e+00
2.15528099562e+00
2.15477227222e+00
2.15456871154e+00
2.15451362765e+00
2.15493759886e+00
2.15460423977e+00
2.15572404831e+00
2.15472597276e+00
2.15434436317e+00
2.15499819321e+00
2.15480485833e+00
2.15586898438e+00
2.15561141734e+00
2.15537755425e+00
2.15531771910e+00
2.15446039470e+00
2.15624405156e+00
2.15494527034e+00
2.15489850345e+00
2.15444985368e+00
2.15578329664e+00
2.15537435688e+00
2.15481680217e+00
2.15512916137e+00
2.15428518112e+00
2.15503405655e+00
2.15466054703e+00
2.15538965324e+00
2.15476196898e+00
2.15552204842e+00
2.15453736263e+00
2.15539872317e+00
2.15541145486e+00
2.15506915782e+00
2.15405045110e+00
2.15459382209e+00
2.15405463627e+00
2.15458272795e+00
2.15564740670e+00
2.15458308573e+00
2.15449094136e+00
2.15574823045e+00
2.15546073418e+00
2.15411702364e+00
2.15453649643e+00
2.15501529801e+00
2.15294507526e+00
2.15579340119e+00
2.15655883162e+00
2.15650219895e+00
2.15546836040e+00
2.15576386512e+00
2.15570024371e+00
2.15441813533e+00
2.15513431089e+00
2.15410055770e+00
2.15481006313e+00
2.15503593425e+00
2.15571874269e+00
2.15450417768e+00
2.15584893298e+00
2.15543381512e+00
2.15411241003e+00
2.15456517613e+00
2.15422829689e+00
2.15412321808e+00
2.15530868892e+00
2.15455992964e+00
2.15527729276e+00
2.15525170466e+00
2.15541621822e+00
2.15566594171e+00
2.15528481907e+00
2.15481805983e+00
2.15574781763e+00
2.15429759549e+00
2.15454848159e+00
2.15563153754e+00
2.15448711484e+00
2.15473893265e+00
2.15522849578e+00
2.15483044233e+00
2.15549635686e+00
2.15528339866e+00
2.15445691171e+00
2.15484393992e+00
2.15549366439e+00
2.15595638073e+00
2.15620824173e+00
2.15429799452e+00
2.15517042359e+00
2.15402760491e+00
2.15543845452e+00
2.15329568816e+00
2.15499709926e+00
2.15434521109e+00
2.15476992912e+00
2.15494781540e+00
2.15586889319e+00
2.15553297198e+00
2.15499533066e+00
2.15463942879e+00
2.15511700532e+00
2.15462366234e+00
2.15509198540e+00
2.15438650638e+00
2.15535600250e+00
2.15536174669e+00
2.15458398144e+00
2.15512170601e+00
2.15437663682e+00
2.15392882144e+00
2.15497123869e+00
2.15457199977e+00
2.15501251400e+00
2.15392046805e+00
2.15410666581e+00
2.15414845755e+00
2.15427789130e+00
2.15457586888e+00
2.15514045122e+00
2.15540486934e+00
2.15452698146e+00
2.15501389038e+00
2.15515808439e+00
2.15459423064e+00
2.15454759706e+00
2.15404306557e+00
2.15544921399e+00
2.15483865335e+00
2.15443597397e+00
2.15460621057e+00
2.15499221846e+00
2.15519431792e+00
2.15504818595e+00
2.15561292443e+00
2.15469907773e+00
2.15566727083e+00
2.15476762160e+00
2.15542811201e+00
2.15430017131e+00
2.15449231506e+00
2.15506796058e+00
2.15420682036e+00
2.15462172712e+00
2.15523155178e+00
2.15503328396e+00
2.15487352568e+00
2.15502703030e+00
2.15357780617e+00
2.15538595046e+00
2.15509353940e+00
2.15548067618e+00
2.15451390004e+00
2.15419491186e+00
2.15402494546e+00
2.15405283360e+00
2.15562856075e+00
2.15480849481e+00
2.15552953253e+00
2.15618541896e+00
2.15566092710e+00
2.15487074679e+00
2.15495752540e+00
2.15487298306e+00
2.15469802359e+00
2.15490490646e+00
2.15472742255e+00
2.15469724616e+00
2.15586201658e+00
2.15369138247e+00
2.15475868856e+00
2.15424372251e+00
2.15463959343e+00
2.15412478012e+00
2.15461164008e+00
2.15429151664e+00
2.15528644311e+00
2.15614845686e+00
2.15458188008e+00
2.15521107452e+00
2.15480040005e+00
2.15501474310e+00
2.15486715089e+00
2.15515842415e+00
2.15469528462e+00
2.15435814424e+00
2.15532293212e+00
2.15373626425e+00
2.15468248635e+00
2.15390231230e+00
2.15395709564e+00
2.15549134279e+00
2.15453922388e+00
2.15426774271e+00
2.15560249817e+00
2.15478531105e+00
2.15578726663e+00
2.15566827113e+00
2.15508533461e+00
2.15474482661e+00
2.15523368595e+00
2.15427225631e+00
2.15381059846e+00
2.15546860102e+00
2.15442153378e+00
2.15435210263e+00
2.15496534604e+00
2.15572971867e+00
2.15473352943e+00
2.15459894549e+00
2.15402895071e+00
2.15504086632e+00
2.15526619244e+00
2.15516489112e+00
2.15426047267e+00
2.15458538971e+00
2.15511552169e+00
2.15495371536e+00
2.15482135357e+00
2.15548453890e+00
2.15566405069e+00
2.15453823646e+00
2.15419810416e+00
2.15533579271e+00
2.15548152650e+00
2.15439478156e+00
2.15394318003e+00
2.15404042584e+00
2.15445537389e+00
2.15411379817e+00
2.15557906521e+00
2.15523650925e+00
2.15590482658e+00
2.15528683809e+00
2.15388850056e+00
2.15478664876e+00
2.15421796257e+00
2.15555128080e+00
2.15530866916e+00
2.15546068534e+00
2.15440877900e+00
2.15461217881e+00
2.15566245512e+00
2.15561922848e+00
2.15520883910e+00
2.15492836824e+00
2.15559306145e+00
2.15416293402e+00
2.15459425446e+00
2.15532055602e+00
2.15461115378e+00
2.15419350235e+00
2.15463865675e+00
2.15479447812e+00
2.15470127851e+00
2.15480976840e+00
2.15501464617e+00
2.15468507985e+00
2.15442835881e+00
2.15598465594e+00
2.15459881475e+00
2.15575023090e+00
2.15407107648e+00
2.15442415504e+00
2.15570204484e+00
2.15482060537e+00
2.15435269754e+00
2.15548982674e+00
2.15490849281e+00
2.15515033017e+00
2.15531004468e+00
2.15493570506e+00
2.15546472191e+00
2.15431772446e+00
2.15578472654e+00
2.15496835323e+00
2.15518517665e+00
2.15488443593e+00
2.15473157774e+00
2.15515543304e+00
2.15510502420e+00
2.15501704459e+00
2.15589975588e+00
2.15533502318e+00
2.15418158719e+00
2.15540215450e+00
2.15488884910e+00
2.15414516513e+00
2.15493539525e+00