-3.18541154917e+00
-3.18373120487e+00
-3.18264821125e+00
-3.18613098922e+00
-3.18407266973e+00
-3.18475159934e+00
-3.18195697409e+00
-3.18308606962e+00
-3.18467929247e+00
-3.18596783927e+00
-3.18438964162e+00
-3.18454872147e+00
-3.18561514740e+00
-3.18488169384e+00
-3.18381883995e+00
-3.18394418368e+00
-3.18341355014e+00
-3.18461419753e+00
-3.18464469096e+00
-3.18332410880e+00
-3.18769281153e+00
-3.18420437538e+00
-3.18433992742e+00
-3.18364458155e+00
-3.18606813827e+00
-3.18456649292e+00
-3.18517871250e+00
-3.18412075740e+00
-3.18351103161e+00
-3.18461387399e+00
-3.18429567322e+00
-3.18587952466e+00
-3.18340456124e+00
-3.18384765863e+00
-3.18588778075e+00
-3.18519625563e+00
-3.18528611810e+00
-3.18469128007e+00
-3.18187097827e+00
-3.18318436868e+00
-3.18462316848e+00
-3.18276171717e+00
-3.18506146703e+00
-3.18468998239e+00
-3.18491329458e+00
-3.18381033326e+00
-3.18425684616e+00
-3.18500862660e+00
-3.18346614155e+00
-3.18474923151e+00
-3.18387947991e+00
-3.18570122018e+00
-3.18382075454e+00
-3.18286428044e+00
-3.18512159897e+00
-3.18436193165e+00
-3.18355926644e+00
-3.18320256386e+00
-3.18548914433e+00
-3.18587674394e+00
-3.18427168238e+00
-3.18422252065e+00
-3.18280153187e+00
-3.18377513310e+00
-3.18338011163e+00
-3.18235212979e+00
-3.18486582320e+00
-3.18472760672e+00
-3.18572671714e+00
-3.18329181167e+00
-3.18458300373e+00
-3.18336158227e+00
-3.18527213343e+00
-3.18456611134e+00
-3.18620329526e+00
-3.18461032016e+00
-3.18386842781e+00
-3.18278168035e+00
-3.18331934675e+00
-3.18222106419e+00
-3.18475835441e+00
-3.18503990994e+00
-3.18329187875e+00
-3.18469901143e+00
-3.18484491094e+00
-3.18379120635e+00
-3.18418853095e+00
-3.18373340565e+00
-3.18516959737e+00
-3.18529819837e+00
-3.18630189130e+00
-3.18243283963e+00
-3.18334621124e+00
-3.18396655902e+00
-3.18375200775e+00
-3.18290871296e+00
-3.18270765308e+00
-3.18343985647e+00
-3.18504542858e+00
-3.18275098083e+00
-3.18189737514e+00
-3.18538938275e+00
-3.18528023370e+00
-3.18367103140e+00
-3.18104194259e+00
-3.18382594081e+00
-3.18552614457e+00
-3.18499623179e+00
-3.18294017084e+00
-3.18297329007e+00
-3.18422258395e+00
-3.18415510941e+00
-3.18479246017e+00
-3.18397690222e+00
-3.18282264480e+00
-3.18467303171e+00
-3.18487557465e+00
-3.18514747900e+00
-3.18431832968e+00
-3.18528272338e+00
-3.18520991838e+00
-3.18297220828e+00
-3.18577197342e+00
-3.18546315933e+00
-3.18358877358e+00
-3.18310684286e+00
-3.18383219813e+00
-3.18373478329e+00
-3.18393085732e+00
-3.18331859986e+00
-3.18442054604e+00
-3.18377161355e+00
-3.18428225426e+00
-3.18464421165e+00
-3.18386283189e+00
-3.18349157226e+00
-3.18501847317e+00
-3.18329425794e+00
-3.18325778601e+00
-3.18363773248e+00
-3.18385204234e+00
-3.18356159814e+00
-3.18414401042e+00
-3.18395266445e+00
-3.18294526765e+00
-3.18638915422e+00
-3.18559014950e+00
-3.18683868749e+00
-3.18622508103e+00
-3.18404898683e+00
-3.18510315294e+00
-3.18445005801e+00
-3.18485410403e+00
-3.18350588857e+00
-3.18293179471e+00
-3.18376087905e+00
-3.18538325464e+00
-3.18341624767e+00
-3.18405496698e+00
-3.18391368398e+00
-3.18447334875e+00
-3.18437419887e+00
-3.18488205458e+00
-3.18547007357e+00
-3.18542934032e+00
-3.18512015078e+00
-3.18473755014e+00
-3.18319896278e+00
-3.18208363716e+00
-3.18551725334e+00
-3.18299748420e+00
-3.18173598209e+00
-3.18352979661e+00
-3.18342382066e+00
-3.18429203153e+00
-3.18442397442e+00
-3.18400985006e+00
-3.18556892258e+00
-3.18487743620e+00
-3.18414887990e+00
-3.18563037942e+00
-3.18418184034e+00
-3.18479305702e+00
-3.18546506841e+00
-3.18454970124e+00
-3.18401164355e+00
-3.18189223474e+00
-3.18466153974e+00
-3.18280113571e+00
-3.18393520595e+00
-3.18308808679e+00
-3.18182719456e+00
-3.18385050545e+00
-3.18280624738e+00
-3.18445400835e+00
-3.18241371753e+00
-3.18420241794e+00
-3.18490545001e+00
-3.18482261176e+00
-3.18466363573e+00
-3.18519909704e+00
-3.18258907755e+00
-3.18388783697e+00
-3.18498217562e+00
-3.18655285792e+00
-3.18181935095e+00
-3.18235575351e+00
-3.18462252487e+00
-3.18453272732e+00
-3.18244747064e+00
-3.18653890991e+00
-3.18373481797e+00
-3.18388160229e+00
-3.18400622226e+00
-3.18411657492e+00
-3.18474712495e+00
-3.18278481989e+00
-3.18534579916e+00
-3.18511422936e+00
-3.18397323055e+00
-3.18306663745e+00
-3.18386392739e+00
-3.18457803607e+00
-3.18516513747e+00
-3.18416331590e+00
-3.18464800464e+00
-3.18412448902e+00
-3.18450480263e+00
-3.18468381014e+00
-3.18522455588e+00
-3.18251139476e+00
-3.18452809460e+00
-3.18316648058e+00
-3.18572075270e+00
-3.18414247668e+00
-3.18300483656e+00
-3.18468681102e+00
-3.18477693966e+00
-3.18562389460e+00
-3.18541793616e+00
-3.18584576187e+00
-3.18418280891e+00
-3.18483067367e+00
-3.18480207887e+00
-3.18433039071e+00
-3.18418298346e+00
-3.18268108091e+00
-3.18254851027e+00
-3.18532317477e+00
-3.18533773125e+00
-3.18400327955e+00
-3.18343815220e+00
-3.18615047884e+00
-3.18537763835e+00
-3.18440706066e+00
-3.18337216619e+00
-3.18598450098e+00
-3.18316509127e+00
-3.18485079236e+00
-3.18554599667e+00
-3.18538989841e+00
-3.18438183194e+00
-3.18552013015e+00
-3.18572985341e+00
-3.18227773841e+00
-3.18358333030e+00
-3.18248525487e+00
-3.18367867440e+00
-3.18430466508e+00
-3.18439782018e+00
-3.18323968432e+00
-3.18398900575e+00
-3.18468768455e+00
-3.18337294781e+00
-3.18222628706e+00
-3.18303718657e+00
-3.18387379525e+00
-3.18424177658e+00
-3.18430717273e+00
-3.18555783950e+00
-3.18390882859e+00
-3.18416649050e+00
-3.18559835920e+00
-3.18424861230e+00
-3.18479049166e+00
-3.18598314555e+00
-3.18405344599e+00
-3.18388932992e+00
-3.18604135158e+00
-3.18360890381e+00
-3.18285009487e+00
-3.18532985469e+00
-3.18464239097e+00
-3.18384981939e+00
-3.18475960415e+00
-3.18241808893e+00
-3.18283363339e+00
-3.18421613178e+00
-3.18454975797e+00
-3.18562942265e+00
-3.18396440884e+00
-3.18350121497e+00
-3.18231208120e+00
-3.18463366031e+00
-3.18129729090e+00
-3.18364854955e+00
-3.18423155018e+00
-3.18380001925e+00
-3.18387125169e+00
-3.18411084822e+00
-3.18324907666e+00
-3.18583057399e+00
-3.18239613657e+00
-3.18406536660e+00
-3.18339155333e+00
-3.18441460035e+00
-3.18420630288e+00
-3.18562826074e+00
-3.18447958629e+00
-3.18316850631e+00
-3.18440809080e+00
-3.18309832728e+00
-3.18326336678e+00
-3.18482100249e+00
-3.18610659794e+00
-3.18339376661e+00
-3.18279809195e+00
-3.18312813791e+00
-3.18381071373e+00
-3.18350353934e+00
-3.18333156644e+00
-3.18511622775e+00
-3.18448116735e+00
-3.18327979403e+00
-3.18362064885e+00
-3.18314156518e+00
-3.18350534355e+00
-3.18325612800e+00
-3.18125541230e+00
-3.18479481849e+00
-3.18403272014e+00
-3.18301193414e+00
-3.18376294874e+00
-3.18378723704e+00
-3.18487275964e+00
-3.18354946073e+00
-3.18689637738e+00
-3.18453081936e+00
-3.18345605117e+00
-3.18398983364e+00
-3.18596972971e+00
-3.18316634563e+00
-3.18228231012e+00
-3.18496840359e+00
-3.18376371675e+00
-3.18361806376e+00
-3.18535425291e+00
-3.18421344998e+00
-3.18509200284e+00
-3.18399874264e+00
-3.18227644288e+00
-3.18464097161e+00
-3.18490498777e+00
-3.18403252207e+00
-3.18549998055e+00
-3.18220055854e+00
-3.18214669984e+00
-3.18420186826e+00
-3.18328460145e+00
-3.18393065174e+00
-3.18456139756e+00
-3.18760479270e+00
-3.18393533930e+00
-3.18418630021e+00
-3.18551406966e+00
-3.18441392579e+00
-3.18400037378e+00
-3.18407127547e+00
-3.18391867738e+00
-3.18344206141e+00
-3.18591407494e+00
-3.18192942798e+00
-3.18380763978e+00
-3.18407870686e+00
-3.18295891548e+00
-3.18317517853e+00
-3.18378531786e+00
-3.18287169886e+00
-3.18596712917e+00
-3.18660118148e+00
-3.18346237611e+00
-3.18458973781e+00
-3.18463900275e+00
-3.18512774994e+00
-3.18492648456e+00
-3.18491711440e+00
-3.18457139920e+00
-3.18254929299e+00
-3.18406966768e+00
-3.18390629452e+00
-3.18387204754e+00
-3.18286127075e+00
-3.18313243795e+00
-3.18328757735e+00
-3.18330524943e+00
-3.18393406907e+00
-3.18526067748e+00
-3.18244912794e+00
-3.18507080370e+00
-3.18493437199e+00
-3.18411979355e+00
-3.18309302283e+00
-3.18450695736e+00
-3.18282347195e+00
-3.18214022395e+00
-3.18566921820e+00
-3.18291921249e+00
-3.18258221591e+00
-3.18486668825e+00
-3.18544162472e+00
-3.18305709517e+00
-3.18287128627e+00
-3.18310248255e+00
-3.18302431557e+00
-3.18349437445e+00
-3.18434698757e+00
-3.18337892283e+00
-3.18410719176e+00
-3.18530143484e+00
-3.18534329227e+00
-3.18409224999e+00
-3.18499115158e+00
-3.18409077265e+00
-3.18390849929e+00
-3.18367963091e+00
-3.18446681907e+00
-3.18505505179e+00
-3.18280759802e+00
-3.18412493963e+00
-3.18367427665e+00
-3.18442916740e+00
-3.18404705847e+00
-3.18561330091e+00
-3.18344644802e+00
-3.18453601098e+00
-3.18497241396e+00
-3.18516500475e+00
-3.18380195988e+00
-3.18341066193e+00
-3.18392172616e+00
-3.18337217674e+00
-3.18459885999e+00
-3.18484859465e+00
-3.18251693155e+00
-3.18367924166e+00
-3.18466912194e+00
-3.18533293877e+00
-3.18453926315e+00
-3.18534912734e+00
-3.18178981683e+00
-3.18432756464e+00
-3.18593880822e+00
-3.18387800529e+00
-3.18360077717e+00
-3.18358830698e+00
-3.18437193860e+00
-3.18545276824e+00
-3.18415542164e+00
-3.18615217071e+00
-3.18320355339e+00
-3.18348229189e+00
-3.18531093904e+00
-3.18356233959e+00
-3.18611918653e+00
-3.18382120121e+00
-3.18374968518e+00
-3.18371097594e+00
-3.18442911882e+00
-3.18429639382e+00
-3.18522392054e+00
-3.18491245816e+00
-3.18450906385e+00
-3.18563140830e+00
-3.18353708661e+00
-3.18397294025e+00
-3.18294647725e+00
-3.18547820217e+00
-3.18498835981e+00
-3.18550695255e+00
-3.18443577979e+00
-3.18402756768e+00
-3.18286261270e+00
-3.18488181235e+00
-3.18518845525e+00
-3.18693483664e+00
-3.18473345888e+00
-3.18291652044e+00
-3.18532592865e+00
-3.18297441496e+00
-3.18364229048e+00
-3.18413399573e+00