7.93224284602e+00
7.92701585658e+00
7.92919510730e+00
7.93302628247e+00
7.93099079603e+00
7.93168290189e+00
7.92951014714e+00
7.92801393911e+00
7.93065312971e+00
7.93486198259e+00
7.93220329434e+00
7.93392645981e+00
7.93175298707e+00
7.93460313724e+00
7.92973685368e+00
7.93232782273e+00
7.92844524799e+00
7.93079630710e+00
7.93183776500e+00
7.93148428230e+00
7.93618628697e+00
7.93048336012e+00
7.93022775107e+00
7.93156930241e+00
7.93476798057e+00
7.93366040206e+00
7.93165634436e+00
7.93364633084e+00
7.92862571807e+00
7.92975784916e+00
7.93203182308e+00
7.93274192393e+00
7.93024046538e+00
7.93408771700e+00
7.93325387108e+00
7.93381684080e+00
7.93130804723e+00
7.93024633047e+00
7.93025396805e+00
7.93039317008e+00
7.93150301741e+00
7.93182710216e+00
7.93113628724e+00
7.93319623586e+00
7.92952845643e+00
7.93082406463e+00
7.93109108325e+00
7.93165893248e+00
7.93375632725e+00
7.93246199745e+00
7.93209348030e+00
7.93401558092e+00
7.93244386517e+00
7.93260931964e+00
7.93169915148e+00
7.93266162133e+00
7.93236824045e+00
7.93188951320e+00
7.93227967120e+00
7.93449841870e+00
7.93026881065e+00
7.93026854580e+00
7.93237095430e+00
7.93093766891e+00
7.93013726067e+00
7.92928411084e+00
7.93114906515e+00
7.93180172656e+00
7.92998098706e+00
7.92804972967e+00
7.93235790296e+00
7.93073842858e+00
7.92722628476e+00
7.93025284560e+00
7.93345160771e+00
7.93184607764e+00
7.93147454225e+00
7.93108220094e+00
7.92912862397e+00
7.92863392960e+00
7.93347884681e+00
7.93111539089e+00
7.92922744861e+00
7.93123056304e+00
7.93099804426e+00
7.93393882680e+00
7.92892863553e+00
7.92648412799e+00
7.93123310036e+00
7.93170830134e+00
7.93091457247e+00
7.92825696803e+00
7.93295182729e+00
7.93226172098e+00
7.93276376070e+00
7.92704062144e+00
7.92479171645e+00
7.93135751470e+00
7.93112682649e+00
7.92912458186e+00
7.93012676997e+00
7.93371189460e+00
7.92839128592e+00
7.93178188479e+00
7.92772857283e+00
7.92730896280e+00
7.93146717494e+00
7.92941691002e+00
7.92901431961e+00
7.92933137712e+00
7.93508174241e+00
7.93192424606e+00
7.93309497080e+00
7.93093630673e+00
7.93440384636e+00
7.93504138333e+00
7.93117694559e+00
7.92952258656e+00
7.92939346522e+00
7.93168532037e+00
7.93328046340e+00
7.92887250152e+00
7.93318326465e+00
7.93050982477e+00
7.93394909468e+00
7.93106187019e+00
7.93288867626e+00
7.93016517474e+00
7.93373750919e+00
7.92868662100e+00
7.93336344981e+00
7.93088045607e+00
7.93131387554e+00
7.93105889782e+00
7.93059642768e+00
7.92803288868e+00
7.93393294894e+00
7.93365424363e+00
7.93228531999e+00
7.92994938278e+00
7.92953046544e+00
7.93264733737e+00
7.92664593088e+00
7.93157608230e+00
7.92937596364e+00
7.93763947357e+00
7.93098138367e+00
7.93528470173e+00
7.93164217841e+00
7.93232650250e+00
7.93577232929e+00
7.93082011220e+00
7.93293270064e+00
7.92929414643e+00
7.93087010179e+00
7.92828516636e+00
7.93042689816e+00
7.93314315069e+00
7.92949314883e+00
7.93210440879e+00
7.92979616754e+00
7.93300215445e+00
7.93158537083e+00
7.93316344315e+00
7.93359738858e+00
7.93206558841e+00
7.93637990220e+00
7.93373417693e+00
7.92817857964e+00
7.93356046263e+00
7.92865337353e+00
7.92886309401e+00
7.92950411997e+00
7.92803974870e+00
7.93306947550e+00
7.93113303167e+00
7.93027345412e+00
7.93049888592e+00
7.93488200521e+00
7.92890192512e+00
7.93544529680e+00
7.92918260763e+00
7.93325728198e+00
7.93283879430e+00
7.93241368364e+00
7.93220692510e+00
7.93019244635e+00
7.93425524299e+00
7.93110860775e+00
7.93203604549e+00
7.93165111827e+00
7.93116037704e+00
7.93083636283e+00
7.93248790907e+00
7.93147375508e+00
7.92926186912e+00
7.93069972087e+00
7.93379177041e+00
7.93148832832e+00
7.93061696112e+00
7.93565845522e+00
7.92578203088e+00
7.92808011829e+00
7.93430165879e+00
7.93374418923e+00
7.92830421556e+00
7.93079403722e+00
7.92810488699e+00
7.93455956275e+00
7.93032659563e+00
7.93456497405e+00
7.93191874832e+00
7.92941690772e+00
7.93011723010e+00
7.93042012396e+00
7.93109194085e+00
7.93277848122e+00
7.93107510542e+00
7.93520111371e+00
7.92785663838e+00
7.92739306913e+00
7.93177754224e+00
7.93175035382e+00
7.93340885439e+00
7.93107275050e+00
7.93399984047e+00
7.93086778935e+00
7.93158020412e+00
7.93302520572e+00
7.93231740181e+00
7.92849417304e+00
7.93122171333e+00
7.92830635676e+00
7.93081445627e+00
7.93493446156e+00
7.93447909273e+00
7.93138887666e+00
7.93352913918e+00
7.92970455365e+00
7.93174518526e+00
7.93012667430e+00
7.93283492227e+00
7.93178929931e+00
7.92901635841e+00
7.92978229781e+00
7.93294063867e+00
7.92843415330e+00
7.93210802651e+00
7.93226630691e+00
7.93456982763e+00
7.93055780783e+00
7.93122465398e+00
7.93464217398e+00
7.93192705005e+00
7.92891174579e+00
7.92988636255e+00
7.93349242292e+00
7.93258961166e+00
7.93088289417e+00
7.93251715617e+00
7.93234457224e+00
7.93105023012e+00
7.92851050516e+00
7.93637107640e+00
7.92869904120e+00
7.93058395477e+00
7.93066961684e+00
7.93119199575e+00
7.93028818819e+00
7.93170019042e+00
7.93370458987e+00
7.93434608494e+00
7.93250247330e+00
7.93013709038e+00
7.92990124723e+00
7.92971610472e+00
7.93392049084e+00
7.93227613895e+00
7.93697855585e+00
7.93190573608e+00
7.93458277537e+00
7.93123470222e+00
7.93134950477e+00
7.92926383300e+00
7.93018228649e+00
7.93288644560e+00
7.93228838996e+00
7.93276558304e+00
7.93257746186e+00
7.93215251309e+00
7.92672639548e+00
7.93165704060e+00
7.93184167361e+00
7.93330189077e+00
7.92899134415e+00
7.92940360651e+00
7.93157676972e+00
7.93251003690e+00
7.93164166803e+00
7.93287524192e+00
7.93057436726e+00
7.92952917498e+00
7.93051316564e+00
7.93163436046e+00
7.92782524903e+00
7.93343763060e+00
7.93308531132e+00
7.93559169852e+00
7.92852667428e+00
7.93034206295e+00
7.93054989884e+00
7.93091046196e+00
7.93118948142e+00
7.93042300268e+00
7.93143495924e+00
7.93027792659e+00
7.93210444490e+00
7.93412408989e+00
7.93274572796e+00
7.92704565560e+00
7.93225468790e+00
7.93166684898e+00
7.93001010916e+00
7.93038940067e+00
7.93271110433e+00
7.93190848476e+00
7.93023916805e+00
7.92931450561e+00
7.93127492914e+00
7.92999214951e+00
7.93078813823e+00
7.93267128837e+00
7.93133405059e+00
7.93086468949e+00
7.93083198309e+00
7.92880892317e+00
7.93050237269e+00
7.92910735556e+00
7.92960112038e+00
7.93174687488e+00
7.93131372051e+00
7.93117191464e+00
7.93245671203e+00
7.93213499679e+00
7.93278846271e+00
7.93126757940e+00
7.93496604084e+00
7.93501591309e+00
7.93352905047e+00
7.93048117935e+00
7.93262354941e+00
7.93234439958e+00
7.93120048597e+00
7.93304890771e+00
7.92983250610e+00
7.93096327914e+00
7.92967095881e+00
7.93164919612e+00
7.93203393266e+00
7.93281440483e+00
7.92722339661e+00
7.93239520039e+00
7.93043929476e+00
7.92738314403e+00
7.93404513993e+00
7.92914893474e+00
7.92833415047e+00
7.93216088316e+00
7.92905543302e+00
7.93156485306e+00
7.93310889199e+00
7.93487562507e+00
7.93157259923e+00
7.93271143802e+00
7.93442729091e+00
7.93079961309e+00
7.93032214887e+00
7.93044549709e+00
7.93210136870e+00
7.93362979505e+00
7.93124736701e+00
7.92778645574e+00
7.93025228826e+00
7.93153045582e+00
7.93022964486e+00
7.93066885253e+00
7.93054484331e+00
7.93231522781e+00
7.93029451640e+00
7.93475464832e+00
7.92731944653e+00
7.93340375438e+00
7.93221157391e+00
7.93211624728e+00
7.93044335565e+00
7.93183576045e+00
7.93178701815e+00
7.93064285984e+00
7.93274690123e+00
7.93208294853e+00
7.93248768119e+00
7.92985372967e+00
7.93264897787e+00
7.93175157150e+00
7.92822733736e+00
7.93379178966e+00
7.93336721862e+00
7.92983407841e+00
7.93114066005e+00
7.93384911801e+00
7.92990571498e+00
7.93064515237e+00
7.93225433501e+00
7.93202327217e+00
7.93094786475e+00
7.93333258769e+00
7.93347790383e+00
7.92953996579e+00
7.93584498150e+00
7.92986825533e+00
7.92973850505e+00
7.93150116986e+00
7.92993356030e+00
7.92975582586e+00
7.93266172770e+00
7.93206058604e+00
7.93180059942e+00
7.93170932881e+00
7.93181061653e+00
7.93073827329e+00
7.93345314276e+00
7.93148739392e+00
7.93228161667e+00
7.93186603172e+00
7.92967844362e+00
7.93183591506e+00
7.93030752758e+00
7.93241009224e+00
7.93260817315e+00
7.92953960507e+00
7.93088515362e+00
7.93168367640e+00
7.93005677720e+00
7.93088018096e+00
7.93237824720e+00
7.93199362609e+00
7.93368021155e+00
7.93095396093e+00
7.93209899695e+00
7.93316899196e+00
7.93177377655e+00
7.93225496202e+00
7.93210883184e+00
7.92940971444e+00
7.92971568930e+00
7.93019928737e+00
7.93180903361e+00
7.93404188569e+00
7.93262060700e+00
7.93184824406e+00
7.93194590649e+00
7.93253307777e+00
7.93096255077e+00
7.93285093860e+00
7.93036827892e+00
7.93212026659e+00
7.93151801667e+00
7.93195592047e+00
7.93390735417e+00
7.93163022848e+00
7.92936830233e+00
7.93282432351e+00
7.93053276487e+00
7.93228795033e+00
7.93270195798e+00
7.92858262262e+00
7.93123941795e+00
7.93260185947e+00
7.93195269814e+00
7.93245899267e+00
7.93157734177e+00
7.93090330023e+00
7.93171775412e+00
7.92981565853e+00
7.92997360629e+00
7.93047118346e+00
7.93459184443e+00
7.93362214117e+00
7.93086782685e+00
7.93200441966e+00
7.93583985635e+00
7.92836310346e+00
7.93173759551e+00
7.93126676262e+00
7.93593079009e+00
7.93248119200e+00
7.92929383708e+00
7.93322506783e+00
7.93350836639e+00
7.93213917104e+00
7.93144267834e+00