2.26720655607e+00
2.26739861057e+00
2.26694250179e+00
2.26765768805e+00
2.26849978625e+00
2.26676189145e+00
2.26769299321e+00
2.26673471755e+00
2.26642381980e+00
2.26781716842e+00
2.26807370435e+00
2.26858952416e+00
2.26762159862e+00
2.26785826997e+00
2.26673256388e+00
2.26802209111e+00
2.26611419778e+00
2.26755803993e+00
2.26698711517e+00
2.26680360340e+00
2.26818983322e+00
2.26810057008e+00
2.26753104159e+00
2.26761931964e+00
2.26814319844e+00
2.26782918779e+00
2.26670627355e+00
2.26751765367e+00
2.26717342696e+00
2.26815980976e+00
2.26804272858e+00
2.26821574493e+00
2.26651226804e+00
2.26828227628e+00
2.26801384338e+00
2.26838824694e+00
2.26768588404e+00
2.26822903945e+00
2.26793545674e+00
2.26764188598e+00
2.26784315584e+00
2.26679939263e+00
2.26872267999e+00
2.26913212803e+00
2.26774720103e+00
2.26731308893e+00
2.26767770537e+00
2.26849654483e+00
2.26708445107e+00
2.26712781725e+00
2.26711433407e+00
2.26813064059e+00
2.26803670733e+00
2.26778842633e+00
2.26774505386e+00
2.26842205178e+00
2.26725145610e+00
2.26846406934e+00
2.26843838948e+00
2.26772039622e+00
2.26766765235e+00
2.26783472557e+00
2.26877122327e+00
2.26740853105e+00
2.26664744123e+00
2.26659058495e+00
2.26968400569e+00
2.26914015757e+00
2.26722792536e+00
2.26658111868e+00
2.26830252897e+00
2.26838540843e+00
2.26637403437e+00
2.26751718347e+00
2.26821771638e+00
2.26812320636e+00
2.26762275352e+00
2.26844879533e+00
2.26685654870e+00
2.26769274272e+00
2.26734266646e+00
2.26838244510e+00
2.26754365247e+00
2.26767422055e+00
2.26780402372e+00
2.26891592993e+00
2.26595846271e+00
2.26737979465e+00
2.26790603807e+00
2.26702809955e+00
2.26771335068e+00
2.26821840452e+00
2.26734808502e+00
2.26783032927e+00
2.26727957168e+00
2.26763454529e+00
2.26722497483e+00
2.26711976074e+00
2.26862414675e+00
2.26656347523e+00
2.26691215928e+00
2.26777370191e+00
2.26810562642e+00
2.26757910682e+00
2.26784642344e+00
2.26791295690e+00
2.26755990922e+00
2.26678254342e+00
2.26723597150e+00
2.26667586987e+00
2.26870787657e+00
2.26882295588e+00
2.26868545298e+00
2.26905561189e+00
2.26763610499e+00
2.26902959334e+00
2.26678588519e+00
2.26820949343e+00
2.26773284516e+00
2.26815703766e+00
2.26752176192e+00
2.26708923142e+00
2.26901839651e+00
2.26748569783e+00
2.26803859635e+00
2.26763229081e+00
2.26804508148e+00
2.26735155786e+00
2.26773277713e+00
2.26741617509e+00
2.26836643155e+00
2.26667593878e+00
2.26756316500e+00
2.26712410540e+00
2.26693280935e+00
2.26689037171e+00
2.26759050775e+00
2.26789042265e+00
2.26740839158e+00
2.26774374265e+00
2.26736386964e+00
2.26740480015e+00
2.26706343721e+00
2.26725203260e+00
2.26776852944e+00
2.26785327740e+00
2.26838103654e+00
2.26877571793e+00
2.26769615113e+00
2.26740693522e+00
2.26782396756e+00
2.26666586280e+00
2.26892256211e+00
2.26795604992e+00
2.26623880561e+00
2.26758945921e+00
2.26869325345e+00
2.26759581907e+00
2.26789248496e+00
2.26782755025e+00
2.26853698725e+00
2.26756571860e+00
2.26884911560e+00
2.26833395569e+00
2.26795318180e+00
2.26788843083e+00
2.26750230095e+00
2.26762510123e+00
2.26657779098e+00
2.26899375946e+00
2.26737539452e+00
2.26783641446e+00
2.26668334612e+00
2.26672502833e+00
2.26792968500e+00
2.26756423312e+00
2.26692384341e+00
2.26836514065e+00
2.26756935711e+00
2.26789703580e+00
2.26858502718e+00
2.26729528275e+00
2.26785596670e+00
2.26966917821e+00
2.26815544509e+00
2.26770511054e+00
2.26807815740e+00
2.26854612627e+00
2.26803805963e+00
2.26760562689e+00
2.26911060817e+00
2.26697036172e+00
2.26745485080e+00
2.26766713147e+00
2.26804794065e+00
2.26805389993e+00
2.26801308700e+00
2.26801381025e+00
2.26738910113e+00
2.26698405212e+00
2.26808835607e+00
2.26709006432e+00
2.26792940439e+00
2.26823964381e+00
2.26808019767e+00
2.26762182533e+00
2.26693564969e+00
2.26766561159e+00
2.26799741652e+00
2.26790300133e+00
2.26863233762e+00
2.26798288730e+00
2.26806366498e+00
2.26725444278e+00
2.26865930484e+00
2.26735967536e+00
2.26729137868e+00
2.26757126510e+00
2.26779691745e+00
2.26714623697e+00
2.26736148979e+00
2.26788022008e+00
2.26867161358e+00
2.26750270714e+00
2.26735946492e+00
2.26856335597e+00
2.26822071921e+00
2.26857541566e+00
2.26658204634e+00
2.26782364950e+00
2.26704867902e+00
2.26720806188e+00
2.26691491163e+00
2.26691573403e+00
2.26828539622e+00
2.26734792483e+00
2.26709099800e+00
2.26717272550e+00
2.26720565582e+00
2.26748381733e+00
2.26824438458e+00
2.26796090070e+00
2.26784000722e+00
2.26765020474e+00
2.26853668571e+00
2.26680429234e+00
2.26783799010e+00
2.26741095043e+00
2.26864474968e+00
2.26934817038e+00
2.26716352723e+00
2.26687327000e+00
2.26849151747e+00
2.26747315506e+00
2.26795998390e+00
2.26705613788e+00
2.26675600049e+00
2.26719717424e+00
2.26754430712e+00
2.26773883422e+00
2.26754166753e+00
2.26759652631e+00
2.26748378534e+00
2.26836615560e+00
2.26700120632e+00
2.26709470407e+00
2.26742645100e+00
2.26797778132e+00
2.26813979369e+00
2.26693819265e+00
2.26821658665e+00
2.26694263674e+00
2.26788338203e+00
2.26740854504e+00
2.26618646751e+00
2.26814970118e+00
2.26805176925e+00
2.26840037381e+00
2.26851661552e+00
2.26789174515e+00
2.26855072247e+00
2.26762112373e+00
2.26846978555e+00
2.26769321099e+00
2.26777273419e+00
2.26834843325e+00
2.26781517763e+00
2.26774784230e+00
2.26791061278e+00
2.26821208539e+00
2.26695949854e+00
2.26738633917e+00
2.26741179050e+00
2.26898913835e+00
2.26734374007e+00
2.26786364281e+00
2.26671469039e+00
2.26788140863e+00
2.26803255109e+00
2.26811768971e+00
2.26658799359e+00
2.26866050616e+00
2.26645713094e+00
2.26714783392e+00
2.26777188089e+00
2.26767835320e+00
2.26725866637e+00
2.26792882383e+00
2.26805590531e+00
2.26792411327e+00
2.26737258632e+00
2.26761231582e+00
2.26811191531e+00
2.26757407080e+00
2.26807699697e+00
2.26797559933e+00
2.26718273351e+00
2.26774433513e+00
2.26825829810e+00
2.26691447498e+00
2.26711526176e+00
2.26763651398e+00
2.26677428921e+00
2.26802278494e+00
2.26699495424e+00
2.26673449361e+00
2.26646037491e+00
2.26658304736e+00
2.26691802225e+00
2.26755642916e+00
2.26723967630e+00
2.26812999049e+00
2.26760298838e+00
2.26716767486e+00
2.26736161515e+00
2.26750025920e+00
2.26753974532e+00
2.26598774139e+00
2.26642856709e+00
2.26829617894e+00
2.26763915978e+00
2.26794895906e+00
2.26728986275e+00
2.26834013801e+00
2.26769838192e+00
2.26731825467e+00
2.26841672956e+00
2.26860910173e+00
2.26841324353e+00
2.26776457644e+00
2.26759379670e+00
2.26679843858e+00
2.26649316624e+00
2.26683801649e+00
2.26682021774e+00
2.26771793828e+00
2.26740583177e+00
2.26688577342e+00
2.26681296819e+00
2.26756242694e+00
2.26676103915e+00
2.26662963400e+00
2.26619969638e+00
2.26773487950e+00
2.26792370867e+00
2.26760049484e+00
2.26766478854e+00
2.26617216139e+00
2.26670438579e+00
2.26840315518e+00
2.26795357588e+00
2.26885987833e+00
2.26752675037e+00
2.26778834347e+00
2.26738326670e+00
2.26681616592e+00
2.26747361574e+00
2.26828802954e+00
2.26722735477e+00
2.26807997840e+00
2.26867727048e+00
2.26531010298e+00
2.26832525044e+00
2.26718520526e+00
2.26709300544e+00
2.26644396280e+00
2.26695811463e+00
2.26746463849e+00
2.26725463756e+00
2.26879292755e+00
2.26733327734e+00
2.26758151822e+00
2.26738476213e+00
2.26750458249e+00
2.26764668570e+00
2.26811509072e+00
2.26720815593e+00
2.26819497235e+00
2.26756474271e+00
2.26783167104e+00
2.26790036114e+00
2.26671212260e+00
2.26712726377e+00
2.26800300288e+00
2.26710722717e+00
2.26798419720e+00
2.26797961619e+00
2.26667864173e+00
2.26718609111e+00
2.26755902495e+00
2.26778360546e+00
2.26745106750e+00
2.26716141312e+00
2.26761510290e+00
2.26843343986e+00
2.26782739097e+00
2.26655392743e+00
2.26685473525e+00
2.26907428352e+00
2.26737427263e+00
2.26793918465e+00
2.26834819195e+00
2.26717124420e+00
2.26748030462e+00
2.26791197645e+00
2.26780912536e+00
2.26774747513e+00
2.26764055597e+00
2.26780894653e+00
2.26839172613e+00
2.26735120428e+00
2.26801079342e+00
2.26668032622e+00
2.26827694848e+00
2.26577806261e+00
2.26787416004e+00
2.26669412912e+00
2.26791443490e+00
2.26618563857e+00
2.26534488161e+00
2.26793191853e+00
2.26750347072e+00
2.26697909145e+00
2.26805817354e+00
2.26757542977e+00
2.26742882388e+00
2.26753314760e+00
2.26736144315e+00
2.26738801258e+00
2.26756619721e+00
2.26745906526e+00
2.26677057268e+00
2.26897511069e+00
2.26667449329e+00
2.26845132465e+00
2.26847213663e+00
2.26795914522e+00
2.26844786401e+00
2.26811602091e+00
2.26639111141e+00
2.26708114659e+00
2.26824421340e+00
2.26755918560e+00
2.26779619400e+00
2.26668459627e+00
2.26793281121e+00
2.26666055650e+00
2.26735741659e+00
2.26843395814e+00
2.26832214631e+00
2.26779651248e+00
2.26821850093e+00
2.26816172992e+00
2.26749089157e+00
2.26854503000e+00
2.26712494172e+00
2.26806916093e+00
2.26794116450e+00
2.26758951327e+00
2.26776279115e+00
2.26706622619e+00
2.26643992773e+00
2.26845332002e+00
2.26741749026e+00
2.26710242580e+00
2.26614915152e+00
2.26840793760e+00
2.26773333427e+00
2.26834737598e+00
2.26689791597e+00
2.26879396867e+00
2.26702008093e+00
2.26700544858e+00
2.26682585879e+00
2.26709244636e+00
2.26816223607e+00
2.26717495392e+00
2.26852012965e+00
2.26793429413e+00
2.26835839111e+00
2.26764854243e+00