7.78083251726e-01
7.61846227928e-01
7.57026177717e-01
7.21408760275e-01
7.68162538059e-01
6.75624030748e-01
7.53460045487e-01
7.43675809775e-01
7.85774735508e-01
7.68277099217e-01
7.65608936136e-01
6.84202153569e-01
7.11998760059e-01
6.49864430760e-01
7.85475109135e-01
8.05116178505e-01
7.90908507908e-01
6.98070355700e-01
6.86736604231e-01
7.74973805943e-01
7.50481374204e-01
8.02599340795e-01
7.59773200902e-01
7.59108240283e-01
7.39384901784e-01
7.58371865774e-01
7.30677879079e-01
7.00644919553e-01
6.91286491492e-01
7.28036489651e-01
7.19675313031e-01
8.07671712522e-01
7.31143526182e-01
7.75798262509e-01
7.27112973359e-01
7.60289054485e-01
7.22835997321e-01
7.24870917316e-01
8.08914468003e-01
7.33010045107e-01
7.80625694903e-01
7.24134272122e-01
7.39789903573e-01
7.78274050439e-01
7.93348839145e-01
8.25972032766e-01
7.32754879256e-01
7.59967105702e-01
7.51097031708e-01
7.58312764166e-01
7.89907521661e-01
7.52319411077e-01
7.32833115742e-01
6.78566337174e-01
8.02750159365e-01
6.94956462542e-01
7.32493489915e-01
7.93774731861e-01
7.91665109879e-01
7.72013318911e-01
7.70401612263e-01
8.09513738640e-01
7.55648886330e-01
7.81073079889e-01
6.68693889648e-01
7.84681210556e-01
7.08758054740e-01
7.39622857882e-01
8.14225146829e-01
7.68499099052e-01
7.45503744444e-01
7.86647598885e-01
7.49598216126e-01
7.57235500028e-01
7.26373711180e-01
7.25328983963e-01
7.16276794186e-01
8.33717642100e-01
6.84323212034e-01
7.29124111708e-01
7.53252829350e-01
7.96507477191e-01
7.39519236792e-01
7.48152911016e-01
7.58736605029e-01
7.26996030957e-01
6.69372204533e-01
7.28741790816e-01
7.69027000031e-01
6.90763341824e-01
7.83974423473e-01
6.94681501660e-01
8.07422227308e-01
7.75459542167e-01
6.97723005803e-01
7.30000364996e-01
7.32163504897e-01
7.53302345392e-01
7.25028966788e-01
8.16311338370e-01
7.51394565042e-01
6.68194967978e-01
7.05992567210e-01
7.91347936307e-01
7.97478460207e-01
7.38271153580e-01
7.07421140407e-01
7.15994338745e-01
7.78385404831e-01
7.28495581592e-01
6.92948335657e-01
7.97757645752e-01
7.82126914030e-01
7.56872056884e-01
7.52927860201e-01
7.83940552592e-01
7.43495436951e-01
7.36485670311e-01
7.29783771201e-01
7.61620654367e-01
7.88515046346e-01
7.71772540943e-01
7.38004127788e-01
7.14978364125e-01
7.07433014987e-01
7.56397232428e-01
6.82416966375e-01
7.68165300541e-01
7.54254116312e-01
7.14069807867e-01
6.99797130878e-01
7.96569791832e-01
7.46271719546e-01
7.54879005189e-01
6.65924166131e-01
7.94951633768e-01
7.51289066562e-01
7.51829482798e-01
7.48347513294e-01
7.49751960383e-01
7.47732786961e-01
7.70750676448e-01
7.60880188115e-01
8.04901915923e-01
7.63875735616e-01
7.61844988698e-01
7.34873907955e-01
8.24215408526e-01
6.76942677783e-01
8.13849103950e-01
7.89151732976e-01
7.00135682611e-01
7.18498747786e-01
6.75963549571e-01
7.81395631662e-01
7.99474769499e-01
8.07338799419e-01
7.78504342873e-01
7.90388552622e-01
7.59345259836e-01
7.42346641823e-01
8.03525746341e-01
8.07784075147e-01
7.68322273723e-01
7.58562838713e-01
7.85708953648e-01
7.03145690052e-01
7.28188242329e-01
7.32664340263e-01
7.83572955037e-01
7.63288887590e-01
7.33251573227e-01
6.83384842002e-01
7.94598889595e-01
7.95947566672e-01
7.24260033845e-01
7.38154881619e-01
7.25445888683e-01
7.41144488153e-01
7.12891525283e-01
6.64411916415e-01
7.05033548971e-01
6.96588447461e-01
7.71181679752e-01
7.39601140941e-01
7.62646138592e-01
6.66372605099e-01
7.84604137145e-01
7.53053235135e-01
7.39194774765e-01
7.80718433464e-01
7.62709269983e-01
7.79820779350e-01
7.54875621422e-01
7.86060015974e-01
7.38051166671e-01
8.14060818732e-01
7.62458255610e-01
7.55962226018e-01
8.12164341526e-01
7.22902886018e-01
7.65346048870e-01
7.37517165945e-01
7.56233086740e-01
7.60290789136e-01
7.28166100556e-01
6.84442357846e-01
7.65299955402e-01
7.80761669486e-01
7.07327462751e-01
7.60416644948e-01
6.87055853195e-01
7.49216919871e-01
7.01899557255e-01
7.76350499613e-01
7.84064261784e-01
7.72181220272e-01
7.98896014759e-01
7.26454958466e-01
7.68812989297e-01
7.72306174420e-01
7.06531395015e-01
8.31588513925e-01
7.39111613359e-01
6.79146773891e-01
6.97881714564e-01
7.22696445734e-01
6.85075032038e-01
7.45877863450e-01
7.63222872532e-01
8.16741356688e-01
7.17182570285e-01
6.96175599360e-01
7.11449915969e-01
7.97698848295e-01
6.95302846196e-01
7.52357935810e-01
7.44416274460e-01
7.40464305665e-01
7.25849834602e-01
7.80357353508e-01
6.84172153757e-01
7.55300622105e-01
6.97967275690e-01
7.31148286231e-01
7.37841572844e-01
7.47286037046e-01
7.11945169970e-01
7.02589457842e-01
7.91336702036e-01
7.37428978685e-01
7.74077293501e-01
8.06202207115e-01
7.40621482133e-01
7.05982865902e-01
7.28717094273e-01
8.03878055606e-01
7.62452188509e-01
7.47485124052e-01
7.82500647945e-01
7.19918622756e-01
7.03008511618e-01
7.39528903108e-01
7.52210836273e-01
6.94519282703e-01
7.30363058860e-01
7.48901030538e-01
7.70097688536e-01
6.64522107828e-01
7.17495331113e-01
7.31867059195e-01
7.20418995686e-01
7.66641611369e-01
7.43055108652e-01
7.47703763161e-01
7.71809743753e-01
7.41357474425e-01
7.16248225492e-01
7.15024403214e-01
7.69670345559e-01
7.66818541023e-01
7.20318580433e-01
8.16702602520e-01
6.99618196099e-01
7.80078480198e-01
7.84922761298e-01
7.11880499659e-01
7.48166014023e-01
8.07387561875e-01
7.57381026574e-01
7.32496897649e-01
7.45057965764e-01
7.27574450448e-01
7.71205370071e-01
8.02076815305e-01
8.09063063011e-01
7.70045299615e-01
7.35401051591e-01
7.71778814387e-01
7.75032426638e-01
7.63868062398e-01
7.45713305858e-01
7.59138907691e-01
7.41520223197e-01
7.42594541726e-01
7.79801816164e-01
7.95857748805e-01
7.61665838325e-01
7.93311807319e-01
7.07118821514e-01
7.91263084605e-01
7.53977990933e-01
7.01262134601e-01
7.60850307028e-01
7.14821041426e-01
6.77363987917e-01
7.36882273609e-01
8.06044570625e-01
8.08698782973e-01
6.59391828469e-01
7.44971946683e-01
7.75326675858e-01
7.36495045986e-01
7.75169044458e-01
7.35386219314e-01
7.14096518804e-01
7.78620273722e-01
7.54544170434e-01
7.58631440490e-01
7.30555387806e-01
7.30483754395e-01
7.47396762987e-01
7.75407061065e-01
7.72629324090e-01
7.32374312603e-01
7.26105570294e-01
7.49628338424e-01
7.27394559302e-01
7.81113120836e-01
7.84675841257e-01
6.77686209884e-01
7.00600928271e-01
8.18139128831e-01
7.33723164432e-01
6.97375968078e-01
7.44362217997e-01
7.45739474671e-01
7.15116152011e-01
7.06922179600e-01
7.31276790910e-01
7.18972042630e-01
6.97746798819e-01
8.00284804227e-01
7.59669899889e-01
7.26561827115e-01
6.98815347443e-01
7.45293641663e-01
7.30690670538e-01
7.06581778573e-01
7.11735617911e-01
7.34600482572e-01
7.87167908011e-01
7.42826342983e-01
7.50162306184e-01
7.63984917794e-01
7.92570629960e-01
7.03739283439e-01
7.84170396419e-01
7.86752594135e-01
7.17935419119e-01
7.01517050459e-01
7.83507527923e-01
6.94275596378e-01
8.14052270318e-01
7.05209111283e-01
7.75080933140e-01
7.66772687455e-01
8.17024430689e-01
7.86852717922e-01
7.03312576336e-01
7.84027286805e-01
7.24789159022e-01
7.02387679741e-01
7.22454389656e-01
7.49547679556e-01
7.26514018382e-01
8.20418201141e-01
7.51787249306e-01
7.58368988770e-01
7.99382831179e-01
8.05124822919e-01
6.59503765964e-01
7.50103864480e-01
7.52734566085e-01
7.09751911803e-01
7.62926187691e-01
6.65185617383e-01
8.03465996919e-01
7.06154349445e-01
6.86019741159e-01
8.26832179447e-01
7.39897869720e-01
7.28853004632e-01
7.48055494959e-01
7.49875062461e-01
7.95076518819e-01
7.78892331952e-01
7.56451955073e-01
7.10112624941e-01
7.01217425542e-01
7.63461468187e-01
7.13162079818e-01
7.55899013255e-01
7.90290182740e-01
7.05980526186e-01
7.67801677621e-01
7.11053500247e-01
6.51361465846e-01
8.07019831084e-01
7.31079937248e-01
7.20664552263e-01
7.48766775465e-01
7.88271653434e-01
7.41158397795e-01
7.15485395039e-01
7.31570857124e-01
7.67699963791e-01
7.69246596076e-01
8.16711877524e-01
7.29807571638e-01
7.40561821820e-01
7.17612956487e-01
7.91554371000e-01
8.04460061577e-01
6.64176116688e-01
7.50840377263e-01
6.69511441914e-01
7.38735497555e-01
7.88840409295e-01
7.68093952021e-01
7.30081346426e-01
7.35509431611e-01
7.28309016150e-01
7.74069789658e-01
7.29733888458e-01
7.77540670163e-01
7.42985230664e-01
7.70953707514e-01
7.45339046834e-01
7.25988140348e-01
6.96353904741e-01
7.79489499775e-01
7.92059500873e-01
7.45688302452e-01
7.99143940201e-01
7.44376426819e-01
7.50230604486e-01
7.59814672835e-01
7.42116172949e-01
7.64133932597e-01
7.66203767979e-01
7.44092255353e-01
8.00210754911e-01
7.16800730778e-01
7.72641766896e-01
7.96368769579e-01
7.27759777482e-01
7.38013708378e-01
7.72388905972e-01
7.52634853954e-01
7.18250794740e-01
7.72163383433e-01
7.81880236768e-01
7.58485762632e-01
7.13624599457e-01
7.83874103600e-01
7.32019439659e-01
7.99377963100e-01
7.61968447940e-01
7.42633486140e-01
8.03616961675e-01
7.40715903910e-01
7.53045859449e-01
7.50418718960e-01
7.55290711304e-01
7.86390464673e-01
7.10015137750e-01
7.57110090474e-01
7.91660499850e-01
7.78141669251e-01
7.87238586420e-01
6.79675305439e-01
7.25061157524e-01
7.65062753310e-01
7.02229023330e-01
7.40541510415e-01
7.49917421536e-01
7.14725160041e-01
7.57876829869e-01
6.98933969525e-01
7.49984319468e-01