-9.50704111459e+00
-9.50482474445e+00
-9.47755918207e+00
-9.49522413442e+00
-9.49121901833e+00
-9.49839927773e+00
-9.47152350573e+00
-9.50387843538e+00
-9.48942912648e+00
-9.48131640152e+00
-9.47877853642e+00
-9.48076266051e+00
-9.47692913419e+00
-9.47687947825e+00
-9.49431483693e+00
-9.50224916943e+00
-9.49690955727e+00
-9.46821816357e+00
-9.47798250169e+00
-9.49301790053e+00
-9.47343004934e+00
-9.46214628386e+00
-9.48719906839e+00
-9.48402141424e+00
-9.48205482411e+00
-9.48117839080e+00
-9.48073673404e+00
-9.48052770022e+00
-9.47742177728e+00
-9.48826772708e+00
-9.49039577499e+00
-9.50242694347e+00
-9.49005580510e+00
-9.48138980738e+00
-9.47355329639e+00
-9.49084615055e+00
-9.48086019763e+00
-9.48326667153e+00
-9.48584111436e+00
-9.48403154696e+00
-9.46845427005e+00
-9.47953909532e+00
-9.47371160583e+00
-9.48965486122e+00
-9.50842786337e+00
-9.49013713229e+00
-9.49570069742e+00
-9.49471798756e+00
-9.47800515836e+00
-9.48165265686e+00
-9.48314445997e+00
-9.48751542804e+00
-9.45983519478e+00
-9.49642597212e+00
-9.47895468476e+00
-9.49644739012e+00
-9.46769121655e+00
-9.49251447620e+00
-9.47827162332e+00
-9.48484498020e+00
-9.49651284737e+00
-9.49979680560e+00
-9.48827196084e+00
-9.49566063603e+00
-9.45244380500e+00
-9.48294546738e+00
-9.47837916452e+00
-9.49442197907e+00
-9.47759525178e+00
-9.47918291309e+00
-9.48717846724e+00
-9.47546989893e+00
-9.47930183189e+00
-9.47170632166e+00
-9.48804172798e+00
-9.46911667737e+00
-9.49485927636e+00
-9.50102149017e+00
-9.48487261865e+00
-9.48940308997e+00
-9.47280520636e+00
-9.47749855480e+00
-9.46117333273e+00
-9.48964521212e+00
-9.49638745099e+00
-9.48813663550e+00
-9.48541636281e+00
-9.50023493582e+00
-9.48090298024e+00
-9.48311978629e+00
-9.49020568024e+00
-9.47695482755e+00
-9.48820924451e+00
-9.49655603660e+00
-9.45455053025e+00
-9.48261910327e+00
-9.50294929724e+00
-9.49208112802e+00
-9.45815520897e+00
-9.46958729784e+00
-9.49866151903e+00
-9.49451223936e+00
-9.47328674371e+00
-9.50189013136e+00
-9.48021359205e+00
-9.49248664058e+00
-9.49402664950e+00
-9.49060121097e+00
-9.48907419505e+00
-9.48267232574e+00
-9.49943993188e+00
-9.48714449862e+00
-9.48701787966e+00
-9.48896999373e+00
-9.47825412779e+00
-9.48949701630e+00
-9.45844055279e+00
-9.50220910628e+00
-9.50674372480e+00
-9.49749167928e+00
-9.47512738573e+00
-9.47200619612e+00
-9.44426346117e+00
-9.48825051142e+00
-9.46944268893e+00
-9.48790180574e+00
-9.50862047642e+00
-9.47726810186e+00
-9.47154968153e+00
-9.46551072481e+00
-9.46794466486e+00
-9.50387795410e+00
-9.46704339054e+00
-9.48559322798e+00
-9.46876709908e+00
-9.47858851761e+00
-9.47566495124e+00
-9.49306848891e+00
-9.46256144260e+00
-9.48267236884e+00
-9.50011342315e+00
-9.47751908025e+00
-9.47589002467e+00
-9.47023288494e+00
-9.48426457500e+00
-9.47152783606e+00
-9.49396358992e+00
-9.47401217873e+00
-9.49315042939e+00
-9.47786167803e+00
-9.46903351405e+00
-9.50558667155e+00
-9.50818293008e+00
-9.48122529269e+00
-9.47816418600e+00
-9.47666519730e+00
-9.48188757370e+00
-9.48725536281e+00
-9.50067961051e+00
-9.46222542276e+00
-9.45646878255e+00
-9.49030106283e+00
-9.49559018597e+00
-9.48295132391e+00
-9.48626834396e+00
-9.48583897372e+00
-9.48717839767e+00
-9.49801144584e+00
-9.46664840004e+00
-9.47955076878e+00
-9.47610936060e+00
-9.48147561927e+00
-9.49541934081e+00
-9.48747786661e+00
-9.48904862044e+00
-9.47033661893e+00
-9.46682249379e+00
-9.49691215735e+00
-9.48936480430e+00
-9.45062011686e+00
-9.46250998770e+00
-9.48324468366e+00
-9.46698456244e+00
-9.51645929903e+00
-9.49694258918e+00
-9.47809578083e+00
-9.46896244118e+00
-9.49063878278e+00
-9.46486240047e+00
-9.46797607571e+00
-9.47139463154e+00
-9.50273433866e+00
-9.51588829517e+00
-9.48811405208e+00
-9.51964474411e+00
-9.50043235099e+00
-9.47109807477e+00
-9.47275205698e+00
-9.49638293428e+00
-9.45436898711e+00
-9.50367708435e+00
-9.47643333926e+00
-9.48142870272e+00
-9.49817715737e+00
-9.51092963474e+00
-9.46151639551e+00
-9.49159174137e+00
-9.47444989550e+00
-9.49397872566e+00
-9.48011928086e+00
-9.45161344855e+00
-9.51678407668e+00
-9.47508707261e+00
-9.46163781794e+00
-9.48783891181e+00
-9.45389717238e+00
-9.50059143926e+00
-9.48087569805e+00
-9.48069730345e+00
-9.47774418938e+00
-9.47909557417e+00
-9.48283903833e+00
-9.46293571162e+00
-9.46136922902e+00
-9.49055688833e+00
-9.48467139967e+00
-9.48023133249e+00
-9.48541567913e+00
-9.49696599552e+00
-9.47623914006e+00
-9.50649631509e+00
-9.48193983415e+00
-9.46647681152e+00
-9.45329660560e+00
-9.49380297394e+00
-9.48403296135e+00
-9.49621033396e+00
-9.49593744983e+00
-9.48257940164e+00
-9.48557465176e+00
-9.48254467303e+00
-9.45769872316e+00
-9.48568774687e+00
-9.47426113271e+00
-9.47692145924e+00
-9.49530731253e+00
-9.46572879412e+00
-9.49612777559e+00
-9.50105727680e+00
-9.48756563968e+00
-9.48227251435e+00
-9.48558410873e+00
-9.50000270262e+00
-9.48580997759e+00
-9.48873108848e+00
-9.47618991991e+00
-9.49284869612e+00
-9.49591422598e+00
-9.47698745578e+00
-9.46721882569e+00
-9.49423516229e+00
-9.46851528990e+00
-9.47720624636e+00
-9.47601438500e+00
-9.49516846034e+00
-9.49135494149e+00
-9.46149591085e+00
-9.47249493430e+00
-9.48209484949e+00
-9.51595560116e+00
-9.48662900750e+00
-9.46928835817e+00
-9.46348098523e+00
-9.47365163718e+00
-9.47576675305e+00
-9.49574332321e+00
-9.45524111746e+00
-9.50022087299e+00
-9.50354037552e+00
-9.47712344800e+00
-9.47938509715e+00
-9.47477523529e+00
-9.47800067593e+00
-9.48035446692e+00
-9.50460206378e+00
-9.48395351097e+00
-9.47188479539e+00
-9.47672724979e+00
-9.46140800507e+00
-9.49609021686e+00
-9.50532047237e+00
-9.49979978585e+00
-9.48907468018e+00
-9.48570082012e+00
-9.46202870134e+00
-9.51914578449e+00
-9.46297910585e+00
-9.47450968463e+00
-9.48718555820e+00
-9.48459839912e+00
-9.47993123181e+00
-9.48844707079e+00
-9.47078398016e+00
-9.48098278602e+00
-9.49417637682e+00
-9.47150644495e+00
-9.50196591806e+00
-9.50758113867e+00
-9.48339723347e+00
-9.47850127057e+00
-9.49159373557e+00
-9.46832739157e+00
-9.50072832810e+00
-9.50797641238e+00
-9.48182413744e+00
-9.49863853229e+00
-9.49465029656e+00
-9.48608259954e+00
-9.50369618086e+00
-9.47607109968e+00
-9.49912633717e+00
-9.47451121727e+00
-9.44378870177e+00
-9.48776250683e+00
-9.46634773329e+00
-9.49503597551e+00
-9.48017076877e+00
-9.48425666240e+00
-9.50131169254e+00
-9.48411485741e+00
-9.48859844793e+00
-9.50416099924e+00
-9.48500277729e+00
-9.48707996049e+00
-9.48942559507e+00
-9.50493658302e+00
-9.48865109142e+00
-9.47790516911e+00
-9.47622584528e+00
-9.48435289357e+00
-9.49790075522e+00
-9.46828408053e+00
-9.47445775010e+00
-9.49437354660e+00
-9.46688815809e+00
-9.48330359055e+00
-9.49877278016e+00
-9.46945933554e+00
-9.47309504227e+00
-9.48221849429e+00
-9.47890173448e+00
-9.48117246474e+00
-9.50869206107e+00
-9.49657373445e+00
-9.48821960563e+00
-9.48132729372e+00
-9.49331915457e+00
-9.47270515545e+00
-9.48897912070e+00
-9.48663366634e+00
-9.48575947590e+00
-9.45750683778e+00
-9.50211903332e+00
-9.49894494368e+00
-9.46586800804e+00
-9.48908188531e+00
-9.46637474796e+00
-9.47969753225e+00
-9.47415236071e+00
-9.50977515504e+00
-9.47450364529e+00
-9.45886939575e+00
-9.48628301586e+00
-9.49617459584e+00
-9.49051831041e+00
-9.47031063094e+00
-9.51050883047e+00
-9.47323533318e+00
-9.48542660703e+00
-9.47664635690e+00
-9.48856086575e+00
-9.48363670936e+00
-9.46379232358e+00
-9.50315459871e+00
-9.49704004482e+00
-9.49660066302e+00
-9.45765824470e+00
-9.48357013659e+00
-9.48197172599e+00
-9.48223439136e+00
-9.49662535907e+00
-9.49486372068e+00
-9.47443459992e+00
-9.49590425350e+00
-9.49537752320e+00
-9.49840705680e+00
-9.47648420560e+00
-9.49871986142e+00
-9.47827961479e+00
-9.45834585335e+00
-9.45511552870e+00
-9.46099873267e+00
-9.48783611761e+00
-9.47773014886e+00
-9.46408915557e+00
-9.49658650257e+00
-9.49080000058e+00
-9.48544822209e+00
-9.46355573774e+00
-9.47605266592e+00
-9.49790356281e+00
-9.48381119274e+00
-9.48529839881e+00
-9.49222866660e+00
-9.46974443713e+00
-9.51052432153e+00
-9.50439560977e+00
-9.45575536905e+00
-9.48096519495e+00
-9.48052427000e+00
-9.47520352082e+00
-9.49514060629e+00
-9.47810261320e+00
-9.48738364514e+00
-9.48370557937e+00
-9.48023323752e+00
-9.47883784108e+00
-9.48446842989e+00
-9.50206081650e+00
-9.50383208251e+00
-9.48432631935e+00
-9.47613252036e+00
-9.47115153306e+00
-9.48650774181e+00
-9.49290414576e+00
-9.48986497419e+00
-9.49223816247e+00
-9.49022710899e+00
-9.49269153434e+00
-9.48551840799e+00
-9.49555254617e+00
-9.48973437271e+00
-9.49701287795e+00
-9.47959956057e+00
-9.46867994046e+00
-9.47920943730e+00
-9.49727638973e+00
-9.48099950777e+00
-9.47097241043e+00
-9.47067521975e+00
-9.47686686212e+00
-9.49152077590e+00
-9.47833851034e+00
-9.48255159544e+00
-9.47517482920e+00
-9.48171344794e+00
-9.48267734129e+00
-9.47535997524e+00
-9.48656189378e+00
-9.48631968061e+00
-9.48660656838e+00
-9.46199339911e+00
-9.50315728817e+00
-9.48091931882e+00
-9.51309873343e+00
-9.47023069944e+00
-9.47558123234e+00
-9.47424424615e+00
-9.47311496837e+00
-9.48046672783e+00
-9.47591873891e+00
-9.49498354720e+00
-9.46611589337e+00
-9.46711576726e+00
-9.47474100785e+00
-9.47393251944e+00
-9.48323228313e+00
-9.48048821351e+00
-9.48717744046e+00
-9.46696100217e+00
-9.47826053105e+00
-9.48826720906e+00
-9.49149616157e+00
-9.47798266479e+00
-9.48253158042e+00
-9.48101911511e+00
-9.48701360891e+00
-9.47564199292e+00
-9.49894207847e+00
-9.48755271499e+00
-9.48055612387e+00
-9.48632749799e+00
-9.46961826788e+00
-9.50011271812e+00
-9.46862348704e+00
-9.47564482556e+00
-9.50560759329e+00
-9.48785361335e+00
-9.49020708653e+00
-9.49000150580e+00
-9.48365897334e+00