-3.41220261346e+00
-3.41072957443e+00
-3.40468469478e+00
-3.41706038184e+00
-3.40999201496e+00
-3.41832047637e+00
-3.40445455723e+00
-3.41268722423e+00
-3.41262567586e+00
-3.41632377020e+00
-3.40542701664e+00
-3.41235824243e+00
-3.42053679009e+00
-3.42187412972e+00
-3.40462691226e+00
-3.41336349716e+00
-3.41557299071e+00
-3.41367876422e+00
-3.41630349417e+00
-3.41611583926e+00
-3.41606838868e+00
-3.40621874005e+00
-3.40930558918e+00
-3.40514738093e+00
-3.41133692191e+00
-3.40658073534e+00
-3.41157503693e+00
-3.41253888681e+00
-3.41305873707e+00
-3.40602573061e+00
-3.40985052103e+00
-3.40901563056e+00
-3.41473196147e+00
-3.40174834207e+00
-3.41360352922e+00
-3.41053099414e+00
-3.41465977843e+00
-3.40641294185e+00
-3.40587774761e+00
-3.40534216729e+00
-3.40468699759e+00
-3.41073953983e+00
-3.40262472487e+00
-3.40652596386e+00
-3.41734314683e+00
-3.42063662625e+00
-3.41669175560e+00
-3.41165241895e+00
-3.40688637380e+00
-3.40243542930e+00
-3.41306031562e+00
-3.41542084640e+00
-3.40772534706e+00
-3.41156887784e+00
-3.40908306195e+00
-3.40603326715e+00
-3.40747262432e+00
-3.41015235223e+00
-3.41197603358e+00
-3.41223334610e+00
-3.40018242329e+00
-3.41641335428e+00
-3.41701408706e+00
-3.41916353227e+00
-3.41093433968e+00
-3.40888580918e+00
-3.41628990230e+00
-3.42143362604e+00
-3.39737819136e+00
-3.42085349150e+00
-3.40944350861e+00
-3.41072449627e+00
-3.40900520050e+00
-3.40679150061e+00
-3.40204228586e+00
-3.41277031419e+00
-3.41332322738e+00
-3.41745247315e+00
-3.42239864504e+00
-3.40234447672e+00
-3.40902168718e+00
-3.41033477253e+00
-3.40724734982e+00
-3.41447470179e+00
-3.40849446354e+00
-3.41214744730e+00
-3.41940630122e+00
-3.41293704427e+00
-3.40410575942e+00
-3.40815136685e+00
-3.41321092079e+00
-3.41610401543e+00
-3.41133462184e+00
-3.41549453221e+00
-3.40106148255e+00
-3.41082032103e+00
-3.42336053360e+00
-3.40687041499e+00
-3.40169079775e+00
-3.40603723149e+00
-3.41029453945e+00
-3.40724672074e+00
-3.41583934665e+00
-3.40109394380e+00
-3.40112529166e+00
-3.41842093669e+00
-3.41901298405e+00
-3.40268724921e+00
-3.41160235377e+00
-3.40544741780e+00
-3.41316491519e+00
-3.40802629463e+00
-3.41434720621e+00
-3.41695508636e+00
-3.40934200549e+00
-3.41195490024e+00
-3.40864375402e+00
-3.41114986999e+00
-3.41997988821e+00
-3.41165641879e+00
-3.41684756092e+00
-3.40255034742e+00
-3.40073669083e+00
-3.42354598449e+00
-3.41049021505e+00
-3.41551737252e+00
-3.40687451834e+00
-3.41082723949e+00
-3.41563210480e+00
-3.41749680162e+00
-3.40721204553e+00
-3.42027586314e+00
-3.41351737578e+00
-3.41842370851e+00
-3.41675737647e+00
-3.41388732583e+00
-3.41078497252e+00
-3.40814927886e+00
-3.40537219119e+00
-3.40701225625e+00
-3.42691185131e+00
-3.40769861709e+00
-3.40743632462e+00
-3.42021828687e+00
-3.41199581142e+00
-3.41623264259e+00
-3.41655406809e+00
-3.40987920146e+00
-3.40724595199e+00
-3.41392108567e+00
-3.40639162311e+00
-3.42028352399e+00
-3.41256599157e+00
-3.41137269557e+00
-3.40704263590e+00
-3.41608799581e+00
-3.40157832619e+00
-3.41081547436e+00
-3.41041337620e+00
-3.40941353294e+00
-3.40739000558e+00
-3.40651893248e+00
-3.41255179337e+00
-3.40856063492e+00
-3.40519730901e+00
-3.41673107545e+00
-3.41125919626e+00
-3.41482709615e+00
-3.40760270478e+00
-3.40124353087e+00
-3.40966971879e+00
-3.40399273333e+00
-3.41767239498e+00
-3.41075560244e+00
-3.42566995283e+00
-3.41291559213e+00
-3.40677661369e+00
-3.40836968195e+00
-3.41325054756e+00
-3.40402385239e+00
-3.39954114636e+00
-3.41088599119e+00
-3.40830201133e+00
-3.41633834655e+00
-3.40229229656e+00
-3.40799117626e+00
-3.40664089738e+00
-3.40657731776e+00
-3.41078606146e+00
-3.40715089082e+00
-3.40203520210e+00
-3.41074199913e+00
-3.41525062866e+00
-3.40240947537e+00
-3.41555666251e+00
-3.41590875492e+00
-3.41578650877e+00
-3.41035886155e+00
-3.41795077365e+00
-3.40111407779e+00
-3.41225709644e+00
-3.40879709213e+00
-3.40947730967e+00
-3.40167022253e+00
-3.40967875776e+00
-3.41417566374e+00
-3.40859766647e+00
-3.40125909498e+00
-3.42214067365e+00
-3.41993363136e+00
-3.40228981907e+00
-3.42315285672e+00
-3.40821210182e+00
-3.40416965265e+00
-3.41608326188e+00
-3.40671548861e+00
-3.40607893836e+00
-3.42214176117e+00
-3.39886587712e+00
-3.40994087114e+00
-3.40842152626e+00
-3.41225362921e+00
-3.39882133190e+00
-3.41121601879e+00
-3.41551549367e+00
-3.41142301764e+00
-3.40651986976e+00
-3.40882646879e+00
-3.40456490142e+00
-3.40649466843e+00
-3.41535222765e+00
-3.41746157171e+00
-3.40892643385e+00
-3.41255766723e+00
-3.41077597410e+00
-3.42338624422e+00
-3.41436050058e+00
-3.40671441368e+00
-3.39951578412e+00
-3.41471192851e+00
-3.41639092228e+00
-3.39933251942e+00
-3.41554103877e+00
-3.40843674558e+00
-3.39907077932e+00
-3.42076262508e+00
-3.40948347916e+00
-3.41601044383e+00
-3.39666411967e+00
-3.41512700904e+00
-3.41683726316e+00
-3.39936943068e+00
-3.40886393970e+00
-3.41208230398e+00
-3.40640121827e+00
-3.41538342079e+00
-3.41298357678e+00
-3.41125083159e+00
-3.40998464070e+00
-3.40596747318e+00
-3.41353226913e+00
-3.41148656540e+00
-3.41744776656e+00
-3.41163147729e+00
-3.40945179952e+00
-3.40811843464e+00
-3.40127970508e+00
-3.41132953087e+00
-3.42254470521e+00
-3.41666634849e+00
-3.40665074677e+00
-3.40561137413e+00
-3.40698097225e+00
-3.41344533075e+00
-3.41351842136e+00
-3.41675930489e+00
-3.40387323826e+00
-3.42124407670e+00
-3.42012908220e+00
-3.40770761653e+00
-3.41285865327e+00
-3.40964202933e+00
-3.40185536300e+00
-3.41742645998e+00
-3.41573057086e+00
-3.39354463240e+00
-3.40743291489e+00
-3.41651189161e+00
-3.40744645523e+00
-3.40659851649e+00
-3.40508963527e+00
-3.41114788363e+00
-3.40776519889e+00
-3.41064077446e+00
-3.40640755790e+00
-3.42527364025e+00
-3.40779291086e+00
-3.41308472505e+00
-3.40120956118e+00
-3.41242920029e+00
-3.40743668096e+00
-3.42048311313e+00
-3.41010953441e+00
-3.41247543627e+00
-3.41681770035e+00
-3.40460271744e+00
-3.41096556496e+00
-3.41207235104e+00
-3.41384889951e+00
-3.40378873769e+00
-3.41188242959e+00
-3.41919603766e+00
-3.41972181535e+00
-3.41301306729e+00
-3.41282471520e+00
-3.40964269923e+00
-3.40577279316e+00
-3.41455276503e+00
-3.41407589377e+00
-3.40650021426e+00
-3.40670452697e+00
-3.41522582883e+00
-3.40170993638e+00
-3.40581674398e+00
-3.41561996461e+00
-3.41777620867e+00
-3.41992885933e+00
-3.40560499299e+00
-3.41312065441e+00
-3.41131049731e+00
-3.41056341530e+00
-3.42164884761e+00
-3.42091814020e+00
-3.41227505353e+00
-3.41744770098e+00
-3.40565361634e+00
-3.41023829908e+00
-3.41012777677e+00
-3.40772612387e+00
-3.40722575824e+00
-3.41057120445e+00
-3.41089415012e+00
-3.40566924921e+00
-3.40824533894e+00
-3.39912429210e+00
-3.40895789077e+00
-3.41314866966e+00
-3.41228144325e+00
-3.40368948448e+00
-3.41367293499e+00
-3.40252151680e+00
-3.40627727366e+00
-3.41492183499e+00
-3.42095936277e+00
-3.42324310770e+00
-3.41435735380e+00
-3.40988152278e+00
-3.40900134522e+00
-3.41418280056e+00
-3.41733679288e+00
-3.40894131763e+00
-3.40710101354e+00
-3.42236296003e+00
-3.41438981383e+00
-3.41047706160e+00
-3.40982579768e+00
-3.40359705407e+00
-3.41171973335e+00
-3.40956429789e+00
-3.41592367584e+00
-3.40754700340e+00
-3.40541380984e+00
-3.42045281123e+00
-3.41883567298e+00
-3.40479759229e+00
-3.40945550611e+00
-3.41742432598e+00
-3.41377013129e+00
-3.41822403180e+00
-3.41166841580e+00
-3.40741580162e+00
-3.41313608473e+00
-3.40825123704e+00
-3.40985305834e+00
-3.40584608983e+00
-3.42192309322e+00
-3.40977172795e+00
-3.40997983547e+00
-3.41211391634e+00
-3.41399973713e+00
-3.40369722133e+00
-3.41493135759e+00
-3.41446196260e+00
-3.41749920812e+00
-3.41405054789e+00
-3.41095823061e+00
-3.41420170620e+00
-3.42300364168e+00
-3.41121381028e+00
-3.40044352083e+00
-3.40530010789e+00
-3.40653835810e+00
-3.40626211651e+00
-3.40375380045e+00
-3.40381281476e+00
-3.40835012376e+00
-3.41397165051e+00
-3.41434584221e+00
-3.40847525777e+00
-3.40203943523e+00
-3.41029305880e+00
-3.42341919718e+00
-3.41280139913e+00
-3.41350397536e+00
-3.40604009518e+00
-3.42140375630e+00
-3.41209167590e+00
-3.41143761272e+00
-3.41053059788e+00
-3.41774741078e+00
-3.40774523462e+00
-3.41616057070e+00
-3.40713781622e+00
-3.39989726601e+00
-3.42368071437e+00
-3.40266085954e+00
-3.41581982141e+00
-3.41257195733e+00
-3.42432090357e+00
-3.41607435580e+00
-3.41465856769e+00
-3.41859558328e+00
-3.39332091801e+00
-3.41422851315e+00
-3.41982057541e+00
-3.41149224891e+00
-3.42252506286e+00
-3.41076037304e+00
-3.41259296563e+00
-3.41696170487e+00
-3.41230155147e+00
-3.40940923172e+00
-3.41562231504e+00
-3.40697132522e+00
-3.42222707874e+00
-3.41415136319e+00
-3.41647949798e+00
-3.41677768970e+00
-3.40730821239e+00
-3.40657746192e+00
-3.41068798319e+00
-3.41513272443e+00
-3.41280408433e+00
-3.41351405834e+00
-3.40772700763e+00
-3.41433571712e+00
-3.41513364124e+00
-3.40258434790e+00
-3.41236994162e+00
-3.41432925947e+00
-3.42855339059e+00
-3.40117196650e+00
-3.41435676879e+00
-3.40669359673e+00
-3.41512977182e+00
-3.41195280511e+00
-3.41032337873e+00
-3.41133290242e+00
-3.41204861787e+00
-3.40694861173e+00
-3.40102539568e+00
-3.42187313214e+00
-3.41002912534e+00
-3.42107853142e+00
-3.40729118493e+00
-3.41036502334e+00
-3.41460153766e+00
-3.40674566601e+00
-3.40881537052e+00
-3.40736018661e+00
-3.41042303670e+00
-3.40557492627e+00
-3.41259503753e+00
-3.40370527237e+00
-3.41293002638e+00
-3.41061200961e+00
-3.40931860541e+00
-3.40360872449e+00
-3.41591575405e+00
-3.41293413272e+00
-3.40009377205e+00
-3.40751793104e+00
-3.40904187481e+00
-3.40614832188e+00
-3.40530554077e+00
-3.42194045272e+00
-3.41614304768e+00
-3.41666772747e+00
-3.40979024077e+00
-3.41944549663e+00
-3.41097498641e+00