7.13523973700e-01
6.50026185996e-01
6.68951043670e-01
6.09536625513e-01
6.59567278998e-01
6.40699568593e-01
8.09239947649e-01
5.89421842308e-01
5.58685333031e-01
6.67844592774e-01
7.48778794684e-01
6.32835598324e-01
7.82731945400e-01
6.04095490094e-01
6.11970757228e-01
6.76173847049e-01
7.77081019854e-01
5.43307217470e-01
8.00513485619e-01
6.01181037281e-01
6.08728618966e-01
6.45516842272e-01
6.96545795357e-01
7.67556069949e-01
6.25648001036e-01
6.97605304817e-01
7.50601157255e-01
7.34821997358e-01
7.60068278860e-01
7.99105328825e-01
6.52221511938e-01
7.75681108093e-01
6.18064445208e-01
7.77141480485e-01
7.63458273282e-01
7.82083152484e-01
8.33762113402e-01
7.40097206992e-01
7.02392968839e-01
7.81933445934e-01
7.74893390516e-01
6.76544150152e-01
6.76733372031e-01
7.08848297532e-01
7.36033390658e-01
7.71739916030e-01
7.05113267671e-01
6.83983745867e-01
6.62440753481e-01
7.67569495850e-01
7.12860024152e-01
6.02053105513e-01
7.78704872120e-01
7.08412162589e-01
7.02055683551e-01
7.82454448888e-01
7.89289554014e-01
6.05582421608e-01
5.88327572938e-01
7.93654652152e-01
6.66877337401e-01
8.05848658559e-01
6.60567488222e-01
6.21576630719e-01
6.53134344850e-01
6.38371404908e-01
8.39103061618e-01
7.73129111350e-01
7.06490778854e-01
7.11945943379e-01
7.08248104894e-01
8.11399234002e-01
7.93330704016e-01
6.33066782136e-01
6.35631465066e-01
7.94149861924e-01
7.17542532386e-01
7.41145592802e-01
7.01004659645e-01
6.64138392747e-01
6.89839125474e-01
7.41833491271e-01
6.65749149235e-01
6.57341850041e-01
6.97169775544e-01
7.41755582132e-01
7.02110487521e-01
6.80646662808e-01
7.27286629942e-01
7.56492431847e-01
7.61293048907e-01
7.87895705324e-01
6.20522264129e-01
6.47317338184e-01
6.65467296474e-01
7.23850592788e-01
6.85987590971e-01
8.10966560901e-01
6.79439849353e-01
8.37057384177e-01
7.89791909307e-01
6.35583175445e-01
7.53493663551e-01
6.78035329666e-01
7.67059056972e-01
7.00445741144e-01
7.05680997800e-01
7.60456788796e-01
6.77767086369e-01
7.47123650093e-01
6.56975202320e-01
6.40298974039e-01
6.33729868882e-01
6.91516144651e-01
6.65408565366e-01
7.96165577096e-01
6.99251766763e-01
6.88093581390e-01
7.47013456755e-01
6.81928152659e-01
6.07464403469e-01
6.98684264735e-01
6.62751015369e-01
6.75640282196e-01
8.33162149384e-01
7.32824725110e-01
6.40958170170e-01
8.10031797709e-01
7.46896819288e-01
6.17522658434e-01
8.50610281043e-01
6.18948041769e-01
7.81942745307e-01
6.40598250149e-01
7.34249363090e-01
7.31763119376e-01
7.80813278291e-01
6.86812426719e-01
5.18764646798e-01
7.00232891630e-01
8.51742169624e-01
5.82313429467e-01
8.00412274328e-01
6.96056232307e-01
7.21143241805e-01
6.31063112123e-01
6.49502165272e-01
7.30608675815e-01
7.08219745674e-01
6.85003790524e-01
6.80186198748e-01
7.32588047227e-01
6.49574959669e-01
7.56513230694e-01
7.38341452643e-01
6.40766907485e-01
8.00618305430e-01
6.96315939353e-01
7.25008852929e-01
6.19360185095e-01
6.73860219350e-01
7.26588666376e-01
7.06106862627e-01
7.27687735113e-01
6.94117118022e-01
7.40223588360e-01
5.96460902378e-01
6.91758935815e-01
7.05410744026e-01
7.54760960407e-01
6.40408095669e-01
5.86646623193e-01
6.48207893485e-01
6.75782543615e-01
7.32940041314e-01
7.14321116392e-01
7.96984506596e-01
7.70739514302e-01
7.29774940367e-01
6.88481337862e-01
7.24544424358e-01
6.25639194516e-01
7.56472798799e-01
7.60993040235e-01
8.31023545913e-01
6.14668604918e-01
7.00918540368e-01
7.20430232473e-01
7.96235349847e-01
6.10901011489e-01
6.36270056791e-01
6.83135885675e-01
6.42727483206e-01
6.55522182935e-01
6.21651778428e-01
6.94612426693e-01
6.98592104063e-01
6.96938198841e-01
6.61085832204e-01
7.42203775352e-01
6.65702322601e-01
6.10032877742e-01
7.15182999335e-01
5.49706195242e-01
6.42415392623e-01
6.54310807809e-01
7.00621577195e-01
6.94581958085e-01
7.69140283072e-01
6.45063281279e-01
7.27745454795e-01
7.77447347137e-01
8.83454439973e-01
7.33236732577e-01
8.39539607804e-01
7.04481100198e-01
7.14139980264e-01
7.71477176366e-01
5.71539907044e-01
7.80209886592e-01
6.70582837899e-01
7.51851465506e-01
7.04278118735e-01
6.46315494204e-01
6.92857746483e-01
5.70175474330e-01
7.22276476849e-01
6.80144547125e-01
6.00778355800e-01
7.82393722722e-01
7.44111160397e-01
6.78804375829e-01
5.78188054698e-01
6.40339284830e-01
7.13919445761e-01
6.44995379439e-01
6.58727148522e-01
7.10447299048e-01
6.80787687329e-01
7.60367233687e-01
6.85788663510e-01
5.83010389762e-01
7.18851862706e-01
6.13681116386e-01
8.39093785474e-01
7.41871062596e-01
7.70826716332e-01
6.76885926000e-01
6.93334895294e-01
7.30514425291e-01
7.63818015705e-01
7.80271256744e-01
7.23826638316e-01
8.63823825930e-01
7.42315356549e-01
7.04523869971e-01
6.79653273918e-01
6.75229004699e-01
6.29844678188e-01
6.51591690910e-01
6.53570307397e-01
6.31733375501e-01
6.90061113335e-01
6.00208267850e-01
6.39241417500e-01
6.08436758182e-01
6.57495759292e-01
7.70911688972e-01
7.26793525631e-01
7.08510535034e-01
8.05946078556e-01
4.74447269525e-01
7.65459254329e-01
7.23455505587e-01
7.26733691505e-01
7.74160249551e-01
6.70379434277e-01
7.34990188601e-01
6.00947487787e-01
8.07767507111e-01
7.26884728849e-01
6.76480435224e-01
7.88390485002e-01
5.79079273650e-01
6.25818600004e-01
7.85421768844e-01
8.34421970831e-01
6.54854854606e-01
6.65794102496e-01
7.46530837336e-01
7.10836511873e-01
6.45390455886e-01
6.77749600962e-01
7.01806826756e-01
6.98379311132e-01
7.61403822645e-01
7.43680812869e-01
6.44553807566e-01
6.15591843874e-01
6.37245308043e-01
7.41194664759e-01
7.49209555682e-01
7.10659498184e-01
8.54098503427e-01
7.06434803436e-01
6.42126389720e-01
7.08035916785e-01
6.08289185272e-01
7.34055720163e-01
6.17960844256e-01
6.26301639054e-01
7.75588687078e-01
6.64900481943e-01
7.38405113927e-01
7.60163334924e-01
6.80364442415e-01
5.57873375823e-01
8.39462451462e-01
7.27608885668e-01
6.93846863013e-01
7.20333845542e-01
6.51668217677e-01
7.55478106519e-01
5.80227235446e-01
6.92451357503e-01
7.84631102737e-01
7.15609391758e-01
7.93783844667e-01
7.90177315803e-01
6.56034776536e-01
6.02701693345e-01
7.26030725027e-01
8.38805283305e-01
7.19143715418e-01
7.28803412490e-01
6.76862769414e-01
8.82223639673e-01
7.43796575070e-01
7.46772911196e-01
8.61770446592e-01
5.86374406123e-01
7.06648540443e-01
8.08084427581e-01
6.06286648017e-01
6.49499739146e-01
6.92982614017e-01
6.77636842048e-01
6.14350171559e-01
6.48505912457e-01
6.96784184152e-01
7.23562908110e-01
7.48294097028e-01
7.59791166543e-01
6.38024149608e-01
6.51290336887e-01
7.52995044689e-01
5.84321226788e-01
7.96115492685e-01
6.31234004096e-01
6.87272271938e-01
6.54524668420e-01
6.75985333714e-01
6.85992377504e-01
6.90499483209e-01
6.65781447716e-01
5.98221490530e-01
6.33733628427e-01
8.03628970099e-01
7.56469878926e-01
8.22038901915e-01
5.65733584240e-01
6.57208524058e-01
6.24691671360e-01
6.72544926690e-01
6.30464952000e-01
7.07824417810e-01
7.19873389032e-01
7.08746961353e-01
6.77861161744e-01
6.04230336539e-01
6.94467979245e-01
8.20527193800e-01
6.78357412819e-01
7.08801477607e-01
7.33876491999e-01
7.19690217254e-01
7.29453604777e-01
7.69350413614e-01
7.54924555255e-01
7.42256964133e-01
6.94569794152e-01
7.04038143196e-01
7.12841416270e-01
7.74442998781e-01
6.24788952114e-01
7.14707626131e-01
7.83024351390e-01
7.02280287045e-01
6.84156105478e-01
7.58484332962e-01
6.57313719104e-01
6.75253150812e-01
6.68818842810e-01
7.93752790634e-01
6.36513870452e-01
6.71029881724e-01
6.65333160699e-01
7.71067801660e-01
7.35473616143e-01
7.34480442580e-01
7.24414195132e-01
6.70913051043e-01
6.26322883081e-01
7.63285997962e-01
7.04397893905e-01
6.52356839190e-01
7.65645437907e-01
7.18415823256e-01
7.01924494148e-01
6.97994651235e-01
7.51214024155e-01
5.86101677335e-01
7.52201549565e-01
7.26543384423e-01
5.79399095456e-01
7.65124931870e-01
6.73582951650e-01
6.85232747236e-01
7.63821642408e-01
7.44809600935e-01
6.81204115873e-01
6.04379558738e-01
6.05412932069e-01
6.81265333764e-01
6.45765053230e-01
6.90585966064e-01
7.73357428439e-01
7.22092461257e-01
6.82269173227e-01
7.37605153502e-01
7.85530963682e-01
6.53924649377e-01
6.87627954660e-01
6.99708928820e-01
7.68466789429e-01
7.88606681525e-01
6.72982061421e-01
7.53615127086e-01
7.26605879142e-01
5.60068791155e-01
6.35738583297e-01
8.12467220047e-01
8.46181397998e-01
6.60384908237e-01
8.34572810478e-01
6.85980833793e-01
7.26034830284e-01
7.48056371809e-01
6.34709425091e-01
6.57166410047e-01
8.50335442291e-01
7.61441537675e-01
5.69174225773e-01
7.58032241746e-01
6.80246743393e-01
6.72407966306e-01
6.33338097991e-01
7.01362170321e-01
7.29116890013e-01
7.82706754606e-01
7.72528169468e-01
6.86889073361e-01
6.40125803385e-01
7.49324550507e-01
6.73016668180e-01
8.33390962794e-01
7.43733020795e-01
8.48047841285e-01
6.69753303675e-01
7.21939685150e-01
7.48199163914e-01
7.85830876469e-01
7.56210875097e-01
6.80237235397e-01
6.01310744550e-01
7.11336973204e-01
6.01421103955e-01
7.07224197163e-01
7.60917081910e-01
7.42692413496e-01
6.53700217548e-01
6.95119787377e-01
7.22509696195e-01
7.66395213005e-01
6.82889135336e-01
7.14708451844e-01
7.40927087778e-01
5.26373707139e-01
5.76267832539e-01
7.84540389628e-01
7.07581796117e-01