8.32930954844e-01
8.11827042054e-01
7.61024160422e-01
7.83023491065e-01
8.05813414010e-01
7.10588596228e-01
8.35519134718e-01
7.13046036401e-01
7.00675126150e-01
7.29348986526e-01
8.33592009246e-01
7.52604472139e-01
8.78127585369e-01
7.46273467863e-01
7.81388773056e-01
7.78775451077e-01
7.65826680871e-01
7.56138338242e-01
8.59615154883e-01
6.55424658181e-01
8.16613223588e-01
7.46530827192e-01
8.03266151858e-01
8.20645287938e-01
7.71180250086e-01
8.21173237689e-01
7.97184318057e-01
8.36642473733e-01
8.01033131126e-01
8.68765223030e-01
7.31534788251e-01
8.02616114674e-01
7.58290594649e-01
8.55120146262e-01
8.69081715563e-01
9.59989113555e-01
8.57265239224e-01
7.42978703611e-01
7.16582805808e-01
8.63389099320e-01
8.53842577911e-01
7.49397716245e-01
8.10912974256e-01
7.85253370028e-01
7.90782331426e-01
8.11099439585e-01
7.31008491220e-01
8.24172178428e-01
7.24297892832e-01
8.03105027303e-01
8.07890537385e-01
7.78203016135e-01
8.50327888632e-01
8.13537196816e-01
8.31654854072e-01
8.78844057869e-01
8.39147432757e-01
7.04535183736e-01
7.62270001272e-01
8.99098841718e-01
7.82578037540e-01
9.59532766494e-01
7.54586595682e-01
8.11883764061e-01
7.07551289690e-01
6.84136666309e-01
9.27493544259e-01
8.34169961758e-01
7.30210192925e-01
7.39120989260e-01
7.86112996541e-01
8.87781839236e-01
8.92456654284e-01
8.21040200696e-01
6.99565351794e-01
8.62908732426e-01
8.70269456902e-01
8.74993525248e-01
8.03796749143e-01
7.28000940202e-01
7.63280499782e-01
8.98096362758e-01
7.65914945274e-01
7.24926949777e-01
7.10307205043e-01
8.08982739982e-01
8.19605603792e-01
8.13337041676e-01
8.56704816398e-01
8.12318280441e-01
8.20164147492e-01
8.42439912931e-01
6.89829716972e-01
7.60952086580e-01
7.89083911731e-01
8.07026320340e-01
7.07343342122e-01
8.93006592016e-01
8.48308607131e-01
8.61801665521e-01
8.68161201398e-01
8.11934102764e-01
8.06325152850e-01
8.26197908058e-01
8.40663038242e-01
8.33866182631e-01
8.16504111411e-01
8.26954567045e-01
7.54016403744e-01
8.25260172120e-01
8.25592924648e-01
7.75570643625e-01
7.93579122872e-01
8.08496701782e-01
7.86239084381e-01
8.92391126605e-01
7.92537253355e-01
8.54434022039e-01
8.52285602471e-01
7.75510389571e-01
7.05196864749e-01
6.99010609581e-01
6.97043472900e-01
7.81239213508e-01
8.89343307020e-01
8.27448883319e-01
7.71669740045e-01
9.10075894573e-01
8.20373088827e-01
7.99155980644e-01
8.86942851555e-01
7.39028595740e-01
8.53747976870e-01
7.36860578711e-01
8.13583572648e-01
8.04332772092e-01
8.40238273619e-01
8.11958074060e-01
7.25981392475e-01
8.31042234383e-01
9.66858172454e-01
7.22563174269e-01
8.31978839891e-01
7.79501485723e-01
8.42664166257e-01
7.87048678932e-01
7.64109575898e-01
7.97218074652e-01
8.31804542428e-01
7.55691259911e-01
7.34498416698e-01
8.14180046759e-01
8.15203407312e-01
8.19262496335e-01
8.47198558985e-01
7.26126101154e-01
8.44705585452e-01
7.80134627395e-01
7.89863253990e-01
7.52990780691e-01
8.03147728298e-01
7.59119628362e-01
8.19442759059e-01
8.26759757694e-01
7.55346834956e-01
7.96611904702e-01
7.36876360997e-01
8.12461608935e-01
7.11082059001e-01
8.01458042353e-01
7.41433053674e-01
7.24701651308e-01
7.46172166117e-01
7.74868326164e-01
7.75783985449e-01
8.00318813504e-01
8.25498250192e-01
8.62754888739e-01
8.92176043045e-01
7.31866609888e-01
8.88032203644e-01
7.32721146588e-01
8.23350024731e-01
8.04364386139e-01
8.81254630624e-01
7.44696154629e-01
8.38435783683e-01
7.96087431806e-01
8.69913181463e-01
7.26825322989e-01
7.71356698426e-01
8.00681594725e-01
6.99020891270e-01
7.21826101382e-01
7.19005310559e-01
7.66435887608e-01
8.16881001344e-01
8.63871260713e-01
7.55305303701e-01
7.69431653923e-01
8.01726516579e-01
6.70442112588e-01
7.71329098156e-01
6.84965846715e-01
8.18910986467e-01
7.18026316574e-01
7.36191460885e-01
7.87156535643e-01
8.71149029967e-01
6.64476507560e-01
7.76465023930e-01
8.89482266297e-01
9.44371537205e-01
8.39013769892e-01
8.87865363679e-01
7.30050584363e-01
7.40423936376e-01
8.99059263740e-01
6.90294494830e-01
8.58968252931e-01
7.11028333133e-01
8.67245349039e-01
7.55013753366e-01
7.87395276530e-01
7.51079061599e-01
7.39559680141e-01
8.42008229420e-01
7.60558773763e-01
7.48510246392e-01
8.44290977526e-01
7.96268834069e-01
7.04971828357e-01
6.90080995653e-01
8.08820642592e-01
7.83847103569e-01
7.62970832675e-01
7.41520486112e-01
8.06278390789e-01
7.99861168111e-01
8.49605848782e-01
7.53573481995e-01
7.40750831919e-01
8.03758239634e-01
7.45812844404e-01
8.64976615331e-01
8.52307081798e-01
7.77596506166e-01
7.91639605280e-01
7.93514439387e-01
8.09320513573e-01
8.49529029299e-01
9.19291708467e-01
8.57268700083e-01
9.05390152735e-01
8.18151035805e-01
7.76863704439e-01
8.28124146842e-01
8.17332230412e-01
7.80644755614e-01
7.48041323683e-01
7.90946027061e-01
7.13287718622e-01
7.54595693540e-01
7.17648043650e-01
6.78669526998e-01
7.34205637696e-01
7.48978015772e-01
8.11138385604e-01
8.15937944758e-01
8.62513005822e-01
8.68903910624e-01
6.19869464865e-01
7.93696438482e-01
8.43240723550e-01
8.14851303273e-01
8.49333731274e-01
8.48840845238e-01
7.44597618606e-01
7.90934461154e-01
9.19384461500e-01
7.86424181239e-01
7.52520122251e-01
8.45608190590e-01
7.42548846335e-01
7.16211143918e-01
8.34731591250e-01
9.98798935984e-01
8.37502390879e-01
7.43551694463e-01
7.90066427990e-01
7.74502427542e-01
7.57916612831e-01
7.61378850504e-01
8.14602226582e-01
7.62136131123e-01
7.97997673019e-01
8.21688548239e-01
7.23204682749e-01
7.14907270485e-01
7.18028921070e-01
8.79822490136e-01
8.30781142779e-01
8.18166658841e-01
9.19169568171e-01
8.31760846831e-01
8.10933617225e-01
8.37156128702e-01
7.65091842082e-01
7.68424671303e-01
7.29907510107e-01
7.03836294451e-01
8.95731184671e-01
6.97811409947e-01
7.71093380523e-01
8.23910106644e-01
7.57341069665e-01
7.28893876887e-01
8.91633160361e-01
8.00431794141e-01
7.92074047216e-01
7.99930778647e-01
7.81712268010e-01
8.66686312835e-01
6.83642768334e-01
7.95571197614e-01
8.78162273894e-01
8.00934114340e-01
8.32282825880e-01
8.53463684355e-01
7.28302754403e-01
7.07490921810e-01
8.04401356749e-01
8.82089673749e-01
7.77995719506e-01
8.17090525689e-01
7.59575604329e-01
8.91144194121e-01
8.44793140583e-01
8.90181737619e-01
8.17525801630e-01
8.12743621889e-01
8.40730358844e-01
8.10702290109e-01
8.31852912792e-01
7.22163037251e-01
8.68835528166e-01
7.83468524919e-01
7.35166666295e-01
7.38889981351e-01
8.09281742160e-01
8.59464732788e-01
8.20350700646e-01
8.40862129878e-01
8.43482704237e-01
7.30912153665e-01
8.28268344986e-01
6.68428477993e-01
7.97264144712e-01
7.44790746316e-01
7.71084840578e-01
7.70524268611e-01
8.08938982916e-01
8.21301695556e-01
7.17195083179e-01
8.15579166396e-01
7.81906830530e-01
7.26891947088e-01
8.71774923288e-01
8.25739621193e-01
8.89272953347e-01
6.20835616408e-01
8.18866833650e-01
8.09009565307e-01
7.82767289362e-01
7.67005586047e-01
7.92607892059e-01
7.80515858642e-01
8.14202337825e-01
7.54211170947e-01
7.69629815819e-01
7.31606794585e-01
8.55390513532e-01
7.94033100912e-01
8.70731736258e-01
7.99180856203e-01
8.48532643203e-01
7.98699094219e-01
7.88895341061e-01
8.38596975788e-01
9.03793647546e-01
6.94767441045e-01
8.05951129296e-01
7.66212911165e-01
8.03371428575e-01
8.22819320961e-01
7.91965154083e-01
8.56179170195e-01
8.15533380975e-01
7.60729701525e-01
8.04611396200e-01
7.77367385574e-01
7.68324354955e-01
8.13975897524e-01
7.71883779096e-01
7.41365079827e-01
7.31265266525e-01
7.98099608115e-01
8.43620615459e-01
8.26710524833e-01
8.83100935070e-01
7.75020873022e-01
7.95980975568e-01
7.29232746928e-01
8.08081593280e-01
7.56687047433e-01
7.76524003863e-01
8.56161373626e-01
7.64963144783e-01
8.24959082926e-01
8.21159781993e-01
8.49948327682e-01
7.12138293574e-01
8.58819689321e-01
7.78041506439e-01
7.03422895919e-01
8.23856357517e-01
8.18471829275e-01
7.56010505319e-01
8.09866362893e-01
8.05602889371e-01
7.49972485992e-01
6.74028085540e-01
7.23824523614e-01
6.86715662976e-01
7.69589449599e-01
7.78080499262e-01
8.24329270414e-01
8.52448784606e-01
8.21847398041e-01
8.63209577497e-01
9.11187791891e-01
7.97923376711e-01
7.21490396147e-01
8.02519880179e-01
7.81056793546e-01
9.02909558931e-01
7.74665456063e-01
8.12220899718e-01
8.84137318492e-01
6.69426518027e-01
7.37331345576e-01
8.48365372053e-01
8.81251407106e-01
7.57027572231e-01
8.89675111182e-01
8.10149195677e-01
8.33829475996e-01
8.39795466519e-01
7.32127153700e-01
6.88284145472e-01
8.39752267303e-01
8.11388952818e-01
7.55293197191e-01
8.61715734201e-01
7.70535205075e-01
7.04711721645e-01
7.40782319822e-01
8.21949278030e-01
8.24214300342e-01
9.16050645155e-01
8.75210102351e-01
8.52552904767e-01
7.13225262066e-01
8.69405006834e-01
8.62224458612e-01
8.97911546941e-01
7.91230615209e-01
9.51019075589e-01
7.19237798452e-01
7.15957674805e-01
7.77653076291e-01
8.12828853634e-01
8.24495587586e-01
8.26320574511e-01
7.02343635271e-01
7.71737336425e-01
7.67652785754e-01
8.14268720675e-01
7.54723522301e-01
8.37696977036e-01
7.74107397772e-01
8.31162329432e-01
8.54566338589e-01
8.33667004168e-01
8.44238770868e-01
8.63876666163e-01
7.98252333556e-01
6.61072599451e-01
7.72897544461e-01
9.47059283706e-01
7.99813633832e-01