1.53379344328e+00
1.21196649904e+00
1.40503101989e+00
1.23611857919e+00
1.28498896855e+00
1.24349431433e+00
1.31158343112e+00
1.25121788269e+00
1.37962302478e+00
1.09960430335e+00
1.45837675950e+00
1.31694223201e+00
1.45189583641e+00
1.25309362507e+00
1.68380442455e+00
1.19487202009e+00
1.45227518121e+00
1.20215698407e+00
1.49649644192e+00
1.19746531251e+00
1.32666000410e+00
1.19072386558e+00
1.37616103040e+00
1.32539695356e+00
1.04930148137e+00
1.46680669468e+00
1.21225421229e+00
9.93599599510e-01
1.13089887166e+00
1.27051032576e+00
1.41999521844e+00
1.14428007195e+00
1.14628711891e+00
1.40485912655e+00
1.53011007259e+00
1.53710129074e+00
1.20648301007e+00
1.45342684290e+00
1.31620526410e+00
1.31275987232e+00
1.26400769137e+00
1.35758650632e+00
1.24138044759e+00
1.29668137993e+00
1.43775302132e+00
1.41819912593e+00
1.42328596202e+00
1.26807814181e+00
1.38672197635e+00
1.27428333151e+00
1.30538286844e+00
1.07885186998e+00
1.30641249909e+00
1.09009412893e+00
1.47834320978e+00
1.30638029039e+00
1.28148781433e+00
1.10937490445e+00
1.28205894838e+00
1.47600588035e+00
1.25916357950e+00
1.46861189962e+00
1.21418273655e+00
1.28208552965e+00
1.21678756253e+00
1.23535710090e+00
1.33145897788e+00
1.23629026294e+00
1.18298519907e+00
1.27152347968e+00
1.13600449744e+00
1.34282256686e+00
1.27233196525e+00
1.40508579705e+00
8.85845155968e-01
1.11430616523e+00
1.24342168579e+00
1.42177828663e+00
1.50107468105e+00
1.33305432324e+00
1.36091323359e+00
1.44983157994e+00
1.19083433794e+00
1.50334870187e+00
1.25911853646e+00
1.10514367966e+00
1.33801059325e+00
1.05911050994e+00
1.37074214209e+00
1.45377477989e+00
1.35005041066e+00
1.29968463555e+00
1.40463389621e+00
1.26089573757e+00
1.30272807546e+00
1.65144632296e+00
1.26906531984e+00
1.21776257719e+00
1.49165478616e+00
1.22366057106e+00
1.27033401159e+00
1.37108087829e+00
1.47349697881e+00
1.25320568700e+00
1.50437968536e+00
1.24580140027e+00
1.29739605314e+00
1.48706744277e+00
1.51214748232e+00
1.37490317967e+00
1.20153307222e+00
1.31867000737e+00
1.40576193241e+00
1.08875112664e+00
1.39691526914e+00
1.38017482987e+00
1.65133805877e+00
1.57709453218e+00
1.29070108455e+00
1.38130085334e+00
1.11219503302e+00
1.22882418726e+00
1.23946262225e+00
1.46808920274e+00
1.09624263182e+00
1.57365577030e+00
1.23532451700e+00
1.42201399087e+00
1.64569036938e+00
1.13650801315e+00
1.18301405642e+00
1.28693345194e+00
1.39398039688e+00
1.52543109958e+00
1.29389221835e+00
1.00713030359e+00
1.33835008446e+00
1.20570945246e+00
1.43750429474e+00
1.47307900841e+00
1.46271661252e+00
9.84650529491e-01
1.46140638440e+00
1.34977843776e+00
1.40414124419e+00
1.42867857139e+00
1.38141469415e+00
1.48117737361e+00
1.14184158751e+00
1.10186704420e+00
1.22506512654e+00
1.51137473978e+00
1.01100970445e+00
1.52651959096e+00
1.16512131910e+00
1.30904281585e+00
1.45887159202e+00
1.45855073975e+00
1.27097442803e+00
1.29495508991e+00
1.14291388733e+00
1.12919484889e+00
1.34329528964e+00
1.33287241853e+00
1.26229324981e+00
1.46403928286e+00
1.33237368059e+00
1.07797636225e+00
1.36243220761e+00
1.45166600205e+00
1.38172795013e+00
1.27254779971e+00
1.20355056429e+00
1.37176485240e+00
1.42898042666e+00
1.04574248266e+00
1.25475766518e+00
1.70989475335e+00
1.21935936608e+00
1.22106351816e+00
1.37436750281e+00
1.19211583160e+00
1.44713208853e+00
1.18393437569e+00
1.12137069101e+00
1.50890550145e+00
1.29892123280e+00
1.39660090564e+00
1.29066209201e+00
1.11205447360e+00
1.27125481325e+00
1.18169874505e+00
1.10228996053e+00
1.49273665659e+00
1.05521921790e+00
1.33317710382e+00
1.32613584303e+00
1.33675513404e+00
1.45037162299e+00
1.35529016620e+00
1.11518421747e+00
1.11744133047e+00
1.31093787939e+00
1.16610795007e+00
1.34738717311e+00
1.22957191867e+00
1.70313897270e+00
1.41407685216e+00
1.35478453701e+00
1.43465266734e+00
1.38235723573e+00
1.59932614861e+00
1.36511479445e+00
1.43979380492e+00
1.33588640864e+00
1.33379784124e+00
1.43356506078e+00
1.53715888115e+00
1.22666204216e+00
1.38334279628e+00
1.31767517011e+00
1.55334334685e+00
1.42615882909e+00
1.06224231861e+00
1.13666878058e+00
1.29638220633e+00
1.42738775622e+00
1.17236114056e+00
1.09488539405e+00
1.24373251668e+00
1.46809173397e+00
1.43278880674e+00
1.29213992073e+00
1.37929459845e+00
1.61054362569e+00
1.24555617813e+00
1.34084878442e+00
1.11322542969e+00
1.40004851699e+00
1.44078330520e+00
1.20510663028e+00
1.16770383522e+00
1.32341934839e+00
1.25632363384e+00
1.28584255355e+00
1.38211683360e+00
1.23577059885e+00
1.32303345798e+00
1.43994568026e+00
1.35452884632e+00
1.29654898354e+00
1.25276338722e+00
1.28601390223e+00
1.39248198346e+00
1.20055161397e+00
1.26932151648e+00
1.35159135588e+00
1.11817792688e+00
1.34519782100e+00
1.26872279726e+00
1.43468319359e+00
1.12239999219e+00
1.57877085721e+00
1.34377377253e+00
1.41593660367e+00
1.49796205039e+00
1.19588151208e+00
1.37833019283e+00
1.33850468581e+00
1.64396017772e+00
1.54886645433e+00
1.18904074596e+00
1.32859495297e+00
1.34062006731e+00
1.31615921900e+00
1.24221602676e+00
1.32753277816e+00
1.35183864160e+00
9.85287047864e-01
1.47634569683e+00
1.29596467153e+00
1.32288253927e+00
1.35360535676e+00
1.32249413945e+00
1.22594635674e+00
1.53790845867e+00
1.40158181479e+00
1.28286911076e+00
1.30785950062e+00
1.31389495197e+00
1.56548061836e+00
1.42092256082e+00
1.18901174371e+00
1.12068115245e+00
1.18142738362e+00
1.21474598160e+00
1.37461757396e+00
1.36325980335e+00
1.30735412017e+00
1.40912346150e+00
1.20511198321e+00
1.39388962129e+00
1.34090681372e+00
1.26141954773e+00
1.30977069074e+00
1.31144664675e+00
1.27213854355e+00
1.28914432243e+00
1.71402587280e+00
1.38104483210e+00
1.47278233560e+00
1.53783580893e+00
1.27773761564e+00
1.33871184146e+00
1.42532328508e+00
1.18520870604e+00
1.12820289281e+00
1.54843308992e+00
1.31968720277e+00
1.44678746493e+00
1.15182436924e+00
1.20729255775e+00
1.51155770834e+00
1.35436528921e+00
1.26667063491e+00
1.37357324328e+00
1.11602173404e+00
1.39201238413e+00
1.39146904943e+00
1.19421244623e+00
1.26620040038e+00
1.40290497503e+00
1.25683236660e+00
1.16040956833e+00
1.33610090656e+00
1.56669568822e+00
1.34316573543e+00
1.24835746905e+00
1.41647074748e+00
1.43104381471e+00
1.32709847212e+00
1.24773637433e+00
1.22025305396e+00
1.55521084827e+00
1.16059650292e+00
1.36064912859e+00
1.38552746851e+00
1.35070602609e+00
1.14642808141e+00
1.40926943388e+00
1.15811395227e+00
1.30557631624e+00
1.38683713645e+00
1.41553998651e+00
1.14173742448e+00
1.24716258021e+00
1.16070156751e+00
1.47904225493e+00
1.23121566935e+00
1.30491841784e+00
1.25725386741e+00
1.17241818891e+00
1.31832756276e+00
1.50131969627e+00
1.25519859737e+00
1.22738766005e+00
1.34121867169e+00
1.28204779462e+00
1.46699614824e+00
1.33877641941e+00
9.69488346487e-01
1.41494617557e+00
1.39759324104e+00
1.23838911581e+00
1.48575691243e+00
1.52931692883e+00
1.42566345227e+00
1.29848915139e+00
1.31055030637e+00
1.31734846887e+00
1.50451984556e+00
1.53121607445e+00
1.41890815955e+00
1.30140258573e+00
1.36517462877e+00
1.38497551411e+00
1.13565780808e+00
1.06687355117e+00
1.30688015063e+00
1.60283772416e+00
1.19765758067e+00
1.15230705390e+00
1.42091937404e+00
1.39489659202e+00
1.21126906264e+00
1.48601589802e+00
1.20459922852e+00
1.52640304821e+00
1.44693810140e+00
1.46643418047e+00
1.29390164972e+00
1.24452740610e+00
1.02580621710e+00
1.24661113802e+00
1.29074207913e+00
1.29738649586e+00
1.43687838608e+00
1.34426099706e+00
1.42966961171e+00
1.20406431567e+00
1.30439413985e+00
1.29974111744e+00
1.21734977207e+00
1.40521174897e+00
1.14549238727e+00
1.33124628694e+00
1.14019276166e+00
1.37819069959e+00
1.40739641262e+00
1.47584994087e+00
1.23254409222e+00
1.36500626520e+00
1.23736156927e+00
1.22673435259e+00
1.43572392718e+00
1.56874868807e+00
1.28394348277e+00
1.20792215049e+00
1.23600970851e+00
1.20098877629e+00
1.35150281093e+00
1.27608072437e+00
1.34622916979e+00
1.08457564732e+00
8.48960977144e-01
1.43656409647e+00
1.62992682641e+00
1.26462636487e+00
1.24908527989e+00
1.31636487671e+00
1.38753191774e+00
1.37804016003e+00
1.26430723547e+00
1.39988483451e+00
1.34748460451e+00
1.36823128822e+00
1.07339843427e+00
1.72292309494e+00
1.27443096747e+00
1.38631689251e+00
1.28407588792e+00
1.28001900452e+00
1.28686767053e+00
1.47576851801e+00
1.51486454907e+00
1.44445157947e+00
1.34274221940e+00
1.17860385886e+00
1.18823073143e+00
1.25926492654e+00
1.49044879724e+00
1.13044457130e+00
1.18153303244e+00
1.39391124686e+00
1.22823410956e+00
1.46198851355e+00
1.15086886982e+00
1.46905329704e+00
1.34663481438e+00
1.48868599447e+00
1.45360699653e+00
1.08765117075e+00
1.04139188154e+00
1.34840602575e+00
1.24916229944e+00
1.23166523094e+00
1.20851133436e+00
1.45147993612e+00
1.02677499509e+00
1.34685259882e+00
1.40264722975e+00
1.51493322392e+00
1.35780109476e+00
1.09088520679e+00
1.19239610668e+00
1.32844796518e+00
1.11367898935e+00
1.22402328326e+00
1.41130372432e+00
1.14886149042e+00
1.47792337602e+00
1.43715665227e+00
1.16137161056e+00
1.19169148388e+00
1.33126434228e+00
1.38022841347e+00
1.23962714224e+00
1.09353857527e+00
1.25477461396e+00
1.17778422962e+00
1.31255404981e+00