-7.46606395326e+00
-7.52556327794e+00
-7.44374934628e+00
-7.46564582888e+00
-7.42060466217e+00
-7.43250248763e+00
-7.41835441305e+00
-7.44950321738e+00
-7.39246058868e+00
-7.50907689976e+00
-7.50227016594e+00
-7.42151529911e+00
-7.45819557516e+00
-7.39863657848e+00
-7.40508429342e+00
-7.49029973310e+00
-7.45187675201e+00
-7.49674074618e+00
-7.40899805597e+00
-7.44096621049e+00
-7.39984308167e+00
-7.46937116069e+00
-7.40553650269e+00
-7.43505731232e+00
-7.37222760748e+00
-7.46284169580e+00
-7.41056614618e+00
-7.46379109091e+00
-7.43812094351e+00
-7.47597871059e+00
-7.45034077081e+00
-7.43004331913e+00
-7.41407225613e+00
-7.46872943283e+00
-7.41675452341e+00
-7.41032130460e+00
-7.44447787612e+00
-7.43484180442e+00
-7.44643020381e+00
-7.47001474701e+00
-7.43157288546e+00
-7.45457914522e+00
-7.42932967320e+00
-7.43135306226e+00
-7.42134351167e+00
-7.36270551400e+00
-7.46775658839e+00
-7.48160026922e+00
-7.47713768280e+00
-7.46717149133e+00
-7.45882084051e+00
-7.44691364619e+00
-7.46647083077e+00
-7.44107974653e+00
-7.42941602233e+00
-7.46484463141e+00
-7.39932330826e+00
-7.42052599031e+00
-7.47833203859e+00
-7.43062194501e+00
-7.42871550597e+00
-7.42896044080e+00
-7.42142776544e+00
-7.44118328840e+00
-7.49356935666e+00
-7.48621971501e+00
-7.43968159596e+00
-7.46373317136e+00
-7.43743699536e+00
-7.48096668945e+00
-7.44239335093e+00
-7.47692903656e+00
-7.48114896957e+00
-7.49284467861e+00
-7.43423507319e+00
-7.37255909033e+00
-7.44887341875e+00
-7.40520649283e+00
-7.48269497472e+00
-7.41198858289e+00
-7.49318504590e+00
-7.44103289112e+00
-7.48734771816e+00
-7.46786333807e+00
-7.42264904179e+00
-7.46344047129e+00
-7.47594402373e+00
-7.45476595041e+00
-7.39422853378e+00
-7.48735823044e+00
-7.42556779414e+00
-7.43447986313e+00
-7.42394342889e+00
-7.44135220916e+00
-7.47612301290e+00
-7.42695982588e+00
-7.43360388837e+00
-7.45983398037e+00
-7.48882133602e+00
-7.42052643370e+00
-7.41177395570e+00
-7.48500023619e+00
-7.48266621534e+00
-7.47936003309e+00
-7.36971468752e+00
-7.44235561191e+00
-7.45311518048e+00
-7.45323123193e+00
-7.43402188532e+00
-7.49419360818e+00
-7.39792293162e+00
-7.45007447728e+00
-7.45342854053e+00
-7.44643800469e+00
-7.42029979516e+00
-7.44108012238e+00
-7.49694442351e+00
-7.46269268951e+00
-7.45387449741e+00
-7.48720431505e+00
-7.47762345928e+00
-7.44608264612e+00
-7.34759212237e+00
-7.46497529949e+00
-7.48008823214e+00
-7.41905313431e+00
-7.45585835195e+00
-7.42935201719e+00
-7.45507642951e+00
-7.46470152111e+00
-7.45726237175e+00
-7.43661391366e+00
-7.46373314891e+00
-7.47969350199e+00
-7.37146545006e+00
-7.47303524792e+00
-7.47541250127e+00
-7.46166033726e+00
-7.47930823961e+00
-7.45267468847e+00
-7.49191699394e+00
-7.44914688931e+00
-7.46498340097e+00
-7.43845216827e+00
-7.45276156551e+00
-7.45304785549e+00
-7.42326922602e+00
-7.40338343892e+00
-7.41961546755e+00
-7.43178703701e+00
-7.49436919356e+00
-7.43456370806e+00
-7.44463114521e+00
-7.45639053447e+00
-7.50125063949e+00
-7.45693164666e+00
-7.42620505265e+00
-7.43640792175e+00
-7.42170995575e+00
-7.48131468602e+00
-7.49047315681e+00
-7.43041394630e+00
-7.44580549495e+00
-7.46814937117e+00
-7.40342277960e+00
-7.46550627930e+00
-7.45695960638e+00
-7.44270441544e+00
-7.50379167316e+00
-7.43996225911e+00
-7.45163101166e+00
-7.44190664454e+00
-7.47278479725e+00
-7.44073832707e+00
-7.49622030826e+00
-7.48268363458e+00
-7.42934232060e+00
-7.46163063334e+00
-7.45445598072e+00
-7.44776647572e+00
-7.42649425866e+00
-7.46252132513e+00
-7.47830897091e+00
-7.42768462245e+00
-7.45480687421e+00
-7.47885176640e+00
-7.43845665310e+00
-7.49164328295e+00
-7.48321766937e+00
-7.40700589326e+00
-7.46335732524e+00
-7.45293242776e+00
-7.44440121317e+00
-7.36613231612e+00
-7.42725688778e+00
-7.45686747125e+00
-7.48794025157e+00
-7.43037222784e+00
-7.44099116767e+00
-7.46863268861e+00
-7.47602632474e+00
-7.44868495428e+00
-7.52027528867e+00
-7.42726105065e+00
-7.43968386627e+00
-7.41869485209e+00
-7.45006686547e+00
-7.41741401891e+00
-7.42313237244e+00
-7.41945434459e+00
-7.47179753135e+00
-7.45651158766e+00
-7.44149497879e+00
-7.42730757527e+00
-7.45991259671e+00
-7.43888354907e+00
-7.45028670649e+00
-7.44516868802e+00
-7.43009785312e+00
-7.41500618711e+00
-7.44194510393e+00
-7.41695257975e+00
-7.47495637621e+00
-7.44151971019e+00
-7.44379473564e+00
-7.48088974650e+00
-7.43858140010e+00
-7.49479078710e+00
-7.49566166410e+00
-7.49582243975e+00
-7.41743824370e+00
-7.39706275461e+00
-7.42671059696e+00
-7.43367040947e+00
-7.50504919965e+00
-7.45197784551e+00
-7.49365372234e+00
-7.48332083719e+00
-7.48133210757e+00
-7.50416543340e+00
-7.42808475533e+00
-7.40904926939e+00
-7.41587636724e+00
-7.45712892162e+00
-7.45082697764e+00
-7.47270326861e+00
-7.40801343660e+00
-7.44591945357e+00
-7.46216480412e+00
-7.46858066870e+00
-7.48909060353e+00
-7.47552773428e+00
-7.45084413316e+00
-7.48372786709e+00
-7.43650967885e+00
-7.39195920427e+00
-7.40485484717e+00
-7.50888381262e+00
-7.45138983659e+00
-7.42963556522e+00
-7.47255511335e+00
-7.48355669402e+00
-7.43006103581e+00
-7.45656706430e+00
-7.47090569815e+00
-7.46774628860e+00
-7.47760473038e+00
-7.45885158874e+00
-7.39110585833e+00
-7.40727170195e+00
-7.41087804562e+00
-7.43871068215e+00
-7.43045537176e+00
-7.41132219010e+00
-7.46059383450e+00
-7.44329651468e+00
-7.42993765684e+00
-7.43036418502e+00
-7.40605264020e+00
-7.42909889328e+00
-7.39731504074e+00
-7.44680147175e+00
-7.43962185630e+00
-7.44755751733e+00
-7.42640092896e+00
-7.47410888070e+00
-7.42028579270e+00
-7.40140065024e+00
-7.51148876217e+00
-7.48760670595e+00
-7.38705950569e+00
-7.43549565621e+00
-7.43916389114e+00
-7.38251485530e+00
-7.44432941533e+00
-7.36807060112e+00
-7.43122041843e+00
-7.43615677734e+00
-7.42382917211e+00
-7.42554763650e+00
-7.47556277231e+00
-7.42219823066e+00
-7.45559086519e+00
-7.46376746495e+00
-7.47919404868e+00
-7.48340168062e+00
-7.47944655873e+00
-7.43338321616e+00
-7.45860482626e+00
-7.39699729877e+00
-7.40556707157e+00
-7.48577777281e+00
-7.46396400073e+00
-7.43844667020e+00
-7.45082032174e+00
-7.43410082132e+00
-7.46758378033e+00
-7.38826024118e+00
-7.40012419376e+00
-7.43851011887e+00
-7.41965861400e+00
-7.47574129914e+00
-7.47630742115e+00
-7.43581991587e+00
-7.43245094350e+00
-7.39834446329e+00
-7.45291434884e+00
-7.46023775414e+00
-7.46787971425e+00
-7.41360729978e+00
-7.43045345974e+00
-7.43565292225e+00
-7.46461851538e+00
-7.48378358001e+00
-7.42755249216e+00
-7.46596024309e+00
-7.43579585012e+00
-7.42839865801e+00
-7.43423308090e+00
-7.39359963402e+00
-7.47339733465e+00
-7.50371807733e+00
-7.39569573561e+00
-7.43685261056e+00
-7.45448648569e+00
-7.45406681073e+00
-7.44999682776e+00
-7.50762644109e+00
-7.43174549360e+00
-7.47758098223e+00
-7.43578990187e+00
-7.44088771397e+00
-7.43813829927e+00
-7.43912641000e+00
-7.48101605685e+00
-7.41675579544e+00
-7.44416598037e+00
-7.43419751689e+00
-7.52745865692e+00
-7.45509647520e+00
-7.45777828394e+00
-7.42571294759e+00
-7.40978107349e+00
-7.44617377254e+00
-7.39301544577e+00
-7.46075243594e+00
-7.45238325634e+00
-7.43665291728e+00
-7.38160471311e+00
-7.46372042305e+00
-7.45888396349e+00
-7.39807814943e+00
-7.39809793707e+00
-7.44998766552e+00
-7.39860829773e+00
-7.45623193970e+00
-7.44603000573e+00
-7.43065936131e+00
-7.43667980968e+00
-7.38855729071e+00
-7.41154685146e+00
-7.43772048649e+00
-7.44566940977e+00
-7.43049924231e+00
-7.42457161492e+00
-7.44744563974e+00
-7.43364198891e+00
-7.39336567914e+00
-7.45720021667e+00
-7.48437332809e+00
-7.43627838566e+00
-7.48530967613e+00
-7.50111934757e+00
-7.43962564062e+00
-7.42753711519e+00
-7.47082235929e+00
-7.46155923923e+00
-7.47100029613e+00
-7.42396384639e+00
-7.45191842917e+00
-7.41047614035e+00
-7.45369813127e+00
-7.46233969753e+00
-7.41577716813e+00
-7.46364557679e+00
-7.45886102961e+00
-7.41739393268e+00
-7.44717057504e+00
-7.44957242384e+00
-7.48006269969e+00
-7.43905404440e+00
-7.44524502204e+00
-7.41963370742e+00
-7.45675370860e+00
-7.42393562271e+00
-7.46716260464e+00
-7.44272033011e+00
-7.38622408701e+00
-7.45666265837e+00
-7.40031782255e+00
-7.45527635666e+00
-7.42704127811e+00
-7.46282357177e+00
-7.50534735338e+00
-7.42278190627e+00
-7.51450192493e+00
-7.46039490612e+00
-7.40289948254e+00
-7.43971057674e+00
-7.49199511492e+00
-7.41897625615e+00
-7.41035288738e+00
-7.42566812513e+00
-7.45563986656e+00
-7.46041999955e+00
-7.37757679587e+00
-7.41201581847e+00
-7.48362066277e+00
-7.39168772064e+00
-7.43606709447e+00
-7.41969563496e+00
-7.38798743022e+00
-7.40068180115e+00
-7.47385660572e+00
-7.42260059857e+00
-7.41400402655e+00
-7.45801565657e+00
-7.46411002678e+00
-7.46550801452e+00
-7.38042551543e+00
-7.48701717520e+00
-7.44540893629e+00
-7.43712442317e+00
-7.51248781667e+00
-7.41941877020e+00
-7.44384984286e+00
-7.48851405933e+00
-7.40811915107e+00
-7.52058325508e+00
-7.40147725256e+00
-7.49605358317e+00
-7.46280273757e+00
-7.45752855061e+00
-7.45283695420e+00
-7.41250531514e+00
-7.43226002579e+00
-7.46934380743e+00
-7.38456824509e+00
-7.45320407205e+00
-7.44247128348e+00
-7.41492645031e+00
-7.46642162649e+00
-7.46673265906e+00
-7.46377777192e+00
-7.41698396037e+00
-7.42993733452e+00
-7.41266196543e+00
-7.43728723852e+00
-7.42581137652e+00
-7.43106234832e+00
-7.46085746351e+00
-7.38989028560e+00
-7.47724436157e+00
-7.40374976964e+00
-7.45210004860e+00
-7.44647748887e+00
-7.50192428728e+00
-7.44542128720e+00
-7.44922619262e+00
-7.44587971779e+00
-7.48001876173e+00
-7.46398656133e+00
-7.50243134998e+00
-7.44994059714e+00
-7.41573938971e+00
-7.40868369646e+00
-7.42509479563e+00
-7.45274723501e+00
-7.41102814864e+00
-7.42036380434e+00
-7.44544499533e+00