-2.97734794974e+00
-2.86007577264e+00
-2.96261266389e+00
-3.01616475311e+00
-2.94889798734e+00
-2.97552194921e+00
-3.09434948514e+00
-2.80837186364e+00
-3.07799251128e+00
-3.00624622081e+00
-2.91809514908e+00
-2.82737002395e+00
-3.01625476041e+00
-2.93852914500e+00
-3.06707239789e+00
-2.93963704727e+00
-2.88296344103e+00
-2.93555762384e+00
-3.07706035074e+00
-3.05148318586e+00
-2.95411347090e+00
-3.20666029592e+00
-2.92236940360e+00
-3.06960667343e+00
-2.80142928735e+00
-2.81814977661e+00
-2.87505857066e+00
-2.85051505546e+00
-2.93966428636e+00
-2.85940821493e+00
-2.82236592005e+00
-2.99699560686e+00
-2.75432424666e+00
-3.04952076093e+00
-3.00515722088e+00
-3.03380549240e+00
-2.88109303679e+00
-2.91117067067e+00
-2.88056390688e+00
-2.96132345483e+00
-2.84799200734e+00
-3.14336209959e+00
-3.08106172274e+00
-2.67960760643e+00
-2.84225636093e+00
-2.83166468687e+00
-2.99511825323e+00
-2.94967468076e+00
-3.13712344960e+00
-2.85934146170e+00
-2.75805343337e+00
-2.84605150485e+00
-2.88173807434e+00
-2.88762143106e+00
-2.99421703458e+00
-2.76063297496e+00
-2.86279498320e+00
-2.97471399620e+00
-3.00584938557e+00
-3.08625835946e+00
-3.07453319318e+00
-3.12599521935e+00
-3.00716606276e+00
-2.92226076666e+00
-2.92570889237e+00
-2.94127939496e+00
-2.68992749645e+00
-3.03724107610e+00
-2.97923956264e+00
-3.02830566650e+00
-2.99034250875e+00
-2.97943033368e+00
-2.88352472062e+00
-2.87769645301e+00
-2.90403881029e+00
-2.88399709746e+00
-3.05765877178e+00
-2.96395202862e+00
-2.89792882139e+00
-2.97841597336e+00
-2.89156899853e+00
-2.84237106792e+00
-2.96099011756e+00
-2.86055401875e+00
-3.11116360791e+00
-2.81542479750e+00
-3.05630797454e+00
-2.89787532788e+00
-2.77629546395e+00
-2.81984251292e+00
-2.98914373421e+00
-2.91329530892e+00
-2.87201502765e+00
-2.91043702209e+00
-2.84449828841e+00
-3.09496310228e+00
-2.90747079127e+00
-2.82321882310e+00
-3.01821819184e+00
-2.83441745227e+00
-2.92230740199e+00
-2.92121724512e+00
-3.00513831610e+00
-3.08494092325e+00
-3.13416059895e+00
-3.07060667593e+00
-2.94525779600e+00
-2.92523148465e+00
-3.07182642597e+00
-2.93649253006e+00
-2.81160579162e+00
-2.96418745298e+00
-3.01197821962e+00
-3.00192603439e+00
-3.03830907692e+00
-2.80249877350e+00
-2.93144776851e+00
-3.02382180083e+00
-2.89977551560e+00
-3.02983831874e+00
-3.02364823282e+00
-2.93730962928e+00
-2.97100339634e+00
-2.77024949396e+00
-2.79913964706e+00
-3.04676847947e+00
-2.91875113966e+00
-2.89766612553e+00
-2.90367644648e+00
-3.08444230423e+00
-2.95448439576e+00
-2.97813858199e+00
-2.95940377821e+00
-3.13406330143e+00
-2.93091701155e+00
-2.79538630623e+00
-2.91888904436e+00
-2.86304639295e+00
-3.20023893462e+00
-2.96628566587e+00
-2.95242239027e+00
-2.84242733252e+00
-2.96234033371e+00
-2.97316576597e+00
-2.92610216211e+00
-2.98672138822e+00
-2.81528053806e+00
-3.00261870859e+00
-3.19376437090e+00
-3.01346329708e+00
-2.85487164597e+00
-2.93089591863e+00
-2.93016265572e+00
-3.03412331394e+00
-2.90368228676e+00
-3.02396004141e+00
-2.90712602224e+00
-2.92010621980e+00
-2.95229437037e+00
-2.91300307233e+00
-2.93891689247e+00
-3.03444763498e+00
-3.02281433130e+00
-2.80235415628e+00
-2.92264199947e+00
-2.66729688745e+00
-3.01396257274e+00
-2.92192485582e+00
-2.95257421621e+00
-2.91791818108e+00
-3.05225423288e+00
-3.02570349126e+00
-2.93974754264e+00
-2.72335347077e+00
-3.07264289388e+00
-2.71111931213e+00
-2.81159005636e+00
-2.90711947585e+00
-2.83944111554e+00
-2.76992200356e+00
-2.88625980567e+00
-2.72539157285e+00
-2.91515786671e+00
-2.90032267363e+00
-2.71478441459e+00
-2.99048410082e+00
-3.05608954592e+00
-2.77904731752e+00
-2.91263976307e+00
-2.76219265822e+00
-2.87065699397e+00
-3.24037371035e+00
-3.15392849531e+00
-2.92307652562e+00
-2.87749857823e+00
-2.97674661399e+00
-2.90729712628e+00
-2.88124835752e+00
-2.86219179574e+00
-2.97022006956e+00
-3.12127775303e+00
-2.97891402999e+00
-2.72314767110e+00
-2.78488164797e+00
-2.92355958283e+00
-2.98955872374e+00
-2.91210230145e+00
-3.12623872052e+00
-3.03283589054e+00
-2.98046175649e+00
-2.84473721785e+00
-2.82143728434e+00
-2.85635887396e+00
-3.02553681692e+00
-2.77359953939e+00
-2.97425600292e+00
-2.99135519595e+00
-2.87519675804e+00
-3.07276824498e+00
-2.96732448784e+00
-2.91678452649e+00
-3.08407396629e+00
-2.76020159812e+00
-2.98243860915e+00
-2.92519758931e+00
-2.76252623517e+00
-3.03388522226e+00
-2.91304449264e+00
-3.06464568367e+00
-2.83607132920e+00
-2.86785653973e+00
-2.93664620910e+00
-2.79530470092e+00
-3.03127643979e+00
-2.87015374661e+00
-2.72186501269e+00
-2.95701517217e+00
-3.01386099255e+00
-2.94035443871e+00
-3.12972927531e+00
-2.98429699913e+00
-2.87069951870e+00
-3.10591617208e+00
-2.90523719189e+00
-2.86494625438e+00
-2.98215985129e+00
-3.04567369468e+00
-2.79484951975e+00
-2.89197103453e+00
-2.88194367849e+00
-2.91217089182e+00
-2.73438624056e+00
-3.14424031990e+00
-2.76781492504e+00
-2.81122628417e+00
-2.95259304909e+00
-2.92614280105e+00
-2.82976980412e+00
-2.94109744468e+00
-3.00532647489e+00
-2.68622136154e+00
-3.11633468732e+00
-2.81479245773e+00
-2.90211921524e+00
-2.86340657528e+00
-2.99681715230e+00
-2.90661538304e+00
-3.02252715305e+00
-3.03369908694e+00
-2.94431802119e+00
-2.95663645778e+00
-3.02943678891e+00
-2.89418173533e+00
-3.03972443291e+00
-2.80709023454e+00
-2.73734280916e+00
-3.07772373910e+00
-3.01278199019e+00
-2.90593443039e+00
-3.03364587690e+00
-2.97784307835e+00
-2.88659124288e+00
-2.98819769901e+00
-2.83944175820e+00
-2.88734946888e+00
-2.87380197438e+00
-2.87677335646e+00
-2.99381870485e+00
-2.98794483821e+00
-3.02675680264e+00
-2.99523650323e+00
-3.08544790846e+00
-2.69073210526e+00
-2.93042225731e+00
-2.87478232016e+00
-2.73888237508e+00
-3.01367768621e+00
-3.15511590576e+00
-2.96489708965e+00
-3.05923664140e+00
-2.80066771932e+00
-2.77917800115e+00
-2.91948658947e+00
-2.94867145519e+00
-2.89758874550e+00
-3.18922628656e+00
-2.95488673425e+00
-3.05961404999e+00
-3.10826803119e+00
-2.85217680638e+00
-2.97919180276e+00
-2.94294915566e+00
-2.85933248937e+00
-2.79519945622e+00
-2.81075747229e+00
-2.83724245671e+00
-2.94697976330e+00
-3.00960874043e+00
-3.01603520681e+00
-2.92466854252e+00
-2.79958865350e+00
-2.97670054663e+00
-2.94053628461e+00
-3.02521774117e+00
-2.85687771431e+00
-2.87150693767e+00
-3.18077607211e+00
-2.87732810582e+00
-2.86219919824e+00
-2.98007512122e+00
-2.84487291546e+00
-2.91133949458e+00
-2.96074939316e+00
-3.04704948648e+00
-2.94797531541e+00
-2.81290220555e+00
-2.88940566132e+00
-3.10313159874e+00
-2.91647296120e+00
-2.82676635965e+00
-2.93874237198e+00
-2.83006402069e+00
-3.01760937676e+00
-2.84629275300e+00
-2.96586245686e+00
-2.81952920288e+00
-2.76534487406e+00
-3.06440159022e+00
-2.82960903434e+00
-3.08597340742e+00
-2.76516529319e+00
-3.04012064363e+00
-3.01074696064e+00
-2.85960656599e+00
-2.85774494532e+00
-3.08876599716e+00
-3.00903912493e+00
-2.89266257084e+00
-2.90382094325e+00
-2.96255127597e+00
-2.97367926632e+00
-2.95609557136e+00
-3.08184433719e+00
-3.08282217619e+00
-2.92173778163e+00
-2.92858006138e+00
-2.79416402817e+00
-3.01501464323e+00
-2.92032477842e+00
-2.82777297016e+00
-2.80472818026e+00
-3.16448401502e+00
-3.02714845403e+00
-3.08362096247e+00
-2.99011131674e+00
-3.04053880116e+00
-2.95142399967e+00
-3.05479265479e+00
-3.01294425690e+00
-3.13653309338e+00
-3.13035302682e+00
-3.06960512016e+00
-2.93366626814e+00
-2.93245821143e+00
-2.82699536872e+00
-3.00028246398e+00
-2.87518371754e+00
-2.96241208960e+00
-3.04060945927e+00
-2.73801522103e+00
-3.03906566552e+00
-2.81531280123e+00
-2.94454369238e+00
-2.96729433941e+00
-2.84397575257e+00
-2.91866362104e+00
-2.89678327403e+00
-3.04707444839e+00
-2.98441324737e+00
-3.03723945601e+00
-2.90892550349e+00
-2.74553125194e+00
-3.05929455385e+00
-2.91109678587e+00
-3.03376072356e+00
-3.09812056867e+00
-2.91826490772e+00
-2.65890393584e+00
-2.97041322356e+00
-2.91828780515e+00
-2.80231607833e+00
-2.93240170915e+00
-2.90403389308e+00
-3.10614116290e+00
-2.95288035273e+00
-2.86781924926e+00
-3.10770681255e+00
-3.02694843607e+00
-2.82661908877e+00
-2.89942195608e+00
-2.83539792720e+00
-3.02692411568e+00
-3.03041306115e+00
-2.99669048855e+00
-3.10918185088e+00
-2.93672140614e+00
-2.99293428762e+00
-2.92063445751e+00
-3.04569273403e+00
-2.97130663819e+00
-2.78939233045e+00
-2.97143384246e+00
-2.97251818484e+00
-2.87337813599e+00
-2.95509644154e+00
-2.95506638978e+00
-3.01218947188e+00
-2.90707429670e+00
-3.05000035829e+00
-2.85527007421e+00
-3.09072470739e+00
-2.86198387437e+00
-2.79101231130e+00
-2.97466908080e+00
-3.02104001724e+00
-2.88867986753e+00
-2.97983762567e+00
-2.83925101293e+00
-2.98874345471e+00
-2.83173537932e+00
-3.17684929857e+00
-2.83836138734e+00
-2.84317631261e+00
-2.91155416668e+00
-3.00826419821e+00
-3.04944814572e+00
-2.76201601752e+00
-3.05782706334e+00
-3.02765812536e+00
-2.98175003339e+00
-2.84789749969e+00
-2.72947144345e+00
-2.84989459543e+00
-2.84607104126e+00
-2.90941276296e+00
-2.94897883701e+00
-3.01634936272e+00
-2.90513782175e+00
-3.05458950984e+00
-2.91779892950e+00
-3.03135514935e+00
-2.89432336812e+00
-2.81975417420e+00
-2.85232848800e+00
-2.83616408745e+00
-2.87630721627e+00
-3.02245870794e+00
-2.89172867390e+00
-2.87662678407e+00
-2.89985095104e+00
-2.89926138320e+00
-2.89539999125e+00
-2.89874591861e+00
-2.78277941182e+00
-2.96571388662e+00
-2.94708616773e+00
-2.70180229902e+00
-2.93927141312e+00
-3.13826166642e+00
-3.16788597670e+00
-2.80798061638e+00
-3.05176969952e+00
-2.94904655044e+00
-2.71123247906e+00
-3.03421256365e+00
-2.89723124605e+00
-2.76962171605e+00
-3.13612817394e+00
-3.11338092035e+00
-3.01209576413e+00
-2.94341378116e+00