8.77627154133e+00
8.75693428947e+00
9.48129608355e+00
9.20048495147e+00
9.77153898710e+00
8.99804802540e+00
9.42919856466e+00
9.87088917376e+00
9.29636805080e+00
9.46695432856e+00
9.34011503086e+00
9.19565864336e+00
9.17873284539e+00
9.44956514406e+00
9.13806985332e+00
9.76260311454e+00
9.18206520447e+00
9.38699029922e+00
8.96145666165e+00
9.18579466837e+00
9.39217791467e+00
9.37048324901e+00
9.19496180549e+00
9.38607990391e+00
9.29727033425e+00
9.35678240227e+00
9.04804252746e+00
8.57336038029e+00
9.37813213355e+00
9.18813543653e+00
9.73470369505e+00
9.41286832208e+00
9.18585076336e+00
9.53308635032e+00
9.79707025521e+00
9.97984316906e+00
9.13499951966e+00
9.13024902662e+00
9.47603415332e+00
8.84859849426e+00
9.66101446556e+00
8.88586130068e+00
9.54904824877e+00
9.03695164709e+00
9.69679326254e+00
9.46659673094e+00
8.95767471718e+00
9.59354121040e+00
9.15947061958e+00
9.18821885594e+00
8.49069476736e+00
9.53848131869e+00
8.89592902681e+00
9.60088424300e+00
9.46902833852e+00
8.74841052297e+00
9.12036471638e+00
9.41631515573e+00
9.66050690305e+00
9.24387034670e+00
9.05451946244e+00
9.31527158375e+00
8.97546179622e+00
9.88026999629e+00
9.02898976304e+00
9.11490598545e+00
9.20354679507e+00
9.03781117100e+00
8.94476520801e+00
9.23546645107e+00
8.91475701477e+00
9.69219489847e+00
9.54714106051e+00
9.63587889448e+00
8.83780783253e+00
8.74405567778e+00
9.98792530009e+00
8.74016791203e+00
9.14106089811e+00
9.28351241543e+00
9.29191512472e+00
9.27128585020e+00
9.67623246553e+00
8.92741780587e+00
9.01900711267e+00
9.17014183783e+00
9.15801598753e+00
9.49226402285e+00
9.05777330547e+00
9.71402796614e+00
9.52484217538e+00
9.64177105077e+00
9.44728725112e+00
9.06695877401e+00
9.51748297703e+00
9.02469974223e+00
8.94685035748e+00
8.58547827398e+00
9.72469351656e+00
8.63662283854e+00
9.38554840635e+00
8.96554931869e+00
9.94390740449e+00
9.18366188017e+00
9.44802549213e+00
9.73746818858e+00
8.65793699848e+00
9.86633808133e+00
9.85472699380e+00
9.20139168485e+00
9.06346573393e+00
9.37231682327e+00
1.00123716136e+01
8.52807154924e+00
9.50834741226e+00
9.37072380463e+00
9.21905046571e+00
9.69365313063e+00
9.32303468444e+00
8.99444871531e+00
9.13511848700e+00
9.00930090459e+00
9.35327652833e+00
9.15770475975e+00
9.09764086436e+00
9.01824812030e+00
9.24507271938e+00
9.14145415037e+00
9.37597905952e+00
9.80766690206e+00
9.19763427696e+00
9.33571700302e+00
9.34354848465e+00
9.61613145774e+00
9.14810884183e+00
9.54819946686e+00
9.04730814420e+00
9.49691213430e+00
9.74887307992e+00
9.90126370845e+00
9.58279761160e+00
8.79034239779e+00
9.30445243355e+00
9.52361179888e+00
9.53224133611e+00
8.76358816269e+00
9.37831088361e+00
9.07447250581e+00
8.93595377503e+00
8.78871082368e+00
9.26771948074e+00
9.41243436115e+00
9.62342280929e+00
9.93484159965e+00
9.10099055709e+00
9.67060731605e+00
9.63287129142e+00
9.04489521444e+00
8.89748221356e+00
8.98573648428e+00
9.20911102322e+00
8.90691012779e+00
9.00246255469e+00
9.55611340061e+00
9.70355133820e+00
9.05100974293e+00
9.09357259414e+00
9.34862698455e+00
9.17782890461e+00
9.51809263529e+00
9.40721414436e+00
9.34529147209e+00
9.33759642503e+00
9.53332703615e+00
9.58337177995e+00
9.38744087841e+00
8.96627207629e+00
9.23045294112e+00
8.84198581799e+00
8.52281062358e+00
9.02143643550e+00
9.56278154235e+00
9.15582094946e+00
9.65938651065e+00
8.51259749689e+00
8.91600979912e+00
9.32684652793e+00
9.72431768856e+00
8.32785220131e+00
9.13517571554e+00
9.16351768224e+00
9.44297474683e+00
9.05010773253e+00
1.00283745677e+01
9.54287799337e+00
9.10117082331e+00
9.02156751850e+00
9.42480472758e+00
9.86599852637e+00
9.58110955312e+00
9.00023825501e+00
9.01930395437e+00
8.56818758306e+00
1.01938965804e+01
9.20375521529e+00
9.54355413808e+00
8.44225290310e+00
9.36436505015e+00
9.30203733690e+00
9.58569408082e+00
9.13029954239e+00
9.32700908640e+00
8.84431589933e+00
8.86900355580e+00
9.31448160141e+00
9.41087824119e+00
9.04954191625e+00
9.48861346752e+00
9.16448151502e+00
9.30124509921e+00
8.89758289951e+00
8.82092854765e+00
9.66170935288e+00
9.56096165319e+00
9.22421160938e+00
9.22850957735e+00
9.05712108856e+00
9.41922867720e+00
8.74271831416e+00
9.80002208171e+00
9.21722777246e+00
9.06403306374e+00
9.33394038519e+00
9.50367123713e+00
9.56845598399e+00
8.90536793504e+00
9.76214235558e+00
8.91917785250e+00
9.22724363128e+00
9.64707076658e+00
9.02370208090e+00
9.74283287835e+00
8.98182798851e+00
9.81177455081e+00
9.10679461780e+00
9.35640797137e+00
9.44536449979e+00
9.19534040059e+00
9.96667932522e+00
9.35525661678e+00
9.10615240934e+00
9.60130373411e+00
9.70258881783e+00
8.56863481380e+00
9.90347881446e+00
9.43235821419e+00
9.76950115582e+00
8.71877734134e+00
8.88268543023e+00
9.65457182434e+00
9.25127864129e+00
9.75689801761e+00
9.39440242638e+00
9.81550329399e+00
9.23685489579e+00
9.75093022013e+00
9.92651250152e+00
9.26563109834e+00
9.09730566545e+00
9.27785074356e+00
9.43874145297e+00
9.80981558838e+00
8.51237510602e+00
9.79061802065e+00
9.27795428471e+00
9.27725149731e+00
8.95462819242e+00
9.34560431774e+00
9.79056750358e+00
8.86023599577e+00
9.20985560764e+00
9.41814953125e+00
9.02912897963e+00
9.53299609644e+00
9.56225361599e+00
9.09585029221e+00
9.33372117245e+00
9.61964358936e+00
9.13713925003e+00
9.10971927552e+00
9.22873725341e+00
9.45946437383e+00
9.07228842122e+00
9.11215222339e+00
9.57146308147e+00
8.68174751914e+00
8.97723889102e+00
9.29049245922e+00
9.28330116206e+00
9.21567621723e+00
9.49490124096e+00
9.02749245202e+00
9.32441510371e+00
8.70605640461e+00
9.27273721004e+00
9.35777028138e+00
8.83825513211e+00
9.54454347412e+00
8.64030003318e+00
9.63344466769e+00
9.50768734397e+00
9.55182872810e+00
8.80081694758e+00
9.12596927723e+00
9.34468754939e+00
9.24290263125e+00
1.01356489240e+01
9.04894421088e+00
9.88342923843e+00
9.71461875800e+00
9.21996050123e+00
9.12043644776e+00
9.62982349002e+00
9.67059632144e+00
9.13523195342e+00
8.88437026136e+00
9.00121446395e+00
8.91150662609e+00
9.39377007813e+00
9.35308280111e+00
9.05899286072e+00
9.07114962786e+00
9.40425203837e+00
9.41380799398e+00
8.83810319938e+00
9.14315148301e+00
8.76405765215e+00
9.14680575900e+00
9.32415254346e+00
8.62410328014e+00
9.84038627300e+00
9.50797411518e+00
8.46929603754e+00
9.32530325232e+00
1.00542591021e+01
8.86754834896e+00
9.50083622142e+00
9.43057272360e+00
9.50894915387e+00
9.04803075800e+00
9.17367007028e+00
9.06363736989e+00
8.77270319258e+00
8.91448723633e+00
9.71376285673e+00
9.37766609028e+00
9.95360590675e+00
9.76740817468e+00
8.99548268174e+00
9.91509269778e+00
9.59519811245e+00
8.78551718318e+00
9.00086999970e+00
9.50261634345e+00
9.53414738790e+00
9.16420605078e+00
1.04300132810e+01
9.53029906675e+00
9.64820848213e+00
9.60771559354e+00
9.48291703135e+00
9.22595394022e+00
9.22185714144e+00
8.81452934545e+00
9.39304353660e+00
9.76071925051e+00
9.00527840423e+00
8.50053367046e+00
9.75978435924e+00
9.18884970088e+00
8.95033233000e+00
9.47113060998e+00
9.77160187508e+00
9.22896423911e+00
9.39417704499e+00
9.02188541084e+00
9.42504040689e+00
9.16602860565e+00
9.49180118769e+00
9.24308976157e+00
9.79599882098e+00
9.94212585123e+00
8.92291546500e+00
8.98725543542e+00
9.34659763394e+00
9.44457536524e+00
9.40870992138e+00
9.20166089776e+00
9.48964822272e+00
9.19771244056e+00
9.60498874609e+00
9.03802661263e+00
9.33305607337e+00
8.51873772873e+00
9.12487723567e+00
9.00058313973e+00
9.29092347078e+00
8.80065016620e+00
9.45466761469e+00
9.30235871021e+00
9.53157793413e+00
9.10534982528e+00
9.28712960708e+00
8.69443372556e+00
9.90832669053e+00
9.54318892768e+00
9.10589801145e+00
9.17133199355e+00
8.77179596330e+00
9.57075807992e+00
9.52947886766e+00
9.24785233603e+00
8.63975779777e+00
9.13606746076e+00
9.28564151664e+00
9.49956782747e+00
9.30029539264e+00
9.72493528760e+00
9.52610221383e+00
9.24510281054e+00
9.14318702942e+00
9.38154924439e+00
1.01426150693e+01
9.35935823800e+00
9.87130318807e+00
9.38163384498e+00
9.40290846511e+00
9.33911259513e+00
8.83187286604e+00
8.88452343886e+00
9.27171349252e+00
9.51126654835e+00
9.56456843029e+00
9.41237017667e+00
9.01235269626e+00
8.77477920999e+00
9.19270974489e+00
9.39838985175e+00
9.32295464820e+00
1.01128137211e+01
9.61409292052e+00
9.74888906354e+00
9.13584620973e+00
9.12618338450e+00
9.71716676148e+00
9.21029436537e+00
9.52337578140e+00
8.80893656413e+00
9.02795871401e+00
9.51590429943e+00
9.59350387199e+00
8.91421001882e+00
9.04177664788e+00
9.81948303251e+00
9.01233837565e+00
9.83285623632e+00
9.46659128987e+00
8.83053313434e+00
8.82834417156e+00
9.47414259446e+00
9.78382604763e+00
1.01695519055e+01
9.84542975815e+00
9.00531759968e+00
9.23537405793e+00
8.77940152209e+00
9.19787068671e+00
9.01813007818e+00
9.44389842514e+00
8.62903828282e+00
8.56071624797e+00
9.08491618025e+00
9.14925032853e+00
9.56353976619e+00
9.78149096882e+00
9.17609198919e+00
9.52919996211e+00
9.78761154134e+00
8.78245799924e+00
9.59317127503e+00
9.44036734981e+00
9.60026613311e+00
9.13745129689e+00
9.10300709164e+00
8.50079346772e+00
1.01780085159e+01
8.92068254556e+00
9.38454409131e+00
9.82116675150e+00
9.20219009600e+00
9.27447558779e+00