2.27248406464e+00
2.27347555001e+00
2.27200175050e+00
2.27363781037e+00
2.27268314306e+00
2.27298492815e+00
2.27173497955e+00
2.27198214777e+00
2.27235031240e+00
2.27298179380e+00
2.27263354980e+00
2.27358641938e+00
2.27306251544e+00
2.27293418580e+00
2.27283461690e+00
2.27231533603e+00
2.27268571369e+00
2.27340627885e+00
2.27213744972e+00
2.27257577987e+00
2.27331259904e+00
2.27344379361e+00
2.27272183275e+00
2.27241061559e+00
2.27277256558e+00
2.27185499930e+00
2.27207502445e+00
2.27293463824e+00
2.27195074593e+00
2.27378831494e+00
2.27241136340e+00
2.27240969580e+00
2.27222482213e+00
2.27158964685e+00
2.27314691946e+00
2.27240227464e+00
2.27294458153e+00
2.27230466311e+00
2.27176544988e+00
2.27279568665e+00
2.27224545004e+00
2.27243019084e+00
2.27267060999e+00
2.27316486895e+00
2.27213169407e+00
2.27212152713e+00
2.27251300837e+00
2.27369453832e+00
2.27260126348e+00
2.27254283345e+00
2.27191583658e+00
2.27344389972e+00
2.27269563385e+00
2.27263529996e+00
2.27277541258e+00
2.27234253016e+00
2.27238510185e+00
2.27311171111e+00
2.27322745114e+00
2.27303937688e+00
2.27245853992e+00
2.27247400145e+00
2.27221904932e+00
2.27251168636e+00
2.27228269231e+00
2.27287005366e+00
2.27283152587e+00
2.27324517518e+00
2.27269531009e+00
2.27226883387e+00
2.27316007590e+00
2.27305590179e+00
2.27206303384e+00
2.27282404141e+00
2.27315683721e+00
2.27306649292e+00
2.27267145631e+00
2.27186569783e+00
2.27249270496e+00
2.27212750909e+00
2.27234071289e+00
2.27324427670e+00
2.27237677474e+00
2.27247295565e+00
2.27233267925e+00
2.27300639762e+00
2.27219887996e+00
2.27267578603e+00
2.27277181759e+00
2.27246668761e+00
2.27267568788e+00
2.27267291406e+00
2.27237590028e+00
2.27259797909e+00
2.27270554227e+00
2.27186737243e+00
2.27244736782e+00
2.27188449384e+00
2.27362292423e+00
2.27142904892e+00
2.27230470000e+00
2.27282180546e+00
2.27284689722e+00
2.27208437285e+00
2.27197989593e+00
2.27277063829e+00
2.27307702298e+00
2.27217360477e+00
2.27248899279e+00
2.27191268673e+00
2.27276786097e+00
2.27354452885e+00
2.27312260882e+00
2.27270516116e+00
2.27240675672e+00
2.27273446748e+00
2.27239387467e+00
2.27264011532e+00
2.27307349516e+00
2.27308094959e+00
2.27343171128e+00
2.27146253762e+00
2.27308291498e+00
2.27315207869e+00
2.27253183195e+00
2.27299232037e+00
2.27237003464e+00
2.27221013650e+00
2.27252740664e+00
2.27281387951e+00
2.27251980094e+00
2.27239307825e+00
2.27235539937e+00
2.27313968396e+00
2.27255331006e+00
2.27205260427e+00
2.27237121411e+00
2.27277683684e+00
2.27252827645e+00
2.27309506272e+00
2.27227914048e+00
2.27276006996e+00
2.27254590195e+00
2.27232238112e+00
2.27282115278e+00
2.27366774128e+00
2.27240831355e+00
2.27299043843e+00
2.27357115151e+00
2.27256041909e+00
2.27253040068e+00
2.27181429148e+00
2.27314894941e+00
2.27265283903e+00
2.27238798365e+00
2.27240907163e+00
2.27244968744e+00
2.27302319795e+00
2.27337190628e+00
2.27334315137e+00
2.27328217779e+00
2.27253717191e+00
2.27325084064e+00
2.27368046317e+00
2.27202143917e+00
2.27333612518e+00
2.27295561358e+00
2.27239960634e+00
2.27225305424e+00
2.27368808539e+00
2.27276099760e+00
2.27321044993e+00
2.27248386697e+00
2.27224313258e+00
2.27165311082e+00
2.27267409134e+00
2.27244934396e+00
2.27240406154e+00
2.27340156531e+00
2.27213219960e+00
2.27291297338e+00
2.27215232072e+00
2.27337224497e+00
2.27334445161e+00
2.27257067096e+00
2.27308366026e+00
2.27305200600e+00
2.27285855164e+00
2.27301641621e+00
2.27298234859e+00
2.27246131408e+00
2.27293164953e+00
2.27218013684e+00
2.27262508805e+00
2.27234579517e+00
2.27225914656e+00
2.27279728394e+00
2.27289811246e+00
2.27262664875e+00
2.27233964101e+00
2.27305020527e+00
2.27265369556e+00
2.27375381116e+00
2.27275517022e+00
2.27345782216e+00
2.27237613397e+00
2.27286562469e+00
2.27225634862e+00
2.27228766783e+00
2.27256104526e+00
2.27261372723e+00
2.27234791185e+00
2.27294528583e+00
2.27279063516e+00
2.27270363153e+00
2.27238358731e+00
2.27220618696e+00
2.27211722090e+00
2.27234329579e+00
2.27304459764e+00
2.27249737446e+00
2.27316471429e+00
2.27290522719e+00
2.27216110088e+00
2.27221099789e+00
2.27289528822e+00
2.27329861146e+00
2.27330192379e+00
2.27337313738e+00
2.27269555421e+00
2.27242668626e+00
2.27258802630e+00
2.27202119255e+00
2.27324974425e+00
2.27269004249e+00
2.27254063033e+00
2.27216975048e+00
2.27246989123e+00
2.27316130289e+00
2.27187850000e+00
2.27287286277e+00
2.27242886160e+00
2.27272408259e+00
2.27261011172e+00
2.27258403628e+00
2.27279289006e+00
2.27202938262e+00
2.27196581574e+00
2.27227954688e+00
2.27310695082e+00
2.27219079968e+00
2.27210719941e+00
2.27329752414e+00
2.27220804814e+00
2.27206160284e+00
2.27223024836e+00
2.27275326501e+00
2.27230919162e+00
2.27299945830e+00
2.27271495828e+00
2.27247075305e+00
2.27293928307e+00
2.27282011921e+00
2.27300894017e+00
2.27162229096e+00
2.27224414603e+00
2.27213187320e+00
2.27262459271e+00
2.27265258111e+00
2.27266055900e+00
2.27208487727e+00
2.27227185058e+00
2.27294653659e+00
2.27209996491e+00
2.27195049375e+00
2.27193386529e+00
2.27267784580e+00
2.27269554830e+00
2.27244213629e+00
2.27334854205e+00
2.27232278957e+00
2.27311963433e+00
2.27317304545e+00
2.27317744682e+00
2.27257718325e+00
2.27283672194e+00
2.27211617258e+00
2.27313804746e+00
2.27326079565e+00
2.27185960973e+00
2.27265736724e+00
2.27291663342e+00
2.27289887799e+00
2.27298225710e+00
2.27230818173e+00
2.27205553522e+00
2.27257364764e+00
2.27234247851e+00
2.27265293312e+00
2.27287044269e+00
2.27238630269e+00
2.27283709101e+00
2.27205687640e+00
2.27266726641e+00
2.27260556218e+00
2.27207263449e+00
2.27287818410e+00
2.27255386230e+00
2.27316200821e+00
2.27283056744e+00
2.27246229364e+00
2.27254479527e+00
2.27285447492e+00
2.27203348753e+00
2.27238326534e+00
2.27312367716e+00
2.27288695158e+00
2.27302900486e+00
2.27270821665e+00
2.27223093464e+00
2.27230516445e+00
2.27249136726e+00
2.27246392005e+00
2.27254128392e+00
2.27322443244e+00
2.27270690184e+00
2.27252600258e+00
2.27220212130e+00
2.27273846917e+00
2.27250783270e+00
2.27272411338e+00
2.27318673763e+00
2.27191454849e+00
2.27278992175e+00
2.27273899219e+00
2.27255498711e+00
2.27221037694e+00
2.27159371158e+00
2.27211940928e+00
2.27225667585e+00
2.27296292920e+00
2.27284634403e+00
2.27283238362e+00
2.27247778217e+00
2.27283274700e+00
2.27267050574e+00
2.27345681629e+00
2.27338473307e+00
2.27171957480e+00
2.27328255304e+00
2.27299515716e+00
2.27294426105e+00
2.27246448738e+00
2.27249237994e+00
2.27153318140e+00
2.27265772880e+00
2.27254742834e+00
2.27234443985e+00
2.27273544650e+00
2.27227351877e+00
2.27242875889e+00
2.27225244697e+00
2.27231896016e+00
2.27309558789e+00
2.27288111607e+00
2.27296025914e+00
2.27226937330e+00
2.27203472763e+00
2.27149018449e+00
2.27220779838e+00
2.27268651699e+00
2.27309240492e+00
2.27343703637e+00
2.27298264873e+00
2.27313540558e+00
2.27210225619e+00
2.27240898176e+00
2.27287195169e+00
2.27220136164e+00
2.27364257001e+00
2.27371997821e+00
2.27052192251e+00
2.27281954647e+00
2.27208710523e+00
2.27177345892e+00
2.27243845336e+00
2.27202562253e+00
2.27243442597e+00
2.27287875014e+00
2.27328427646e+00
2.27225305883e+00
2.27238940911e+00
2.27195694673e+00
2.27263902388e+00
2.27251832803e+00
2.27237760702e+00
2.27198123757e+00
2.27308768307e+00
2.27241052413e+00
2.27296935945e+00
2.27289661974e+00
2.27286716820e+00
2.27234159285e+00
2.27269185296e+00
2.27262670249e+00
2.27312887313e+00
2.27258572221e+00
2.27226055986e+00
2.27313225425e+00
2.27326741647e+00
2.27294507365e+00
2.27227844713e+00
2.27258721135e+00
2.27227105469e+00
2.27281461430e+00
2.27269079344e+00
2.27127912037e+00
2.27205180184e+00
2.27319852230e+00
2.27279363069e+00
2.27238270145e+00
2.27307416511e+00
2.27308061412e+00
2.27271783957e+00
2.27261770029e+00
2.27204262172e+00
2.27255533438e+00
2.27240776252e+00
2.27220824961e+00
2.27315819881e+00
2.27295815425e+00
2.27298203775e+00
2.27244576017e+00
2.27194676055e+00
2.27181700839e+00
2.27325055148e+00
2.27305652765e+00
2.27242374374e+00
2.27259612294e+00
2.27224010475e+00
2.27282472120e+00
2.27217708054e+00
2.27240166468e+00
2.27246515257e+00
2.27270428998e+00
2.27287483474e+00
2.27228875778e+00
2.27235336547e+00
2.27328392003e+00
2.27262740852e+00
2.27266493898e+00
2.27238961788e+00
2.27274509787e+00
2.27252622385e+00
2.27196000664e+00
2.27319652828e+00
2.27222718662e+00
2.27266065558e+00
2.27285768774e+00
2.27148280812e+00
2.27219378831e+00
2.27299823488e+00
2.27346584185e+00
2.27237411752e+00
2.27226780878e+00
2.27195631754e+00
2.27270057522e+00
2.27259547522e+00
2.27317952211e+00
2.27294597961e+00
2.27309126969e+00
2.27277532598e+00
2.27274641979e+00
2.27272759883e+00
2.27298696847e+00
2.27256055708e+00
2.27279263014e+00
2.27284524095e+00
2.27254858731e+00
2.27326840475e+00
2.27306991730e+00
2.27212966547e+00
2.27332961052e+00
2.27239024130e+00
2.27267006140e+00
2.27192451326e+00
2.27317207713e+00
2.27242216126e+00
2.27329588139e+00
2.27282795844e+00
2.27341008636e+00
2.27256424685e+00
2.27286706423e+00
2.27277055133e+00
2.27336337586e+00
2.27267741904e+00
2.27275976305e+00
2.27397881092e+00
2.27259184044e+00
2.27243252562e+00
2.27260962588e+00