1.09313053524e+00
1.09293669475e+00
1.09361759957e+00
1.09395973150e+00
1.09351128235e+00
1.09338964797e+00
1.09440605568e+00
1.09356836787e+00
1.09304420983e+00
1.09328689138e+00
1.09330333873e+00
1.09345531291e+00
1.09349034147e+00
1.09292695170e+00
1.09354164906e+00
1.09359614789e+00
1.09416145980e+00
1.09298570627e+00
1.09315192978e+00
1.09385738717e+00
1.09292101616e+00
1.09353867712e+00
1.09345761877e+00
1.09316747744e+00
1.09315097482e+00
1.09336772403e+00
1.09366210487e+00
1.09309523361e+00
1.09339053787e+00
1.09320964694e+00
1.09363740797e+00
1.09309564982e+00
1.09323324964e+00
1.09401683164e+00
1.09382417914e+00
1.09428523830e+00
1.09340963961e+00
1.09353881317e+00
1.09388193161e+00
1.09318402171e+00
1.09335364686e+00
1.09435915783e+00
1.09314308300e+00
1.09312828338e+00
1.09318917268e+00
1.09326658453e+00
1.09395501930e+00
1.09229121933e+00
1.09383482813e+00
1.09297155062e+00
1.09268925269e+00
1.09352301098e+00
1.09346688705e+00
1.09302088270e+00
1.09300900363e+00
1.09359770160e+00
1.09348889402e+00
1.09332617739e+00
1.09319325092e+00
1.09373100730e+00
1.09331642089e+00
1.09376172640e+00
1.09412649099e+00
1.09305934392e+00
1.09351621392e+00
1.09319333296e+00
1.09240577076e+00
1.09294005487e+00
1.09335664635e+00
1.09276276143e+00
1.09321968576e+00
1.09389198439e+00
1.09393210754e+00
1.09313328906e+00
1.09303553901e+00
1.09332417728e+00
1.09406253394e+00
1.09353346692e+00
1.09327911035e+00
1.09389120093e+00
1.09337230370e+00
1.09331557815e+00
1.09433604075e+00
1.09381230496e+00
1.09310966109e+00
1.09354753710e+00
1.09394160782e+00
1.09371322288e+00
1.09271675680e+00
1.09385927331e+00
1.09288640716e+00
1.09376481792e+00
1.09302782029e+00
1.09307321650e+00
1.09379215252e+00
1.09373211906e+00
1.09345124546e+00
1.09344409022e+00
1.09402769590e+00
1.09313292060e+00
1.09366763428e+00
1.09261459593e+00
1.09370990972e+00
1.09427936347e+00
1.09416282737e+00
1.09300075230e+00
1.09374497449e+00
1.09366138112e+00
1.09369840080e+00
1.09370889027e+00
1.09318466811e+00
1.09390874919e+00
1.09351954742e+00
1.09304544128e+00
1.09445989962e+00
1.09330806845e+00
1.09367863212e+00
1.09339171436e+00
1.09256642341e+00
1.09348003294e+00
1.09306287718e+00
1.09318105176e+00
1.09322328535e+00
1.09337145997e+00
1.09302587789e+00
1.09320048576e+00
1.09370479654e+00
1.09374915777e+00
1.09382894060e+00
1.09357273796e+00
1.09356667936e+00
1.09355198076e+00
1.09359034138e+00
1.09337109814e+00
1.09332842764e+00
1.09326747879e+00
1.09305716321e+00
1.09356327698e+00
1.09424874385e+00
1.09302444688e+00
1.09375511019e+00
1.09360014141e+00
1.09432235490e+00
1.09345682124e+00
1.09340627563e+00
1.09367248503e+00
1.09342724884e+00
1.09280342055e+00
1.09303374434e+00
1.09296710773e+00
1.09351180421e+00
1.09364780235e+00
1.09320675134e+00
1.09403926071e+00
1.09369983100e+00
1.09332604942e+00
1.09257583645e+00
1.09395454887e+00
1.09356316473e+00
1.09300481675e+00
1.09310682654e+00
1.09282212265e+00
1.09332511012e+00
1.09388016746e+00
1.09302569845e+00
1.09349391585e+00
1.09366980711e+00
1.09339780864e+00
1.09364776885e+00
1.09373139123e+00
1.09309194288e+00
1.09403759726e+00
1.09368941886e+00
1.09327447619e+00
1.09368033647e+00
1.09303763222e+00
1.09376661086e+00
1.09282851404e+00
1.09348131524e+00
1.09379585936e+00
1.09312855045e+00
1.09311971055e+00
1.09415366244e+00
1.09257853711e+00
1.09342613484e+00
1.09343802301e+00
1.09284237972e+00
1.09308754876e+00
1.09373327069e+00
1.09379392747e+00
1.09262238681e+00
1.09363964680e+00
1.09311679223e+00
1.09357537655e+00
1.09353501138e+00
1.09352707173e+00
1.09259576732e+00
1.09322315203e+00
1.09346292543e+00
1.09211591106e+00
1.09328568190e+00
1.09451102110e+00
1.09263733977e+00
1.09397110529e+00
1.09319569269e+00
1.09280164199e+00
1.09401603105e+00
1.09273867424e+00
1.09349266772e+00
1.09323930449e+00
1.09231591664e+00
1.09333984023e+00
1.09411455176e+00
1.09338255976e+00
1.09353667652e+00
1.09394477846e+00
1.09388054377e+00
1.09348710244e+00
1.09350980461e+00
1.09305232404e+00
1.09359028131e+00
1.09372848682e+00
1.09248363918e+00
1.09303035870e+00
1.09306964917e+00
1.09287956046e+00
1.09299250813e+00
1.09180055535e+00
1.09373572266e+00
1.09233229314e+00
1.09238681192e+00
1.09290003744e+00
1.09274926585e+00
1.09346894616e+00
1.09345265243e+00
1.09337274501e+00
1.09389252978e+00
1.09382978170e+00
1.09309037378e+00
1.09344623255e+00
1.09339043378e+00
1.09373774640e+00
1.09330601797e+00
1.09366068762e+00
1.09389086726e+00
1.09404471557e+00
1.09372238833e+00
1.09338113765e+00
1.09342552370e+00
1.09266538182e+00
1.09365132217e+00
1.09342884620e+00
1.09333017952e+00
1.09319491291e+00
1.09358910302e+00
1.09385161537e+00
1.09402020950e+00
1.09367136676e+00
1.09308427569e+00
1.09368703802e+00
1.09318865278e+00
1.09333555233e+00
1.09348375201e+00
1.09293985374e+00
1.09400758700e+00
1.09322428954e+00
1.09379497807e+00
1.09350006178e+00
1.09285236696e+00
1.09379782088e+00
1.09361163599e+00
1.09344657347e+00
1.09291729468e+00
1.09320718844e+00
1.09383494633e+00
1.09367992221e+00
1.09326406846e+00
1.09350208924e+00
1.09309669379e+00
1.09352751415e+00
1.09333380297e+00
1.09261334825e+00
1.09355440876e+00
1.09372382159e+00
1.09343925257e+00
1.09301192758e+00
1.09286592619e+00
1.09418954480e+00
1.09309141365e+00
1.09284637744e+00
1.09299612764e+00
1.09321897494e+00
1.09373381145e+00
1.09340883320e+00
1.09344903280e+00
1.09342162338e+00
1.09378597399e+00
1.09323936680e+00
1.09363151516e+00
1.09367564821e+00
1.09303441016e+00
1.09334510049e+00
1.09409558939e+00
1.09390077611e+00
1.09351551833e+00
1.09314349617e+00
1.09364705614e+00
1.09322135530e+00
1.09333519130e+00
1.09350297521e+00
1.09306631086e+00
1.09330120035e+00
1.09321714619e+00
1.09364406447e+00
1.09432602040e+00
1.09313230310e+00
1.09356733823e+00
1.09330230331e+00
1.09346524132e+00
1.09372192656e+00
1.09354819487e+00
1.09304570929e+00
1.09401298327e+00
1.09385897585e+00
1.09341999228e+00
1.09346312906e+00
1.09385101246e+00
1.09366010064e+00
1.09337353226e+00
1.09462914942e+00
1.09364489440e+00
1.09285684174e+00
1.09324595534e+00
1.09339167580e+00
1.09349285966e+00
1.09363833691e+00
1.09320576336e+00
1.09423571928e+00
1.09432343934e+00
1.09362318357e+00
1.09347639295e+00
1.09301545932e+00
1.09399618498e+00
1.09324160483e+00
1.09285900442e+00
1.09411247365e+00
1.09365650632e+00
1.09360150174e+00
1.09353306839e+00
1.09384300224e+00
1.09253742206e+00
1.09413728015e+00
1.09298667557e+00
1.09356673765e+00
1.09277967873e+00
1.09363936486e+00
1.09309371273e+00
1.09332519636e+00
1.09294132701e+00
1.09346826899e+00
1.09311606680e+00
1.09280718631e+00
1.09389344865e+00
1.09280744119e+00
1.09357721439e+00
1.09363915352e+00
1.09364591650e+00
1.09370391981e+00
1.09367195734e+00
1.09286012278e+00
1.09364811629e+00
1.09306287984e+00
1.09378329652e+00
1.09293284484e+00
1.09409665804e+00
1.09344477427e+00
1.09255666918e+00
1.09291660765e+00
1.09302327413e+00
1.09295879719e+00
1.09278358257e+00
1.09344960246e+00
1.09318754208e+00
1.09272296626e+00
1.09284914682e+00
1.09296503231e+00
1.09299902517e+00
1.09353543003e+00
1.09302906156e+00
1.09307123284e+00
1.09330324288e+00
1.09307865526e+00
1.09390163751e+00
1.09259743189e+00
1.09334058530e+00
1.09416629615e+00
1.09279561252e+00
1.09321271971e+00
1.09404319613e+00
1.09376695022e+00
1.09298768344e+00
1.09393559772e+00
1.09305563390e+00
1.09279764897e+00
1.09337893905e+00
1.09412242768e+00
1.09330401763e+00
1.09371993303e+00
1.09389175301e+00
1.09304429750e+00
1.09268161498e+00
1.09337663041e+00
1.09292938134e+00
1.09353215541e+00
1.09303102886e+00
1.09331502377e+00
1.09412944075e+00
1.09294172045e+00
1.09274191941e+00
1.09316316137e+00
1.09375180571e+00
1.09368292032e+00
1.09293175054e+00
1.09382578616e+00
1.09365026578e+00
1.09336539041e+00
1.09310830706e+00
1.09328513746e+00
1.09405980152e+00
1.09328942114e+00
1.09384090362e+00
1.09299960703e+00
1.09295905276e+00
1.09327813782e+00
1.09349163220e+00
1.09350344137e+00
1.09366667086e+00
1.09340303346e+00
1.09323491272e+00
1.09326175668e+00
1.09333979760e+00
1.09323253025e+00
1.09406990529e+00
1.09408398876e+00
1.09375482924e+00
1.09354904534e+00
1.09325458477e+00
1.09349036244e+00
1.09372230064e+00
1.09355916872e+00
1.09379909199e+00
1.09289991929e+00
1.09341368435e+00
1.09337187484e+00
1.09376161277e+00
1.09356145957e+00
1.09312240973e+00
1.09381142649e+00
1.09284558125e+00
1.09400836804e+00
1.09383608275e+00
1.09353458619e+00
1.09327071814e+00
1.09344536396e+00
1.09373294565e+00
1.09376464840e+00
1.09387035173e+00
1.09367366036e+00
1.09331214110e+00
1.09410286590e+00
1.09395994214e+00
1.09377171338e+00
1.09373940441e+00
1.09318301994e+00
1.09325390583e+00
1.09316613094e+00
1.09342367206e+00
1.09350783574e+00
1.09389235734e+00
1.09335042059e+00
1.09358962680e+00
1.09373939822e+00
1.09339263556e+00
1.09303421244e+00
1.09341840449e+00
1.09440558711e+00
1.09307985368e+00
1.09323727277e+00
1.09315677484e+00
1.09286194242e+00
1.09334207987e+00
1.09377228074e+00
1.09286109422e+00
1.09302848672e+00
1.09406432308e+00
1.09350351710e+00
1.09338107604e+00
1.09348349566e+00
1.09379004321e+00
1.09279209330e+00
1.09341424580e+00