1.13389351764e+00
1.14945355553e+00
1.24433053108e+00
1.18185529294e+00
1.14000467442e+00
1.18399839833e+00
1.19206019526e+00
1.22479895958e+00
1.20993763200e+00
1.17642081328e+00
1.12480566276e+00
1.14408395698e+00
1.18852539425e+00
1.18424651562e+00
1.21472386933e+00
1.19345772598e+00
1.18306812855e+00
1.18867879391e+00
1.22954530235e+00
1.22836526255e+00
1.14531604695e+00
1.14349529680e+00
1.22207692162e+00
1.08118805296e+00
1.17508128282e+00
1.14875269328e+00
1.22733081057e+00
1.16861875239e+00
1.08997689234e+00
1.10936253771e+00
1.22375258362e+00
1.13659798942e+00
1.10425426158e+00
1.24080360010e+00
1.14698656861e+00
1.23062098223e+00
1.20741221475e+00
1.16923381718e+00
1.20327437149e+00
1.11363089560e+00
1.09567978452e+00
1.17632979755e+00
1.17871129314e+00
1.15944980608e+00
1.11048781960e+00
1.11090284199e+00
1.17087484184e+00
1.15398337923e+00
1.21358528162e+00
1.14718102569e+00
1.19948000643e+00
1.12251386993e+00
1.20607762735e+00
1.17096861657e+00
1.18903535347e+00
1.14731360840e+00
1.13298067312e+00
1.09305221900e+00
1.18284065326e+00
1.22143998489e+00
1.16122960414e+00
1.19906931188e+00
1.15389295554e+00
1.13922991189e+00
1.20590902706e+00
1.19182875755e+00
1.17145595501e+00
1.18280744854e+00
1.15874372070e+00
1.16697199989e+00
1.17122996203e+00
1.16151212983e+00
1.17499928941e+00
1.13042908489e+00
1.11935287595e+00
1.08760994603e+00
1.16261722622e+00
1.17082547958e+00
1.19966112792e+00
1.12702935413e+00
1.17425860226e+00
1.17824360042e+00
1.11460686502e+00
1.13405993131e+00
1.09604339057e+00
1.18070776797e+00
1.15929515911e+00
1.04946055422e+00
1.11371936110e+00
1.18977888740e+00
1.18374504366e+00
1.21991222303e+00
1.21690971205e+00
1.22067231968e+00
1.21228631569e+00
1.17548157373e+00
1.19350844725e+00
1.13711165266e+00
1.19781828312e+00
1.15500023774e+00
1.16061797412e+00
1.15066419003e+00
1.15028151805e+00
1.14782003513e+00
1.20216982894e+00
1.15825477886e+00
1.15328573278e+00
1.17789256830e+00
1.15068311260e+00
1.21820852715e+00
1.20889401353e+00
1.15961804662e+00
1.15190928169e+00
1.19431939873e+00
1.21787758401e+00
1.16084408039e+00
1.19297511813e+00
1.20155467051e+00
1.16246321034e+00
1.17608238359e+00
1.04166139798e+00
1.21463776607e+00
1.17770458395e+00
1.16752972310e+00
1.16233799858e+00
1.17253550404e+00
1.25152346157e+00
1.10312010766e+00
1.20062728789e+00
1.13783513591e+00
1.13783255638e+00
1.16226482885e+00
1.20286613055e+00
1.18701842382e+00
1.08278931555e+00
1.10993995527e+00
1.22570978753e+00
1.20059394372e+00
1.17948104171e+00
1.22126813661e+00
1.17980545989e+00
1.13230372008e+00
1.15365985230e+00
1.23029746668e+00
1.20939289418e+00
1.23597460284e+00
1.16463195191e+00
1.23928930192e+00
1.11099857997e+00
1.17425845349e+00
1.18678546878e+00
1.21066390925e+00
1.11568925731e+00
1.16719656157e+00
1.08918971700e+00
1.31632900831e+00
1.18717766201e+00
1.17991850896e+00
1.22260625090e+00
1.12569913063e+00
1.19514776103e+00
1.14727071718e+00
1.08457292713e+00
1.20796503697e+00
1.12465343338e+00
1.14928887605e+00
1.18839566024e+00
1.12400457517e+00
1.19544977014e+00
1.19965535082e+00
1.14050665727e+00
1.15171427172e+00
1.16877784507e+00
1.13183090269e+00
1.13141057496e+00
1.04229689758e+00
1.14581792288e+00
1.20109946203e+00
1.16257942265e+00
1.19232601220e+00
1.18662104577e+00
1.16176384566e+00
1.12632204775e+00
1.10308729579e+00
1.12851392865e+00
1.25966632143e+00
1.16183352106e+00
1.18384435112e+00
1.14669104795e+00
1.12913768875e+00
1.14181284590e+00
1.16106299201e+00
1.12426477805e+00
1.13608688009e+00
1.14896756498e+00
1.18244665195e+00
1.16880647304e+00
1.29344342953e+00
1.17018092764e+00
1.17340627063e+00
1.17921311857e+00
1.16053691193e+00
1.11933520964e+00
1.17352483747e+00
1.20640677667e+00
1.11346132660e+00
1.18394508515e+00
1.23069561159e+00
1.17037629363e+00
1.13397809951e+00
1.18471866062e+00
1.18336104643e+00
1.11867962931e+00
1.19454192526e+00
1.10891426089e+00
1.19052488118e+00
1.21899254817e+00
1.27045805604e+00
1.20732346812e+00
1.17529775624e+00
1.19681907765e+00
1.19174302259e+00
1.16089872737e+00
1.13031981235e+00
1.11217283617e+00
1.15289010126e+00
1.21095624395e+00
1.12179612487e+00
1.16942844773e+00
1.19872185032e+00
1.15447627408e+00
1.13600037354e+00
1.11015580237e+00
1.13712637974e+00
1.21696393006e+00
1.20104415728e+00
1.13804461623e+00
1.15673237863e+00
1.11320260919e+00
1.20626693838e+00
1.12250552626e+00
1.16825505523e+00
1.19976640093e+00
1.15228684656e+00
1.16143018917e+00
1.18100633672e+00
1.18422961097e+00
1.16477813839e+00
1.14639572018e+00
1.19143122153e+00
1.08517296272e+00
1.14272100679e+00
1.16747484480e+00
1.12113555019e+00
1.17079967628e+00
1.13077866602e+00
1.21879384820e+00
1.14170620067e+00
1.11165082155e+00
1.11115104009e+00
1.19423116583e+00
1.14362787662e+00
1.16562212802e+00
1.22087104397e+00
1.19987531939e+00
1.15012747009e+00
1.14250494148e+00
1.15618965239e+00
1.18544217071e+00
1.18913357576e+00
1.17220512476e+00
1.16743836341e+00
1.16946781899e+00
1.18690087891e+00
1.20458505207e+00
1.24803530173e+00
1.18545406531e+00
1.17742337308e+00
1.14021132084e+00
1.09996369472e+00
1.19985848179e+00
1.16162146196e+00
1.18632548677e+00
1.16300558617e+00
1.19123688542e+00
1.16929008741e+00
1.22403079167e+00
1.13996745170e+00
1.21880038626e+00
1.15514202582e+00
1.15453173547e+00
1.10915593111e+00
1.14807272462e+00
1.13256027035e+00
1.19013483589e+00
1.11133462786e+00
1.15479896716e+00
1.15190467773e+00
1.20594420327e+00
1.18080781539e+00
1.13688358144e+00
1.16861953677e+00
1.18841635927e+00
1.16389244367e+00
1.20357809555e+00
1.15583817574e+00
1.15608436059e+00
1.22356950980e+00
1.19873149260e+00
1.14106363098e+00
1.15787464055e+00
1.13357197147e+00
1.15843764482e+00
1.13392026109e+00
1.16985325201e+00
1.09594239600e+00
1.08552331299e+00
1.22052525037e+00
1.19968713631e+00
1.19064969312e+00
1.18279107881e+00
1.21960901014e+00
1.14478434830e+00
1.23438782901e+00
1.12328875550e+00
1.11824439933e+00
1.17878900452e+00
1.16476854034e+00
1.16585097674e+00
1.15006890511e+00
1.13613579824e+00
1.16532881563e+00
1.08866532515e+00
1.14426066949e+00
1.12407670493e+00
1.21519411786e+00
1.12754419532e+00
1.12464245896e+00
1.21328725667e+00
1.11964696972e+00
1.19968952209e+00
1.12357570632e+00
1.19225644890e+00
1.22532546069e+00
1.15308021130e+00
1.17067587120e+00
1.20437533704e+00
1.19708145205e+00
1.22016979534e+00
1.14641675347e+00
1.12062033758e+00
1.20924819171e+00
1.14359955829e+00
1.18697753613e+00
1.20822045605e+00
1.19035186207e+00
1.17915961426e+00
1.18153167505e+00
1.19435713883e+00
1.15485088514e+00
1.17760882396e+00
1.11019941180e+00
1.18826372513e+00
1.16883538159e+00
1.13027810634e+00
1.14146531675e+00
1.16896748473e+00
1.14300620908e+00
1.21388464328e+00
1.09319156420e+00
1.12577285691e+00
1.19546759586e+00
1.12223208209e+00
1.14272322307e+00
1.13217956934e+00
1.27406215567e+00
1.17536068651e+00
1.16100795955e+00
1.17086042697e+00
1.14951692449e+00
1.14586304391e+00
1.15949234250e+00
1.22693989856e+00
1.17543090946e+00
1.14129247296e+00
1.14630523440e+00
1.07746289934e+00
1.22469810995e+00
1.12649620143e+00
1.18343425287e+00
1.10878000506e+00
1.15968218448e+00
1.17377903540e+00
1.15450120969e+00
1.15674563007e+00
1.16945520220e+00
1.15158195453e+00
1.19950643467e+00
1.24147246986e+00
1.19825216527e+00
1.12870749962e+00
1.18851021254e+00
1.17375751979e+00
1.18318798042e+00
1.18218574619e+00
1.17459462321e+00
1.19046519408e+00
1.12035221778e+00
1.14146132636e+00
1.11121980834e+00
1.14498749708e+00
1.15638327754e+00
1.21497109964e+00
1.16245042386e+00
1.14108426810e+00
1.19775185815e+00
1.12702217016e+00
1.16850071168e+00
1.14967259885e+00
1.14152606493e+00
1.18073242496e+00
1.17324940713e+00
1.16849922726e+00
1.19438276855e+00
1.23384714586e+00
1.20771023223e+00
1.14995012521e+00
1.19945982623e+00
1.14155367382e+00
1.17694597139e+00
1.12750947517e+00
1.11393292117e+00
1.13852503209e+00
1.15071702227e+00
1.04792946457e+00
1.10646225473e+00
1.16161992769e+00
1.09600376829e+00
1.19080085773e+00
1.17204060829e+00
1.13143202500e+00
1.23054658248e+00
1.17749162916e+00
1.15754210081e+00
1.21144012255e+00
1.17500596314e+00
1.16641051303e+00
1.22237869849e+00
1.09661965569e+00
1.16096330594e+00
1.17771849022e+00
1.17511858249e+00
1.13902613287e+00
1.21078389587e+00
1.19542260778e+00
1.13477986854e+00
1.20286789671e+00
1.16022023377e+00
1.18286397344e+00
1.16951688252e+00
1.18873808162e+00
1.18944463002e+00
1.12851304714e+00
1.19190920569e+00
1.18399140240e+00
1.13174463402e+00
1.20116139471e+00
1.13404367074e+00
1.18791609422e+00
1.19069185693e+00
1.16744303160e+00
1.18378605827e+00
1.16961862676e+00
1.13567729140e+00
1.15712107521e+00
1.16434032099e+00
1.14874611612e+00
1.17496852501e+00
1.14496667467e+00
1.14165510395e+00
1.14969831374e+00
1.18819471112e+00
1.16090152214e+00
1.14432189245e+00
1.13954534553e+00
1.21678248990e+00
1.17331593278e+00
1.21702093618e+00
1.19168232868e+00
1.17402744431e+00
1.25411738071e+00
1.17200635048e+00
1.15142075405e+00
1.17633924746e+00
1.08810275663e+00
1.21362771533e+00
1.07504835817e+00
1.11785527018e+00
1.14397690056e+00
1.15760769637e+00
1.16609189925e+00