7.13669138013e-01
7.76009758978e-01
8.40811720735e-01
7.39628279115e-01
7.79361334570e-01
7.68346077251e-01
7.35405618644e-01
8.44716559396e-01
7.14414448807e-01
8.08883415445e-01
8.34646275219e-01
7.33196956950e-01
8.32366811560e-01
7.72027080226e-01
8.09517013410e-01
7.41160901249e-01
8.54717530307e-01
7.36378720608e-01
9.01402254844e-01
6.97408392037e-01
7.56534274687e-01
7.91304128016e-01
6.97811867144e-01
7.84544662738e-01
6.77139908120e-01
8.56220855464e-01
7.58990533367e-01
7.22753185734e-01
9.25120578905e-01
8.94710662982e-01
7.24232556446e-01
7.88943008042e-01
7.15313601699e-01
8.58934978341e-01
8.01206815066e-01
7.95876261484e-01
8.57158980474e-01
9.09079593946e-01
7.16326127498e-01
8.09669996876e-01
8.51656801774e-01
7.53320553158e-01
7.90584199500e-01
8.66936421762e-01
8.35998213769e-01
8.37116566809e-01
8.90225333860e-01
7.45899513208e-01
7.01174407387e-01
8.55468235230e-01
8.04753547939e-01
8.06557293539e-01
7.96567841496e-01
8.80674054215e-01
7.66699449818e-01
8.80467457231e-01
8.21405260518e-01
7.52385758387e-01
8.26211253751e-01
7.59961137262e-01
7.58201826011e-01
9.17649411202e-01
7.57827927458e-01
7.53523534499e-01
7.45548806228e-01
7.86334990133e-01
8.94849917804e-01
8.33715872880e-01
7.19224787760e-01
7.53981430054e-01
7.54592595358e-01
8.05942153461e-01
8.79843792481e-01
7.74995218134e-01
7.37841744018e-01
8.34938603032e-01
9.02922390821e-01
8.34687649746e-01
7.35660769960e-01
7.65615065923e-01
8.08511470269e-01
8.52625150308e-01
6.12440615797e-01
6.79067241943e-01
7.74887710333e-01
8.11447241998e-01
7.08582462620e-01
8.61900411926e-01
8.93647464963e-01
7.89454223563e-01
7.65511395549e-01
7.23965230699e-01
8.01565756747e-01
6.97219662361e-01
7.89455959248e-01
8.30507006013e-01
7.79409681262e-01
8.63721269481e-01
8.05952915411e-01
7.60120869898e-01
8.71452568919e-01
7.44256940154e-01
7.02977862382e-01
7.38775694583e-01
8.85147119764e-01
9.61526021161e-01
8.25462587644e-01
8.10907850520e-01
7.74315586560e-01
8.47103535956e-01
8.32968481367e-01
8.36623593630e-01
8.17569366305e-01
7.40488062019e-01
6.58981722703e-01
8.76265788878e-01
8.35960318996e-01
7.13922784039e-01
8.99441010530e-01
9.24446152038e-01
7.76145893240e-01
7.89915462067e-01
8.01179070258e-01
6.88688463080e-01
7.66365104962e-01
7.77630646096e-01
7.33288675436e-01
7.75265521673e-01
8.97931129552e-01
7.74006602912e-01
8.93986653872e-01
7.11247322409e-01
7.30471646213e-01
7.48534248358e-01
7.69780502647e-01
6.71020516990e-01
7.36804323655e-01
7.67637636706e-01
7.08044222172e-01
7.74682900407e-01
8.13007739018e-01
6.39172400048e-01
8.59530392924e-01
8.26553621031e-01
8.08532810046e-01
8.23309155543e-01
7.29111012685e-01
7.83818514899e-01
8.41711985663e-01
7.64424651247e-01
6.87875962602e-01
8.31145233418e-01
6.95549127201e-01
8.45646533418e-01
8.18170338292e-01
7.87093458251e-01
8.64196412578e-01
7.27462315902e-01
7.50003247900e-01
7.57709943740e-01
8.15334305406e-01
8.70599606201e-01
7.78074879358e-01
7.83151791405e-01
7.40516512490e-01
8.33095199790e-01
7.07417986180e-01
7.80293071669e-01
7.23719374455e-01
7.96966440042e-01
7.88488464350e-01
7.13076213865e-01
8.80458976973e-01
7.83280148144e-01
7.45930239544e-01
7.66086841020e-01
8.91736095075e-01
8.07861410208e-01
8.62390177176e-01
7.48040255281e-01
7.71451925851e-01
7.40028604517e-01
7.06450613933e-01
8.44659902195e-01
8.11789411773e-01
8.23892128278e-01
7.64340515338e-01
8.19954654318e-01
7.33048087861e-01
7.54230245678e-01
7.69855374119e-01
8.77714794631e-01
7.41514372668e-01
7.04532544890e-01
8.04974427909e-01
7.69609945538e-01
8.49012106923e-01
7.25781484541e-01
7.85690514766e-01
9.40084517699e-01
7.52960799953e-01
7.07123255994e-01
7.63003167293e-01
6.87201514579e-01
7.38881989653e-01
6.36963021642e-01
8.35373181008e-01
8.79507710627e-01
8.40550311842e-01
7.61109607427e-01
8.01155293080e-01
7.90865205633e-01
9.14030920777e-01
7.50022140944e-01
8.74512130669e-01
8.47860492742e-01
7.73623933678e-01
8.11660573747e-01
6.81849761168e-01
8.48201066964e-01
7.38737519419e-01
8.56222191985e-01
7.92897344584e-01
7.84075408799e-01
8.29504948987e-01
7.14556520178e-01
7.79359948762e-01
7.37507685376e-01
7.02189392486e-01
8.33873669299e-01
7.88238629007e-01
7.46955930089e-01
8.13629042649e-01
9.13751401188e-01
7.46380023184e-01
6.71415184199e-01
7.85438892351e-01
7.39350367428e-01
7.70036057974e-01
7.91293278433e-01
7.98101344605e-01
6.85476994849e-01
8.00980258297e-01
8.06179126803e-01
9.20015379815e-01
7.39474327693e-01
8.06507643220e-01
7.25730440387e-01
8.05521062390e-01
8.08193199799e-01
7.19950988324e-01
8.41221915928e-01
8.01412162354e-01
8.53117892747e-01
7.98012795342e-01
7.13865231390e-01
7.49264105549e-01
7.14895923562e-01
8.02181922313e-01
8.13146447426e-01
8.63631288843e-01
8.34302265081e-01
7.41324743483e-01
7.78632387159e-01
7.51821692229e-01
8.51731428092e-01
8.41090558407e-01
7.70734224138e-01
8.57127570414e-01
9.26193490705e-01
7.41382828159e-01
7.25681153001e-01
8.47478713313e-01
8.71492166151e-01
9.16093089033e-01
8.24685177663e-01
7.46179135978e-01
7.68183709718e-01
6.98247871329e-01
8.05001091032e-01
7.33169837999e-01
8.53919246020e-01
7.79579332348e-01
8.17651273728e-01
7.91098166683e-01
7.89442619753e-01
7.77193376300e-01
7.88497999464e-01
7.72238099263e-01
9.10256887642e-01
8.27882145322e-01
7.99190332418e-01
7.29501782604e-01
8.54662724967e-01
8.00607609049e-01
8.46717370530e-01
8.92757994569e-01
8.45574542786e-01
8.18855044048e-01
7.74897268070e-01
7.75036325534e-01
8.77590140474e-01
7.60882731405e-01
8.05082176890e-01
8.10194778412e-01
7.43879367105e-01
7.39331247631e-01
7.73267688199e-01
7.86038878964e-01
6.83183370312e-01
7.88470792862e-01
7.67162296547e-01
7.90880992876e-01
8.80138922162e-01
8.13398351749e-01
8.23755265927e-01
8.13129751188e-01
8.39289902448e-01
7.87161356453e-01
7.91038061528e-01
7.55840396974e-01
7.26119277872e-01
7.51532412522e-01
7.97643028647e-01
7.68014206058e-01
7.51153197872e-01
8.70156199948e-01
8.30072324511e-01
7.85011200018e-01
8.44059726123e-01
6.79913834820e-01
8.14604777746e-01
8.28624954001e-01
8.20459527760e-01
8.41866302057e-01
7.99124049738e-01
8.64556501762e-01
8.24671842182e-01
9.03668897279e-01
8.61459476702e-01
7.35789615427e-01
8.51869833418e-01
7.86898445880e-01
6.85315090973e-01
8.47036726830e-01
7.57935884787e-01
7.66943223743e-01
7.90094632877e-01
7.56593309462e-01
8.50307851775e-01
7.47217812575e-01
7.26562547132e-01
9.30528956773e-01
8.14850415220e-01
8.78120962166e-01
8.27831987691e-01
6.68327159486e-01
8.53501487995e-01
7.11822342424e-01
7.84979462682e-01
7.30279831049e-01
7.88389403437e-01
8.64265497318e-01
8.75133270368e-01
7.75448025496e-01
8.53352316801e-01
8.38432976824e-01
8.14922870842e-01
7.54594653312e-01
8.47418231794e-01
7.22143509384e-01
8.03030612120e-01
7.73271471217e-01
7.64315445056e-01
7.35056208322e-01
7.83912548158e-01
7.83214554213e-01
7.58197259891e-01
7.94687259580e-01
7.24653949483e-01
8.24159032894e-01
7.81474704790e-01
8.56412333134e-01
8.43295053932e-01
7.50619587224e-01
7.65049106603e-01
8.64342655644e-01
7.53778773809e-01
9.30517191904e-01
7.86694715917e-01
6.63910635682e-01
8.44966424292e-01
7.83038456192e-01
7.81333993938e-01
7.86615158092e-01
6.84744504316e-01
9.59247054846e-01
8.00841452038e-01
8.26172322337e-01
7.91415039056e-01
7.38315574292e-01
6.62192336217e-01
7.88825255337e-01
7.61283058461e-01
7.55312067752e-01
7.10492968708e-01
7.93617084352e-01
7.82758417451e-01
8.60144512800e-01
8.44342187205e-01
8.74258246439e-01
8.20350230928e-01
7.82081794840e-01
8.49487459380e-01
8.05180084579e-01
7.62231861667e-01
7.91429344008e-01
7.52497580408e-01
7.00942846666e-01
8.10793769174e-01
7.71536204985e-01
7.38854738513e-01
7.34157695152e-01
7.29073458644e-01
8.11114456050e-01
7.75180093434e-01
7.94289635041e-01
7.97225662397e-01
7.44306581967e-01
7.12121078521e-01
7.76454092976e-01
6.91639654399e-01
6.78868346829e-01
7.36341216542e-01
8.70025674273e-01
7.64780238765e-01
7.97037879349e-01
7.72080127657e-01
8.34152185937e-01
7.94814026788e-01
8.29473273580e-01
7.51140523831e-01
8.13821479958e-01
6.98544621113e-01
8.77944554936e-01
7.69579159121e-01
8.30076861453e-01
8.69520317079e-01
7.37430809430e-01
7.20997190479e-01
7.50458162753e-01
8.52499100670e-01
8.33562265277e-01
8.14699652883e-01
1.00778492082e+00
7.22593035060e-01
8.31305364926e-01
8.62050264919e-01
7.85229173794e-01
8.45404639353e-01
8.59466879885e-01
1.01148070304e+00
7.80798150897e-01
8.00571285307e-01
8.49971113674e-01
8.83301846104e-01
7.90353016173e-01
7.98730993176e-01
6.81706146756e-01
8.20409094823e-01
8.01847632654e-01
8.54826669210e-01
7.34656344939e-01
8.95846838482e-01
6.63222093162e-01
8.44259209279e-01
8.51884812529e-01
8.28087595275e-01
7.86761610985e-01
8.30446583228e-01
8.18017508413e-01
7.49149263755e-01
6.99831534371e-01
7.94889551684e-01
7.50129339660e-01
8.40697596210e-01
7.21272336271e-01
7.93054108322e-01
8.90624398706e-01
8.14682795116e-01
7.44360920289e-01
8.14639303365e-01
6.40793941601e-01
7.45771088404e-01
7.52259366829e-01
7.83520986707e-01
8.02793974295e-01
7.70784817890e-01
7.82005486702e-01
7.78929090951e-01
7.94134128343e-01