-2.06720073187e-02
-1.86409761354e-02
-1.92233762499e-02
-2.15839603064e-02
-2.11749756167e-02
-1.88422385674e-02
-1.73236746009e-02
-1.67675431467e-02
-2.24530042622e-02
-2.11409962699e-02
-1.78499690589e-02
-2.01858987215e-02
-1.90374191218e-02
-1.82975173557e-02
-2.11228188191e-02
-2.28427547883e-02
-2.25424048279e-02
-1.97105484573e-02
-1.73513321375e-02
-1.86170969785e-02
-2.09796119462e-02
-2.32457853211e-02
-2.20732183166e-02
-2.27031049647e-02
-1.74476658634e-02
-1.94787582176e-02
-1.97760651741e-02
-1.52026110436e-02
-1.89756364416e-02
-2.34081909187e-02
-1.72534352016e-02
-2.27530595190e-02
-1.95018974187e-02
-1.70014532595e-02
-2.06665391278e-02
-1.94070312422e-02
-1.96146996026e-02
-2.03938444894e-02
-2.07515986153e-02
-2.13427793528e-02
-2.25382369240e-02
-2.08062913375e-02
-2.04251577360e-02
-2.07457827934e-02
-2.11190378753e-02
-2.01349246705e-02
-2.09945509500e-02
-2.07536120098e-02
-1.83247233483e-02
-1.89521437015e-02
-1.96580617222e-02
-1.81124009911e-02
-2.16129284818e-02
-1.72867622784e-02
-2.28189355466e-02
-1.92627923094e-02
-2.27691175506e-02
-2.15955845150e-02
-1.94378370064e-02
-1.96343422395e-02
-2.13418646553e-02
-2.13924597216e-02
-1.81229746154e-02
-2.44725535705e-02
-1.88215179317e-02
-1.96356780414e-02
-2.09955643840e-02
-1.94253223526e-02
-1.87316992328e-02
-2.13394027253e-02
-2.22636376866e-02
-2.07474639157e-02
-2.40042742924e-02
-2.25010971703e-02
-2.17296308581e-02
-2.06898971983e-02
-1.89436948335e-02
-2.09684466153e-02
-1.53697816660e-02
-1.73682969765e-02
-1.77051436457e-02
-2.01578073401e-02
-1.82743744064e-02
-2.20808208426e-02
-1.94761249123e-02
-1.90134725179e-02
-1.74911802591e-02
-2.26853786605e-02
-2.09409729477e-02
-1.70963094396e-02
-2.08394583926e-02
-1.97938594204e-02
-2.06455582975e-02
-2.25591611689e-02
-2.07305464456e-02
-2.20754805175e-02
-1.78203863690e-02
-1.91447040697e-02
-1.57856621551e-02
-2.08480870490e-02
-1.99498835411e-02
-1.88888165805e-02
-2.08368785166e-02
-2.03238827768e-02
-2.19312652382e-02
-2.07718442917e-02
-1.80840115565e-02
-1.93955565472e-02
-2.28779546939e-02
-1.83333932722e-02
-1.70400506771e-02
-1.80459454754e-02
-2.21646201701e-02
-2.06274261703e-02
-2.08030956570e-02
-1.96072802219e-02
-2.02235451737e-02
-2.56120518171e-02
-1.95039736662e-02
-2.03760269667e-02
-2.26130514103e-02
-2.20296797943e-02
-1.90521662616e-02
-1.84598325174e-02
-1.92436643442e-02
-2.18762033416e-02
-1.78187942388e-02
-2.23530080685e-02
-2.01009481862e-02
-2.09149397793e-02
-2.09381645507e-02
-2.20894321638e-02
-1.94395090599e-02
-2.00850298682e-02
-1.93729618157e-02
-2.38469257495e-02
-1.63830186134e-02
-1.88240913504e-02
-1.86998311418e-02
-2.13768847708e-02
-2.07643766815e-02
-1.67504056023e-02
-2.21446540300e-02
-2.46956113680e-02
-2.21218531883e-02
-1.88626212306e-02
-2.25517328169e-02
-1.77529667100e-02
-1.58118555366e-02
-2.04888465651e-02
-1.97022853263e-02
-1.84021743915e-02
-2.05133147823e-02
-2.13741506598e-02
-2.46608198763e-02
-2.23742509191e-02
-2.16476918691e-02
-1.80559637131e-02
-2.17704861204e-02
-2.10039622221e-02
-2.22395506813e-02
-2.25459456646e-02
-2.24938819018e-02
-2.23494537554e-02
-1.92805090861e-02
-1.78990230079e-02
-1.74453040947e-02
-2.21335876556e-02
-2.20675644360e-02
-2.04533465671e-02
-1.82557510145e-02
-1.65112184880e-02
-1.97200802986e-02
-2.33071765026e-02
-2.17400774488e-02
-2.35727923153e-02
-2.04597246997e-02
-1.90993898687e-02
-1.82110866473e-02
-1.82163814578e-02
-1.88558098816e-02
-2.18766083712e-02
-1.83262079565e-02
-2.13302617739e-02
-1.99648945642e-02
-1.91270713936e-02
-1.44783249130e-02
-1.84598835802e-02
-2.19230333867e-02
-2.16819191705e-02
-1.71322452444e-02
-2.05789518715e-02
-2.54655808205e-02
-2.17288070542e-02
-1.78668404468e-02
-1.83155625317e-02
-1.97671850631e-02
-1.69098225142e-02
-2.18534183028e-02
-2.32605296820e-02
-1.91863084350e-02
-1.56640380871e-02
-2.31614574782e-02
-1.91333475028e-02
-1.85058374473e-02
-2.28142108725e-02
-2.20561366811e-02
-2.31912542263e-02
-1.95981604660e-02
-2.08202651442e-02
-2.07117550251e-02
-1.86662141554e-02
-2.33881010482e-02
-1.76892227496e-02
-2.16610565635e-02
-1.92465574424e-02
-1.53854384563e-02
-1.97679357886e-02
-1.84786557992e-02
-1.77550885035e-02
-2.20112654409e-02
-1.99346785063e-02
-1.90475248997e-02
-1.73378573162e-02
-2.14970133574e-02
-1.90938462180e-02
-2.01538667548e-02
-2.04287826306e-02
-1.89012598737e-02
-2.16806760813e-02
-2.22135806352e-02
-1.71448391758e-02
-2.01407624781e-02
-2.07414827963e-02
-2.04708928384e-02
-2.11102401938e-02
-2.00935509016e-02
-2.17103526260e-02
-2.17458931644e-02
-1.77266316252e-02
-2.55230689057e-02
-2.20943203550e-02
-1.93384946929e-02
-2.13144389037e-02
-2.05512199056e-02
-1.99922501954e-02
-2.02607887752e-02
-1.84220364504e-02
-2.14668003888e-02
-1.99074419536e-02
-2.07950489511e-02
-2.35784828348e-02
-1.82262427504e-02
-2.08117143522e-02
-2.12596321952e-02
-1.80125708549e-02
-2.16644312942e-02
-2.09492731355e-02
-1.95100082658e-02
-2.20976335898e-02
-2.10886405617e-02
-1.94173397081e-02
-2.19153461482e-02
-1.75325677219e-02
-1.99301116449e-02
-2.06100564191e-02
-2.01326663823e-02
-2.22427605428e-02
-1.70399428413e-02
-1.87993367750e-02
-1.88225352273e-02
-1.92168232750e-02
-2.07808895635e-02
-2.30533879780e-02
-1.82440879050e-02
-1.98431238137e-02
-1.79729247155e-02
-1.73929267556e-02
-1.81170706508e-02
-1.92939402121e-02
-1.83774265311e-02
-2.31733402004e-02
-1.71813064783e-02
-2.11378425762e-02
-2.26985343135e-02
-2.21999979342e-02
-1.90440035325e-02
-2.24360083007e-02
-2.45359836232e-02
-2.05790942376e-02
-2.53438212316e-02
-1.91321336839e-02
-2.09221367466e-02
-2.14231406572e-02
-2.33679959944e-02
-2.48301096792e-02
-1.84731607946e-02
-1.97330886649e-02
-2.33647238278e-02
-2.02155952799e-02
-2.03615739974e-02
-1.93046656619e-02
-1.84848542362e-02
-2.34166100453e-02
-2.13542326682e-02
-1.73711264057e-02
-2.40273239119e-02
-2.13665926977e-02
-2.03822514897e-02
-1.95106458089e-02
-2.03125003637e-02
-2.03641422990e-02
-2.00091774520e-02
-2.05471394307e-02
-2.11185434185e-02
-1.88464034345e-02
-1.85254890381e-02
-2.09356982984e-02
-1.94252992719e-02
-1.91687564980e-02
-2.38385948504e-02
-1.95193516715e-02
-2.17906954093e-02
-2.30914140119e-02
-2.12226448908e-02
-1.93678516763e-02
-2.03137262785e-02
-1.99424332512e-02
-2.27865284144e-02
-2.45218468924e-02
-2.31073367046e-02
-1.86637077187e-02
-2.11318443803e-02
-2.17507394037e-02
-2.12667273874e-02
-2.05124367098e-02
-2.15507552728e-02
-2.01784955052e-02
-1.91967430999e-02
-1.89547972537e-02
-1.95198181243e-02
-2.09224532080e-02
-2.19061635113e-02
-1.77470578219e-02
-1.84413902061e-02
-1.98983698051e-02
-1.99553383916e-02
-1.94819141503e-02
-1.60801210273e-02
-1.95032466052e-02
-1.77227650112e-02
-1.85772788735e-02
-2.29299460166e-02
-1.89485666761e-02
-2.28087665483e-02
-1.93520622921e-02
-1.84091319880e-02
-2.01622444316e-02
-1.89435651065e-02
-1.83292449236e-02
-1.89080118040e-02
-2.07746942864e-02
-2.18618533944e-02
-1.82668680603e-02
-2.24061466012e-02
-2.17752634647e-02
-2.09345818602e-02
-2.12650431356e-02
-2.12719872292e-02
-1.93338082523e-02
-1.86088942254e-02
-2.26117538502e-02
-2.11973078612e-02
-2.20180024462e-02
-1.88717299480e-02
-2.04057562857e-02
-2.24907568284e-02
-1.99380756481e-02
-2.00814881150e-02
-1.55325872190e-02
-1.93566442495e-02
-2.04978598952e-02
-1.83626711965e-02
-2.00349093048e-02
-2.01765901920e-02
-2.19179500184e-02
-2.23820857048e-02
-1.99131902657e-02
-2.24369667939e-02
-2.03896595377e-02
-2.17067948950e-02
-2.05505525734e-02
-1.92007171137e-02
-2.22764917968e-02
-1.96138174894e-02
-1.96282787012e-02
-1.96391013891e-02
-1.75144752437e-02
-1.83221492919e-02
-1.94308035731e-02
-1.79634860990e-02
-1.95039099612e-02
-2.05123458888e-02
-1.92593882386e-02
-1.80233408030e-02
-1.99014247261e-02
-2.30354351403e-02
-2.26259108583e-02
-2.29141102890e-02
-1.58959104368e-02
-2.09150680323e-02
-1.92726777025e-02
-1.99044761004e-02
-2.14889721377e-02
-1.98434281028e-02
-1.80904758777e-02
-2.06641430496e-02
-1.77200620722e-02
-1.92387358356e-02
-1.95494485357e-02
-2.08901894181e-02
-2.12405919843e-02
-2.08752389291e-02
-2.03855667547e-02
-2.02913139581e-02
-2.35805148473e-02
-2.53610991342e-02
-2.43271790058e-02
-2.04452900935e-02
-2.00134040229e-02
-1.89498325198e-02
-2.30015875283e-02
-2.06630618891e-02
-2.00370872664e-02
-1.92089959877e-02
-2.15249365244e-02
-1.78543011861e-02
-1.84426416243e-02
-2.16424383130e-02
-2.19907100763e-02
-1.97472507631e-02
-1.83278064631e-02
-1.94395909699e-02
-2.23285738412e-02
-1.98736177428e-02
-1.86592852798e-02
-1.86938679563e-02
-1.80396788717e-02
-2.10647777948e-02
-2.01773222543e-02
-1.97177944281e-02
-2.24421986775e-02
-2.28516053813e-02
-2.12692476001e-02
-1.97103246978e-02
-2.33707195802e-02
-1.72425294361e-02
-1.92706410459e-02
-2.07446572849e-02
-2.13654327886e-02
-1.79566260475e-02
-2.01789863678e-02
-2.48628163834e-02
-1.86458657151e-02
-1.92867626447e-02
-2.01110949677e-02
-1.97276921657e-02
-2.50362875416e-02
-2.06996265615e-02
-2.01246955875e-02
-2.02148293534e-02
-2.07710199056e-02
-2.04423551758e-02
-2.40869172685e-02
-1.77102396887e-02
-1.97692735815e-02
-2.36750867919e-02
-2.03222213704e-02
-1.89783628952e-02
-1.64207228470e-02
-2.15887296953e-02
-1.80391525663e-02
-1.93203199279e-02
-2.35044471308e-02
-2.23386129422e-02
-2.37001050733e-02
-1.80029743943e-02
-2.06433159925e-02
-1.88820474707e-02
-2.02245088144e-02
-1.97021824305e-02
-1.99037603718e-02
-2.00461619851e-02
-2.05901948605e-02
-2.08681910637e-02
-1.81102137725e-02
-1.98789776870e-02
-1.84593819975e-02
-2.09482837885e-02
-2.05147647701e-02
-2.02685086557e-02