0.0583185269109
0.0564163630893
0.0564026470889
0.0546818636457
0.05532775471
0.0566394914226
0.056982018977
0.0585480949181
0.0571307773246
0.0551787756673
0.0556529599431
0.0557945645143
0.0548265166266
0.0556904401513
0.0571695154079
0.0537663613749
0.0577009277451
0.0564178395675
0.0573956985601
0.0566448727444
0.0538607760368
0.0551500583465
0.0567994544165
0.0560347776642
0.0579587006589
0.0574560443555
0.0584988754571
0.0571377062177
0.0557624813302
0.0557360215746
0.056906894625
0.0582541061337
0.0567372716796
0.0558205710959
0.0564645046051
0.0551919173835
0.0569425930291
0.0565316623226
0.0565506454737
0.0555864159578
0.0569115056817
0.0557659672618
0.0585391754105
0.0553782086405
0.0563123721372
0.0568406349738
0.053882662607
0.0546553666745
0.0564468761937
0.0570589525357
0.0558152853354
0.0532202030721
0.0561852234664
0.0551876067163
0.0541276357256
0.0532159553429
0.056723712295
0.0589398826359
0.0545885254223
0.0584470648992
0.0557358848876
0.0548254254824
0.0560380864429
0.0554878943761
0.0558974472869
0.0537332165512
0.0554511374666
0.0569386962361
0.0580878198157
0.0566066467345
0.0563283277162
0.0568397338583
0.0545054155407
0.0576924548541
0.055426987562
0.0568889024454
0.0573940772654
0.0557283878118
0.0548327835119
0.0534300224686
0.0558750032887
0.0583405973907
0.0557624983598
0.0554555465116
0.0556225311936
0.0557317134814
0.0556448690626
0.0561126412352
0.0558290989153
0.0533192004136
0.0565304805316
0.055224698526
0.0550607755841
0.0559899121865
0.0562858341577
0.0570421825998
0.0590661606751
0.0553953769642
0.0559605079753
0.0570731850723
0.0540924200735
0.0559329930856
0.0543563391559
0.0553982657117
0.0569045285574
0.0565561185311
0.055119591399
0.0571809588269
0.056334495201
0.0548897980445
0.0564802341848
0.0570151594529
0.0577588031831
0.0558221891814
0.0562314122494
0.056627529658
0.0552624359834
0.0550757235556
0.0578583376418
0.0563785252337
0.0558368341078
0.0561267292459
0.0577278455005
0.0538902123152
0.0547864792682
0.0580591731016
0.0571034787931
0.0563609902037
0.0558046082367
0.0561678512739
0.0566913377922
0.0546146120099
0.054389657549
0.055188937511
0.0551497359688
0.056022480942
0.055118968339
0.055884858379
0.0566937971621
0.0544135316527
0.0547372411229
0.057016118279
0.0557239844032
0.0575748694921
0.0546540564588
0.0566978624717
0.0562867838276
0.0543378254485
0.0574799792997
0.0546147489421
0.055120465763
0.0550105210493
0.056049451495
0.0566128840066
0.0554526677591
0.057812373426
0.0570331255033
0.0562607715114
0.057747634233
0.0565629446676
0.0564830022851
0.0547161460697
0.0553618840283
0.0559061520016
0.055959077293
0.0546468855707
0.0563569038891
0.0554245444997
0.0565788032735
0.055361700122
0.0548460334399
0.056734771106
0.0567837634724
0.0553257592254
0.0555388719284
0.0560305982361
0.058312461125
0.0547142120235
0.0558052747329
0.0543657445447
0.0583194175657
0.0541502247978
0.0554202809316
0.0550865874584
0.0556526103054
0.0561782240538
0.0563381502926
0.0556957709423
0.0558464615176
0.0563389860409
0.0558117686686
0.0556760817425
0.057789243842
0.0571747353866
0.0556751600911
0.0570604963751
0.0558633811115
0.0552381625864
0.055964371956
0.0553039411857
0.057355622766
0.0566639223739
0.0533401566583
0.0558764984715
0.0572482556359
0.0563694731506
0.0552592453064
0.0548340497533
0.0538971967903
0.0564860752261
0.0553816811009
0.0550880135903
0.0554027803569
0.054944098185
0.0571556108236
0.0567153090391
0.058303813894
0.0576371096283
0.056658724835
0.0569149603116
0.0554928649069
0.058146605137
0.0538497086953
0.0537945781828
0.0555674938897
0.0543944482816
0.0559630161042
0.0541868591537
0.0552676184781
0.0567986631092
0.0558003259375
0.0549388363219
0.0553326719341
0.0546044849922
0.0560576078759
0.0553080652823
0.0537479357017
0.0568768207342
0.0572724670602
0.0545644609353
0.0593207865231
0.0564991520444
0.0569490259429
0.0548269479716
0.0520311334405
0.0532762955611
0.0578387796527
0.0543674204195
0.0553160931446
0.0539071148691
0.0558808968461
0.0562672147985
0.0573870859598
0.0555333695646
0.0549801206432
0.0560780789061
0.0552611157943
0.0567290649744
0.0573048306152
0.0539379431319
0.0556801329624
0.0556235836992
0.0565727004307
0.0569547834289
0.0541438308292
0.0548083588515
0.0560856556216
0.0555652483956
0.0569588589834
0.0555832368283
0.0547072894316
0.0591031298364
0.0575867967511
0.0565801831654
0.0553028328136
0.0553017470539
0.0567170826008
0.0548414787384
0.0568261959875
0.0575014109399
0.0570048585377
0.0565079315498
0.0557247685588
0.0543927239454
0.0559799962499
0.0567830675493
0.0543550905721
0.054229182225
0.0552593048767
0.0550412837016
0.0565853023099
0.0556516153314
0.0548030504153
0.0575828500185
0.0561626623984
0.0550965123084
0.0548532658417
0.0558819097936
0.0542367857241
0.0541716856503
0.0537030696074
0.0552927549023
0.0553843434121
0.055822484917
0.0564763049576
0.0560415196162
0.0564269968721
0.0556245036596
0.0563262666139
0.0569132524698
0.0581364299586
0.0553263757755
0.0553479748618
0.0562850895243
0.0541400118233
0.0544539746418
0.055192051567
0.0564740310978
0.0549095797984
0.057880651466
0.0551335589778
0.0548259590809
0.054136580206
0.0565104808422
0.055405881294
0.0567867960153
0.0563575588125
0.0576533276334
0.0580350847106
0.0565736487984
0.0558143034116
0.0565549222034
0.056044672945
0.056257328824
0.0574637318131
0.0561495519434
0.0564582569668
0.0547408516626
0.0564432184922
0.0558928896614
0.0554872353272
0.0547849606814
0.0568258147894
0.0557554116547
0.0554226258813
0.0561889453854
0.0575069617222
0.0537879810621
0.059117992156
0.0554668711345
0.0556479516787
0.0557947234625
0.059295762939
0.0544724226675
0.0567570901556
0.0560383639599
0.0555129925029
0.0557266695331
0.0547530533808
0.0523919539702
0.0553363597492
0.0548268279929
0.0567545371759
0.0575876886729
0.056175281299
0.0552569731512
0.0573000136068
0.0515613483418
0.057265547476
0.0555553223013
0.0583272726978
0.0566087188806
0.0549448215934
0.0565458432791
0.0575118516038
0.0556530266792
0.0555492294836
0.0572055230898
0.0567415388134
0.0550147280812
0.055209360173
0.056066047268
0.0553461117099
0.0555290144052
0.0540787825823
0.0552793369612
0.0568666314452
0.0585123766487
0.0565051025293
0.0538079637494
0.058347754412
0.0560201467468
0.0546374552041
0.0568030152594
0.056036511052
0.0546405842963
0.0559831077428
0.0556014501338
0.0549490457706
0.0556975116487
0.0548731472353
0.059442276219
0.0560684845286
0.0577125384081
0.0550644393652
0.05508772389
0.0538352159015
0.0571887660707
0.0556581264964
0.0550033766191
0.0551951958327
0.0566614929979
0.0554051554562
0.0548132842878
0.054853025367
0.0577289064287
0.0575360652755
0.0570452823375
0.0561751115179
0.0557502955476
0.0584951685961
0.056654453256
0.0552733232647
0.0541944800078
0.0571122253347
0.0543528132772
0.056001513515
0.0569620123367
0.0567701615852
0.0568694352391
0.0595564959909
0.0553933174
0.0538915152838
0.0568533194476
0.0550788912111
0.0536723870332
0.0554779237923
0.0559695392856
0.0557661487372
0.0577363754854
0.0542079105582
0.0559466053357
0.0564133382074
0.056787500945
0.0560949235982
0.0552217144144
0.057595087701
0.0546079835867
0.0571897500666
0.056648994415
0.0579987831836
0.0575601472055
0.05494777656
0.0566476546474
0.0556700610831
0.0559434150756
0.0528634112985
0.055003364934
0.0543383863562
0.0592180115144
0.053642553951
0.058911513619
0.056276317236
0.057368666145
0.0569250349313
0.0573231694687
0.0551122158536
0.056154298129
0.053249128991
0.0549864802349
0.0549800707549
0.0544146580893
0.0544414954186
0.0546293352498
0.0566636817823
0.0572611088927
0.0558834922143
0.0562484337484
0.0572131770519
0.0559036142745
0.0572421007683
0.0574919211018
0.0547834996082
0.0560715703173
0.0559685954739
0.0570469039334
0.0561308013754
0.0560580770126
0.0578569198723
0.0561855899925
0.0582198578312
0.0524434413543
0.0540031436504
0.0559471305034
0.0555123983581
0.0591383075412
0.0555493475127
0.0559326517951
0.0579554421372
0.0566805827931
0.05596152223
