7.87822119058e-01
7.97617045638e-01
6.92515380375e-01
7.93075723952e-01
8.09989740012e-01
7.22498363450e-01
6.84918913619e-01
7.43018709046e-01
7.27181905610e-01
8.10751963737e-01
7.53685836105e-01
7.61619889559e-01
7.52191673544e-01
6.55024428025e-01
7.64559238189e-01
8.07861973507e-01
7.39884334908e-01
7.14219233450e-01
7.16047009120e-01
6.90848080203e-01
7.25756822147e-01
7.90670465264e-01
7.37242793384e-01
7.72873045000e-01
7.06895205480e-01
7.67625707110e-01
7.46213906523e-01
7.12805916264e-01
7.19325300583e-01
8.13328257244e-01
7.97027099444e-01
7.50992554505e-01
6.84088206868e-01
7.43031197672e-01
7.38290000361e-01
8.03039582231e-01
7.42748048503e-01
7.37080502436e-01
7.40149712132e-01
7.47033564576e-01
7.34144398819e-01
7.33537869646e-01
7.58663703216e-01
8.07500142014e-01
7.79967989714e-01
6.96183436727e-01
7.79655393276e-01
8.00460340050e-01
6.99917235904e-01
7.46951881109e-01
7.16348912526e-01
8.12933542222e-01
7.48495083457e-01
7.70761422001e-01
8.16445482431e-01
7.52557124269e-01
7.39591136261e-01
7.27309969509e-01
7.55492105377e-01
8.13425114481e-01
7.57655757861e-01
8.02252171369e-01
7.21736571332e-01
7.39215657729e-01
6.78711198285e-01
7.43279632331e-01
7.26798842582e-01
7.40092989498e-01
7.32049575101e-01
7.63842181505e-01
7.87952725812e-01
8.19867747011e-01
7.38681973888e-01
7.93904287982e-01
6.80821115632e-01
7.02889503064e-01
7.74845918627e-01
8.12307225532e-01
7.28315253861e-01
6.98145272517e-01
7.44579169542e-01
8.09342962449e-01
7.41584337521e-01
7.48636628259e-01
6.76473581179e-01
7.62656764904e-01
7.68407078899e-01
6.79772592296e-01
7.51857165923e-01
7.21784639598e-01
7.47231713834e-01
7.07242151538e-01
7.73539927616e-01
6.83923865529e-01
7.61675815518e-01
7.84746017703e-01
7.69038496429e-01
6.91479895475e-01
7.52460007800e-01
7.94241796301e-01
8.03998115711e-01
7.49215994951e-01
7.82971260630e-01
7.27212136688e-01
8.02486147600e-01
8.00637022878e-01
7.76512432799e-01
7.23748537300e-01
8.00933153330e-01
7.36472885991e-01
7.29690685164e-01
7.46016672746e-01
8.04038198270e-01
6.75792564736e-01
6.85399557294e-01
8.53190955059e-01
7.03026355468e-01
7.77705326807e-01
8.72551016654e-01
7.50919480774e-01
7.46286220373e-01
7.25990656138e-01
7.71235122499e-01
7.93325279755e-01
7.30586365778e-01
7.64336097941e-01
7.20406426506e-01
7.29449766758e-01
7.47929565301e-01
7.68485970536e-01
7.45656397477e-01
7.95261455751e-01
7.79799530838e-01
8.06809638897e-01
7.42156265440e-01
6.97570506108e-01
7.74439043291e-01
7.19060597450e-01
8.24059718562e-01
7.59351101294e-01
7.69775750604e-01
7.38088373081e-01
7.20364046732e-01
7.76270237750e-01
7.82969318277e-01
7.55882859191e-01
7.56138410270e-01
7.16448888773e-01
7.70099366303e-01
7.04357305552e-01
6.82916704040e-01
7.11726610811e-01
7.49861650697e-01
7.02590092951e-01
7.71235093888e-01
7.43387801850e-01
8.25406618033e-01
7.06832224497e-01
7.30637610754e-01
7.79065151945e-01
7.81046716305e-01
7.65932807682e-01
7.84650890906e-01
8.22556987979e-01
7.07631031042e-01
8.16281143944e-01
7.15553190277e-01
6.84161343324e-01
7.58006316750e-01
7.50633177378e-01
8.17869449392e-01
7.49637667311e-01
7.89954573204e-01
7.62488369902e-01
8.16043487095e-01
7.16698620826e-01
6.98018475023e-01
8.17217658593e-01
8.08630133332e-01
6.25550537385e-01
7.40566518792e-01
7.32752988377e-01
7.60940586429e-01
8.48226743942e-01
8.32524753071e-01
7.51355900282e-01
7.62627199557e-01
7.47354369708e-01
8.04304080004e-01
6.72859616979e-01
7.07919678402e-01
7.73311878903e-01
7.58353450922e-01
7.40834456991e-01
7.59607082177e-01
7.68121973417e-01
7.29345455949e-01
7.71024369832e-01
7.83423709743e-01
7.40078950729e-01
7.08136958111e-01
7.49933730065e-01
6.98780963664e-01
7.21323824475e-01
7.84150171932e-01
7.83985003588e-01
6.99015415552e-01
7.61688740331e-01
7.40934968394e-01
8.38377469068e-01
7.52991594556e-01
6.93187557190e-01
7.29777570929e-01
7.12774058810e-01
8.00158563572e-01
7.59690585475e-01
7.26410969341e-01
8.04883429094e-01
7.43114058085e-01
7.97000969461e-01
7.00642875410e-01
7.65391827752e-01
7.32624134005e-01
7.64199145464e-01
7.86658967708e-01
7.41690871909e-01
8.11465696529e-01
8.27294819209e-01
7.20526097197e-01
6.72316992447e-01
7.57205693948e-01
8.24700558146e-01
7.24079903536e-01
7.76967525316e-01
8.04360497695e-01
7.54117596701e-01
7.48985961563e-01
6.99361220210e-01
7.61393251643e-01
7.33204490942e-01
6.67525122895e-01
7.24767186660e-01
7.39099907774e-01
7.99403182380e-01
7.58078338716e-01
6.90930377490e-01
7.75105373742e-01
7.66101217803e-01
7.20671034953e-01
7.76562362974e-01
7.04950914028e-01
7.28226307617e-01
7.19613326417e-01
7.37446788193e-01
7.69803272744e-01
7.40722460363e-01
7.73162430526e-01
7.36074385736e-01
7.92904490305e-01
7.76421816515e-01
7.52456639545e-01
6.78576035695e-01
7.58636335017e-01
7.95540948644e-01
7.50034037155e-01
7.92273237148e-01
7.68012984986e-01
7.90075952064e-01
7.59091668430e-01
8.75948621726e-01
7.88101708204e-01
6.97218656045e-01
7.16132863671e-01
7.87364636697e-01
8.09329886099e-01
7.28253143516e-01
7.54476188687e-01
7.76029238875e-01
8.05754613494e-01
7.51516695262e-01
8.05354265878e-01
8.05316506275e-01
7.38741907565e-01
7.60032576831e-01
7.95377187690e-01
7.29781872240e-01
7.57638751531e-01
7.55383975928e-01
6.98831783024e-01
7.15970552652e-01
7.59509818377e-01
8.07076215114e-01
7.03363524663e-01
7.86326506731e-01
6.80635935510e-01
7.45594366744e-01
7.27019261592e-01
7.26213342516e-01
7.08730330256e-01
7.24179996440e-01
7.24701622218e-01
7.59699391431e-01
7.50368797108e-01
7.79909122610e-01
7.99851776667e-01
7.27418655019e-01
7.16740466773e-01
7.27240010864e-01
7.54413674813e-01
7.41877220800e-01
8.11787166650e-01
7.60049138637e-01
6.54927610387e-01
7.33972833279e-01
6.80352936345e-01
7.33301255269e-01
7.49795304457e-01
7.72122022551e-01
7.40750951413e-01
7.21045326442e-01
7.29050914780e-01
7.22193653568e-01
6.85157548796e-01
6.96877606655e-01
7.92705896281e-01
7.49315817230e-01
7.48682418572e-01
8.00226397381e-01
7.84569523846e-01
7.21064762121e-01
7.43435499286e-01
7.78080602642e-01
7.69728666060e-01
7.88511546288e-01
6.99225843099e-01
7.04229002963e-01
7.48631017237e-01
6.86455426733e-01
8.42498879764e-01
7.04786579931e-01
7.34465970370e-01
7.62711399785e-01
7.11946054177e-01
7.65991944026e-01
7.26619749917e-01
8.56711314522e-01
7.30367698607e-01
7.07637195622e-01
7.47971506738e-01
7.36914919104e-01
7.08194688450e-01
6.95426798981e-01
7.62821799701e-01
8.06031577061e-01
7.67243856914e-01
7.69495375892e-01
7.80711990228e-01
7.98820578300e-01
7.21934031227e-01
7.54585697109e-01
7.76555311921e-01
7.60601722744e-01
7.08864803284e-01
7.60787592565e-01
7.21863564819e-01
7.39799171501e-01
7.78407721736e-01
7.32257955211e-01
7.25882768317e-01
7.24333673336e-01
6.87086279789e-01
7.74034885830e-01
7.37784724222e-01
7.41613470469e-01
7.22823646660e-01
7.63975548890e-01
7.73613522102e-01
7.52547255288e-01
7.19674620022e-01
7.18845173530e-01
6.94718152101e-01
6.60722318989e-01
7.64792326342e-01
6.99925892928e-01
8.01922546157e-01
7.71689295145e-01
7.23824278833e-01
7.86315089643e-01
7.83887415710e-01
8.41629862829e-01
7.47406407406e-01
7.33381256569e-01
7.30681191252e-01
7.14715022823e-01
7.27493216507e-01
7.25211854095e-01
7.18988653025e-01
7.61331907649e-01
7.63285935553e-01
8.22596593500e-01
7.60577075446e-01
8.02713351635e-01
7.80730203266e-01
7.59838082829e-01
7.72147010650e-01
7.54026393189e-01
7.74647751628e-01
7.63102279042e-01
7.93870959496e-01
6.78682489769e-01
8.18298626817e-01
7.25229092750e-01
7.43528682355e-01
6.83584795256e-01
8.04472141126e-01
7.47229618544e-01
7.32236003117e-01
7.38792844723e-01
7.13067828377e-01
8.07487359730e-01
7.24958439128e-01
7.32699098185e-01
7.85232735075e-01
7.57169250084e-01
7.35158304619e-01
7.86122011500e-01
8.13004926461e-01
7.43086902980e-01
7.59895394451e-01
7.05410299293e-01
7.35785281379e-01
8.16612901443e-01
7.76085727532e-01
6.87956737994e-01
7.35826365231e-01
7.71277511425e-01
7.92005637588e-01
7.17487892575e-01
7.40660319208e-01
7.98341999132e-01
7.53340735981e-01
8.14475908955e-01
7.01487045819e-01
7.32281260464e-01
8.16702431300e-01
7.87519030182e-01
7.40501119126e-01
7.05579997734e-01
7.73461687012e-01
7.24137200498e-01
7.45768295327e-01
6.90211309008e-01
7.14950746153e-01
7.88267077733e-01
7.75124286854e-01
8.18673248097e-01
7.48812969324e-01
7.52236028420e-01
7.30569147488e-01
7.59782449173e-01
7.22465363698e-01
7.78136779184e-01
8.57346857503e-01
7.70914830979e-01
7.25508676428e-01
7.98758305230e-01
6.90001742622e-01
7.02200047433e-01
7.69599820377e-01
7.81955143426e-01
8.88117485938e-01
8.03105160074e-01
7.69414784042e-01
7.44678586017e-01
7.40446332478e-01
7.03490887259e-01
7.89033573823e-01
8.11081368211e-01
7.59125672911e-01
7.25181245490e-01
7.44941266104e-01
7.92010700529e-01
7.92609177029e-01
8.14726711469e-01
6.92340510102e-01
7.47423932586e-01
7.11336213089e-01
7.68746924264e-01
7.77261548796e-01
7.69291350878e-01
7.66329245707e-01
7.41230864069e-01
7.71180809756e-01
7.26235095560e-01
6.90609065464e-01
6.98437093518e-01
7.45394574168e-01
7.68286120223e-01
7.12425386640e-01
7.98933391164e-01
7.48472363222e-01