1.14511023036e+00
1.24299783206e+00
1.12594575480e+00
1.17613723050e+00
1.05255129020e+00
1.19662334158e+00
1.18186551619e+00
1.05918015134e+00
1.14887889918e+00
1.17278784371e+00
1.11922169511e+00
1.22365112312e+00
1.19222401249e+00
1.10295309699e+00
1.18696612562e+00
1.12230746436e+00
1.13529578112e+00
1.09051405911e+00
1.12323026898e+00
1.07293954019e+00
1.04478542177e+00
1.16971330256e+00
1.19617909371e+00
1.17091681846e+00
1.19401053977e+00
1.12725210681e+00
1.22083088450e+00
1.15810761813e+00
1.00265315709e+00
1.11957729454e+00
1.12869386203e+00
1.10459697108e+00
1.17108934856e+00
1.15351698028e+00
1.16799925696e+00
1.17003229453e+00
1.13471444308e+00
1.21376923568e+00
1.13463934440e+00
1.19782624473e+00
1.08691440519e+00
1.27091116632e+00
1.10368499865e+00
1.14647911480e+00
1.12814794325e+00
1.18739966594e+00
1.08677079802e+00
1.14943928787e+00
1.15113590507e+00
1.11631814678e+00
1.13987684328e+00
1.17984151144e+00
1.14179169909e+00
1.14951557234e+00
1.06787134505e+00
1.16977375387e+00
1.03802807216e+00
1.06033470919e+00
1.16348990494e+00
1.20702407700e+00
1.13743031965e+00
1.10636279241e+00
1.10572643164e+00
1.05072543762e+00
1.20574944993e+00
1.19051578323e+00
1.08893092634e+00
1.14906175585e+00
1.17393988979e+00
1.09627132489e+00
1.07598443164e+00
1.15193787293e+00
1.17137528227e+00
1.09073238287e+00
1.11034851309e+00
1.12577263349e+00
1.15786964489e+00
1.03989412023e+00
1.15340464376e+00
1.13605692832e+00
1.15439023602e+00
1.09947981896e+00
1.10758208354e+00
1.15992202034e+00
1.10177033475e+00
1.19833197004e+00
1.16705253289e+00
1.06193609691e+00
1.11220339536e+00
1.07710378498e+00
1.09532343574e+00
1.18916996319e+00
1.19044098322e+00
1.10650306548e+00
1.21940873189e+00
1.12223326139e+00
1.15138530101e+00
1.07499309022e+00
1.24349873815e+00
1.09154594996e+00
1.21216105848e+00
1.18093005590e+00
1.15127005893e+00
1.20983769206e+00
1.12301301472e+00
1.09656983912e+00
1.20688714012e+00
1.05741568306e+00
1.09713056920e+00
1.19087590674e+00
1.15412047321e+00
1.22169038579e+00
1.17687769817e+00
1.21601142601e+00
1.24253941953e+00
1.22044477277e+00
1.14128863512e+00
1.14371421716e+00
1.07718057405e+00
1.15984826609e+00
1.12095097452e+00
1.15106495566e+00
1.12825438016e+00
1.17698762848e+00
1.15075953852e+00
1.14572523437e+00
1.11033563503e+00
1.18805688667e+00
1.17181459969e+00
1.17480496429e+00
1.09035855125e+00
1.19997783159e+00
1.17980647400e+00
1.21361693621e+00
1.11622562963e+00
1.09413204662e+00
1.11900122935e+00
1.11853558140e+00
1.09620643383e+00
1.12259038088e+00
1.14334995510e+00
1.19614021009e+00
1.19555230946e+00
1.13261387223e+00
1.03462926373e+00
1.09437127881e+00
1.14336982085e+00
1.18738005107e+00
1.24075032636e+00
1.24963904142e+00
1.08501090969e+00
1.18667151953e+00
1.11941821600e+00
1.08420703998e+00
1.04484071464e+00
1.20485224934e+00
1.08051310870e+00
1.16813369701e+00
1.11589087480e+00
1.07393019458e+00
1.15967739173e+00
1.13362852492e+00
1.21080373924e+00
1.27903758434e+00
1.10161010459e+00
1.17013311248e+00
1.12040300473e+00
1.14825739331e+00
1.20873827149e+00
1.16394781613e+00
1.05954552154e+00
1.20919497609e+00
1.12386382268e+00
1.09850305988e+00
1.11898820291e+00
1.10584743850e+00
1.11490448896e+00
1.13584274703e+00
1.26501420189e+00
1.16575530756e+00
1.22006624564e+00
1.13193140497e+00
1.11462650006e+00
1.09037997713e+00
1.17343321275e+00
1.15691275748e+00
1.18742536494e+00
1.04182275240e+00
1.15542700041e+00
1.12811582584e+00
1.16892555280e+00
1.16614993733e+00
1.16038088376e+00
1.12821685930e+00
1.15586865329e+00
1.18342590016e+00
1.15165884261e+00
1.24185771777e+00
1.12629723047e+00
1.10180846468e+00
1.11353005090e+00
1.23346689833e+00
1.18799609896e+00
1.16250440743e+00
1.23735528077e+00
1.19262402555e+00
1.20486348128e+00
1.07709350211e+00
1.19233704230e+00
1.08769555516e+00
1.09403908646e+00
1.17485777468e+00
1.05399500283e+00
1.19037253843e+00
1.10401360062e+00
1.14968924782e+00
1.15683563255e+00
1.18489231567e+00
1.13949740192e+00
1.08838206227e+00
1.14482731768e+00
1.18092592576e+00
1.11833615483e+00
1.09510724510e+00
1.17574707949e+00
1.17952288959e+00
1.23304861072e+00
1.12859498544e+00
1.16782313478e+00
1.08828889746e+00
1.11114828189e+00
1.21809769042e+00
1.11882572914e+00
1.12050603781e+00
1.13953758288e+00
1.20276188484e+00
1.15141810357e+00
1.13476932659e+00
1.18158526749e+00
1.07859771247e+00
1.07269319930e+00
1.15116575043e+00
1.18910228217e+00
1.05384083820e+00
1.14318226619e+00
1.13608436666e+00
1.10483540634e+00
1.17581563564e+00
1.05639114308e+00
1.15270744515e+00
1.17268478681e+00
1.10878438905e+00
1.14664922602e+00
1.13846206925e+00
1.12285610301e+00
1.16101401350e+00
1.11817645235e+00
1.10580573300e+00
1.16394283561e+00
1.12200478456e+00
1.10122779528e+00
1.11104284895e+00
1.19869876290e+00
1.18527890605e+00
1.11740786592e+00
1.03454889129e+00
1.05688356183e+00
1.15649907663e+00
1.20347880802e+00
1.10750611673e+00
1.18369778213e+00
1.24692105340e+00
1.15660703423e+00
1.14640634556e+00
1.13526037451e+00
1.18553298138e+00
1.12013881658e+00
1.16973473293e+00
1.11933406980e+00
1.11179548447e+00
1.16917109687e+00
1.12592704431e+00
1.17786384060e+00
1.05176593082e+00
1.16505008498e+00
1.12234936004e+00
1.11920149208e+00
1.13259791878e+00
1.19706768883e+00
1.10568070501e+00
1.10964687552e+00
1.11295944569e+00
1.13832942306e+00
1.14056058363e+00
1.09760477684e+00
1.13171719889e+00
1.19466643802e+00
1.18127800760e+00
1.20949314249e+00
1.19515902959e+00
1.10254843122e+00
1.12975372364e+00
1.19966161687e+00
1.13131599428e+00
1.10356482136e+00
1.18929323889e+00
1.12989208898e+00
1.02707399215e+00
1.17873709243e+00
1.11277925588e+00
1.12602307241e+00
1.08885914523e+00
1.17919873694e+00
1.14778927427e+00
1.13614510346e+00
1.13188238253e+00
1.09062814728e+00
1.22046745516e+00
1.12614590515e+00
1.18612328406e+00
1.16994660938e+00
1.15480942297e+00
1.07911975149e+00
1.19806558720e+00
1.26139144981e+00
1.17327293874e+00
1.22265310469e+00
1.17820536775e+00
1.13996026933e+00
1.10504123057e+00
1.10961742859e+00
1.13808547225e+00
1.14790068096e+00
1.10728619820e+00
1.18000755478e+00
1.16614910010e+00
1.05345732454e+00
1.14565703524e+00
1.13350875193e+00
1.15383885758e+00
1.15523885830e+00
1.15887132012e+00
1.15798450459e+00
1.13656288582e+00
1.09028914198e+00
1.15761509793e+00
1.14174610871e+00
1.16130373206e+00
1.20635739131e+00
1.29952609476e+00
1.12590941192e+00
1.25805049793e+00
1.07193935732e+00
1.10245243156e+00
1.12141921564e+00
1.13452576169e+00
1.23295338146e+00
1.13130996444e+00
1.20329433993e+00
1.10630748539e+00
1.22208120492e+00
1.06244078613e+00
1.12034308962e+00
1.15585636787e+00
1.07255717147e+00
1.16098176338e+00
1.12407528611e+00
1.20161415174e+00
1.10593417486e+00
1.14538587165e+00
1.11747278646e+00
1.12072585384e+00
1.13357558607e+00
1.15628154526e+00
1.14679138554e+00
1.13543648629e+00
1.18589984566e+00
1.15310645152e+00
1.11922234435e+00
1.17782118739e+00
1.11383287243e+00
1.17243234804e+00
1.03658094460e+00
1.09469840255e+00
1.13769057910e+00
1.14284974586e+00
1.02886920737e+00
1.22387540750e+00
1.17437649215e+00
1.16204682348e+00
1.11319898593e+00
1.13155525440e+00
1.20770001406e+00
1.14023135974e+00
1.10845858028e+00
1.13010379912e+00
1.09273267045e+00
1.20439420603e+00
1.12514057770e+00
1.23802331167e+00
1.10210582524e+00
1.20944643450e+00
1.14070443287e+00
1.15866050431e+00
1.11018393024e+00
1.11711323426e+00
1.09007907161e+00
1.16706325242e+00
1.15026920965e+00
1.10712777739e+00
1.14559717524e+00
1.10389582155e+00
1.07805991382e+00
1.12946072957e+00
1.05641229725e+00
1.16756162368e+00
1.20541745588e+00
1.16866545464e+00
1.13994427582e+00
1.08098507397e+00
1.14927831417e+00
1.13916011012e+00
1.20766605933e+00
1.23160553440e+00
1.19882623906e+00
1.12470901274e+00
1.15829226276e+00
1.08245594791e+00
1.14733710654e+00
1.15816080015e+00
1.18007857621e+00
1.23154147314e+00
1.18610018847e+00
1.14373923256e+00
1.14182067497e+00
1.11312691413e+00
1.15381837357e+00
1.04181362479e+00
1.07439547916e+00
1.08541709657e+00
1.14213856567e+00
1.05495950654e+00
1.14935411902e+00
1.06681907539e+00
1.18062915764e+00
1.24524760393e+00
1.14284878511e+00
1.15142969847e+00
1.09038534317e+00
1.18725559315e+00
1.14015780239e+00
1.10015138295e+00
1.12327323478e+00
1.23476174955e+00
1.17824257256e+00
1.17222348412e+00
1.15737174041e+00
1.15331977352e+00
1.23273324956e+00
1.07933268554e+00
1.14290906614e+00
1.06230358568e+00
1.19223846964e+00
1.21964998011e+00
1.21578400439e+00
1.05445209904e+00
1.21907770971e+00
1.12505975994e+00
1.27866328907e+00
1.20922855108e+00
1.22117814108e+00
1.13157793540e+00
1.10110112002e+00
1.13423252193e+00
1.17076303258e+00
1.07198591084e+00
1.19718396955e+00
1.13555317536e+00
1.15887396723e+00
1.16524296235e+00
1.17022660252e+00
1.21278601477e+00
1.22577278339e+00
1.08174407864e+00
1.07549353892e+00
1.22196418245e+00
1.23787351852e+00
1.13542751226e+00
1.20159212777e+00
1.12373760476e+00
1.23304323232e+00
1.12763049201e+00
1.26106363293e+00
1.15202552598e+00
1.15067087370e+00
1.12509684600e+00
1.14341271627e+00
1.15394522092e+00
1.07081994695e+00
1.17038978890e+00
1.14695008523e+00