1.08970092274e+00
1.08694415000e+00
1.09027857108e+00
1.09081351749e+00
1.08946372484e+00
1.08894429770e+00
1.08795799813e+00
1.08831885478e+00
1.08678124280e+00
1.09103641003e+00
1.08837650213e+00
1.08867610069e+00
1.08848261655e+00
1.08634388913e+00
1.08696163486e+00
1.08519430845e+00
1.09086036733e+00
1.08778082968e+00
1.08952114643e+00
1.08606754647e+00
1.08490907869e+00
1.08859459008e+00
1.08618827046e+00
1.08901897333e+00
1.08793587384e+00
1.08923607149e+00
1.08745505146e+00
1.08901933229e+00
1.08970022650e+00
1.08735166228e+00
1.08831509235e+00
1.08726381773e+00
1.08748896805e+00
1.08778778529e+00
1.08932530537e+00
1.08942618923e+00
1.09005963500e+00
1.08674287951e+00
1.08858160446e+00
1.08936054263e+00
1.08888386480e+00
1.08872490322e+00
1.08841968482e+00
1.08904342322e+00
1.09030653799e+00
1.08971792868e+00
1.08936712627e+00
1.08798597661e+00
1.08954113139e+00
1.08899728096e+00
1.08881076900e+00
1.08729503931e+00
1.09023408474e+00
1.08810427004e+00
1.08745715156e+00
1.08832533234e+00
1.08782499727e+00
1.08777207859e+00
1.08705286699e+00
1.08712018605e+00
1.08771453048e+00
1.08905933641e+00
1.08961602767e+00
1.08853523986e+00
1.08728845885e+00
1.08836173666e+00
1.08834211610e+00
1.08816005592e+00
1.08715949877e+00
1.08961978388e+00
1.08715712049e+00
1.08812329672e+00
1.08890071151e+00
1.08994322535e+00
1.08803516218e+00
1.08597607816e+00
1.08887009772e+00
1.09143334165e+00
1.08576318036e+00
1.08788819899e+00
1.08952842793e+00
1.08941312322e+00
1.08599015807e+00
1.08905503453e+00
1.08867839144e+00
1.08902952425e+00
1.09072495164e+00
1.08918384118e+00
1.08906155620e+00
1.08722076184e+00
1.08764699004e+00
1.08820385565e+00
1.08871725316e+00
1.08825629278e+00
1.08880427735e+00
1.08912262187e+00
1.08893231254e+00
1.09000890690e+00
1.08974220260e+00
1.08788577428e+00
1.08541710292e+00
1.08594907952e+00
1.08940174136e+00
1.09000617742e+00
1.08958929255e+00
1.09009431625e+00
1.08939665451e+00
1.08653610550e+00
1.08884856514e+00
1.08992750304e+00
1.08778849818e+00
1.09124808029e+00
1.09028741043e+00
1.08618092787e+00
1.08941962104e+00
1.08896306397e+00
1.08963797642e+00
1.08720470812e+00
1.08697061621e+00
1.08941438286e+00
1.08707977759e+00
1.08726539781e+00
1.08957490330e+00
1.08984450462e+00
1.09024164810e+00
1.08741927860e+00
1.08665999298e+00
1.08892996760e+00
1.08853882298e+00
1.08983799263e+00
1.08827455580e+00
1.08953032050e+00
1.08866291216e+00
1.08964747297e+00
1.08891446439e+00
1.08968852159e+00
1.08991686864e+00
1.09041374677e+00
1.08744899244e+00
1.08639692457e+00
1.08712199602e+00
1.08751964028e+00
1.08878104491e+00
1.08906764735e+00
1.08646823616e+00
1.08692050035e+00
1.08972733587e+00
1.08658945460e+00
1.08802476304e+00
1.08641107957e+00
1.08729472713e+00
1.08668432970e+00
1.08854029951e+00
1.08697355441e+00
1.08796519408e+00
1.08771912800e+00
1.08841524712e+00
1.08778523726e+00
1.08737863174e+00
1.08677471391e+00
1.08568468966e+00
1.08896258955e+00
1.08610584807e+00
1.08541335952e+00
1.08613997092e+00
1.09086217936e+00
1.08772686817e+00
1.08747129539e+00
1.08691161689e+00
1.08903567406e+00
1.08892685460e+00
1.08818776004e+00
1.09043019265e+00
1.08836197469e+00
1.08973029013e+00
1.08838797004e+00
1.08773637793e+00
1.08721691730e+00
1.08839894839e+00
1.08950458533e+00
1.08824287061e+00
1.08987295886e+00
1.08643995094e+00
1.08655643855e+00
1.08719999323e+00
1.08789803515e+00
1.08991068987e+00
1.08752232189e+00
1.08933563579e+00
1.08940035095e+00
1.08964125060e+00
1.08670873870e+00
1.08695086616e+00
1.08889443809e+00
1.08895257136e+00
1.08521274436e+00
1.08902262204e+00
1.09022207003e+00
1.09009791931e+00
1.08818399171e+00
1.08961947940e+00
1.08925784098e+00
1.09158556987e+00
1.08582191619e+00
1.08747793011e+00
1.08682772831e+00
1.08549565014e+00
1.08842230247e+00
1.08639464020e+00
1.08814681381e+00
1.08918679856e+00
1.08934728405e+00
1.08807823597e+00
1.09020969319e+00
1.09001634431e+00
1.08819439397e+00
1.08922594760e+00
1.08770466290e+00
1.08818377550e+00
1.08717149229e+00
1.08708615440e+00
1.08905242561e+00
1.08943160900e+00
1.08833069591e+00
1.08998928338e+00
1.08944028610e+00
1.08945018278e+00
1.08799597424e+00
1.08632577309e+00
1.08848183644e+00
1.08998751352e+00
1.08806118532e+00
1.08838058830e+00
1.08855749038e+00
1.08657089931e+00
1.08926003523e+00
1.08700229260e+00
1.08697973456e+00
1.09066245930e+00
1.09078478290e+00
1.08921994998e+00
1.09040875046e+00
1.09047289329e+00
1.08578269725e+00
1.08925105993e+00
1.08929988437e+00
1.08836097275e+00
1.08750061745e+00
1.09049371599e+00
1.08766276577e+00
1.09001167161e+00
1.08652695697e+00
1.08856011425e+00
1.08767998281e+00
1.08805221643e+00
1.08782402137e+00
1.08646033752e+00
1.08919428872e+00
1.08887306768e+00
1.09016149381e+00
1.08939162276e+00
1.09023785368e+00
1.08831472254e+00
1.08975937560e+00
1.08883550464e+00
1.08754821406e+00
1.08935087326e+00
1.09010120126e+00
1.08609494311e+00
1.08739653148e+00
1.08852453864e+00
1.08888997139e+00
1.08978443441e+00
1.09067329970e+00
1.08895108759e+00
1.08975473844e+00
1.08693543096e+00
1.08684422575e+00
1.08978725471e+00
1.08723526881e+00
1.09088456360e+00
1.08698525098e+00
1.08678257311e+00
1.08695107557e+00
1.08847418473e+00
1.09066699849e+00
1.08861546042e+00
1.08855322122e+00
1.08914645983e+00
1.08911422211e+00
1.08974774756e+00
1.08717819506e+00
1.08937726900e+00
1.08832141267e+00
1.08593382526e+00
1.08818175528e+00
1.08816127859e+00
1.08959087340e+00
1.08999435049e+00
1.09020452291e+00
1.08799909924e+00
1.09092325780e+00
1.08847874892e+00
1.08889549140e+00
1.08914489402e+00
1.08877931883e+00
1.08982541649e+00
1.08729009112e+00
1.09110310058e+00
1.08772949870e+00
1.08945553096e+00
1.08880129187e+00
1.08744853939e+00
1.08875464886e+00
1.08806649790e+00
1.08848515714e+00
1.08954389100e+00
1.08783013843e+00
1.08752534491e+00
1.08823869876e+00
1.08894730744e+00
1.08867746138e+00
1.08917692519e+00
1.08997719275e+00
1.08664083441e+00
1.08911038375e+00
1.08737293440e+00
1.08842729007e+00
1.08568531790e+00
1.08963660455e+00
1.08748284809e+00
1.08885796056e+00
1.09103843826e+00
1.09028244698e+00
1.09171019448e+00
1.08683839690e+00
1.08751564210e+00
1.08710434947e+00
1.08674970574e+00
1.08971714562e+00
1.08575218009e+00
1.08982348806e+00
1.08968501403e+00
1.08632806827e+00
1.08770186879e+00
1.08971571291e+00
1.08946745269e+00
1.08924978971e+00
1.08837543120e+00
1.09178127392e+00
1.08868375171e+00
1.08845590287e+00
1.09013432583e+00
1.08962056333e+00
1.09008097791e+00
1.08774546509e+00
1.08647157286e+00
1.08973503550e+00
1.08810045596e+00
1.09005630492e+00
1.08880883708e+00
1.08772198951e+00
1.08840132518e+00
1.08685570440e+00
1.08744842370e+00
1.09005735994e+00
1.08801677099e+00
1.08927179352e+00
1.08748942808e+00
1.08916453920e+00
1.08849798552e+00
1.08905583525e+00
1.08925356426e+00
1.08718356038e+00
1.08868207365e+00
1.08800107815e+00
1.08849816359e+00
1.08859028161e+00
1.08967397498e+00
1.08797136054e+00
1.08799213726e+00
1.08776796209e+00
1.08761754609e+00
1.08823965358e+00
1.08884180084e+00
1.08727975727e+00
1.08870328205e+00
1.08926506372e+00
1.09043090860e+00
1.08995655135e+00
1.08929288615e+00
1.08858452510e+00
1.09006703935e+00
1.08975719891e+00
1.08720468106e+00
1.08804204666e+00
1.08868363931e+00
1.08876835514e+00
1.08704879336e+00
1.08787658151e+00
1.08658974720e+00
1.08849606749e+00
1.09005160532e+00
1.09107042250e+00
1.09028916292e+00
1.08772278955e+00
1.08915546797e+00
1.08726549751e+00
1.08920661881e+00
1.09041593528e+00
1.08737510003e+00
1.08801920100e+00
1.08816462717e+00
1.09045912140e+00
1.08831910896e+00
1.08930043934e+00
1.08998273840e+00
1.08756321686e+00
1.08865018158e+00
1.09001343843e+00
1.08698497496e+00
1.08994026174e+00
1.08646907450e+00
1.08741987967e+00
1.08889197689e+00
1.08991055073e+00
1.08739333994e+00
1.08896616986e+00
1.08820768546e+00
1.08892714422e+00
1.08993476186e+00
1.08991243573e+00
1.08882746435e+00
1.08920875072e+00
1.08842456089e+00
1.08902823494e+00
1.08680285339e+00
1.08840862808e+00
1.08573775141e+00
1.09013928247e+00
1.08877976449e+00
1.09088331263e+00
1.08983509846e+00
1.08707671436e+00
1.08999160389e+00
1.08894107267e+00
1.08929579900e+00
1.08817030413e+00
1.08908983659e+00
1.09008280115e+00
1.08988911525e+00
1.08922399505e+00
1.08784565772e+00
1.08831706159e+00
1.08997553841e+00
1.08891338431e+00
1.08717436875e+00
1.08914653106e+00
1.08783141296e+00
1.09044494464e+00
1.08694836844e+00
1.08987873647e+00
1.08822789870e+00
1.08780757401e+00
1.08885046102e+00
1.09138019571e+00
1.08998414463e+00
1.09201181298e+00
1.08808600404e+00
1.08738854135e+00
1.08895975523e+00
1.08810913692e+00
1.08773803235e+00
1.09007663526e+00
1.08668511227e+00
1.09082940569e+00
1.08911906423e+00
1.08669526571e+00
1.09001235383e+00
1.08751047695e+00
1.08929191139e+00
1.08809455727e+00
1.08818529079e+00
1.08916482794e+00
1.08756837121e+00
1.08844978643e+00
1.08681659229e+00
1.08731763344e+00
1.08848300674e+00
1.09005502061e+00
1.09140781682e+00
1.08789478528e+00
1.08796732149e+00
1.08665504100e+00
1.08966633491e+00
1.08711179857e+00
1.08856101356e+00
1.08908064373e+00
1.09033591979e+00
1.09000029006e+00
1.08853878372e+00