-9.23115287323e+00
-9.22747314162e+00
-9.22701955236e+00
-9.23029282258e+00
-9.22620122790e+00
-9.22933649096e+00
-9.22569227572e+00
-9.22801985506e+00
-9.22720229606e+00
-9.22694400576e+00
-9.22911594415e+00
-9.22783942133e+00
-9.23083648499e+00
-9.22873069218e+00
-9.22733295268e+00
-9.22510265982e+00
-9.22380270005e+00
-9.22641966675e+00
-9.22950678255e+00
-9.23061976981e+00
-9.22770372366e+00
-9.22571988311e+00
-9.22880755780e+00
-9.22588718016e+00
-9.22906924281e+00
-9.22568087142e+00
-9.22854389996e+00
-9.22907591567e+00
-9.22523668174e+00
-9.22759592636e+00
-9.22954065967e+00
-9.23084442957e+00
-9.22833511057e+00
-9.22725381512e+00
-9.22949850973e+00
-9.22676589164e+00
-9.22984894724e+00
-9.22448785639e+00
-9.22632500262e+00
-9.22711597080e+00
-9.22531085489e+00
-9.22586070153e+00
-9.22848690383e+00
-9.22893693165e+00
-9.22858002927e+00
-9.22795567085e+00
-9.22973191371e+00
-9.22676951259e+00
-9.22787212805e+00
-9.22528401606e+00
-9.22659919354e+00
-9.23133978757e+00
-9.22565204777e+00
-9.22988367366e+00
-9.22516675406e+00
-9.22544239720e+00
-9.23023365733e+00
-9.23191428004e+00
-9.22933988455e+00
-9.22788109799e+00
-9.22672657957e+00
-9.22876155815e+00
-9.22780477118e+00
-9.22916297736e+00
-9.22953296460e+00
-9.22654230587e+00
-9.22754214948e+00
-9.23177069766e+00
-9.22937684209e+00
-9.23178718631e+00
-9.22632279506e+00
-9.22906377931e+00
-9.22962916766e+00
-9.22839344228e+00
-9.22737832229e+00
-9.22897537299e+00
-9.22869183899e+00
-9.23229736198e+00
-9.22790518388e+00
-9.22670243645e+00
-9.22708266164e+00
-9.22820416456e+00
-9.22559952220e+00
-9.22930629582e+00
-9.23013655105e+00
-9.22991752494e+00
-9.23007975798e+00
-9.23143254694e+00
-9.22736167367e+00
-9.23022637599e+00
-9.22736924255e+00
-9.22760973399e+00
-9.22525250631e+00
-9.23033331385e+00
-9.22529462917e+00
-9.22688402042e+00
-9.22908929850e+00
-9.23038130187e+00
-9.22597961131e+00
-9.22602499694e+00
-9.22868411448e+00
-9.22780026764e+00
-9.22751619720e+00
-9.22795121905e+00
-9.23050370590e+00
-9.22977644372e+00
-9.23233388020e+00
-9.22536985862e+00
-9.23199189093e+00
-9.22220746934e+00
-9.22685320662e+00
-9.22532311935e+00
-9.23041413647e+00
-9.22859516618e+00
-9.22818700159e+00
-9.23384412638e+00
-9.22856172750e+00
-9.23101158384e+00
-9.22777791748e+00
-9.22855416089e+00
-9.22376110244e+00
-9.22563560794e+00
-9.22580615406e+00
-9.23358847205e+00
-9.22533429189e+00
-9.23053846385e+00
-9.22854898614e+00
-9.23024352262e+00
-9.22849084569e+00
-9.22575845299e+00
-9.22558161676e+00
-9.23248864917e+00
-9.22821957337e+00
-9.22631680934e+00
-9.23154644511e+00
-9.23210303471e+00
-9.22990823669e+00
-9.22595876171e+00
-9.22682011033e+00
-9.22577813969e+00
-9.22828742960e+00
-9.22658289386e+00
-9.22524038808e+00
-9.22616209207e+00
-9.22717647058e+00
-9.22598021614e+00
-9.22931958386e+00
-9.22454046192e+00
-9.23025066147e+00
-9.23056909068e+00
-9.22839404977e+00
-9.22827790714e+00
-9.22730771768e+00
-9.23109837824e+00
-9.22995633960e+00
-9.22708835300e+00
-9.22230505265e+00
-9.22856624324e+00
-9.23008002386e+00
-9.22761604677e+00
-9.22615996571e+00
-9.22907442747e+00
-9.22925444399e+00
-9.22467521233e+00
-9.22771616915e+00
-9.22981783515e+00
-9.23198656816e+00
-9.23026090239e+00
-9.22786864354e+00
-9.22629790921e+00
-9.23001557605e+00
-9.22838076670e+00
-9.22763408141e+00
-9.22967445090e+00
-9.22932223332e+00
-9.23258164372e+00
-9.22557888426e+00
-9.22744535162e+00
-9.22593677102e+00
-9.22671847077e+00
-9.22612204748e+00
-9.22763271721e+00
-9.22770979007e+00
-9.22925136762e+00
-9.22433838253e+00
-9.22886673646e+00
-9.22902519915e+00
-9.22516757522e+00
-9.22583707123e+00
-9.22912477583e+00
-9.22903624153e+00
-9.23004602506e+00
-9.22855516082e+00
-9.22923137713e+00
-9.22866985754e+00
-9.22728182128e+00
-9.22788438298e+00
-9.22809073990e+00
-9.22713383339e+00
-9.22572609905e+00
-9.23055076175e+00
-9.22573735955e+00
-9.23135933473e+00
-9.22626977291e+00
-9.22626832083e+00
-9.22596966636e+00
-9.22781242177e+00
-9.22492527995e+00
-9.22621747086e+00
-9.23347804966e+00
-9.22748931086e+00
-9.23123865362e+00
-9.22881644995e+00
-9.22693443707e+00
-9.22713706268e+00
-9.22564417985e+00
-9.22607455297e+00
-9.22868500123e+00
-9.22609877660e+00
-9.22755955828e+00
-9.22704385812e+00
-9.22953310957e+00
-9.22530856076e+00
-9.22851314717e+00
-9.22965892819e+00
-9.22972963731e+00
-9.22493430018e+00
-9.22727734812e+00
-9.22739823727e+00
-9.22253265498e+00
-9.22496072129e+00
-9.23168231424e+00
-9.22988859755e+00
-9.22557624748e+00
-9.22754623680e+00
-9.23403697632e+00
-9.23067941358e+00
-9.22801225284e+00
-9.22569984564e+00
-9.22861172167e+00
-9.22877379390e+00
-9.22354868699e+00
-9.22893035761e+00
-9.22816300014e+00
-9.22751037142e+00
-9.23047870684e+00
-9.22754140784e+00
-9.22803878642e+00
-9.22786921947e+00
-9.22847745985e+00
-9.22668257871e+00
-9.22768474944e+00
-9.23031933986e+00
-9.22630180678e+00
-9.23045743875e+00
-9.23037600953e+00
-9.22588624330e+00
-9.23224740254e+00
-9.22929048934e+00
-9.22586627214e+00
-9.23078900933e+00
-9.22965227462e+00
-9.22566898952e+00
-9.22713611373e+00
-9.22938385007e+00
-9.22764089910e+00
-9.22606380614e+00
-9.22631697404e+00
-9.23145767428e+00
-9.22889052080e+00
-9.22775751609e+00
-9.22707297136e+00
-9.22418266042e+00
-9.22817980532e+00
-9.22980299927e+00
-9.22677414260e+00
-9.22477062379e+00
-9.22712078351e+00
-9.22904070039e+00
-9.22335151262e+00
-9.23080706943e+00
-9.22923946210e+00
-9.22354463005e+00
-9.22724371437e+00
-9.22982129537e+00
-9.22471685901e+00
-9.22758148549e+00
-9.23036201114e+00
-9.22624593151e+00
-9.22307372508e+00
-9.22731826273e+00
-9.22718873088e+00
-9.22866819276e+00
-9.22754056585e+00
-9.22914326788e+00
-9.23197869768e+00
-9.22685518408e+00
-9.22880115697e+00
-9.22925670938e+00
-9.22334487178e+00
-9.22889146491e+00
-9.22766668152e+00
-9.23033940926e+00
-9.22890269712e+00
-9.23161644738e+00
-9.22626776154e+00
-9.23355907184e+00
-9.22453989326e+00
-9.22709561542e+00
-9.22856402991e+00
-9.22759427224e+00
-9.22503164985e+00
-9.22805817717e+00
-9.22756886960e+00
-9.22551723751e+00
-9.23191689905e+00
-9.22842649829e+00
-9.22800597110e+00
-9.22893531726e+00
-9.22696792369e+00
-9.22848551119e+00
-9.22673232517e+00
-9.22877633501e+00
-9.22559300973e+00
-9.22887811724e+00
-9.22835406025e+00
-9.23138882484e+00
-9.22532314357e+00
-9.22611246091e+00
-9.22789957056e+00
-9.23129353261e+00
-9.23098915236e+00
-9.22554410231e+00
-9.22724266014e+00
-9.22911830656e+00
-9.22398958737e+00
-9.22641096017e+00
-9.22853475874e+00
-9.22538246801e+00
-9.22576310567e+00
-9.22672200587e+00
-9.23116571079e+00
-9.22709249812e+00
-9.22830220759e+00
-9.22107152250e+00
-9.22380004768e+00
-9.22690897508e+00
-9.22779234349e+00
-9.22845527149e+00
-9.22733382042e+00
-9.22895418375e+00
-9.22851186234e+00
-9.22841226931e+00
-9.23160279321e+00
-9.23105426891e+00
-9.22892498254e+00
-9.22610298574e+00
-9.22792331110e+00
-9.22506085720e+00
-9.22761783830e+00
-9.22757210865e+00
-9.22913397073e+00
-9.22732604673e+00
-9.22892653072e+00
-9.22822098036e+00
-9.22764216757e+00
-9.22437170276e+00
-9.22601999975e+00
-9.23015546462e+00
-9.22666880138e+00
-9.22878242983e+00
-9.22555301753e+00
-9.23155794853e+00
-9.22997317971e+00
-9.22735736235e+00
-9.22908705015e+00
-9.22819149672e+00
-9.22906521015e+00
-9.22943159641e+00
-9.22579236519e+00
-9.22538983954e+00
-9.23097072665e+00
-9.22846695324e+00
-9.22925338593e+00
-9.22312530254e+00
-9.22877438944e+00
-9.22574502559e+00
-9.22855282060e+00
-9.22654707968e+00
-9.23075077973e+00
-9.23206668838e+00
-9.22596829515e+00
-9.22737934637e+00
-9.22772700823e+00
-9.22782497685e+00
-9.22575913984e+00
-9.22799966024e+00
-9.22562273080e+00
-9.22827044138e+00
-9.22549104803e+00
-9.22593711096e+00
-9.22618450327e+00
-9.22642598130e+00
-9.22624047168e+00
-9.22606337148e+00
-9.22995014558e+00
-9.22700975361e+00
-9.23044354736e+00
-9.22949664972e+00
-9.22681174884e+00
-9.22904082306e+00
-9.22445871321e+00
-9.23288347703e+00
-9.22788663473e+00
-9.22692597762e+00
-9.22910657347e+00
-9.22906880342e+00
-9.23315263512e+00
-9.22774101077e+00
-9.23063379185e+00
-9.22871365162e+00
-9.23082580948e+00
-9.22343950847e+00
-9.22926959213e+00
-9.22834146246e+00
-9.22700444561e+00
-9.23065586858e+00
-9.22642468219e+00
-9.23052391115e+00
-9.22964503696e+00
-9.23097723221e+00
-9.22635655319e+00
-9.22891125943e+00
-9.22999776246e+00
-9.22826196213e+00
-9.22779554739e+00
-9.22976382004e+00
-9.22676191471e+00
-9.22829492132e+00
-9.23104044352e+00
-9.22789322777e+00
-9.22789580347e+00
-9.22937840473e+00
-9.22729125263e+00
-9.23041971646e+00
-9.22849674562e+00
-9.22921371641e+00
-9.22703935176e+00
-9.22990984098e+00
-9.23036558519e+00
-9.23112812721e+00
-9.23082462694e+00
-9.22569043098e+00
-9.22633705759e+00
-9.22653407098e+00
-9.23122411357e+00
-9.22907575093e+00
-9.22669465150e+00
-9.22688612563e+00
-9.22814885138e+00
-9.23268859818e+00
-9.22756131094e+00
-9.23318266638e+00
-9.22788921838e+00
-9.22891919457e+00
-9.22851192402e+00
-9.23150966909e+00
-9.22649763430e+00
-9.23068172614e+00
-9.22725777470e+00
-9.22668762628e+00
-9.22960004167e+00
-9.22955696059e+00
-9.22576163521e+00
-9.22831128498e+00
-9.22689748290e+00
-9.22460781112e+00
-9.22946295298e+00
-9.22750698306e+00
-9.22796826568e+00
-9.22522613419e+00
-9.22279217260e+00
-9.23094171138e+00
-9.22269708071e+00
-9.22636845457e+00
-9.23031944656e+00
-9.22869092341e+00
-9.22618577509e+00
-9.22945389932e+00
-9.23154674765e+00
-9.22666436129e+00
-9.22532879760e+00
-9.22861514061e+00
-9.22448615010e+00
-9.22905152900e+00
-9.22977576795e+00
-9.22848047683e+00
-9.23101109686e+00
-9.22508790396e+00
-9.22775978497e+00
-9.22818393196e+00