-3.03451172575e+00
-3.04218849940e+00
-3.02128240754e+00
-2.99221824176e+00
-2.99673166049e+00
-3.02829412357e+00
-3.05844214815e+00
-3.05943692223e+00
-3.04616341422e+00
-3.02495930964e+00
-3.00741360009e+00
-3.03550742760e+00
-2.96144587026e+00
-2.98048957646e+00
-3.06652016985e+00
-3.05112347273e+00
-3.01988944442e+00
-3.06797442453e+00
-3.09151242555e+00
-2.95635750343e+00
-2.98655434101e+00
-3.01310918012e+00
-3.03281270890e+00
-2.97631884413e+00
-3.00589914681e+00
-3.07110463103e+00
-3.02513238889e+00
-3.00381606174e+00
-3.06889865483e+00
-3.11038015681e+00
-2.99119605364e+00
-3.06353821155e+00
-2.97065751814e+00
-3.05499155601e+00
-3.01649161808e+00
-3.03159194860e+00
-3.05647738784e+00
-3.10232298581e+00
-3.00385776268e+00
-3.04572626745e+00
-3.02935403103e+00
-3.00391331059e+00
-3.03541563149e+00
-3.08115332243e+00
-3.03739825331e+00
-3.10111824141e+00
-3.08210542891e+00
-3.02547291183e+00
-2.96648229728e+00
-3.07281023520e+00
-3.01458159150e+00
-3.02515999955e+00
-3.03543273897e+00
-3.03142957127e+00
-3.04399675411e+00
-3.09640188430e+00
-2.96150893290e+00
-3.04314655409e+00
-3.12354466782e+00
-3.07030726213e+00
-3.01041958752e+00
-3.08870611287e+00
-3.06693646858e+00
-2.98416910456e+00
-3.00738523312e+00
-3.02723436145e+00
-3.09478868516e+00
-3.12754013090e+00
-2.99794482489e+00
-3.02545277493e+00
-3.09660767451e+00
-3.08958030544e+00
-3.07299568922e+00
-2.98162955829e+00
-3.06414202144e+00
-3.02492614794e+00
-3.13198624324e+00
-3.12385102470e+00
-2.98813927623e+00
-3.02552831329e+00
-3.02094088484e+00
-3.07859041084e+00
-2.96258315270e+00
-2.93208389555e+00
-2.99986801399e+00
-3.09685234542e+00
-2.99042872126e+00
-3.03992357963e+00
-3.08866579740e+00
-3.06412730135e+00
-3.02597292820e+00
-2.98217551454e+00
-3.05335593492e+00
-3.02898938300e+00
-3.01822269507e+00
-3.02047115033e+00
-3.08057932070e+00
-3.07827563495e+00
-3.01673559093e+00
-3.02229282998e+00
-3.10431476528e+00
-3.00717457891e+00
-2.98153966117e+00
-3.05133932090e+00
-3.00222621687e+00
-3.08564894509e+00
-3.07078453095e+00
-3.02977465597e+00
-3.05108850440e+00
-3.06384777001e+00
-3.12216213048e+00
-3.10165884732e+00
-3.01809052629e+00
-3.06515501812e+00
-2.96985941118e+00
-3.17629570265e+00
-3.01526603494e+00
-2.99554449158e+00
-3.07764569466e+00
-3.07831829345e+00
-2.98935861406e+00
-3.00495951888e+00
-3.00350666040e+00
-2.94376679478e+00
-3.02528778328e+00
-3.02691103988e+00
-3.03042544781e+00
-2.98022923255e+00
-3.05477505967e+00
-3.01177658389e+00
-3.06075609861e+00
-3.00037414348e+00
-3.01377530884e+00
-2.99811369151e+00
-3.01944040215e+00
-3.01473121654e+00
-2.95180503031e+00
-3.03961642546e+00
-2.98171764738e+00
-3.00276608477e+00
-3.07325505050e+00
-2.95082686704e+00
-3.07815438191e+00
-3.01720772589e+00
-3.00750022239e+00
-3.08331795949e+00
-3.00829493726e+00
-3.05551560867e+00
-3.09149781778e+00
-3.00959758726e+00
-2.97528985186e+00
-3.04961698810e+00
-2.99667801248e+00
-3.01504037764e+00
-3.05073177539e+00
-3.09676816591e+00
-3.07375543404e+00
-3.02031104357e+00
-3.04603499513e+00
-3.03424064874e+00
-3.06689484128e+00
-3.08224649137e+00
-3.04060941280e+00
-3.05383553947e+00
-2.98508754504e+00
-3.06324695869e+00
-2.91852693176e+00
-2.99574467648e+00
-2.98610907750e+00
-3.08798573056e+00
-3.03677249440e+00
-3.01794564520e+00
-3.07072106845e+00
-3.02499197411e+00
-3.06779573971e+00
-3.00248722454e+00
-3.06370203458e+00
-3.03502797385e+00
-3.08758356171e+00
-3.07522973559e+00
-3.02385465735e+00
-2.93748361349e+00
-2.99973854345e+00
-3.07525146788e+00
-3.08597039460e+00
-3.04770267519e+00
-3.04056939004e+00
-3.02674908909e+00
-3.07628378037e+00
-3.02407694789e+00
-3.08120136766e+00
-3.09014408526e+00
-3.02993315159e+00
-2.95678444204e+00
-3.06840759171e+00
-3.03708976864e+00
-3.06031055791e+00
-3.06063329414e+00
-3.01626503342e+00
-3.07219327613e+00
-3.07950714007e+00
-3.03792207232e+00
-2.98903642623e+00
-2.93650471559e+00
-3.07995832671e+00
-2.96638830963e+00
-2.98067865899e+00
-3.05094361778e+00
-3.05973351522e+00
-2.97570159392e+00
-3.00769317676e+00
-3.03389090292e+00
-3.04461572668e+00
-3.04548514344e+00
-3.04093872556e+00
-3.07584907510e+00
-3.02539999906e+00
-2.99689419308e+00
-2.95237442788e+00
-3.03982129887e+00
-3.04844552232e+00
-3.08091527277e+00
-3.08542759290e+00
-3.07889161958e+00
-3.02885897531e+00
-3.00041374729e+00
-3.07541308410e+00
-2.98899427804e+00
-3.05774340005e+00
-2.99596845203e+00
-3.02645195133e+00
-3.01677883511e+00
-2.97464983670e+00
-3.10350548347e+00
-2.96235948625e+00
-3.04897549749e+00
-3.06083250503e+00
-2.99609326001e+00
-2.96492823938e+00
-2.96840975173e+00
-3.06479921233e+00
-2.97458502629e+00
-3.01372036538e+00
-3.00287243120e+00
-3.09600550450e+00
-2.99071693198e+00
-3.05080741890e+00
-3.02188466175e+00
-3.00821186239e+00
-3.07432105867e+00
-2.98324095080e+00
-3.04546188083e+00
-3.03153116363e+00
-3.02026431593e+00
-3.08395175640e+00
-3.01062098639e+00
-2.92450806046e+00
-2.97984674878e+00
-2.97756540420e+00
-3.03072359766e+00
-3.01402507626e+00
-3.06265615310e+00
-2.99740551942e+00
-3.02974795470e+00
-3.00060967804e+00
-3.06674797897e+00
-3.08770601416e+00
-3.02887284907e+00
-3.06525248021e+00
-3.07024906288e+00
-2.98741208590e+00
-2.97668371814e+00
-3.08699086959e+00
-3.01835734208e+00
-3.08361791349e+00
-3.03263502741e+00
-2.99872852577e+00
-3.05660467932e+00
-2.91805597356e+00
-3.02797329021e+00
-3.03299367583e+00
-3.06444387538e+00
-3.05319148906e+00
-3.06902717346e+00
-3.03212786853e+00
-3.02245890236e+00
-3.03838105366e+00
-3.01711274347e+00
-3.03783693549e+00
-3.05833231544e+00
-3.06120716812e+00
-3.00230154752e+00
-3.00676468249e+00
-3.11445161546e+00
-3.00446908395e+00
-3.06592034063e+00
-3.10515396308e+00
-3.06812656683e+00
-3.02803193146e+00
-3.00125169598e+00
-3.03284676759e+00
-3.12436966259e+00
-3.01272550265e+00
-3.05728869467e+00
-3.05820253730e+00
-2.95636516784e+00
-3.02894366760e+00
-2.95886983388e+00
-3.03213709420e+00
-3.01526193779e+00
-3.02403090225e+00
-2.95139095880e+00
-3.05862929376e+00
-3.07228463050e+00
-3.06486602538e+00
-3.04860369274e+00
-3.01328593367e+00
-3.11121541391e+00
-3.05316201919e+00
-3.03284444441e+00
-2.96377618700e+00
-3.01602624127e+00
-3.00216669907e+00
-2.98898929987e+00
-2.99471525432e+00
-2.97482644334e+00
-3.10472168013e+00
-3.04248382792e+00
-3.01899404716e+00
-3.07564951735e+00
-3.01438161936e+00
-3.04052508048e+00
-3.07199330836e+00
-3.01496841651e+00
-3.05658178517e+00
-3.03779291377e+00
-3.01962349667e+00
-3.04920647057e+00
-3.05834099148e+00
-3.07983166825e+00
-3.03379095011e+00
-3.08716008944e+00
-3.08256944205e+00
-3.04684489177e+00
-3.01143317152e+00
-3.08050479702e+00
-2.99998207897e+00
-3.03391936003e+00
-3.03869129498e+00
-3.02223450780e+00
-2.96404228527e+00
-2.98200808635e+00
-3.07811155245e+00
-3.03925582215e+00
-2.99151247451e+00
-3.12210823997e+00
-2.94905513126e+00
-3.07508813901e+00
-2.92117864726e+00
-3.01252702511e+00
-3.02110478827e+00
-3.02505199627e+00
-3.02602368069e+00
-3.05213499503e+00
-3.01254107520e+00
-3.04858671231e+00
-3.06123579910e+00
-3.02556804831e+00
-2.98067174609e+00
-3.03381127665e+00
-2.97728859424e+00
-2.98795774380e+00
-3.04479606572e+00
-3.04185182742e+00
-2.99061789230e+00
-2.93188660437e+00
-3.09443462796e+00
-3.07809498785e+00
-3.00423791761e+00
-3.00690506274e+00
-2.99405648938e+00
-2.99029440781e+00
-3.05299478433e+00
-3.04807525363e+00
-2.98331106939e+00
-2.99912711032e+00
-3.01370137196e+00
-3.05309139695e+00
-3.09363534414e+00
-3.03381580478e+00
-2.91252478378e+00
-3.05796455803e+00
-3.06572152997e+00
-2.98263564392e+00
-3.02709054616e+00
-3.00098000629e+00
-3.08225353708e+00
-3.01852538805e+00
-3.05512533393e+00
-3.00610206168e+00
-2.99436634203e+00
-3.00849070733e+00
-3.05614088994e+00
-3.05237691656e+00
-3.06831094670e+00
-3.00928936959e+00
-3.00672429327e+00
-3.04912916156e+00
-2.99596942757e+00
-3.09642446263e+00
-3.05731562875e+00
-3.00438827901e+00
-3.06942053183e+00
-3.08784482571e+00
-3.08826417681e+00
-2.99427255355e+00
-3.00480442152e+00
-2.98651816350e+00
-2.98827249762e+00
-2.92985341177e+00
-3.03671306180e+00
-3.00650590205e+00
-3.04710291965e+00
-3.06834525560e+00
-3.05583343848e+00
-2.97545398652e+00
-3.08717052976e+00
-3.05353638451e+00
-3.04299145977e+00
-3.03130626393e+00
-3.02410854411e+00
-3.02459363516e+00
-2.96252906068e+00
-3.02105720454e+00
-3.01915545754e+00
-3.01455710560e+00
-3.01940724573e+00
-3.01911001472e+00
-3.06312712770e+00
-3.01778361419e+00
-3.04697456439e+00
-2.99081668411e+00
-3.05008994750e+00
-2.96894065006e+00
-3.06371754260e+00
-3.05964352366e+00
-3.06881170000e+00
-3.05548159856e+00
-2.98203576066e+00
-2.95996599188e+00
-2.99815034898e+00
-3.01075035857e+00
-3.07148455201e+00
-3.01281738106e+00
-3.15472452215e+00
-3.00499666831e+00
-3.01616835617e+00
-3.03863352147e+00
-3.09352733731e+00
-3.00012325152e+00
-3.07472984089e+00
-3.15636403949e+00
-3.02153349888e+00
-3.03707057530e+00
-3.12829555236e+00
-3.04237267510e+00
-3.08820645237e+00
-3.04884268372e+00
-2.98169461785e+00
-3.00908129197e+00
-3.05478236041e+00
-3.00166250692e+00
-3.04345703697e+00
-3.09731257289e+00
-3.00894976044e+00
-3.06780645046e+00
-3.10426755217e+00
-3.03631406054e+00
-3.10986223310e+00
-3.02489372330e+00
-3.05016046517e+00
-3.01229433824e+00
-3.04509091722e+00
-3.09763529237e+00
-2.98742050377e+00
-3.09042581692e+00
-3.03710594674e+00
-2.97453936327e+00
-3.12658228294e+00
-3.02122696554e+00
-3.06674806235e+00
-3.01689355613e+00
-2.94099819523e+00
-3.11148730937e+00
-3.06124712545e+00
-3.01015475520e+00
-3.05238045705e+00
-3.01865236006e+00
-2.97807539978e+00
-3.04527231791e+00
-3.03645073559e+00