-4.50713754517e+00
-4.88085788762e+00
-4.45091650368e+00
-4.55600882227e+00
-4.54671404136e+00
-4.84374567461e+00
-4.54612983368e+00
-4.55315862238e+00
-4.45733655729e+00
-4.92614728744e+00
-4.70341394085e+00
-5.01053549863e+00
-4.53580994987e+00
-4.36199521983e+00
-4.62977731633e+00
-4.61944630323e+00
-4.81552110051e+00
-4.79400846587e+00
-4.53049120151e+00
-4.29384587365e+00
-4.18732939939e+00
-5.08627381815e+00
-4.64207688930e+00
-4.56376603871e+00
-4.69169132972e+00
-5.14953911067e+00
-4.62624805931e+00
-4.18790168655e+00
-4.36787560431e+00
-5.16834315773e+00
-4.53775824611e+00
-4.88756735012e+00
-4.38272639086e+00
-4.25016289993e+00
-5.30426300367e+00
-4.39086727108e+00
-4.60160470147e+00
-5.12751713117e+00
-4.41518910153e+00
-4.73583423513e+00
-4.15271255148e+00
-4.68370765420e+00
-4.63752978128e+00
-4.90157539928e+00
-4.85384449056e+00
-4.59691474438e+00
-5.19365278705e+00
-4.92370094785e+00
-4.42329406606e+00
-4.45138282897e+00
-4.64447829413e+00
-4.89836134230e+00
-4.82173147306e+00
-4.63936043896e+00
-4.67215191878e+00
-4.88912726496e+00
-4.73659087626e+00
-4.63424243637e+00
-4.75739895335e+00
-4.81170044242e+00
-4.58346022666e+00
-4.71748535047e+00
-4.55965830766e+00
-4.53274676827e+00
-4.69280404172e+00
-4.50837183736e+00
-4.50166850628e+00
-4.78762496833e+00
-4.73480704332e+00
-4.67174933241e+00
-5.08907941622e+00
-4.85953823931e+00
-4.62316293620e+00
-4.55088839617e+00
-5.05725557203e+00
-4.49019732475e+00
-4.82049264725e+00
-4.82168004174e+00
-4.60162678451e+00
-4.43701831777e+00
-4.39132438066e+00
-5.10506162446e+00
-4.47356661808e+00
-4.68507792149e+00
-4.43316754139e+00
-4.97669988249e+00
-4.41957909172e+00
-4.74316303938e+00
-4.71367664726e+00
-4.43816211446e+00
-4.57526617340e+00
-4.72274892030e+00
-4.38713524498e+00
-4.59645427915e+00
-4.76044564415e+00
-4.83978017184e+00
-4.57459017883e+00
-4.48232077689e+00
-4.91708555543e+00
-4.56547968584e+00
-4.74183866820e+00
-4.62170836259e+00
-4.75084491590e+00
-4.58013835032e+00
-4.64024526637e+00
-4.78836129059e+00
-4.87808079207e+00
-4.38690604761e+00
-4.25313597595e+00
-4.68612656698e+00
-4.56212197772e+00
-5.15525958734e+00
-5.03636941184e+00
-4.74717216637e+00
-4.40407847182e+00
-5.20079024743e+00
-4.56511956700e+00
-4.73191456488e+00
-4.94583188337e+00
-4.82226412664e+00
-4.28429550614e+00
-4.52434395071e+00
-4.52311911429e+00
-4.39078154895e+00
-5.06067725381e+00
-4.73330113793e+00
-4.82187330332e+00
-4.29314052593e+00
-4.52919728926e+00
-4.61601215974e+00
-4.88799586726e+00
-4.49376315260e+00
-4.92620378566e+00
-4.65486549173e+00
-4.47401075196e+00
-4.49513982803e+00
-4.42283675118e+00
-4.37805181723e+00
-4.71924486546e+00
-4.39563934814e+00
-4.95596647635e+00
-4.25215850536e+00
-4.69394934656e+00
-4.59484846614e+00
-4.73962658559e+00
-4.79953363385e+00
-4.88853652109e+00
-4.34467498274e+00
-5.00468460484e+00
-4.63073296273e+00
-4.55039724307e+00
-4.45931583675e+00
-4.34119794549e+00
-4.66804414052e+00
-4.71810940884e+00
-4.81750341064e+00
-4.57324723026e+00
-4.67083118312e+00
-4.43295763345e+00
-4.82336933733e+00
-4.80736564092e+00
-4.76656141114e+00
-5.01157411478e+00
-5.02877922144e+00
-4.26402285738e+00
-5.08110053397e+00
-4.57424779478e+00
-4.43753808174e+00
-4.64022219413e+00
-4.81886869215e+00
-4.68247740633e+00
-4.65933901768e+00
-4.73858761781e+00
-4.61239749548e+00
-4.62517376148e+00
-4.90360739318e+00
-4.30356902237e+00
-4.62670323129e+00
-4.75014609567e+00
-4.77252845747e+00
-4.69144889343e+00
-4.52632921293e+00
-4.91922890726e+00
-4.86458163561e+00
-5.05877912263e+00
-4.29630758149e+00
-4.98024125842e+00
-4.60302611256e+00
-5.11195842116e+00
-4.61393327685e+00
-4.64540051137e+00
-4.47159467732e+00
-4.86659224590e+00
-4.62690257036e+00
-4.61491413974e+00
-4.62478869453e+00
-4.59178155566e+00
-4.60396097550e+00
-4.75388255688e+00
-4.42126635747e+00
-4.40715801594e+00
-4.81645336824e+00
-4.63358258161e+00
-4.58497678930e+00
-4.87667835419e+00
-4.91064375386e+00
-4.55020149261e+00
-4.50854574450e+00
-4.19894469476e+00
-4.70763723254e+00
-4.78576693943e+00
-5.00313748359e+00
-4.76240847329e+00
-4.74663600744e+00
-5.04793482224e+00
-4.66465699745e+00
-4.58564579039e+00
-4.56101519928e+00
-4.50296996107e+00
-4.60760134512e+00
-4.61625872372e+00
-4.78254403028e+00
-4.90531035615e+00
-4.55594832624e+00
-5.11693131995e+00
-4.70378139157e+00
-5.12374905034e+00
-4.59903059315e+00
-4.55887863069e+00
-4.46706763021e+00
-4.70044338950e+00
-5.28105921207e+00
-4.68999434407e+00
-4.53458129623e+00
-4.63450372815e+00
-4.80839992493e+00
-4.92922656126e+00
-4.52232445872e+00
-4.73038248747e+00
-4.21846375481e+00
-4.57199318813e+00
-4.87469191119e+00
-4.64041202835e+00
-4.35285319207e+00
-4.99172812391e+00
-4.44881317310e+00
-4.62785439537e+00
-4.48305556577e+00
-4.83233405025e+00
-4.88618442795e+00
-4.34137590943e+00
-4.79012940668e+00
-4.29188330371e+00
-4.56278429923e+00
-4.76191518005e+00
-4.64561045347e+00
-4.27270322350e+00
-4.64749020130e+00
-4.73559327406e+00
-4.28225841454e+00
-4.31175264790e+00
-4.24381332788e+00
-4.94204767074e+00
-4.89779931189e+00
-4.72201794228e+00
-4.94346510667e+00
-4.62304076157e+00
-4.86783695899e+00
-5.12530799500e+00
-4.77561754737e+00
-4.74707810160e+00
-4.62717267906e+00
-4.64979158178e+00
-4.50946526855e+00
-4.87068482607e+00
-4.52142027703e+00
-4.28241035375e+00
-4.79062260358e+00
-4.66015977710e+00
-4.78830981642e+00
-4.80207982144e+00
-4.62109911230e+00
-4.49923973534e+00
-4.62388105555e+00
-4.59754453983e+00
-4.76446521820e+00
-4.46775416495e+00
-4.56847226853e+00
-4.74229613825e+00
-4.35625938508e+00
-4.84956312782e+00
-4.60763070905e+00
-4.77664009147e+00
-4.78213161852e+00
-4.15964339470e+00
-4.80518575892e+00
-4.43464768175e+00
-4.41602575296e+00
-4.52024473382e+00
-4.38903574270e+00
-4.50013194938e+00
-4.89258234860e+00
-4.34840981925e+00
-4.59542913738e+00
-4.80254714867e+00
-4.28505558493e+00
-4.58179567535e+00
-4.32383687271e+00
-4.88479754688e+00
-4.57899095521e+00
-4.60544473072e+00
-4.53826939816e+00
-4.79714692568e+00
-4.72516386488e+00
-4.71544275978e+00
-4.79817982232e+00
-4.95731418153e+00
-4.68263485472e+00
-4.48364450789e+00
-4.88050131100e+00
-4.60567208652e+00
-4.44241180206e+00
-4.69998587956e+00
-4.28147999216e+00
-5.16290661419e+00
-4.86941199632e+00
-4.84944166329e+00
-4.81945103987e+00
-4.96893285650e+00
-4.75125566418e+00
-4.74595428602e+00
-4.80895227576e+00
-4.88162599331e+00
-4.72815639623e+00
-4.82556433187e+00
-4.75823674858e+00
-4.74916183830e+00
-4.54468632337e+00
-4.61284092205e+00
-4.52968200073e+00
-4.63648075292e+00
-4.84309742403e+00
-4.90906752943e+00
-4.73892222830e+00
-4.31838802775e+00
-4.94733649897e+00
-4.57614013465e+00
-4.58233659017e+00
-4.76144724003e+00
-4.81552678686e+00
-4.27199761893e+00
-4.51556533601e+00
-4.55055606347e+00
-4.36670364554e+00
-4.52268710408e+00
-5.12134219490e+00
-4.76774594988e+00
-4.88782887367e+00
-4.38165486942e+00
-4.65398659085e+00
-4.83224274940e+00
-4.43300307339e+00
-4.21374268173e+00
-4.81393742027e+00
-4.49407584511e+00
-4.54623638227e+00
-4.61969416756e+00
-4.71384815602e+00
-4.19375905203e+00
-4.48794776486e+00
-4.36087306676e+00
-4.58604576099e+00
-4.62470622943e+00
-4.53406877231e+00
-4.54969882963e+00
-4.73800906100e+00
-5.00670960138e+00
-4.58969481787e+00
-4.17992098870e+00
-4.19677646996e+00
-4.68232837856e+00
-4.39269904782e+00
-4.56616225119e+00
-4.64011958381e+00
-4.65056077923e+00
-4.55995625193e+00
-4.62037836649e+00
-4.70754481999e+00
-4.83753205743e+00
-5.00460092751e+00
-4.32128847322e+00
-4.66354236914e+00
-4.65988074864e+00
-4.63635637295e+00
-4.36827994617e+00
-4.57168524258e+00
-5.12932112305e+00
-4.59714296080e+00
-4.54202971735e+00
-4.70477627763e+00
-4.37930010573e+00
-4.82726717364e+00
-4.85578766004e+00
-4.78585682811e+00
-4.71688893005e+00
-4.80716494238e+00
-4.54336532532e+00
-5.01644544413e+00
-4.66580994328e+00
-4.42808227218e+00
-4.88041865435e+00
-4.73547751966e+00
-4.51670465521e+00
-4.45928991323e+00
-5.39911477272e+00
-4.86208565018e+00
-4.53360971315e+00
-4.53969782343e+00
-4.78828896379e+00
-4.30099822553e+00
-4.62042679079e+00
-4.64458119673e+00
-4.50209646403e+00
-4.77628929899e+00
-4.69131465530e+00
-4.54631420312e+00
-5.24284180212e+00
-4.67513118076e+00
-4.99978585355e+00
-4.90575907278e+00
-4.72210147374e+00
-5.25125196217e+00
-4.47938122461e+00
-4.51759809821e+00
-4.58856032405e+00
-4.90711045654e+00
-4.93886378530e+00
-4.38193029820e+00
-4.64266075995e+00
-4.53336667685e+00
-4.70122953536e+00
-5.03740837505e+00
-4.73916305654e+00
-4.36637100696e+00
-4.75084467290e+00
-4.52770940560e+00
-4.68137750589e+00
-4.35905212507e+00
-4.71039170468e+00
-4.62303082634e+00
-4.64693925886e+00
-4.32582695599e+00
-4.81567049002e+00
-4.49399764199e+00
-4.73187835484e+00
-4.82002158213e+00
-4.46532961490e+00
-4.65881668846e+00
-4.39677996817e+00
-4.34681751795e+00
-4.51525071337e+00
-4.98523758998e+00
-4.98211496628e+00
-4.54735035535e+00
-4.41706404308e+00
-4.49106470688e+00
-4.72792476873e+00
-4.51403002647e+00
-4.61183974457e+00
-4.66673998466e+00
-5.28927228444e+00
-4.55327332613e+00
-5.02307671759e+00
-4.83130836041e+00
-4.88790936574e+00
-4.48988530194e+00
-4.84903802790e+00
-4.62828980592e+00
-5.35985555550e+00
-4.90825926623e+00
-4.73408136276e+00
-4.89362531451e+00
-5.17996905805e+00
-5.27878548385e+00
-4.60477164452e+00
-4.72970925122e+00
-4.78487482947e+00
-4.67380737319e+00
-5.02617085375e+00
-4.65326302464e+00
-4.49837408212e+00
-4.66833422019e+00
-4.90130977108e+00
-4.90816050946e+00
-4.91293165290e+00
-4.41519943018e+00
-4.53432562715e+00
-4.73632908138e+00
-3.89812700100e+00
-4.74501285263e+00
-4.65638009017e+00