-2.42431596712e+00
-2.42460060362e+00
-2.42022883190e+00
-2.42739345226e+00
-2.42239647452e+00
-2.42528203098e+00
-2.42353285069e+00
-2.42763582315e+00
-2.42388803267e+00
-2.42538720729e+00
-2.42451608340e+00
-2.42611116164e+00
-2.42641094279e+00
-2.42547888187e+00
-2.42543182962e+00
-2.42534711210e+00
-2.42282704020e+00
-2.42538667673e+00
-2.42652579309e+00
-2.42740332852e+00
-2.42497457183e+00
-2.42275577785e+00
-2.42157855760e+00
-2.42500245577e+00
-2.42567483143e+00
-2.42366110995e+00
-2.42737486830e+00
-2.42780735750e+00
-2.42275554187e+00
-2.42311901949e+00
-2.42581427089e+00
-2.42458206717e+00
-2.42462979545e+00
-2.42403169216e+00
-2.42339925293e+00
-2.42411839787e+00
-2.42514543205e+00
-2.42308224572e+00
-2.42460387478e+00
-2.42438838283e+00
-2.42459740583e+00
-2.42406085370e+00
-2.42691407405e+00
-2.42530704857e+00
-2.42442216904e+00
-2.42554067330e+00
-2.42759554761e+00
-2.42421543560e+00
-2.42502836381e+00
-2.42534404434e+00
-2.42206197722e+00
-2.42967665966e+00
-2.42195257406e+00
-2.42573742729e+00
-2.42472385853e+00
-2.42585129569e+00
-2.42698432588e+00
-2.42505073273e+00
-2.42770020693e+00
-2.42375941299e+00
-2.42339836953e+00
-2.42595364375e+00
-2.42255599541e+00
-2.42424997167e+00
-2.42422629387e+00
-2.42432356950e+00
-2.42398492419e+00
-2.42916703981e+00
-2.42313925359e+00
-2.42613627407e+00
-2.42554925769e+00
-2.42397528883e+00
-2.42633524329e+00
-2.42334548773e+00
-2.42207257398e+00
-2.42690948528e+00
-2.42533321069e+00
-2.42579194951e+00
-2.42448617649e+00
-2.42293393984e+00
-2.42316961722e+00
-2.42646128872e+00
-2.42092298428e+00
-2.42456721288e+00
-2.42678412156e+00
-2.42673778140e+00
-2.42660805933e+00
-2.42444951176e+00
-2.42423456744e+00
-2.43011915503e+00
-2.42260085399e+00
-2.42383087052e+00
-2.42492807464e+00
-2.42586986750e+00
-2.42511471898e+00
-2.42412052490e+00
-2.42542925204e+00
-2.42493044484e+00
-2.42643365810e+00
-2.42561808924e+00
-2.42617529571e+00
-2.42512137119e+00
-2.42557789180e+00
-2.42635077956e+00
-2.42221830698e+00
-2.42554556226e+00
-2.42644547090e+00
-2.42493496305e+00
-2.42662700650e+00
-2.42315616251e+00
-2.42419692319e+00
-2.42403970544e+00
-2.42417095993e+00
-2.42826158006e+00
-2.42167298696e+00
-2.42811710525e+00
-2.42257358100e+00
-2.42662627661e+00
-2.42457955781e+00
-2.42560843679e+00
-2.42461774836e+00
-2.42517453687e+00
-2.42213807148e+00
-2.42916769461e+00
-2.42395200044e+00
-2.42616133552e+00
-2.42385154829e+00
-2.42734702746e+00
-2.42427058378e+00
-2.42867321194e+00
-2.42165651270e+00
-2.42884075248e+00
-2.42794674053e+00
-2.42734706846e+00
-2.42797819265e+00
-2.42671461434e+00
-2.42537271714e+00
-2.42455887199e+00
-2.42266844108e+00
-2.42430317475e+00
-2.42405332933e+00
-2.42319379337e+00
-2.42356533187e+00
-2.42239486837e+00
-2.42418289506e+00
-2.42347328249e+00
-2.42609527657e+00
-2.42346842219e+00
-2.42437320737e+00
-2.42598106103e+00
-2.42380814527e+00
-2.42366541117e+00
-2.42350111210e+00
-2.42585574515e+00
-2.42425234234e+00
-2.42786198679e+00
-2.42022089783e+00
-2.42485486144e+00
-2.42798594631e+00
-2.42406006489e+00
-2.42504793056e+00
-2.42427866727e+00
-2.42287067164e+00
-2.42641696061e+00
-2.42427359867e+00
-2.42900667544e+00
-2.42561106562e+00
-2.42505020919e+00
-2.42554347091e+00
-2.42579227641e+00
-2.42498326609e+00
-2.42469754227e+00
-2.42360817271e+00
-2.42272905914e+00
-2.42799377456e+00
-2.42904694919e+00
-2.42493499242e+00
-2.42445239564e+00
-2.42106918745e+00
-2.42415710122e+00
-2.42427153564e+00
-2.42244423745e+00
-2.42347532722e+00
-2.42518858642e+00
-2.42244567159e+00
-2.42569835043e+00
-2.42742776764e+00
-2.42107858918e+00
-2.42338111287e+00
-2.42484054655e+00
-2.42474908519e+00
-2.42423357849e+00
-2.42609973971e+00
-2.42425316662e+00
-2.42508394197e+00
-2.42620510678e+00
-2.42461851574e+00
-2.42388830503e+00
-2.42113044764e+00
-2.42636230143e+00
-2.42376061431e+00
-2.42476020698e+00
-2.42634330060e+00
-2.42321750579e+00
-2.42381030910e+00
-2.42386843683e+00
-2.42333111270e+00
-2.42183408826e+00
-2.42343989195e+00
-2.42829730627e+00
-2.42664890327e+00
-2.42572134247e+00
-2.42401345804e+00
-2.42399793866e+00
-2.42536696876e+00
-2.42258173639e+00
-2.42242812623e+00
-2.42784948131e+00
-2.42312896444e+00
-2.42549519687e+00
-2.42336860126e+00
-2.42653367696e+00
-2.42162655833e+00
-2.42318616504e+00
-2.42497281649e+00
-2.42631914808e+00
-2.42016123713e+00
-2.42616802633e+00
-2.42136876661e+00
-2.42287263878e+00
-2.42452816479e+00
-2.42462563440e+00
-2.42599933495e+00
-2.42265831490e+00
-2.42438854408e+00
-2.42865728177e+00
-2.42482152999e+00
-2.42525954351e+00
-2.42251764316e+00
-2.42335742821e+00
-2.42675718492e+00
-2.42147932011e+00
-2.42347615871e+00
-2.42499400050e+00
-2.42271386275e+00
-2.42664082610e+00
-2.42562514096e+00
-2.42623178472e+00
-2.42411852663e+00
-2.42764834830e+00
-2.42252957006e+00
-2.42523931877e+00
-2.42592744375e+00
-2.42382764965e+00
-2.42536222991e+00
-2.42544159964e+00
-2.42337333010e+00
-2.42799009484e+00
-2.42601582041e+00
-2.42135576168e+00
-2.42557218672e+00
-2.42520259532e+00
-2.42463437088e+00
-2.42358541862e+00
-2.42411284286e+00
-2.42552846702e+00
-2.42532181044e+00
-2.42482109691e+00
-2.42628799686e+00
-2.42542275294e+00
-2.42580472585e+00
-2.42416446174e+00
-2.42184192097e+00
-2.42428568250e+00
-2.42673393340e+00
-2.42544198234e+00
-2.42205774154e+00
-2.42505919661e+00
-2.42708345836e+00
-2.42278506171e+00
-2.42480574032e+00
-2.42913536366e+00
-2.42328171398e+00
-2.42607033395e+00
-2.42431846459e+00
-2.42169530146e+00
-2.42549978705e+00
-2.42573097558e+00
-2.42654587878e+00
-2.42108394825e+00
-2.42404276666e+00
-2.42360037089e+00
-2.42241554271e+00
-2.42462343687e+00
-2.42511418848e+00
-2.42774838509e+00
-2.42628990584e+00
-2.42738313702e+00
-2.42334257667e+00
-2.42441759720e+00
-2.42466309505e+00
-2.42505203881e+00
-2.42844925537e+00
-2.42790776936e+00
-2.42642047034e+00
-2.42485680360e+00
-2.42510201983e+00
-2.42172123016e+00
-2.42172420645e+00
-2.42409570753e+00
-2.42367418104e+00
-2.42514943228e+00
-2.42459845701e+00
-2.42589539670e+00
-2.42519339238e+00
-2.42580672190e+00
-2.42509324550e+00
-2.42587566187e+00
-2.42433721009e+00
-2.42434456390e+00
-2.42391914548e+00
-2.42667557326e+00
-2.42567403230e+00
-2.42249570925e+00
-2.42503784976e+00
-2.42539266141e+00
-2.42917101491e+00
-2.42305858115e+00
-2.42346267570e+00
-2.42655513337e+00
-2.42553570827e+00
-2.42523468105e+00
-2.42656083571e+00
-2.42302556844e+00
-2.42366056505e+00
-2.42274206744e+00
-2.42356151336e+00
-2.42474915284e+00
-2.42380300043e+00
-2.42441610260e+00
-2.42546375953e+00
-2.42613386015e+00
-2.42540757900e+00
-2.42445424706e+00
-2.42030518988e+00
-2.42152532506e+00
-2.42355280491e+00
-2.42313512639e+00
-2.42525360632e+00
-2.42379816770e+00
-2.42390386978e+00
-2.42482163205e+00
-2.42406941125e+00
-2.43019093604e+00
-2.42709676249e+00
-2.42476112454e+00
-2.42220861071e+00
-2.42477622888e+00
-2.42593265896e+00
-2.42554326725e+00
-2.42371422560e+00
-2.42652023275e+00
-2.42343234866e+00
-2.42502200215e+00
-2.42706746319e+00
-2.42291684968e+00
-2.42529969004e+00
-2.42476039161e+00
-2.42742056797e+00
-2.42168441899e+00
-2.42550837911e+00
-2.42473957469e+00
-2.42623967287e+00
-2.42559032303e+00
-2.42351867014e+00
-2.42344678242e+00
-2.42484667750e+00
-2.42454541749e+00
-2.42678511610e+00
-2.42325598036e+00
-2.42322481940e+00
-2.42370780715e+00
-2.42842022604e+00
-2.42219993703e+00
-2.42367479882e+00
-2.42489982883e+00
-2.42378500196e+00
-2.42429405896e+00
-2.42862711135e+00
-2.42816134785e+00
-2.42411945416e+00
-2.42579527545e+00
-2.42380071091e+00
-2.42687342715e+00
-2.42437956098e+00
-2.42312325888e+00
-2.42138521251e+00
-2.42471397805e+00
-2.42545164913e+00
-2.42581817512e+00
-2.42258405589e+00
-2.42275255793e+00
-2.42667224948e+00
-2.42208510866e+00
-2.42574734829e+00
-2.42522729417e+00
-2.42633309881e+00
-2.42507867710e+00
-2.42365129250e+00
-2.42442750610e+00
-2.42323084095e+00
-2.42407446447e+00
-2.42545989553e+00
-2.42214989262e+00
-2.42427595259e+00
-2.42349766515e+00
-2.42478139321e+00
-2.42634302164e+00
-2.42535634267e+00
-2.42665278798e+00
-2.42451742348e+00
-2.42694993590e+00
-2.42433811030e+00
-2.42691366433e+00
-2.42690361389e+00
-2.42405962628e+00
-2.42915194039e+00
-2.42573212491e+00
-2.42619241485e+00
-2.42628908059e+00
-2.42425516143e+00
-2.42235144337e+00
-2.42490438642e+00
-2.42750557591e+00
-2.42401564286e+00
-2.42541119844e+00
-2.42693744061e+00
-2.42547552666e+00
-2.42463080579e+00
-2.42614773496e+00
-2.42464001558e+00
-2.42579549168e+00
-2.42380697258e+00
-2.42438271988e+00
-2.42899110387e+00
-2.42450026293e+00
-2.42370846182e+00
-2.42516922283e+00
-2.42606620008e+00
-2.42501326705e+00
-2.42569737388e+00
-2.42474112476e+00
-2.42479490927e+00
-2.42366720698e+00
-2.42545414374e+00
-2.42283396300e+00
-2.42502105682e+00
-2.42558658454e+00
-2.42470899652e+00
-2.42416291270e+00
-2.42721883714e+00
-2.42355242431e+00
-2.42581951340e+00
-2.42493399285e+00
-2.42590714090e+00
-2.42502751198e+00
-2.42662073259e+00
-2.42387642923e+00
-2.42642364260e+00
-2.42416188368e+00
-2.42582698255e+00
-2.42687185964e+00
-2.42519671944e+00
-2.42649286069e+00
-2.42332250632e+00
-2.42456084047e+00
-2.42426395192e+00
-2.42573382125e+00
-2.42593339172e+00
-2.42435689973e+00
-2.42081117832e+00
-2.42140867144e+00
-2.42606948048e+00
-2.42083440384e+00
-2.42358891010e+00
-2.42524688738e+00
-2.42512131100e+00
-2.42349137221e+00
-2.42706295340e+00
-2.42682628759e+00
-2.42373527287e+00
-2.42005807148e+00
-2.42779760571e+00
-2.42378269042e+00
-2.42416039691e+00
-2.42702996682e+00
-2.42609363534e+00
-2.42522976295e+00
-2.42267401384e+00
-2.42683277658e+00
-2.42486477397e+00