-3.62619260855e+00
-3.62361725291e+00
-3.62384074305e+00
-3.62630096762e+00
-3.62436375761e+00
-3.62458522287e+00
-3.62431308335e+00
-3.62561286797e+00
-3.62523632210e+00
-3.62439861189e+00
-3.62616942426e+00
-3.62666012396e+00
-3.62696701607e+00
-3.62596187333e+00
-3.62457471038e+00
-3.62399231517e+00
-3.62332666892e+00
-3.62392792575e+00
-3.62649617017e+00
-3.62684773908e+00
-3.62474992358e+00
-3.62442868531e+00
-3.62605581700e+00
-3.62371957756e+00
-3.62536523328e+00
-3.62284595016e+00
-3.62534699526e+00
-3.62607313493e+00
-3.62368982834e+00
-3.62514396564e+00
-3.62668604779e+00
-3.62551492369e+00
-3.62569827923e+00
-3.62322658101e+00
-3.62525387174e+00
-3.62386092658e+00
-3.62620256795e+00
-3.62336061456e+00
-3.62390660900e+00
-3.62420630687e+00
-3.62408847309e+00
-3.62344522863e+00
-3.62523041404e+00
-3.62556926157e+00
-3.62475569525e+00
-3.62542576628e+00
-3.62514180169e+00
-3.62475446712e+00
-3.62542643989e+00
-3.62435847749e+00
-3.62451466979e+00
-3.62832065376e+00
-3.62213631595e+00
-3.62602074434e+00
-3.62477225749e+00
-3.62474959285e+00
-3.62633444926e+00
-3.62635727612e+00
-3.62629134529e+00
-3.62477381794e+00
-3.62397576249e+00
-3.62569980355e+00
-3.62535585252e+00
-3.62532056848e+00
-3.62577167921e+00
-3.62421392604e+00
-3.62408556706e+00
-3.62741241151e+00
-3.62536834305e+00
-3.62649124916e+00
-3.62468662618e+00
-3.62560436040e+00
-3.62526339062e+00
-3.62480132802e+00
-3.62449523857e+00
-3.62597657444e+00
-3.62504243681e+00
-3.62721263980e+00
-3.62589353539e+00
-3.62330511104e+00
-3.62449810546e+00
-3.62540165478e+00
-3.62236025583e+00
-3.62506646852e+00
-3.62561471368e+00
-3.62622927011e+00
-3.62632615672e+00
-3.62662475686e+00
-3.62523886513e+00
-3.62652219375e+00
-3.62396959452e+00
-3.62452211855e+00
-3.62471160924e+00
-3.62631664464e+00
-3.62486369134e+00
-3.62430881692e+00
-3.62529891645e+00
-3.62639965119e+00
-3.62570201014e+00
-3.62565801123e+00
-3.62597589409e+00
-3.62532139992e+00
-3.62518572576e+00
-3.62496053002e+00
-3.62566564767e+00
-3.62555154441e+00
-3.62750714787e+00
-3.62316377024e+00
-3.62666188275e+00
-3.62254079698e+00
-3.62393156435e+00
-3.62434315245e+00
-3.62559367020e+00
-3.62564363921e+00
-3.62494159956e+00
-3.62765876587e+00
-3.62357821386e+00
-3.62650602088e+00
-3.62545843487e+00
-3.62505115360e+00
-3.62365637654e+00
-3.62355425857e+00
-3.62340009286e+00
-3.62740853001e+00
-3.62323058881e+00
-3.62752973177e+00
-3.62478514621e+00
-3.62696849613e+00
-3.62535353409e+00
-3.62538597666e+00
-3.62315414924e+00
-3.62851834346e+00
-3.62551675803e+00
-3.62463446222e+00
-3.62618310645e+00
-3.62670457124e+00
-3.62565393500e+00
-3.62407409354e+00
-3.62403687019e+00
-3.62341238025e+00
-3.62504784347e+00
-3.62459989592e+00
-3.62437584195e+00
-3.62439874837e+00
-3.62514346180e+00
-3.62382289189e+00
-3.62508821929e+00
-3.62353015464e+00
-3.62605349921e+00
-3.62608285622e+00
-3.62534007950e+00
-3.62442015251e+00
-3.62533939774e+00
-3.62637327374e+00
-3.62544897952e+00
-3.62519233546e+00
-3.62085908645e+00
-3.62556181740e+00
-3.62672768252e+00
-3.62425115974e+00
-3.62508720031e+00
-3.62529441984e+00
-3.62461680017e+00
-3.62347507759e+00
-3.62480936038e+00
-3.62697934265e+00
-3.62687775543e+00
-3.62648797789e+00
-3.62454652760e+00
-3.62379535395e+00
-3.62694073583e+00
-3.62564541182e+00
-3.62457425981e+00
-3.62578098200e+00
-3.62569300215e+00
-3.62829136848e+00
-3.62547803073e+00
-3.62468673567e+00
-3.62352199444e+00
-3.62540634258e+00
-3.62468964348e+00
-3.62512807325e+00
-3.62528557210e+00
-3.62516049637e+00
-3.62306322422e+00
-3.62549441788e+00
-3.62625168836e+00
-3.62230823747e+00
-3.62489437117e+00
-3.62643106662e+00
-3.62645228669e+00
-3.62625950294e+00
-3.62481106749e+00
-3.62444631663e+00
-3.62439691261e+00
-3.62547294990e+00
-3.62583253059e+00
-3.62475972656e+00
-3.62389750567e+00
-3.62522158511e+00
-3.62631531553e+00
-3.62410406006e+00
-3.62607944458e+00
-3.62367214637e+00
-3.62331723509e+00
-3.62438064510e+00
-3.62482142082e+00
-3.62318380759e+00
-3.62342233608e+00
-3.62749455547e+00
-3.62567270982e+00
-3.62546247558e+00
-3.62462274426e+00
-3.62452056426e+00
-3.62485112875e+00
-3.62352505235e+00
-3.62323310688e+00
-3.62554709181e+00
-3.62342065669e+00
-3.62528163928e+00
-3.62433359034e+00
-3.62667331317e+00
-3.62235890319e+00
-3.62519319791e+00
-3.62624231171e+00
-3.62549227269e+00
-3.62324894937e+00
-3.62444246808e+00
-3.62415470387e+00
-3.62175479718e+00
-3.62310014637e+00
-3.62668560427e+00
-3.62687478432e+00
-3.62261231748e+00
-3.62416039995e+00
-3.63039237702e+00
-3.62564365509e+00
-3.62569033499e+00
-3.62379032916e+00
-3.62459143538e+00
-3.62608742229e+00
-3.62256356837e+00
-3.62528699763e+00
-3.62575863378e+00
-3.62479794194e+00
-3.62773469713e+00
-3.62577806973e+00
-3.62439489675e+00
-3.62524286811e+00
-3.62539501409e+00
-3.62388753834e+00
-3.62540363169e+00
-3.62649309300e+00
-3.62340706322e+00
-3.62729242387e+00
-3.62700777151e+00
-3.62408381420e+00
-3.62722987979e+00
-3.62544737805e+00
-3.62310744966e+00
-3.62727067535e+00
-3.62653797615e+00
-3.62315362482e+00
-3.62414375431e+00
-3.62570798131e+00
-3.62576659330e+00
-3.62361523855e+00
-3.62459019983e+00
-3.62624667677e+00
-3.62584630867e+00
-3.62485779383e+00
-3.62395549029e+00
-3.62453776316e+00
-3.62503183605e+00
-3.62538813138e+00
-3.62396180563e+00
-3.62414990803e+00
-3.62508732789e+00
-3.62508743401e+00
-3.62251623351e+00
-3.62640645507e+00
-3.62706403458e+00
-3.62255049899e+00
-3.62515804500e+00
-3.62559178379e+00
-3.62254445825e+00
-3.62484932520e+00
-3.62616784081e+00
-3.62545036250e+00
-3.62213792587e+00
-3.62486969309e+00
-3.62449763578e+00
-3.62480598920e+00
-3.62453866103e+00
-3.62604167382e+00
-3.62647040891e+00
-3.62488590896e+00
-3.62641417526e+00
-3.62491343642e+00
-3.62313972624e+00
-3.62541117732e+00
-3.62441893146e+00
-3.62679688350e+00
-3.62635584793e+00
-3.62777138299e+00
-3.62523438241e+00
-3.62830240813e+00
-3.62294696683e+00
-3.62406526798e+00
-3.62522051261e+00
-3.62418459130e+00
-3.62340343836e+00
-3.62518458937e+00
-3.62512796863e+00
-3.62369687283e+00
-3.62798015549e+00
-3.62500074245e+00
-3.62563570572e+00
-3.62517549119e+00
-3.62512315714e+00
-3.62583072187e+00
-3.62545435728e+00
-3.62462128786e+00
-3.62350635632e+00
-3.62631571436e+00
-3.62534228944e+00
-3.62632672826e+00
-3.62305769597e+00
-3.62371675124e+00
-3.62480772970e+00
-3.62698627952e+00
-3.62621336268e+00
-3.62454175271e+00
-3.62301973494e+00
-3.62528550774e+00
-3.62166958065e+00
-3.62336923282e+00
-3.62424645177e+00
-3.62339112478e+00
-3.62463032468e+00
-3.62505385010e+00
-3.62645443029e+00
-3.62430038325e+00
-3.62546860876e+00
-3.62066428438e+00
-3.62255318782e+00
-3.62508785477e+00
-3.62483701586e+00
-3.62553175562e+00
-3.62349560715e+00
-3.62606210624e+00
-3.62539379570e+00
-3.62572049621e+00
-3.62736354320e+00
-3.62710253974e+00
-3.62483262548e+00
-3.62299090687e+00
-3.62485840122e+00
-3.62414124431e+00
-3.62477258363e+00
-3.62608847153e+00
-3.62618599421e+00
-3.62458105696e+00
-3.62575346192e+00
-3.62557966289e+00
-3.62364612946e+00
-3.62388383717e+00
-3.62454435906e+00
-3.62663480585e+00
-3.62385108963e+00
-3.62587310136e+00
-3.62485503139e+00
-3.62696554821e+00
-3.62463670409e+00
-3.62519036499e+00
-3.62467852324e+00
-3.62541329554e+00
-3.62620874097e+00
-3.62696500310e+00
-3.62370587877e+00
-3.62405373957e+00
-3.62672159895e+00
-3.62622303460e+00
-3.62465685737e+00
-3.62287165737e+00
-3.62608692441e+00
-3.62462388746e+00
-3.62560771940e+00
-3.62497546454e+00
-3.62720575516e+00
-3.62655100938e+00
-3.62530951436e+00
-3.62422385212e+00
-3.62507532981e+00
-3.62505514096e+00
-3.62302696370e+00
-3.62526994456e+00
-3.62478311634e+00
-3.62515989678e+00
-3.62482880226e+00
-3.62407118051e+00
-3.62421816770e+00
-3.62547051670e+00
-3.62370577984e+00
-3.62401009325e+00
-3.62613062831e+00
-3.62498281707e+00
-3.62618746477e+00
-3.62585234652e+00
-3.62425995016e+00
-3.62471125040e+00
-3.62382575004e+00
-3.62749589446e+00
-3.62442285895e+00
-3.62404555519e+00
-3.62413996377e+00
-3.62560944202e+00
-3.62807507477e+00
-3.62611345212e+00
-3.62642576031e+00
-3.62461446935e+00
-3.62645117185e+00
-3.62320819453e+00
-3.62676826422e+00
-3.62542869900e+00
-3.62413312489e+00
-3.62732474297e+00
-3.62472058056e+00
-3.62598393588e+00
-3.62616327044e+00
-3.62611063070e+00
-3.62355382829e+00
-3.62567369037e+00
-3.62719294849e+00
-3.62428297248e+00
-3.62504810044e+00
-3.62667539150e+00
-3.62492733337e+00
-3.62425810231e+00
-3.62700055302e+00
-3.62580247901e+00
-3.62648688327e+00
-3.62634022835e+00
-3.62443020679e+00
-3.62687107381e+00
-3.62525168581e+00
-3.62493310082e+00
-3.62523230707e+00
-3.62672620767e+00
-3.62635833778e+00
-3.62729831627e+00
-3.62593783234e+00
-3.62384097127e+00
-3.62356862747e+00
-3.62453509607e+00
-3.62678892661e+00
-3.62578430181e+00
-3.62320954952e+00
-3.62473217652e+00
-3.62417866715e+00
-3.62830631980e+00
-3.62382948195e+00
-3.62658152164e+00
-3.62524948318e+00
-3.62444597027e+00
-3.62424818340e+00
-3.62644728256e+00
-3.62463844108e+00
-3.62600194330e+00
-3.62553703323e+00
-3.62458078708e+00
-3.62629952617e+00
-3.62526166357e+00
-3.62389252993e+00
-3.62503923236e+00
-3.62409626447e+00
-3.62364475059e+00
-3.62480020634e+00
-3.62448480036e+00
-3.62548889643e+00
-3.62355045273e+00
-3.62171860620e+00
-3.62601861226e+00
-3.62238381548e+00
-3.62457621357e+00
-3.62643503611e+00
-3.62554342975e+00
-3.62377002393e+00
-3.62632207516e+00
-3.62811711596e+00
-3.62514251913e+00
-3.62326098618e+00
-3.62577225987e+00
-3.62318246382e+00
-3.62587532045e+00
-3.62636201612e+00
-3.62596280954e+00
-3.62620684397e+00
-3.62290739318e+00
-3.62507675861e+00
-3.62519868913e+00