-1.46535063431e+01
-1.46400438713e+01
-1.46228119296e+01
-1.46699717576e+01
-1.45977230621e+01
-1.46323523130e+01
-1.46124706802e+01
-1.46116678824e+01
-1.46490692390e+01
-1.46658434604e+01
-1.46306417575e+01
-1.46451751498e+01
-1.46777026390e+01
-1.46473510384e+01
-1.46349817947e+01
-1.46534783719e+01
-1.46080537639e+01
-1.46254660462e+01
-1.46394643278e+01
-1.46383308996e+01
-1.46799295524e+01
-1.46588652590e+01
-1.46509444245e+01
-1.46035166582e+01
-1.46828238178e+01
-1.47022083227e+01
-1.47036614923e+01
-1.46047541831e+01
-1.46118463059e+01
-1.46390878232e+01
-1.46757179351e+01
-1.46553243927e+01
-1.46608475968e+01
-1.46314995124e+01
-1.46623322384e+01
-1.46772498413e+01
-1.46918418194e+01
-1.46607578788e+01
-1.46289160274e+01
-1.46637297052e+01
-1.46532002256e+01
-1.46371034526e+01
-1.46362884469e+01
-1.46154958723e+01
-1.46531145981e+01
-1.46372077995e+01
-1.46749768044e+01
-1.46416013075e+01
-1.46125629295e+01
-1.46665016573e+01
-1.46506439314e+01
-1.46767043716e+01
-1.46397679058e+01
-1.46278843870e+01
-1.46722868269e+01
-1.46725261645e+01
-1.46517987111e+01
-1.46238280418e+01
-1.46659204929e+01
-1.46781651501e+01
-1.46716970964e+01
-1.46650346216e+01
-1.46375453027e+01
-1.46368145895e+01
-1.46836696898e+01
-1.46061675535e+01
-1.46372836672e+01
-1.46337206460e+01
-1.46481825901e+01
-1.46076798597e+01
-1.46309472530e+01
-1.46531781046e+01
-1.46459464796e+01
-1.46531072484e+01
-1.46647966474e+01
-1.46288610669e+01
-1.46604963042e+01
-1.46115686229e+01
-1.46479515256e+01
-1.46276434816e+01
-1.46253425284e+01
-1.46328878423e+01
-1.46168687688e+01
-1.46443960878e+01
-1.46451836280e+01
-1.46382392406e+01
-1.46461016712e+01
-1.46464603510e+01
-1.46811000749e+01
-1.46629450754e+01
-1.46301497800e+01
-1.46541146073e+01
-1.46439306801e+01
-1.46431812858e+01
-1.46876095772e+01
-1.46295201203e+01
-1.46362264283e+01
-1.46308948436e+01
-1.46243169276e+01
-1.46349352263e+01
-1.46437396101e+01
-1.46883575532e+01
-1.46369165871e+01
-1.46415548223e+01
-1.46226526179e+01
-1.46299986206e+01
-1.46629858352e+01
-1.46317933562e+01
-1.46502850379e+01
-1.46564227649e+01
-1.46499012330e+01
-1.46722806987e+01
-1.46203051841e+01
-1.46404272033e+01
-1.46222693448e+01
-1.46693057462e+01
-1.46725057747e+01
-1.46699977966e+01
-1.46811906641e+01
-1.46615509412e+01
-1.46322953691e+01
-1.46396621691e+01
-1.46734512475e+01
-1.46553538797e+01
-1.46336255467e+01
-1.46297311910e+01
-1.46534600660e+01
-1.46685004208e+01
-1.46158076574e+01
-1.46461549658e+01
-1.46351072212e+01
-1.46416322594e+01
-1.46305018814e+01
-1.46357333754e+01
-1.46323969467e+01
-1.46394864354e+01
-1.46640607231e+01
-1.46344675115e+01
-1.46127637027e+01
-1.46230042136e+01
-1.46415766731e+01
-1.46167057997e+01
-1.46774864188e+01
-1.46286186164e+01
-1.46071992810e+01
-1.46403071737e+01
-1.46368211104e+01
-1.46645157625e+01
-1.46618520026e+01
-1.46561897499e+01
-1.46439552275e+01
-1.46480354835e+01
-1.46426913861e+01
-1.46369840654e+01
-1.46152017508e+01
-1.46400681440e+01
-1.46554923608e+01
-1.46585063024e+01
-1.46425996391e+01
-1.46196781564e+01
-1.46536388854e+01
-1.46341286580e+01
-1.46648492725e+01
-1.46495445863e+01
-1.46645539765e+01
-1.46538511974e+01
-1.46205548656e+01
-1.46680774882e+01
-1.46393968768e+01
-1.46396406930e+01
-1.46358403373e+01
-1.46142173239e+01
-1.46502658087e+01
-1.46720528811e+01
-1.46778126023e+01
-1.46521141898e+01
-1.46533819214e+01
-1.46593546646e+01
-1.46657816643e+01
-1.46569232549e+01
-1.46695331579e+01
-1.46510091056e+01
-1.46334719607e+01
-1.46428524951e+01
-1.46951321793e+01
-1.46712065916e+01
-1.45744450897e+01
-1.46281010244e+01
-1.46561247666e+01
-1.46414639263e+01
-1.46508823454e+01
-1.46001061325e+01
-1.46678984366e+01
-1.46106338133e+01
-1.46091904060e+01
-1.46307987601e+01
-1.46292013792e+01
-1.46650409896e+01
-1.46668580352e+01
-1.46435497861e+01
-1.46300063379e+01
-1.46209610914e+01
-1.46797318842e+01
-1.46589178969e+01
-1.46866775361e+01
-1.45946617902e+01
-1.46425063804e+01
-1.46403154287e+01
-1.46150232757e+01
-1.46307879997e+01
-1.46705404483e+01
-1.46744834638e+01
-1.46396050426e+01
-1.46448951123e+01
-1.46568329022e+01
-1.46709603032e+01
-1.46104519369e+01
-1.46614516979e+01
-1.46658449132e+01
-1.46399082468e+01
-1.46491121852e+01
-1.46578483924e+01
-1.46628354200e+01
-1.46159493205e+01
-1.46391966601e+01
-1.46475623412e+01
-1.46476477662e+01
-1.46671028204e+01
-1.46535586245e+01
-1.46628262572e+01
-1.46111917776e+01
-1.46671236765e+01
-1.46291838493e+01
-1.47020566089e+01
-1.46432250656e+01
-1.46430892531e+01
-1.46574695002e+01
-1.46641083500e+01
-1.46832805508e+01
-1.46778935654e+01
-1.46582724446e+01
-1.46753041695e+01
-1.46573737208e+01
-1.46841250623e+01
-1.46504215475e+01
-1.45974095073e+01
-1.46620039080e+01
-1.46395602693e+01
-1.46855352297e+01
-1.46750964222e+01
-1.46622351650e+01
-1.46434475463e+01
-1.46351079932e+01
-1.46740945837e+01
-1.46870358008e+01
-1.46524686541e+01
-1.46410995298e+01
-1.46529487118e+01
-1.46523736113e+01
-1.46502389309e+01
-1.46497098283e+01
-1.46467163821e+01
-1.46790850129e+01
-1.46520690844e+01
-1.46585145312e+01
-1.46375872294e+01
-1.46479828694e+01
-1.46406426250e+01
-1.46756861314e+01
-1.46427185108e+01
-1.46172040257e+01
-1.46492793447e+01
-1.46295862239e+01
-1.46502082310e+01
-1.46282575385e+01
-1.46645727392e+01
-1.46356887775e+01
-1.46424581940e+01
-1.46554071914e+01
-1.46712780005e+01
-1.46313391303e+01
-1.46427671206e+01
-1.46427624073e+01
-1.46257053998e+01
-1.46614596139e+01
-1.46716604170e+01
-1.46851347430e+01
-1.46285537057e+01
-1.46780362192e+01
-1.46392756219e+01
-1.46588376340e+01
-1.46432395838e+01
-1.46552938923e+01
-1.46666520735e+01
-1.46286426228e+01
-1.46279770548e+01
-1.46332604166e+01
-1.46206714202e+01
-1.46800718274e+01
-1.46615284444e+01
-1.46517696530e+01
-1.46347608713e+01
-1.46478303431e+01
-1.46519674024e+01
-1.45969485792e+01
-1.46467236470e+01
-1.46580504848e+01
-1.46658035923e+01
-1.46848487915e+01
-1.46295198342e+01
-1.46414058187e+01
-1.46769195455e+01
-1.46514295018e+01
-1.46316922673e+01
-1.46424920998e+01
-1.46312073465e+01
-1.46160668797e+01
-1.46599666967e+01
-1.46459860815e+01
-1.46354589136e+01
-1.46543201616e+01
-1.46282879605e+01
-1.45887200525e+01
-1.46263743894e+01
-1.46653206774e+01
-1.46473034343e+01
-1.46253178910e+01
-1.46906276331e+01
-1.46623782718e+01
-1.46453149750e+01
-1.46313668636e+01
-1.46597989941e+01
-1.46700431496e+01
-1.46669071173e+01
-1.46100620963e+01
-1.46186673352e+01
-1.46286895389e+01
-1.46499556238e+01
-1.46148819789e+01
-1.46487489513e+01
-1.46024170501e+01
-1.46549585572e+01
-1.46420437133e+01
-1.46546484223e+01
-1.46385728983e+01
-1.46694313051e+01
-1.46548014007e+01
-1.46623777027e+01
-1.46717943674e+01
-1.46655460376e+01
-1.46482969380e+01
-1.46501096189e+01
-1.46325761568e+01
-1.46880746886e+01
-1.46563851971e+01
-1.46470818302e+01
-1.46280771159e+01
-1.46687820093e+01
-1.46807725741e+01
-1.46460041513e+01
-1.46401449612e+01
-1.46357856845e+01
-1.46782864989e+01
-1.46314245331e+01
-1.46690486107e+01
-1.46515029259e+01
-1.46350448944e+01
-1.46770572964e+01
-1.46469788945e+01
-1.46460717462e+01
-1.46359772503e+01
-1.46590302425e+01
-1.46101496811e+01
-1.46660084795e+01
-1.46613589242e+01
-1.46309558229e+01
-1.46365780718e+01
-1.46263860566e+01
-1.46268492825e+01
-1.46182076113e+01
-1.46503847554e+01
-1.46185427591e+01
-1.46405511089e+01
-1.46449249080e+01
-1.46675727460e+01
-1.46355200045e+01
-1.46413198670e+01
-1.46706872680e+01
-1.46785133697e+01
-1.46680983368e+01
-1.46564387731e+01
-1.46746165740e+01
-1.46580654368e+01
-1.46638095220e+01
-1.46498323982e+01
-1.46466683252e+01
-1.46803815008e+01
-1.46450774506e+01
-1.46103345153e+01
-1.46840245084e+01
-1.46607954223e+01
-1.46292191775e+01
-1.46088737663e+01
-1.46213482367e+01
-1.46300923043e+01
-1.46659068689e+01
-1.46504448901e+01
-1.46808933678e+01
-1.46706006794e+01
-1.46482348031e+01
-1.46481978139e+01
-1.46445961477e+01
-1.46570337429e+01
-1.46050854080e+01
-1.46397250511e+01
-1.46484647358e+01
-1.46607812887e+01
-1.46119618024e+01
-1.46703749098e+01
-1.46444882243e+01
-1.46734837162e+01
-1.46393768206e+01
-1.46435316239e+01
-1.46119541497e+01
-1.46736781353e+01
-1.46877423851e+01
-1.46569931896e+01
-1.46675207623e+01
-1.46503961435e+01
-1.46439903905e+01
-1.46632613977e+01
-1.46664336043e+01
-1.46199494484e+01
-1.46586000525e+01
-1.46430556005e+01
-1.46550288101e+01
-1.46635258312e+01
-1.46018426248e+01
-1.46414849539e+01
-1.46664168483e+01
-1.46410616059e+01
-1.46600413550e+01
-1.46645740380e+01
-1.46268073622e+01
-1.46713732847e+01
-1.46551683885e+01
-1.46212959829e+01
-1.46342703636e+01
-1.46037560344e+01
-1.46417986347e+01
-1.46131015064e+01
-1.46344284000e+01
-1.46677865932e+01
-1.46279132528e+01
-1.46522018107e+01
-1.46705310489e+01
-1.46487657513e+01
-1.46267801707e+01
-1.46848117917e+01
-1.46100482550e+01
-1.46194485398e+01
-1.46586119322e+01
-1.46664784701e+01
-1.46605580871e+01
-1.46060476089e+01
-1.46536551175e+01
-1.46730309379e+01
-1.46566105839e+01
-1.46887576706e+01
-1.46552835604e+01
-1.46457766387e+01
-1.46577915330e+01
-1.46341361157e+01
-1.46800455059e+01
-1.46437964158e+01
-1.46265315290e+01
-1.46244584995e+01
-1.46359369983e+01
-1.46698945612e+01
-1.46096211506e+01
-1.46845717233e+01
-1.46738652079e+01
-1.46758026942e+01
-1.46623302093e+01
-1.46346113095e+01
-1.46432677760e+01
-1.46833612637e+01
-1.46603372072e+01
-1.46565125480e+01
-1.46056353463e+01
-1.46469229573e+01
-1.46194183521e+01
-1.46211196317e+01
-1.47030907330e+01
-1.46776227844e+01
-1.46533275303e+01
-1.46202834636e+01
-1.46482400151e+01
-1.46239410400e+01
-1.46409095784e+01
-1.46463017376e+01