5.59510233020e+03
5.47429802527e+03
5.70318620389e+03
5.59332623032e+03
5.59044725315e+03
5.64593671498e+03
5.63045756037e+03
5.60144877095e+03
5.66748849023e+03
5.86628904976e+03
5.70253883603e+03
5.80675367486e+03
5.67822559052e+03
5.60909820556e+03
5.86463765778e+03
5.69043510450e+03
5.57179522087e+03
5.69963112181e+03
5.86595722935e+03
5.91548489684e+03
5.94124620634e+03
5.67829432274e+03
5.52971007815e+03
5.66922443057e+03
5.85720843372e+03
5.90387364588e+03
5.63273143777e+03
5.69184794192e+03
5.73119341484e+03
5.74529952373e+03
5.79744387722e+03
5.78203114539e+03
5.56941103400e+03
5.62503910012e+03
5.94109464227e+03
5.85799971383e+03
5.71453196262e+03
5.89463736592e+03
5.56486179066e+03
5.64315164068e+03
5.69263361658e+03
5.67432365813e+03
5.75230276223e+03
5.75861767753e+03
5.57766793685e+03
5.65751671802e+03
5.79589511038e+03
5.70275016700e+03
5.72125670191e+03
5.69138917795e+03
5.44267353431e+03
5.61517513295e+03
5.70851084366e+03
5.65597010104e+03
5.85231162709e+03
5.64405288549e+03
5.64491987633e+03
5.55970264892e+03
5.87239788451e+03
5.74969860162e+03
5.75994477795e+03
5.72587076943e+03
5.76531072272e+03
5.82972603410e+03
5.71211258997e+03
5.56452133837e+03
5.62395930445e+03
5.78514342759e+03
5.82937189591e+03
5.65755045536e+03
5.95115600604e+03
5.58181923196e+03
5.62747674451e+03
5.67116260168e+03
5.74881782132e+03
5.59696819728e+03
5.89408516837e+03
5.67572117230e+03
5.80379393939e+03
5.77683332338e+03
5.75209607646e+03
5.70419828914e+03
5.71995507630e+03
5.64978248455e+03
5.77398365646e+03
5.84222928727e+03
5.55411127007e+03
5.61729684584e+03
5.75276975287e+03
5.70387605879e+03
5.73383846892e+03
5.77041821459e+03
5.73916466800e+03
5.78820719529e+03
5.66730052865e+03
5.67488423442e+03
5.74145640954e+03
5.73711658983e+03
5.85830635876e+03
5.60771734373e+03
5.84004126784e+03
5.61855251313e+03
5.58990592427e+03
5.70083201275e+03
5.66882754674e+03
5.80367456816e+03
5.71364477690e+03
5.86448896846e+03
5.67217261827e+03
5.66586990025e+03
5.68614522917e+03
5.85654691796e+03
5.74352807063e+03
5.57053386257e+03
5.72603236589e+03
5.80869423328e+03
5.60547215521e+03
5.78120780164e+03
5.75709714108e+03
5.67795457191e+03
5.59928843475e+03
5.69336898535e+03
5.75542500783e+03
5.69966122920e+03
5.69782150654e+03
5.78204580399e+03
5.78296092226e+03
5.59921100558e+03
5.73583086616e+03
5.65377917091e+03
5.79278673309e+03
5.64277849480e+03
5.61701935880e+03
5.70279116842e+03
5.59574394444e+03
5.65836683915e+03
5.72361037834e+03
5.71938726763e+03
5.66131627007e+03
5.65039918003e+03
5.53587713319e+03
5.56677157395e+03
5.69915396189e+03
5.74520983188e+03
5.64054005097e+03
5.75177741637e+03
5.60848001969e+03
5.79089470350e+03
5.76136828227e+03
5.85440615081e+03
5.79161101379e+03
5.72908025450e+03
5.88600322819e+03
5.90121091764e+03
5.77842291298e+03
5.71996685980e+03
5.61720101246e+03
5.61338025699e+03
5.69229599686e+03
5.56407581032e+03
5.71978278075e+03
5.75542682969e+03
5.73108125653e+03
5.68695147806e+03
5.71307837512e+03
5.78306214586e+03
5.80571888342e+03
5.80175562030e+03
5.67192424285e+03
5.74700245035e+03
5.85548125765e+03
5.67614227073e+03
5.72869281515e+03
5.63922203991e+03
5.76439129490e+03
5.67521506419e+03
5.71671171738e+03
5.67064378185e+03
5.68645874508e+03
5.71854770027e+03
5.78749371755e+03
5.62122564636e+03
5.90732338413e+03
5.79090611748e+03
5.67567543005e+03
5.70474720930e+03
5.61696437044e+03
5.84730744172e+03
5.64127501461e+03
5.70182265843e+03
5.69788197036e+03
5.77460564303e+03
5.73359236980e+03
5.92976596353e+03
5.50643974237e+03
5.71276522382e+03
5.69068464194e+03
5.68083741032e+03
5.73621075193e+03
5.71548342062e+03
5.64830391452e+03
5.62893696057e+03
5.56420653607e+03
5.68344999927e+03
5.65723204203e+03
5.56115996644e+03
5.60598317028e+03
5.77500572469e+03
5.59882755238e+03
5.69522366230e+03
5.81483831680e+03
5.74253424987e+03
5.68258920943e+03
5.76260665930e+03
5.68282349538e+03
5.67122627826e+03
5.77319396482e+03
5.72665126504e+03
5.75965615904e+03
5.67024246303e+03
5.65011706326e+03
5.78166106405e+03
5.86913823318e+03
5.75921252490e+03
5.78478890179e+03
5.67538178027e+03
5.75604499666e+03
5.72034478883e+03
5.71242606435e+03
5.83039493492e+03
5.65064609097e+03
5.70189344727e+03
5.62611418753e+03
5.78760295491e+03
5.57239254046e+03
5.69728291341e+03
5.79091359762e+03
5.79261390679e+03
5.70895147510e+03
5.64133910657e+03
5.90948295381e+03
5.78075183139e+03
5.74811527938e+03
5.79233567161e+03
5.69570520310e+03
5.66725310563e+03
5.77108594689e+03
5.76605281012e+03
5.96926777853e+03
5.93062667611e+03
5.72692014004e+03
5.64570887520e+03
5.74240025776e+03
5.58668594131e+03
5.70976081668e+03
5.74050886945e+03
5.58057182094e+03
5.61404037313e+03
5.66652496106e+03
5.67171917293e+03
5.69873199781e+03
5.76866824671e+03
5.67645619602e+03
5.75580108286e+03
5.73435553257e+03
5.92328435333e+03
5.84856909091e+03
5.67926079578e+03
5.74295400157e+03
5.81282790465e+03
5.74678035469e+03
5.66066598350e+03
5.56205914378e+03
5.65905328513e+03
5.66963279987e+03
5.62914760905e+03
5.69177573049e+03
5.63801297998e+03
5.76058195542e+03
5.73568725985e+03
5.72405005204e+03
5.70570938312e+03
5.72744205969e+03
5.80736955361e+03
5.75029559541e+03
5.73815963860e+03
5.80384447764e+03
5.66183331893e+03
5.77995920613e+03
5.90581141078e+03
5.87897821793e+03
5.69578038550e+03
5.72976263908e+03
5.72845155478e+03
5.73261709480e+03
5.56074526829e+03
5.79430742253e+03
5.62342814063e+03
5.68618591229e+03
5.66534814069e+03
5.73885142781e+03
5.78442800489e+03
5.77748247058e+03
5.65922516681e+03
5.70691014810e+03
5.60100085479e+03
5.66944391188e+03
5.87499552177e+03
5.84481178926e+03
5.75220202646e+03
5.71863728167e+03
5.75609843012e+03
5.64659223454e+03
5.73748164439e+03
5.80905122977e+03
5.68423039582e+03
5.89269462216e+03
5.64531409108e+03
5.83017707550e+03
5.75629745090e+03
5.61930358784e+03
5.74866420460e+03
5.72624703067e+03
5.54657578329e+03
5.76895074120e+03
5.67714788050e+03
5.58713783852e+03
5.66925440331e+03
5.80067946544e+03
5.83822782545e+03
5.79717270551e+03
5.79034498080e+03
5.60087967699e+03
5.83422069292e+03
5.61067670328e+03
5.63104824837e+03
5.50132804398e+03
5.80219719549e+03
5.71940437002e+03
5.70221775562e+03
5.64351539646e+03
5.62408433454e+03
5.67060102666e+03
5.72190373904e+03
5.68950420735e+03
5.65450259058e+03
5.68659867543e+03
5.94671826052e+03
5.80543184933e+03
5.79656353372e+03
5.61060398752e+03
5.72415265563e+03
5.76798063679e+03
5.62753219858e+03
5.67391069619e+03
5.93471226986e+03
5.59416292009e+03
5.83738204326e+03
5.87296679009e+03
5.74356498262e+03
5.81123220454e+03
5.72140252752e+03
5.70770229134e+03
5.76097822289e+03
5.64868358617e+03
5.62539971957e+03
5.72391247463e+03
5.82508790011e+03
5.65004302908e+03
5.71684361483e+03
5.72525611578e+03
5.83300221064e+03
5.71755995428e+03
5.75614692764e+03
5.69922774088e+03
5.61275381650e+03
5.90522620323e+03
5.80489650391e+03
5.77651651217e+03
5.71973016033e+03
5.88139128439e+03
5.84847341291e+03
5.92148567108e+03
5.82065748932e+03
5.63055515427e+03
5.68799647845e+03
5.76912690284e+03
5.75673536235e+03
5.87848501840e+03
5.89462920105e+03
5.64437554440e+03
5.79607732776e+03
5.67280436696e+03
5.64948933859e+03
5.72220511729e+03
5.63240393074e+03
5.84238461260e+03
5.79897095619e+03
5.54615613635e+03
5.60913903311e+03
5.74833700456e+03
5.68336989949e+03
5.74705514746e+03
5.52200125347e+03
5.60029075050e+03
5.76856632258e+03
5.69507208876e+03
5.60902105108e+03
5.73848656587e+03
5.73650123406e+03
5.74901399535e+03
5.50443717480e+03
5.74074152126e+03
5.83904793580e+03
6.01471965246e+03
5.70213837020e+03
5.67137424529e+03
5.67290298070e+03
5.78510343942e+03
5.46336581926e+03
5.50164521451e+03
5.64107551357e+03
5.70562894838e+03
5.67578262223e+03
5.78239940593e+03
5.83066560763e+03
5.93676621917e+03
5.85196877184e+03
5.82753683639e+03
5.76099132780e+03
5.70757583212e+03
5.68732219808e+03
5.77234988637e+03
5.71054306679e+03
5.63683144520e+03
5.82234541537e+03
5.87631696501e+03
5.46304300648e+03
5.70967992906e+03
5.64836137899e+03
5.56017201203e+03
5.85983510159e+03
5.58952163312e+03
5.54044504045e+03
5.81793550117e+03
5.47424412863e+03
5.55773750730e+03
5.74459773457e+03
5.64135344961e+03
5.70975258247e+03
5.65209974284e+03
5.67203151977e+03
5.73815361235e+03
5.63656636467e+03
5.84156416505e+03
5.65334510015e+03
5.72533627937e+03
5.59697284016e+03
5.72182972050e+03
5.72353899541e+03
5.93000814946e+03
5.75413906184e+03
5.67793939090e+03
5.76818262394e+03
5.67279420755e+03
5.71135365985e+03
5.71992794162e+03
5.83078960835e+03
5.68862855681e+03
5.82399643794e+03
5.62491918625e+03
5.58554580138e+03
5.80772987991e+03
5.70812367754e+03
5.75143891122e+03
5.63250888300e+03
5.73833481056e+03
5.66313184473e+03
5.70099635065e+03
5.70718557982e+03
5.64258979785e+03
5.72364592705e+03
5.71515332999e+03
5.88267209268e+03
5.75158941362e+03
5.70128558425e+03
5.64580367325e+03
5.67148227624e+03
5.80007096943e+03
5.71427569879e+03
5.64668068056e+03
5.55440032127e+03
5.59579110158e+03
5.71676225457e+03
5.77298350134e+03
5.87453375985e+03
5.56835050347e+03
5.73229339017e+03
5.71871341710e+03
5.83421652043e+03
5.71648947331e+03