-4.96473968858e+00
-4.96135235958e+00
-4.96160621743e+00
-4.96739007261e+00
-4.96443601491e+00
-4.96263631902e+00
-4.96175716925e+00
-4.96453752215e+00
-4.96614206117e+00
-4.96809414734e+00
-4.96239167721e+00
-4.96327225167e+00
-4.96567236864e+00
-4.96382201690e+00
-4.96112034360e+00
-4.96365381695e+00
-4.96484036385e+00
-4.96248365424e+00
-4.96572820625e+00
-4.96454950945e+00
-4.96843827643e+00
-4.96697328003e+00
-4.96473276148e+00
-4.96458519270e+00
-4.96746227232e+00
-4.96355613085e+00
-4.96574610789e+00
-4.96561900667e+00
-4.96177730948e+00
-4.96526242225e+00
-4.96545662397e+00
-4.96354103534e+00
-4.96177610343e+00
-4.96207167072e+00
-4.96677372762e+00
-4.96565974604e+00
-4.96396269786e+00
-4.96641392746e+00
-4.95808905995e+00
-4.95850051677e+00
-4.96577067290e+00
-4.96436613187e+00
-4.96442330390e+00
-4.96377614627e+00
-4.96629461178e+00
-4.96865498738e+00
-4.96737523237e+00
-4.96465292590e+00
-4.96252868083e+00
-4.96188036814e+00
-4.95918388100e+00
-4.96481145091e+00
-4.96367724782e+00
-4.96292451775e+00
-4.96497444760e+00
-4.96600933489e+00
-4.96244168834e+00
-4.96245306536e+00
-4.96514144435e+00
-4.96483376721e+00
-4.96217398444e+00
-4.96483322851e+00
-4.95953675497e+00
-4.96424373956e+00
-4.96389874492e+00
-4.96114460014e+00
-4.96586439547e+00
-4.96382425427e+00
-4.96751718727e+00
-4.96091018394e+00
-4.96558004069e+00
-4.96542589253e+00
-4.96870705523e+00
-4.96748981484e+00
-4.96581036751e+00
-4.96068574296e+00
-4.96254837620e+00
-4.96296658172e+00
-4.96146759394e+00
-4.96441075623e+00
-4.96513693384e+00
-4.96618703495e+00
-4.96402374088e+00
-4.96148538091e+00
-4.96672031061e+00
-4.96342308851e+00
-4.96127502244e+00
-4.96323029188e+00
-4.96366825634e+00
-4.96547077620e+00
-4.96553864798e+00
-4.96254104893e+00
-4.96295242375e+00
-4.96097680370e+00
-4.96433702969e+00
-4.96344614135e+00
-4.96360159322e+00
-4.96391263459e+00
-4.96959118277e+00
-4.95974989139e+00
-4.96655776407e+00
-4.96224470713e+00
-4.96586117052e+00
-4.96595600587e+00
-4.96070138716e+00
-4.96171343343e+00
-4.96833878015e+00
-4.96628405732e+00
-4.96009572230e+00
-4.96413650455e+00
-4.96008102750e+00
-4.96454773432e+00
-4.96693991956e+00
-4.96212349043e+00
-4.96331927886e+00
-4.96394403054e+00
-4.96579154045e+00
-4.96644975850e+00
-4.96325506511e+00
-4.96421548745e+00
-4.96605735610e+00
-4.96480915221e+00
-4.96452752451e+00
-4.96858384718e+00
-4.95906972516e+00
-4.96414396331e+00
-4.96626819564e+00
-4.96412842992e+00
-4.96390135964e+00
-4.96108415240e+00
-4.96296590958e+00
-4.96320132414e+00
-4.96270043886e+00
-4.96672422308e+00
-4.96419423996e+00
-4.96205622338e+00
-4.96287055934e+00
-4.96003771253e+00
-4.96540151260e+00
-4.96087087000e+00
-4.96422950868e+00
-4.96020264986e+00
-4.96512660080e+00
-4.96597851622e+00
-4.96082415141e+00
-4.96531809742e+00
-4.96417163322e+00
-4.96782926724e+00
-4.96688070520e+00
-4.96370174934e+00
-4.96646822476e+00
-4.96337108842e+00
-4.96578032160e+00
-4.96370961965e+00
-4.96597915332e+00
-4.96513286697e+00
-4.96405520436e+00
-4.96268570651e+00
-4.96430866091e+00
-4.96347187448e+00
-4.96632588918e+00
-4.96547650661e+00
-4.96336294348e+00
-4.96895748968e+00
-4.96389129614e+00
-4.96300308783e+00
-4.96621957013e+00
-4.96243821218e+00
-4.95899753722e+00
-4.96621817267e+00
-4.96428802606e+00
-4.96319434868e+00
-4.96196728710e+00
-4.96381375742e+00
-4.96309484746e+00
-4.96484824975e+00
-4.96485620932e+00
-4.96580487498e+00
-4.96470833338e+00
-4.96328106893e+00
-4.96558898624e+00
-4.96455456687e+00
-4.96503801829e+00
-4.96406252576e+00
-4.96510628351e+00
-4.96250469639e+00
-4.96108980802e+00
-4.96298368019e+00
-4.96192317358e+00
-4.96154835265e+00
-4.96127516356e+00
-4.95938315474e+00
-4.96425347004e+00
-4.96447570856e+00
-4.96483351893e+00
-4.95933584180e+00
-4.96331055688e+00
-4.96349169236e+00
-4.96470678953e+00
-4.96518505441e+00
-4.96369591750e+00
-4.96217180701e+00
-4.96209914002e+00
-4.96312564192e+00
-4.96789738911e+00
-4.95972304488e+00
-4.96325009647e+00
-4.96645331141e+00
-4.96064500066e+00
-4.96382928104e+00
-4.96547259975e+00
-4.96255113850e+00
-4.96303063474e+00
-4.96253626888e+00
-4.96698727907e+00
-4.96657478944e+00
-4.96380379949e+00
-4.96547628154e+00
-4.96544498911e+00
-4.96400178624e+00
-4.96599999435e+00
-4.96463255282e+00
-4.96351531745e+00
-4.96112544982e+00
-4.96368605652e+00
-4.96329889569e+00
-4.96041231957e+00
-4.96355455021e+00
-4.96441363929e+00
-4.96607539399e+00
-4.96067739998e+00
-4.96113281284e+00
-4.96644843324e+00
-4.96608615063e+00
-4.96338304522e+00
-4.96200550412e+00
-4.96316028186e+00
-4.96463423120e+00
-4.96637371326e+00
-4.96264035330e+00
-4.96458472857e+00
-4.96554384490e+00
-4.96116601815e+00
-4.96504493171e+00
-4.96733827742e+00
-4.96557734884e+00
-4.96543281949e+00
-4.96382809276e+00
-4.96613768936e+00
-4.96736778076e+00
-4.96681059313e+00
-4.96163663454e+00
-4.96429905357e+00
-4.96451279498e+00
-4.96437966317e+00
-4.96598799138e+00
-4.96655057931e+00
-4.96171325187e+00
-4.96662615721e+00
-4.96823657016e+00
-4.97053963348e+00
-4.96458490887e+00
-4.96490544736e+00
-4.96896344085e+00
-4.96019621190e+00
-4.96268184743e+00
-4.95935167404e+00
-4.96390975734e+00
-4.96222186466e+00
-4.96350739239e+00
-4.96032651300e+00
-4.96181368770e+00
-4.96011273108e+00
-4.96658204235e+00
-4.96085440767e+00
-4.96248854895e+00
-4.96408830735e+00
-4.96528159396e+00
-4.96610860907e+00
-4.96573557517e+00
-4.96658215878e+00
-4.96528131468e+00
-4.96436694180e+00
-4.96433581139e+00
-4.96777308581e+00
-4.96875498441e+00
-4.96422724960e+00
-4.96466282421e+00
-4.96521338483e+00
-4.96427731607e+00
-4.96302441848e+00
-4.96599155769e+00
-4.96296730389e+00
-4.96326246883e+00
-4.96136863039e+00
-4.96090110352e+00
-4.96040627898e+00
-4.96427408033e+00
-4.96645491409e+00
-4.96843174838e+00
-4.96497184099e+00
-4.96438447970e+00
-4.96252277170e+00
-4.96671036992e+00
-4.95907388934e+00
-4.96402435507e+00
-4.96201310804e+00
-4.96298935208e+00
-4.96342086513e+00
-4.96648432437e+00
-4.96110172883e+00
-4.96544291993e+00
-4.95972156962e+00
-4.96418435982e+00
-4.96124383914e+00
-4.96314358214e+00
-4.96526079777e+00
-4.96568094833e+00
-4.96332693097e+00
-4.96548014552e+00
-4.96505420689e+00
-4.96073033561e+00
-4.96431906892e+00
-4.96707785750e+00
-4.96786920681e+00
-4.96290450952e+00
-4.96233595659e+00
-4.96497679189e+00
-4.96690403274e+00
-4.96446057682e+00
-4.96409488332e+00
-4.96416334429e+00
-4.96225278406e+00
-4.96428773609e+00
-4.95966686041e+00
-4.96032046644e+00
-4.96270459323e+00
-4.96244372870e+00
-4.96683275585e+00
-4.96391599524e+00
-4.96333716080e+00
-4.96264830341e+00
-4.96401426901e+00
-4.96431430407e+00
-4.96604403386e+00
-4.96492265714e+00
-4.96656367144e+00
-4.96467218700e+00
-4.96428121206e+00
-4.96544781198e+00
-4.96439774930e+00
-4.96518889713e+00
-4.96207473832e+00
-4.96705628671e+00
-4.96604608618e+00
-4.96540980671e+00
-4.96803685071e+00
-4.96563503447e+00
-4.96514653260e+00
-4.96449387520e+00
-4.96358265650e+00
-4.96380870530e+00
-4.96518538336e+00
-4.96278178505e+00
-4.96568032319e+00
-4.96354911921e+00
-4.96176800496e+00
-4.96462779813e+00
-4.96161889039e+00
-4.96305499435e+00
-4.96380662253e+00
-4.96990780649e+00
-4.96449544545e+00
-4.96414797605e+00
-4.96699030076e+00
-4.96314485552e+00
-4.96634184775e+00
-4.96263964887e+00
-4.96225622075e+00
-4.96063242745e+00
-4.96541593581e+00
-4.96298995367e+00
-4.96160023623e+00
-4.96172795455e+00
-4.96094906816e+00
-4.96258429607e+00
-4.96437760673e+00
-4.96369681782e+00
-4.96530160603e+00
-4.96827094953e+00
-4.96170601087e+00
-4.96220703340e+00
-4.96386693834e+00
-4.96486854837e+00
-4.96747177011e+00
-4.96741834048e+00
-4.96489838657e+00
-4.96490435480e+00
-4.96401059416e+00
-4.96411709693e+00
-4.96104305922e+00
-4.96397101814e+00
-4.96155324700e+00
-4.96080806380e+00
-4.96214517049e+00
-4.96178728351e+00
-4.96384926381e+00
-4.96079229780e+00
-4.96605638089e+00
-4.96109446358e+00
-4.96077217592e+00
-4.95856041045e+00
-4.96330384129e+00
-4.96063664712e+00
-4.95613391492e+00
-4.96532401511e+00
-4.96705093230e+00
-4.96197817166e+00
-4.96304146930e+00
-4.96460284068e+00
-4.96133078154e+00
-4.96221622568e+00
-4.96047237461e+00
-4.96300988275e+00
-4.96367647376e+00
-4.96518720181e+00
-4.96621474589e+00
-4.96493310955e+00
-4.96739450748e+00
-4.96592561586e+00
-4.96363953436e+00
-4.96244815721e+00
-4.96084458035e+00
-4.96392883262e+00
-4.96073829258e+00
-4.96310984003e+00
-4.96460034290e+00
-4.96255295326e+00
-4.96367677101e+00
-4.96182595656e+00
-4.96372172447e+00
-4.96406430942e+00
-4.96712659748e+00
-4.96320731267e+00
-4.96485796020e+00
-4.96873722631e+00
-4.96452387010e+00
-4.96679152993e+00
-4.96408064971e+00
-4.96666134823e+00
-4.96371624932e+00
-4.96385124075e+00
-4.96592861762e+00
-4.96667268425e+00
-4.96632081445e+00
-4.96594773804e+00
-4.96585230826e+00
-4.96319934343e+00
-4.96780097985e+00
-4.96040999001e+00
-4.96502218146e+00
-4.96746547056e+00
-4.96301578731e+00
-4.96581160860e+00
-4.96432166064e+00
-4.96165347115e+00
-4.96466975189e+00
-4.96460779891e+00
-4.96886809715e+00
-4.96358618695e+00
-4.96435484560e+00
-4.96773592730e+00
-4.96219693737e+00
-4.96600106748e+00
-4.96225542463e+00
-4.96583217827e+00
-4.96801142741e+00
-4.96348250543e+00
-4.96264011713e+00
-4.96447263662e+00
-4.96312510888e+00
-4.96581054769e+00
-4.96758786151e+00
-4.96596810459e+00
-4.96101549907e+00
-4.96435062820e+00
-4.96469787760e+00
-4.96857222660e+00
-4.96556356324e+00
-4.96578144146e+00
-4.96374007271e+00
-4.96375235937e+00
-4.96684589718e+00
-4.96704202186e+00
-4.97101718147e+00
-4.96426553871e+00
-4.96437366689e+00
-4.96732920929e+00
-4.96473427189e+00
-4.96092637700e+00
-4.96404518792e+00