7.60616261384e-01
7.63564937982e-01
7.62263725098e-01
7.63550214913e-01
7.62226227566e-01
7.62380586544e-01
7.61756928262e-01
7.60894777554e-01
7.61534448022e-01
7.62689357066e-01
7.62178648083e-01
7.62726335149e-01
7.63552516152e-01
7.60057982106e-01
7.63768427976e-01
7.61834373993e-01
7.61472725475e-01
7.60959911583e-01
7.62017251286e-01
7.61786013059e-01
7.62704673977e-01
7.61803985896e-01
7.60588224862e-01
7.62250950890e-01
7.62713949328e-01
7.61929778394e-01
7.60839233765e-01
7.61580906191e-01
7.61523587595e-01
7.62530589887e-01
7.63196958283e-01
7.61235135581e-01
7.61534551525e-01
7.60696291642e-01
7.63776043869e-01
7.61581615699e-01
7.62998044100e-01
7.64531334113e-01
7.62009663206e-01
7.62775565516e-01
7.63495206076e-01
7.63133976554e-01
7.60913032330e-01
7.61221339975e-01
7.61458859031e-01
7.62025143749e-01
7.61733715432e-01
7.62282252518e-01
7.62270848192e-01
7.63638747679e-01
7.62547985985e-01
7.61439614701e-01
7.62494363720e-01
7.61569088461e-01
7.61886010693e-01
7.61881736776e-01
7.63772051562e-01
7.60391523316e-01
7.61847683576e-01
7.61102653612e-01
7.63599568211e-01
7.63206139229e-01
7.60397225956e-01
7.61095882697e-01
7.60916764186e-01
7.63366236438e-01
7.61994177403e-01
7.61916453967e-01
7.62291652984e-01
7.61384552426e-01
7.61521369736e-01
7.62789827918e-01
7.63040038223e-01
7.62940025693e-01
7.62864452893e-01
7.62982688303e-01
7.61831891760e-01
7.61437409654e-01
7.61827937253e-01
7.64251269949e-01
7.62310950144e-01
7.61892841120e-01
7.61573679695e-01
7.61202941516e-01
7.62213786501e-01
7.62431270499e-01
7.61755655500e-01
7.61458621723e-01
7.63785941625e-01
7.61880431717e-01
7.61020493152e-01
7.62716282949e-01
7.62712490048e-01
7.62006061949e-01
7.61880529266e-01
7.62981166070e-01
7.61959816483e-01
7.61255219972e-01
7.62731286526e-01
7.61973695332e-01
7.61606380244e-01
7.62337311592e-01
7.63011195396e-01
7.61764269053e-01
7.63341645588e-01
7.63526173167e-01
7.63277728142e-01
7.62301805760e-01
7.59476532948e-01
7.63688739636e-01
7.60257210448e-01
7.63607976634e-01
7.62526257683e-01
7.61656119511e-01
7.59104875273e-01
7.63229087934e-01
7.61592774781e-01
7.64310545947e-01
7.62628269295e-01
7.63776617695e-01
7.62139148961e-01
7.61268414187e-01
7.61947322316e-01
7.63153461397e-01
7.60127812443e-01
7.62554003903e-01
7.62453728915e-01
7.65187249205e-01
7.63413948901e-01
7.62646529371e-01
7.63029229209e-01
7.62582571911e-01
7.60841437642e-01
7.61386105036e-01
7.62660279731e-01
7.59989756296e-01
7.61261981396e-01
7.62024680712e-01
7.62471745068e-01
7.63364502656e-01
7.60344437969e-01
7.61326557295e-01
7.64385843530e-01
7.61075907485e-01
7.62925486117e-01
7.61443621807e-01
7.62532042057e-01
7.63047414179e-01
7.63392369748e-01
7.64835130491e-01
7.61058545371e-01
7.61423098396e-01
7.61446355512e-01
7.63089996123e-01
7.62519022318e-01
7.60854205336e-01
7.61652114404e-01
7.60850385163e-01
7.60676061234e-01
7.61412639847e-01
7.61269748524e-01
7.61396720647e-01
7.64895622620e-01
7.63949635730e-01
7.62108885112e-01
7.63781030507e-01
7.61966988483e-01
7.64016889188e-01
7.61789565598e-01
7.62293514228e-01
7.61172536365e-01
7.63947039079e-01
7.63234049121e-01
7.62234634770e-01
7.63246947729e-01
7.61481499993e-01
7.63990069782e-01
7.61578330540e-01
7.62334875051e-01
7.61861471098e-01
7.61861655488e-01
7.61096126137e-01
7.60723653246e-01
7.59914946975e-01
7.63490994274e-01
7.62373920602e-01
7.60490161062e-01
7.61239832037e-01
7.62487885822e-01
7.63967410959e-01
7.59440849745e-01
7.61582221685e-01
7.60206514443e-01
7.62650061131e-01
7.63542170138e-01
7.61161924920e-01
7.61680238577e-01
7.61168325632e-01
7.60762753910e-01
7.62154966837e-01
7.61452577403e-01
7.63358487709e-01
7.63443858844e-01
7.63059599415e-01
7.62308599920e-01
7.62326785736e-01
7.61974499641e-01
7.62511233796e-01
7.62105174107e-01
7.62363595510e-01
7.62270357247e-01
7.62625925037e-01
7.62796122735e-01
7.61480076643e-01
7.61797404818e-01
7.62386893070e-01
7.62296864749e-01
7.62854618549e-01
7.61689219682e-01
7.61474314205e-01
7.62857765532e-01
7.63581247930e-01
7.60997212162e-01
7.60874000717e-01
7.62380075955e-01
7.60966475926e-01
7.61654493098e-01
7.61756604377e-01
7.61115491041e-01
7.60500917610e-01
7.61739223826e-01
7.61372890257e-01
7.63681474089e-01
7.62623155356e-01
7.61864740622e-01
7.61958871842e-01
7.62724504123e-01
7.61226099562e-01
7.64317968121e-01
7.62190722857e-01
7.64899125013e-01
7.62925171464e-01
7.63830556527e-01
7.62381145850e-01
7.61596588239e-01
7.61916067184e-01
7.62072511917e-01
7.61879346471e-01
7.61480016076e-01
7.62704642588e-01
7.62774786331e-01
7.61467390542e-01
7.62082393738e-01
7.63288190066e-01
7.61699767636e-01
7.60752394341e-01
7.61404358814e-01
7.61835690219e-01
7.63067807621e-01
7.63662623833e-01
7.62706117454e-01
7.62040179730e-01
7.63163556884e-01
7.61041619030e-01
7.62071467593e-01
7.59992962338e-01
7.61709625645e-01
7.60673875537e-01
7.62538658825e-01
7.63110680838e-01
7.61519814239e-01
7.63894085139e-01
7.61318587923e-01
7.61446179914e-01
7.62751779479e-01
7.62982614934e-01
7.61668767150e-01
7.60553705740e-01
7.61567750578e-01
7.63472913733e-01
7.61050772511e-01
7.62692746259e-01
7.64253963755e-01
7.61256168171e-01
7.63077570213e-01
7.63827194029e-01
7.62292975654e-01
7.62263474004e-01
7.63431524526e-01
7.62300022014e-01
7.63041939021e-01
7.61712141331e-01
7.62624273274e-01
7.60323213492e-01
7.63422029079e-01
7.62186585482e-01
7.62771818005e-01
7.62093848355e-01
7.63467893335e-01
7.63333162450e-01
7.61778674856e-01
7.61407548777e-01
7.61114148239e-01
7.61520983138e-01
7.60624427773e-01
7.62938115864e-01
7.62213025496e-01
7.61930885122e-01
7.63477212085e-01
7.62110950227e-01
7.63721497184e-01
7.63144720940e-01
7.61349537669e-01
7.62388520994e-01
7.63562259811e-01
7.63361080896e-01
7.61145849834e-01
7.63100667744e-01
7.62799420263e-01
7.62298267625e-01
7.64516507946e-01
7.63461242032e-01
7.60730360047e-01
7.63684483202e-01
7.63317041348e-01
7.61339181162e-01
7.62584802537e-01
7.63234817560e-01
7.61423982523e-01
7.63199332823e-01
7.62932431542e-01
7.61754516122e-01
7.61425196716e-01
7.62089048734e-01
7.62600606515e-01
7.63283045544e-01
7.61220819211e-01
7.62679950446e-01
7.63676848862e-01
7.63649101801e-01
7.62946464290e-01
7.61217020577e-01
7.60933483485e-01
7.62918075067e-01
7.61432862607e-01
7.62082082407e-01
7.62678078943e-01
7.61598614291e-01
7.62105763782e-01
7.63499680408e-01
7.62443934788e-01
7.62220835061e-01
7.62043114566e-01
7.62347915697e-01
7.60716348529e-01
7.61119959629e-01
7.63224164315e-01
7.61355467874e-01
7.63198083236e-01
7.60945773074e-01
7.61478997573e-01
7.61934668547e-01
7.64292564975e-01
7.62858656493e-01
7.62801387686e-01
7.62159523832e-01
7.61466464164e-01
7.62097065589e-01
7.62355028960e-01
7.62548852716e-01
7.62403615155e-01
7.63664086823e-01
7.63260523522e-01
7.63325356502e-01
7.63071140382e-01
7.61279494139e-01
7.62814145138e-01
7.62394456421e-01
7.62264247117e-01
7.61947547876e-01
7.64198609164e-01
7.61506042592e-01
7.60863532403e-01
7.62603779468e-01
7.62496285830e-01
7.61395806691e-01
7.62685638211e-01
7.60989025102e-01
7.63729215165e-01
7.64261971086e-01
7.62248741323e-01
7.61634307176e-01
7.62249248606e-01
7.61860775190e-01
7.62196752409e-01
7.61593695669e-01
7.62566658719e-01
7.61721900890e-01
7.59818581777e-01
7.60326580051e-01
7.61862492119e-01
7.62454483036e-01
7.60694977342e-01
7.60863590901e-01
7.61788671815e-01
7.61175790836e-01
7.62152196682e-01
7.62252356296e-01
7.64427428672e-01
7.61430626215e-01
7.63230659824e-01
7.61301624904e-01
7.62471807136e-01
7.61257432370e-01
7.61748808014e-01
7.62780780021e-01
7.63760760193e-01
7.61647014934e-01
7.62484786251e-01
7.62113403695e-01
7.61192573963e-01
7.61512472578e-01
7.62313155613e-01
7.61046061122e-01
7.61755223434e-01
7.62000219926e-01
7.62729101099e-01
7.61616850184e-01
7.64794735445e-01
7.60785709919e-01
7.61113853597e-01
7.60971551849e-01
7.60931289521e-01
7.61397655223e-01
7.61973727953e-01
7.64616278715e-01
7.62005624171e-01
7.60828649542e-01
7.60260894816e-01
7.62179044888e-01
7.63002679177e-01
7.62526995156e-01
7.62107179543e-01
7.63293306917e-01
7.62580702668e-01
7.63333490409e-01
7.61366159024e-01
7.62382033108e-01
7.63605351649e-01
7.62063022302e-01
7.62864358860e-01
7.62598549916e-01
7.63394469289e-01
7.62991464733e-01
7.64460280094e-01
7.62426686991e-01
7.62230249013e-01
7.61969014508e-01
7.62702382499e-01
7.62261515333e-01
7.61702057005e-01
7.61941966600e-01
7.62952215143e-01
7.61846106188e-01
7.62790674226e-01
7.62500688833e-01
7.62982619950e-01
7.63153875102e-01
7.62583525548e-01
7.60536635834e-01
7.62753534299e-01
7.63414921967e-01
7.60242755540e-01
7.63615005361e-01
7.62689432451e-01
7.61977556030e-01
7.61590576835e-01
7.63383817030e-01
7.61494185717e-01
7.62934748254e-01
7.63170144128e-01
7.61898345962e-01
7.62222714655e-01
7.62109172865e-01
7.60668223622e-01
7.61704963842e-01
7.61231372183e-01
7.60390943364e-01
7.64496412985e-01
7.63623803633e-01
7.60203084119e-01
7.61702510830e-01
7.60774557420e-01
7.61240845689e-01
7.64595431405e-01
7.61927111650e-01
7.62940839934e-01
7.62536724804e-01
7.62034944875e-01
7.61326534334e-01
7.62220192741e-01