8.35013045509e-01
8.33984910021e-01
8.34301747074e-01
8.35589285508e-01
8.35557785703e-01
8.34326860145e-01
8.34849412116e-01
8.35067140963e-01
8.34809343984e-01
8.35599875926e-01
8.34428286632e-01
8.35220570911e-01
8.34592527255e-01
8.34460822451e-01
8.34078719756e-01
8.34913840718e-01
8.35330812722e-01
8.33912563958e-01
8.34894241826e-01
8.34774447261e-01
8.35226232279e-01
8.35258308844e-01
8.34569234062e-01
8.35070807152e-01
8.34809821168e-01
8.34442860692e-01
8.34317260553e-01
8.35004685766e-01
8.34637950969e-01
8.35082744804e-01
8.35710577871e-01
8.34053684988e-01
8.33853498346e-01
8.34156960487e-01
8.35309177667e-01
8.34429364988e-01
8.34298344816e-01
8.35295513668e-01
8.34123745900e-01
8.34108070371e-01
8.34270583851e-01
8.34780441883e-01
8.34262601895e-01
8.35066063072e-01
8.35299284497e-01
8.35177572838e-01
8.35373899890e-01
8.34266657117e-01
8.34577034526e-01
8.34748573807e-01
8.33992838266e-01
8.34285118972e-01
8.35012927878e-01
8.34743893891e-01
8.34830470925e-01
8.35221570567e-01
8.35085239292e-01
8.34367950207e-01
8.34438782918e-01
8.33930714501e-01
8.34426347995e-01
8.34805785416e-01
8.33168482140e-01
8.35594331762e-01
8.34426145664e-01
8.35017233671e-01
8.35379932293e-01
8.34758568463e-01
8.35120472690e-01
8.34214032906e-01
8.35503375360e-01
8.34778736441e-01
8.35011964169e-01
8.35278539913e-01
8.34446131029e-01
8.34419046384e-01
8.33991384838e-01
8.34546149372e-01
8.34430189935e-01
8.35061458561e-01
8.35265763481e-01
8.35329279145e-01
8.35009030145e-01
8.34778520629e-01
8.34892655507e-01
8.34781083909e-01
8.34191236079e-01
8.34539653769e-01
8.35166318896e-01
8.34419886033e-01
8.34903175785e-01
8.34697672421e-01
8.34478233616e-01
8.34099916719e-01
8.34751863462e-01
8.34905747849e-01
8.35002984775e-01
8.35451304720e-01
8.34728875761e-01
8.34550956983e-01
8.35055763491e-01
8.34542867510e-01
8.34956469036e-01
8.35049200922e-01
8.35013205458e-01
8.34596357125e-01
8.34942152508e-01
8.35017126091e-01
8.33657002090e-01
8.34903867530e-01
8.33386589383e-01
8.34739286635e-01
8.35393460974e-01
8.34385179013e-01
8.33818299449e-01
8.34961592160e-01
8.35229722349e-01
8.35678172607e-01
8.34207845410e-01
8.35028872868e-01
8.35087187437e-01
8.35155624421e-01
8.34878178320e-01
8.36267758019e-01
8.34430941808e-01
8.35027094637e-01
8.35082412883e-01
8.35186486587e-01
8.34942304297e-01
8.34302706490e-01
8.35250601587e-01
8.35169758043e-01
8.34688103040e-01
8.34806150518e-01
8.34558588274e-01
8.33979127531e-01
8.34888393730e-01
8.34821853529e-01
8.35155360937e-01
8.34418673514e-01
8.34544014677e-01
8.34193131475e-01
8.34935067190e-01
8.34650655742e-01
8.34682024437e-01
8.34125086959e-01
8.34898401781e-01
8.34878896572e-01
8.34716601164e-01
8.34686348125e-01
8.35096037939e-01
8.34507969463e-01
8.34390606069e-01
8.34680262716e-01
8.35253652381e-01
8.34503538566e-01
8.34613041030e-01
8.34121069247e-01
8.34082687823e-01
8.35122046341e-01
8.34339913855e-01
8.34927947383e-01
8.34973292042e-01
8.35408504173e-01
8.34782030010e-01
8.35066353665e-01
8.35359852824e-01
8.34923960982e-01
8.34115954443e-01
8.35394748099e-01
8.34831169920e-01
8.35202620311e-01
8.34793358883e-01
8.34389621744e-01
8.34598640064e-01
8.34748140558e-01
8.35076623456e-01
8.35232509957e-01
8.34331638421e-01
8.34501122778e-01
8.35003545807e-01
8.35452230880e-01
8.33826562735e-01
8.34693458383e-01
8.35049991780e-01
8.34121260966e-01
8.34710775563e-01
8.35179594033e-01
8.35049055915e-01
8.34365703003e-01
8.34283423128e-01
8.34566175768e-01
8.33835314460e-01
8.35240462817e-01
8.34848547644e-01
8.34224861193e-01
8.34661978734e-01
8.34412170318e-01
8.34556080169e-01
8.34430066919e-01
8.34591935730e-01
8.34634873966e-01
8.35099723936e-01
8.34806864208e-01
8.35190310183e-01
8.34555992406e-01
8.35354939241e-01
8.35366148338e-01
8.33956562890e-01
8.35508533199e-01
8.35362761846e-01
8.34451499602e-01
8.35000134786e-01
8.33853483090e-01
8.36113250083e-01
8.34851364513e-01
8.35018794122e-01
8.34842919495e-01
8.35071895588e-01
8.34441674185e-01
8.35215446349e-01
8.34252253986e-01
8.35376447809e-01
8.34156253124e-01
8.34776126693e-01
8.34526104103e-01
8.33996460511e-01
8.34566061702e-01
8.34526525601e-01
8.34083559538e-01
8.34717110097e-01
8.34772360634e-01
8.35646074233e-01
8.34351081009e-01
8.34973424178e-01
8.34728295250e-01
8.34290382843e-01
8.35002297057e-01
8.34927382379e-01
8.34383788472e-01
8.34535950376e-01
8.35284920727e-01
8.34305726387e-01
8.35118087668e-01
8.35066991004e-01
8.34624082433e-01
8.34864959693e-01
8.34546154935e-01
8.34677524978e-01
8.35120578521e-01
8.35052956716e-01
8.34132089679e-01
8.34942658411e-01
8.35217499655e-01
8.34305118351e-01
8.34675793078e-01
8.34264295116e-01
8.33773146249e-01
8.34777000702e-01
8.35722906693e-01
8.36041494396e-01
8.34773892833e-01
8.34646286879e-01
8.35273280579e-01
8.34307382716e-01
8.34190180403e-01
8.34169093500e-01
8.34990003703e-01
8.34621079668e-01
8.35104569866e-01
8.34405693324e-01
8.34135187782e-01
8.34104450095e-01
8.35085869535e-01
8.34411265258e-01
8.34568308175e-01
8.34772609201e-01
8.34877670575e-01
8.35027401165e-01
8.35088442054e-01
8.35173543967e-01
8.35060728871e-01
8.34793168232e-01
8.35552399426e-01
8.35436248774e-01
8.35591711113e-01
8.34400831460e-01
8.34673758526e-01
8.34642225017e-01
8.34985363325e-01
8.34801104152e-01
8.34922169714e-01
8.34860400757e-01
8.34848516115e-01
8.34114426147e-01
8.34867038508e-01
8.34266598165e-01
8.34584639222e-01
8.35154686910e-01
8.35069774268e-01
8.34507276111e-01
8.34998085538e-01
8.34287937188e-01
8.35016553981e-01
8.33948453193e-01
8.34539797989e-01
8.34172281190e-01
8.34998804992e-01
8.34857761560e-01
8.35549547674e-01
8.34518082306e-01
8.35328031926e-01
8.34245029072e-01
8.34961144948e-01
8.34811098445e-01
8.34742605352e-01
8.34716492691e-01
8.34300642495e-01
8.33983623834e-01
8.35375841655e-01
8.35697621448e-01
8.33984893250e-01
8.35137755136e-01
8.35322750781e-01
8.35339095503e-01
8.34101396367e-01
8.34627281537e-01
8.35031366040e-01
8.34955689088e-01
8.34655474259e-01
8.35334120656e-01
8.34387143134e-01
8.34274116457e-01
8.34436098182e-01
8.34408240432e-01
8.34691058559e-01
8.34759566143e-01
8.34780513690e-01
8.35955233076e-01
8.34965123490e-01
8.35090497244e-01
8.34646705794e-01
8.34448977761e-01
8.34761351813e-01
8.34641990440e-01
8.35129587593e-01
8.34982573749e-01
8.34266912139e-01
8.34931853330e-01
8.34511396488e-01
8.34459857374e-01
8.34674228110e-01
8.34526265833e-01
8.35044676097e-01
8.34573637741e-01
8.34472358078e-01
8.35504214754e-01
8.35401773383e-01
8.34962100448e-01
8.34460261094e-01
8.34214869556e-01
8.35135159423e-01
8.34692107952e-01
8.34899080478e-01
8.34535171625e-01
8.34687787781e-01
8.34223179267e-01
8.34276395793e-01
8.34766783115e-01
8.35097898810e-01
8.35215085694e-01
8.35247184599e-01
8.35258000906e-01
8.35176686456e-01
8.35140420070e-01
8.34794685560e-01
8.34784767105e-01
8.34320693840e-01
8.34603566960e-01
8.34336442378e-01
8.34963572888e-01
8.34698977370e-01
8.34507498413e-01
8.33877199576e-01
8.35004697460e-01
8.34281481453e-01
8.35225107844e-01
8.34885128984e-01
8.34531028564e-01
8.35234956828e-01
8.34639953836e-01
8.34134497385e-01
8.34811936019e-01
8.35056742171e-01
8.34963472339e-01
8.35334663641e-01
8.34785671160e-01
8.34249180021e-01
8.34745123520e-01
8.34235961484e-01
8.34541277786e-01
8.34969483944e-01
8.33925798283e-01
8.34897785909e-01
8.34952978738e-01
8.34788009694e-01
8.34872442722e-01
8.34325011286e-01
8.34515367457e-01
8.33907728151e-01
8.34242797091e-01
8.33741111427e-01
8.34825905408e-01
8.34752763522e-01
8.33587281079e-01
8.35432620799e-01
8.34413738920e-01
8.34637456442e-01
8.33718853320e-01
8.35168018884e-01
8.34275583330e-01
8.34203091784e-01
8.33845057953e-01
8.35121991092e-01
8.34547478576e-01
8.35183179703e-01
8.34999862939e-01
8.33974534429e-01
8.35012714073e-01
8.34030047315e-01
8.34726282567e-01
8.33997451221e-01
8.34388313100e-01
8.35526562768e-01
8.33562824895e-01
8.35360925399e-01
8.34304029661e-01
8.35245975061e-01
8.34415610915e-01
8.33958071199e-01
8.34488126521e-01
8.35135402073e-01
8.35315773058e-01
8.35560788366e-01
8.35486159950e-01
8.35274255988e-01
8.34973732505e-01
8.35145435613e-01
8.34852104866e-01
8.35126367677e-01
8.35273598341e-01
8.34580542034e-01
8.34514269273e-01
8.35338851454e-01
8.34726975387e-01
8.35159828417e-01
8.34640833716e-01
8.34047501877e-01
8.35322773903e-01
8.34577232922e-01
8.34692721330e-01
8.35056627495e-01
8.34618092559e-01
8.34691123344e-01
8.34971578896e-01
8.34840308723e-01
8.33953997009e-01
8.34917033183e-01
8.35098181362e-01
8.34524929283e-01
8.34687307723e-01
8.35498035313e-01
8.34025795569e-01
8.34793171866e-01
8.34691562670e-01
8.34427681475e-01
8.35573737907e-01
8.34854137122e-01
8.34243144753e-01
8.34655851660e-01
8.34550018491e-01
8.34581915376e-01
8.34567028073e-01
8.35194549902e-01
8.34209364829e-01
8.34992464588e-01
8.34372248605e-01
8.34825237240e-01
8.34368645830e-01
8.34429402655e-01
8.34757779980e-01
8.34619161565e-01
8.35586297196e-01
8.34857654399e-01
8.35185601430e-01
8.34173169032e-01
8.34751357041e-01
8.34689105623e-01
8.35302626384e-01
8.33675492484e-01
8.34716421332e-01