8.00408508876e+00
7.99854937296e+00
8.00509812213e+00
8.01017287894e+00
8.00219032091e+00
8.00585064350e+00
8.00699266124e+00
8.00400891932e+00
8.00601702472e+00
8.00736732048e+00
8.00173638230e+00
8.00318073278e+00
8.00529243803e+00
8.00509463338e+00
8.00141603077e+00
8.00461983359e+00
8.00805930791e+00
8.00198143000e+00
8.00649058458e+00
8.00659077480e+00
8.00900383138e+00
8.00841984870e+00
8.00421896467e+00
8.00284297900e+00
8.00747122514e+00
8.00647892526e+00
8.01023022504e+00
8.00680974602e+00
8.00138812162e+00
8.00300460186e+00
8.00647803569e+00
8.00342180792e+00
8.00369906819e+00
8.00804923833e+00
8.00884660742e+00
8.01266866390e+00
8.00574792529e+00
8.00443012205e+00
8.00345209824e+00
8.00142134046e+00
8.00297895283e+00
8.00854667716e+00
8.00484961118e+00
8.00477386208e+00
8.00410911667e+00
8.00628662146e+00
8.01146994522e+00
8.00034633078e+00
8.00655135342e+00
8.00171352743e+00
7.99864238722e+00
8.00758599734e+00
8.00497302535e+00
7.99962898186e+00
8.00268816371e+00
8.00824389692e+00
8.00185273469e+00
8.00365738916e+00
8.00516861216e+00
8.00702554432e+00
8.00376082822e+00
8.00443278443e+00
8.00489293054e+00
8.00007558635e+00
8.00750877841e+00
8.00125771737e+00
7.99800373228e+00
8.00052461149e+00
8.00792873055e+00
7.99897266197e+00
8.00576541224e+00
8.00595480125e+00
8.00906775253e+00
8.00275523392e+00
8.00415658332e+00
8.00110052254e+00
8.00653877025e+00
8.00462046009e+00
8.00416204199e+00
8.00191207418e+00
8.00689248358e+00
8.00537995886e+00
8.00999400752e+00
8.00481715749e+00
8.00368541050e+00
8.00408393170e+00
8.00737198562e+00
8.00072632235e+00
8.00283963940e+00
8.00971017369e+00
8.00346156204e+00
8.00408164096e+00
8.00337425528e+00
7.99965175736e+00
8.00927711430e+00
8.00204236556e+00
8.00203535980e+00
8.00407628184e+00
8.01141556083e+00
8.00083624734e+00
8.00708198545e+00
8.00192121093e+00
8.00604279513e+00
8.01001030276e+00
8.00482984926e+00
7.99861259684e+00
8.00884800894e+00
8.00771000068e+00
8.00366123481e+00
8.00348509365e+00
8.00318973475e+00
8.00779381367e+00
8.00482765241e+00
8.00134014604e+00
8.01277576910e+00
8.00491008569e+00
8.01021686199e+00
8.00553509433e+00
7.99653940045e+00
8.00593939136e+00
8.00169499588e+00
8.00293917464e+00
8.00457977177e+00
8.00579914157e+00
7.99946134803e+00
8.00082886388e+00
8.00804511281e+00
8.00314111236e+00
8.00825684858e+00
8.00118263217e+00
8.00352866052e+00
8.00376305900e+00
8.00480990210e+00
8.00741213433e+00
8.00133490780e+00
8.00093589319e+00
8.00697192399e+00
8.00336443242e+00
8.00893423761e+00
7.99999182475e+00
8.00577593962e+00
8.00485951277e+00
8.00884479243e+00
8.00591017190e+00
8.00008281428e+00
8.00985575418e+00
8.00221353589e+00
8.00529909840e+00
8.00476374060e+00
8.00115059853e+00
8.01135935889e+00
8.00664033857e+00
8.00526285899e+00
8.00677150638e+00
8.00344996775e+00
8.00404951194e+00
8.00082502082e+00
8.00798953319e+00
8.00592752551e+00
8.00243389222e+00
8.00453459427e+00
8.00419904078e+00
8.00151245191e+00
8.01023204428e+00
8.00393036495e+00
8.00564049866e+00
8.00855468599e+00
8.00121783774e+00
8.00201328093e+00
8.00744011434e+00
8.00282890946e+00
8.00293833761e+00
8.00463520914e+00
8.00337218486e+00
8.00456783850e+00
8.00483078963e+00
8.00638726899e+00
8.00168459022e+00
8.00620010775e+00
8.00795766423e+00
8.00607608474e+00
8.00281616445e+00
8.01270208153e+00
7.99952059900e+00
8.00608967978e+00
8.00576199646e+00
7.99717588001e+00
8.00502370573e+00
8.00239819038e+00
8.00656457570e+00
7.99964511872e+00
8.00361100378e+00
8.00330476202e+00
8.00623050422e+00
8.00784271808e+00
8.00040911606e+00
7.99787206053e+00
8.00644376525e+00
8.00635255258e+00
7.99924643875e+00
8.00432452392e+00
8.00771962905e+00
7.99863981186e+00
8.00929798359e+00
8.00572997094e+00
7.99492942916e+00
8.00508400050e+00
7.99940004238e+00
8.00300636941e+00
8.00217407566e+00
8.00074547153e+00
8.00305226667e+00
8.00602110840e+00
8.00308244851e+00
8.00370143733e+00
8.00813415338e+00
8.00611748481e+00
8.00662442744e+00
8.00994547792e+00
8.00368245778e+00
8.00437321836e+00
8.00384621211e+00
7.99960090820e+00
8.00147862363e+00
7.99993027388e+00
8.00158754760e+00
7.99914344085e+00
7.99673646118e+00
8.00804567654e+00
7.99976479101e+00
7.99412225458e+00
8.00005196496e+00
8.00029135995e+00
8.00706236224e+00
8.00421700218e+00
8.00309740461e+00
8.00862047298e+00
8.00921605823e+00
8.00252922846e+00
8.00529379787e+00
8.00587226612e+00
8.00986791553e+00
8.00241344576e+00
8.00543028197e+00
8.00940542842e+00
8.01083095347e+00
8.00494449988e+00
8.00592130749e+00
8.00832099733e+00
8.00590133339e+00
8.00702045833e+00
8.00212881773e+00
8.00480629701e+00
8.00271700969e+00
8.00528431442e+00
8.00728611994e+00
8.01283175479e+00
8.00539068562e+00
8.00375601223e+00
8.00605527133e+00
8.00570042862e+00
8.00570043464e+00
8.00382640063e+00
8.00795608915e+00
8.00448741036e+00
7.99945394434e+00
8.00374787956e+00
8.00681688778e+00
8.00013811030e+00
8.00592779943e+00
8.00230142767e+00
8.00409291879e+00
7.99798642096e+00
8.00380413878e+00
8.00485156443e+00
8.00338885345e+00
8.00656874840e+00
8.00486442909e+00
8.00624040137e+00
8.00429445304e+00
8.00713149445e+00
7.99980948374e+00
8.00636043087e+00
8.00581489428e+00
8.00558224564e+00
8.00481781615e+00
8.00353903022e+00
8.01068285621e+00
8.00170851614e+00
8.00084521073e+00
7.99928579315e+00
8.00245864481e+00
8.00482367516e+00
8.00226128478e+00
8.00190942576e+00
8.00434007120e+00
8.00382765229e+00
8.00476694933e+00
8.00666229453e+00
8.01073348023e+00
8.00504809012e+00
8.00258440555e+00
8.00582439887e+00
8.00928268927e+00
8.00018565567e+00
8.00236324944e+00
8.00415889331e+00
8.00392586500e+00
8.00418448670e+00
8.00704854905e+00
7.99906472557e+00
8.00716302328e+00
8.00120025402e+00
8.00640426523e+00
8.00852206050e+00
8.00227958447e+00
8.00640317801e+00
8.00474182866e+00
8.00146418187e+00
8.00545038736e+00
8.00512220474e+00
7.99767608988e+00
8.00795003274e+00
8.00811149463e+00
8.00837319104e+00
8.00284903361e+00
8.00349643361e+00
8.00686054541e+00
8.00584011480e+00
8.01178599209e+00
8.00793317862e+00
8.00308445330e+00
8.00285433913e+00
8.00362625382e+00
7.99933701922e+00
7.99946054489e+00
8.00191304451e+00
8.00738596437e+00
8.00474962287e+00
8.00471063535e+00
8.00316727492e+00
7.99840722573e+00
8.00839986023e+00
8.00336566533e+00
8.00488233759e+00
8.00749758239e+00
8.00984950516e+00
8.00552153314e+00
8.00674001743e+00
8.00711834842e+00
8.00124687724e+00
8.00911870127e+00
7.99786520757e+00
8.00994463488e+00
8.00389242929e+00
8.00614555090e+00
8.00729712117e+00
8.00514136167e+00
8.00403436882e+00
8.00560949096e+00
8.00264512347e+00
8.00354151931e+00
8.00943350427e+00
7.99712595797e+00
8.00654100976e+00
8.00268805097e+00
8.00378045971e+00
8.00739547744e+00
8.00415619801e+00
7.99973621862e+00
8.00756371169e+00
8.00915744955e+00
8.00360513064e+00
7.99981555079e+00
8.01107343619e+00
8.00438545838e+00
8.00128026278e+00
8.00055417698e+00
8.00415814918e+00
8.00137687277e+00
8.00203432867e+00
8.00348473720e+00
8.00170280550e+00
8.00149208864e+00
7.99900695105e+00
7.99951304553e+00
8.00116110125e+00
8.00388988638e+00
8.00290807838e+00
8.00642976778e+00
8.00241987262e+00
8.00432905872e+00
8.00909999913e+00
7.99938053882e+00
8.00819611102e+00
8.01387306228e+00
8.00247240993e+00
8.00486752654e+00
8.00942598152e+00
8.00694769579e+00
8.00096531418e+00
8.00807244912e+00
8.00368302944e+00
8.00019540675e+00
8.00329250678e+00
8.00909247221e+00
8.00659881674e+00
8.00147543717e+00
8.00899536111e+00
8.00285734432e+00
7.99796294025e+00
8.00029030354e+00
8.00050931906e+00
8.00293824081e+00
7.99517621808e+00
8.00613231020e+00
8.01093384828e+00
8.00043531356e+00
8.00323215932e+00
8.00507703102e+00
8.00456284359e+00
8.00381917941e+00
7.99813301493e+00
8.00470492179e+00
8.00457810043e+00
8.00625192615e+00
8.00170393119e+00
8.00387506612e+00
8.01110015665e+00
8.00722964918e+00
8.00585553717e+00
8.00178851638e+00
7.99885765289e+00
8.00414146281e+00
8.00143003835e+00
8.00260064435e+00
8.00740969509e+00
8.00214075785e+00
8.00272702742e+00
8.00325704996e+00
8.00386816266e+00
8.00432225254e+00
8.01042256469e+00
8.00673727602e+00
8.00541159594e+00
8.00698508991e+00
8.00496875326e+00
8.00461976918e+00
8.00515115372e+00
8.00719475911e+00
8.00407064068e+00
7.99894905993e+00
8.00510215241e+00
8.00475893837e+00
8.00520201244e+00
8.00475865305e+00
8.00552352891e+00
8.00518010024e+00
8.00477698301e+00
8.00691968029e+00
8.00729300337e+00
8.00966462532e+00
8.00565482830e+00
8.00727573718e+00
8.00728142104e+00
8.00650629377e+00
8.00936118985e+00
8.00655183281e+00
8.00691204501e+00
8.00829907862e+00
8.00539907142e+00
8.01019800481e+00
8.00578570093e+00
8.00544521454e+00
8.00294541276e+00
8.00368376012e+00
8.00525040021e+00
8.00348249869e+00
8.00960651106e+00
8.00636954111e+00
8.00480639672e+00
8.00632534830e+00
8.00727554867e+00
8.00318244076e+00
8.00381100786e+00
8.00968813454e+00
8.00504349908e+00
8.00798194716e+00
8.00307567008e+00
8.00233918169e+00
8.00684906302e+00
8.00543349448e+00
8.00336746060e+00
8.00445783202e+00
8.01067908031e+00
8.00727102328e+00
8.00257719719e+00
8.00769377184e+00
8.00763437835e+00
7.99957658697e+00
8.00444940022e+00