0.0815588529294
0.081713113108
0.0816311586134
0.0815068433094
0.0812882593077
0.0817298201967
0.081550275714
0.0815271916257
0.0815992861515
0.0814383601375
0.0814400593121
0.0812911701569
0.0813976466262
0.0815174002658
0.0814938358336
0.0815305497611
0.0816826790874
0.0815143998181
0.0813335681976
0.081668068746
0.0815869660243
0.0815474161939
0.08131223499
0.0816198556875
0.0816400864891
0.0814729898031
0.0814223911174
0.081677025523
0.0817261556818
0.0813383902246
0.0815585418865
0.0814618126342
0.081174143907
0.0813730866705
0.0815030811481
0.0814543268607
0.0814154572881
0.0813202389057
0.0812474007952
0.0815042624379
0.0816098498009
0.0813110906741
0.0814225944276
0.0815577371156
0.0815436024942
0.081600526554
0.0813467117906
0.0816259662289
0.0814986094701
0.0816196896645
0.081264644337
0.081446307958
0.0815290962549
0.0813965863418
0.0814584303002
0.0815114935585
0.0813582957729
0.0815619292437
0.0813752370593
0.0813982632617
0.0815963400801
0.081383529422
0.0817201872488
0.0815242466316
0.0813235117541
0.0815859815404
0.0815799866027
0.081361875712
0.081636994842
0.0815932403869
0.0814325658429
0.0814673694892
0.0815245732694
0.0814419554018
0.0816112241922
0.0815682094949
0.0815146452348
0.0815446629353
0.0813480064382
0.0815375869951
0.0818101178638
0.0814715828181
0.0816891474056
0.0813225919713
0.0816327109509
0.0813933710309
0.081550645344
0.0814342098666
0.0813061356928
0.0815505619311
0.081591713679
0.081256287759
0.0813710655249
0.0814290040054
0.0813692363903
0.0814746787079
0.0815758405824
0.0818436036832
0.0818609785835
0.0814882274161
0.0816324111169
0.0811565016435
0.0815158129808
0.081839373972
0.0814393452568
0.0814232282181
0.0817652289997
0.0814520900821
0.0814554403504
0.0814557610253
0.0816846451874
0.081493152837
0.081317070265
0.0815417497337
0.0816406333093
0.0812223594093
0.0814931988463
0.0813232538595
0.0814819595219
0.0815243618884
0.0818480279341
0.0813504270943
0.0813887630123
0.0813586368452
0.0815668742936
0.0815314764567
0.0814877168271
0.0813769567527
0.0814745687894
0.0815961902074
0.0817078155396
0.0813979338974
0.0815143426143
0.0817982798107
0.0816451156117
0.0816987559348
0.0812685053175
0.081447865582
0.0815784408355
0.0814579756183
0.0814782034636
0.0814889903374
0.0815601548964
0.0813976516282
0.0815302966902
0.0816840491909
0.0813499689708
0.0816101127703
0.0817010624085
0.0814740021638
0.0815097332177
0.081577611843
0.081446406266
0.0815184484511
0.0816679168834
0.0813229581398
0.0813097275735
0.0816092651263
0.0815852475238
0.0815172191065
0.0813804688945
0.081756716037
0.0815324320624
0.0814271053215
0.0814194914705
0.0815059225577
0.0814296834648
0.0815249887397
0.0814294383213
0.0814540716099
0.0816958791427
0.0815561239758
0.0814792141483
0.081572694613
0.0814775406097
0.0816014448286
0.0815884790247
0.081403310736
0.08150411009
0.0815758434399
0.0814394214388
0.0813209002817
0.0818187486746
0.0814604065469
0.0813071295534
0.0813955921024
0.0816044469643
0.0816170814302
0.0813338364165
0.0815175733676
0.0814316685348
0.0818291686742
0.0813642058393
0.0817643493731
0.0816933103665
0.0813550001586
0.0815334102472
0.0812402722854
0.0813654644411
0.0813666007261
0.0816213947502
0.0815199969687
0.0811528812054
0.081437785722
0.0815185652615
0.0814519056499
0.0813303013227
0.0814809086647
0.0812750186024
0.0812717070867
0.0813261492519
0.0812843445039
0.0812926823907
0.0815154770095
0.0813880566528
0.0817083783896
0.0816720570418
0.0813269769697
0.0813983795318
0.0815998214794
0.0814950298123
0.0815046957859
0.0815499702062
0.0816387063937
0.0816130713291
0.0813576509966
0.0814078231322
0.0812381113825
0.0817966618489
0.0813983760624
0.0814791273221
0.0812682880386
0.0814392713146
0.0813898504565
0.0813984384801
0.0815624945042
0.0813330589963
0.0813622282468
0.0815562316711
0.081429408074
0.081618093945
0.0812468738993
0.0813964949491
0.0813505844564
0.0814014303434
0.0816637528043
0.0814091844621
0.081590329297
0.0815155482859
0.0814709451499
0.0816460559496
0.0813844939047
0.081556380826
0.0814709842715
0.0813087793651
0.0815155109864
0.0817156511891
0.081406533724
0.0814387588076
0.0815385991714
0.081465995563
0.0817610951
0.0813749393792
0.0817227207009
0.0813079458982
0.0816455899011
0.0815433603361
0.081409322925
0.0815112987826
0.0814891167242
0.0818275282936
0.0812849574964
0.0815780302891
0.0814626643951
0.0815726697162
0.0813671117157
0.0817726778685
0.0813523890127
0.081389808427
0.0816223484734
0.0814730341472
0.0814042385973
0.0817288586814
0.0815401125563
0.0813154418387
0.081513872371
0.0813403298291
0.0817006982799
0.0815163169466
0.0814965597693
0.0815005034753
0.0815026747533
0.0814631819954
0.0815299366356
0.0814364996911
0.0814197845628
0.0814012958062
0.0814753247507
0.0814636993422
0.0816393964342
0.0815023779058
0.081591773646
0.0817382662716
0.0815848693366
0.0814480200069
0.0814475217118
0.0815717489309
0.0812158684108
0.0813930034155
0.08127970616
0.0813843008302
0.0815145111733
0.0812879355827
0.081547284169
0.0814973994856
0.0814372719656
0.0815821081087
0.0815017594509
0.0815120563439
0.0814995786272
0.0814285047986
0.0813590016223
0.0817696080035
0.0814167709606
0.0813780550322
0.0813471454173
0.0815705855915
0.0813789438356
0.081661420552
0.0815111538452
0.0815259872094
0.0814439796353
0.0816091400063
0.0813494176287
0.0818694170463
0.0814495359103
0.0815520592025
0.0814987433191
0.08154696086
0.0814191642621
0.0814524911465
0.0816015710302
0.0816502225094
0.0815460683598
0.0814383938237
0.0816376485615
0.0815340364353
0.0815619094382
0.0814329004022
0.0815617824961
0.0814811822755
0.0815581607176
0.0817428247871
0.0813839194875
0.0814736655536
0.0816148217787
0.0816348859416
0.0813867937047
0.0814060698694
0.0816285310115
0.0814962910111
0.0813529664937
0.0815230302504
0.0814895821549
0.081577463142
0.0814862028973
0.0814831996799
0.0816182155687
0.0814825914652
0.081431001302
0.0816730516138
0.0817078175297
0.0815421973334
0.0815085870981
0.0816250979159
0.0813377680303
0.0814956708109
0.0815788678119
0.0813693685253
0.0816970416492
0.0814506537863
0.0814305186848
0.0814318383024
0.081611209235
0.0812200782243
0.08128321141
0.0816859601689
0.0815140462955
0.0815473231902
0.0815407652075
0.0814517198637
0.081465485158
0.0815676823942
0.08139317145
0.0814737539153
0.0817534047755
0.0815789457878
0.0815395846006
0.0817096744183
0.0814694785766
0.0812292273759
0.0815952470512
0.0815931572824
0.0815839661757
0.0816946750619
0.0814321357236
0.0812931219027
0.0812899187359
0.081377160396
0.0815130629134
0.0814923512388
0.0813916295431
0.0814919861393
0.0817557558328
0.0814523929604
0.0813612678688
0.0815322016233
0.0816222991137
0.0814116830404
0.0813705309359
0.0813462859924
0.0814980565753
0.0816712111872
0.0814710703698
0.0814837169009
0.0812412484726
0.0815518623204
0.0812614719542
0.0815508739885
0.0814987228927
0.0814032232032
0.081613523189
0.0815636055655
0.0814525013116
0.0816823506806
0.0813557586506
0.0815555204325
0.081648854594
0.0815743440241
0.0814519600034
0.0813214946746
0.0812358108699
0.0814861640194
0.0815365836432
0.0814713922742
0.0817896575617
0.0816847420882
0.0817292031183
0.0816833282896
0.0814733603734
0.0816551197505
0.0812282017969
0.0815078327536
0.0813820615753
0.081524178858
0.0813959950724
0.081609478961
0.0815918932184
0.0813303010093
0.0815738951175
0.081614634988
0.0814397727415
0.0813654423377
0.0816299345638
0.0816373663195
0.0814182273517
0.0813409870259
0.0812610002907
0.0813490551297
0.0815170017888
0.0813977465767
0.0814467864611
0.0813948547754
0.0816239736268
0.08141881559
0.0816173117951
0.0815959753859
0.081453044368
0.0814293468177
0.0814605532745
0.0815004273368
0.0813691697475
0.0814512369001
0.0814057184362
0.0815256715639
0.0815540697331
0.081429558471
0.0814775893982
0.0816463647963
0.0817387349555
0.0811015730925
0.0815208161276
0.0815746835882
0.0814854916541
0.0816214850948
0.081489961263
0.0816231511106
0.0816422433222
0.0814782107681
0.0813476124376
0.0815125736996
