-3.35265993934e+00
-3.34005030963e+00
-3.32838806320e+00
-3.36738875888e+00
-3.34172492339e+00
-3.32996355001e+00
-3.33090734941e+00
-3.32628926137e+00
-3.34264893031e+00
-3.37003554442e+00
-3.35386674113e+00
-3.35005951318e+00
-3.34125586191e+00
-3.33736773185e+00
-3.35121534556e+00
-3.36871286055e+00
-3.33898694809e+00
-3.35057354942e+00
-3.36006356522e+00
-3.36719914271e+00
-3.34588939850e+00
-3.35869975673e+00
-3.30378432199e+00
-3.34038776788e+00
-3.35758214575e+00
-3.36195658010e+00
-3.36066235829e+00
-3.36016394474e+00
-3.32842045841e+00
-3.33777390397e+00
-3.38723783147e+00
-3.35619146165e+00
-3.33162349271e+00
-3.34247907627e+00
-3.35520463893e+00
-3.35014927425e+00
-3.34124559418e+00
-3.35595116611e+00
-3.31675427422e+00
-3.34239094224e+00
-3.34196736436e+00
-3.36701044786e+00
-3.34487592923e+00
-3.34942591739e+00
-3.31843251339e+00
-3.33483187365e+00
-3.38853790702e+00
-3.32750711071e+00
-3.34013701851e+00
-3.36992604329e+00
-3.33010479561e+00
-3.35229879921e+00
-3.32627468664e+00
-3.34021079233e+00
-3.34089446322e+00
-3.34002274988e+00
-3.35718263861e+00
-3.34713029722e+00
-3.33878582405e+00
-3.35722969469e+00
-3.33231359987e+00
-3.37478219834e+00
-3.35551125607e+00
-3.33569462203e+00
-3.33953725865e+00
-3.34272291782e+00
-3.32705864675e+00
-3.35061794568e+00
-3.35244221743e+00
-3.33552910147e+00
-3.36765013581e+00
-3.34698303867e+00
-3.35390546832e+00
-3.34764635992e+00
-3.36467634977e+00
-3.31397107882e+00
-3.38778898223e+00
-3.32866239211e+00
-3.34368387437e+00
-3.32300645908e+00
-3.35083979759e+00
-3.37358276201e+00
-3.35022223622e+00
-3.35421768816e+00
-3.33866989162e+00
-3.37499736566e+00
-3.34788260639e+00
-3.34290928735e+00
-3.34796533400e+00
-3.33154450585e+00
-3.33847934364e+00
-3.34863762189e+00
-3.34828521041e+00
-3.33631540931e+00
-3.36158087778e+00
-3.31893492742e+00
-3.36144559714e+00
-3.34835727949e+00
-3.34841103024e+00
-3.32258786456e+00
-3.35639626973e+00
-3.34671910590e+00
-3.36039387578e+00
-3.35596719943e+00
-3.35308847786e+00
-3.35959537223e+00
-3.34925179793e+00
-3.35231720031e+00
-3.35261877453e+00
-3.33806282896e+00
-3.32702675593e+00
-3.38686298963e+00
-3.33210415191e+00
-3.33254034271e+00
-3.36264138935e+00
-3.37074461036e+00
-3.35523151168e+00
-3.35732155349e+00
-3.33126250968e+00
-3.35414805651e+00
-3.32227620727e+00
-3.35851329299e+00
-3.33748755611e+00
-3.35181948912e+00
-3.34565320330e+00
-3.36539389555e+00
-3.36105007746e+00
-3.30371113558e+00
-3.34372547417e+00
-3.35258975250e+00
-3.35221881757e+00
-3.37460797789e+00
-3.34139855833e+00
-3.32324033642e+00
-3.31982626001e+00
-3.31291174977e+00
-3.35479716157e+00
-3.33304522373e+00
-3.34638118276e+00
-3.33040604066e+00
-3.31862966179e+00
-3.31577302538e+00
-3.35750653795e+00
-3.37910604170e+00
-3.32559415015e+00
-3.34614863564e+00
-3.31314844390e+00
-3.37840170674e+00
-3.35958212320e+00
-3.34375327582e+00
-3.32924902725e+00
-3.34296389324e+00
-3.36364041721e+00
-3.38139548725e+00
-3.31368282982e+00
-3.35879059239e+00
-3.33193754623e+00
-3.37927695932e+00
-3.33813107538e+00
-3.37023873795e+00
-3.37138640167e+00
-3.32903042921e+00
-3.35163075030e+00
-3.35524756385e+00
-3.34649625811e+00
-3.34446897636e+00
-3.30876135774e+00
-3.33670542240e+00
-3.32657608351e+00
-3.37795730903e+00
-3.37149191061e+00
-3.36614597454e+00
-3.34790442548e+00
-3.33329258322e+00
-3.35342853913e+00
-3.32180100283e+00
-3.33657612816e+00
-3.30751860588e+00
-3.31909155827e+00
-3.36243163145e+00
-3.38589188811e+00
-3.36094773986e+00
-3.37241592954e+00
-3.32836492834e+00
-3.35756849036e+00
-3.30944571162e+00
-3.33421641444e+00
-3.34992294500e+00
-3.35355035620e+00
-3.30949421468e+00
-3.32549331653e+00
-3.34961122527e+00
-3.33935341232e+00
-3.32524440834e+00
-3.33318413439e+00
-3.36982342864e+00
-3.33424488230e+00
-3.34586688715e+00
-3.35983201508e+00
-3.33173878789e+00
-3.33392966527e+00
-3.34229199094e+00
-3.33719120752e+00
-3.32080571770e+00
-3.33495899535e+00
-3.33826419930e+00
-3.32096417744e+00
-3.36009993071e+00
-3.31316560665e+00
-3.38673975787e+00
-3.32647970351e+00
-3.33769471241e+00
-3.33556053160e+00
-3.32871419834e+00
-3.33528558185e+00
-3.35984927155e+00
-3.33610354286e+00
-3.34852958424e+00
-3.36491552852e+00
-3.31672123214e+00
-3.33032939001e+00
-3.35056438847e+00
-3.33638764311e+00
-3.33563620937e+00
-3.36001720999e+00
-3.35068091807e+00
-3.33731625121e+00
-3.34244619657e+00
-3.34967334133e+00
-3.33525455148e+00
-3.32308091609e+00
-3.35947300469e+00
-3.33943514051e+00
-3.36215772371e+00
-3.33732147737e+00
-3.34042315022e+00
-3.37380276524e+00
-3.36161359397e+00
-3.33923104369e+00
-3.35931985022e+00
-3.35050404522e+00
-3.34431459054e+00
-3.35177308743e+00
-3.36582289099e+00
-3.36539216874e+00
-3.35364783319e+00
-3.35995012822e+00
-3.36443475650e+00
-3.36350587486e+00
-3.34239834124e+00
-3.32402212376e+00
-3.30336185565e+00
-3.33093483488e+00
-3.32920332756e+00
-3.36250068277e+00
-3.33472359936e+00
-3.32293116866e+00
-3.34200072484e+00
-3.34385961632e+00
-3.35019268849e+00
-3.34684523327e+00
-3.34839751884e+00
-3.36056852204e+00
-3.37695650756e+00
-3.36507346270e+00
-3.35219297899e+00
-3.37790825271e+00
-3.36062582321e+00
-3.35870415719e+00
-3.34379478475e+00
-3.32880215434e+00
-3.34269915404e+00
-3.32544779138e+00
-3.35343888711e+00
-3.32058482703e+00
-3.34018131246e+00
-3.34402583979e+00
-3.38137043578e+00
-3.36689219424e+00
-3.35748606163e+00
-3.37873362422e+00
-3.33821709383e+00
-3.37589673116e+00
-3.37485959224e+00
-3.36184723060e+00
-3.34288303231e+00
-3.34961454529e+00
-3.37238730699e+00
-3.33619682882e+00
-3.36092320656e+00
-3.36853036939e+00
-3.35050798650e+00
-3.34391803623e+00
-3.32215586894e+00
-3.32014597214e+00
-3.32112201101e+00
-3.34962952249e+00
-3.36784071718e+00
-3.35676929122e+00
-3.34888055634e+00
-3.34635700782e+00
-3.35765293631e+00
-3.31447470225e+00
-3.32015303712e+00
-3.34117028008e+00
-3.34305944364e+00
-3.32691758262e+00
-3.35332097151e+00
-3.36323080391e+00
-3.33388156246e+00
-3.34245859217e+00
-3.33281090725e+00
-3.35102270651e+00
-3.34221531482e+00
-3.37839969937e+00
-3.34266641438e+00
-3.34119426007e+00
-3.34511082127e+00
-3.38304168609e+00
-3.38014307211e+00
-3.32971959944e+00
-3.33280746778e+00
-3.30521072009e+00
-3.33412172371e+00
-3.34159045023e+00
-3.32932800102e+00
-3.34367564547e+00
-3.34914959271e+00
-3.33942639192e+00
-3.39070622829e+00
-3.35339889123e+00
-3.34645751061e+00
-3.32348302796e+00
-3.37357580292e+00
-3.30246399505e+00
-3.31922017940e+00
-3.33471445508e+00
-3.33381777011e+00
-3.36849159848e+00
-3.36185102480e+00
-3.33658330885e+00
-3.33963316966e+00
-3.33810425299e+00
-3.33695206772e+00
-3.34397500594e+00
-3.35462593750e+00
-3.34411047409e+00
-3.39274556960e+00
-3.33789307235e+00
-3.36176089937e+00
-3.33051818347e+00
-3.36090518076e+00
-3.31282695535e+00
-3.33736778736e+00
-3.34116802415e+00
-3.37331431344e+00
-3.34232056487e+00
-3.37047596107e+00
-3.36995241576e+00
-3.33046516192e+00
-3.36640232349e+00
-3.33444078353e+00
-3.35603596895e+00
-3.37765030053e+00
-3.31032036950e+00
-3.34145711957e+00
-3.34791918556e+00
-3.31670206925e+00
-3.35802046428e+00
-3.34105661822e+00
-3.36658428282e+00
-3.33086995926e+00
-3.34063515685e+00
-3.35530412720e+00
-3.35701157281e+00
-3.32375630474e+00
-3.36680707821e+00
-3.36597549529e+00
-3.34186616916e+00
-3.35984704131e+00
-3.34864854268e+00
-3.34343606194e+00
-3.34286007065e+00
-3.34496200874e+00
-3.36699927509e+00
-3.31515148878e+00
-3.31666579380e+00
-3.36853108281e+00
-3.36070006310e+00
-3.33983790985e+00
-3.35339035534e+00
-3.35072377568e+00
-3.35540894532e+00
-3.35231392723e+00
-3.32754910217e+00
-3.34569590844e+00
-3.34290033470e+00
-3.33174648634e+00
-3.32305317217e+00
-3.36505345813e+00
-3.33756506628e+00
-3.35071003655e+00
-3.33969193403e+00
-3.32868100412e+00
-3.35233211728e+00
-3.37794141903e+00
-3.35270789308e+00
-3.34305316399e+00
-3.34938601555e+00
-3.31034817718e+00
-3.35621719611e+00
-3.32767579408e+00
-3.32094319284e+00
-3.30820702136e+00
-3.34743887792e+00
-3.33306034132e+00
-3.34919833118e+00
-3.37009114040e+00
-3.34384741214e+00
-3.33714170391e+00
-3.33108599736e+00
-3.33400067224e+00
-3.35136936503e+00
-3.35147264454e+00
-3.37278733577e+00
-3.33496402427e+00
-3.37240570618e+00
-3.33145063068e+00
-3.32372056251e+00
-3.35975094295e+00
-3.33298055805e+00
-3.34206877126e+00
-3.33720168395e+00
-3.35103786126e+00
-3.32495020456e+00
-3.34393154356e+00
-3.32479978806e+00
-3.33391832611e+00
-3.34791006612e+00
-3.32916733477e+00
-3.33534204726e+00
-3.37020136675e+00
-3.34251844340e+00
-3.34113015178e+00
-3.34987411201e+00
-3.35089360384e+00
-3.36277064768e+00
-3.34155535269e+00
-3.34410905192e+00
-3.35353194960e+00
-3.34861130937e+00
-3.35258688208e+00
-3.31374753256e+00
-3.35000785292e+00
-3.32207440124e+00
-3.33680500930e+00
-3.34582000830e+00
-3.33876263056e+00
-3.33092795640e+00
-3.36041883227e+00
-3.35778287505e+00
-3.35252491264e+00
-3.35413274453e+00
-3.36477440886e+00
-3.34194028230e+00
-3.36498169763e+00
-3.35083615300e+00
-3.37432235407e+00
-3.34830927033e+00
-3.35602482581e+00
-3.36594426823e+00
-3.34368261962e+00
-3.36597888180e+00
-3.31405110559e+00
-3.32810362839e+00
-3.30826828091e+00
-3.35699870115e+00
-3.32600659530e+00
-3.34648203748e+00
-3.35154320408e+00
-3.34919899001e+00
-3.35768766806e+00
-3.36037407653e+00
-3.36169862223e+00
-3.36268551654e+00
-3.36178909186e+00
-3.33377467290e+00
-3.34510812932e+00
-3.34389294452e+00
-3.33395311463e+00
-3.33724891194e+00
-3.34915631373e+00
-3.33806258511e+00
-3.35173883881e+00
-3.33982766308e+00
-3.33454940314e+00
-3.34014238232e+00
-3.36026116359e+00
-3.31902175225e+00
-3.35177802099e+00
-3.34531307396e+00