1.51899360779e+01
1.51229554690e+01
1.51584983001e+01
1.51517432583e+01
1.52046475407e+01
1.51383102909e+01
1.51729396590e+01
1.52012179269e+01
1.51894947308e+01
1.52580583465e+01
1.51163493287e+01
1.52323051655e+01
1.51960642869e+01
1.52169647329e+01
1.50499070424e+01
1.51761348489e+01
1.51864571684e+01
1.51656263269e+01
1.52394513496e+01
1.52104942645e+01
1.51659468948e+01
1.51684402422e+01
1.51462925763e+01
1.51409694951e+01
1.51921803678e+01
1.51130898961e+01
1.51748320787e+01
1.52756296606e+01
1.51881904747e+01
1.50928615675e+01
1.51546276919e+01
1.52055113185e+01
1.51855708167e+01
1.51640116595e+01
1.52090925509e+01
1.51908070267e+01
1.51955573079e+01
1.50957323657e+01
1.51125124840e+01
1.51310559551e+01
1.51802311402e+01
1.51430313654e+01
1.51437821312e+01
1.51380577456e+01
1.52102825634e+01
1.51498983651e+01
1.51778728456e+01
1.51413827412e+01
1.51758255542e+01
1.51305799894e+01
1.51640574359e+01
1.52182802268e+01
1.51356843166e+01
1.51601275036e+01
1.51669103868e+01
1.51528289325e+01
1.51580448777e+01
1.51893407415e+01
1.51959760977e+01
1.51759276449e+01
1.51068506236e+01
1.51451829143e+01
1.51662663254e+01
1.51863107733e+01
1.52022162721e+01
1.51831705252e+01
1.51803407443e+01
1.52273133949e+01
1.50527418098e+01
1.51737555818e+01
1.50960993136e+01
1.51742007193e+01
1.52278442720e+01
1.50807611223e+01
1.51543487812e+01
1.51892532071e+01
1.51517490740e+01
1.51872800637e+01
1.52294675284e+01
1.51377359261e+01
1.51536598088e+01
1.51641551377e+01
1.51690848203e+01
1.51903634662e+01
1.51123375196e+01
1.52039765063e+01
1.51899999900e+01
1.51720071763e+01
1.51156060278e+01
1.52282751354e+01
1.51716524829e+01
1.51305253072e+01
1.51244616970e+01
1.51908866212e+01
1.51381770096e+01
1.51502334477e+01
1.51967716953e+01
1.51527547205e+01
1.51754489185e+01
1.52112372889e+01
1.52022750933e+01
1.51368539460e+01
1.51478925847e+01
1.50470073411e+01
1.51318612974e+01
1.51698791586e+01
1.52073615732e+01
1.51056160724e+01
1.51342805577e+01
1.51224484111e+01
1.51476657544e+01
1.52481671546e+01
1.51429927507e+01
1.51949357761e+01
1.51513861683e+01
1.52243235916e+01
1.51463978030e+01
1.51606792771e+01
1.52059318197e+01
1.51219282930e+01
1.51508545531e+01
1.51343516167e+01
1.51162838380e+01
1.52419094440e+01
1.51995035133e+01
1.52014794732e+01
1.51214078340e+01
1.51967748286e+01
1.51748853332e+01
1.52659101470e+01
1.51845160349e+01
1.51798065289e+01
1.51804831512e+01
1.51771128250e+01
1.52242709382e+01
1.51693611848e+01
1.51788550335e+01
1.51484736354e+01
1.51255475293e+01
1.50788151949e+01
1.52269207590e+01
1.51510448038e+01
1.51495592908e+01
1.51988907779e+01
1.51900239051e+01
1.51928428768e+01
1.51482584087e+01
1.51867646519e+01
1.51811356938e+01
1.52176291442e+01
1.51926120852e+01
1.51700181570e+01
1.50965059538e+01
1.52460856018e+01
1.51876648128e+01
1.51585135537e+01
1.51230451080e+01
1.51508133935e+01
1.51916579920e+01
1.51890294456e+01
1.51785839551e+01
1.50822174597e+01
1.51637634681e+01
1.52032433425e+01
1.51186152728e+01
1.52291063405e+01
1.51655720879e+01
1.51436772129e+01
1.52346811497e+01
1.51335803883e+01
1.51722212788e+01
1.51410130050e+01
1.51846627572e+01
1.51416731406e+01
1.52204085705e+01
1.52138230560e+01
1.51686772123e+01
1.51278867561e+01
1.51588564400e+01
1.52130925856e+01
1.50651817412e+01
1.51323383655e+01
1.51717321805e+01
1.51625778481e+01
1.50671399194e+01
1.51586514357e+01
1.51762513348e+01
1.50961318710e+01
1.51930152221e+01
1.51704861922e+01
1.51434417384e+01
1.51348146340e+01
1.51852873497e+01
1.51028053896e+01
1.51319871376e+01
1.51564286622e+01
1.51672662284e+01
1.52020496706e+01
1.52256919195e+01
1.51210871704e+01
1.51370729384e+01
1.51830029048e+01
1.51699860562e+01
1.50969452383e+01
1.51033425685e+01
1.52052893593e+01
1.50841993185e+01
1.51325297023e+01
1.51834787127e+01
1.52174238521e+01
1.51862244243e+01
1.51922732631e+01
1.51414972856e+01
1.51628156485e+01
1.51572550211e+01
1.51639096705e+01
1.50721353896e+01
1.52541712331e+01
1.51220231680e+01
1.51642518743e+01
1.51372141577e+01
1.51687127067e+01
1.51294560502e+01
1.52095305004e+01
1.51936178682e+01
1.51518517473e+01
1.51280873497e+01
1.51331073438e+01
1.50911240253e+01
1.51557522510e+01
1.51238231054e+01
1.51754039967e+01
1.52160615092e+01
1.51658462723e+01
1.51422867324e+01
1.51978960740e+01
1.51519349209e+01
1.51504558226e+01
1.51052547640e+01
1.51686745260e+01
1.52138394117e+01
1.51012854576e+01
1.51828860860e+01
1.52124994685e+01
1.51673727745e+01
1.52063296916e+01
1.51846910242e+01
1.51743837355e+01
1.51486997610e+01
1.51861478022e+01
1.52112686784e+01
1.50265451098e+01
1.51301391858e+01
1.51593852892e+01
1.51445142175e+01
1.51802831052e+01
1.51126833717e+01
1.52353342097e+01
1.51819251904e+01
1.51812912320e+01
1.51881909258e+01
1.52052112351e+01
1.51825234209e+01
1.51701662757e+01
1.51885895454e+01
1.51622416536e+01
1.51566321509e+01
1.51764438943e+01
1.52476733969e+01
1.51800178779e+01
1.51664945477e+01
1.51249237523e+01
1.52353694816e+01
1.51586005304e+01
1.52210721940e+01
1.52185956297e+01
1.51386638864e+01
1.51962931948e+01
1.51759726020e+01
1.51203233913e+01
1.52991247987e+01
1.52054706638e+01
1.51072018645e+01
1.52089990071e+01
1.52284649591e+01
1.50896306446e+01
1.51645482674e+01
1.52229288106e+01
1.51507712413e+01
1.51617485023e+01
1.50990375490e+01
1.52034632956e+01
1.51704368474e+01
1.51600746727e+01
1.51540765720e+01
1.52214094727e+01
1.51597901378e+01
1.51446128698e+01
1.51155966900e+01
1.52281380970e+01
1.51698897414e+01
1.51848993564e+01
1.52720712034e+01
1.52154611297e+01
1.52082526728e+01
1.52079659549e+01
1.51895762691e+01
1.51025426209e+01
1.52004027071e+01
1.51940081433e+01
1.51904112616e+01
1.52653374990e+01
1.51265730288e+01
1.51372131336e+01
1.51716611615e+01
1.51362149105e+01
1.51272453873e+01
1.51987957846e+01
1.52020736071e+01
1.51769328510e+01
1.51920839820e+01
1.51991497341e+01
1.51885110268e+01
1.51388375357e+01
1.52207378070e+01
1.51838787366e+01
1.52685803981e+01
1.50431432714e+01
1.51848601159e+01
1.52067135113e+01
1.51787017645e+01
1.52043616700e+01
1.51566439172e+01
1.51781213472e+01
1.51794710859e+01
1.51495043835e+01
1.51981384484e+01
1.51596828336e+01
1.51675824172e+01
1.51801107520e+01
1.52159739640e+01
1.51492475299e+01
1.51436030469e+01
1.51068788522e+01
1.51056333751e+01
1.50640054409e+01
1.51231280076e+01
1.52075507168e+01
1.50666126124e+01
1.51685461802e+01
1.51715169579e+01
1.51682258299e+01
1.51832058432e+01
1.52544318889e+01
1.51947964950e+01
1.52065643150e+01
1.50959766558e+01
1.52583600271e+01
1.52116444922e+01
1.51740640754e+01
1.51106215245e+01
1.51940975639e+01
1.51745217177e+01
1.51478905562e+01
1.52008905975e+01
1.51201948181e+01
1.51967954088e+01
1.50876403735e+01
1.51950700883e+01
1.51599388798e+01
1.52818087072e+01
1.51674007083e+01
1.52319895851e+01
1.51671281913e+01
1.51741880214e+01
1.51777180724e+01
1.51871077559e+01
1.52162634120e+01
1.52825092412e+01
1.51642775786e+01
1.51888836022e+01
1.52130861865e+01
1.52182473308e+01
1.51449213704e+01
1.51566131599e+01
1.52533925846e+01
1.52061348238e+01
1.51501913096e+01
1.51521311583e+01
1.52055334496e+01
1.51102866096e+01
1.51957384954e+01
1.51862491615e+01
1.52244478793e+01
1.51231069234e+01
1.51847433420e+01
1.51954901057e+01
1.52107714500e+01
1.51628513888e+01
1.50478537340e+01
1.51858523388e+01
1.51624180624e+01
1.51740336223e+01
1.51573931030e+01
1.51063843391e+01
1.52006144580e+01
1.52310607897e+01
1.51238017992e+01
1.51830274785e+01
1.51590215393e+01
1.51226193385e+01
1.52820988184e+01
1.51457291235e+01
1.51753413094e+01
1.51265433094e+01
1.51537612127e+01
1.51572770582e+01
1.51809324862e+01
1.51909502477e+01
1.52106907769e+01
1.50979233209e+01
1.52036278857e+01
1.51576077571e+01
1.51099796119e+01
1.52295149701e+01
1.51361308558e+01
1.51904882709e+01
1.51971274952e+01
1.52157461722e+01
1.51894228489e+01
1.51640688877e+01
1.51861504961e+01
1.50955822299e+01
1.51522771499e+01
1.52393752495e+01
1.51045124167e+01
1.52894659045e+01
1.51617530866e+01
1.51991823041e+01
1.51197383888e+01
1.51377605578e+01
1.51011117286e+01
1.51473609980e+01
1.51395886990e+01
1.52414213797e+01
1.51859675048e+01
1.51953382271e+01
1.52324463099e+01
1.51387165443e+01
1.51861286404e+01
1.51407834423e+01
1.52236308583e+01
1.51814170850e+01
1.51456493088e+01
1.51374070773e+01
1.52339137646e+01
1.51988361588e+01
1.51811919575e+01
1.51694366162e+01
1.52162584881e+01
1.52508776348e+01
1.51847156427e+01
1.51697618545e+01
1.52081261229e+01
1.51331498897e+01
1.51476765312e+01
1.51961187899e+01
1.51679058038e+01
1.52429281804e+01
1.51827794391e+01
1.50826750271e+01
1.51994377853e+01
1.52027138300e+01
1.52156709305e+01
1.51555271849e+01
1.52469921241e+01
1.52093357248e+01
1.51493972247e+01
1.52034875099e+01
1.51352794647e+01
1.51788559144e+01
1.50839041965e+01
1.51626297494e+01
1.50971495408e+01
1.51648361691e+01
1.51208631361e+01
1.51352943541e+01
1.51196082131e+01
1.51347018214e+01
1.51998856600e+01
1.51080975153e+01
1.50971699507e+01
1.51814551761e+01
1.50762966507e+01
1.51229077155e+01
1.52251833136e+01
1.51228101081e+01
1.52268828538e+01
1.51849480689e+01
1.52805331460e+01
1.51708870524e+01