0.0670352584836
0.0663687394843
0.0661561324916
0.0648887086968
0.0655723901887
0.0658912608449
0.0669057761847
0.0665868351023
0.0658014693467
0.0656387383716
0.0662185865224
0.0653529459497
0.0656696111181
0.0657601305605
0.0665975663013
0.0655342109163
0.0658437997493
0.0662356746484
0.0655465836082
0.0664871567053
0.0659298220915
0.0655404922671
0.065673376295
0.0655100672179
0.0664418217075
0.0659473167219
0.0672349604498
0.0661733508461
0.0657974717422
0.0661714478976
0.0667661927113
0.0668984374463
0.0663973310634
0.0663100927505
0.0662040823615
0.066137061127
0.0657915701399
0.0665429221642
0.0654873010977
0.0657700613982
0.0662859157095
0.0653986820825
0.066145667941
0.0664860738196
0.0658012342622
0.0663264957281
0.0654311087332
0.0658545936056
0.0652723284051
0.0655206989819
0.0652260605843
0.0652791191832
0.065255656458
0.0647222526094
0.0653609203714
0.0656654420151
0.0657050627335
0.0667599594467
0.0657788170816
0.0670860976642
0.0655898574656
0.0656740863845
0.0655076246063
0.0659091394418
0.0657245310498
0.0659708252656
0.0657929149695
0.0653091982226
0.0670335603881
0.0650046857943
0.066021892896
0.0660569962045
0.0654149343749
0.066134395166
0.0652981241718
0.0662302725086
0.0663127153906
0.0656530187336
0.0646585489946
0.0654103511013
0.065661145682
0.066036071058
0.0646776321002
0.0652056919374
0.0660812337103
0.0658946746681
0.0654469987514
0.0663136614392
0.0648066757969
0.0657201734473
0.0664209016056
0.0658684574913
0.0661904048959
0.0664691974876
0.0657669754892
0.0661786530459
0.0665493922731
0.0660338387335
0.0660852828466
0.0667955226395
0.0652646862664
0.0657867285745
0.0654698129812
0.0659588223881
0.0661053137249
0.0651158461987
0.0659086521155
0.0664367333656
0.0660926763522
0.0659532711884
0.0667428275086
0.0662865972493
0.065840875275
0.0656400853587
0.0663746796875
0.0650803502055
0.0647594893472
0.0657875723868
0.0658481202517
0.0656349750449
0.0655239268552
0.0656904453515
0.0660905145079
0.0652513996781
0.0651710824026
0.0658905188654
0.066436128905
0.0660057505786
0.0651349755706
0.0658461715673
0.0671017725246
0.0654484852104
0.0655802175352
0.065841009217
0.0659826418729
0.0662400281888
0.0661093526715
0.0656564381226
0.0662816363234
0.0659259499384
0.0662414459892
0.0662337660977
0.0668103849664
0.0657819454234
0.0654720246316
0.0662949067701
0.0660061461497
0.0654118847333
0.0663812515848
0.0649677638103
0.0648282108931
0.0659860861978
0.0664936076358
0.0657337114633
0.0647414310483
0.0661077367017
0.065748332244
0.0660666854352
0.066594011346
0.065681491611
0.0655374318612
0.0649255026283
0.0665041047557
0.0657705381044
0.0662416868064
0.066011568569
0.0664396821609
0.0661359804377
0.0658716829892
0.0658692876383
0.0659448594747
0.065868133703
0.0661571731302
0.066089212563
0.0651646452322
0.0653477834543
0.0660757051078
0.0658134350212
0.0663164204685
0.0646795629181
0.0668723238053
0.06634885677
0.0669289538258
0.0661224934516
0.0664796472929
0.0659151962245
0.0660689867469
0.0651535882601
0.0660008323576
0.0662913808422
0.0654281928919
0.0658750828877
0.0669116395633
0.0663608063639
0.0659619374294
0.0665601018191
0.0659358691734
0.0646928315058
0.0660625831906
0.0655221542017
0.0660796760884
0.0658105811984
0.0653572930282
0.0663410026595
0.0661747237158
0.0659013110552
0.0662144290695
0.0655341747496
0.0665357450725
0.0658978888241
0.0650256680912
0.0657341920381
0.0661168816495
0.0649667906835
0.0660275745795
0.0662817526257
0.0660708383403
0.0659302968429
0.065864472505
0.0662135805678
0.0655768262506
0.0670965570702
0.0648294789834
0.0657429100754
0.0661453792749
0.065442696223
0.0655077611669
0.0650969199643
0.0662090103849
0.065622194453
0.066018271505
0.0661984319845
0.0651570619985
0.0650727340463
0.0657439303981
0.0653416321786
0.0651958151215
0.0669918586093
0.0666344000574
0.0649958916895
0.0667865079044
0.0657680673081
0.0661966761163
0.0663249974853
0.0650696872824
0.0653360740629
0.0668115786299
0.066009948803
0.0656417831359
0.0660370079311
0.0653244136187
0.0653219597049
0.0656118530908
0.0652855398521
0.0656132595317
0.0660262578847
0.0662477626097
0.0660830509241
0.0654068097191
0.0654147388563
0.0654913573542
0.0661095392019
0.0658109942777
0.0654251588621
0.0644774578792
0.0653219485671
0.0656807511516
0.0654812187923
0.0659594024132
0.0662099742283
0.0653988887802
0.0665859733896
0.0657411223267
0.0655185162045
0.0661135159088
0.0647271443261
0.0654195150689
0.0660678665725
0.0664399924733
0.0661713744035
0.065858987981
0.0657207627044
0.0653044843435
0.0652516578681
0.0661710498947
0.06534069843
0.0650963939539
0.0658325582179
0.065985236783
0.0653405551977
0.0654996072772
0.0656057396092
0.0660737582317
0.0655246165776
0.0652884472384
0.0653150015452
0.0654674155942
0.0653431868567
0.06567238194
0.0657238531818
0.0649081473557
0.0648284385766
0.0659278248944
0.0651687313122
0.0661746993412
0.0661084900476
0.0658886316718
0.0661074203324
0.065817778152
0.0662331906147
0.0668527739108
0.0652780403483
0.065520184806
0.0652130038723
0.0651634820575
0.0648935001385
0.0652625098263
0.0660804376604
0.0659287028033
0.0658462108686
0.065751420921
0.0658866298966
0.0660692945347
0.0661484797922
0.0658055434222
0.065790813822
0.0659444000604
0.0659302998875
0.0664836556095
0.0651554716007
0.0657234588767
0.0660542961178
0.066459416394
0.0657621395885
0.0660043931763
0.0654298877671
0.0666803563896
0.0647213716711
0.0664414904243
0.0658505129309
0.0663114127673
0.0663185452337
0.0658211774931
0.065928174347
0.0661006762438
0.0660434783573
0.066247737527
0.0655243438846
0.0662950397995
0.0657201139455
0.0658392588989
0.0654324795834
0.0673100998991
0.0643539313427
0.0658005656722
0.0655688703842
0.0658453722433
0.0656227262105
0.0653673756305
0.0651096334942
0.0661673910964
0.0655330485754
0.0655888502017
0.0663052036048
0.0672311242965
0.0652113785001
0.0662211834184
0.0649779404424
0.0663999316111
0.0665502962246
0.0663673761131
0.0659403261591
0.0651502308949
0.0654597673312
0.0653294492465
0.0661701137472
0.0657616592441
0.0671239569316
0.0653105608973
0.0656954036793
0.0663017647996
0.0655544150704
0.0661749007836
0.0654812254839
0.0656029533904
0.064962644982
0.0654245634751
0.0667134527023
0.0656615623096
0.065455794426
0.0660099785962
0.0668204825752
0.0646767571438
0.0662349676785
0.0665859799078
0.0653726429305
0.0657083114099
0.0654848147337
0.0656477624034
0.0653386521901
0.0664465279432
0.0658002184983
0.0654321662753
0.0659577242413
0.0649914728874
0.0662940478576
0.065324971588
0.0669546996647
0.06545515916
0.0648501582754
0.0657110538239
0.0659952895543
0.065965991505
0.0653579082459
0.065766537887
0.0658448706025
0.0654284154191
0.0655770362912
0.0656250657249
0.0645695027559
0.0659201847488
0.0655756724414
0.0659904185647
0.0659321840496
0.0651970973858
0.0649640064622
0.066091428495
0.0657743499229
0.0658537711579
0.0660982878536
0.0666694191406
0.0655940841533
0.0656921030129
0.0662486963136
0.0652127136912
0.0654767133699
0.0659794513757
0.0669592253043
0.0654012309525
0.0657812112313
0.065662256223
0.0659960683926
0.0662559256537
0.066166588569
0.0654473128956
0.0653807250325
0.0656901238504
0.0656500338268
0.0662524977251
0.0644942150322
0.0662118942861
0.0660161132715
0.0666107856949
0.0666539806015
0.0656045557387
0.06565189481
0.0651095021858
0.0656776090507
0.0647811892327
0.06615439241
0.0655246070087
0.0664060477214
0.0654739114888
0.066412522503
0.0652006803944
0.06581717798
0.065149100972
0.0643688450547
0.0648044437836
0.0655356906123
0.0652745794405
0.0664335288969
0.0653240088696
0.0662680855962
0.0663580071448
0.0666509464137
0.0653675886471
0.0655011534062
0.0659026467851
0.0663051967228
0.0657369742876
0.0667301698005
0.0647942750436
0.065107214012
0.0660989353058
0.0658501128288
0.0654264719427
0.0657562851097
0.0661182627679
0.0658086164322
0.0655077095425
0.065488513035
0.0650704330822
0.0659511926248
0.0652547593451
0.0663182838254
0.0654006895371
0.065839854605
0.0662672465776
0.0658655266092
0.0658009318578
