7.26337107027e-01
7.33484924175e-01
7.34059261295e-01
7.38264591033e-01
7.13865663842e-01
7.31043516352e-01
7.39130532991e-01
7.26428270571e-01
7.35896796133e-01
7.45463113129e-01
7.34106415569e-01
7.36544917123e-01
7.42499580996e-01
7.30811226511e-01
7.42631926432e-01
7.39378803169e-01
7.34396905485e-01
7.22556185228e-01
7.29165614936e-01
7.29051594792e-01
7.29468408472e-01
7.34450584155e-01
7.20800842851e-01
7.47379583352e-01
7.26736366444e-01
7.34701190000e-01
7.17569851476e-01
7.33767678086e-01
7.25853273509e-01
7.40981384392e-01
7.32271205697e-01
7.24695488263e-01
7.14149929775e-01
7.36299628889e-01
7.33147428053e-01
7.40165059679e-01
7.36524011077e-01
7.36539380832e-01
7.16095965201e-01
7.43976565235e-01
7.32191163507e-01
7.23823039844e-01
7.29057126799e-01
7.49984430635e-01
7.39479744139e-01
7.44922659945e-01
7.45133249427e-01
7.30734864275e-01
7.41673544358e-01
7.32263047767e-01
7.33747065265e-01
7.38202253700e-01
7.28995993769e-01
7.38440206194e-01
7.21239031037e-01
7.37693295017e-01
7.42523472839e-01
7.27445172193e-01
7.36600824994e-01
7.11960706685e-01
7.44590932827e-01
7.36544777182e-01
7.29633254552e-01
7.44350249587e-01
7.44858857727e-01
7.34203338179e-01
7.27308978990e-01
7.32918905699e-01
7.21555687609e-01
7.20971528158e-01
7.36796475186e-01
7.27279137185e-01
7.46190976682e-01
7.18922605163e-01
7.40309637368e-01
7.23046791897e-01
7.39927060601e-01
7.44169650656e-01
7.43334486321e-01
7.10060693640e-01
7.43823562146e-01
7.31652843538e-01
7.41954948446e-01
7.41393383621e-01
7.33427178305e-01
7.41969527700e-01
7.32291541209e-01
7.40493064624e-01
7.45157751490e-01
7.30391978369e-01
7.48764567733e-01
7.33148232910e-01
7.24760021923e-01
7.21647830238e-01
7.44013682924e-01
7.36017128729e-01
7.31315803957e-01
7.21791474279e-01
7.37820843930e-01
7.24285409245e-01
7.17434332133e-01
7.26991948411e-01
7.35310464766e-01
7.44552238405e-01
7.25031788940e-01
7.27210995319e-01
7.48896691669e-01
7.14056693483e-01
7.30381036493e-01
7.27459090395e-01
7.28001753956e-01
7.40334176909e-01
7.28367942517e-01
7.27924829546e-01
7.31425272564e-01
7.41768598072e-01
7.29347241383e-01
7.24278275091e-01
7.32541551159e-01
7.33813763644e-01
7.30406795146e-01
7.23064099009e-01
7.28380441135e-01
7.44054303184e-01
7.53217650607e-01
7.22996867578e-01
7.28786222379e-01
7.23448364971e-01
7.47770280816e-01
7.35989358116e-01
7.43911638258e-01
7.31991761157e-01
7.44830832539e-01
7.32261872778e-01
7.39374547592e-01
7.35623209624e-01
7.47140979037e-01
7.31854167506e-01
7.23987896691e-01
7.19219208681e-01
7.31336207925e-01
7.18610065915e-01
7.27938019054e-01
7.42425895500e-01
7.41308907111e-01
7.45791877587e-01
7.38998354646e-01
7.27619631781e-01
7.40989320135e-01
7.33026387973e-01
7.37949686009e-01
7.23780421600e-01
7.37549524185e-01
7.30855683666e-01
7.31826503730e-01
7.41533419808e-01
7.39146278608e-01
7.34436862861e-01
7.26816040829e-01
7.26081687198e-01
7.32130216078e-01
7.28721611263e-01
7.38965439925e-01
7.33911124772e-01
7.33451229433e-01
7.50346424928e-01
7.21023027806e-01
7.25697160851e-01
7.37728044733e-01
7.33278875345e-01
7.32473997570e-01
7.40942882214e-01
7.32668882457e-01
7.40117244214e-01
7.27610506706e-01
7.30628903337e-01
7.23630509740e-01
7.36938688969e-01
7.36466503422e-01
7.16596486781e-01
7.17874745078e-01
7.33964127344e-01
7.34969418387e-01
7.38031875767e-01
7.43038442125e-01
7.29995910397e-01
7.30515641084e-01
7.45201889575e-01
7.35713244304e-01
7.26838816778e-01
7.41536014647e-01
7.44161207969e-01
7.34809747237e-01
7.36316831755e-01
7.23910569118e-01
7.41489982247e-01
7.40685255907e-01
7.31254730349e-01
7.35105442392e-01
7.23811561633e-01
7.37410425766e-01
7.27537442765e-01
7.40686265411e-01
7.30564094336e-01
7.50028692059e-01
7.36558242616e-01
7.44884875559e-01
7.34822568000e-01
7.21276194519e-01
7.26762789106e-01
7.43958950826e-01
7.41485845779e-01
7.29385715253e-01
7.39127313422e-01
7.37608176640e-01
7.41825347813e-01
7.34151586448e-01
7.22677042620e-01
7.34011996304e-01
7.27059345551e-01
7.32750367736e-01
7.43522489393e-01
7.28996281773e-01
7.39116417317e-01
7.38800463289e-01
7.46879831758e-01
7.32835886520e-01
7.38415771219e-01
7.37412867400e-01
7.47828343321e-01
7.29837171101e-01
7.18472537651e-01
7.49739981201e-01
7.40740504254e-01
7.39400851723e-01
7.34649574209e-01
7.17812733869e-01
7.43512185461e-01
7.32690697586e-01
7.45069604164e-01
7.27135553195e-01
7.33588056149e-01
7.22656762738e-01
7.40270242238e-01
7.37300997074e-01
7.39541445524e-01
7.35105571843e-01
7.45292419851e-01
7.44238696705e-01
7.36279679472e-01
7.51918249829e-01
7.32223995159e-01
7.28646418195e-01
7.25258768381e-01
7.34550049385e-01
7.28936010163e-01
7.35262826486e-01
7.39454904626e-01
7.39413923151e-01
7.35596490568e-01
7.26147366468e-01
7.32749552969e-01
7.37278966264e-01
7.37762670409e-01
7.31640444705e-01
7.32556960324e-01
7.32614978434e-01
7.42630049474e-01
7.39708369913e-01
7.42047724244e-01
7.32763929776e-01
7.37631141929e-01
7.37106764633e-01
7.28152334012e-01
7.31104674697e-01
7.37409157752e-01
7.35062584538e-01
7.25513402712e-01
7.27634048958e-01
7.22533187861e-01
7.13933689895e-01
7.35471672820e-01
7.29467453785e-01
7.42122855341e-01
7.25117497497e-01
7.43849873578e-01
7.31840971453e-01
7.32468738273e-01
7.30640809364e-01
7.20909726422e-01
7.23741631044e-01
7.40709535656e-01
7.32344401964e-01
7.31348214401e-01
7.29811400320e-01
7.37014057560e-01
7.33321907620e-01
7.24137463721e-01
7.37544587136e-01
7.26056266464e-01
7.31891713905e-01
7.27713354830e-01
7.29280728062e-01
7.39853133129e-01
7.36256418413e-01
7.40913622485e-01
7.39323799713e-01
7.41925124196e-01
7.34823199070e-01
7.31563562811e-01
7.30628412397e-01
7.38660854512e-01
7.25591276530e-01
7.37832012147e-01
7.19132937745e-01
7.20803249038e-01
7.29375164188e-01
7.36871063055e-01
7.45057124794e-01
7.23031061664e-01
7.38992923425e-01
7.37358566382e-01
7.39297671371e-01
7.23530396601e-01
7.29592826802e-01
7.31661449691e-01
7.35358017751e-01
7.51860496127e-01
7.42249150843e-01
7.26064440188e-01
7.34270472906e-01
7.28028805354e-01
7.40676540037e-01
7.34312422083e-01
7.46779798530e-01
7.29652303808e-01
7.36358291980e-01
7.48441965113e-01
7.43092003086e-01
7.24258641389e-01
7.30808080555e-01
7.60407628062e-01
7.22720548141e-01
7.33445659033e-01
7.31476891621e-01
7.38046091824e-01
7.34021045228e-01
7.48245312816e-01
7.25851382474e-01
7.45017520377e-01
7.28723391238e-01
7.43911969591e-01
7.40172428321e-01
7.36923407396e-01
7.26070948655e-01
7.25422661500e-01
7.33444277119e-01
7.46292884621e-01
7.38114802218e-01
7.37439629604e-01
7.27987920976e-01
7.37471304041e-01
7.28481205711e-01
7.28323797349e-01
7.19983319821e-01
7.23306008447e-01
7.40379837013e-01
7.42005288485e-01
7.39910679398e-01
7.18708173733e-01
7.37832720793e-01
7.50321706987e-01
7.19376615373e-01
7.39060511258e-01
7.22649259429e-01
7.34549838859e-01
7.25765431471e-01
7.31452722587e-01
7.29058309129e-01
7.46556513550e-01
7.31866159021e-01
7.24150049444e-01
7.38801720708e-01
7.37568757002e-01
7.32470922828e-01
7.41293291416e-01
7.29757313478e-01
7.25099958435e-01
7.27733387445e-01
7.33499764695e-01
7.38221099105e-01
7.46615033783e-01
7.21830475691e-01
7.26368519727e-01
7.35404635274e-01
7.28014724211e-01
7.38197198273e-01
7.21771756833e-01
7.33984798698e-01
7.33755009058e-01
7.31661509814e-01
7.25072418626e-01
7.42072398411e-01
7.26782546342e-01
7.31408071692e-01
7.24852960722e-01
7.38269890382e-01
7.44037194244e-01
7.32548634823e-01
7.25823991400e-01
7.41823604504e-01
7.32175346942e-01
7.18511987317e-01
7.24991076220e-01
7.36582047240e-01
7.38285344273e-01
7.34315708602e-01
7.36396058257e-01
7.16720672688e-01
7.38419551320e-01
7.32871528241e-01
7.28648895070e-01
7.57003100234e-01
7.45373050584e-01
7.35403011941e-01
7.53590748955e-01
7.37926418930e-01
7.34336717591e-01
7.30388742781e-01
7.36513263083e-01
7.39271935756e-01
7.38030793145e-01
7.35036162163e-01
7.41001417613e-01
7.39446312973e-01
7.34281755468e-01
7.14809995019e-01
7.24915992859e-01
7.08198172041e-01
7.35500055400e-01
7.27561871250e-01
7.39436089722e-01
7.32149709921e-01
7.36966716665e-01
7.36481001003e-01
7.38485758484e-01
7.44822106043e-01
7.19617458096e-01
7.38389295320e-01
7.31469830913e-01
7.34810884638e-01
7.22874641326e-01
7.35191991297e-01
7.47904054208e-01
7.23530233453e-01
7.26560831976e-01
7.44796978567e-01
7.31085519142e-01
7.42251816989e-01
7.13049179337e-01
7.44976847062e-01
7.41866828736e-01
7.34046166709e-01
7.23083979543e-01
7.43252495579e-01
7.35805971776e-01
7.28296870279e-01
7.35954812250e-01
7.48026176583e-01
7.31625099760e-01
7.31379657807e-01
7.41922528485e-01
7.35606976231e-01
7.32290471779e-01
7.20788768204e-01
7.36235721090e-01
7.29250359740e-01
7.43436509770e-01
7.41827073474e-01
7.32050971783e-01
7.26532313130e-01
7.11542874180e-01
7.42033355443e-01
7.17838547209e-01
7.36903803741e-01
7.30164270030e-01
7.33989904917e-01
7.28384657335e-01
7.39280840612e-01
7.37230721226e-01
7.56390127218e-01
7.31431378378e-01
7.48582441009e-01
7.27870956454e-01
7.22799054942e-01
7.36866866676e-01
7.25268779937e-01
7.34180814160e-01
7.27186555174e-01
7.17768585283e-01
7.33622892742e-01