1.20305347089e+00
1.20326469003e+00
1.20290934096e+00
1.20343507126e+00
1.20231299145e+00
1.20291114096e+00
1.20252451755e+00
1.20272099620e+00
1.20300395547e+00
1.20279710214e+00
1.20292949910e+00
1.20306989057e+00
1.20301815661e+00
1.20259855708e+00
1.20291838723e+00
1.20312624253e+00
1.20276229214e+00
1.20178260338e+00
1.20254154485e+00
1.20256896558e+00
1.20262595279e+00
1.20215652359e+00
1.20298406158e+00
1.20213369647e+00
1.20305869087e+00
1.20284140667e+00
1.20256772074e+00
1.20244327844e+00
1.20319288419e+00
1.20299591624e+00
1.20309365642e+00
1.20232863039e+00
1.20242927339e+00
1.20265740718e+00
1.20302447216e+00
1.20210698770e+00
1.20283786420e+00
1.20267298018e+00
1.20273612342e+00
1.20264514852e+00
1.20265751305e+00
1.20234123634e+00
1.20207255621e+00
1.20302591014e+00
1.20295510715e+00
1.20342266576e+00
1.20341791646e+00
1.20264140028e+00
1.20354035426e+00
1.20338471920e+00
1.20226574939e+00
1.20303148432e+00
1.20289701649e+00
1.20297587107e+00
1.20275069855e+00
1.20312163880e+00
1.20286730941e+00
1.20243884199e+00
1.20233232827e+00
1.20279830516e+00
1.20270595313e+00
1.20276857936e+00
1.20295250770e+00
1.20188787290e+00
1.20302646061e+00
1.20270980086e+00
1.20291442913e+00
1.20284186039e+00
1.20265489076e+00
1.20152155880e+00
1.20305998877e+00
1.20297305877e+00
1.20332363423e+00
1.20212490980e+00
1.20259709313e+00
1.20240073788e+00
1.20255176807e+00
1.20234289891e+00
1.20257376670e+00
1.20300921063e+00
1.20260274141e+00
1.20277505948e+00
1.20308074876e+00
1.20215838512e+00
1.20301292144e+00
1.20223718871e+00
1.20289912319e+00
1.20281789683e+00
1.20286795471e+00
1.20231470218e+00
1.20315124817e+00
1.20314102256e+00
1.20205794974e+00
1.20335545218e+00
1.20263645367e+00
1.20237701343e+00
1.20305597788e+00
1.20265754004e+00
1.20304799685e+00
1.20236360837e+00
1.20257371194e+00
1.20306264642e+00
1.20249450469e+00
1.20266295037e+00
1.20289979809e+00
1.20240420956e+00
1.20222901887e+00
1.20195008323e+00
1.20268281418e+00
1.20344077887e+00
1.20251421468e+00
1.20220948592e+00
1.20218891125e+00
1.20374398634e+00
1.20252365510e+00
1.20244065019e+00
1.20363755244e+00
1.20293266790e+00
1.20288237616e+00
1.20341831768e+00
1.20290364673e+00
1.20217436611e+00
1.20137550834e+00
1.20365954325e+00
1.20272347464e+00
1.20380566024e+00
1.20272319300e+00
1.20261303121e+00
1.20338323145e+00
1.20266643908e+00
1.20296704363e+00
1.20332366525e+00
1.20247285477e+00
1.20265081503e+00
1.20290614153e+00
1.20250129005e+00
1.20154769281e+00
1.20386855581e+00
1.20257282171e+00
1.20238525799e+00
1.20352174797e+00
1.20239637578e+00
1.20292896627e+00
1.20259624193e+00
1.20256886503e+00
1.20257517589e+00
1.20258911413e+00
1.20286149502e+00
1.20248000805e+00
1.20261356836e+00
1.20286781920e+00
1.20353648942e+00
1.20253198896e+00
1.20304405372e+00
1.20302144911e+00
1.20297148254e+00
1.20221893377e+00
1.20249819801e+00
1.20253716851e+00
1.20259083245e+00
1.20304687964e+00
1.20339018427e+00
1.20248940107e+00
1.20334371396e+00
1.20233217478e+00
1.20290779921e+00
1.20331291320e+00
1.20277381585e+00
1.20213517747e+00
1.20241343516e+00
1.20322068722e+00
1.20313058806e+00
1.20218750546e+00
1.20330820475e+00
1.20327402158e+00
1.20263744053e+00
1.20292391683e+00
1.20300604639e+00
1.20278796660e+00
1.20171719989e+00
1.20249385247e+00
1.20289897675e+00
1.20253354582e+00
1.20296675109e+00
1.20199837554e+00
1.20279995859e+00
1.20312621916e+00
1.20254285372e+00
1.20307186241e+00
1.20323849950e+00
1.20319680667e+00
1.20274827648e+00
1.20251306944e+00
1.20241852623e+00
1.20282088376e+00
1.20320550508e+00
1.20332200529e+00
1.20275958720e+00
1.20255864439e+00
1.20238716562e+00
1.20234407899e+00
1.20278828561e+00
1.20289617633e+00
1.20264701980e+00
1.20301264969e+00
1.20249997360e+00
1.20350952651e+00
1.20266039857e+00
1.20262536350e+00
1.20311375532e+00
1.20238543286e+00
1.20232154763e+00
1.20304131789e+00
1.20258245741e+00
1.20260135726e+00
1.20276660821e+00
1.20215707443e+00
1.20194590331e+00
1.20288418173e+00
1.20296783442e+00
1.20283322537e+00
1.20379018353e+00
1.20276088241e+00
1.20246905152e+00
1.20274206950e+00
1.20303266396e+00
1.20327832444e+00
1.20264826433e+00
1.20329696657e+00
1.20258803390e+00
1.20357787636e+00
1.20294694496e+00
1.20226534611e+00
1.20208674147e+00
1.20245861494e+00
1.20262316773e+00
1.20313208060e+00
1.20282330314e+00
1.20267762745e+00
1.20246835615e+00
1.20221790549e+00
1.20228013501e+00
1.20279599512e+00
1.20294239923e+00
1.20307216029e+00
1.20294011199e+00
1.20286792393e+00
1.20250177096e+00
1.20351963578e+00
1.20225038019e+00
1.20296748929e+00
1.20275111158e+00
1.20294035084e+00
1.20237727982e+00
1.20317322148e+00
1.20370815009e+00
1.20263601658e+00
1.20202732167e+00
1.20225744876e+00
1.20240227189e+00
1.20240564137e+00
1.20281298858e+00
1.20231617330e+00
1.20317454383e+00
1.20312602656e+00
1.20310287503e+00
1.20223233760e+00
1.20315648208e+00
1.20270185513e+00
1.20241071761e+00
1.20265177668e+00
1.20278870739e+00
1.20280118975e+00
1.20279720050e+00
1.20255313328e+00
1.20296672575e+00
1.20322002374e+00
1.20307202983e+00
1.20285500986e+00
1.20225202328e+00
1.20287984840e+00
1.20310084244e+00
1.20279064410e+00
1.20302020354e+00
1.20300457529e+00
1.20299520313e+00
1.20300728873e+00
1.20266230729e+00
1.20176138938e+00
1.20315364298e+00
1.20256828210e+00
1.20302850125e+00
1.20254260306e+00
1.20245264601e+00
1.20254685020e+00
1.20291949130e+00
1.20213473821e+00
1.20317513498e+00
1.20278190077e+00
1.20274749575e+00
1.20286201815e+00
1.20289719040e+00
1.20241056650e+00
1.20256737184e+00
1.20289211948e+00
1.20222072182e+00
1.20235508548e+00
1.20311745686e+00
1.20282104696e+00
1.20264814489e+00
1.20317758165e+00
1.20264299226e+00
1.20288354782e+00
1.20309678440e+00
1.20305316766e+00
1.20274435322e+00
1.20294057127e+00
1.20223698200e+00
1.20296826858e+00
1.20232413044e+00
1.20337873789e+00
1.20233314124e+00
1.20252028968e+00
1.20318208825e+00
1.20277944390e+00
1.20331756067e+00
1.20240724744e+00
1.20175177985e+00
1.20262386168e+00
1.20313878835e+00
1.20327928831e+00
1.20329162281e+00
1.20246714840e+00
1.20273975046e+00
1.20296916551e+00
1.20272984731e+00
1.20260268697e+00
1.20305528547e+00
1.20262354156e+00
1.20346241625e+00
1.20284634698e+00
1.20258111059e+00
1.20230222529e+00
1.20246505244e+00
1.20273965550e+00
1.20333054047e+00
1.20314588604e+00
1.20280257354e+00
1.20190502435e+00
1.20286488237e+00
1.20232784510e+00
1.20272379758e+00
1.20303143247e+00
1.20365192401e+00
1.20231918820e+00
1.20291436230e+00
1.20231532774e+00
1.20228530204e+00
1.20274257126e+00
1.20261981110e+00
1.20307034856e+00
1.20280760524e+00
1.20345680547e+00
1.20268736539e+00
1.20322340192e+00
1.20295890535e+00
1.20265784837e+00
1.20320798170e+00
1.20289107129e+00
1.20254103976e+00
1.20205815606e+00
1.20245325325e+00
1.20253404868e+00
1.20289031654e+00
1.20291998322e+00
1.20306712211e+00
1.20257559253e+00
1.20327849169e+00
1.20299131689e+00
1.20245213234e+00
1.20203990235e+00
1.20228961684e+00
1.20220508520e+00
1.20347304702e+00
1.20282220326e+00
1.20269551738e+00
1.20274232423e+00
1.20266636767e+00
1.20214979160e+00
1.20276007781e+00
1.20306480595e+00
1.20281048615e+00
1.20204194616e+00
1.20229836187e+00
1.20196783635e+00
1.20317432817e+00
1.20397945222e+00
1.20317606089e+00
1.20312100753e+00
1.20275241531e+00
1.20246995259e+00
1.20259350044e+00
1.20309188041e+00
1.20232885945e+00
1.20249644198e+00
1.20217339429e+00
1.20326592398e+00
1.20294838368e+00
1.20267850513e+00
1.20266711436e+00
1.20230260812e+00
1.20304355397e+00
1.20283409761e+00
1.20293247501e+00
1.20271200132e+00
1.20275373555e+00
1.20290476116e+00
1.20279130738e+00
1.20310972832e+00
1.20277105178e+00
1.20238556907e+00
1.20227630156e+00
1.20261710696e+00
1.20290051019e+00
1.20236203875e+00
1.20346277035e+00
1.20295373439e+00
1.20249613542e+00
1.20313798434e+00
1.20277287547e+00
1.20291715880e+00
1.20284156622e+00
1.20311857387e+00
1.20294925669e+00
1.20229293562e+00
1.20291020094e+00
1.20296431989e+00
1.20229068167e+00
1.20316351928e+00
1.20259021233e+00
1.20310365805e+00
1.20426568741e+00
1.20279041928e+00
1.20293724665e+00
1.20276982284e+00
1.20253062706e+00
1.20168847749e+00
1.20261887572e+00
1.20337314117e+00
1.20327025697e+00
1.20281946366e+00
1.20341840144e+00
1.20304295536e+00
1.20273470536e+00
1.20357654628e+00
1.20301543525e+00
1.20278235110e+00
1.20255941643e+00
1.20320699385e+00
1.20325461075e+00
1.20316203421e+00
1.20331075679e+00
1.20266213435e+00
1.20285007963e+00
1.20269789505e+00
1.20246699243e+00
1.20220799612e+00
1.20219868188e+00
1.20207384978e+00
1.20243589720e+00
1.20284478852e+00
1.20267384419e+00
1.20201075259e+00
1.20261250768e+00
1.20317707168e+00
1.20270411954e+00
1.20242808899e+00
1.20272915249e+00
1.20278800853e+00
1.20362915008e+00
1.20209916020e+00
1.20294797635e+00
1.20208551955e+00
1.20282660070e+00
1.20262180075e+00
1.20245445430e+00
1.20310104259e+00
1.20301229308e+00
1.20327232148e+00
1.20298760247e+00
1.20283707965e+00
1.20273262049e+00
1.20303472449e+00
1.20361689934e+00
1.20386979538e+00
1.20323836184e+00
1.20384779174e+00
1.20336835871e+00
1.20271815103e+00
1.20301133960e+00
1.20274564666e+00