-6.81020298025e+00
-6.80807944069e+00
-6.81115403981e+00
-6.81815823441e+00
-6.81475800689e+00
-6.81555171920e+00
-6.81098015447e+00
-6.81135232968e+00
-6.81136412772e+00
-6.80907491069e+00
-6.81082462717e+00
-6.81092689900e+00
-6.81170202195e+00
-6.80669599999e+00
-6.80846833343e+00
-6.80889261225e+00
-6.81189146907e+00
-6.81349188612e+00
-6.81159579936e+00
-6.81102929049e+00
-6.80931801648e+00
-6.80955008635e+00
-6.80720013440e+00
-6.81481650268e+00
-6.81248111582e+00
-6.81301225515e+00
-6.81214134368e+00
-6.81614478622e+00
-6.80729951073e+00
-6.80751072874e+00
-6.81385103275e+00
-6.81113982096e+00
-6.81374985337e+00
-6.81054115504e+00
-6.81249186142e+00
-6.81448149781e+00
-6.81266621652e+00
-6.81110470119e+00
-6.81406682294e+00
-6.81083663361e+00
-6.81184640211e+00
-6.81141593106e+00
-6.81170330242e+00
-6.81175758015e+00
-6.81298786416e+00
-6.81218196016e+00
-6.81067487507e+00
-6.80794891839e+00
-6.81156528720e+00
-6.80834816918e+00
-6.80892546586e+00
-6.80708689177e+00
-6.81062724592e+00
-6.81259694873e+00
-6.81088586099e+00
-6.81180753637e+00
-6.81122993040e+00
-6.81095968107e+00
-6.81583079484e+00
-6.80935900955e+00
-6.81168764639e+00
-6.80608919701e+00
-6.80579204763e+00
-6.80857527676e+00
-6.81140186094e+00
-6.81081757868e+00
-6.81254652561e+00
-6.81003012812e+00
-6.81011656324e+00
-6.81677312290e+00
-6.80948993952e+00
-6.81437417183e+00
-6.81144954535e+00
-6.81205637641e+00
-6.81463855178e+00
-6.81371828425e+00
-6.81076268652e+00
-6.81120417662e+00
-6.80823834867e+00
-6.81522219149e+00
-6.81031282371e+00
-6.81416966846e+00
-6.80889959873e+00
-6.80767592027e+00
-6.80740896862e+00
-6.80783037621e+00
-6.81865522603e+00
-6.80822733982e+00
-6.80794207418e+00
-6.81478727218e+00
-6.81096260873e+00
-6.80911616616e+00
-6.81174129995e+00
-6.81170647646e+00
-6.81388272971e+00
-6.81088643229e+00
-6.81166773094e+00
-6.81411798818e+00
-6.81342821488e+00
-6.81116157872e+00
-6.81168345256e+00
-6.81001511611e+00
-6.81436016566e+00
-6.81142813580e+00
-6.81505591584e+00
-6.81198291050e+00
-6.81341310772e+00
-6.81734327510e+00
-6.81085659907e+00
-6.80945637885e+00
-6.81383538720e+00
-6.81456986058e+00
-6.81272740640e+00
-6.80883596555e+00
-6.81158606906e+00
-6.80751268794e+00
-6.81627805117e+00
-6.81098295604e+00
-6.80719974867e+00
-6.80947006504e+00
-6.81101492576e+00
-6.80810092096e+00
-6.81244429756e+00
-6.81524322367e+00
-6.81686238705e+00
-6.80968574944e+00
-6.80834137888e+00
-6.81012305270e+00
-6.80940666005e+00
-6.81499507482e+00
-6.80740939599e+00
-6.81065128019e+00
-6.80624398059e+00
-6.81190537734e+00
-6.80829203681e+00
-6.81107460169e+00
-6.81019041147e+00
-6.81115021603e+00
-6.81337008541e+00
-6.81584947627e+00
-6.81109770719e+00
-6.81000443474e+00
-6.81286071655e+00
-6.81256038472e+00
-6.80827723165e+00
-6.80570677910e+00
-6.81534442370e+00
-6.81086820962e+00
-6.81167288954e+00
-6.81115910095e+00
-6.81070807915e+00
-6.80931751918e+00
-6.81026684303e+00
-6.81015251388e+00
-6.80842758068e+00
-6.81067267638e+00
-6.81299841152e+00
-6.80965012234e+00
-6.81199946767e+00
-6.81164597409e+00
-6.81028410911e+00
-6.80878741764e+00
-6.81024866111e+00
-6.80897604936e+00
-6.81493957910e+00
-6.81260050485e+00
-6.81257623772e+00
-6.81119558092e+00
-6.81006233306e+00
-6.81391696111e+00
-6.80997230971e+00
-6.80804965058e+00
-6.81477447304e+00
-6.81332031012e+00
-6.81410917253e+00
-6.81254292096e+00
-6.81079514585e+00
-6.81380376125e+00
-6.81080080019e+00
-6.80953942427e+00
-6.81239404762e+00
-6.81211249039e+00
-6.81232696621e+00
-6.81192533217e+00
-6.81057122705e+00
-6.81193970589e+00
-6.81073849976e+00
-6.81249167234e+00
-6.81192130432e+00
-6.81073636568e+00
-6.80727752305e+00
-6.81187584699e+00
-6.81083123904e+00
-6.81046226304e+00
-6.81238575070e+00
-6.81117045698e+00
-6.80736834566e+00
-6.81237123960e+00
-6.81347110345e+00
-6.81098207817e+00
-6.81118868746e+00
-6.80806665253e+00
-6.80907139866e+00
-6.81540912493e+00
-6.80949327039e+00
-6.81105432093e+00
-6.80736807387e+00
-6.80799226905e+00
-6.81034263058e+00
-6.81087624372e+00
-6.80978325260e+00
-6.80864529151e+00
-6.81203478049e+00
-6.80661387586e+00
-6.81178178673e+00
-6.80993890349e+00
-6.80926633760e+00
-6.81080570825e+00
-6.80655487461e+00
-6.81207319061e+00
-6.80817550726e+00
-6.80783003881e+00
-6.81214699777e+00
-6.81013562531e+00
-6.81238899914e+00
-6.80787908004e+00
-6.81135301566e+00
-6.80975521234e+00
-6.81143597845e+00
-6.81045517906e+00
-6.81130763051e+00
-6.81398861889e+00
-6.80847569049e+00
-6.80873154067e+00
-6.81208055864e+00
-6.81178366426e+00
-6.80880286476e+00
-6.81352912260e+00
-6.81573876307e+00
-6.81249010822e+00
-6.81222592355e+00
-6.81201545609e+00
-6.81485813623e+00
-6.80850624238e+00
-6.81221922308e+00
-6.81030647409e+00
-6.81117452896e+00
-6.80891560169e+00
-6.80921290277e+00
-6.80851413871e+00
-6.80906701575e+00
-6.81308473465e+00
-6.81343467309e+00
-6.81016959292e+00
-6.81423851090e+00
-6.81159056977e+00
-6.81647107415e+00
-6.80828721493e+00
-6.81069598522e+00
-6.81420626999e+00
-6.80930498947e+00
-6.81166581732e+00
-6.80895716343e+00
-6.80901428344e+00
-6.80650577093e+00
-6.80985748680e+00
-6.81065276794e+00
-6.81203129562e+00
-6.81002119934e+00
-6.81109331779e+00
-6.81185019033e+00
-6.80891701298e+00
-6.81008275900e+00
-6.81640642867e+00
-6.80977237179e+00
-6.81106281280e+00
-6.81004937143e+00
-6.81362893865e+00
-6.81443170092e+00
-6.80955532287e+00
-6.81033666064e+00
-6.81023163164e+00
-6.80930055776e+00
-6.81101875226e+00
-6.81372296755e+00
-6.81084063277e+00
-6.81016313346e+00
-6.81341295988e+00
-6.81228489494e+00
-6.81494005986e+00
-6.81139801320e+00
-6.81317385550e+00
-6.81383985978e+00
-6.81096041234e+00
-6.81010809700e+00
-6.81226313788e+00
-6.80578729442e+00
-6.81209681159e+00
-6.80851776537e+00
-6.81116921881e+00
-6.80993758235e+00
-6.80853435026e+00
-6.81092893486e+00
-6.81203226604e+00
-6.81043902058e+00
-6.81057136638e+00
-6.81062294070e+00
-6.80861272271e+00
-6.80973785509e+00
-6.81073391737e+00
-6.81097324428e+00
-6.81101395228e+00
-6.80721235873e+00
-6.81275165524e+00
-6.81055214480e+00
-6.81302223455e+00
-6.81170008656e+00
-6.81287401910e+00
-6.81159530813e+00
-6.80730412245e+00
-6.80828633741e+00
-6.80808050262e+00
-6.81294784839e+00
-6.81288012740e+00
-6.80711798853e+00
-6.81286054380e+00
-6.81173865238e+00
-6.81060143728e+00
-6.80532219671e+00
-6.81103972978e+00
-6.81052423798e+00
-6.80945996206e+00
-6.81014964517e+00
-6.81193519355e+00
-6.80948934191e+00
-6.81209135651e+00
-6.81233321752e+00
-6.81208138049e+00
-6.81149021977e+00
-6.81194729493e+00
-6.81023258282e+00
-6.81390770125e+00
-6.81183496831e+00
-6.81060179241e+00
-6.80902643217e+00
-6.80987017739e+00
-6.81308460641e+00
-6.80963294232e+00
-6.81006397785e+00
-6.81142733441e+00
-6.81073802469e+00
-6.81164081422e+00
-6.81123882496e+00
-6.81048307679e+00
-6.81199773260e+00
-6.81415072193e+00
-6.81061037692e+00
-6.80946135768e+00
-6.81260904204e+00
-6.81147919954e+00
-6.81418345478e+00
-6.80600714988e+00
-6.80788628756e+00
-6.81340060463e+00
-6.81000718508e+00
-6.81515361588e+00
-6.80941572464e+00
-6.81119297052e+00
-6.81080617276e+00
-6.81292083944e+00
-6.80966713361e+00
-6.81049764662e+00
-6.81022063254e+00
-6.81220402276e+00
-6.81265608325e+00
-6.81303468880e+00
-6.81137643940e+00
-6.81150273742e+00
-6.81096722619e+00
-6.81439480542e+00
-6.80782456152e+00
-6.81286603415e+00
-6.81193077220e+00
-6.80839203772e+00
-6.81423411706e+00
-6.80910828308e+00
-6.81076805096e+00
-6.81081335270e+00
-6.81273300749e+00
-6.81171521424e+00
-6.80696823248e+00
-6.81148398329e+00
-6.81165307190e+00
-6.81133047272e+00
-6.80918845964e+00
-6.81152496647e+00
-6.81199065397e+00
-6.81255766313e+00
-6.81044263278e+00
-6.81058682675e+00
-6.81300085358e+00
-6.81244371972e+00
-6.81208751266e+00
-6.81140426140e+00
-6.81146883613e+00
-6.80956799277e+00
-6.81049555241e+00
-6.81361283925e+00
-6.81061211520e+00
-6.81199443941e+00
-6.80811282080e+00
-6.81237389726e+00
-6.80908841867e+00
-6.81383000972e+00
-6.81140877164e+00
-6.81083596239e+00
-6.81356960421e+00
-6.81030581172e+00
-6.80970266518e+00
-6.81278744492e+00
-6.81360014272e+00
-6.81140504925e+00
-6.81282612826e+00
-6.81175038102e+00
-6.81025240150e+00
-6.81028199741e+00
-6.81134888058e+00
-6.80865988231e+00
-6.81015630263e+00
-6.81448646129e+00
-6.81078049318e+00
-6.81098438239e+00
-6.81686668080e+00
-6.81135544220e+00
-6.81015533953e+00
-6.80760038595e+00
-6.80828824869e+00
-6.81373778860e+00
-6.80856672575e+00
-6.80864784107e+00
-6.81019484619e+00
-6.81311421728e+00
-6.81268197320e+00
-6.80994855716e+00
-6.81213751377e+00
-6.81134457144e+00
-6.81557154888e+00
-6.81393700229e+00
-6.81396864160e+00
-6.81145435178e+00
-6.80929442216e+00
-6.81546299459e+00
-6.81046732361e+00
-6.81066692182e+00
-6.81615164392e+00
-6.81006123356e+00
-6.81015556885e+00
-6.81477317179e+00
-6.81388055262e+00
-6.81344482305e+00
-6.81231144683e+00
-6.81136027506e+00
-6.81539085246e+00
-6.81086735594e+00
-6.80861754231e+00
-6.81070038930e+00
-6.80919686467e+00
-6.81201876451e+00
-6.80906099179e+00
-6.80852504883e+00
-6.81121910460e+00
-6.81208835860e+00
-6.81271742979e+00
-6.80976477765e+00
-6.80726426927e+00
-6.80893260315e+00
-6.80862368713e+00
-6.81260914484e+00
-6.81440434227e+00
-6.80579604001e+00
-6.81265532603e+00
-6.80824468875e+00
-6.80797456386e+00
-6.81690959671e+00
-6.80743705488e+00
-6.80815862454e+00
-6.81479968122e+00
-6.81118151780e+00
-6.80807158145e+00
-6.81304218242e+00
-6.81336842939e+00
-6.81450710634e+00
-6.81354541493e+00
-6.81117728440e+00
-6.80994810470e+00
-6.80936182960e+00
-6.80779241583e+00
-6.81352323816e+00
-6.81361469472e+00
-6.81194339715e+00
-6.81112803313e+00