7.18369221777e-01
7.19921739214e-01
7.19827991785e-01
7.21180488041e-01
7.21769190780e-01
7.19897630341e-01
7.18522386680e-01
7.19639465595e-01
7.19613242526e-01
7.19963716391e-01
7.18315941133e-01
7.20029774540e-01
7.20124375115e-01
7.19774306844e-01
7.18528525680e-01
7.19043034912e-01
7.19522971425e-01
7.20858422444e-01
7.21022116522e-01
7.21063590887e-01
7.20611066107e-01
7.19406696469e-01
7.18169601276e-01
7.18348760893e-01
7.19129174209e-01
7.19810247385e-01
7.20874878884e-01
7.20540923905e-01
7.19625463889e-01
7.19461374729e-01
7.18382535333e-01
7.18499908601e-01
7.21095102829e-01
7.19985010126e-01
7.19993998316e-01
7.20398750960e-01
7.17958299272e-01
7.19860940824e-01
7.17727571524e-01
7.20679169722e-01
7.19030805308e-01
7.19915019495e-01
7.18337238725e-01
7.18988967857e-01
7.21442838030e-01
7.20256386419e-01
7.18432417322e-01
7.18018551095e-01
7.20584900035e-01
7.19561253272e-01
7.19701968510e-01
7.18614314497e-01
7.20022605858e-01
7.21314240957e-01
7.20513551705e-01
7.21610519751e-01
7.19905410085e-01
7.18910883299e-01
7.21304322604e-01
7.20812873384e-01
7.19028540200e-01
7.19705851617e-01
7.19259733769e-01
7.20623716647e-01
7.19167084778e-01
7.18692790396e-01
7.20604677476e-01
7.19722806951e-01
7.19906861992e-01
7.19255557625e-01
7.19973481100e-01
7.20199096610e-01
7.19889752148e-01
7.20628198961e-01
7.20207219959e-01
7.19476220836e-01
7.19528222441e-01
7.18434248760e-01
7.18838770824e-01
7.21175219689e-01
7.19289680159e-01
7.18802129356e-01
7.19380033224e-01
7.19955296147e-01
7.18247746382e-01
7.18259141507e-01
7.20720552589e-01
7.19894132239e-01
7.18227722168e-01
7.19966147154e-01
7.19815728613e-01
7.19056703391e-01
7.19417889873e-01
7.18546386062e-01
7.19589853224e-01
7.20512879576e-01
7.19351737748e-01
7.21872404657e-01
7.19891145146e-01
7.18514042323e-01
7.20224563418e-01
7.19201775295e-01
7.20114308175e-01
7.19311653424e-01
7.20816701116e-01
7.19152257495e-01
7.19875041288e-01
7.20388197213e-01
7.19944881535e-01
7.19828569131e-01
7.18934282872e-01
7.19967752532e-01
7.19892109506e-01
7.19078139711e-01
7.20149472752e-01
7.21108544727e-01
7.19885934260e-01
7.18972876641e-01
7.19871907155e-01
7.18755432698e-01
7.20371249805e-01
7.19878749930e-01
7.19954426747e-01
7.20275613884e-01
7.20642175893e-01
7.19203444472e-01
7.20075145477e-01
7.20855582406e-01
7.18997677996e-01
7.20655835636e-01
7.19535045160e-01
7.19609466064e-01
7.18838313202e-01
7.18760360995e-01
7.17453800114e-01
7.18447698933e-01
7.18774698885e-01
7.19212755758e-01
7.18116742408e-01
7.21341448650e-01
7.19749104015e-01
7.19580123182e-01
7.19110869307e-01
7.19439268980e-01
7.20284763163e-01
7.19608685287e-01
7.20136023232e-01
7.19899563845e-01
7.19869138822e-01
7.19242624587e-01
7.19270297106e-01
7.20268581227e-01
7.18989188470e-01
7.20669237234e-01
7.19806364154e-01
7.20077452597e-01
7.19607377481e-01
7.18343244292e-01
7.20906905431e-01
7.20463378484e-01
7.20271389830e-01
7.18801008991e-01
7.18816513421e-01
7.20207450750e-01
7.20613837669e-01
7.20350767849e-01
7.19152900238e-01
7.19854075285e-01
7.18655037653e-01
7.20463432021e-01
7.19479254894e-01
7.18025781113e-01
7.19950876377e-01
7.20226181933e-01
7.20240111421e-01
7.18673142900e-01
7.18413550615e-01
7.19473029074e-01
7.18859125089e-01
7.19755375494e-01
7.19384718351e-01
7.21097692580e-01
7.20077186560e-01
7.18716607850e-01
7.21410193242e-01
7.19380087339e-01
7.20324147091e-01
7.19187445271e-01
7.19982361714e-01
7.21069553032e-01
7.19901277450e-01
7.19334685229e-01
7.20699668206e-01
7.19506655826e-01
7.20148454754e-01
7.17921496388e-01
7.19435465487e-01
7.20648847174e-01
7.20055578517e-01
7.19624561836e-01
7.18475044540e-01
7.17384174323e-01
7.20039397927e-01
7.19963693287e-01
7.18766227881e-01
7.19213451560e-01
7.19561148354e-01
7.21215040623e-01
7.20833404113e-01
7.19064818901e-01
7.19113344135e-01
7.19803067565e-01
7.19831404406e-01
7.19619620758e-01
7.19806805038e-01
7.19772927898e-01
7.18697114427e-01
7.17713130941e-01
7.18636763750e-01
7.20210227270e-01
7.19243643624e-01
7.19569444424e-01
7.19516069747e-01
7.19065608622e-01
7.20152011808e-01
7.18998223633e-01
7.19073914921e-01
7.20513740812e-01
7.20230704043e-01
7.18689651752e-01
7.19774145982e-01
7.20053839332e-01
7.18172186146e-01
7.19855340506e-01
7.20806235449e-01
7.20680394595e-01
7.19357095168e-01
7.18958820827e-01
7.19942762351e-01
7.20290594415e-01
7.19594160472e-01
7.20067645900e-01
7.20919553643e-01
7.19159960901e-01
7.20760036102e-01
7.19220975735e-01
7.18872936785e-01
7.19644121955e-01
7.19792036350e-01
7.20506991220e-01
7.18743409382e-01
7.19542292762e-01
7.20754058931e-01
7.21025255418e-01
7.19451059026e-01
7.19737622154e-01
7.20799448416e-01
7.18227408377e-01
7.19187728603e-01
7.20332762407e-01
7.19671836961e-01
7.20068462090e-01
7.20851686108e-01
7.19625601545e-01
7.18257723123e-01
7.19799251020e-01
7.19432177665e-01
7.20168226761e-01
7.18394981222e-01
7.18692462321e-01
7.20895097272e-01
7.17787573120e-01
7.19319418957e-01
7.20865710732e-01
7.18562318029e-01
7.20014667224e-01
7.20920279365e-01
7.20507530377e-01
7.20312968614e-01
7.19953817098e-01
7.19789521400e-01
7.19884599943e-01
7.17835495868e-01
7.19998161151e-01
7.20223916283e-01
7.18554485117e-01
7.19466399165e-01
7.19752928958e-01
7.19586746619e-01
7.20405506091e-01
7.20032252523e-01
7.20776860076e-01
7.19483002258e-01
7.20400692684e-01
7.19604995812e-01
7.19425965738e-01
7.17059153690e-01
7.20144114581e-01
7.18682669605e-01
7.21210314868e-01
7.20018274921e-01
7.18382538558e-01
7.19742949495e-01
7.19176568320e-01
7.21179437892e-01
7.18724281670e-01
7.17711524192e-01
7.20768702528e-01
7.17191276692e-01
7.19849726749e-01
7.20278609583e-01
7.18231726448e-01
7.19297011104e-01
7.19749525181e-01
7.20050266241e-01
7.19535754373e-01
7.20338217049e-01
7.19727293586e-01
7.18879617573e-01
7.18302772123e-01
7.20428789399e-01
7.20601961987e-01
7.19698715529e-01
7.21315260162e-01
7.18653294208e-01
7.18526143331e-01
7.20105545067e-01
7.18386176875e-01
7.18439361382e-01
7.19848258369e-01
7.19688637356e-01
7.19574148652e-01
7.20981072411e-01
7.18693676686e-01
7.20958240138e-01
7.19986811094e-01
7.19847613316e-01
7.19763778812e-01
7.19242450840e-01
7.19601266473e-01
7.19890132009e-01
7.19500003872e-01
7.20197918703e-01
7.20584568015e-01
7.19908807892e-01
7.18971149695e-01
7.19515308335e-01
7.19766746371e-01
7.18767865130e-01
7.20356072572e-01
7.18878992866e-01
7.21520606934e-01
7.19441329186e-01
7.19722595310e-01
7.19374278655e-01
7.20719144504e-01
7.20297615226e-01
7.20181665868e-01
7.20608556978e-01
7.19478846018e-01
7.19374395983e-01
7.18572226090e-01
7.19879721413e-01
7.19854902351e-01
7.19698551140e-01
7.20764081263e-01
7.19708550481e-01
7.20308001858e-01
7.19752771600e-01
7.19644078022e-01
7.18741081145e-01
7.19303252537e-01
7.18280945414e-01
7.17936872288e-01
7.21155229512e-01
7.19556514701e-01
7.19943120399e-01
7.19720426226e-01
7.19617520404e-01
7.20329788828e-01
7.18594707841e-01
7.19344469404e-01
7.18993809702e-01
7.18910131506e-01
7.19949462074e-01
7.19386517702e-01
7.19069602289e-01
7.18835977006e-01
7.20084172685e-01
7.20319750327e-01
7.18249461313e-01
7.18678032945e-01
7.19750054621e-01
7.19457688087e-01
7.17795976328e-01
7.19870174528e-01
7.19798691271e-01
7.19376774855e-01
7.20163217445e-01
7.19287906776e-01
7.20464399654e-01
7.21279328956e-01
7.19365926302e-01
7.21897460308e-01
7.20048368969e-01
7.19926625396e-01
7.19740815707e-01
7.18969912250e-01
7.18848864918e-01
7.19673313116e-01
7.20067719824e-01
7.22301388255e-01
7.20506315075e-01
7.20794506535e-01
7.20091757439e-01
7.17516235197e-01
7.19866236261e-01
7.19456959696e-01
7.19040802943e-01
7.20411536757e-01
7.19502280607e-01
7.20047605224e-01
7.19641168858e-01
7.19826966491e-01
7.19262321661e-01
7.18876719089e-01
7.17191575742e-01
7.19013794469e-01
7.20236732035e-01
7.18937267145e-01
7.18380576354e-01
7.18697451288e-01
7.20437633961e-01
7.20094386822e-01
7.19503091303e-01
7.19915662883e-01
7.18608297888e-01
7.19110212560e-01
7.18942869492e-01
7.18792647530e-01
7.20624085461e-01
7.20584738213e-01
7.20257601031e-01
7.18047948259e-01
7.20967486806e-01
7.20395545606e-01
7.19289507096e-01
7.19775948822e-01
7.20040048807e-01
7.19838866612e-01
7.19409181630e-01
7.20608437287e-01
7.19244724322e-01
7.19606810518e-01
7.21624240387e-01
7.19237622291e-01
7.18646855981e-01
7.20682535087e-01
7.18602178761e-01
7.19869123406e-01
7.20439837725e-01
7.21484126362e-01
7.20843309680e-01
7.20998606427e-01
7.19988544393e-01
7.19570065561e-01
7.18557773450e-01
7.20590569931e-01
7.19468844957e-01
7.18749911864e-01
7.21360292329e-01
7.19883430950e-01
7.21683590406e-01
7.20940060052e-01
7.20324313681e-01
7.19650338430e-01
7.19230055496e-01
7.21163943146e-01
7.20642832658e-01
7.19721065875e-01
7.20264890718e-01
7.19614214401e-01
7.19911811553e-01
7.20617384897e-01
7.17625676126e-01
7.19700059453e-01
7.19087136115e-01
7.19819682754e-01
7.20480086711e-01
7.18556913108e-01
7.20239486167e-01
7.20774412588e-01
7.20200299006e-01
7.20233552099e-01
7.21301643458e-01
7.19160255343e-01
7.19498894990e-01
7.20552721811e-01
7.20149930559e-01
7.20187358786e-01
7.19701005915e-01