2.30432236175e+00
2.30372492934e+00
2.30462859402e+00
2.30669325059e+00
2.30617040324e+00
2.30538080491e+00
2.30391040630e+00
2.30378498833e+00
2.30373238278e+00
2.30599730576e+00
2.30486684013e+00
2.30478951709e+00
2.30450378982e+00
2.30479796458e+00
2.30297457734e+00
2.30366052213e+00
2.30543236875e+00
2.30480260760e+00
2.30500837378e+00
2.30503150850e+00
2.30383809139e+00
2.30414354194e+00
2.30327379931e+00
2.30401820229e+00
2.30317265074e+00
2.30485984940e+00
2.30592132105e+00
2.30729727617e+00
2.30358501674e+00
2.30422873282e+00
2.30489317872e+00
2.30367061292e+00
2.30557016143e+00
2.30519386662e+00
2.30439843773e+00
2.30487516146e+00
2.30630157184e+00
2.30465461865e+00
2.30568540393e+00
2.30615478809e+00
2.30448872855e+00
2.30565592379e+00
2.30356366603e+00
2.30412377349e+00
2.30680546922e+00
2.30537224827e+00
2.30453212869e+00
2.30291037028e+00
2.30518521944e+00
2.30287604374e+00
2.30345670683e+00
2.30329192759e+00
2.30462096300e+00
2.30533331231e+00
2.30547142593e+00
2.30609952523e+00
2.30461753492e+00
2.30429643812e+00
2.30690988887e+00
2.30369652249e+00
2.30557716867e+00
2.30376498961e+00
2.30409824397e+00
2.30478962420e+00
2.30457265328e+00
2.30394535905e+00
2.30473353687e+00
2.30548726211e+00
2.30422487555e+00
2.30629784846e+00
2.30532425529e+00
2.30604633291e+00
2.30435321906e+00
2.30534508867e+00
2.30536796212e+00
2.30471239730e+00
2.30529062789e+00
2.30375610253e+00
2.30354061177e+00
2.30457819315e+00
2.30542994520e+00
2.30595259650e+00
2.30367532639e+00
2.30510084500e+00
2.30423570010e+00
2.30306531523e+00
2.30748761360e+00
2.30475282217e+00
2.30423208572e+00
2.30644781757e+00
2.30353263869e+00
2.30401134777e+00
2.30575384024e+00
2.30529221191e+00
2.30530040562e+00
2.30452972752e+00
2.30454748158e+00
2.30613852064e+00
2.30500134493e+00
2.30364074427e+00
2.30463088560e+00
2.30502188482e+00
2.30560629228e+00
2.30546458577e+00
2.30663401296e+00
2.30472651927e+00
2.30478715205e+00
2.30607314859e+00
2.30417869269e+00
2.30433897812e+00
2.30439081249e+00
2.30539427113e+00
2.30554864679e+00
2.30455633747e+00
2.30546172251e+00
2.30373227251e+00
2.30537745529e+00
2.30474891108e+00
2.30375291295e+00
2.30376903073e+00
2.30501644696e+00
2.30417808256e+00
2.30506446287e+00
2.30610158949e+00
2.30612348756e+00
2.30445926989e+00
2.30367162942e+00
2.30480799409e+00
2.30346308867e+00
2.30651981065e+00
2.30370271392e+00
2.30464193514e+00
2.30253171115e+00
2.30490174371e+00
2.30300892974e+00
2.30387518823e+00
2.30478942958e+00
2.30476745936e+00
2.30497828287e+00
2.30634599763e+00
2.30425637302e+00
2.30307212863e+00
2.30415696939e+00
2.30497501386e+00
2.30434425176e+00
2.30213709685e+00
2.30520750814e+00
2.30545062242e+00
2.30421129402e+00
2.30469424885e+00
2.30456996188e+00
2.30428421645e+00
2.30457678620e+00
2.30523352740e+00
2.30377412310e+00
2.30583023724e+00
2.30436975314e+00
2.30381109142e+00
2.30523396082e+00
2.30575717127e+00
2.30478316893e+00
2.30392021210e+00
2.30367196980e+00
2.30350217597e+00
2.30479082001e+00
2.30542013225e+00
2.30522701266e+00
2.30428157464e+00
2.30437592640e+00
2.30533664253e+00
2.30383634304e+00
2.30354580489e+00
2.30577181450e+00
2.30516166749e+00
2.30602853759e+00
2.30441373642e+00
2.30522234273e+00
2.30480638878e+00
2.30534249774e+00
2.30453412152e+00
2.30513908244e+00
2.30585575757e+00
2.30413764234e+00
2.30389301030e+00
2.30435984244e+00
2.30429263354e+00
2.30292540366e+00
2.30523070079e+00
2.30473577465e+00
2.30535498992e+00
2.30354659798e+00
2.30486650815e+00
2.30491383257e+00
2.30398635285e+00
2.30482770361e+00
2.30401323531e+00
2.30402251370e+00
2.30471124134e+00
2.30529896177e+00
2.30397175765e+00
2.30381784667e+00
2.30423673252e+00
2.30389986889e+00
2.30535680509e+00
2.30364862124e+00
2.30470150133e+00
2.30467375316e+00
2.30478836626e+00
2.30399870459e+00
2.30365441288e+00
2.30556058641e+00
2.30498563781e+00
2.30418494584e+00
2.30525856527e+00
2.30475538784e+00
2.30443807367e+00
2.30350040884e+00
2.30459465340e+00
2.30366305702e+00
2.30494213716e+00
2.30456941554e+00
2.30368260851e+00
2.30499616373e+00
2.30512944699e+00
2.30589708637e+00
2.30411527855e+00
2.30493158997e+00
2.30338092859e+00
2.30488430206e+00
2.30360642173e+00
2.30450381341e+00
2.30511657148e+00
2.30442896506e+00
2.30459650046e+00
2.30543324916e+00
2.30566239025e+00
2.30490782649e+00
2.30475341915e+00
2.30611650767e+00
2.30524081041e+00
2.30484489613e+00
2.30536868238e+00
2.30617877636e+00
2.30397244285e+00
2.30580328294e+00
2.30483146653e+00
2.30469735957e+00
2.30416544330e+00
2.30514520429e+00
2.30357153545e+00
2.30422985925e+00
2.30560853837e+00
2.30617412215e+00
2.30536740778e+00
2.30555251959e+00
2.30465517933e+00
2.30620603800e+00
2.30366696011e+00
2.30489323351e+00
2.30571343158e+00
2.30596031364e+00
2.30501269142e+00
2.30552797083e+00
2.30371360939e+00
2.30350537403e+00
2.30541357903e+00
2.30533026610e+00
2.30595044797e+00
2.30373465949e+00
2.30436895745e+00
2.30485211421e+00
2.30304755700e+00
2.30398530712e+00
2.30623915825e+00
2.30495391153e+00
2.30480595989e+00
2.30519192755e+00
2.30540802358e+00
2.30494708780e+00
2.30378306333e+00
2.30361216324e+00
2.30372360910e+00
2.30294389042e+00
2.30415186379e+00
2.30478129961e+00
2.30441357125e+00
2.30365304461e+00
2.30571457848e+00
2.30464666547e+00
2.30565481906e+00
2.30516194450e+00
2.30555478945e+00
2.30516221108e+00
2.30320991219e+00
2.30411016363e+00
2.30530952976e+00
2.30318322364e+00
2.30563866525e+00
2.30398660371e+00
2.30495493457e+00
2.30451423428e+00
2.30426308421e+00
2.30390681230e+00
2.30547707531e+00
2.30562271212e+00
2.30515244997e+00
2.30394333704e+00
2.30407623885e+00
2.30346304286e+00
2.30484762135e+00
2.30516651884e+00
2.30442476546e+00
2.30391754219e+00
2.30524190866e+00
2.30397220179e+00
2.30557801436e+00
2.30507879346e+00
2.30436458786e+00
2.30402011807e+00
2.30341453288e+00
2.30424037527e+00
2.30486999142e+00
2.30426955288e+00
2.30517076279e+00
2.30315405488e+00
2.30463316956e+00
2.30543100427e+00
2.30345524653e+00
2.30177859570e+00
2.30429618270e+00
2.30454498197e+00
2.30399491728e+00
2.30532693530e+00
2.30594977760e+00
2.30546971819e+00
2.30476648245e+00
2.30578122901e+00
2.30453101225e+00
2.30388312438e+00
2.30427323201e+00
2.30470718937e+00
2.30498507900e+00
2.30463483453e+00
2.30417752371e+00
2.30301706021e+00
2.30503698828e+00
2.30533445518e+00
2.30431739389e+00
2.30409140573e+00
2.30593913297e+00
2.30354273040e+00
2.30530393074e+00
2.30461489428e+00
2.30531007301e+00
2.30419607420e+00
2.30492519938e+00
2.30426692666e+00
2.30469737569e+00
2.30601359211e+00
2.30416698742e+00
2.30490670197e+00
2.30284972188e+00
2.30415711607e+00
2.30522777864e+00
2.30392534015e+00
2.30603373367e+00
2.30440715629e+00
2.30502833892e+00
2.30511008086e+00
2.30412238249e+00
2.30340326303e+00
2.30351438180e+00
2.30332008903e+00
2.30428550567e+00
2.30436716649e+00
2.30523897999e+00
2.30576551732e+00
2.30414667119e+00
2.30512126088e+00
2.30578671877e+00
2.30310863653e+00
2.30461932998e+00
2.30441720995e+00
2.30410638736e+00
2.30528811625e+00
2.30419762377e+00
2.30491890337e+00
2.30346307422e+00
2.30551485883e+00
2.30576074438e+00
2.30208011004e+00
2.30448689673e+00
2.30596880303e+00
2.30488059041e+00
2.30337240599e+00
2.30508606412e+00
2.30653312297e+00
2.30503583501e+00
2.30381963548e+00
2.30413826204e+00
2.30457460203e+00
2.30600333997e+00
2.30502917587e+00
2.30554040250e+00
2.30535088839e+00
2.30516693447e+00
2.30444069663e+00
2.30490151471e+00
2.30454227261e+00
2.30514879081e+00
2.30401887486e+00
2.30516140375e+00
2.30466748372e+00
2.30486372022e+00
2.30525757348e+00
2.30434014867e+00
2.30628887781e+00
2.30409109942e+00
2.30519514978e+00
2.30545013932e+00
2.30491945540e+00
2.30463222133e+00
2.30423962271e+00
2.30510992985e+00
2.30401939076e+00
2.30358506967e+00
2.30456647858e+00
2.30400151224e+00
2.30487221565e+00
2.30541156056e+00
2.30301029283e+00
2.30473547948e+00
2.30561902953e+00
2.30430046117e+00
2.30384688073e+00
2.30349283411e+00
2.30290712446e+00
2.30574487331e+00
2.30373488090e+00
2.30392942188e+00
2.30543213173e+00
2.30507554462e+00
2.30576586970e+00
2.30321360295e+00
2.30541019060e+00
2.30432379570e+00
2.30499755978e+00
2.30481986438e+00
2.30515719684e+00
2.30504381080e+00
2.30353675971e+00
2.30670784804e+00
2.30413680291e+00
2.30374461492e+00
2.30631642581e+00
2.30503593318e+00
2.30387982508e+00
2.30542425851e+00
2.30562753868e+00
2.30580017506e+00
2.30426592124e+00
2.30528323848e+00
2.30527767354e+00
2.30519715973e+00
2.30469352738e+00
2.30344124637e+00
2.30438803727e+00
2.30560805270e+00
2.30377772481e+00
2.30381185752e+00
2.30619254352e+00
2.30484004382e+00
2.30572244740e+00
2.30467667106e+00
2.30406745717e+00
2.30437572550e+00
2.30507386399e+00
2.30469818069e+00
2.30526264644e+00
2.30341742356e+00
2.30548081284e+00
2.30312637514e+00
2.30347104829e+00
2.30509626077e+00
2.30348703036e+00
2.30474223445e+00
2.30561819848e+00
2.30405107530e+00
2.30355429622e+00
2.30552782671e+00
2.30544569549e+00
2.30475329879e+00
2.30589901155e+00
2.30474136901e+00
2.30425622732e+00
2.30445953976e+00
2.30451087806e+00
2.30564214992e+00
2.30555246970e+00
2.30482458879e+00
2.30469378084e+00