1.09991332309e+00
1.10017626027e+00
1.10001350719e+00
1.10185189315e+00
1.10169745462e+00
1.10067960058e+00
1.10002940600e+00
1.09981608915e+00
1.09968922924e+00
1.10102718960e+00
1.10076645420e+00
1.10092697198e+00
1.10053022982e+00
1.10074401367e+00
1.10051868783e+00
1.10020116456e+00
1.10085423867e+00
1.10057675722e+00
1.10068460804e+00
1.10073831662e+00
1.10119576571e+00
1.09999613234e+00
1.10029256809e+00
1.10028074689e+00
1.10006596235e+00
1.10075049921e+00
1.10071038446e+00
1.10118210849e+00
1.10028736769e+00
1.10027984138e+00
1.10052972201e+00
1.10030651686e+00
1.10090552998e+00
1.10021971875e+00
1.10094513140e+00
1.10140939059e+00
1.10089970897e+00
1.10063266375e+00
1.10025366372e+00
1.10147120300e+00
1.10026360597e+00
1.10084470840e+00
1.10041959053e+00
1.10018701053e+00
1.10141616819e+00
1.10123664922e+00
1.10053153412e+00
1.09962348405e+00
1.10128919079e+00
1.10005932448e+00
1.10046330537e+00
1.09977667945e+00
1.10058641555e+00
1.10122793833e+00
1.10059944767e+00
1.10148712375e+00
1.10114860350e+00
1.10042086842e+00
1.10157711636e+00
1.10016835471e+00
1.10157102040e+00
1.09988601242e+00
1.09990876222e+00
1.10079158496e+00
1.10073140770e+00
1.09995595691e+00
1.10120781964e+00
1.10021834509e+00
1.10021887333e+00
1.10114732919e+00
1.10116607802e+00
1.10079484416e+00
1.10100072381e+00
1.10075967294e+00
1.10080357694e+00
1.10108946194e+00
1.10094968212e+00
1.10054829228e+00
1.10043245189e+00
1.10087145827e+00
1.10048596732e+00
1.10123174046e+00
1.10047508674e+00
1.10119399529e+00
1.10016120358e+00
1.09952791783e+00
1.10224018109e+00
1.10058091345e+00
1.10062553552e+00
1.10130043207e+00
1.10043903188e+00
1.10047103303e+00
1.10044733087e+00
1.10043127717e+00
1.10094899455e+00
1.10056647384e+00
1.10023063574e+00
1.10131734497e+00
1.10033812867e+00
1.09992545107e+00
1.10079603021e+00
1.10048866201e+00
1.10091382139e+00
1.10113658516e+00
1.10130139645e+00
1.10050740800e+00
1.10070428283e+00
1.10085046152e+00
1.10090791886e+00
1.10046020673e+00
1.10055708095e+00
1.10031576821e+00
1.10091196718e+00
1.10034400537e+00
1.10086145425e+00
1.10076834370e+00
1.10128860479e+00
1.10044945997e+00
1.09995293599e+00
1.10024534290e+00
1.10064486972e+00
1.10057200995e+00
1.10064119253e+00
1.10163409286e+00
1.10117826420e+00
1.10044143976e+00
1.10052774236e+00
1.10051254197e+00
1.09992825748e+00
1.10137352425e+00
1.10025715169e+00
1.10063866897e+00
1.09955035911e+00
1.10037830312e+00
1.09913007240e+00
1.10017737289e+00
1.10073696008e+00
1.10010044841e+00
1.10058962267e+00
1.10137770728e+00
1.10031387546e+00
1.09986140773e+00
1.10050784023e+00
1.10078975759e+00
1.10076876474e+00
1.09994589630e+00
1.10095486162e+00
1.10123300918e+00
1.10071564281e+00
1.10096734995e+00
1.10010697874e+00
1.10085925770e+00
1.10044076984e+00
1.10139167788e+00
1.09977270442e+00
1.10091817388e+00
1.10059877173e+00
1.10050220439e+00
1.10098254950e+00
1.10032951195e+00
1.10050421546e+00
1.10029282216e+00
1.10018970451e+00
1.10048224442e+00
1.10143360619e+00
1.10093911972e+00
1.10033479170e+00
1.10047213133e+00
1.10037414995e+00
1.10058701862e+00
1.09961421742e+00
1.09941451701e+00
1.10170566607e+00
1.10112417870e+00
1.10136284793e+00
1.10079079228e+00
1.10023411996e+00
1.10032592437e+00
1.10039132064e+00
1.10007411302e+00
1.10039450177e+00
1.10022099280e+00
1.10028907284e+00
1.10052859313e+00
1.10094129381e+00
1.10042360375e+00
1.09973862194e+00
1.10088231695e+00
1.10022529961e+00
1.10044515356e+00
1.10056778292e+00
1.10130352127e+00
1.10101105110e+00
1.10010717425e+00
1.10092575659e+00
1.10083346985e+00
1.10083422680e+00
1.10082280618e+00
1.10064788410e+00
1.10088892964e+00
1.10060210538e+00
1.10005534438e+00
1.09987768778e+00
1.10127804115e+00
1.10039973362e+00
1.10080811063e+00
1.10062184808e+00
1.10076881245e+00
1.10062233690e+00
1.10064962386e+00
1.10134485207e+00
1.10012304044e+00
1.10058278607e+00
1.10148405097e+00
1.10052518155e+00
1.10021661436e+00
1.09990892722e+00
1.10033110981e+00
1.10038707007e+00
1.10059417113e+00
1.10008230750e+00
1.09983297885e+00
1.10068593783e+00
1.09985844223e+00
1.10082695280e+00
1.10049097302e+00
1.10020491987e+00
1.10039674233e+00
1.10034168963e+00
1.09998305344e+00
1.10041312046e+00
1.10024061384e+00
1.10046623503e+00
1.10081960048e+00
1.10082529675e+00
1.10078870796e+00
1.10028662364e+00
1.10023739230e+00
1.10132346534e+00
1.10105996430e+00
1.10085423701e+00
1.10062694189e+00
1.10150576996e+00
1.10010431931e+00
1.10086108846e+00
1.10026111530e+00
1.10052995156e+00
1.10041771240e+00
1.10085436378e+00
1.10023080626e+00
1.10057337608e+00
1.10123558832e+00
1.10169908774e+00
1.10129738281e+00
1.10095048030e+00
1.10063859079e+00
1.10185351872e+00
1.09955127383e+00
1.10010559318e+00
1.10089040320e+00
1.10056940943e+00
1.10039220931e+00
1.10124255893e+00
1.10074923687e+00
1.10013830285e+00
1.10105113046e+00
1.10083915602e+00
1.10087266674e+00
1.10054625092e+00
1.10031497530e+00
1.10048991879e+00
1.10004893226e+00
1.10043407253e+00
1.10149740764e+00
1.09994779655e+00
1.10102964181e+00
1.10116400647e+00
1.10128961182e+00
1.10136621522e+00
1.09986677057e+00
1.09979732951e+00
1.10027955975e+00
1.09989845381e+00
1.10037863834e+00
1.10082848393e+00
1.10053313730e+00
1.09969545944e+00
1.10082200418e+00
1.09998701737e+00
1.10099963795e+00
1.10070365453e+00
1.10126494837e+00
1.10044698926e+00
1.10001379492e+00
1.09987089265e+00
1.10036998630e+00
1.09963511537e+00
1.10035934177e+00
1.10010222005e+00
1.10071303517e+00
1.10074312800e+00
1.09978771657e+00
1.10048389853e+00
1.10077698281e+00
1.10044112998e+00
1.10038920877e+00
1.09962624024e+00
1.10059209917e+00
1.09940736676e+00
1.10041090148e+00
1.10071232234e+00
1.10005754905e+00
1.10040950465e+00
1.10002755383e+00
1.10051682951e+00
1.10076222334e+00
1.10060816899e+00
1.10032354043e+00
1.10036967436e+00
1.10016630298e+00
1.10061564111e+00
1.10035343401e+00
1.10039533211e+00
1.10127047209e+00
1.10006853943e+00
1.09999140932e+00
1.10056874214e+00
1.09994038127e+00
1.09967000262e+00
1.10073732749e+00
1.10064259029e+00
1.10069809796e+00
1.10093920489e+00
1.10062887930e+00
1.10180737656e+00
1.10043306946e+00
1.10093896063e+00
1.10077855624e+00
1.10058457151e+00
1.10026224676e+00
1.09998834060e+00
1.10062268899e+00
1.10017650166e+00
1.10078111028e+00
1.10014298370e+00
1.10014347207e+00
1.10072997809e+00
1.10080609471e+00
1.09990383516e+00
1.10079435551e+00
1.10031035565e+00
1.10103238528e+00
1.10070107749e+00
1.10085779742e+00
1.10035840373e+00
1.10087324649e+00
1.10061743152e+00
1.10082154687e+00
1.10131189170e+00
1.10014436993e+00
1.10036609893e+00
1.09969088785e+00
1.10039140226e+00
1.10046788281e+00
1.09994307935e+00
1.10119365035e+00
1.10090977426e+00
1.10117755784e+00
1.10109161640e+00
1.10003556341e+00
1.10002843379e+00
1.10012347745e+00
1.10006522488e+00
1.10085134420e+00
1.10124933786e+00
1.10094932164e+00
1.10088624663e+00
1.09999049181e+00
1.10063584956e+00
1.10144995530e+00
1.09925199140e+00
1.10078966535e+00
1.10036321328e+00
1.10004763389e+00
1.10124553888e+00
1.10077442368e+00
1.10099746769e+00
1.09989603124e+00
1.10112057672e+00
1.10063327376e+00
1.09922015571e+00
1.10082341026e+00
1.10131910992e+00
1.10075786948e+00
1.09978971472e+00
1.10086166911e+00
1.10131106633e+00
1.10102440567e+00
1.10098800151e+00
1.10056905948e+00
1.10048253864e+00
1.10100486462e+00
1.10062707145e+00
1.10110804133e+00
1.10106647738e+00
1.10053818792e+00
1.10046935980e+00
1.10085953826e+00
1.10021346913e+00
1.10050260539e+00
1.10064952390e+00
1.10066079164e+00
1.09994825048e+00
1.10064489786e+00
1.10073818317e+00
1.10003919369e+00
1.10120173509e+00
1.10046686837e+00
1.10000100768e+00
1.10136671653e+00
1.10105214239e+00
1.10081045248e+00
1.10109199983e+00
1.10072409362e+00
1.10021981082e+00
1.10087346055e+00
1.10114101308e+00
1.10015027765e+00
1.10083106989e+00
1.10117937119e+00
1.09966480644e+00
1.10003183342e+00
1.10076744890e+00
1.10125648994e+00
1.10033968258e+00
1.10052049567e+00
1.10015735724e+00
1.10130108888e+00
1.10010317602e+00
1.10040053519e+00
1.10112092988e+00
1.10087406505e+00
1.10109218525e+00
1.10016242392e+00
1.10131358945e+00
1.10111034456e+00
1.10047927191e+00
1.10057278537e+00
1.10044995525e+00
1.10095683990e+00
1.10002864301e+00
1.10123234338e+00
1.10042570567e+00
1.09999687371e+00
1.10163084610e+00
1.10052369086e+00
1.10040828005e+00
1.10123819088e+00
1.10061239874e+00
1.10103592822e+00
1.10115390475e+00
1.10118879443e+00
1.10123738144e+00
1.10080886244e+00
1.10024804819e+00
1.10043006017e+00
1.10039385022e+00
1.10069023102e+00
1.10055109914e+00
1.10064796485e+00
1.10105342908e+00
1.09997313236e+00
1.10126085842e+00
1.10060131998e+00
1.10094401116e+00
1.10013979033e+00
1.09985150911e+00
1.10093351069e+00
1.10086172878e+00
1.10008512121e+00
1.10043794758e+00
1.09985479473e+00
1.09972578110e+00
1.10104848716e+00
1.09975154530e+00
1.10073946435e+00
1.10093843335e+00
1.09976924626e+00
1.09953343224e+00
1.10056191859e+00
1.10080606293e+00
1.10115936047e+00
1.10105834909e+00
1.10094172639e+00
1.10046191786e+00
1.10045440476e+00
1.10040339997e+00
1.10109774647e+00
1.10099476015e+00
1.10074178019e+00
1.10059489052e+00