3.41452171104e+00
3.41366884827e+00
3.42146559132e+00
3.42562171277e+00
3.42061065598e+00
3.41837701744e+00
3.41317757848e+00
3.41777143377e+00
3.41173804169e+00
3.42399587553e+00
3.41540762922e+00
3.42350581163e+00
3.41611328017e+00
3.41383866457e+00
3.41094282978e+00
3.41325373774e+00
3.42352910020e+00
3.41178783529e+00
3.41889886480e+00
3.41327993369e+00
3.40974669225e+00
3.41500027492e+00
3.41134945236e+00
3.41959050732e+00
3.41420117713e+00
3.42048259762e+00
3.41288080961e+00
3.41875207229e+00
3.41867119695e+00
3.41405033478e+00
3.41337784236e+00
3.41346762237e+00
3.41038622476e+00
3.41465450066e+00
3.42411569694e+00
3.41660286398e+00
3.42357951910e+00
3.41514875107e+00
3.41647842771e+00
3.42237807646e+00
3.41532596718e+00
3.41858438031e+00
3.41383217975e+00
3.41850923360e+00
3.42366211762e+00
3.42100294730e+00
3.41845856219e+00
3.40906281152e+00
3.41869577480e+00
3.41877723086e+00
3.42208161055e+00
3.41595748664e+00
3.42102611078e+00
3.41615436342e+00
3.41228009950e+00
3.41628693942e+00
3.41590911763e+00
3.41258079962e+00
3.41431907805e+00
3.41347986887e+00
3.42164304325e+00
3.41712560469e+00
3.42164449432e+00
3.42405771224e+00
3.41467427084e+00
3.41350023981e+00
3.42091481725e+00
3.41784911249e+00
3.41360436809e+00
3.42501616557e+00
3.41490196939e+00
3.41137520081e+00
3.41747315035e+00
3.41864118657e+00
3.41532592463e+00
3.41282928432e+00
3.41627861026e+00
3.42638753539e+00
3.41635059021e+00
3.41709748676e+00
3.41923976972e+00
3.42526974796e+00
3.41281263931e+00
3.41964347691e+00
3.41688388651e+00
3.41929009457e+00
3.42386588308e+00
3.42185035910e+00
3.42537745290e+00
3.41411837098e+00
3.41730086782e+00
3.41724626874e+00
3.41681889151e+00
3.41645571844e+00
3.41979492007e+00
3.41844426302e+00
3.42209271450e+00
3.42026403416e+00
3.41679312233e+00
3.40996949041e+00
3.40925444490e+00
3.41018525173e+00
3.41780937483e+00
3.42373756935e+00
3.41927627939e+00
3.42092940874e+00
3.41710038132e+00
3.41428333879e+00
3.41770720567e+00
3.41687893757e+00
3.41154373662e+00
3.42424330605e+00
3.42519235011e+00
3.41229654791e+00
3.41467387969e+00
3.41467462067e+00
3.42156913614e+00
3.41443025421e+00
3.41363485161e+00
3.42011899304e+00
3.41151230063e+00
3.41353163557e+00
3.42381934483e+00
3.41815605414e+00
3.42152500461e+00
3.41621784683e+00
3.41241968358e+00
3.41716306720e+00
3.41968576236e+00
3.42202638772e+00
3.41586078412e+00
3.41719395587e+00
3.41436679039e+00
3.41908564272e+00
3.41875628173e+00
3.41901063267e+00
3.41954672577e+00
3.42117260438e+00
3.41079149603e+00
3.41153630957e+00
3.41430424377e+00
3.41207536497e+00
3.41541019082e+00
3.42272856812e+00
3.41403334439e+00
3.41224842113e+00
3.42155397030e+00
3.40885608464e+00
3.41639623505e+00
3.41430715213e+00
3.41371995758e+00
3.40945232679e+00
3.41726682047e+00
3.41324269194e+00
3.41723424884e+00
3.41824410687e+00
3.41673772707e+00
3.41483636283e+00
3.41426633931e+00
3.41713231184e+00
3.41554356745e+00
3.41764135277e+00
3.41164519368e+00
3.40903584714e+00
3.40875360588e+00
3.42224833234e+00
3.41081472591e+00
3.41483887171e+00
3.41627162199e+00
3.42112216993e+00
3.42018583498e+00
3.41601676406e+00
3.41628149409e+00
3.42009430524e+00
3.41745395194e+00
3.41485734388e+00
3.41462889727e+00
3.41511202422e+00
3.41927913860e+00
3.41800007868e+00
3.41604956868e+00
3.41760954599e+00
3.41144346394e+00
3.41308642240e+00
3.41502988016e+00
3.41484652257e+00
3.41801277878e+00
3.41484765092e+00
3.42044145871e+00
3.42232230623e+00
3.42239968384e+00
3.41209974718e+00
3.41529148120e+00
3.41811702996e+00
3.41998013941e+00
3.41201152687e+00
3.41545421409e+00
3.42433708530e+00
3.41669946561e+00
3.41200628619e+00
3.41715811311e+00
3.41749288940e+00
3.42551177643e+00
3.40943195628e+00
3.41727318181e+00
3.41951745383e+00
3.41002711246e+00
3.41754107766e+00
3.40685209537e+00
3.41811335357e+00
3.41894674417e+00
3.41584873501e+00
3.41729042991e+00
3.42056592297e+00
3.42354925010e+00
3.41653292921e+00
3.41987589163e+00
3.40964930367e+00
3.41807832232e+00
3.41371613049e+00
3.41408245237e+00
3.41819747832e+00
3.41856438061e+00
3.41640941386e+00
3.41824068817e+00
3.41737451234e+00
3.42070844822e+00
3.41202141883e+00
3.41301577342e+00
3.41705280787e+00
3.41728207309e+00
3.41680474731e+00
3.42010723147e+00
3.41666672150e+00
3.41404948998e+00
3.42226621903e+00
3.40662450808e+00
3.41473455624e+00
3.41763793740e+00
3.42499718338e+00
3.41588176391e+00
3.42428524043e+00
3.42454546283e+00
3.41100041732e+00
3.42175892089e+00
3.41589940114e+00
3.41453868920e+00
3.41560001033e+00
3.42125074994e+00
3.41953507009e+00
3.41979170456e+00
3.41315090943e+00
3.41901801788e+00
3.41250425179e+00
3.41557810560e+00
3.41995508921e+00
3.41333351751e+00
3.41969943242e+00
3.41926497352e+00
3.41962146014e+00
3.41810306328e+00
3.41397044508e+00
3.42129254988e+00
3.41902573120e+00
3.41655796366e+00
3.41820813674e+00
3.41544981046e+00
3.42367025009e+00
3.41026714019e+00
3.41417472817e+00
3.41723965143e+00
3.41492859155e+00
3.42499973376e+00
3.42155053756e+00
3.41871076284e+00
3.42328697772e+00
3.41940867528e+00
3.41379301651e+00
3.41908800308e+00
3.41053677939e+00
3.42156288421e+00
3.41318574341e+00
3.41268554913e+00
3.41474141068e+00
3.41618003666e+00
3.42063747580e+00
3.41902982386e+00
3.41799084020e+00
3.42014164524e+00
3.41484291670e+00
3.42021287664e+00
3.42194545528e+00
3.41352815222e+00
3.42018829904e+00
3.41372954907e+00
3.42204333456e+00
3.41399788914e+00
3.41979293792e+00
3.42440515373e+00
3.42144192304e+00
3.41587621510e+00
3.42206904538e+00
3.41449152810e+00
3.41973105653e+00
3.41755046150e+00
3.41772831633e+00
3.41832497953e+00
3.41408343811e+00
3.42130858263e+00
3.41676179476e+00
3.42262355332e+00
3.41556754541e+00
3.41640742774e+00
3.42255414736e+00
3.41206403636e+00
3.41678509281e+00
3.42216814938e+00
3.41365611568e+00
3.41639105556e+00
3.41397833982e+00
3.41925021695e+00
3.41616386223e+00
3.42119079232e+00
3.41544978927e+00
3.41436481752e+00
3.42143474267e+00
3.41715104011e+00
3.41701438405e+00
3.41501472560e+00
3.41524124129e+00
3.41559942754e+00
3.41757355725e+00
3.41789200240e+00
3.42295960320e+00
3.42715998467e+00
3.41615121202e+00
3.41614669427e+00
3.41705316864e+00
3.41395380064e+00
3.42104190498e+00
3.40814539630e+00
3.41698839068e+00
3.41864511500e+00
3.41225362503e+00
3.41643606458e+00
3.42236526996e+00
3.42196085763e+00
3.41713964124e+00
3.41399224342e+00
3.42687271390e+00
3.41520346377e+00
3.41768862323e+00
3.41724893080e+00
3.42094771969e+00
3.41835541798e+00
3.41757151015e+00
3.41605586993e+00
3.41953362819e+00
3.41605725334e+00
3.42221896159e+00
3.41791366341e+00
3.41238354195e+00
3.41723606188e+00
3.41156361687e+00
3.41634630424e+00
3.41605182964e+00
3.41545834836e+00
3.42163729867e+00
3.41800849656e+00
3.41145766864e+00
3.42206256732e+00
3.42398895205e+00
3.41960952464e+00
3.41332508787e+00
3.42233906433e+00
3.41648706856e+00
3.41519153236e+00
3.41552903881e+00
3.42188265241e+00
3.41837532209e+00
3.41784338528e+00
3.41259957405e+00
3.41520674219e+00
3.41771161839e+00
3.41781874858e+00
3.41373114810e+00
3.41502458232e+00
3.41588803398e+00
3.41964063614e+00
3.42421760306e+00
3.41647503895e+00
3.41744327231e+00
3.42003689286e+00
3.41925016762e+00
3.41117874140e+00
3.41462179674e+00
3.41650649519e+00
3.41638050790e+00
3.41603259165e+00
3.41810005023e+00
3.41152296782e+00
3.41785256449e+00
3.42151988354e+00
3.41665012733e+00
3.42252089709e+00
3.41009260298e+00
3.42038690766e+00
3.41542410321e+00
3.42380779335e+00
3.41889130000e+00
3.41394402457e+00
3.41533632893e+00
3.41497272158e+00
3.41935021434e+00
3.42009658591e+00
3.42092057785e+00
3.41965685421e+00
3.41543561614e+00
3.41565449780e+00
3.42476573299e+00
3.41144640047e+00
3.41918279679e+00
3.41860193340e+00
3.41371957395e+00
3.41952487406e+00
3.42159173217e+00
3.41164357509e+00
3.41955797829e+00
3.41605549781e+00
3.41842492928e+00
3.41881718342e+00
3.41936973451e+00
3.41610059216e+00
3.41487874716e+00
3.41743511958e+00
3.42106710033e+00
3.41132174393e+00
3.41547883258e+00
3.40868350568e+00
3.41934541987e+00
3.41730566245e+00
3.42043416239e+00
3.41722903724e+00
3.40714462742e+00
3.42209361434e+00
3.41736269745e+00
3.41788612955e+00
3.41629091634e+00
3.41562612710e+00
3.42111592532e+00
3.42022974608e+00
3.41751106868e+00
3.41759298963e+00
3.41722737505e+00
3.42131208365e+00
3.41710468396e+00
3.41609980258e+00
3.41916989020e+00
3.42130289264e+00
3.42173920718e+00
3.40829695635e+00
3.41963020556e+00
3.41628265169e+00
3.41201025290e+00
3.42067623491e+00
3.42374787187e+00
3.42106457405e+00
3.42888122521e+00
3.41964335641e+00
3.41732487275e+00
3.41876546545e+00
3.41480912040e+00
3.41825991546e+00
3.41308156488e+00
3.41142405121e+00
3.42039630327e+00
3.42232207675e+00
3.41903938956e+00
3.42439076541e+00
3.41372859350e+00
3.41812701447e+00
3.41827868738e+00
3.42062915622e+00
3.41558006055e+00
3.41305860264e+00
3.41646208005e+00
3.41299887437e+00
3.41170708157e+00
3.41613889810e+00
3.42098991209e+00
3.42664685603e+00
3.41534640884e+00
3.41879517728e+00
3.41404012524e+00
3.41896114428e+00
3.41579702962e+00
3.41743358683e+00
3.41989220887e+00
3.42026105260e+00
3.41362063753e+00
3.41726659000e+00