-9.29262347375e+00
-9.29272310954e+00
-9.31356549345e+00
-9.32352538022e+00
-9.30824944491e+00
-9.30279371548e+00
-9.28774795448e+00
-9.30335280895e+00
-9.28294361344e+00
-9.31889402269e+00
-9.29474076434e+00
-9.31821386802e+00
-9.29618986380e+00
-9.29294650907e+00
-9.28253501954e+00
-9.28799311623e+00
-9.31690547730e+00
-9.28569813225e+00
-9.30253665933e+00
-9.29096992021e+00
-9.28134755033e+00
-9.29238620888e+00
-9.28635218915e+00
-9.30462686588e+00
-9.29095090041e+00
-9.30944435498e+00
-9.28750293320e+00
-9.30597938619e+00
-9.30230279624e+00
-9.29128589099e+00
-9.29035682452e+00
-9.28869865276e+00
-9.27918673190e+00
-9.29051722911e+00
-9.31965024907e+00
-9.29934076104e+00
-9.31787210226e+00
-9.29560886782e+00
-9.29975721329e+00
-9.31528379842e+00
-9.29598175658e+00
-9.30483191217e+00
-9.29307932466e+00
-9.30323304668e+00
-9.31995230573e+00
-9.31405949795e+00
-9.30509056761e+00
-9.27575263468e+00
-9.30548076640e+00
-9.30542372529e+00
-9.31320476442e+00
-9.30015082117e+00
-9.30830054869e+00
-9.29729999585e+00
-9.28754960531e+00
-9.29860331650e+00
-9.29717802622e+00
-9.28835745073e+00
-9.29255963435e+00
-9.29054096333e+00
-9.31306554228e+00
-9.30047497599e+00
-9.31070685858e+00
-9.32003682823e+00
-9.29532299237e+00
-9.29022658447e+00
-9.30978111633e+00
-9.30401657618e+00
-9.29257457642e+00
-9.32177617134e+00
-9.29446298543e+00
-9.28420925326e+00
-9.30452394692e+00
-9.30472608797e+00
-9.29660360585e+00
-9.28986581150e+00
-9.29885905937e+00
-9.32577570379e+00
-9.29855763795e+00
-9.29845934632e+00
-9.30717863883e+00
-9.32329620326e+00
-9.28754248636e+00
-9.30726975078e+00
-9.29756410883e+00
-9.30696141776e+00
-9.31930970520e+00
-9.31388382381e+00
-9.32323819526e+00
-9.29097113617e+00
-9.30061156855e+00
-9.29982707514e+00
-9.29944897430e+00
-9.29855730224e+00
-9.30637103288e+00
-9.30347232354e+00
-9.31365296794e+00
-9.30928835761e+00
-9.30197089727e+00
-9.28175002618e+00
-9.27931860480e+00
-9.28228337216e+00
-9.30326912141e+00
-9.31886045325e+00
-9.30499400050e+00
-9.31142136164e+00
-9.30176418325e+00
-9.29083523460e+00
-9.30122924205e+00
-9.30002525015e+00
-9.28468341701e+00
-9.32019598160e+00
-9.32314698800e+00
-9.28714918488e+00
-9.29434508476e+00
-9.29443937242e+00
-9.31207567697e+00
-9.29313849210e+00
-9.28930368913e+00
-9.30817401365e+00
-9.28732296895e+00
-9.29021417162e+00
-9.32027540567e+00
-9.30370415102e+00
-9.31339634295e+00
-9.29690496571e+00
-9.28908246602e+00
-9.29891262995e+00
-9.30747564830e+00
-9.31231277087e+00
-9.29729755908e+00
-9.30266262063e+00
-9.29205726575e+00
-9.30558592428e+00
-9.30403259602e+00
-9.30456393159e+00
-9.30663665424e+00
-9.31124466057e+00
-9.28071770440e+00
-9.28620994195e+00
-9.29373911088e+00
-9.28729872775e+00
-9.29663576833e+00
-9.31747513423e+00
-9.29385459353e+00
-9.28735923130e+00
-9.31418029235e+00
-9.27689695020e+00
-9.29866599306e+00
-9.29378960270e+00
-9.28996039465e+00
-9.27755625499e+00
-9.30096751074e+00
-9.28997649975e+00
-9.30041931084e+00
-9.30453045704e+00
-9.30013278775e+00
-9.29622190328e+00
-9.29128409886e+00
-9.30044081476e+00
-9.29836497990e+00
-9.30295319936e+00
-9.28368934929e+00
-9.27734152073e+00
-9.27578387658e+00
-9.31471200299e+00
-9.28496320220e+00
-9.29393647403e+00
-9.29798163637e+00
-9.31327099555e+00
-9.30916861153e+00
-9.29744058237e+00
-9.29894828035e+00
-9.30846420440e+00
-9.29930236797e+00
-9.29347453339e+00
-9.29047664664e+00
-9.29523504306e+00
-9.30739815387e+00
-9.30247694999e+00
-9.29681001770e+00
-9.30221634451e+00
-9.28508845541e+00
-9.28800952426e+00
-9.29433574597e+00
-9.29239887673e+00
-9.30283506355e+00
-9.29402344893e+00
-9.31042402441e+00
-9.31286455307e+00
-9.31567232259e+00
-9.28582731299e+00
-9.29364668246e+00
-9.30374142608e+00
-9.30781626126e+00
-9.28633366724e+00
-9.29607931558e+00
-9.31979491457e+00
-9.29974810528e+00
-9.28556345723e+00
-9.30048467611e+00
-9.30157679713e+00
-9.32395123504e+00
-9.28007317026e+00
-9.30229678520e+00
-9.30807079384e+00
-9.28163663793e+00
-9.30129603758e+00
-9.27468986143e+00
-9.30230085877e+00
-9.30663576109e+00
-9.29648948994e+00
-9.30117643124e+00
-9.30904369483e+00
-9.31821074671e+00
-9.29797876512e+00
-9.30862032828e+00
-9.27903981644e+00
-9.30380158760e+00
-9.29048227356e+00
-9.29298201815e+00
-9.30315414880e+00
-9.30818398316e+00
-9.29841058357e+00
-9.30568553588e+00
-9.30097823450e+00
-9.30855537360e+00
-9.28542615602e+00
-9.29050213807e+00
-9.30270328661e+00
-9.30181150135e+00
-9.29855016128e+00
-9.30980575723e+00
-9.29876904344e+00
-9.29328791009e+00
-9.31653256813e+00
-9.27043350356e+00
-9.29333374785e+00
-9.30090836090e+00
-9.32293371634e+00
-9.29756678690e+00
-9.31842580652e+00
-9.32026856207e+00
-9.28310675145e+00
-9.31420084184e+00
-9.29701733950e+00
-9.29187335142e+00
-9.29723912057e+00
-9.31209918274e+00
-9.30934180133e+00
-9.30707237181e+00
-9.28909074090e+00
-9.30493322984e+00
-9.28450724554e+00
-9.29641888161e+00
-9.30799465140e+00
-9.28999194918e+00
-9.30673256967e+00
-9.30539026500e+00
-9.30875785765e+00
-9.30280565106e+00
-9.29406166383e+00
-9.31080459426e+00
-9.30517223594e+00
-9.30076712149e+00
-9.30162970441e+00
-9.29517133662e+00
-9.31893031593e+00
-9.28175478759e+00
-9.29381417118e+00
-9.30056119701e+00
-9.29345856119e+00
-9.32070207594e+00
-9.31075003582e+00
-9.30470010764e+00
-9.31764607664e+00
-9.30738768874e+00
-9.29171777728e+00
-9.30675295117e+00
-9.28285886773e+00
-9.31501677164e+00
-9.29012091121e+00
-9.28999325330e+00
-9.29420080053e+00
-9.29772605785e+00
-9.31003740099e+00
-9.30532099431e+00
-9.30455560566e+00
-9.30906235138e+00
-9.29545681781e+00
-9.30707689269e+00
-9.31440281956e+00
-9.28821544157e+00
-9.31062503868e+00
-9.29054806601e+00
-9.31473582168e+00
-9.29308011956e+00
-9.30670632806e+00
-9.32023774944e+00
-9.31097913050e+00
-9.29605163677e+00
-9.31173393179e+00
-9.29246658445e+00
-9.30925268635e+00
-9.30118816117e+00
-9.30273119130e+00
-9.30577744303e+00
-9.29296013442e+00
-9.31031257464e+00
-9.30120886502e+00
-9.31837663615e+00
-9.29491103028e+00
-9.30203462332e+00
-9.31520078434e+00
-9.28547989191e+00
-9.29825186647e+00
-9.31475537289e+00
-9.29003233003e+00
-9.29860636679e+00
-9.29192101592e+00
-9.30752231473e+00
-9.29682174792e+00
-9.31338655015e+00
-9.29773764740e+00
-9.29308547357e+00
-9.31343906452e+00
-9.30046463411e+00
-9.29977955667e+00
-9.29317444589e+00
-9.29576733389e+00
-9.29547440767e+00
-9.30248518149e+00
-9.30158681863e+00
-9.31364798122e+00
-9.32684161248e+00
-9.29781196208e+00
-9.29841093988e+00
-9.29960533171e+00
-9.29252139327e+00
-9.31179513720e+00
-9.27506005606e+00
-9.30053914834e+00
-9.30476353062e+00
-9.28940482938e+00
-9.29820128663e+00
-9.31428636594e+00
-9.31494929454e+00
-9.30002023505e+00
-9.29202221810e+00
-9.32804710936e+00
-9.29639052520e+00
-9.30205230034e+00
-9.30060437134e+00
-9.31101768218e+00
-9.30164739008e+00
-9.30212035024e+00
-9.29736774136e+00
-9.30543430342e+00
-9.29998020146e+00
-9.31538943431e+00
-9.30183457325e+00
-9.28967716365e+00
-9.30013154109e+00
-9.28424248150e+00
-9.29924300582e+00
-9.29639718504e+00
-9.29596067072e+00
-9.31314644690e+00
-9.30227110165e+00
-9.28325364121e+00
-9.31543822843e+00
-9.31916500608e+00
-9.30732794994e+00
-9.29063375791e+00
-9.31706799334e+00
-9.29935888884e+00
-9.29472941266e+00
-9.29653878945e+00
-9.31307016421e+00
-9.30237385306e+00
-9.30303636115e+00
-9.28808285167e+00
-9.29716626849e+00
-9.30083636830e+00
-9.30222361364e+00
-9.29064194030e+00
-9.29434204349e+00
-9.29615928441e+00
-9.30668046428e+00
-9.32059050635e+00
-9.29928336824e+00
-9.30075780875e+00
-9.30763810779e+00
-9.30491784920e+00
-9.28681474555e+00
-9.29250564233e+00
-9.29761058281e+00
-9.29864222744e+00
-9.29620811167e+00
-9.30327372364e+00
-9.28649795458e+00
-9.30278230471e+00
-9.31361697234e+00
-9.29962393105e+00
-9.31620680374e+00
-9.28182952663e+00
-9.31050402765e+00
-9.29417419024e+00
-9.31788482097e+00
-9.30613651783e+00
-9.29297040091e+00
-9.29620616118e+00
-9.29199556479e+00
-9.30613971341e+00
-9.30799129217e+00
-9.31152666900e+00
-9.30620328628e+00
-9.29629170412e+00
-9.29583368511e+00
-9.31982678636e+00
-9.28343854329e+00
-9.30620381973e+00
-9.30604242911e+00
-9.29046226715e+00
-9.30729003704e+00
-9.31406920138e+00
-9.28453805990e+00
-9.30500263405e+00
-9.29721560651e+00
-9.30419446144e+00
-9.30580205194e+00
-9.30601955030e+00
-9.29757164559e+00
-9.29473374733e+00
-9.30333145612e+00
-9.31235747333e+00
-9.28365480029e+00
-9.29781511143e+00
-9.27737309076e+00
-9.30603347238e+00
-9.30378343719e+00
-9.30938476161e+00
-9.30023357581e+00
-9.26981253034e+00
-9.31441811359e+00
-9.29893652526e+00
-9.30096206373e+00
-9.29870066574e+00
-9.29764104523e+00
-9.31318010281e+00
-9.30935384528e+00
-9.30202531454e+00
-9.30071222327e+00
-9.30212039542e+00
-9.31165168639e+00
-9.29971883182e+00
-9.29757352997e+00
-9.30610521352e+00
-9.31234528782e+00
-9.31191128792e+00
-9.27474047404e+00
-9.30859832590e+00
-9.29883806080e+00
-9.28513497728e+00
-9.31215920418e+00
-9.31893376136e+00
-9.31099718724e+00
-9.33284659230e+00
-9.30606072777e+00
-9.30153054077e+00
-9.30477448871e+00
-9.29489734191e+00
-9.30338588862e+00
-9.28919256000e+00
-9.28424999733e+00
-9.30977142617e+00
-9.31471199922e+00
-9.30356406799e+00
-9.32031486532e+00
-9.29059152073e+00
-9.30462560685e+00
-9.30455295847e+00
-9.30887097152e+00
-9.29539268625e+00
-9.28750833767e+00
-9.29975460215e+00
-9.28742086835e+00
-9.28583813900e+00
-9.29921855694e+00
-9.31090672441e+00
-9.32646985568e+00
-9.29675067511e+00
-9.30487164740e+00
-9.29227170071e+00
-9.30611108821e+00
-9.29600060445e+00
-9.29871124086e+00
-9.30902362501e+00
-9.30786735275e+00
-9.29158842284e+00
-9.30079255605e+00