7.74317901595e+03
7.69704143282e+03
7.72416152546e+03
7.71246520851e+03
7.71240799680e+03
7.72218551913e+03
7.71896891699e+03
7.71042771158e+03
7.72227794669e+03
7.70385333904e+03
7.70457923741e+03
7.67494382166e+03
7.70661964804e+03
7.72291026934e+03
7.70254673271e+03
7.69807474894e+03
7.71244539388e+03
7.70638194845e+03
7.71384445560e+03
7.72126497087e+03
7.69143902045e+03
7.70763243488e+03
7.68299292532e+03
7.69862448754e+03
7.68653399384e+03
7.71376040977e+03
7.71318038581e+03
7.72059613243e+03
7.70941410624e+03
7.72913403155e+03
7.71198097486e+03
7.71238327776e+03
7.72209945588e+03
7.72412210088e+03
7.69981909547e+03
7.70003838668e+03
7.70572646033e+03
7.72029403297e+03
7.71952788906e+03
7.69700921502e+03
7.72663640935e+03
7.70314697227e+03
7.69553324125e+03
7.69456724058e+03
7.68411042758e+03
7.71740357719e+03
7.71770503628e+03
7.71600702554e+03
7.70223895404e+03
7.68116300209e+03
7.69031154035e+03
7.71083411680e+03
7.70603447796e+03
7.72509230356e+03
7.72311339143e+03
7.72348594141e+03
7.67817590850e+03
7.72572281808e+03
7.71338143804e+03
7.71365173197e+03
7.68388766061e+03
7.70927656849e+03
7.70386860700e+03
7.69302744940e+03
7.69953960202e+03
7.71847284695e+03
7.69668010662e+03
7.72585215784e+03
7.73097122241e+03
7.71384946277e+03
7.69045043542e+03
7.75010159467e+03
7.70453418595e+03
7.72592407379e+03
7.72270797429e+03
7.69388689646e+03
7.72776406854e+03
7.69129306728e+03
7.69347244284e+03
7.72696205982e+03
7.71098244034e+03
7.70675878633e+03
7.67650268952e+03
7.71568262837e+03
7.69891243456e+03
7.69583817876e+03
7.69437062015e+03
7.73164401078e+03
7.70231475677e+03
7.69884961206e+03
7.71187613792e+03
7.68957793313e+03
7.71009815497e+03
7.69693321645e+03
7.69422368710e+03
7.68867220933e+03
7.68392176824e+03
7.71553875553e+03
7.72071520792e+03
7.71992001736e+03
7.72193747817e+03
7.72394933004e+03
7.70913035996e+03
7.71009390614e+03
7.74165676740e+03
7.69560200198e+03
7.71862386153e+03
7.72376310140e+03
7.69344505133e+03
7.72334091319e+03
7.70435044491e+03
7.73053467486e+03
7.71787556294e+03
7.73582729925e+03
7.70431941393e+03
7.71042801045e+03
7.69266131739e+03
7.70559196195e+03
7.69821368830e+03
7.68052077810e+03
7.71038773104e+03
7.70668036969e+03
7.69659118106e+03
7.68570003935e+03
7.71574741366e+03
7.71637879102e+03
7.71278108355e+03
7.69245097386e+03
7.70680147644e+03
7.72850180629e+03
7.69481583746e+03
7.68805891413e+03
7.70600468195e+03
7.69384309966e+03
7.71037333133e+03
7.69544661892e+03
7.69485669523e+03
7.69618526287e+03
7.73295766637e+03
7.68885968092e+03
7.70655056366e+03
7.72349192341e+03
7.69339597412e+03
7.70293865055e+03
7.71784894777e+03
7.69951623787e+03
7.73864011158e+03
7.71351031060e+03
7.70414959132e+03
7.68146425061e+03
7.71286744475e+03
7.71542537978e+03
7.70540156159e+03
7.70436672928e+03
7.71352720097e+03
7.71726123165e+03
7.70072715742e+03
7.69200476354e+03
7.73045007912e+03
7.71920185006e+03
7.71564704116e+03
7.70306990945e+03
7.71454708636e+03
7.68132440654e+03
7.68917564474e+03
7.72613651159e+03
7.72209231496e+03
7.69298621773e+03
7.68722152603e+03
7.68790115232e+03
7.71625065062e+03
7.71786323127e+03
7.71800137292e+03
7.70179562571e+03
7.72297447732e+03
7.69278591539e+03
7.70994182210e+03
7.70673662211e+03
7.72105779214e+03
7.73089867460e+03
7.73368792381e+03
7.71179582404e+03
7.69208555795e+03
7.67816750696e+03
7.70811943437e+03
7.71749336727e+03
7.69847243582e+03
7.70777616080e+03
7.71568434588e+03
7.71850232387e+03
7.71613334894e+03
7.69800663464e+03
7.68179957643e+03
7.70167285183e+03
7.71607856913e+03
7.70552533698e+03
7.67447774077e+03
7.72833119616e+03
7.73740295584e+03
7.70484960659e+03
7.71274504031e+03
7.68629729733e+03
7.70130464587e+03
7.70365990369e+03
7.69133792125e+03
7.70365418672e+03
7.71037468487e+03
7.71258153117e+03
7.68522641941e+03
7.70397549771e+03
7.68697716799e+03
7.72214109477e+03
7.70275800993e+03
7.70065949128e+03
7.70289298331e+03
7.71608352614e+03
7.69789728196e+03
7.69774913720e+03
7.69791999164e+03
7.71307958423e+03
7.72057917920e+03
7.71699473191e+03
7.71030565137e+03
7.70976824619e+03
7.73008013032e+03
7.70092628335e+03
7.72073428050e+03
7.70624040865e+03
7.71701928221e+03
7.71556161017e+03
7.70150897162e+03
7.72180424770e+03
7.71035896171e+03
7.72459101155e+03
7.72275388737e+03
7.72450603416e+03
7.70848321171e+03
7.71236678032e+03
7.71395124282e+03
7.69121984066e+03
7.72912026554e+03
7.69466568905e+03
7.70392225887e+03
7.70025087694e+03
7.70221244685e+03
7.69715467705e+03
7.73214814398e+03
7.70610612129e+03
7.71040337825e+03
7.71724578770e+03
7.69662211637e+03
7.71061266089e+03
7.71370246233e+03
7.70481411646e+03
7.71494650939e+03
7.69853992252e+03
7.69792068200e+03
7.70537892976e+03
7.70889883958e+03
7.71074832695e+03
7.72241100004e+03
7.72725669570e+03
7.69626934779e+03
7.70311369698e+03
7.70442442822e+03
7.67394057080e+03
7.71664463881e+03
7.69749400384e+03
7.70032557355e+03
7.73206282311e+03
7.70341354185e+03
7.71411485659e+03
7.69753060575e+03
7.72882853508e+03
7.71134414223e+03
7.70583088581e+03
7.70612210713e+03
7.70118596134e+03
7.68911117424e+03
7.73123297245e+03
7.68996381508e+03
7.70973479056e+03
7.70271137408e+03
7.72441558796e+03
7.72033137541e+03
7.72614505320e+03
7.71991025231e+03
7.71421706594e+03
7.72350795313e+03
7.70780439520e+03
7.70186866508e+03
7.72719871650e+03
7.70792952217e+03
7.69668805899e+03
7.72462446978e+03
7.71530442673e+03
7.70378498249e+03
7.71020881741e+03
7.69754454665e+03
7.70184470381e+03
7.71184482782e+03
7.71881431442e+03
7.72496499426e+03
7.72992608634e+03
7.72632179817e+03
7.71520121856e+03
7.71682207032e+03
7.71471764244e+03
7.68154443477e+03
7.72290426028e+03
7.71357714013e+03
7.69249295428e+03
7.69325101682e+03
7.71354125349e+03
7.71926270556e+03
7.70793515652e+03
7.69059547336e+03
7.72110642953e+03
7.69816998363e+03
7.72184153286e+03
7.70630587238e+03
7.69864905473e+03
7.69890219974e+03
7.72535318167e+03
7.68888170784e+03
7.71795348993e+03
7.71264399294e+03
7.71545336293e+03
7.69801310852e+03
7.71005836325e+03
7.69172549778e+03
7.69449337230e+03
7.70892703245e+03
7.72690095170e+03
7.71378052725e+03
7.72594967220e+03
7.69369490010e+03
7.70565139289e+03
7.72784101605e+03
7.69887125663e+03
7.71782078314e+03
7.72117786548e+03
7.73124894226e+03
7.69956811126e+03
7.71459799869e+03
7.70659985792e+03
7.69500513620e+03
7.69418373670e+03
7.72137102612e+03
7.69094221095e+03
7.70466662265e+03
7.71621531945e+03
7.70361175242e+03
7.68808918620e+03
7.67429886174e+03
7.71534418707e+03
7.69252969238e+03
7.69308071119e+03
7.72450501423e+03
7.69446680715e+03
7.72233066649e+03
7.70635350010e+03
7.69767716613e+03
7.74015870393e+03
7.71614667428e+03
7.71491496848e+03
7.69039226326e+03
7.71184728805e+03
7.70258301825e+03
7.68647129527e+03
7.68735598996e+03
7.68820357385e+03
7.69151192019e+03
7.70475289176e+03
7.70444065538e+03
7.68352470048e+03
7.73895244634e+03
7.73900569221e+03
7.69205348621e+03
7.70676040201e+03
7.71033029541e+03
7.69391107158e+03
7.71333771387e+03
7.70784947293e+03
7.71749172327e+03
7.69590732351e+03
7.71710792571e+03
7.71490260955e+03
7.70816071050e+03
7.71736646711e+03
7.71438369297e+03
7.69695363327e+03
7.70983360753e+03
7.68541500645e+03
7.72408127905e+03
7.69525135731e+03
7.71105492349e+03
7.72121321674e+03
7.69180004637e+03
7.70854032048e+03
7.70877334363e+03
7.71222891007e+03
7.71517875024e+03
7.72883900540e+03
7.69478045400e+03
7.72159622757e+03
7.70744404911e+03
7.72222503545e+03
7.71966235661e+03
7.68894391183e+03
7.69934985134e+03
7.71439447272e+03
7.73682973142e+03
7.70599366306e+03
7.69008445618e+03
7.71937712533e+03
7.71998054252e+03
7.69531087144e+03
7.70662190534e+03
7.70520927478e+03
7.70713664491e+03
7.69879627551e+03
7.68079956330e+03
7.70951360166e+03
7.69840688109e+03
7.69842254497e+03
7.70771983436e+03
7.70223624377e+03
7.70560658378e+03
7.69138648940e+03
7.71717971922e+03
7.72892593011e+03
7.71790351398e+03
7.69656002202e+03
7.70312701708e+03
7.68532898912e+03
7.67174276876e+03
7.69990106561e+03
7.71123040478e+03
7.72173130559e+03
7.68028617889e+03
7.72081223438e+03
7.70701139841e+03
7.71006591970e+03
7.69869970476e+03
7.68711118346e+03
7.73143529432e+03
7.70324239529e+03
7.70911823656e+03
7.70330046238e+03
7.68420645861e+03
7.74260966790e+03
7.69093005024e+03
7.73711330159e+03
7.72909425587e+03
7.71440911355e+03
7.68224247412e+03
7.71537165184e+03
7.70875495082e+03
7.72119554601e+03
7.71552958467e+03
7.70149690307e+03
7.72920794032e+03
7.71423090033e+03
7.74675298462e+03
7.68665031310e+03
7.71277868405e+03
7.71785259688e+03
7.69321420129e+03
7.71107308159e+03
7.71404913624e+03
7.71150767307e+03
7.72339631968e+03
7.69893617246e+03
7.73124742368e+03
7.71434503498e+03
7.72298175033e+03
7.70102243081e+03
7.72758925453e+03
7.69589542210e+03
7.74365358403e+03
7.70369529192e+03
7.72370075536e+03
7.71188051730e+03
7.68316260911e+03
7.69908096277e+03
7.70768623314e+03
7.72802439527e+03
7.71790927157e+03
7.71293950878e+03
7.71641020143e+03
7.69886043438e+03
7.71834745559e+03
7.71438516651e+03
7.71598635502e+03
7.67915347299e+03
7.68372581758e+03
7.70668100590e+03
7.69670153004e+03
7.69338227463e+03
7.70821730997e+03