2.91326365964e+00
2.91177380159e+00
2.91920522772e+00
2.91896473824e+00
2.92554610334e+00
2.92061365875e+00
2.91548280511e+00
2.91383430398e+00
2.91572426231e+00
2.91620008465e+00
2.91348251099e+00
2.91760282889e+00
2.91643088445e+00
2.91363293468e+00
2.90916113108e+00
2.91260883759e+00
2.91832379167e+00
2.91720086809e+00
2.91793657443e+00
2.91652736798e+00
2.90621148697e+00
2.91763623111e+00
2.91066355368e+00
2.91814781234e+00
2.91805584823e+00
2.91561035063e+00
2.92145382109e+00
2.92061598227e+00
2.91433513675e+00
2.90668546861e+00
2.91581704114e+00
2.91402812639e+00
2.92080832072e+00
2.92085408223e+00
2.92189589089e+00
2.91850380337e+00
2.92006541420e+00
2.91773974643e+00
2.92267154968e+00
2.91803503953e+00
2.91879727385e+00
2.92300972471e+00
2.91340863235e+00
2.91567254801e+00
2.93139955362e+00
2.91876205017e+00
2.91023533891e+00
2.91035425849e+00
2.91602258977e+00
2.91273821628e+00
2.91587286649e+00
2.91044250583e+00
2.92712910203e+00
2.91873251318e+00
2.92071332233e+00
2.91485249401e+00
2.91187490398e+00
2.91745862212e+00
2.91065279210e+00
2.91430594380e+00
2.91667311115e+00
2.91182698575e+00
2.92150579449e+00
2.92229077112e+00
2.92256128277e+00
2.91230330427e+00
2.91330849957e+00
2.91838948467e+00
2.90966734446e+00
2.92823047156e+00
2.91444517164e+00
2.91213018403e+00
2.91936393178e+00
2.91044347204e+00
2.91571876381e+00
2.91338967395e+00
2.91924550138e+00
2.91580598568e+00
2.91250036531e+00
2.91474485046e+00
2.92267828976e+00
2.91736667945e+00
2.90887530593e+00
2.91645780948e+00
2.92372019852e+00
2.91737663781e+00
2.92624525040e+00
2.92198464871e+00
2.92137928356e+00
2.91844437396e+00
2.91099265157e+00
2.91578500011e+00
2.91953443614e+00
2.91959491240e+00
2.92515181278e+00
2.91477852107e+00
2.91988843131e+00
2.92305145812e+00
2.91982598435e+00
2.91302477307e+00
2.90691882486e+00
2.90856251685e+00
2.91890582809e+00
2.91926677641e+00
2.92613402254e+00
2.92358584305e+00
2.91450810932e+00
2.92018652079e+00
2.91159468898e+00
2.91661417435e+00
2.91738644638e+00
2.92481723705e+00
2.92882279295e+00
2.91382064011e+00
2.92068508822e+00
2.91429165877e+00
2.91410400348e+00
2.91228758013e+00
2.91158746790e+00
2.91494992706e+00
2.91385667604e+00
2.91603683598e+00
2.92853346538e+00
2.92248991644e+00
2.91401200213e+00
2.91257948443e+00
2.90797058091e+00
2.92430016478e+00
2.91399771115e+00
2.91795571962e+00
2.91393751933e+00
2.91449663330e+00
2.91443607842e+00
2.91623714476e+00
2.91866101993e+00
2.91608197552e+00
2.91970588990e+00
2.91420297617e+00
2.91794965120e+00
2.91621851760e+00
2.91152911667e+00
2.91342245225e+00
2.90954961179e+00
2.91958182099e+00
2.91759158071e+00
2.90403382759e+00
2.92108710433e+00
2.91025870972e+00
2.91189912633e+00
2.91400847320e+00
2.91415370745e+00
2.90591332916e+00
2.91728187038e+00
2.91181310552e+00
2.91645900357e+00
2.91583001822e+00
2.91879038094e+00
2.90146696583e+00
2.91782180136e+00
2.91595542860e+00
2.90795557390e+00
2.91719332567e+00
2.90679625629e+00
2.91040153371e+00
2.90807880974e+00
2.92335866759e+00
2.90930100573e+00
2.91047061880e+00
2.91669686938e+00
2.92149389781e+00
2.91810341024e+00
2.92293399881e+00
2.91596881349e+00
2.91376062421e+00
2.91340885177e+00
2.91867428735e+00
2.91692898290e+00
2.91512479898e+00
2.91930580824e+00
2.91804699380e+00
2.92203575445e+00
2.92009796449e+00
2.91007179380e+00
2.90922711282e+00
2.91150009122e+00
2.92039415708e+00
2.91142189120e+00
2.91442264097e+00
2.92323648751e+00
2.91997333793e+00
2.92307275316e+00
2.90478386379e+00
2.91178843874e+00
2.91815372273e+00
2.91405169948e+00
2.91138090798e+00
2.91175596991e+00
2.91781153247e+00
2.91858365141e+00
2.91302468890e+00
2.91625833494e+00
2.92229714364e+00
2.91608502213e+00
2.91441965542e+00
2.91220105688e+00
2.91894495809e+00
2.91124453242e+00
2.91795084597e+00
2.91488738188e+00
2.91444102775e+00
2.92131861650e+00
2.91857182640e+00
2.91334046640e+00
2.91658738208e+00
2.91753601208e+00
2.91597531241e+00
2.91815581141e+00
2.90774855865e+00
2.91375021523e+00
2.91280238653e+00
2.91616448813e+00
2.91104657560e+00
2.92418749723e+00
2.92244152074e+00
2.92043849887e+00
2.92057176367e+00
2.92297874814e+00
2.90683679078e+00
2.91138171686e+00
2.91404454956e+00
2.92629026961e+00
2.91901084457e+00
2.92729402374e+00
2.91861273611e+00
2.90974142042e+00
2.91804909312e+00
2.91220360159e+00
2.91969450649e+00
2.92197563309e+00
2.92201900932e+00
2.91069234574e+00
2.92205049433e+00
2.91966705572e+00
2.91026674112e+00
2.92336648311e+00
2.92094091239e+00
2.91598601816e+00
2.91335870653e+00
2.92207879873e+00
2.91592940458e+00
2.91767016927e+00
2.91428970078e+00
2.91578900782e+00
2.91328006237e+00
2.91751119241e+00
2.91973936486e+00
2.91711706817e+00
2.92048640244e+00
2.92158305928e+00
2.92430821729e+00
2.91951287866e+00
2.91564945939e+00
2.92200641542e+00
2.92074616592e+00
2.91355350859e+00
2.91689512124e+00
2.91741620055e+00
2.92016932670e+00
2.90313656868e+00
2.90446217454e+00
2.91858927296e+00
2.91498204878e+00
2.91764743582e+00
2.92782508594e+00
2.91607622402e+00
2.92451037817e+00
2.92068440602e+00
2.91428324175e+00
2.91922524305e+00
2.91627386139e+00
2.92019783867e+00
2.91809681264e+00
2.91492167298e+00
2.91344625945e+00
2.91605056268e+00
2.92437880097e+00
2.91644747780e+00
2.92025272058e+00
2.92025803815e+00
2.92092430634e+00
2.92472175059e+00
2.91750926888e+00
2.92090071669e+00
2.92260186885e+00
2.91576082554e+00
2.92378518348e+00
2.91373640229e+00
2.92371688499e+00
2.92039416789e+00
2.91520936364e+00
2.91398023500e+00
2.92483241799e+00
2.91176659635e+00
2.91807647302e+00
2.91243359402e+00
2.91421434255e+00
2.91395242673e+00
2.91193400055e+00
2.92652521878e+00
2.91341644346e+00
2.92292440459e+00
2.91106556689e+00
2.91679669158e+00
2.92003243173e+00
2.91228206715e+00
2.91420601335e+00
2.91171867842e+00
2.91490723939e+00
2.91949514126e+00
2.91898926485e+00
2.91670497465e+00
2.91523036662e+00
2.91413295021e+00
2.91613290193e+00
2.91173030953e+00
2.91635443342e+00
2.91819315617e+00
2.91364628643e+00
2.91028938904e+00
2.91569728507e+00
2.91338295498e+00
2.91847108730e+00
2.91831576610e+00
2.91812319720e+00
2.91923535112e+00
2.91515440518e+00
2.91868876535e+00
2.91063925311e+00
2.91453797260e+00
2.91748518517e+00
2.91183466861e+00
2.91823758333e+00
2.92005016794e+00
2.91180626953e+00
2.90580635639e+00
2.91892670440e+00
2.92053412808e+00
2.91781545132e+00
2.92263218844e+00
2.92623984445e+00
2.91239029356e+00
2.91563335620e+00
2.91649478450e+00
2.92265690135e+00
2.91748143562e+00
2.92333516719e+00
2.90794678952e+00
2.91775953689e+00
2.91168471822e+00
2.91669834107e+00
2.92150167586e+00
2.91222360616e+00
2.91700088184e+00
2.91491793848e+00
2.91371736263e+00
2.91523830554e+00
2.91066908761e+00
2.91853478800e+00
2.91506109497e+00
2.91451483128e+00
2.92068067072e+00
2.91716099729e+00
2.91887938070e+00
2.90410195795e+00
2.92014288539e+00
2.91630998257e+00
2.91731957008e+00
2.91338395086e+00
2.92041871503e+00
2.92353888031e+00
2.92319097590e+00
2.91096366658e+00
2.91326940526e+00
2.91743562728e+00
2.91704655033e+00
2.91220663445e+00
2.91518326087e+00
2.91749701888e+00
2.92255609337e+00
2.91847295556e+00
2.91517537021e+00
2.91022074506e+00
2.92002241067e+00
2.91725357161e+00
2.91328276873e+00
2.91788098205e+00
2.91463520968e+00
2.92405189759e+00
2.90944528285e+00
2.91335233088e+00
2.91455380211e+00
2.91997851521e+00
2.92045215305e+00
2.92365375254e+00
2.91798601108e+00
2.91271338704e+00
2.91823202925e+00
2.90927427732e+00
2.91711452920e+00
2.92299721655e+00
2.91597877999e+00
2.91581193934e+00
2.91776377526e+00
2.92213796600e+00
2.92063056679e+00
2.92083592420e+00
2.92514789601e+00
2.91585036573e+00
2.91539442803e+00
2.92086973140e+00
2.91801892631e+00
2.92444035832e+00
2.90684844195e+00
2.91279776078e+00
2.91800680662e+00
2.91416815624e+00
2.90967569534e+00
2.92201188659e+00
2.92504769830e+00
2.91702502679e+00
2.91955630890e+00
2.91779968508e+00
2.91678503271e+00
2.90892154536e+00
2.91581022084e+00
2.91869160547e+00
2.90611073939e+00
2.91872565093e+00
2.91767339989e+00
2.91253145240e+00
2.91899180359e+00
2.92118236594e+00
2.92319430790e+00
2.90900531831e+00
2.91580300340e+00
2.91463878035e+00
2.91609335856e+00
2.91644919042e+00
2.91409872070e+00
2.92622042699e+00
2.91823363261e+00
2.92345484383e+00
2.91417622056e+00
2.91111819771e+00
2.92078880646e+00
2.91316016207e+00
2.91354985055e+00
2.92263727077e+00
2.91893285054e+00
2.92726508973e+00
2.90886935200e+00
2.91889426305e+00
2.91696006756e+00
2.92120877768e+00
2.92081034568e+00
2.91972604336e+00
2.92168632002e+00
2.93483352206e+00
2.91228333883e+00
2.91289928097e+00
2.92139776510e+00
2.91202505472e+00
2.91709915832e+00
2.91963622727e+00
2.90922846714e+00
2.92305474832e+00
2.92427487669e+00
2.92296509440e+00
2.92295937714e+00
2.91617764065e+00
2.92718366381e+00
2.91575425525e+00
2.91534956174e+00
2.91916112208e+00
2.91144613734e+00
2.91860966823e+00
2.91577047548e+00
2.91420407894e+00
2.92039203585e+00
2.92522148789e+00
2.92177291063e+00
2.91120925381e+00
2.91653436780e+00
2.91410657675e+00
2.92308404255e+00
2.91897740355e+00
2.91458595249e+00
2.91754211494e+00
2.91668990519e+00
2.91182728692e+00
2.91689523722e+00