-7.65082060451e+00
-7.64795112730e+00
-7.64792384206e+00
-7.65128742756e+00
-7.64911981365e+00
-7.65087775983e+00
-7.64796519446e+00
-7.64684123645e+00
-7.64970727820e+00
-7.65204714136e+00
-7.64925538487e+00
-7.65205387776e+00
-7.65045895086e+00
-7.64973484314e+00
-7.64763924494e+00
-7.64877425558e+00
-7.64899047835e+00
-7.65036069994e+00
-7.64873360886e+00
-7.65091094649e+00
-7.65136690049e+00
-7.65056950104e+00
-7.64870796688e+00
-7.64951258860e+00
-7.64980607657e+00
-7.64908146532e+00
-7.64879314531e+00
-7.65086656527e+00
-7.64846683187e+00
-7.64832626041e+00
-7.64974504115e+00
-7.64961591783e+00
-7.64909208962e+00
-7.64896442254e+00
-7.64923050769e+00
-7.64754410789e+00
-7.64890632659e+00
-7.64962939575e+00
-7.64780615844e+00
-7.64939146482e+00
-7.64884641916e+00
-7.65011247385e+00
-7.64941537804e+00
-7.64854611847e+00
-7.64756054444e+00
-7.64975857016e+00
-7.64989972050e+00
-7.65066685818e+00
-7.64977509015e+00
-7.64872366185e+00
-7.64957117429e+00
-7.65024251871e+00
-7.64860878256e+00
-7.64920824082e+00
-7.65055693968e+00
-7.64945419245e+00
-7.65029882638e+00
-7.64850161824e+00
-7.64893643346e+00
-7.65025455924e+00
-7.64952651142e+00
-7.64951687310e+00
-7.64876196542e+00
-7.64918187290e+00
-7.64931282674e+00
-7.64897769139e+00
-7.64721509689e+00
-7.64935419885e+00
-7.65023875541e+00
-7.64942510475e+00
-7.65066089411e+00
-7.64853378885e+00
-7.64797085740e+00
-7.65001086175e+00
-7.64947444763e+00
-7.64864629445e+00
-7.64918225405e+00
-7.64824470540e+00
-7.65041493473e+00
-7.64805029029e+00
-7.64987190702e+00
-7.64844119838e+00
-7.64866252341e+00
-7.65112608183e+00
-7.64851430826e+00
-7.64919617114e+00
-7.64841780778e+00
-7.64784610175e+00
-7.65046982383e+00
-7.64874019381e+00
-7.64883040473e+00
-7.64682023234e+00
-7.64781861407e+00
-7.64922538954e+00
-7.64946815680e+00
-7.64693593896e+00
-7.64856183433e+00
-7.64971236091e+00
-7.64856745988e+00
-7.64868089185e+00
-7.64952107191e+00
-7.64954241569e+00
-7.64770151729e+00
-7.64900079115e+00
-7.64615265693e+00
-7.64663281365e+00
-7.65000205345e+00
-7.64849257471e+00
-7.64940192283e+00
-7.64750774458e+00
-7.64983186933e+00
-7.64966258708e+00
-7.64934051109e+00
-7.64779907501e+00
-7.64958626351e+00
-7.65014353363e+00
-7.64998888942e+00
-7.64898214181e+00
-7.64784015811e+00
-7.64910589146e+00
-7.64937140560e+00
-7.64820737456e+00
-7.64993211155e+00
-7.65076569295e+00
-7.64938467498e+00
-7.64941262072e+00
-7.64955766979e+00
-7.64758420820e+00
-7.64903844342e+00
-7.64725377535e+00
-7.64971760089e+00
-7.65043392603e+00
-7.64743639338e+00
-7.64906740495e+00
-7.64862756844e+00
-7.64846982179e+00
-7.65128956185e+00
-7.64839504110e+00
-7.64966463410e+00
-7.64893378333e+00
-7.64902151962e+00
-7.64930430258e+00
-7.64793245005e+00
-7.65007356278e+00
-7.64671943218e+00
-7.65075933996e+00
-7.64815052249e+00
-7.65085485791e+00
-7.64861478779e+00
-7.64926904904e+00
-7.65020381209e+00
-7.64738476370e+00
-7.64884443038e+00
-7.64695316636e+00
-7.64956204528e+00
-7.64739495266e+00
-7.64742118589e+00
-7.65012779065e+00
-7.64884773151e+00
-7.65089472036e+00
-7.64873258038e+00
-7.64932399746e+00
-7.64799795744e+00
-7.64871329087e+00
-7.64886931951e+00
-7.65008438520e+00
-7.65093754011e+00
-7.64993537356e+00
-7.64747675372e+00
-7.64890371495e+00
-7.64946737832e+00
-7.64829504068e+00
-7.65005007834e+00
-7.64780003427e+00
-7.65016904305e+00
-7.64925566588e+00
-7.64827794679e+00
-7.64944672432e+00
-7.65051666417e+00
-7.64922750478e+00
-7.64926227378e+00
-7.64876117079e+00
-7.65032580816e+00
-7.64893012011e+00
-7.65080151709e+00
-7.64944741785e+00
-7.64832146632e+00
-7.65004268311e+00
-7.64807891538e+00
-7.64879127130e+00
-7.64865979572e+00
-7.64910929641e+00
-7.65023505346e+00
-7.64871200972e+00
-7.64756065770e+00
-7.64827506013e+00
-7.64868664114e+00
-7.64906204790e+00
-7.64963563300e+00
-7.64892015342e+00
-7.64897797920e+00
-7.64786522763e+00
-7.64977118310e+00
-7.64956925135e+00
-7.65001812745e+00
-7.64860705853e+00
-7.64980687980e+00
-7.64747361548e+00
-7.64935594006e+00
-7.64807004670e+00
-7.64958291552e+00
-7.64924327000e+00
-7.64881743231e+00
-7.64903176390e+00
-7.64766108262e+00
-7.64848475535e+00
-7.64943911581e+00
-7.64904310795e+00
-7.65074146285e+00
-7.64929384258e+00
-7.64754985887e+00
-7.64710630978e+00
-7.64800829264e+00
-7.64880361979e+00
-7.64914636447e+00
-7.64903932889e+00
-7.64891867868e+00
-7.64840118344e+00
-7.64930104094e+00
-7.64909941857e+00
-7.64836027069e+00
-7.65164095980e+00
-7.64774383191e+00
-7.65060317322e+00
-7.65024938287e+00
-7.65027765972e+00
-7.65045704823e+00
-7.65214947515e+00
-7.65056260908e+00
-7.64977543694e+00
-7.64975773212e+00
-7.65011089802e+00
-7.64976355446e+00
-7.64968369074e+00
-7.64754637748e+00
-7.65058994009e+00
-7.64744369809e+00
-7.65027590958e+00
-7.64994284553e+00
-7.64974914456e+00
-7.64957511458e+00
-7.64829831035e+00
-7.64990215582e+00
-7.64856333673e+00
-7.64631863710e+00
-7.65004274838e+00
-7.64886264956e+00
-7.65030341433e+00
-7.64918075434e+00
-7.65047306881e+00
-7.64929260813e+00
-7.64834209909e+00
-7.64929858475e+00
-7.65060553834e+00
-7.64801253011e+00
-7.64991473292e+00
-7.64878358611e+00
-7.64981282650e+00
-7.64857529628e+00
-7.65067996306e+00
-7.64809243995e+00
-7.64913434953e+00
-7.65033945764e+00
-7.64753353869e+00
-7.64820669239e+00
-7.64660857037e+00
-7.64803610422e+00
-7.64974391390e+00
-7.65172447536e+00
-7.64827557959e+00
-7.64921561668e+00
-7.64762950120e+00
-7.64932509856e+00
-7.64901252662e+00
-7.64945211156e+00
-7.64942555408e+00
-7.64885990633e+00
-7.64904827130e+00
-7.65034120010e+00
-7.64621004650e+00
-7.64675355914e+00
-7.65005133562e+00
-7.64778742962e+00
-7.64908458510e+00
-7.64876085041e+00
-7.64911395211e+00
-7.64949094815e+00
-7.64778161820e+00
-7.64855464702e+00
-7.65057729344e+00
-7.64888740416e+00
-7.64722191062e+00
-7.64882134147e+00
-7.65044028994e+00
-7.64686322092e+00
-7.64928218610e+00
-7.65016166535e+00
-7.65064828060e+00
-7.64815586152e+00
-7.64906033063e+00
-7.65017726526e+00
-7.64969280997e+00
-7.64850080887e+00
-7.64745927141e+00
-7.64742738379e+00
-7.64934796997e+00
-7.65165844668e+00
-7.64972817917e+00
-7.64839732510e+00
-7.64810394184e+00
-7.64978620515e+00
-7.64949594046e+00
-7.64845081847e+00
-7.64825675910e+00
-7.65014241972e+00
-7.64932843251e+00
-7.64906694813e+00
-7.65092546258e+00
-7.64905503495e+00
-7.64944000598e+00
-7.64996349454e+00
-7.65060044706e+00
-7.64823960355e+00
-7.64935280242e+00
-7.64809742621e+00
-7.64755323456e+00
-7.64968664794e+00
-7.64827015059e+00
-7.64861226530e+00
-7.64997902942e+00
-7.64797828234e+00
-7.64803568297e+00
-7.65036537270e+00
-7.64872031668e+00
-7.64944051151e+00
-7.64982029817e+00
-7.64988545219e+00
-7.64985206081e+00
-7.64903109891e+00
-7.64921752804e+00
-7.65141316515e+00
-7.64967093905e+00
-7.64908976751e+00
-7.65028200697e+00
-7.64660288236e+00
-7.64912412266e+00
-7.64905411269e+00
-7.64886819636e+00
-7.65060913611e+00
-7.64810381764e+00
-7.64840582651e+00
-7.65381309170e+00
-7.65042929265e+00
-7.64802980025e+00
-7.64982367069e+00
-7.64743313853e+00
-7.64729929312e+00
-7.64989453739e+00
-7.64798372273e+00
-7.64719205024e+00
-7.64965124670e+00
-7.65005934199e+00
-7.64896401985e+00
-7.65065147937e+00
-7.65077162672e+00
-7.64870463047e+00
-7.64944795697e+00
-7.65126091628e+00
-7.64960198727e+00
-7.64981836306e+00
-7.64867000573e+00
-7.64834883488e+00
-7.65036475253e+00
-7.64906314155e+00
-7.64934027520e+00
-7.64998242191e+00
-7.65021770761e+00
-7.64831003371e+00
-7.65053355352e+00
-7.64982064158e+00
-7.64931365740e+00
-7.64874875432e+00
-7.65062409675e+00
-7.65027450663e+00
-7.64961320942e+00
-7.64846242367e+00
-7.64896951174e+00
-7.64666313589e+00
-7.64917414361e+00
-7.65053550566e+00
-7.64991424085e+00
-7.64881873899e+00
-7.64997019757e+00
-7.64920883999e+00
-7.64912761806e+00
-7.65285262877e+00
-7.65120665836e+00
-7.64865818586e+00
-7.64892702011e+00
-7.64943253402e+00
-7.64890617161e+00
-7.64863733764e+00
-7.64964189883e+00
-7.64862665230e+00
-7.64972913174e+00
-7.65048038576e+00
-7.65000379944e+00
-7.64921127157e+00
-7.65028764608e+00
-7.65008513620e+00
-7.64790858184e+00
-7.65000875251e+00
-7.64859390936e+00
-7.64836314752e+00
-7.64917413470e+00
-7.64850718772e+00
-7.64758012133e+00
-7.64948536503e+00
-7.64881706023e+00
-7.65008766898e+00
-7.65064653553e+00
-7.64983930358e+00
-7.64826298285e+00
-7.64861681285e+00
-7.64846947478e+00
-7.65154583977e+00
-7.64918558886e+00
-7.64919447949e+00
-7.65099739560e+00
-7.65084060372e+00
-7.64908046786e+00
-7.64991631454e+00
-7.64869558232e+00
-7.64776442685e+00
-7.64911738901e+00
-7.64970021259e+00
-7.64848650057e+00
-7.64938118047e+00
-7.64938507734e+00
-7.64737908558e+00
-7.64868140240e+00
-7.64866558027e+00
-7.64906018957e+00
-7.64830366064e+00
-7.64619773383e+00
-7.64780500206e+00
-7.64973122663e+00
-7.64954137519e+00
-7.64936412209e+00
-7.64780606067e+00
-7.64867725156e+00
-7.64975457298e+00
-7.64987287219e+00
-7.64729328319e+00
-7.64889359763e+00
-7.64957437431e+00
-7.65010178366e+00
-7.64992491078e+00
-7.65057355674e+00
-7.64823402813e+00
-7.64840512411e+00
-7.64809951078e+00
-7.64957874710e+00
-7.65059577073e+00
-7.64852090401e+00
-7.64861453995e+00
-7.64869724795e+00
-7.64919776541e+00
-7.64937060859e+00
-7.64971473736e+00
-7.65118455730e+00
-7.64905084054e+00
-7.64937162672e+00
-7.64977477939e+00
-7.64822795891e+00
-7.64885040506e+00
-7.64958855633e+00
-7.64855905999e+00
-7.64986249852e+00
-7.64841851055e+00
-7.64985252211e+00
-7.64801292858e+00
-7.65048958867e+00
-7.64986833141e+00
-7.65278167650e+00
-7.64748840725e+00
-7.64989887618e+00
-7.65075459382e+00
-7.64916630863e+00
-7.64902626731e+00
-7.64911226939e+00