-7.73349593287e+00
-7.80329913975e+00
-7.85735272028e+00
-8.00076755311e+00
-7.81156534947e+00
-7.79806894827e+00
-7.79269793498e+00
-7.94686972560e+00
-7.85715218927e+00
-7.95944354816e+00
-7.92205766653e+00
-7.73667102780e+00
-7.80216210470e+00
-7.86501806166e+00
-7.84146245097e+00
-7.83826905017e+00
-7.88831154170e+00
-7.83216261169e+00
-7.82283971548e+00
-7.73782811675e+00
-7.72117694307e+00
-7.85100296105e+00
-7.82245704710e+00
-7.96159161631e+00
-7.97061646135e+00
-7.83016039511e+00
-7.81275585311e+00
-7.84059679778e+00
-7.80631249140e+00
-7.89444314461e+00
-7.76142390501e+00
-7.83699120256e+00
-7.94004284498e+00
-7.81505702158e+00
-7.83032260606e+00
-7.86098180756e+00
-7.82066104037e+00
-7.96383058995e+00
-7.83059907002e+00
-7.87566028765e+00
-7.87131300470e+00
-7.87426754502e+00
-7.76288281834e+00
-7.95366322080e+00
-7.78458359622e+00
-7.72369928273e+00
-7.98146578998e+00
-7.92869680868e+00
-7.94345531772e+00
-7.72805352925e+00
-7.97452165693e+00
-7.86547272066e+00
-7.91011967357e+00
-7.90895562488e+00
-8.07453088127e+00
-7.84977142333e+00
-7.79862345734e+00
-7.92403547446e+00
-7.80335513130e+00
-7.87457752041e+00
-7.72924724189e+00
-7.89547781854e+00
-7.83887994093e+00
-7.78835199742e+00
-7.87440695906e+00
-7.81929133019e+00
-7.85272599329e+00
-7.86679727368e+00
-7.79002840966e+00
-7.90416505801e+00
-7.89658534367e+00
-7.95710960247e+00
-7.82659946229e+00
-7.91558107822e+00
-7.93833459485e+00
-7.86229507193e+00
-7.74795874171e+00
-8.00032637423e+00
-7.83988939866e+00
-7.87035261246e+00
-8.02760139625e+00
-7.79145809946e+00
-7.81834933415e+00
-7.90823221899e+00
-7.85028693392e+00
-7.87559220466e+00
-7.91018545781e+00
-7.90697389576e+00
-7.85821565495e+00
-7.94177357065e+00
-7.69154816560e+00
-7.70683068511e+00
-7.89801731647e+00
-7.88828636170e+00
-7.91955165187e+00
-7.85201999542e+00
-7.83758024056e+00
-7.90498338702e+00
-7.92445642439e+00
-7.89721236793e+00
-7.83256635466e+00
-7.87355217519e+00
-7.73808847182e+00
-7.77333571051e+00
-7.93817958683e+00
-7.92143749130e+00
-7.87832253179e+00
-7.90303270562e+00
-7.84175365150e+00
-8.01012379065e+00
-7.65382503878e+00
-7.92488378630e+00
-7.78873490225e+00
-7.86303661088e+00
-7.78002176704e+00
-7.86589153234e+00
-8.06019367961e+00
-7.88953720332e+00
-7.96488357306e+00
-7.85977849546e+00
-7.90227715602e+00
-7.81570484405e+00
-7.78530523418e+00
-7.91689014992e+00
-7.80313133386e+00
-7.82975267313e+00
-7.81497314585e+00
-7.77843189965e+00
-7.82136443685e+00
-7.81752887353e+00
-7.82094464654e+00
-7.90571347364e+00
-7.92590160466e+00
-7.84327904670e+00
-7.83882207912e+00
-7.59035006072e+00
-7.90321713698e+00
-7.77519874418e+00
-7.99400681896e+00
-7.89998275568e+00
-7.70676186454e+00
-7.97941694468e+00
-7.85646882346e+00
-8.01253860487e+00
-7.98623671846e+00
-7.89392781987e+00
-7.71656526774e+00
-7.75682085159e+00
-7.84240360448e+00
-7.92035110009e+00
-7.74427054931e+00
-7.76720827681e+00
-7.84143636480e+00
-7.71711237904e+00
-7.93896587882e+00
-7.89929922194e+00
-7.91300404509e+00
-7.94758740618e+00
-7.84412075904e+00
-7.89503183339e+00
-7.98517177805e+00
-7.80510678462e+00
-7.82126838924e+00
-7.82787430212e+00
-7.97515212434e+00
-7.78695856687e+00
-7.75809059638e+00
-7.78750815240e+00
-7.76068363911e+00
-7.90410489468e+00
-7.90865974704e+00
-7.69283331497e+00
-8.05818378185e+00
-8.02498737390e+00
-7.94394890987e+00
-7.93329831617e+00
-7.99203468773e+00
-7.75628793636e+00
-8.03799333165e+00
-7.90484668665e+00
-7.80657463488e+00
-7.71836222144e+00
-7.81996784924e+00
-7.78847726619e+00
-7.97113755368e+00
-7.94773094610e+00
-7.68398046562e+00
-7.92121970810e+00
-7.86430180339e+00
-7.93150310539e+00
-7.88438005901e+00
-7.83279223260e+00
-7.97350929411e+00
-7.73389581895e+00
-8.02147331792e+00
-7.83127240761e+00
-7.83205603794e+00
-7.87624396008e+00
-7.78484116403e+00
-7.82576137403e+00
-7.80558678004e+00
-7.93312773475e+00
-7.88865738696e+00
-7.85150042428e+00
-7.78288364592e+00
-7.90726620620e+00
-7.87293631266e+00
-7.74852426045e+00
-7.88261676282e+00
-7.83569320947e+00
-8.00175499973e+00
-7.80420713330e+00
-7.66288435990e+00
-7.97544276540e+00
-7.86501185539e+00
-7.89481433329e+00
-8.01506461207e+00
-7.80616436148e+00
-7.89723169468e+00
-7.89358005560e+00
-7.88198159686e+00
-8.07952598964e+00
-7.75536992282e+00
-7.65143503243e+00
-7.78316268377e+00
-7.90708725012e+00
-7.85040698709e+00
-7.86161178187e+00
-8.00159404723e+00
-7.76861024834e+00
-7.87585232288e+00
-7.79184739494e+00
-7.91304582793e+00
-7.97830755480e+00
-7.88644260306e+00
-7.79644527262e+00
-7.85350595488e+00
-7.84843455359e+00
-7.78963263255e+00
-7.86665796355e+00
-7.85787295588e+00
-7.85974876287e+00
-7.90111448499e+00
-7.81788762801e+00
-7.92423747465e+00
-7.91947900288e+00
-7.91836800622e+00
-7.88617587202e+00
-7.94664873220e+00
-7.83994240838e+00
-7.90183810839e+00
-7.91768517364e+00
-7.79216770302e+00
-7.94477864855e+00
-7.93935266111e+00
-7.88704812187e+00
-7.96428836735e+00
-7.99731386250e+00
-7.80737542163e+00
-7.80906888777e+00
-7.87846552592e+00
-7.79489316712e+00
-7.76375712646e+00
-7.82247287442e+00
-7.74093219516e+00
-7.78018595190e+00
-7.82306906689e+00
-7.82975364308e+00
-7.81956931289e+00
-7.84236078444e+00
-7.84032811864e+00
-7.88877692992e+00
-7.91544574999e+00
-7.81809173842e+00
-7.87378927043e+00
-7.74568704085e+00
-8.01642520577e+00
-7.87865686470e+00
-7.86215342339e+00
-7.81679660486e+00
-7.83756459831e+00
-7.95251190134e+00
-7.80963229379e+00
-7.78437110075e+00
-7.91275537874e+00
-7.92408765873e+00
-7.79445317231e+00
-7.92138740170e+00
-7.90148364095e+00
-7.62049882000e+00
-7.76332094889e+00
-7.84946233140e+00
-7.67479193704e+00
-7.76157524880e+00
-7.79327807976e+00
-7.98230748916e+00
-7.67235958293e+00
-7.96612548568e+00
-7.83341789743e+00
-7.92259958983e+00
-8.05153771522e+00
-7.84239211406e+00
-7.74340520231e+00
-7.81538406226e+00
-7.90029926428e+00
-7.87651874456e+00
-7.96571092192e+00
-7.86714108861e+00
-7.88138996108e+00
-7.92954370304e+00
-7.82904981045e+00
-7.80075187001e+00
-7.81538442209e+00
-7.92808367886e+00
-7.73837472059e+00
-8.02994007553e+00
-7.91113855079e+00
-7.87298279276e+00
-7.72476907221e+00
-7.78150285578e+00
-7.82543473972e+00
-7.92838209869e+00
-7.91509881261e+00
-7.84746604750e+00
-7.89591063353e+00
-7.83023822992e+00
-7.88682293242e+00
-7.87006323732e+00
-7.81608785062e+00
-7.94005554273e+00
-7.95855862254e+00
-7.83681001321e+00
-7.95610101637e+00
-7.87285404898e+00
-7.76399521435e+00
-7.70352185472e+00
-7.90319289501e+00
-7.68768786479e+00
-7.76658878827e+00
-7.98062201002e+00
-7.89878463460e+00
-7.83728576528e+00
-7.96679397284e+00
-7.85243394653e+00
-7.98224758386e+00
-8.04638858376e+00
-7.99153099240e+00
-7.83553255586e+00
-7.83479283944e+00
-7.81006655741e+00
-7.91698552277e+00
-7.87115807425e+00
-8.07908410644e+00
-7.94442954093e+00
-7.72204107999e+00
-7.66708135637e+00
-7.86127398751e+00
-7.78254038989e+00
-7.88236484880e+00
-7.85569894609e+00
-7.71561306739e+00
-7.84142360685e+00
-7.83230789452e+00
-7.70197439915e+00
-7.89654333281e+00
-7.93137085335e+00
-7.73693173125e+00
-7.97803185430e+00
-7.77671194916e+00
-7.78588176756e+00
-7.71251644687e+00
-7.92998656325e+00
-7.75528496627e+00
-7.83232036103e+00
-7.87207049594e+00
-7.65141430734e+00
-8.00295029410e+00
-7.64878004139e+00
-7.98166526448e+00
-7.67238911366e+00
-7.91740861643e+00
-7.85363823672e+00
-7.57393074787e+00
-7.85761609357e+00
-7.79596937451e+00
-7.97373826528e+00
-7.90174334935e+00
-7.75450711341e+00
-7.88229987791e+00
-7.98562964493e+00
-7.82405347829e+00
-7.78052110094e+00
-7.84462750246e+00
-7.86358906816e+00
-7.82343576047e+00
-7.81992561956e+00
-7.62461220180e+00
-7.91486696509e+00
-7.85439911540e+00
-7.92463889872e+00
-7.82975655920e+00
-8.08279479203e+00
-7.66382619066e+00
-7.70252669672e+00
-7.88666486297e+00
-7.84491019076e+00
-7.99507578550e+00
-7.86509570198e+00
-7.83217809298e+00
-7.79863723517e+00
-7.86339907629e+00
-7.80787710567e+00
-7.95218560489e+00
-7.77725953059e+00
-7.80312002928e+00
-7.83262875543e+00
-7.95765254149e+00
-7.72537207795e+00
-7.96204804820e+00
-7.84436420802e+00
-7.95302227118e+00
-7.87313025540e+00
-7.97680022233e+00
-7.67976491039e+00
-7.86088690749e+00
-7.79182696384e+00
-7.92144383020e+00
-7.96865652356e+00
-7.88258337377e+00
-7.76121316585e+00
-7.89511864862e+00
-7.86075523108e+00
-7.76075218959e+00
-7.82692466134e+00
-7.84187632304e+00
-7.99840609291e+00
-7.81512367338e+00
-7.98654428916e+00
-7.88195785419e+00
-8.03382176987e+00
-7.72972074884e+00
-7.86208676364e+00
-7.90827192506e+00
-7.85838540446e+00
-7.80964541213e+00
-7.85794947203e+00
-7.88099600997e+00
-7.96639421592e+00
-7.92778785968e+00
-7.88372758681e+00
-7.91288899514e+00
-7.77401693753e+00
-7.92680344632e+00
-7.87127971695e+00
-8.04356013089e+00
-7.88797113277e+00
-7.88997444294e+00
-8.00934184172e+00
-7.99086120992e+00
-7.87222643293e+00
-7.94429207006e+00
-8.10395200271e+00
-8.11205767676e+00
-7.86197461012e+00
-7.84197089241e+00
-7.73479695938e+00
-8.01253698605e+00
-7.93561254283e+00
-7.88554110725e+00
-7.86245179840e+00
-7.93036920790e+00
-7.84061879554e+00
-7.80453233182e+00
-7.90562546384e+00
-7.91548683056e+00
-7.95308598600e+00
-7.78537595388e+00
-7.91820635076e+00
-7.97677623797e+00
-8.01365470873e+00
-7.95276705630e+00
-7.74829402561e+00
-7.94962288264e+00
-8.14264916424e+00
-7.75130273652e+00
-7.77508639917e+00
-7.89452890676e+00
-7.77297669060e+00
-7.92080128065e+00
-7.85602029616e+00
-7.88498595769e+00
-7.76083259914e+00
-7.80823477561e+00
-7.78350359834e+00
-7.92065251654e+00
-7.85065552768e+00
-7.93874283114e+00
-8.00150853130e+00
-7.90888759794e+00
-7.80657730138e+00
-7.86333842272e+00