4.99163253233e+00
4.98881358391e+00
4.98502834061e+00
4.98713297500e+00
4.98062874250e+00
4.98819744244e+00
4.98260520819e+00
4.98653513185e+00
4.98317027263e+00
4.98354720762e+00
4.98610673372e+00
4.98616293627e+00
4.98662648518e+00
4.98128013764e+00
4.98632482071e+00
4.98629005210e+00
4.98179478572e+00
4.98359355760e+00
4.98339860844e+00
4.98627095618e+00
4.98338321313e+00
4.98381810547e+00
4.98442426863e+00
4.98346239787e+00
4.98840966804e+00
4.98397830698e+00
4.98662716780e+00
4.98458674877e+00
4.98303948286e+00
4.98401408031e+00
4.98189772988e+00
4.98909381716e+00
4.98548156554e+00
4.98754581647e+00
4.98436364853e+00
4.98550354601e+00
4.98666313540e+00
4.98305152067e+00
4.98201809367e+00
4.98277443890e+00
4.98176661200e+00
4.98198573425e+00
4.98335893690e+00
4.98459864993e+00
4.98947141785e+00
4.98606643405e+00
4.99196578709e+00
4.98333355093e+00
4.98417170562e+00
4.98213533184e+00
4.98666094914e+00
4.98567073808e+00
4.98040048707e+00
4.98941823426e+00
4.98573946666e+00
4.98556131326e+00
4.98558361866e+00
4.98463681762e+00
4.98728419772e+00
4.98551704068e+00
4.98347313835e+00
4.98680514974e+00
4.98138793209e+00
4.98295325941e+00
4.98036446479e+00
4.98139055687e+00
4.98475495826e+00
4.98922663710e+00
4.98532588687e+00
4.98452009201e+00
4.98791424887e+00
4.98802878669e+00
4.98499394297e+00
4.98578577668e+00
4.98672774989e+00
4.98412262367e+00
4.98518117216e+00
4.98221599660e+00
4.98548537345e+00
4.98532254721e+00
4.98377129485e+00
4.98267149476e+00
4.97746320610e+00
4.98359851981e+00
4.98659719559e+00
4.98639939883e+00
4.98393089557e+00
4.99074000152e+00
4.98545184120e+00
4.99041839935e+00
4.98630814319e+00
4.98385083113e+00
4.98775415812e+00
4.98692672548e+00
4.98359608470e+00
4.98707482740e+00
4.98458379610e+00
4.98674602727e+00
4.98641014515e+00
4.98168040330e+00
4.98359468169e+00
4.98187576191e+00
4.98142662400e+00
4.98450252045e+00
4.98347832042e+00
4.98668655342e+00
4.98379075057e+00
4.98910662978e+00
4.98528609196e+00
4.98275819210e+00
4.98586661888e+00
4.98425776841e+00
4.98675609040e+00
4.98882312309e+00
4.98212237733e+00
4.98939639307e+00
4.98496266955e+00
4.98597025888e+00
4.98627454304e+00
4.98766693094e+00
4.97832249591e+00
4.98619738987e+00
4.97822256103e+00
4.98955222906e+00
4.98437157890e+00
4.98426789902e+00
4.98555544078e+00
4.98822921575e+00
4.98592829928e+00
4.98809075865e+00
4.97988208342e+00
4.98899922077e+00
4.98636769774e+00
4.99037960715e+00
4.99197303615e+00
4.98703665515e+00
4.98708659064e+00
4.98718656683e+00
4.98303699726e+00
4.98520928437e+00
4.98392976815e+00
4.98277890822e+00
4.98059547095e+00
4.98404072856e+00
4.98735590719e+00
4.98066060305e+00
4.98906812111e+00
4.98030079832e+00
4.98179651375e+00
4.98575670831e+00
4.98641244126e+00
4.98640724330e+00
4.98809089178e+00
4.98345564258e+00
4.98233309888e+00
4.98647132779e+00
4.98390185879e+00
4.98967627519e+00
4.99017701535e+00
4.98290801779e+00
4.97898544054e+00
4.98271431387e+00
4.98316677653e+00
4.98883422935e+00
4.98762952677e+00
4.98878428395e+00
4.98610946115e+00
4.98700435899e+00
4.98700937117e+00
4.98167096480e+00
4.98765606121e+00
4.98679563060e+00
4.98229203291e+00
4.98378407403e+00
4.98867770875e+00
4.98605330679e+00
4.98151859494e+00
4.98521014239e+00
4.98145268357e+00
4.98056601310e+00
4.98160924615e+00
4.97980679568e+00
4.98259957277e+00
4.98606953544e+00
4.98296173554e+00
4.98522550356e+00
4.98755610491e+00
4.98206411058e+00
4.98256521175e+00
4.98060999928e+00
4.98551619202e+00
4.98244233774e+00
4.98517712280e+00
4.98548721627e+00
4.98704284087e+00
4.98568163453e+00
4.98526734291e+00
4.98387691637e+00
4.98043442984e+00
4.98144991466e+00
4.98648418839e+00
4.98620106451e+00
4.98460318217e+00
4.98634951686e+00
4.98604100359e+00
4.98525064408e+00
4.98183812699e+00
4.98355418719e+00
4.98577850591e+00
4.98454945411e+00
4.98806392692e+00
4.98963649164e+00
4.98663888396e+00
4.98566840740e+00
4.98160510183e+00
4.98280618214e+00
4.98662643770e+00
4.98794438835e+00
4.98298544096e+00
4.98076929508e+00
4.98392441519e+00
4.98364514114e+00
4.98587525039e+00
4.98240669040e+00
4.98788618013e+00
4.98865402502e+00
4.98381239979e+00
4.98680452543e+00
4.98239238931e+00
4.98350925607e+00
4.98088764011e+00
4.98391496706e+00
4.98266051475e+00
4.98074058354e+00
4.98538313309e+00
4.98797872232e+00
4.98488324671e+00
4.98599260779e+00
4.98467824034e+00
4.98486255527e+00
4.98901737263e+00
4.98074109522e+00
4.98576792561e+00
4.98296758214e+00
4.98677707464e+00
4.98483068018e+00
4.98181917707e+00
4.98895854137e+00
4.98358353397e+00
4.98562064516e+00
4.98430810332e+00
4.98402686288e+00
4.98618048097e+00
4.98142792975e+00
4.98315467271e+00
4.98167517467e+00
4.98633028341e+00
4.98934237144e+00
4.98990407585e+00
4.98227964588e+00
4.98478472766e+00
4.98473987362e+00
4.97934769162e+00
4.98364294751e+00
4.98461201571e+00
4.98525148487e+00
4.98632216917e+00
4.98504763024e+00
4.98625472050e+00
4.99005371068e+00
4.98496612607e+00
4.98468796443e+00
4.97796337898e+00
4.98538089965e+00
4.98988547781e+00
4.98539214160e+00
4.97861177386e+00
4.98223474972e+00
4.99076882017e+00
4.98163030058e+00
4.98788187107e+00
4.98927160920e+00
4.97825073787e+00
4.98651055160e+00
4.98829008225e+00
4.98352722775e+00
4.98488429781e+00
4.98657737623e+00
4.97973447444e+00
4.97958106380e+00
4.98452224575e+00
4.98489247779e+00
4.98487637757e+00
4.98991012863e+00
4.98199427887e+00
4.99195547975e+00
4.98450843436e+00
4.98488873276e+00
4.98391503879e+00
4.98294767393e+00
4.98245861842e+00
4.98864445725e+00
4.98564049364e+00
4.98352604856e+00
4.98543690561e+00
4.98302040445e+00
4.98975127941e+00
4.98472274257e+00
4.98190025141e+00
4.98154008131e+00
4.98477158281e+00
4.98100273472e+00
4.98625460099e+00
4.98876588971e+00
4.98429437589e+00
4.98612106039e+00
4.98666663613e+00
4.98351410064e+00
4.98661505170e+00
4.98325083684e+00
4.98058948227e+00
4.98216442242e+00
4.98595179403e+00
4.98344356675e+00
4.98635566194e+00
4.98597411510e+00
4.99144739799e+00
4.98492087455e+00
4.98838533049e+00
4.98643729117e+00
4.98639321815e+00
4.98798076104e+00
4.98412303968e+00
4.98464894957e+00
4.98898813232e+00
4.98276436487e+00
4.98802975235e+00
4.98747546291e+00
4.98093827020e+00
4.98681520207e+00
4.98436670204e+00
4.98651849147e+00
4.98178018626e+00
4.98427887792e+00
4.98413800977e+00
4.98397540546e+00
4.98364748619e+00
4.98206534715e+00
4.97955239444e+00
4.98758114437e+00
4.98609360456e+00
4.98524065460e+00
4.98852426955e+00
4.99088424696e+00
4.98457848808e+00
4.98639332879e+00
4.98533731884e+00
4.98665442147e+00
4.98569414560e+00
4.98657745673e+00
4.98593925328e+00
4.98698016291e+00
4.98415828903e+00
4.98607664506e+00
4.98423664513e+00
4.98504519946e+00
4.98480562034e+00
4.97820440756e+00
4.98833517846e+00
4.98441946257e+00
4.98138855129e+00
4.98269741405e+00
4.98624484573e+00
4.98533266973e+00
4.98733605081e+00
4.98876594465e+00
4.98395022915e+00
4.98310967533e+00
4.98400400105e+00
4.98270453630e+00
4.98019467948e+00
4.98786350489e+00
4.98717519383e+00
4.98622138938e+00
4.98411699268e+00
4.98474424388e+00
4.98343800527e+00
4.98359206253e+00
4.98504813132e+00
4.98797180491e+00
4.98474406349e+00
4.98600687661e+00
4.98361939996e+00
4.98787591402e+00
4.98117564826e+00
4.98849711189e+00
4.98184291297e+00
4.98279001511e+00
4.98759271940e+00
4.98422065755e+00
4.97993836023e+00
4.97971029553e+00
4.98364396005e+00
4.98324748021e+00
4.98691125232e+00
4.98727456582e+00
4.98716945120e+00
4.98377005517e+00
4.98395150894e+00
4.98463826867e+00
4.98318843271e+00
4.98138682535e+00
4.98764077296e+00
4.98077642468e+00
4.98297410134e+00
4.98942968607e+00
4.98760782901e+00
4.98390510218e+00
4.98140162278e+00
4.98768518958e+00
4.98600815968e+00
4.98949541486e+00
4.98447106177e+00
4.98602041065e+00
4.98580087707e+00
4.98678097877e+00
4.98445955515e+00
4.98356285236e+00
4.98891141103e+00
4.98849876637e+00
4.98450070123e+00
4.98188131692e+00
4.98569619268e+00
4.98762799474e+00
4.98450984042e+00
4.98797208006e+00
4.98469209577e+00
4.98636550383e+00
4.98877809506e+00
4.98780031637e+00
4.98394030995e+00
4.98479428664e+00
4.98409322142e+00
4.98630461486e+00
4.98907216334e+00
4.98737348673e+00
4.98500212885e+00
4.98514507061e+00
4.98213958862e+00
4.98438518146e+00
4.98510417319e+00
4.98334764427e+00
4.98342998949e+00
4.98507302217e+00
4.98376789619e+00
4.98324618926e+00
4.98402886097e+00
4.98799932286e+00
4.98195275662e+00
4.98393857764e+00
4.98820488001e+00
4.98374436856e+00
4.98546480249e+00
4.98141476089e+00
4.99226644896e+00
4.98356187639e+00
4.98549094565e+00
4.98238440066e+00
4.98708325828e+00
4.98391834620e+00
4.98730129925e+00
4.98543289961e+00
4.98675990644e+00
4.98511824425e+00
4.98610971175e+00
4.97830729683e+00
4.98254743465e+00
4.98804971449e+00
4.98530195896e+00
4.98075436625e+00
4.98065325004e+00
4.98250521699e+00
4.98662136917e+00
4.98089068914e+00
4.98527923707e+00
4.98536847200e+00
4.98365293167e+00
4.98644751015e+00
4.98886943534e+00
4.98415852031e+00
4.98390733984e+00
4.97920169589e+00
4.98750797429e+00
4.98498990356e+00
4.98314789643e+00
4.98249900634e+00
4.98721969045e+00
4.98391507266e+00
4.98241363500e+00
4.98739811411e+00
4.98504640354e+00