-5.01665103952e+00
-5.08489850880e+00
-5.04965012058e+00
-5.09354290362e+00
-5.01701636260e+00
-5.02496965642e+00
-5.13248203345e+00
-4.95588538507e+00
-5.05195244418e+00
-5.02379253812e+00
-4.90874309123e+00
-5.14660409309e+00
-5.02757498804e+00
-5.08554957818e+00
-5.19396612266e+00
-5.14471341452e+00
-4.96526485406e+00
-5.20177735471e+00
-5.20213127972e+00
-5.01705683697e+00
-5.20528517502e+00
-5.01087809611e+00
-5.14432917728e+00
-4.98585951900e+00
-5.09609920889e+00
-5.16731903566e+00
-5.04747948862e+00
-4.91718448562e+00
-5.06564602039e+00
-5.13823955713e+00
-5.05632134974e+00
-5.13322302916e+00
-5.01851027580e+00
-5.14824264033e+00
-5.16634775175e+00
-5.13269340513e+00
-5.21469200943e+00
-5.24279167197e+00
-4.83537049651e+00
-5.11130752581e+00
-5.22027220606e+00
-5.02583325608e+00
-5.12099776986e+00
-5.15453712309e+00
-5.07396992003e+00
-5.20134450809e+00
-5.12329763156e+00
-5.13732447935e+00
-4.90833135933e+00
-5.19092404123e+00
-4.98860512329e+00
-5.05046202584e+00
-5.10894243690e+00
-5.07950571008e+00
-5.13357068266e+00
-5.22951530403e+00
-4.97571647367e+00
-5.00642362127e+00
-5.29269287046e+00
-5.17713513627e+00
-5.11005049746e+00
-5.24755814586e+00
-5.10383271129e+00
-4.97526300499e+00
-4.98044871992e+00
-5.03152235965e+00
-5.29313042262e+00
-5.25576542225e+00
-4.92019535541e+00
-5.07645349200e+00
-5.06142318110e+00
-5.12191432176e+00
-5.12098499562e+00
-4.95439925948e+00
-5.09338474063e+00
-5.09201716821e+00
-5.30535168969e+00
-5.21855312529e+00
-4.99035745676e+00
-5.02787131987e+00
-5.05435364228e+00
-5.18701167648e+00
-5.04145470034e+00
-4.96211631269e+00
-4.94224638802e+00
-5.13673378546e+00
-4.89238344394e+00
-5.00721428017e+00
-5.21840912641e+00
-5.17759720831e+00
-5.06787051830e+00
-5.01165419100e+00
-5.05314428707e+00
-5.01865285274e+00
-5.06345301914e+00
-4.98770955953e+00
-5.08188752211e+00
-5.28014996145e+00
-5.07380812688e+00
-4.99544899006e+00
-5.13197553515e+00
-5.04986796519e+00
-5.04276351382e+00
-5.15856662620e+00
-4.98542828019e+00
-4.98975770281e+00
-5.20839830746e+00
-5.03720235613e+00
-5.12983477570e+00
-5.00737189171e+00
-5.23789812962e+00
-5.18409488021e+00
-5.01686736297e+00
-5.09697416554e+00
-4.95512953461e+00
-5.37781652592e+00
-5.09815843653e+00
-5.06058857713e+00
-5.12042702803e+00
-5.16236275662e+00
-4.91018710699e+00
-4.99008904705e+00
-4.96155423156e+00
-4.89547437843e+00
-5.03713186100e+00
-5.12144070720e+00
-5.15000742740e+00
-5.13671598853e+00
-5.18361340379e+00
-4.88485883535e+00
-5.17122439496e+00
-4.93229533087e+00
-5.00272951683e+00
-5.09005049567e+00
-5.13625978109e+00
-5.10075998667e+00
-4.93670765545e+00
-5.10114379512e+00
-4.94881380899e+00
-5.15046529680e+00
-5.24094461022e+00
-4.72669538251e+00
-5.08303283536e+00
-5.02542515537e+00
-4.95449647117e+00
-5.15968406508e+00
-5.10689536662e+00
-5.06275966749e+00
-5.27347833566e+00
-5.07560725832e+00
-4.95321169500e+00
-5.22099781486e+00
-5.06695928235e+00
-5.02349902003e+00
-5.05250942782e+00
-5.18759570070e+00
-5.19973501561e+00
-5.03621979973e+00
-5.06439312448e+00
-5.01140217748e+00
-5.10903615716e+00
-5.12015386765e+00
-5.16125977471e+00
-5.20203307292e+00
-4.96273019267e+00
-5.22388321177e+00
-4.83647788551e+00
-4.95311396944e+00
-5.03568129668e+00
-5.13005634188e+00
-5.01198494712e+00
-5.04087051205e+00
-5.00779681101e+00
-5.11413341431e+00
-5.18358653184e+00
-5.14803242980e+00
-5.15266282236e+00
-5.14573663740e+00
-5.27158859387e+00
-5.07639973298e+00
-5.08336178074e+00
-4.82248159559e+00
-5.22045037399e+00
-5.16544414126e+00
-5.18286351401e+00
-5.12863038508e+00
-5.04189924534e+00
-5.04238806764e+00
-5.15465625162e+00
-5.09438033395e+00
-5.11293521044e+00
-5.08197181467e+00
-5.11471741550e+00
-4.95162640064e+00
-5.05043704696e+00
-5.04622548588e+00
-5.12614382740e+00
-5.11865560443e+00
-5.00902568595e+00
-5.08680779206e+00
-5.07518156312e+00
-4.95110899984e+00
-5.02376241713e+00
-4.86455151251e+00
-5.20793924765e+00
-4.86057978858e+00
-4.98865955837e+00
-5.06618726650e+00
-5.17929984662e+00
-4.82078150921e+00
-5.02053064621e+00
-5.17527117480e+00
-5.18731321842e+00
-5.12261090252e+00
-5.03726420644e+00
-5.06386461854e+00
-4.92257791908e+00
-5.06348505403e+00
-4.84214463692e+00
-5.08632450658e+00
-5.08588994591e+00
-5.21368275513e+00
-5.21480408590e+00
-5.22105733830e+00
-5.04554921395e+00
-5.00621546272e+00
-5.17464815584e+00
-4.98066055995e+00
-5.06517146766e+00
-5.11325742317e+00
-5.05264327340e+00
-5.10900891737e+00
-5.06818297857e+00
-5.17207066731e+00
-5.01137550467e+00
-5.22886632857e+00
-5.09666950044e+00
-5.01971058894e+00
-5.09391723164e+00
-4.97633507316e+00
-5.16580727330e+00
-5.05684003556e+00
-5.04308523313e+00
-4.97677978815e+00
-5.14863505180e+00
-5.10214744846e+00
-5.02103504622e+00
-5.04104363965e+00
-5.11208053230e+00
-5.22193990972e+00
-5.04937488687e+00
-5.13430192906e+00
-5.06362820892e+00
-5.07393759092e+00
-5.11834054129e+00
-4.95836341660e+00
-4.82634431551e+00
-4.97264868100e+00
-5.01603858687e+00
-5.04706539116e+00
-5.14820621064e+00
-5.11998782210e+00
-5.07186760968e+00
-5.09111369734e+00
-4.98436638358e+00
-5.13833257607e+00
-5.09971353653e+00
-4.98870404353e+00
-5.11836749018e+00
-5.23765165333e+00
-5.04234704586e+00
-4.97726754991e+00
-5.18729364657e+00
-5.03352876147e+00
-5.14130768779e+00
-5.03896328335e+00
-4.90994358379e+00
-5.10770809054e+00
-4.88169335471e+00
-5.10617655268e+00
-4.98326161632e+00
-5.09031549867e+00
-5.09432892212e+00
-5.11356249028e+00
-5.06839724371e+00
-5.10227254446e+00
-5.19969425238e+00
-5.19625902559e+00
-5.13111645759e+00
-5.10470671330e+00
-5.09080858009e+00
-5.01009233996e+00
-5.00817163118e+00
-5.23294544390e+00
-4.94326263365e+00
-5.05136128352e+00
-5.15086636448e+00
-5.08214713926e+00
-5.19527421194e+00
-5.20059116056e+00
-5.11234146011e+00
-5.23347936961e+00
-5.05664275567e+00
-5.16331044037e+00
-5.00802731159e+00
-4.88468049231e+00
-5.04811428375e+00
-4.97066231522e+00
-5.11944811270e+00
-5.02437633621e+00
-5.07928561822e+00
-5.05117467281e+00
-5.12847270531e+00
-5.06476444021e+00
-5.16858637974e+00
-5.04799969690e+00
-5.02438456053e+00
-5.25077902131e+00
-5.20545536083e+00
-5.00997366854e+00
-4.96536707745e+00
-5.06234153111e+00
-5.04253313651e+00
-5.03350295828e+00
-4.97211286334e+00
-5.00271262737e+00
-5.24682128569e+00
-5.14799777604e+00
-5.04636459307e+00
-5.12853711583e+00
-5.02851140944e+00
-4.97964085370e+00
-5.25525627761e+00
-4.88683835771e+00
-5.25246428353e+00
-5.11875953306e+00
-5.02130162294e+00
-5.13425548001e+00
-5.06695777303e+00
-5.25327357137e+00
-5.01257551413e+00
-5.13999995241e+00
-5.07811584295e+00
-5.19813545992e+00
-4.86513737957e+00
-5.12436296892e+00
-4.99531415093e+00
-5.18709758135e+00
-5.07649228999e+00
-5.16518471035e+00
-5.01353960859e+00
-4.95764774050e+00
-5.17395499364e+00
-5.08458165188e+00
-4.87074483805e+00
-5.24825853445e+00
-4.93537161659e+00
-5.12087276352e+00
-4.89000209610e+00
-4.97928211802e+00
-5.00585544768e+00
-5.08123777303e+00
-5.07030907044e+00
-5.04642159387e+00
-5.19773414553e+00
-5.14016797140e+00
-5.13781231824e+00
-5.07137737174e+00
-4.96956916598e+00
-5.06840097187e+00
-4.87848043464e+00
-5.08448806882e+00
-5.26008523608e+00
-5.07181457019e+00
-5.05306152959e+00
-4.89201356944e+00
-5.11931461136e+00
-5.23422444671e+00
-5.06657718254e+00
-5.15390698193e+00
-5.08865050089e+00
-4.96996537653e+00
-5.22374273364e+00
-5.18650439347e+00
-4.95886403222e+00
-5.05921279257e+00
-5.07882832770e+00
-5.15930189304e+00
-5.30976884112e+00
-5.16296149000e+00
-4.83529670402e+00
-5.21632971019e+00
-5.08275809437e+00
-5.03823996944e+00
-4.99931622915e+00
-5.01672425900e+00
-5.30641552099e+00
-5.02414169401e+00
-5.10733805504e+00
-5.02796386172e+00
-5.03189568861e+00
-4.92353730726e+00
-5.07021125437e+00
-5.06962736316e+00
-5.09590421569e+00
-5.00876222891e+00
-5.10098936309e+00
-5.15867084714e+00
-5.06463822621e+00
-5.31741258344e+00
-5.14270325300e+00
-4.93140506960e+00
-5.10343624061e+00
-5.19700588463e+00
-5.09439387834e+00
-5.03448873030e+00
-5.18942575515e+00
-4.93857321651e+00
-5.08872838898e+00
-4.89174700880e+00
-5.06563913208e+00
-5.04282917832e+00
-5.04185822773e+00
-5.05577943515e+00
-5.17365882984e+00
-4.98516032891e+00
-5.12082711313e+00
-5.11632993902e+00
-5.12575439522e+00
-5.14623819677e+00
-4.99802990390e+00
-5.07066265129e+00
-4.75216920834e+00
-5.01224346750e+00
-4.98066840054e+00
-5.02152525924e+00
-5.15198734098e+00
-5.11097641120e+00
-5.14335794781e+00
-5.06241438370e+00
-5.07912921662e+00
-4.92633286833e+00
-5.13867691046e+00
-4.98490016502e+00
-5.13643295425e+00
-5.14010513479e+00
-4.98043237625e+00
-5.09267832465e+00
-5.02108957419e+00
-4.89147638336e+00
-4.97002314541e+00
-5.03174031471e+00
-5.22355620743e+00
-5.06721772293e+00
-5.23263506310e+00
-5.02484749546e+00
-5.05962485171e+00
-5.06242599906e+00
-5.10530588729e+00
-4.91554138514e+00
-5.09162378848e+00
-5.24399877335e+00
-5.01721542020e+00
-5.05240614909e+00
-5.20394586754e+00
-5.11723511773e+00
-5.12767643696e+00
-5.25118873223e+00
-5.11468418820e+00
-5.05167604337e+00
-5.12945865320e+00
-5.13545299944e+00
-5.06250700728e+00
-5.26889791158e+00
-4.93958638900e+00
-5.07880402344e+00
-5.17913018598e+00
-5.13524743306e+00
-5.20319033297e+00
-5.03115172878e+00
-5.11282551182e+00
-5.08668472387e+00
-5.14503981974e+00
-5.12475199912e+00
-4.97948252604e+00
-5.21803774914e+00
-5.05962426026e+00
-4.97672899559e+00
-5.21252568741e+00
-5.11580130451e+00
-5.11477151712e+00
-5.09931180866e+00
-4.91572449230e+00
-5.34216807428e+00
-5.29824672989e+00
-5.03717343073e+00
-5.08442626802e+00
-5.13797027861e+00
-4.99133329689e+00
-5.13966409524e+00
-5.08614607305e+00