8.85127207157e+00
9.09497182169e+00
9.28472638244e+00
9.04643981293e+00
8.95864740748e+00
9.03222050815e+00
9.09399942221e+00
9.07604445761e+00
9.17390545254e+00
9.13380556485e+00
8.84939422261e+00
8.89275070790e+00
9.06989498070e+00
9.01800413171e+00
9.27116007451e+00
9.13806104271e+00
8.86257866678e+00
8.96680464983e+00
9.19403425490e+00
9.22278595900e+00
9.18829294055e+00
8.94413096013e+00
9.35389755860e+00
8.74036470221e+00
9.05311068133e+00
9.18973171996e+00
9.12330583780e+00
9.08627560551e+00
8.65055309138e+00
8.80584840649e+00
9.14825024607e+00
8.84121570290e+00
8.59187077038e+00
9.13226589967e+00
8.91133687969e+00
9.50069717662e+00
9.19643570265e+00
8.95655671930e+00
9.16532125906e+00
8.70514033008e+00
8.87040483715e+00
9.10313252248e+00
9.08934106340e+00
8.91418838880e+00
8.65695134814e+00
8.63564106404e+00
8.99632086892e+00
9.08906577669e+00
9.16118795013e+00
9.08960149146e+00
9.02867787294e+00
8.84506841309e+00
9.09731476601e+00
9.00534241953e+00
9.13586612508e+00
8.94265512232e+00
8.81158515870e+00
8.84711367079e+00
9.08040910456e+00
9.27115308845e+00
9.22617963003e+00
9.33566058353e+00
8.92440400543e+00
8.98537785978e+00
8.96715468647e+00
9.17199609578e+00
9.00701503654e+00
9.07746283725e+00
9.13785419478e+00
8.76371795257e+00
8.94925549656e+00
8.98877393505e+00
8.87164600851e+00
9.02645090228e+00
8.92451826507e+00
8.76859262497e+00
8.99929144414e+00
9.09765086100e+00
9.17074794278e+00
8.81602333098e+00
9.04332626910e+00
8.98114863525e+00
8.76507622350e+00
8.81764816919e+00
8.75849824251e+00
9.14935197309e+00
8.84549108142e+00
8.47249855675e+00
8.78523194111e+00
8.86244378753e+00
9.06519354399e+00
9.38886901633e+00
9.14385847335e+00
9.14019928325e+00
9.19669319717e+00
8.97406441060e+00
9.03436316724e+00
8.88756239402e+00
9.15955867666e+00
8.83266375675e+00
8.96203976076e+00
8.91772336477e+00
9.00101420586e+00
9.03139273164e+00
9.12160040887e+00
9.17614967096e+00
8.90516929607e+00
9.01983081131e+00
8.90183076828e+00
9.05907269703e+00
9.32616533429e+00
9.01404956901e+00
9.06044952212e+00
9.16107818107e+00
9.23041935227e+00
9.05740235000e+00
8.89196460979e+00
9.20204865006e+00
8.86256076558e+00
9.20616497365e+00
8.40118050930e+00
9.12873506950e+00
9.10086030057e+00
8.86956097510e+00
8.96016639713e+00
9.06289092547e+00
9.42569204835e+00
8.80900902465e+00
8.98582320418e+00
9.04484534403e+00
9.02425192163e+00
8.96098598614e+00
8.93334368076e+00
9.07409172685e+00
8.62392761917e+00
8.93520344689e+00
9.14224252333e+00
9.30214981797e+00
9.08251479051e+00
9.20479974545e+00
9.02842305833e+00
8.76120768329e+00
8.87510608528e+00
9.32482330633e+00
9.04853916950e+00
9.27030185069e+00
8.92606411569e+00
9.45276616999e+00
8.89325121885e+00
9.11522429133e+00
9.05187074968e+00
9.10611901506e+00
8.84879173880e+00
9.16395057283e+00
8.67025977979e+00
9.31588616085e+00
9.07655850724e+00
8.85440163825e+00
9.20015443203e+00
8.77731059063e+00
9.10147236400e+00
8.99559293713e+00
8.85102357450e+00
9.28306021427e+00
8.79774421679e+00
8.93473300954e+00
9.22386690567e+00
8.94190907709e+00
8.95368635212e+00
9.09986772162e+00
8.89603215762e+00
9.05556481558e+00
8.96258635611e+00
8.80071537335e+00
8.88695608743e+00
8.48000978267e+00
8.96710783959e+00
9.16787236358e+00
8.99267410419e+00
8.76191566683e+00
9.04136131185e+00
8.95924347134e+00
8.76922520056e+00
8.89465800164e+00
8.88983687930e+00
9.35218869764e+00
9.01651148675e+00
9.14182954244e+00
8.75220024122e+00
8.84468073952e+00
8.83055887832e+00
9.09383579575e+00
8.86277710449e+00
8.83705795986e+00
8.93557175953e+00
8.92744828416e+00
8.82677583584e+00
9.46542365178e+00
8.97306188535e+00
8.98699663109e+00
9.11193937658e+00
8.84733232672e+00
8.73203662867e+00
9.00629075237e+00
9.22963561819e+00
8.64571332245e+00
8.99569025643e+00
9.43018932249e+00
8.94211801030e+00
9.03974166608e+00
9.05192285945e+00
9.10385194232e+00
8.84957102715e+00
9.07822440434e+00
8.59606992667e+00
9.12438920417e+00
9.12891425171e+00
9.49842934349e+00
9.16100341980e+00
8.91262854079e+00
9.08460257972e+00
9.19514170084e+00
9.16266505086e+00
8.90773076023e+00
8.69801430727e+00
8.85231651379e+00
9.22056515188e+00
8.91792641473e+00
8.99451031151e+00
9.20376366089e+00
8.79192847140e+00
8.90579407334e+00
8.61749443128e+00
8.94329043418e+00
9.17864758767e+00
9.36610407226e+00
8.73533910219e+00
9.01571745680e+00
8.91570538943e+00
9.23561852384e+00
8.96391167102e+00
8.96340674991e+00
9.12575851580e+00
8.99138841510e+00
8.92774696593e+00
9.02448025470e+00
8.95218829664e+00
9.16234014291e+00
8.90903326075e+00
9.09436205055e+00
8.78416392109e+00
8.70870301615e+00
9.08108099842e+00
8.58313342482e+00
9.04611803940e+00
8.79781867000e+00
9.12573730514e+00
8.74515829244e+00
8.80180157045e+00
8.71047551223e+00
8.95709439692e+00
9.01813877592e+00
9.00710615403e+00
9.27238318169e+00
8.94346787583e+00
8.82196841403e+00
8.92317918848e+00
9.00758396446e+00
9.08058349760e+00
9.11681010776e+00
9.01342152930e+00
9.03655050590e+00
8.78419596526e+00
9.22554307272e+00
9.11589186060e+00
9.36430015805e+00
9.10812813771e+00
8.91513300722e+00
9.07356414048e+00
8.86274786782e+00
9.13770756948e+00
8.87311710790e+00
9.25378218724e+00
8.89763019288e+00
9.02552117407e+00
9.20888181953e+00
9.44366974905e+00
8.94954732176e+00
9.29403724235e+00
9.08786569091e+00
9.05032791465e+00
8.90999837861e+00
8.79263339516e+00
8.97839229179e+00
9.07748883480e+00
8.78335186452e+00
8.95180589262e+00
8.75810344584e+00
9.18706907811e+00
8.96338297801e+00
8.78135203733e+00
8.88766298006e+00
9.00034565723e+00
9.01585141750e+00
9.20197113287e+00
9.17575112829e+00
8.95622651283e+00
9.40333544085e+00
9.16490378587e+00
8.69489148760e+00
9.10546044247e+00
8.93130664047e+00
8.98734174743e+00
8.77453602557e+00
9.00973694450e+00
8.63765220925e+00
8.55172966375e+00
9.33350844434e+00
9.35807781259e+00
9.04647289264e+00
8.99233675584e+00
9.09147221487e+00
8.88788428230e+00
9.34875465737e+00
8.89356393027e+00
8.71919024206e+00
9.16708240945e+00
8.89544109662e+00
8.88872638528e+00
8.98685098584e+00
9.03073782105e+00
8.96007482235e+00
8.68174223242e+00
8.98660277644e+00
8.87516885951e+00
9.17323324919e+00
8.76062413310e+00
8.89476979896e+00
9.21924436102e+00
8.69712465534e+00
9.12620578597e+00
8.83380900322e+00
9.02090011794e+00
9.23707592883e+00
9.15221288479e+00
8.97555839028e+00
9.15435342518e+00
9.28477573030e+00
9.14213578298e+00
9.08384126221e+00
8.79104621221e+00
9.12799616951e+00
8.90916246680e+00
9.05001008443e+00
9.33657089855e+00
9.22341876874e+00
9.02204107533e+00
9.04593722487e+00
9.15734557664e+00
8.91575876695e+00
9.03688102853e+00
8.77352246601e+00
9.23966330756e+00
9.27000283769e+00
8.96717115533e+00
8.92693130127e+00
9.01658366639e+00
8.91150627335e+00
9.17446585495e+00
8.65494827476e+00
8.83858144815e+00
9.22478583431e+00
9.00704210641e+00
8.89369413260e+00
8.92886466306e+00
9.46058393060e+00
9.03286810109e+00
9.08586323278e+00
9.07939103848e+00
9.02428077556e+00
8.99377657157e+00
8.85034963764e+00
9.32680598948e+00
9.19553886934e+00
8.71558244876e+00
8.83512941449e+00
8.87005552681e+00
9.26784595341e+00
8.85073793271e+00
9.29131987148e+00
8.76430826763e+00
8.90365187083e+00
8.91626953921e+00
9.00425635648e+00
8.95611980329e+00
9.03335315297e+00
8.98545216399e+00
9.36671322214e+00
9.03392818480e+00
9.04731962689e+00
8.91220465524e+00
8.90083885745e+00
9.07326275745e+00
8.92642971553e+00
9.16472296789e+00
9.04028825942e+00
9.15021698793e+00
8.65452088750e+00
9.02931790440e+00
8.75918325472e+00
8.92956117443e+00
8.91519488276e+00
9.11467175742e+00
9.13767603848e+00
8.87892801248e+00
9.18782440427e+00
8.90104015193e+00
9.00830825287e+00
8.95712171548e+00
8.85721470536e+00
8.91432194025e+00
9.02928708728e+00
9.05859228511e+00
8.97427270929e+00
9.31917751655e+00
9.25138106179e+00
9.07112200983e+00
9.08404956816e+00
8.91603826216e+00
9.07825174268e+00
8.82184392036e+00
8.81918727704e+00
8.88838321041e+00
8.82910345831e+00
8.54126551943e+00
8.87706092931e+00
8.90965104430e+00
8.66529792626e+00
9.14495237879e+00
9.17331111878e+00
8.99489648008e+00
9.34797949800e+00
8.91926730512e+00
9.05914845844e+00
9.11870804814e+00
9.06076836617e+00
9.10008556764e+00
9.01528283317e+00
8.73026707924e+00
9.00340614171e+00
9.03495121753e+00
9.04377094384e+00
8.85183946855e+00
9.21145876069e+00
9.28286413480e+00
8.82345734972e+00
8.99334804567e+00
9.04018063956e+00
9.00114222783e+00
9.14179374130e+00
9.08271913507e+00
9.13531776495e+00
9.03417633996e+00
9.04881940516e+00
8.96850430296e+00
8.96999358630e+00
9.05911813135e+00
8.82953729036e+00
9.15133971836e+00
9.03806769865e+00
8.87639565774e+00
9.16559930000e+00
8.89457076598e+00
9.06067688415e+00
8.95591746209e+00
8.86832274813e+00
8.87678309583e+00
9.03650728039e+00
8.81754221028e+00
8.63514403715e+00
8.80484027876e+00
8.95503109017e+00
8.93517700261e+00
8.92402692998e+00
8.92510254986e+00
9.08851180986e+00
8.96714189171e+00
9.25616777044e+00
9.17471440187e+00
8.98543189820e+00
9.30441168279e+00
8.93733673172e+00
8.86814835792e+00
9.00439133935e+00
8.66495031500e+00
9.28646094799e+00
8.62435098813e+00
8.87826978263e+00
8.94104132359e+00
9.04962447450e+00
9.00739360524e+00