7.60521700079e+00
7.60303212351e+00
7.60229379955e+00
7.60584960682e+00
7.60251180671e+00
7.60580171150e+00
7.60142018819e+00
7.60177521292e+00
7.60420001297e+00
7.60569755154e+00
7.60432716270e+00
7.60512379090e+00
7.60757639164e+00
7.60317398763e+00
7.60351449251e+00
7.60370517665e+00
7.60271456953e+00
7.60444804476e+00
7.60469134616e+00
7.60228664273e+00
7.60711229710e+00
7.60326477511e+00
7.60334980180e+00
7.60315297155e+00
7.60717628855e+00
7.60416321337e+00
7.60268694517e+00
7.60518263573e+00
7.60288798026e+00
7.60294389569e+00
7.60465915604e+00
7.60496452430e+00
7.60401760391e+00
7.60452339162e+00
7.60521284052e+00
7.60390271931e+00
7.60512570630e+00
7.60306100689e+00
7.60134532567e+00
7.60314513240e+00
7.60377970154e+00
7.60417224207e+00
7.60452454402e+00
7.60324464778e+00
7.60298944487e+00
7.60386866235e+00
7.60394902975e+00
7.60530931739e+00
7.60460207637e+00
7.60630313942e+00
7.60509824244e+00
7.60473372060e+00
7.60385816561e+00
7.60323518853e+00
7.60417963759e+00
7.60266508748e+00
7.60363537608e+00
7.60153686386e+00
7.60503498959e+00
7.60563500067e+00
7.60382806107e+00
7.60373477560e+00
7.60234710364e+00
7.60358606232e+00
7.60308875245e+00
7.60336185829e+00
7.60220203156e+00
7.60477846760e+00
7.60436360154e+00
7.60357028219e+00
7.60305396654e+00
7.60314656574e+00
7.60242093428e+00
7.60446531283e+00
7.60426523430e+00
7.60441475112e+00
7.60429021207e+00
7.60237988017e+00
7.60637299909e+00
7.60299972858e+00
7.60590503087e+00
7.60348512109e+00
7.60076192751e+00
7.60298765330e+00
7.60478769727e+00
7.60420876997e+00
7.60349203098e+00
7.60324478272e+00
7.60466079135e+00
7.60549856901e+00
7.60335802159e+00
7.60114361697e+00
7.60415468537e+00
7.60440231235e+00
7.60454764066e+00
7.60080303498e+00
7.60226832573e+00
7.60440195988e+00
7.60316409502e+00
7.60224264312e+00
7.60191185718e+00
7.60541078094e+00
7.60329656065e+00
7.60275599121e+00
7.59901745161e+00
7.60363029296e+00
7.60458128750e+00
7.60375499996e+00
7.60255774646e+00
7.60394430807e+00
7.60342800718e+00
7.60430147526e+00
7.60413291971e+00
7.60151968555e+00
7.60280040976e+00
7.60559303392e+00
7.60541661327e+00
7.60464088129e+00
7.60352207592e+00
7.60376978473e+00
7.60521178772e+00
7.60314330692e+00
7.60451018998e+00
7.60423177292e+00
7.60389012763e+00
7.60277665202e+00
7.60406257744e+00
7.60149453214e+00
7.60503731240e+00
7.60123854861e+00
7.60534074126e+00
7.60393615144e+00
7.60402386813e+00
7.60387647987e+00
7.60293501658e+00
7.60184165616e+00
7.60659921426e+00
7.60448323640e+00
7.60361426385e+00
7.60256015174e+00
7.60258734748e+00
7.60313845922e+00
7.60298634708e+00
7.60237583957e+00
7.60087017588e+00
7.60670703410e+00
7.60328215549e+00
7.60536696798e+00
7.60442016257e+00
7.60462112116e+00
7.60532837131e+00
7.60476779087e+00
7.60419485978e+00
7.60223998492e+00
7.60371484891e+00
7.60308058395e+00
7.60372555909e+00
7.60403924199e+00
7.60162073777e+00
7.60283779096e+00
7.60419049494e+00
7.60343933138e+00
7.60359429913e+00
7.60446305130e+00
7.60383805928e+00
7.60458354876e+00
7.60431483744e+00
7.60424494796e+00
7.60094483120e+00
7.60371759459e+00
7.60364797774e+00
7.60041306745e+00
7.60544661080e+00
7.60268884288e+00
7.60544905287e+00
7.60369272577e+00
7.60432310905e+00
7.60316926755e+00
7.60611146157e+00
7.60364787701e+00
7.60382446076e+00
7.60160338676e+00
7.60290041817e+00
7.60498073347e+00
7.60528907417e+00
7.60371450035e+00
7.60267197409e+00
7.60596083652e+00
7.60161056738e+00
7.60381059094e+00
7.60383607894e+00
7.60281992956e+00
7.60311401647e+00
7.60268950919e+00
7.60465334996e+00
7.60098890418e+00
7.60402431974e+00
7.60454332074e+00
7.60499055720e+00
7.60505086875e+00
7.60514060112e+00
7.60156586087e+00
7.60303685163e+00
7.60514404381e+00
7.60532985570e+00
7.60282016617e+00
7.60191208954e+00
7.60165679188e+00
7.60565552522e+00
7.60319651762e+00
7.60483809499e+00
7.60437993858e+00
7.60302803925e+00
7.60405762451e+00
7.60366764503e+00
7.60567782549e+00
7.60461848339e+00
7.60588766058e+00
7.60526720287e+00
7.60350288897e+00
7.60143859327e+00
7.60274064540e+00
7.60487011180e+00
7.60529883783e+00
7.60339205968e+00
7.60408355598e+00
7.60457093373e+00
7.60334286353e+00
7.60497267707e+00
7.60289330101e+00
7.60325892059e+00
7.60554828903e+00
7.60215393033e+00
7.60506503872e+00
7.60596566635e+00
7.60416547605e+00
7.60646025924e+00
7.60497387157e+00
7.60516094539e+00
7.60636252737e+00
7.60402611388e+00
7.60459360599e+00
7.60476651865e+00
7.60326678054e+00
7.60186900711e+00
7.60450882984e+00
7.60225044297e+00
7.60227932958e+00
7.60382805254e+00
7.60461971911e+00
7.60399766336e+00
7.60513571851e+00
7.60600326906e+00
7.60349545399e+00
7.60239511383e+00
7.60426387495e+00
7.60426523879e+00
7.60498427756e+00
7.60299740606e+00
7.60564544287e+00
7.60493433010e+00
7.60257082482e+00
7.60493559733e+00
7.60590946076e+00
7.60172854485e+00
7.60367236152e+00
7.60314711882e+00
7.60323187961e+00
7.60321103663e+00
7.60551367814e+00
7.60213592781e+00
7.60428989272e+00
7.60454015109e+00
7.60178967884e+00
7.60375934918e+00
7.59961628154e+00
7.60297091481e+00
7.60467093784e+00
7.60593119021e+00
7.60355743773e+00
7.60445512429e+00
7.60337400334e+00
7.60391464655e+00
7.60094276235e+00
7.60300594404e+00
7.60343226493e+00
7.60434958532e+00
7.60287755217e+00
7.60325558563e+00
7.60246324934e+00
7.60121640354e+00
7.60494467866e+00
7.60324384074e+00
7.60332795450e+00
7.60427224645e+00
7.60223412203e+00
7.60338285443e+00
7.60445963361e+00
7.60340268024e+00
7.60477349063e+00
7.60387596596e+00
7.60296473782e+00
7.60251307038e+00
7.60361741128e+00
7.60086586175e+00
7.60396779221e+00
7.60385754273e+00
7.60502030985e+00
7.60226301519e+00
7.60377776472e+00
7.60304156868e+00
7.60557079548e+00
7.60273651552e+00
7.60329585216e+00
7.60455465297e+00
7.60558377874e+00
7.60536428007e+00
7.60540278650e+00
7.60457265050e+00
7.60173421181e+00
7.60361779244e+00
7.60457526861e+00
7.60297402447e+00
7.60308967695e+00
7.60565081450e+00
7.60319031471e+00
7.60324962261e+00
7.60399797981e+00
7.60351244231e+00
7.60305124945e+00
7.60365530709e+00
7.60490953779e+00
7.60407706256e+00
7.60227703705e+00
7.60261752164e+00
7.60215855411e+00
7.60332864069e+00
7.60383918886e+00
7.60177449516e+00
7.60412943677e+00
7.60399428262e+00
7.60128914116e+00
7.60534972570e+00
7.60228664497e+00
7.60663169808e+00
7.60377453659e+00
7.60538259549e+00
7.60287882604e+00
7.60339316801e+00
7.60389527953e+00
7.60588166509e+00
7.60327963650e+00
7.60346970057e+00
7.60583530175e+00
7.60129354782e+00
7.60304713162e+00
7.60479637623e+00
7.60275817491e+00
7.60561420305e+00
7.60296379054e+00
7.60182576040e+00
7.60768887145e+00
7.60429551420e+00
7.60236999510e+00
7.60518230322e+00
7.60228171030e+00
7.60224144818e+00
7.60592147297e+00
7.60201189550e+00
7.60350144974e+00
7.60287332265e+00
7.60550785234e+00
7.60325158004e+00
7.60275896847e+00
7.60531775953e+00
7.60396480344e+00
7.60387368554e+00
7.60340059040e+00
7.60525264345e+00
7.60389772486e+00
7.60596423420e+00
7.60367103158e+00
7.60366359607e+00
7.60558049613e+00
7.60390869736e+00
7.60384246343e+00
7.60408341903e+00
7.60199424930e+00
7.60666435158e+00
7.60699621092e+00
7.60162381483e+00
7.60553593009e+00
7.60315502019e+00
7.60321414651e+00
7.60469150575e+00
7.60346807138e+00
7.60357998963e+00
7.60091678176e+00
7.60347844379e+00
7.60360531373e+00
7.60540757492e+00
7.60146681498e+00
7.60356998689e+00
7.60236223132e+00
7.60230011160e+00
7.60345800822e+00
7.60447294695e+00
7.60336759242e+00
7.60614576849e+00
7.60565576717e+00
7.60422052875e+00
7.60157426855e+00
7.60592566052e+00
7.60150812577e+00
7.60287296648e+00
7.60521120516e+00
7.60558117773e+00
7.60250959249e+00
7.60727892003e+00
7.60345284801e+00
7.60201224257e+00
7.60373599777e+00
7.60294442292e+00
7.60215773400e+00
7.60409242162e+00
7.60346239438e+00
7.60270538161e+00
7.60395158637e+00
7.60494559570e+00
7.60433854142e+00
7.60408616400e+00
7.60295191494e+00
7.60392528109e+00
7.60323454570e+00
7.60377062534e+00
7.60549287721e+00
7.60521352761e+00
7.60381565919e+00
7.60328481655e+00
7.60470730857e+00
7.60412041629e+00
7.60415320389e+00
7.60335901097e+00
7.60288734779e+00
7.60467442848e+00
7.60373245895e+00
7.60524144416e+00
7.60344669669e+00
7.60248626158e+00
7.60367663651e+00
7.60461348182e+00
7.60374491190e+00
7.60419233899e+00
7.60226955860e+00
7.60295848358e+00
7.60263571450e+00
7.60424954543e+00
7.60425759736e+00
7.60428266602e+00
7.60163165170e+00
7.60414669882e+00
7.60468082765e+00
7.60414200910e+00
7.60162370847e+00
7.60423980180e+00
7.60539364889e+00
7.60804956362e+00
7.60319212735e+00
7.60481464805e+00
7.60232487705e+00
7.60451920807e+00
7.60381069440e+00
7.60279003939e+00
7.60606884023e+00
7.60345227637e+00
7.60361233454e+00
7.60227967763e+00
7.60365798344e+00
7.60689380245e+00
7.60594617674e+00
7.60563800793e+00
7.60459827542e+00
7.60304174829e+00
7.60377479972e+00
7.60446120926e+00
7.60364890628e+00
7.60435307515e+00
7.60403648042e+00
7.60578465330e+00
7.60337361501e+00
7.60612831067e+00
7.60190924575e+00
7.60368638453e+00
7.60512525062e+00
7.60672728233e+00
7.60340439067e+00
7.60275014287e+00
7.60512339829e+00
7.60283068164e+00
7.60309737324e+00
7.60376999194e+00