8.27947329934e+00
8.55730077184e+00
8.66983970464e+00
8.63764028190e+00
8.57258989146e+00
8.65681970291e+00
8.89357451803e+00
8.36851550569e+00
8.49345608317e+00
8.27296617133e+00
9.00460807545e+00
8.45947948844e+00
8.85859127001e+00
7.84536207985e+00
8.61089987830e+00
7.76808734676e+00
9.18827275644e+00
8.65430043723e+00
8.66391306336e+00
8.58211419229e+00
9.31371686132e+00
7.76305339057e+00
8.39025333222e+00
8.69309805501e+00
8.69933698623e+00
8.77201820990e+00
8.60789587649e+00
8.85075274731e+00
8.51929425937e+00
8.96642421042e+00
8.68161901742e+00
8.41924684151e+00
8.93250920924e+00
8.60848434749e+00
8.74016103348e+00
8.87473644006e+00
8.23961382465e+00
8.57087849404e+00
8.81449326976e+00
8.87118499525e+00
8.51747973015e+00
8.72591413276e+00
8.26690458734e+00
9.01357753724e+00
7.95436136972e+00
8.07249219297e+00
8.64907493187e+00
8.52204120598e+00
9.22809435043e+00
8.56011410380e+00
8.91077411842e+00
8.67382753053e+00
9.09063425060e+00
8.51870826064e+00
8.38335963269e+00
9.26410728206e+00
8.74808850575e+00
8.28046799432e+00
8.66645538141e+00
8.66822416628e+00
8.43544015818e+00
8.61242820585e+00
8.54690273327e+00
8.86836252131e+00
8.64285381939e+00
9.12831422629e+00
9.21182710826e+00
9.31685005128e+00
8.79030313725e+00
8.02159139236e+00
8.93831664944e+00
8.49341524105e+00
8.75502211637e+00
8.78766031081e+00
8.47176465983e+00
8.88650388473e+00
8.18810517010e+00
8.36088383799e+00
8.71285059493e+00
8.60431996709e+00
8.92849636194e+00
8.70743789882e+00
8.87608512796e+00
9.18738665602e+00
8.38037987866e+00
9.09324574957e+00
8.80553345646e+00
8.68255633555e+00
8.74799360339e+00
8.47431963651e+00
8.36773319300e+00
8.63649055729e+00
8.71721258667e+00
8.44715133779e+00
8.76215451978e+00
8.00887227801e+00
8.07314955969e+00
8.71087014795e+00
8.39077127677e+00
8.57439970657e+00
8.42690887688e+00
8.69897250425e+00
8.41676951561e+00
8.13823615784e+00
8.78815734302e+00
9.20856141265e+00
8.58301321809e+00
8.52514155304e+00
8.35959067920e+00
8.15675530510e+00
8.35543549094e+00
8.80322280541e+00
8.70180557264e+00
8.83700774198e+00
8.79532704738e+00
8.90540212224e+00
9.16221784024e+00
8.58118849003e+00
8.25707111245e+00
8.26463811837e+00
8.56259251584e+00
8.81446381436e+00
8.67437003334e+00
8.71406083858e+00
9.01252838878e+00
8.76201291634e+00
8.90988872463e+00
9.04984259986e+00
8.61860457783e+00
8.35090429399e+00
9.65688612943e+00
8.57680665518e+00
9.08874802849e+00
8.78526889461e+00
8.75279842807e+00
8.04311416567e+00
8.82563912331e+00
8.86287798853e+00
9.13499443082e+00
8.49039044117e+00
8.80186253784e+00
9.12906427494e+00
8.54205650407e+00
8.63778338258e+00
8.56666734188e+00
8.91549352448e+00
8.60705878456e+00
8.49576158610e+00
8.48142963624e+00
8.35917170987e+00
9.23109965038e+00
8.99121868684e+00
8.85262260826e+00
8.97697875047e+00
8.72270464191e+00
8.42434522981e+00
8.56186044974e+00
8.44517885309e+00
8.08702412402e+00
8.76018099817e+00
8.22628851170e+00
8.31693886621e+00
8.65126622990e+00
8.44634645545e+00
8.45297256668e+00
8.80717387935e+00
8.87788454534e+00
9.09351970768e+00
9.22668437387e+00
8.42223305325e+00
8.89957017765e+00
8.65227228861e+00
9.35988146601e+00
7.93888255831e+00
9.15127778267e+00
8.87077927516e+00
8.85402975974e+00
8.90348754065e+00
8.82832798719e+00
9.06731224238e+00
8.22708726360e+00
8.57888401144e+00
9.10942268524e+00
8.21149103039e+00
8.31881284699e+00
8.77692951606e+00
8.46079206768e+00
9.91968281954e+00
8.53125994354e+00
9.20597450122e+00
8.47587753584e+00
8.94062099699e+00
8.06648019609e+00
8.95087639326e+00
8.16389868400e+00
8.72861743508e+00
7.93865994503e+00
7.91617562926e+00
8.44249091252e+00
8.32358091167e+00
8.67959445121e+00
9.14733128318e+00
8.76990591534e+00
9.36102351932e+00
8.58239554209e+00
8.25692933339e+00
8.91914192695e+00
8.30885462239e+00
8.21188679091e+00
9.34493323495e+00
8.44401567708e+00
8.79393430913e+00
9.11184135952e+00
9.38438316284e+00
8.63699720514e+00
8.63570146607e+00
9.27019655083e+00
8.47035127247e+00
8.64775179738e+00
8.37892087984e+00
9.11036601248e+00
8.69680732341e+00
8.65137581058e+00
8.30495999353e+00
8.40836586570e+00
8.48537077073e+00
8.93107499501e+00
8.11704350611e+00
8.77504850460e+00
8.63856950691e+00
8.62026053039e+00
8.27358233285e+00
8.48404880487e+00
8.10182969221e+00
8.96770629318e+00
9.17383874440e+00
8.74498417276e+00
8.34178253666e+00
8.59264173583e+00
8.62298776275e+00
8.46807250058e+00
9.36007620058e+00
8.88287260582e+00
8.65174350242e+00
9.05161038739e+00
9.46135733189e+00
8.51148075143e+00
8.63658956252e+00
8.66429811551e+00
8.26346762780e+00
8.78253413795e+00
8.32406139951e+00
9.02484595649e+00
8.57079780481e+00
8.20670443747e+00
8.99323118739e+00
7.84027707665e+00
8.69122177066e+00
8.78053695706e+00
8.49082379149e+00
8.81057242094e+00
8.26707096525e+00
8.12737636986e+00
8.36548723054e+00
8.65976697387e+00
7.76319676057e+00
8.53603235355e+00
8.55064981856e+00
8.38221794526e+00
8.91159118784e+00
8.53929842161e+00
7.82831227760e+00
8.34182278147e+00
8.30014357498e+00
8.86429744520e+00
8.57364142452e+00
8.82291639970e+00
8.41968356495e+00
9.09245082977e+00
9.05392258448e+00
8.22841601726e+00
8.29502037450e+00
8.63994913297e+00
8.85172434188e+00
8.16251490935e+00
8.41755319526e+00
8.27815684380e+00
8.90424022632e+00
8.41106611309e+00
8.30456898404e+00
8.68395197386e+00
8.26667712267e+00
9.27159952305e+00
8.44099471700e+00
9.12414141207e+00
9.08290729816e+00
8.47311698801e+00
8.34427126733e+00
8.38150164375e+00
8.44118725504e+00
8.24667789990e+00
8.43867918187e+00
8.78229654396e+00
9.07671534459e+00
9.05033228570e+00
8.04626290026e+00
8.99137045743e+00
8.99314040231e+00
8.70643146625e+00
9.16705733654e+00
8.47080440491e+00
8.88905828383e+00
8.04524921829e+00
8.54763376313e+00
9.25011603939e+00
9.29699996701e+00
8.69676605807e+00
8.58207266267e+00
8.27061854895e+00
8.84073477042e+00
9.34368204958e+00
9.22097223058e+00
8.79623681991e+00
8.68393794377e+00
8.38777855951e+00
8.48387037685e+00
8.53514160849e+00
8.78492330595e+00
8.89185312224e+00
8.90267329085e+00
9.05303385581e+00
8.43287503276e+00
8.17050531584e+00
8.38413842984e+00
8.33448529965e+00
9.09456472828e+00
8.50986810876e+00
8.41084012581e+00
8.29032978240e+00
8.80756117702e+00
8.65268115415e+00
8.73469713000e+00
8.74422133401e+00
8.01824518126e+00
9.13534851816e+00
8.70683956865e+00
8.95298219404e+00
8.20829957612e+00
8.40352270773e+00
8.74075584827e+00
8.61090697186e+00
8.75289058040e+00
9.20659671769e+00
8.41889824998e+00
8.13355350532e+00
8.52105743385e+00
8.29446322102e+00
8.21632512818e+00
8.44556259430e+00
8.31901950144e+00
8.55715379357e+00
8.85054798022e+00
8.56171409560e+00
8.36074632666e+00
8.65178944770e+00
8.38178609151e+00
8.50556522630e+00
8.88653804438e+00
8.65970218748e+00
8.46908163721e+00
8.91253235023e+00
8.35155490523e+00
8.83601536480e+00
8.34946375547e+00
9.57382104375e+00
8.60877214931e+00
8.09407314497e+00
8.51640014992e+00
9.05802707571e+00
8.20279670413e+00
9.40245558681e+00
9.30756497684e+00
9.00989284731e+00
8.55429624637e+00
8.92045027289e+00
9.00450140867e+00
8.96232025391e+00
7.75676313967e+00
7.92812924772e+00
8.36598542039e+00
8.91875867238e+00
8.18230323513e+00
8.58625597665e+00
8.67319219796e+00
8.19125406821e+00
8.77176757684e+00
8.36081946280e+00
8.76968556402e+00
8.90053141036e+00
8.75815956246e+00
8.62382482256e+00
8.48692569730e+00
8.34689749815e+00
8.70099304425e+00
8.83630641588e+00
9.09115590791e+00
8.71640088209e+00
8.71952973511e+00
8.95206276886e+00
8.36682437784e+00
8.50729273385e+00
8.74824160864e+00
8.85882885968e+00
8.98798833017e+00
8.15286604741e+00
9.05472332432e+00
8.74692211260e+00
8.33634214769e+00
8.89001700459e+00
8.59403944495e+00
8.50802456010e+00
9.11080055664e+00
9.08145893309e+00
8.59157224321e+00
7.99867789086e+00
9.15049740421e+00
8.08572973501e+00
8.67681360191e+00
8.78027857881e+00
8.20223755187e+00
9.38829740959e+00
7.56017748659e+00
8.07936116459e+00
8.56350287324e+00
8.48543504635e+00
9.46294397181e+00
8.92864764417e+00
8.88212260886e+00
8.35403038588e+00
8.25421565438e+00
9.03310648796e+00
9.11807748640e+00
8.48706987951e+00
8.72113220505e+00
8.69634411880e+00
8.32394527909e+00
8.12336929845e+00
8.26718208390e+00
8.96279323517e+00
8.18204600592e+00
8.87237572974e+00
8.46453745052e+00
8.64977120326e+00
8.18314621708e+00
8.98107318040e+00
8.38951164997e+00
8.41108119181e+00
8.73110842439e+00
8.93077275645e+00
8.63074900677e+00
8.91460940183e+00
8.44226601270e+00
8.48006024407e+00
7.94858429708e+00
8.58349398396e+00
8.95104718212e+00
8.64893230314e+00
8.35426521771e+00
8.25632627899e+00
8.90719597188e+00
8.73463082419e+00
8.40751334597e+00
8.55075987773e+00
8.73634183077e+00
9.22553875048e+00
8.69423551515e+00
8.54107036930e+00
8.92872858208e+00
8.46905054306e+00
8.30274103946e+00
8.42090713053e+00
8.09777580143e+00
7.95667267991e+00
8.03491064763e+00
8.54502339605e+00
9.26503962248e+00
8.10060991607e+00
8.69663794563e+00
8.44706203090e+00
8.64007439813e+00
9.11808895706e+00
8.83270624689e+00
8.22496639172e+00
7.66792090354e+00
8.64309443609e+00
8.55881147177e+00
8.66195122031e+00
8.52972847667e+00
8.96252935917e+00
8.52835439438e+00
8.62679040974e+00