5.76588554686e-01
5.76479716764e-01
5.76040824093e-01
5.77106996501e-01
5.75690682511e-01
5.76044914471e-01
5.75944889376e-01
5.75859266367e-01
5.76273837302e-01
5.76173045045e-01
5.75841158342e-01
5.75982376054e-01
5.77001550830e-01
5.76249469665e-01
5.76295283846e-01
5.77015558632e-01
5.75922311871e-01
5.75879029436e-01
5.76144787760e-01
5.76307550721e-01
5.76729910787e-01
5.76028102285e-01
5.76951570375e-01
5.75698872237e-01
5.77043205474e-01
5.77361722127e-01
5.77436245514e-01
5.75560964532e-01
5.76041512640e-01
5.75812872901e-01
5.77276738054e-01
5.76404474234e-01
5.76000537317e-01
5.75863881693e-01
5.76548760733e-01
5.77507321812e-01
5.77874040603e-01
5.76239824396e-01
5.75853850370e-01
5.76067702183e-01
5.76359391195e-01
5.76215093160e-01
5.76210726654e-01
5.75599370765e-01
5.76212259210e-01
5.75941461053e-01
5.77077797912e-01
5.76470582659e-01
5.75859641504e-01
5.76706932377e-01
5.76332673932e-01
5.76720161148e-01
5.77004077354e-01
5.76065162090e-01
5.76183051831e-01
5.76274377107e-01
5.76822885601e-01
5.76071441758e-01
5.76481814123e-01
5.76816374497e-01
5.77042300566e-01
5.77078583148e-01
5.76243780715e-01
5.76338286129e-01
5.76835740446e-01
5.75805347094e-01
5.76289197298e-01
5.75862343806e-01
5.75742426357e-01
5.76141612347e-01
5.75613574372e-01
5.76796465915e-01
5.76452355188e-01
5.76297537900e-01
5.77250197002e-01
5.76371508736e-01
5.77192637222e-01
5.76065164304e-01
5.76324204111e-01
5.76278344407e-01
5.75993869875e-01
5.76049017336e-01
5.76020128729e-01
5.75864989182e-01
5.75947855376e-01
5.76533818618e-01
5.76220474135e-01
5.76319231528e-01
5.76497814313e-01
5.76299137820e-01
5.75827372974e-01
5.77198281361e-01
5.75883795582e-01
5.76271913877e-01
5.77120101294e-01
5.76492439408e-01
5.76846934895e-01
5.76623481158e-01
5.76408983516e-01
5.75824417589e-01
5.75927451347e-01
5.76770749520e-01
5.76315419670e-01
5.77079650814e-01
5.75780043317e-01
5.76139252541e-01
5.76661417399e-01
5.76051293809e-01
5.76289884027e-01
5.77408657376e-01
5.77111014826e-01
5.76488668130e-01
5.75984935220e-01
5.76421434346e-01
5.76212428502e-01
5.76279563648e-01
5.76579156615e-01
5.75972994503e-01
5.77156698745e-01
5.76250427264e-01
5.76527828257e-01
5.75854960518e-01
5.76386521503e-01
5.75899953813e-01
5.76656831600e-01
5.76398066986e-01
5.77279221846e-01
5.76594236252e-01
5.75966816754e-01
5.76741327397e-01
5.76554065378e-01
5.76236836408e-01
5.76461494381e-01
5.76409971728e-01
5.75999485244e-01
5.76323239935e-01
5.76555263642e-01
5.77417213971e-01
5.76147379969e-01
5.76465362098e-01
5.76187512974e-01
5.75803110812e-01
5.77041811522e-01
5.75731035669e-01
5.76227915413e-01
5.76449007234e-01
5.75731485127e-01
5.76838678861e-01
5.76880839686e-01
5.76230382845e-01
5.75891579262e-01
5.76565260987e-01
5.76566632926e-01
5.77226090087e-01
5.76144649255e-01
5.76058520843e-01
5.76332876372e-01
5.76580356410e-01
5.76835320738e-01
5.75731428258e-01
5.76717808302e-01
5.76206685110e-01
5.76644746915e-01
5.77022080303e-01
5.76563203541e-01
5.76353322798e-01
5.75959928127e-01
5.76658200309e-01
5.75489530372e-01
5.75728500528e-01
5.76310573475e-01
5.76293155444e-01
5.76528018837e-01
5.77483765180e-01
5.76489079299e-01
5.76393912294e-01
5.76760164613e-01
5.75742345007e-01
5.76365561975e-01
5.76168383078e-01
5.77178146093e-01
5.76256655718e-01
5.76405362078e-01
5.76135172807e-01
5.77209332843e-01
5.76985307465e-01
5.75832393926e-01
5.75964311116e-01
5.76579229026e-01
5.76211921147e-01
5.75593685554e-01
5.76488309534e-01
5.76257503403e-01
5.75389990360e-01
5.76540814696e-01
5.75890777423e-01
5.76154089668e-01
5.76530667802e-01
5.76456169654e-01
5.75921469033e-01
5.76492540591e-01
5.75964745472e-01
5.76005499741e-01
5.76693974540e-01
5.76636975467e-01
5.75497526634e-01
5.76606123629e-01
5.76630605191e-01
5.75510865242e-01
5.76052082190e-01
5.76115631747e-01
5.77154317227e-01
5.76103680621e-01
5.76211159433e-01
5.76285282004e-01
5.77270204923e-01
5.76195135197e-01
5.76512316641e-01
5.76164992286e-01
5.76375259545e-01
5.75909905427e-01
5.77355431661e-01
5.76187974133e-01
5.75777617788e-01
5.76556831184e-01
5.76122641542e-01
5.76022630356e-01
5.76849508388e-01
5.76703220872e-01
5.76007438820e-01
5.75570510931e-01
5.76675733132e-01
5.75864537772e-01
5.77196790612e-01
5.76365710585e-01
5.76098698472e-01
5.76178447478e-01
5.77130868479e-01
5.76335576300e-01
5.77042620284e-01
5.76284940948e-01
5.76529103673e-01
5.76866707283e-01
5.76471165200e-01
5.76835208591e-01
5.75844606396e-01
5.76778338521e-01
5.76366738240e-01
5.76700125712e-01
5.75925499576e-01
5.76253388571e-01
5.76245459657e-01
5.75604556673e-01
5.76569734416e-01
5.77473627978e-01
5.76625159542e-01
5.76898213933e-01
5.76500468599e-01
5.75853327585e-01
5.76420656590e-01
5.75942209939e-01
5.76686663246e-01
5.77159308420e-01
5.76582570328e-01
5.75610572420e-01
5.76607384978e-01
5.76310202086e-01
5.76732621710e-01
5.76426197508e-01
5.76439691390e-01
5.75799940478e-01
5.76352517555e-01
5.75506062455e-01
5.76602084517e-01
5.76658850099e-01
5.77104861601e-01
5.76209852741e-01
5.76468751513e-01
5.76307737367e-01
5.76863178730e-01
5.76308388069e-01
5.75898787624e-01
5.76339134527e-01
5.75815538114e-01
5.76404053106e-01
5.76491371806e-01
5.77069505313e-01
5.76332938771e-01
5.76831974816e-01
5.76533628950e-01
5.76598979988e-01
5.75628112489e-01
5.76300516510e-01
5.76461218506e-01
5.75622858900e-01
5.75543676018e-01
5.75575091543e-01
5.76461717974e-01
5.76550138113e-01
5.76473950791e-01
5.76390383027e-01
5.76583241074e-01
5.76478608611e-01
5.76798493176e-01
5.76264356714e-01
5.76845347024e-01
5.76628350964e-01
5.77009865613e-01
5.76218212475e-01
5.75631823068e-01
5.76130132342e-01
5.77221081146e-01
5.76554384534e-01
5.76230113662e-01
5.76420466886e-01
5.76157536863e-01
5.75481921135e-01
5.75984364160e-01
5.76797142109e-01
5.76050056779e-01
5.76637620824e-01
5.76252403755e-01
5.75712927475e-01
5.75797199209e-01
5.75963824398e-01
5.76207753966e-01
5.76656257989e-01
5.76654495889e-01
5.76778943845e-01
5.76420511612e-01
5.76330934859e-01
5.75962720829e-01
5.75964726659e-01
5.76597662046e-01
5.76736884563e-01
5.75749525846e-01
5.76226451381e-01
5.76623235712e-01
5.76673424281e-01
5.76144518226e-01
5.75526142487e-01
5.77009257268e-01
5.77057041072e-01
5.76803190609e-01
5.76500349107e-01
5.77255477800e-01
5.76070651431e-01
5.77053463935e-01
5.76398978982e-01
5.77103629232e-01
5.75675585229e-01
5.77059738487e-01
5.75997694923e-01
5.76648855364e-01
5.76620535543e-01
5.76734736991e-01
5.75873613713e-01
5.76368048049e-01
5.76668294131e-01
5.77302314980e-01
5.75873825553e-01
5.75500369764e-01
5.77624274780e-01
5.76446551578e-01
5.76707793784e-01
5.77021547758e-01
5.76225720487e-01
5.76895838685e-01
5.76100855892e-01
5.76564618886e-01
5.76155514012e-01
5.76383306060e-01
5.75791297601e-01
5.76209210926e-01
5.76328173753e-01
5.76075868247e-01
5.75984936281e-01
5.74947215098e-01
5.75300139646e-01
5.75878027632e-01
5.76326971307e-01
5.76382663810e-01
5.75801661289e-01
5.76355535879e-01
5.76252599606e-01
5.75654955459e-01
5.75967055691e-01
5.76999906670e-01
5.76793764222e-01
5.76350330839e-01
5.76716402915e-01
5.76579045224e-01
5.76116560062e-01
5.76364978987e-01
5.76478368078e-01
5.76563822462e-01
5.76571550519e-01
5.76293918472e-01
5.75764212004e-01
5.77076013167e-01
5.76011513289e-01
5.75792259499e-01
5.75471637668e-01
5.75872377387e-01
5.76690803041e-01
5.76246581871e-01
5.76732298893e-01
5.76882429727e-01
5.76856353196e-01
5.75761432610e-01
5.76413413822e-01
5.76300419778e-01
5.75853406218e-01
5.75769733652e-01
5.76206248807e-01
5.76400847370e-01
5.77012778254e-01
5.76183380998e-01
5.76432235338e-01
5.75672623803e-01
5.77044072979e-01
5.76309149875e-01
5.76949487121e-01
5.75531566110e-01
5.77356699152e-01
5.76933229464e-01
5.76384226821e-01
5.76191028007e-01
5.76425417842e-01
5.76375656639e-01
5.76337010077e-01
5.77002730425e-01
5.75770455646e-01
5.76731936868e-01
5.75975352825e-01
5.76177969238e-01
5.76475830722e-01
5.75727800306e-01
5.76418295062e-01
5.76657434143e-01
5.75878428210e-01
5.76345015948e-01
5.76407867412e-01
5.76459981388e-01
5.77076587020e-01
5.76997830188e-01
5.76490415348e-01
5.76004624888e-01
5.75780107380e-01
5.76650976740e-01
5.76582364892e-01
5.75943912000e-01
5.76989232547e-01
5.75948433149e-01
5.76656867717e-01
5.76630103301e-01
5.76266830226e-01
5.76580097348e-01
5.76742775557e-01
5.76075309715e-01
5.75386360354e-01
5.76835575176e-01
5.76819090963e-01
5.76415721143e-01
5.75662762813e-01
5.76422305661e-01
5.76889810098e-01
5.76059420943e-01
5.76851448538e-01
5.77043165602e-01
5.76381371554e-01
5.76606333020e-01
5.75934443922e-01
5.76402786611e-01
5.76532344932e-01
5.76061101579e-01
5.76180567180e-01
5.76123059475e-01
5.76664275023e-01
5.75704059652e-01
5.77033576766e-01
5.77079172990e-01
5.76739115902e-01
5.76629135332e-01
5.76447236660e-01
5.76977753421e-01
5.76870426857e-01
5.76740804429e-01
5.76440606434e-01
5.75378421290e-01
5.75868010436e-01
5.76241371391e-01
5.75960785583e-01
5.77664009174e-01
5.76792582829e-01
5.76514469006e-01
5.75558081865e-01
5.76581500591e-01
5.75945813737e-01
5.76213209957e-01
5.76362018987e-01