4.94969563433e-01
4.94964816122e-01
4.94411315635e-01
4.95536533336e-01
4.94112317202e-01
4.94529359711e-01
4.94591003575e-01
4.94212855675e-01
4.94667829230e-01
4.94679864705e-01
4.94323071293e-01
4.94467484189e-01
4.95547942741e-01
4.94544309472e-01
4.94585261270e-01
4.95270081336e-01
4.94434805532e-01
4.94220239583e-01
4.94573136910e-01
4.94637047009e-01
4.95217145126e-01
4.94621712895e-01
4.95351034150e-01
4.94276813315e-01
4.95398966522e-01
4.95595290323e-01
4.95828224068e-01
4.94033191043e-01
4.94391110687e-01
4.94329902637e-01
4.95582794055e-01
4.94919727248e-01
4.94494936068e-01
4.94390263766e-01
4.95073770097e-01
4.95767401619e-01
4.96091750159e-01
4.94782180910e-01
4.94218820024e-01
4.94586684929e-01
4.94787728436e-01
4.94587682413e-01
4.94552079468e-01
4.94084646266e-01
4.94741257041e-01
4.94377955568e-01
4.95374321453e-01
4.94962492681e-01
4.94359046239e-01
4.95034151282e-01
4.94743069927e-01
4.95179747621e-01
4.95272752316e-01
4.94470570057e-01
4.94658206177e-01
4.94786469975e-01
4.95046082392e-01
4.94511879108e-01
4.94831958649e-01
4.95165953192e-01
4.95471718123e-01
4.95501341028e-01
4.94701922127e-01
4.94769487758e-01
4.95272921858e-01
4.94308248517e-01
4.94715439342e-01
4.94371933747e-01
4.94307154931e-01
4.94430937792e-01
4.94122288608e-01
4.95257852879e-01
4.94760780636e-01
4.94826977193e-01
4.95534757826e-01
4.94879532313e-01
4.95507127315e-01
4.94489481946e-01
4.94725808721e-01
4.94735657194e-01
4.94506666826e-01
4.94541455627e-01
4.94547880512e-01
4.94417162813e-01
4.94507742722e-01
4.94907694982e-01
4.94631758932e-01
4.94819865351e-01
4.94912755222e-01
4.94740137203e-01
4.94203541737e-01
4.95492115835e-01
4.94219285294e-01
4.94652682362e-01
4.95523179152e-01
4.94799146922e-01
4.95032688346e-01
4.95037338253e-01
4.94914154996e-01
4.94272017242e-01
4.94363631449e-01
4.95090329730e-01
4.94817543507e-01
4.95454638078e-01
4.94397938186e-01
4.94575021247e-01
4.95157657787e-01
4.94424445931e-01
4.94837424814e-01
4.95657060706e-01
4.95368437489e-01
4.95018619689e-01
4.94485657397e-01
4.94935466726e-01
4.94615269746e-01
4.94806908256e-01
4.95110491352e-01
4.94615826022e-01
4.95474742931e-01
4.94866865603e-01
4.94928179446e-01
4.94467014479e-01
4.94829326139e-01
4.94438279428e-01
4.95118347429e-01
4.94749616264e-01
4.95583306370e-01
4.94983388920e-01
4.94411729065e-01
4.95069523569e-01
4.94991894233e-01
4.94615192370e-01
4.94990347318e-01
4.94889393308e-01
4.94437517394e-01
4.94726614587e-01
4.94931788442e-01
4.95657849470e-01
4.94586897371e-01
4.94821473209e-01
4.94672581891e-01
4.94295139049e-01
4.95533640213e-01
4.94201995040e-01
4.94487939171e-01
4.94893650522e-01
4.94216419737e-01
4.95155916553e-01
4.95281271536e-01
4.94692423161e-01
4.94382226071e-01
4.94955805825e-01
4.94920438396e-01
4.95510205033e-01
4.94555210345e-01
4.94563392109e-01
4.94713837885e-01
4.94984451281e-01
4.95172636477e-01
4.94137689795e-01
4.95050638837e-01
4.94767613948e-01
4.95158123068e-01
4.95376132947e-01
4.94940034572e-01
4.94786537699e-01
4.94539410209e-01
4.95035853789e-01
4.94172779035e-01
4.94212633022e-01
4.94552381825e-01
4.94641513504e-01
4.94846304819e-01
4.95666710165e-01
4.95010748752e-01
4.94903217785e-01
4.95152210834e-01
4.94298896826e-01
4.94923721913e-01
4.94579922033e-01
4.95403776480e-01
4.94747310656e-01
4.94914059751e-01
4.94647509375e-01
4.95632946603e-01
4.95333124083e-01
4.94118641722e-01
4.94503951634e-01
4.95055599210e-01
4.94724582411e-01
4.94167301027e-01
4.94861000873e-01
4.94792346028e-01
4.93972176225e-01
4.94713616250e-01
4.94435836697e-01
4.94539210047e-01
4.94935346656e-01
4.94930828175e-01
4.94272679845e-01
4.94848442804e-01
4.94450629907e-01
4.94507276722e-01
4.95034170719e-01
4.95168008195e-01
4.93970530743e-01
4.94985093689e-01
4.94907910005e-01
4.93980356115e-01
4.94452658858e-01
4.94668835989e-01
4.95512341120e-01
4.94629333827e-01
4.94682756393e-01
4.94866297266e-01
4.95595973624e-01
4.94601689392e-01
4.94980483148e-01
4.94719922298e-01
4.94723917864e-01
4.94498508252e-01
4.95718703922e-01
4.94645473092e-01
4.94182078868e-01
4.95041462362e-01
4.94506291725e-01
4.94464357255e-01
4.95143036958e-01
4.95112398999e-01
4.94479888011e-01
4.94014306089e-01
4.95135330809e-01
4.94258606618e-01
4.95525265498e-01
4.94786641379e-01
4.94485593951e-01
4.94591567829e-01
4.95470100011e-01
4.94920152032e-01
4.95460044438e-01
4.94656279855e-01
4.94990058704e-01
4.95299467155e-01
4.94968392710e-01
4.95210632461e-01
4.94264586835e-01
4.95187154384e-01
4.94660470863e-01
4.95235421356e-01
4.94439988452e-01
4.94785469212e-01
4.94647123089e-01
4.94212225043e-01
4.94999937688e-01
4.95677464556e-01
4.95042341219e-01
4.95132499606e-01
4.94860902305e-01
4.94274823182e-01
4.94763283111e-01
4.94317655173e-01
4.95021672675e-01
4.95521010256e-01
4.94942590109e-01
4.94173604975e-01
4.94902721680e-01
4.94545654448e-01
4.95203391046e-01
4.94914165047e-01
4.94855073879e-01
4.94396313927e-01
4.94721111010e-01
4.94154207629e-01
4.95033781340e-01
4.94855423649e-01
4.95489780484e-01
4.94652301477e-01
4.94968810254e-01
4.94755757778e-01
4.95251228974e-01
4.94725591385e-01
4.94261525412e-01
4.94933830896e-01
4.94253145666e-01
4.94844501177e-01
4.94929960983e-01
4.95271782678e-01
4.94743046683e-01
4.95200289213e-01
4.94816000081e-01
4.94970401388e-01
4.94262758666e-01
4.94649679178e-01
4.95029939753e-01
4.94081712663e-01
4.94088420170e-01
4.94186967215e-01
4.94720063606e-01
4.95060293753e-01
4.94981988203e-01
4.94751529818e-01
4.94947593843e-01
4.94935060838e-01
4.95180286549e-01
4.94573099441e-01
4.95208961723e-01
4.95043938169e-01
4.95379645595e-01
4.94968079845e-01
4.93977494314e-01
4.94482067226e-01
4.95610145888e-01
4.94981953551e-01
4.94705569876e-01
4.94866793958e-01
4.94629826549e-01
4.94058688375e-01
4.94517492447e-01
4.95163539042e-01
4.94555213519e-01
4.95000551363e-01
4.94609838858e-01
4.94246698496e-01
4.94243188499e-01
4.94555303786e-01
4.94755265086e-01
4.95092640875e-01
4.95065706906e-01
4.95131917364e-01
4.94909148389e-01
4.94665321790e-01
4.94485388967e-01
4.94677187369e-01
4.95034118403e-01
4.95251456288e-01
4.94216532104e-01
4.94685749030e-01
4.95026251694e-01
4.94919366376e-01
4.94580839288e-01
4.93883532583e-01
4.95291992554e-01
4.95495387025e-01
4.94991931637e-01
4.94839900294e-01
4.95580773961e-01
4.94546087680e-01
4.95417135917e-01
4.94899257962e-01
4.95631362527e-01
4.94210390312e-01
4.95391232496e-01
4.94530610297e-01
4.94963552810e-01
4.95004424655e-01
4.95159540577e-01
4.94306734532e-01
4.94843640023e-01
4.95090075966e-01
4.95502322939e-01
4.94409284102e-01
4.94017442748e-01
4.95836080103e-01
4.94835440004e-01
4.95047933638e-01
4.95394983185e-01
4.94607629030e-01
4.95382124896e-01
4.94553738454e-01
4.95022703375e-01
4.94501867089e-01
4.94800357615e-01
4.94330132320e-01
4.94778008160e-01
4.94861499398e-01
4.94557162683e-01
4.94350973081e-01
4.93655787435e-01
4.93850591958e-01
4.94270622243e-01
4.94775181001e-01
4.94719464634e-01
4.94277279339e-01
4.94761808122e-01
4.94637730442e-01
4.94109376261e-01
4.94514506526e-01
4.95256269429e-01
4.95118504131e-01
4.94898005427e-01
4.95037127339e-01
4.95026282084e-01
4.94523130469e-01
4.94849803187e-01
4.94752030655e-01
4.95007719431e-01
4.95007655533e-01
4.94797542310e-01
4.94146080983e-01
4.95459416965e-01
4.94537033514e-01
4.94212371471e-01
4.93978053029e-01
4.94307685519e-01
4.94989672681e-01
4.94813892472e-01
4.94940327271e-01
4.95294784312e-01
4.95280159149e-01
4.94257518806e-01
4.94797486008e-01
4.94762967395e-01
4.94316283526e-01
4.94284068812e-01
4.94536467413e-01
4.94900552582e-01
4.95383873188e-01
4.94612930757e-01
4.94909207390e-01
4.94255295754e-01
4.95355198607e-01
4.94801036985e-01
4.95306637710e-01
4.94022753757e-01
4.95715799613e-01
4.95519029818e-01
4.94735687346e-01
4.94651304340e-01
4.94855205981e-01
4.94791892758e-01
4.94871738171e-01
4.95496304440e-01
4.94365626715e-01
4.95037889743e-01
4.94446481089e-01
4.94673024997e-01
4.94945824645e-01
4.94141660343e-01
4.94850989730e-01
4.94956434516e-01
4.94398754615e-01
4.94681889428e-01
4.94874872102e-01
4.94950921866e-01
4.95462457593e-01
4.95355433672e-01
4.94846222074e-01
4.94487352259e-01
4.94172662928e-01
4.94994530280e-01
4.95004520958e-01
4.94391783921e-01
4.95290880228e-01
4.94395153579e-01
4.95061318948e-01
4.95032631545e-01
4.94651427490e-01
4.95001390778e-01
4.95204791311e-01
4.94461236073e-01
4.93938691692e-01
4.95212420058e-01
4.95285622342e-01
4.94771841892e-01
4.93994963576e-01
4.94828268846e-01
4.95271947197e-01
4.94534150611e-01
4.95418351753e-01
4.95522540453e-01
4.94935778089e-01
4.95005285240e-01
4.94418231664e-01
4.94895784370e-01
4.94990421252e-01
4.94567167138e-01
4.94597241578e-01
4.94589672394e-01
4.95047179634e-01
4.94125683714e-01
4.95418666129e-01
4.95453305225e-01
4.95228152269e-01
4.95035340059e-01
4.94898535894e-01
4.95384031152e-01
4.95241417650e-01
4.95038475647e-01
4.94937466574e-01
4.93863727800e-01
4.94432514010e-01
4.94617124054e-01
4.94425419211e-01
4.95956724581e-01
4.95135166047e-01
4.94909156051e-01
4.94021996605e-01
4.94974153942e-01
4.94362052720e-01
4.94621134596e-01
4.94791286234e-01