1.06487760332e+00
1.06495484777e+00
1.06481834209e+00
1.06495106137e+00
1.06479552651e+00
1.06488487214e+00
1.06491917727e+00
1.06501715639e+00
1.06482793999e+00
1.06480025438e+00
1.06503584094e+00
1.06488052465e+00
1.06481051873e+00
1.06473936519e+00
1.06496768545e+00
1.06488175812e+00
1.06481433995e+00
1.06499680747e+00
1.06471922652e+00
1.06499503645e+00
1.06503567166e+00
1.06486618683e+00
1.06488005744e+00
1.06491586960e+00
1.06490310429e+00
1.06484057987e+00
1.06487920096e+00
1.06473702039e+00
1.06483083844e+00
1.06475620338e+00
1.06500542574e+00
1.06493099891e+00
1.06497937808e+00
1.06492240749e+00
1.06494515834e+00
1.06492531811e+00
1.06476587237e+00
1.06494394161e+00
1.06477343892e+00
1.06494324371e+00
1.06479635783e+00
1.06490099108e+00
1.06502651647e+00
1.06502213414e+00
1.06484180599e+00
1.06500860498e+00
1.06491839061e+00
1.06493454904e+00
1.06494309358e+00
1.06493825104e+00
1.06490480521e+00
1.06501712172e+00
1.06477943003e+00
1.06467531696e+00
1.06470621203e+00
1.06486410917e+00
1.06497558724e+00
1.06489825470e+00
1.06486051301e+00
1.06502182593e+00
1.06486623846e+00
1.06468816078e+00
1.06475827268e+00
1.06489547884e+00
1.06482559940e+00
1.06479499506e+00
1.06485658258e+00
1.06484217498e+00
1.06490283376e+00
1.06466625994e+00
1.06485826934e+00
1.06481859920e+00
1.06492728852e+00
1.06469989387e+00
1.06483466279e+00
1.06500405317e+00
1.06490207539e+00
1.06496891393e+00
1.06488042606e+00
1.06493619061e+00
1.06474230080e+00
1.06469447082e+00
1.06479754394e+00
1.06478821208e+00
1.06485181055e+00
1.06494967192e+00
1.06478684539e+00
1.06483778955e+00
1.06477395600e+00
1.06490469960e+00
1.06505770622e+00
1.06489556418e+00
1.06478475164e+00
1.06483541727e+00
1.06506183715e+00
1.06492247986e+00
1.06489423994e+00
1.06469335142e+00
1.06499208536e+00
1.06491031284e+00
1.06489189666e+00
1.06494779479e+00
1.06477884745e+00
1.06482882879e+00
1.06473996437e+00
1.06487189453e+00
1.06478818261e+00
1.06484194878e+00
1.06486022853e+00
1.06478845326e+00
1.06493446070e+00
1.06474406882e+00
1.06488775592e+00
1.06478333762e+00
1.06480178179e+00
1.06485118578e+00
1.06492179068e+00
1.06490702625e+00
1.06482093260e+00
1.06491455542e+00
1.06484351238e+00
1.06487856886e+00
1.06489631067e+00
1.06489852369e+00
1.06490406131e+00
1.06474116240e+00
1.06504790374e+00
1.06478378882e+00
1.06487172870e+00
1.06462301329e+00
1.06480465976e+00
1.06497090870e+00
1.06495275060e+00
1.06483281150e+00
1.06484481936e+00
1.06487124496e+00
1.06492459620e+00
1.06489606861e+00
1.06488279090e+00
1.06496971829e+00
1.06500853640e+00
1.06498342385e+00
1.06493526027e+00
1.06478432887e+00
1.06489968907e+00
1.06499267936e+00
1.06483359032e+00
1.06480402564e+00
1.06495560729e+00
1.06493551134e+00
1.06491759473e+00
1.06487568925e+00
1.06490873109e+00
1.06493588377e+00
1.06475201977e+00
1.06485478558e+00
1.06494391188e+00
1.06500470800e+00
1.06491764111e+00
1.06482491490e+00
1.06490451747e+00
1.06479826398e+00
1.06497365966e+00
1.06487863012e+00
1.06492965895e+00
1.06473361026e+00
1.06485052382e+00
1.06504201070e+00
1.06487230801e+00
1.06495528665e+00
1.06484919231e+00
1.06485520876e+00
1.06492099202e+00
1.06486038042e+00
1.06470116071e+00
1.06492154824e+00
1.06486249087e+00
1.06490592678e+00
1.06485003921e+00
1.06480906419e+00
1.06481769503e+00
1.06483424512e+00
1.06492392941e+00
1.06495642877e+00
1.06491316564e+00
1.06493217246e+00
1.06498228600e+00
1.06490491326e+00
1.06478577630e+00
1.06477467991e+00
1.06494572957e+00
1.06499235268e+00
1.06497056070e+00
1.06491436700e+00
1.06478525981e+00
1.06498720467e+00
1.06492179020e+00
1.06489482410e+00
1.06484944883e+00
1.06498886964e+00
1.06492441793e+00
1.06491820185e+00
1.06475501059e+00
1.06495181124e+00
1.06495673808e+00
1.06485231694e+00
1.06488787894e+00
1.06488115529e+00
1.06498377733e+00
1.06492611062e+00
1.06495527161e+00
1.06486780722e+00
1.06488702876e+00
1.06478384473e+00
1.06480699382e+00
1.06486753793e+00
1.06485481087e+00
1.06484726639e+00
1.06483749847e+00
1.06485643152e+00
1.06491724458e+00
1.06495361344e+00
1.06479496507e+00
1.06476268553e+00
1.06471823593e+00
1.06476168857e+00
1.06484683590e+00
1.06495879795e+00
1.06498634240e+00
1.06488685169e+00
1.06475027132e+00
1.06489375133e+00
1.06479871383e+00
1.06492532497e+00
1.06476171124e+00
1.06480000991e+00
1.06477558731e+00
1.06488009901e+00
1.06488321607e+00
1.06501557645e+00
1.06492699162e+00
1.06476237687e+00
1.06496361755e+00
1.06488080671e+00
1.06467089551e+00
1.06468686875e+00
1.06485876741e+00
1.06491447842e+00
1.06481981385e+00
1.06495814852e+00
1.06468718425e+00
1.06480385653e+00
1.06484819035e+00
1.06488054122e+00
1.06486740326e+00
1.06483904397e+00
1.06492864017e+00
1.06478816254e+00
1.06474848909e+00
1.06485970020e+00
1.06486069279e+00
1.06482838255e+00
1.06471805318e+00
1.06483855590e+00
1.06482155551e+00
1.06477602619e+00
1.06479497824e+00
1.06480153976e+00
1.06495130326e+00
1.06492607580e+00
1.06496623605e+00
1.06491134828e+00
1.06485720422e+00
1.06484520131e+00
1.06471895032e+00
1.06487381404e+00
1.06473290476e+00
1.06481919808e+00
1.06502090625e+00
1.06489899145e+00
1.06483509841e+00
1.06489000703e+00
1.06496712932e+00
1.06488319434e+00
1.06469318161e+00
1.06477948662e+00
1.06474325718e+00
1.06474621577e+00
1.06481086679e+00
1.06481881159e+00
1.06474819922e+00
1.06485326453e+00
1.06487564365e+00
1.06493250156e+00
1.06480379195e+00
1.06469112436e+00
1.06492575919e+00
1.06477799085e+00
1.06495222105e+00
1.06479462427e+00
1.06489650299e+00
1.06463136802e+00
1.06479574147e+00
1.06497840018e+00
1.06482851759e+00
1.06485698000e+00
1.06487430413e+00
1.06481141041e+00
1.06484935565e+00
1.06493402055e+00
1.06482091778e+00
1.06483205322e+00
1.06493480815e+00
1.06476973276e+00
1.06492097761e+00
1.06484152845e+00
1.06489445430e+00
1.06500328905e+00
1.06491242224e+00
1.06485596736e+00
1.06483420854e+00
1.06475763383e+00
1.06485079167e+00
1.06486305614e+00
1.06491143251e+00
1.06481947800e+00
1.06489069800e+00
1.06473852770e+00
1.06489411457e+00
1.06478667799e+00
1.06483387951e+00
1.06483015869e+00
1.06485617494e+00
1.06471103503e+00
1.06496499598e+00
1.06487742325e+00
1.06484641725e+00
1.06493429506e+00
1.06479653709e+00
1.06488500860e+00
1.06481164193e+00
1.06507696314e+00
1.06478746221e+00
1.06486854451e+00
1.06484730435e+00
1.06487796086e+00
1.06486318243e+00
1.06477111800e+00
1.06485560144e+00
1.06482520256e+00
1.06478794835e+00
1.06472755904e+00
1.06483526109e+00
1.06477392818e+00
1.06483020955e+00
1.06487523212e+00
1.06481477921e+00
1.06485999442e+00
1.06472150020e+00
1.06473180118e+00
1.06490317952e+00
1.06476588201e+00
1.06487344450e+00
1.06490527304e+00
1.06489019738e+00
1.06481698069e+00
1.06487114365e+00
1.06491370354e+00
1.06471111215e+00
1.06501064859e+00
1.06482459290e+00
1.06482213403e+00
1.06485352459e+00
1.06494025066e+00
1.06484774696e+00
1.06480643022e+00
1.06481768098e+00
1.06488663662e+00
1.06481302734e+00
1.06502161254e+00
1.06474292187e+00
1.06493265292e+00
1.06492564797e+00
1.06483664745e+00
1.06484763807e+00
1.06485214471e+00
1.06482495975e+00
1.06489856418e+00
1.06488740293e+00
1.06481331243e+00
1.06493410921e+00
1.06478379496e+00
1.06483602259e+00
1.06466196176e+00
1.06498060968e+00
1.06481164816e+00
1.06466158052e+00
1.06477775894e+00
1.06489340081e+00
1.06472256082e+00
1.06496644431e+00
1.06482687837e+00
1.06482066233e+00
1.06470395741e+00
1.06487263171e+00
1.06485599458e+00
1.06472674645e+00
1.06479669623e+00
1.06464350676e+00
1.06470523283e+00
1.06480452328e+00
1.06475659840e+00
1.06482852550e+00
1.06487214476e+00
1.06483707621e+00
1.06503699710e+00
1.06472598050e+00
1.06489015170e+00
1.06486794643e+00
1.06483329407e+00
1.06478888500e+00
1.06484361687e+00
1.06487030552e+00
1.06480944984e+00
1.06477260918e+00
1.06491879144e+00
1.06506464110e+00
1.06481533083e+00
1.06491692264e+00
1.06477222114e+00
1.06497039410e+00
1.06477990860e+00
1.06479334685e+00
1.06480502223e+00
1.06482441802e+00
1.06499310539e+00
1.06504535324e+00
1.06479767385e+00
1.06491890669e+00
1.06491673716e+00
1.06481558651e+00
1.06495047185e+00
1.06486441767e+00
1.06485698043e+00
1.06479014909e+00
1.06486254113e+00
1.06494935684e+00
1.06493869133e+00
1.06481027953e+00
1.06477410815e+00
1.06495553682e+00
1.06469484441e+00
1.06485413329e+00
1.06491422611e+00
1.06476404007e+00
1.06477899839e+00
1.06486018740e+00
1.06482540527e+00
1.06472350228e+00
1.06476916428e+00
1.06487694962e+00
1.06499400986e+00
1.06479540674e+00
1.06488378718e+00
1.06480624134e+00
1.06496066894e+00
1.06473355257e+00
1.06479584078e+00
1.06466241018e+00
1.06489855010e+00
1.06485771326e+00
1.06486645951e+00
1.06483958980e+00
1.06488511963e+00
1.06486264715e+00
1.06491625311e+00
1.06479736352e+00
1.06474001863e+00
1.06479525427e+00
1.06491033613e+00
1.06476009512e+00
1.06494059116e+00
1.06479993299e+00
1.06493861113e+00
1.06486856939e+00
1.06484733818e+00
1.06489372077e+00
1.06473858345e+00
1.06485813711e+00
1.06474646196e+00
1.06468395237e+00
1.06495132036e+00
1.06478750254e+00
1.06483085240e+00
1.06482288254e+00
1.06495109687e+00
1.06485944547e+00
1.06494722936e+00
1.06475804259e+00
1.06486031287e+00
1.06485873855e+00