8.31238996865e-01
8.31004768836e-01
8.31303827422e-01
8.31335318923e-01
8.31166471717e-01
8.31235844833e-01
8.31266351577e-01
8.31168998726e-01
8.31020861671e-01
8.31268904243e-01
8.31197109982e-01
8.31127700657e-01
8.31036189517e-01
8.30879552860e-01
8.30895989704e-01
8.31081296382e-01
8.31160081440e-01
8.31059367226e-01
8.31488021209e-01
8.31111090160e-01
8.31230556814e-01
8.31271308246e-01
8.30921227730e-01
8.31313148030e-01
8.31146562675e-01
8.31266053425e-01
8.31268257499e-01
8.31275258422e-01
8.30938713532e-01
8.31104005476e-01
8.31024621207e-01
8.30985047083e-01
8.31241376575e-01
8.31492407199e-01
8.31222436655e-01
8.31263579244e-01
8.31195003133e-01
8.30990034619e-01
8.31074415541e-01
8.31496645620e-01
8.31436785052e-01
8.31181323513e-01
8.31051582732e-01
8.31253893043e-01
8.31409926029e-01
8.31581304930e-01
8.31021174752e-01
8.31142627779e-01
8.31271902239e-01
8.31219532937e-01
8.31208820163e-01
8.31223241362e-01
8.31240991014e-01
8.31124806378e-01
8.31106958440e-01
8.31193722858e-01
8.31226774242e-01
8.31165559971e-01
8.31165109171e-01
8.31124811756e-01
8.31370118608e-01
8.31182592946e-01
8.31227069021e-01
8.31375776062e-01
8.31256232731e-01
8.30971345199e-01
8.31070717382e-01
8.31189266143e-01
8.31177581099e-01
8.31069914176e-01
8.31210462896e-01
8.31100517656e-01
8.31174358164e-01
8.31182155109e-01
8.31141785211e-01
8.31016102570e-01
8.31074692124e-01
8.31348550316e-01
8.30998818420e-01
8.31182129613e-01
8.31069297334e-01
8.31177404833e-01
8.31098319978e-01
8.31316253085e-01
8.31038308126e-01
8.31070507104e-01
8.31316426138e-01
8.31162524934e-01
8.31175539222e-01
8.31280242920e-01
8.31018838527e-01
8.31181696175e-01
8.31410156787e-01
8.31315639844e-01
8.31245063537e-01
8.31377805617e-01
8.31235295500e-01
8.31235311322e-01
8.31111427314e-01
8.31119751061e-01
8.31076608284e-01
8.31043493715e-01
8.30980393865e-01
8.31116926420e-01
8.31472691158e-01
8.31375493085e-01
8.31141569345e-01
8.31030006963e-01
8.30943226221e-01
8.31224100796e-01
8.31417467073e-01
8.31158370259e-01
8.31226119383e-01
8.31113915461e-01
8.31329945497e-01
8.31103568475e-01
8.31216359214e-01
8.31077727324e-01
8.31213271913e-01
8.30815719958e-01
8.31210050094e-01
8.31119276496e-01
8.31060702203e-01
8.31370925562e-01
8.31200755458e-01
8.31109620775e-01
8.31227691288e-01
8.31310872052e-01
8.30957879973e-01
8.31182169889e-01
8.31013765880e-01
8.31252036226e-01
8.30995390220e-01
8.31233210451e-01
8.31142347192e-01
8.30970795613e-01
8.31146198365e-01
8.31335638089e-01
8.31254424807e-01
8.31320929990e-01
8.31018575951e-01
8.30925620836e-01
8.31234281003e-01
8.31077358099e-01
8.31261169213e-01
8.31048610843e-01
8.31178141455e-01
8.31305731597e-01
8.31133623727e-01
8.31217708016e-01
8.31237096879e-01
8.31059611856e-01
8.30985608722e-01
8.31226155224e-01
8.31103823056e-01
8.31023427156e-01
8.31131892089e-01
8.31341543682e-01
8.30960704665e-01
8.31196190575e-01
8.31121531487e-01
8.31119006719e-01
8.31178417940e-01
8.31138669944e-01
8.31188531874e-01
8.31331890553e-01
8.31005949551e-01
8.31292913531e-01
8.31047517954e-01
8.31335860182e-01
8.31152166618e-01
8.31171329310e-01
8.31315622333e-01
8.30950119733e-01
8.31123213200e-01
8.31193224248e-01
8.31155541492e-01
8.31286521714e-01
8.31250542713e-01
8.31175932440e-01
8.31182566794e-01
8.31280124325e-01
8.30995429457e-01
8.31095222766e-01
8.31223183807e-01
8.31046699249e-01
8.31224564934e-01
8.31152636637e-01
8.31151548659e-01
8.31203055066e-01
8.31155429929e-01
8.31076453109e-01
8.31261428845e-01
8.31390112094e-01
8.31047423798e-01
8.30954802528e-01
8.31138866168e-01
8.31072887711e-01
8.31435381346e-01
8.31070298572e-01
8.31166802227e-01
8.31273905661e-01
8.31252390225e-01
8.31256282878e-01
8.31018391069e-01
8.31130757042e-01
8.31019613257e-01
8.31191522920e-01
8.31145165466e-01
8.31107661631e-01
8.31349102238e-01
8.31402240285e-01
8.31133630514e-01
8.31203584037e-01
8.31227002887e-01
8.31187188822e-01
8.31126303883e-01
8.30804121884e-01
8.31132787698e-01
8.31004285802e-01
8.31101217504e-01
8.31137868005e-01
8.31256230478e-01
8.31361974334e-01
8.31412700371e-01
8.31172638229e-01
8.31136950354e-01
8.31251339447e-01
8.30965514824e-01
8.31116490293e-01
8.31283745437e-01
8.31034652097e-01
8.31153400276e-01
8.31195705106e-01
8.31039724277e-01
8.31225716479e-01
8.31136155694e-01
8.31192563332e-01
8.31367495726e-01
8.31388938028e-01
8.31095503294e-01
8.31632019801e-01
8.31294590284e-01
8.31147855234e-01
8.31049443842e-01
8.31221441680e-01
8.31087883630e-01
8.31088735578e-01
8.31320939816e-01
8.31088275373e-01
8.31145847318e-01
8.31129096632e-01
8.31006125158e-01
8.31171329645e-01
8.31045144213e-01
8.31296686883e-01
8.31219630933e-01
8.31266251232e-01
8.31217882240e-01
8.31282246105e-01
8.31339538092e-01
8.31173156193e-01
8.31320032286e-01
8.31284824643e-01
8.31143699701e-01
8.31293520725e-01
8.31471334558e-01
8.31272986560e-01
8.30864536146e-01
8.31140529855e-01
8.31232396103e-01
8.31050785121e-01
8.31339011223e-01
8.31264907635e-01
8.31300475183e-01
8.31288402921e-01
8.31097645249e-01
8.31123101170e-01
8.31343175629e-01
8.31114356340e-01
8.31237576741e-01
8.31290415690e-01
8.31154529844e-01
8.31262656110e-01
8.31177624762e-01
8.31162170239e-01
8.31374048148e-01
8.31325962572e-01
8.31278140119e-01
8.30959350178e-01
8.31258842333e-01
8.31030181259e-01
8.31354580797e-01
8.31121801474e-01
8.31021558794e-01
8.31279290881e-01
8.31070563145e-01
8.31127454577e-01
8.31254219270e-01
8.31246453907e-01
8.31104242087e-01
8.31387284163e-01
8.30918081048e-01
8.31159772683e-01
8.31315789609e-01
8.31112214859e-01
8.31328685811e-01
8.31081744336e-01
8.31447289722e-01
8.31195488230e-01
8.31378234176e-01
8.31355186987e-01
8.31154778460e-01
8.31199793581e-01
8.31235864042e-01
8.31205879941e-01
8.31292938900e-01
8.31105661316e-01
8.31251963496e-01
8.31112811149e-01
8.31255314255e-01
8.31365830219e-01
8.31235717799e-01
8.31313463272e-01
8.31073033782e-01
8.31040628070e-01
8.31199686302e-01
8.31039718049e-01
8.30981055603e-01
8.31070612394e-01
8.31303481169e-01
8.31156199967e-01
8.31666155987e-01
8.31114253202e-01
8.31415799130e-01
8.30876420315e-01
8.31103720688e-01
8.31291359258e-01
8.31133697251e-01
8.31242670964e-01
8.30925449016e-01
8.31144285905e-01
8.31100737365e-01
8.31082744577e-01
8.31124346753e-01
8.31130145627e-01
8.31203497069e-01
8.30998964188e-01
8.31010390339e-01
8.31356694897e-01
8.31109292567e-01
8.31130303713e-01
8.31215400561e-01
8.31298552969e-01
8.31355580162e-01
8.30916061886e-01
8.31175588604e-01
8.31345852701e-01
8.31072175375e-01
8.31065744219e-01
8.31292726112e-01
8.31162954968e-01
8.31149758381e-01
8.31221727505e-01
8.30958438749e-01
8.31312668146e-01
8.31116575031e-01
8.30944284625e-01
8.31050367570e-01
8.31177003722e-01
8.31118233604e-01
8.31260494973e-01
8.31088874421e-01
8.30903478006e-01
8.31210769147e-01
8.31388413046e-01
8.31311727405e-01
8.31131972111e-01
8.31202974600e-01
8.31247424518e-01
8.31002174566e-01
8.31066638449e-01
8.31234892291e-01
8.31215753975e-01
8.31188444779e-01
8.31110972392e-01
8.31162090697e-01
8.30966451855e-01
8.31255646495e-01
8.31309991590e-01
8.31216038644e-01
8.31203657663e-01
8.31307876842e-01
8.31285725290e-01
8.31071859327e-01
8.31083873481e-01
8.31243061300e-01
8.31293325691e-01
8.31062316338e-01
8.31175499405e-01
8.31125363184e-01
8.31270987079e-01
8.31225955231e-01
8.31392066370e-01
8.31419722221e-01
8.31058991974e-01
8.31245686959e-01
8.31076599456e-01
8.31105991105e-01
8.31216424250e-01
8.31040123567e-01
8.30959437567e-01
8.31152114677e-01
8.31373692033e-01
8.31176130259e-01
8.31284269845e-01
8.31369538414e-01
8.31212124690e-01
8.31249875962e-01
8.31207526086e-01
8.31086656007e-01
8.31315053505e-01
8.31134737213e-01
8.31107668982e-01
8.31051495721e-01
8.31047612692e-01
8.31324711206e-01
8.31160278949e-01
8.31348969971e-01
8.31126742141e-01
8.31474588068e-01
8.31310341442e-01
8.31240503409e-01
8.31138298206e-01
8.31010477678e-01
8.31116783574e-01
8.31158046646e-01
8.31008877405e-01
8.31078149749e-01
8.31189307997e-01
8.31315136877e-01
8.31575972138e-01
8.31292110764e-01
8.31064587997e-01
8.31220309696e-01
8.31443679480e-01
8.31254966028e-01
8.31081621907e-01
8.31313681729e-01
8.31272519441e-01
8.31082667572e-01
8.31265551956e-01
8.31225713269e-01
8.30992567422e-01
8.31185188748e-01
8.31154218278e-01
8.31125313832e-01
8.31225359895e-01
8.31166428124e-01
8.31263221984e-01
8.30960905784e-01
8.31320484467e-01
8.31119167131e-01
8.31238015377e-01
8.31285555723e-01
8.31131624675e-01
8.31196006197e-01
8.31494104121e-01
8.31155014279e-01
8.31004976886e-01
8.31283432333e-01
8.30974950484e-01
8.31193714412e-01
8.31248312589e-01
8.30959684971e-01
8.31164881113e-01
8.31334503920e-01
8.31173832812e-01
8.31259073820e-01
8.31313097645e-01
8.31253773686e-01
8.31058343382e-01
8.31139943196e-01
8.31231562663e-01
8.31157491141e-01
8.31151554353e-01
8.30906716697e-01
8.30926448197e-01
8.31278986146e-01
8.31261151156e-01
8.31197372672e-01
8.31057264820e-01
8.31161719439e-01
8.31044105273e-01
8.31012067198e-01
8.31160557210e-01
8.31215924912e-01
8.31335449757e-01
8.31018960043e-01
8.31234275201e-01
8.31184547814e-01