8.98277396012e-01
8.97342328206e-01
8.99647572197e-01
8.98679015025e-01
8.98335152978e-01
8.99088626449e-01
8.98555860790e-01
8.98416597619e-01
8.99269905138e-01
9.01447810849e-01
8.99776696548e-01
9.00886364861e-01
8.99228459416e-01
8.98478940059e-01
9.01369257774e-01
8.99580201588e-01
8.98232686007e-01
8.99929959392e-01
9.01458102795e-01
9.01443037889e-01
9.02387930899e-01
8.99200519092e-01
8.97765997689e-01
8.99350396710e-01
9.01458372534e-01
9.01681450430e-01
8.99023635639e-01
8.99572828960e-01
8.99649470581e-01
9.00139975020e-01
9.00638982560e-01
9.00444711315e-01
8.98293429350e-01
8.98685758748e-01
9.02040104518e-01
9.01307972502e-01
8.99782592739e-01
9.01786175230e-01
8.98034805245e-01
8.98834243568e-01
8.99709128461e-01
8.99338783218e-01
9.00041744018e-01
9.00351943478e-01
8.98312299689e-01
8.99282009252e-01
9.00643017603e-01
8.99733146682e-01
8.99605979944e-01
8.99615814999e-01
8.97103105682e-01
8.98876378434e-01
8.99748956040e-01
8.99098195365e-01
9.01253160033e-01
8.99094638230e-01
8.99145510584e-01
8.97930118333e-01
9.01806656451e-01
9.00423106814e-01
9.00035241184e-01
8.99807283609e-01
9.00133697254e-01
9.00986035490e-01
8.99566007986e-01
8.97968799281e-01
8.98815175177e-01
9.00730284513e-01
9.00924642542e-01
8.99220413073e-01
9.02216394023e-01
8.98280130723e-01
8.99010843442e-01
8.99333689407e-01
9.00237725892e-01
8.98352065424e-01
9.01425957171e-01
8.99309482158e-01
9.00751625538e-01
8.99998215798e-01
8.99956809270e-01
8.99879298220e-01
8.99709368451e-01
8.99195914099e-01
9.00196704500e-01
9.01188453297e-01
8.97755919051e-01
8.98606593891e-01
9.00305251460e-01
8.99777084034e-01
8.99947107366e-01
9.00368135072e-01
9.00123653803e-01
9.00494654195e-01
8.99098422052e-01
8.98966320515e-01
9.00020923712e-01
8.99970792276e-01
9.01312513054e-01
8.98443886262e-01
9.00840163215e-01
8.98755835440e-01
8.98375545569e-01
8.99415011729e-01
8.99123524257e-01
9.00859232332e-01
8.99618024080e-01
9.01247084304e-01
8.99277915652e-01
8.99273539341e-01
8.99409379619e-01
9.01225884861e-01
9.00233830031e-01
8.98229818407e-01
8.99710869596e-01
9.01125963604e-01
8.98720449072e-01
9.00561684193e-01
9.00089424469e-01
8.99386925494e-01
8.98522426969e-01
8.99362644516e-01
9.00383399359e-01
8.99772263480e-01
8.99579471084e-01
9.00356844212e-01
9.00481192121e-01
8.98494805035e-01
9.00128463078e-01
8.99080252712e-01
9.00475685821e-01
8.98891854660e-01
8.98631713055e-01
8.99719749132e-01
8.98357347240e-01
8.98977850737e-01
8.99996399549e-01
8.99641110633e-01
8.99037853197e-01
8.99058220411e-01
8.97947678002e-01
8.98064071016e-01
8.99499028271e-01
9.00073899357e-01
8.98990378343e-01
9.00450955470e-01
8.98830092041e-01
9.00567088925e-01
9.00435799444e-01
9.01112164479e-01
9.00540233393e-01
8.99829817567e-01
9.01621451948e-01
9.01601908961e-01
9.00266747232e-01
8.99944376105e-01
8.98830637323e-01
8.98790693590e-01
8.99217547054e-01
8.98184316855e-01
9.00080137549e-01
8.99775434868e-01
8.99902344949e-01
8.99651453189e-01
8.99649949178e-01
9.00518316536e-01
9.00716237768e-01
9.00490778464e-01
8.99347365138e-01
9.00288172546e-01
9.01161859776e-01
8.99055830760e-01
9.00131317341e-01
8.98947550255e-01
9.00273065907e-01
8.99467011695e-01
8.99615145451e-01
8.99462012209e-01
8.99665657259e-01
8.99787017503e-01
9.00737756337e-01
8.98533310512e-01
9.01769198119e-01
9.00534174258e-01
8.99418728090e-01
8.99452707267e-01
8.98510871418e-01
9.01261233591e-01
8.98862788901e-01
8.99605135749e-01
8.99389332085e-01
9.00100542670e-01
8.99609412042e-01
9.01867190737e-01
8.97538401113e-01
8.99671483650e-01
8.99510670230e-01
8.99642853543e-01
9.00055026545e-01
8.99792888979e-01
8.99009145656e-01
8.98819332165e-01
8.98340307742e-01
8.99586540728e-01
8.99539423354e-01
8.97861920048e-01
8.98489331361e-01
9.00514800041e-01
8.98921499114e-01
8.99464561218e-01
9.01207120683e-01
9.00008513009e-01
8.99361185929e-01
9.00067429494e-01
8.99317629189e-01
8.99290646202e-01
9.00246659188e-01
9.00275078431e-01
9.00201192882e-01
8.99089030835e-01
8.98951805599e-01
9.00392193727e-01
9.01434260096e-01
9.00109560952e-01
9.00512687306e-01
8.99548636605e-01
9.00268007056e-01
8.99561463223e-01
8.99637837412e-01
9.00995818993e-01
8.99205750165e-01
8.99806896219e-01
8.98703893807e-01
9.00657178740e-01
8.98505081855e-01
8.99483641886e-01
9.00493534813e-01
9.00527578814e-01
8.99818862589e-01
8.98949865569e-01
9.01716046804e-01
9.00271358653e-01
8.99954157393e-01
9.00524562248e-01
8.99543056374e-01
8.99517994797e-01
9.00093263784e-01
9.00225774756e-01
9.02741891125e-01
9.02237966504e-01
8.99963814404e-01
8.98871188351e-01
8.99878621599e-01
8.98358350261e-01
8.99492978880e-01
8.99751949765e-01
8.98415502839e-01
8.98676580849e-01
8.99378220834e-01
8.99405507331e-01
9.00020865465e-01
9.00343984116e-01
8.99540880030e-01
9.00195686552e-01
9.00065116605e-01
9.01834620478e-01
9.01228175423e-01
8.99361532222e-01
9.00275585496e-01
9.00858148452e-01
8.99820897787e-01
8.99345576295e-01
8.98164843490e-01
8.99002098786e-01
8.99307461333e-01
8.98716953069e-01
8.99465120190e-01
8.98819100055e-01
9.00570524056e-01
8.99987920463e-01
8.99744274465e-01
8.99819350162e-01
8.99804452878e-01
9.00865432224e-01
9.00186494965e-01
9.00042097743e-01
9.00644941254e-01
8.99288474287e-01
9.00636458661e-01
9.01379205934e-01
9.01165206788e-01
8.99695874625e-01
8.99926810169e-01
8.99772980782e-01
9.00062566449e-01
8.98022950248e-01
9.00343310411e-01
8.98686170372e-01
8.99269838472e-01
8.99398396468e-01
9.00043388592e-01
9.00288404711e-01
9.00034054810e-01
8.99327667622e-01
8.99412928660e-01
8.98585904859e-01
8.99267700522e-01
9.01554599539e-01
9.01161641127e-01
9.00071625351e-01
8.99832498474e-01
9.00106681750e-01
8.98925859905e-01
8.99664589006e-01
9.00685872039e-01
8.99460060569e-01
9.01632603448e-01
8.99076365048e-01
9.01061158761e-01
9.00143800931e-01
8.98744597612e-01
9.00155794156e-01
8.99848267169e-01
8.98227547762e-01
9.00530064744e-01
8.99498354752e-01
8.98400945510e-01
8.99445307757e-01
9.00549077610e-01
9.00929853247e-01
9.00686268708e-01
9.00723231405e-01
8.98441131766e-01
9.00873199674e-01
8.98597380282e-01
8.99002318403e-01
8.97346589959e-01
9.00577863923e-01
8.99373092942e-01
8.99674008267e-01
8.99229783049e-01
8.98686614901e-01
8.99291049429e-01
8.99814603515e-01
8.99468389137e-01
8.98913404829e-01
8.99611943383e-01
9.02346996635e-01
9.00668159534e-01
9.00460283613e-01
8.98745733758e-01
8.99653888503e-01
9.00088923015e-01
8.98953999987e-01
8.99297269027e-01
9.02111051893e-01
8.98489507663e-01
9.00956725629e-01
9.01604710965e-01
8.99958175162e-01
9.00508217363e-01
8.99842367661e-01
8.99344562266e-01
9.00247896137e-01
8.99027891748e-01
8.98623473681e-01
8.99945979123e-01
9.00995626310e-01
8.99179937473e-01
8.99704913656e-01
8.99667529228e-01
9.01228281175e-01
8.99834104150e-01
9.00159265321e-01
8.99657181528e-01
8.98580932923e-01
9.01809506143e-01
9.00848857611e-01
9.00358693292e-01
8.99567491988e-01
9.01635789187e-01
9.01062544515e-01
9.02150469802e-01
9.00979635698e-01
8.98789243650e-01
8.99676142289e-01
9.00057138564e-01
8.99912103468e-01
9.01537214433e-01
9.01930787749e-01
8.98906838503e-01
9.00578362853e-01
8.99078429277e-01
8.99170326443e-01
8.99695695160e-01
8.98887422996e-01
9.01139155814e-01
9.00562025137e-01
8.97888335747e-01
8.98695479058e-01
9.00166250540e-01
8.99603164700e-01
8.99886651002e-01
8.97547805093e-01
8.98376427584e-01
9.00242409302e-01
8.99804230832e-01
8.98607896774e-01
9.00128936441e-01
8.99819199178e-01
9.00190765752e-01
8.97349054123e-01
9.00162137273e-01
9.00774951679e-01
9.02885863249e-01
8.99846409758e-01
8.99056923293e-01
8.99288639439e-01
9.00410133444e-01
8.97068066862e-01
8.97368581366e-01
8.98924044312e-01
8.99414124302e-01
8.99316871465e-01
9.00393554061e-01
9.00930667403e-01
9.02026636583e-01
9.01343139052e-01
9.00835397843e-01
9.00290323059e-01
8.99518323027e-01
8.99744894782e-01
9.00219842342e-01
8.99749439302e-01
8.98740607574e-01
9.01066299000e-01
9.01320129787e-01
8.96887456889e-01
8.99914721804e-01
8.99028360985e-01
8.97891327883e-01
9.01271298682e-01
8.98462290926e-01
8.97870183779e-01
9.00847937864e-01
8.96991133377e-01
8.97829236379e-01
8.99838016115e-01
8.99116538864e-01
8.99733118366e-01
8.99121391668e-01
8.99340703560e-01
9.00325108242e-01
8.99080063638e-01
9.01191353164e-01
8.98969791885e-01
8.99987838239e-01
8.98431207575e-01
8.99765346855e-01
8.99355439431e-01
9.01946379155e-01
9.00374540228e-01
8.99491953895e-01
9.00477489434e-01
8.99249887197e-01
8.99865438432e-01
8.99939098320e-01
9.00997179501e-01
8.99686132947e-01
9.00556969584e-01
8.98718291631e-01
8.98519341719e-01
9.00666655063e-01
8.99918537424e-01
9.00223974180e-01
8.98743783812e-01
8.99971252484e-01
8.99292079227e-01
8.99747939981e-01
8.99658183416e-01
8.98857076633e-01
8.99927646367e-01
8.99878030736e-01
9.01551566265e-01
9.00116151482e-01
8.99397764735e-01
8.98905536523e-01
8.99431043198e-01
9.00617376626e-01
8.99667238125e-01
8.99001253092e-01
8.98068505344e-01
8.98573432701e-01
9.00019781205e-01
9.00592370081e-01
9.01161065109e-01
8.98202599025e-01
8.99928956122e-01
8.99656823790e-01
9.01204922067e-01
8.99771628177e-01