-6.04471186951e+00
-6.06290792009e+00
-6.05433411523e+00
-6.09624176780e+00
-6.05550996259e+00
-6.07163628945e+00
-6.04307279689e+00
-6.04150860547e+00
-6.07216663637e+00
-6.09662975309e+00
-6.10012228881e+00
-6.08996257470e+00
-6.04312197394e+00
-6.07369636496e+00
-6.08151220180e+00
-6.10212785682e+00
-6.08212943242e+00
-6.09757786445e+00
-6.07787468163e+00
-6.09978098317e+00
-6.07465317081e+00
-6.07441050137e+00
-6.06026120815e+00
-6.07278862705e+00
-6.07908809067e+00
-6.07626234145e+00
-6.08821538784e+00
-6.08021397721e+00
-6.06348868595e+00
-6.07894474535e+00
-6.11488664406e+00
-6.09660588271e+00
-6.07308483270e+00
-6.10019958529e+00
-6.07170321688e+00
-6.09203628759e+00
-6.09621678282e+00
-6.09100189986e+00
-6.07162605654e+00
-6.08514141998e+00
-6.10091071916e+00
-6.07119265271e+00
-6.11663617322e+00
-6.06381923576e+00
-6.05944377875e+00
-6.06151159327e+00
-6.07945049948e+00
-6.08075143486e+00
-6.07506151028e+00
-6.07169904172e+00
-6.06139498245e+00
-6.10200877812e+00
-6.10207007325e+00
-6.08725497675e+00
-6.10045934010e+00
-6.06832667114e+00
-6.06730978595e+00
-6.09821698190e+00
-6.10485879437e+00
-6.09266057827e+00
-6.08640314975e+00
-6.04142824689e+00
-6.13614774451e+00
-6.07790179080e+00
-6.08853177070e+00
-6.06292596303e+00
-6.06456600834e+00
-6.08612993537e+00
-6.07241808611e+00
-6.10009176806e+00
-6.09512457569e+00
-6.11851388805e+00
-6.08618897731e+00
-6.05904837827e+00
-6.09289385558e+00
-6.07269580376e+00
-6.05721631301e+00
-6.06324942420e+00
-6.10248262762e+00
-6.10076480105e+00
-6.05647818415e+00
-6.06498308883e+00
-6.06455528590e+00
-6.05766173024e+00
-6.09886033442e+00
-6.08749564301e+00
-6.02778760684e+00
-6.05871199785e+00
-6.09648484779e+00
-6.06126630735e+00
-6.07264527475e+00
-6.09715743982e+00
-6.08872293505e+00
-6.08779153483e+00
-6.04541659036e+00
-6.07084909232e+00
-6.08752145674e+00
-6.07788696303e+00
-6.08912671023e+00
-6.06040862583e+00
-6.09370778306e+00
-6.08163381919e+00
-6.05150985046e+00
-6.08064367901e+00
-6.06854255741e+00
-6.05355951765e+00
-6.10456806038e+00
-6.07653745451e+00
-6.07851252834e+00
-6.08215589712e+00
-6.05961477575e+00
-6.08783542460e+00
-6.07756259047e+00
-6.08382761757e+00
-6.06813196273e+00
-6.09634537499e+00
-6.06894980028e+00
-6.03970299395e+00
-6.10223750391e+00
-6.09462406752e+00
-6.04764959267e+00
-6.05672968473e+00
-6.11051803912e+00
-6.05534574543e+00
-6.05005482423e+00
-6.09424990976e+00
-6.08983481514e+00
-6.02572658059e+00
-6.06500317828e+00
-6.08808437502e+00
-6.06499122623e+00
-6.06530518262e+00
-6.02774946010e+00
-6.06851681126e+00
-6.03813450577e+00
-6.10178089280e+00
-6.05940881175e+00
-6.06635564196e+00
-6.03118655982e+00
-6.05894645798e+00
-6.04315388625e+00
-6.08500752169e+00
-6.06887093753e+00
-6.05848909899e+00
-6.03589008094e+00
-6.06736501300e+00
-6.06532329287e+00
-6.09316905276e+00
-6.06153698991e+00
-6.10035437133e+00
-6.05325792195e+00
-6.04852960411e+00
-6.12720747346e+00
-6.09630450987e+00
-6.07955274229e+00
-6.09453103365e+00
-6.09492164209e+00
-6.10975733024e+00
-6.09278603583e+00
-6.05384482371e+00
-6.10302571609e+00
-6.06813085938e+00
-6.08167275694e+00
-6.07231607578e+00
-6.06925600841e+00
-6.06949020125e+00
-6.08389271947e+00
-6.07176685360e+00
-6.05229776866e+00
-6.11011609712e+00
-6.06149414924e+00
-6.09140669952e+00
-6.05540343170e+00
-6.08769312216e+00
-6.06422715945e+00
-6.07253610316e+00
-6.08045871325e+00
-6.08765536417e+00
-6.10279082575e+00
-6.11012427924e+00
-6.10739726951e+00
-6.04054002122e+00
-6.11869882277e+00
-6.10181892525e+00
-6.09622719627e+00
-6.06389819837e+00
-6.06197179566e+00
-6.05716891042e+00
-6.07732561839e+00
-6.06704612478e+00
-6.04751154034e+00
-6.07309774139e+00
-6.08345254812e+00
-6.07461642281e+00
-6.07063023768e+00
-6.10378798924e+00
-6.06526654493e+00
-6.07950020664e+00
-6.08421407469e+00
-6.08730044020e+00
-6.07735869192e+00
-6.07173823598e+00
-6.08641839490e+00
-6.07837829305e+00
-6.06070253921e+00
-6.03538197643e+00
-6.05178196259e+00
-6.08803891202e+00
-6.07463306217e+00
-6.04338043092e+00
-6.09550800350e+00
-6.10314989687e+00
-6.07926094735e+00
-6.08840668526e+00
-6.03679047731e+00
-6.07890160690e+00
-6.05375544909e+00
-6.07204976379e+00
-6.05885271821e+00
-6.07509165951e+00
-6.05558349990e+00
-6.07248663443e+00
-6.07942645501e+00
-6.07365965813e+00
-6.06302792042e+00
-6.06163633371e+00
-6.07217384877e+00
-6.08865098255e+00
-6.08814955820e+00
-6.10308163952e+00
-6.05836087081e+00
-6.08842840872e+00
-6.07257262409e+00
-6.10056650261e+00
-6.05072379182e+00
-6.06694042756e+00
-6.08060668961e+00
-6.11455499874e+00
-6.07789000972e+00
-6.07751734273e+00
-6.12778850186e+00
-6.08192098191e+00
-6.07542039494e+00
-6.07494652060e+00
-6.08266721884e+00
-6.09254765717e+00
-6.07969323087e+00
-6.07448661060e+00
-6.09866734527e+00
-6.14110537494e+00
-6.09134936428e+00
-6.07851397999e+00
-6.06739082135e+00
-6.06112436253e+00
-6.07380285232e+00
-6.05206104538e+00
-6.03103645127e+00
-6.06322544010e+00
-6.06758734800e+00
-6.07563087415e+00
-6.04918016599e+00
-6.07671171708e+00
-6.11008533002e+00
-6.07271123982e+00
-6.10853191532e+00
-6.05380080590e+00
-6.09677131090e+00
-6.06149482691e+00
-6.06732502946e+00
-6.07826345860e+00
-6.09127344647e+00
-6.08810208972e+00
-6.06941925163e+00
-6.06897003034e+00
-6.04761219026e+00
-6.08852872045e+00
-6.09872804605e+00
-6.09919689444e+00
-6.03336085206e+00
-6.07269610840e+00
-6.07542467852e+00
-6.07812770013e+00
-6.10597674148e+00
-6.09835772493e+00
-6.08109803103e+00
-6.08110073727e+00
-6.09264675048e+00
-6.07961788156e+00
-6.08708010998e+00
-6.09417183578e+00
-6.08298962851e+00
-6.03450895137e+00
-6.11832177533e+00
-6.09601053142e+00
-6.07153809986e+00
-6.06011717311e+00
-6.07079528395e+00
-6.08605188766e+00
-6.07638783706e+00
-6.07618227008e+00
-6.09308800022e+00
-6.08157975464e+00
-6.05015356200e+00
-6.05183025666e+00
-6.05379964819e+00
-6.07603223312e+00
-6.07774356599e+00
-6.06321567583e+00
-6.09183032929e+00
-6.04342408079e+00
-6.06301263756e+00
-6.07592008773e+00
-6.12316069194e+00
-6.05035617318e+00
-6.06441068845e+00
-6.05533835932e+00
-6.10444481703e+00
-6.05367380785e+00
-6.09571976429e+00
-6.08008163406e+00
-6.03982228747e+00
-6.09931960934e+00
-6.07652921060e+00
-6.03147631922e+00
-6.10133535789e+00
-6.07655393317e+00
-6.06910359869e+00
-6.05439442088e+00
-6.05889962229e+00
-6.10387976588e+00
-6.07885892293e+00
-6.07531664552e+00
-6.09866392751e+00
-6.08844554005e+00
-6.03434324645e+00
-6.07524382872e+00
-6.02719216436e+00
-6.07333635472e+00
-6.03530707460e+00
-6.08632706551e+00
-6.04810200376e+00
-6.04596593528e+00
-6.06564425996e+00
-6.04825072370e+00
-6.08300275659e+00
-6.05138382166e+00
-6.07742834737e+00
-6.12940302863e+00
-6.10422818747e+00
-6.10384005775e+00
-6.06969470345e+00
-6.06888786724e+00
-6.05000119656e+00
-6.07454968557e+00
-6.04383008978e+00
-6.07454938053e+00
-6.04581321615e+00
-6.04854405690e+00
-6.13890484651e+00
-6.08946461400e+00
-6.07026407181e+00
-6.06517738346e+00
-6.06655928751e+00
-6.07957759468e+00
-6.09171998822e+00
-6.05561189609e+00
-6.07328118599e+00
-6.05133955556e+00
-6.07262585964e+00
-6.09180923685e+00
-6.07636302087e+00
-6.09411992132e+00
-6.06934608152e+00
-6.07225937791e+00
-6.08696502490e+00
-6.06272381125e+00
-6.07257357579e+00
-6.08362557617e+00
-6.07054753922e+00
-6.10419512867e+00
-6.10801220569e+00
-6.05983943755e+00
-6.07422880511e+00
-6.10280833481e+00
-6.05874024768e+00
-6.06648416056e+00
-6.06648212491e+00
-6.07356701950e+00
-6.08615259298e+00
-6.09247048995e+00
-6.08292826741e+00
-6.08831354533e+00
-6.07262875201e+00
-6.08588822068e+00
-6.07974573812e+00
-6.05456433781e+00
-6.08991566745e+00
-6.08770647850e+00
-6.04710331960e+00
-6.04870498532e+00
-6.09080261230e+00
-6.07469516075e+00
-6.06348760758e+00
-6.04066307448e+00
-6.09250698021e+00
-6.09056649734e+00
-6.08541062383e+00
-6.03884284629e+00
-6.09390690332e+00
-6.07175929833e+00
-6.07742548785e+00
-6.02882937104e+00
-6.02042672923e+00
-6.10268950311e+00
-6.08763171633e+00
-6.09292746528e+00
-6.06606256208e+00
-6.06344410074e+00
-6.09766286726e+00
-6.05173882595e+00
-6.08687015024e+00
-6.08321567021e+00
-6.06834624784e+00
-6.08130685530e+00
-6.10311241568e+00
-6.08422201528e+00
-6.11520772073e+00
-6.08823046877e+00
-6.06222026752e+00
-6.11512622608e+00
-6.07242736221e+00
-6.11443984177e+00
-6.04422090668e+00
-6.09255683312e+00
-6.07099111362e+00
-6.06776361075e+00
-6.11405162245e+00
-6.04055980056e+00
-6.05095393668e+00
-6.05233939561e+00
-6.05991102065e+00
-6.08755999300e+00
-6.07084671212e+00
-6.04222234935e+00
-6.05894967267e+00
-6.08719857607e+00
-6.08292739792e+00
-6.07665587692e+00
-6.08854470600e+00
-6.07373459823e+00
-6.07442841836e+00
-6.05838863758e+00
-6.08515309329e+00
-6.06793553584e+00
-6.06890496213e+00
-6.05253650316e+00
-6.08276601089e+00
-6.07899172469e+00
-6.08676368283e+00
-6.06541706491e+00
-6.13519214157e+00
-6.09760193870e+00
-6.06172013834e+00
-6.10665270495e+00
-6.05906670599e+00
-6.06928306114e+00
-6.09562139060e+00
-6.07557486734e+00
-6.07006849982e+00
-6.06819144094e+00
-6.05998919061e+00
-6.09011980912e+00
-6.10036454568e+00
-6.06264490141e+00
-6.05864730053e+00
-6.05122111544e+00
-6.09192562705e+00
-6.06605002552e+00
-6.08966201074e+00
-6.09764927903e+00
-6.05002401151e+00
-6.08119237284e+00
-6.08834806667e+00
-6.11790451741e+00
-6.07672179423e+00
-6.04933876704e+00
-6.07818168890e+00
-6.10338658795e+00
-6.08378215056e+00
-6.07308823004e+00
-6.07972527239e+00
-6.03944272441e+00
-6.05513269455e+00
-6.11474625890e+00
-6.07397810841e+00
-6.09578514624e+00
-6.10502214667e+00
-6.07744217518e+00
-6.04736551979e+00
-6.06686062405e+00
-6.07586475703e+00