-6.95452472648e+00
-7.02831528530e+00
-6.87109606999e+00
-7.51163797520e+00
-7.01979299502e+00
-6.90911760394e+00
-7.05330865086e+00
-7.33428218562e+00
-7.07580993701e+00
-7.42332501488e+00
-7.15803651495e+00
-7.01646632476e+00
-7.15248968644e+00
-7.03013265865e+00
-7.04100174158e+00
-7.31180990537e+00
-7.22150258005e+00
-7.06897460336e+00
-6.93997510813e+00
-6.78335696432e+00
-6.89200983435e+00
-7.19545290133e+00
-7.18003596877e+00
-7.25818652229e+00
-7.38022298341e+00
-7.00780482217e+00
-7.00888098205e+00
-6.99080065771e+00
-6.95298204877e+00
-7.11780082461e+00
-7.03146726525e+00
-7.10617017347e+00
-7.29123533910e+00
-7.01494531081e+00
-7.17169213528e+00
-7.12175826103e+00
-7.13166797057e+00
-7.33196061969e+00
-6.95041031949e+00
-6.97715908249e+00
-7.27155518348e+00
-7.16512405954e+00
-6.87594047982e+00
-7.19207491940e+00
-6.94498046608e+00
-6.81867314526e+00
-7.30970877370e+00
-7.33282828596e+00
-7.22218109860e+00
-6.92610496131e+00
-7.28455027451e+00
-7.15714340218e+00
-7.12296883578e+00
-7.28977935780e+00
-7.55270702145e+00
-6.98575643429e+00
-6.93110728381e+00
-7.10844688402e+00
-7.01189587862e+00
-7.26915644381e+00
-6.89545335389e+00
-7.26641527166e+00
-7.18359832231e+00
-7.10879181705e+00
-7.07890821299e+00
-6.90697143710e+00
-7.21000141517e+00
-7.11146782246e+00
-6.79237916819e+00
-7.11281251380e+00
-7.16831281008e+00
-7.36022578158e+00
-7.06154263194e+00
-7.37455257486e+00
-7.22987569392e+00
-7.19097283103e+00
-6.96364070589e+00
-7.43092132406e+00
-7.10050061605e+00
-7.17022902861e+00
-7.47150082353e+00
-7.02071595553e+00
-6.89698731708e+00
-7.23659779926e+00
-7.06223611293e+00
-7.20254594498e+00
-7.21618337505e+00
-7.24493295199e+00
-7.14840241184e+00
-7.33621028891e+00
-6.84645449702e+00
-6.74033709516e+00
-7.01592665504e+00
-7.17082483624e+00
-7.23378442967e+00
-7.21285595536e+00
-7.23077297796e+00
-7.37383352728e+00
-7.33809114573e+00
-7.16405638887e+00
-6.95827044613e+00
-7.08251238755e+00
-6.88593244882e+00
-7.05942576880e+00
-7.28096218495e+00
-7.22577565162e+00
-7.29192269166e+00
-7.13393640680e+00
-7.21664512100e+00
-7.64013890913e+00
-6.79879189643e+00
-7.29837035673e+00
-7.00378519122e+00
-7.12271925063e+00
-6.97684818534e+00
-7.09091208480e+00
-7.45291904744e+00
-7.24345900744e+00
-7.45857224106e+00
-7.13031323981e+00
-7.28267439160e+00
-6.89742950335e+00
-7.02137194271e+00
-7.30558712645e+00
-6.95194225131e+00
-6.97517212784e+00
-7.02538214828e+00
-7.15064451947e+00
-7.08052272680e+00
-7.02949623767e+00
-7.01983602351e+00
-7.16797969627e+00
-7.17491047395e+00
-7.07154026559e+00
-7.06190881377e+00
-6.56306253534e+00
-7.16660457800e+00
-6.90702574346e+00
-7.41517003715e+00
-7.20291755576e+00
-6.86239353244e+00
-7.27186332288e+00
-7.11760806535e+00
-7.35626593741e+00
-7.40590085308e+00
-7.12479446810e+00
-6.84595765029e+00
-7.01079223083e+00
-7.00192401193e+00
-7.22667155371e+00
-6.85410986733e+00
-6.87828645725e+00
-6.98137552104e+00
-6.90098281491e+00
-7.26929539134e+00
-7.17957497724e+00
-7.05570338092e+00
-7.26858748070e+00
-7.03405780777e+00
-7.06486261234e+00
-7.34066123898e+00
-6.93708772353e+00
-7.10938342496e+00
-7.16152365077e+00
-7.36834118145e+00
-6.99816245357e+00
-7.00348418731e+00
-7.06825408917e+00
-6.81999996009e+00
-7.18413165363e+00
-7.27838129672e+00
-6.68887281957e+00
-7.51837042972e+00
-7.43090593749e+00
-7.24714931555e+00
-7.31646534342e+00
-7.43750104172e+00
-6.91413497473e+00
-7.67611350962e+00
-7.17827170384e+00
-7.13916235014e+00
-6.82191034105e+00
-7.06637735397e+00
-7.02832161916e+00
-7.40075151139e+00
-7.41336562238e+00
-6.78816778739e+00
-7.12831448290e+00
-7.12942686276e+00
-7.26545470321e+00
-6.97597201168e+00
-6.93328733826e+00
-7.37404452910e+00
-6.78186225840e+00
-7.38428415512e+00
-6.95572256479e+00
-7.03512110188e+00
-7.17002348560e+00
-6.96236585469e+00
-7.06111057969e+00
-6.96469258497e+00
-7.07105490497e+00
-7.03913629271e+00
-7.11800731422e+00
-6.87349055219e+00
-7.30455703635e+00
-7.13204114571e+00
-6.87282208123e+00
-7.27097024566e+00
-7.09581110777e+00
-7.50478393655e+00
-7.02710026717e+00
-6.75179525770e+00
-7.27989308404e+00
-7.26117453191e+00
-7.23396448999e+00
-7.38497364592e+00
-7.06773637828e+00
-7.19366639952e+00
-7.13157166041e+00
-7.01807151791e+00
-7.53314443140e+00
-6.84671137461e+00
-6.72155548644e+00
-7.05029487248e+00
-7.26165883544e+00
-7.10849281649e+00
-6.98762807794e+00
-7.32101820728e+00
-6.85579728587e+00
-7.03137507724e+00
-7.15942142701e+00
-7.15817056198e+00
-7.35106000462e+00
-7.18957840002e+00
-6.96454310728e+00
-7.01615752291e+00
-7.26470213208e+00
-6.99353049819e+00
-7.19197891889e+00
-7.04579745055e+00
-7.07896000841e+00
-7.15464528778e+00
-7.01546668457e+00
-7.22484207554e+00
-7.20654551734e+00
-7.23671953250e+00
-7.06517638443e+00
-7.28931074140e+00
-6.99996393610e+00
-7.17197256602e+00
-7.25140613614e+00
-6.92288602385e+00
-7.26041516373e+00
-7.27216414711e+00
-7.27206716464e+00
-7.36096546786e+00
-7.36917013425e+00
-6.91871860142e+00
-7.07711836571e+00
-7.22403927817e+00
-6.90981763709e+00
-7.11006227170e+00
-7.03395051011e+00
-6.95998127505e+00
-7.14344756499e+00
-7.02468136168e+00
-7.11943992273e+00
-7.04378936229e+00
-7.19782807618e+00
-7.25137849672e+00
-7.13306266063e+00
-7.38962894375e+00
-7.00043707289e+00
-7.11058644721e+00
-7.05014157853e+00
-7.32123964675e+00
-7.16226958868e+00
-7.37263919480e+00
-7.01261748001e+00
-7.08398460256e+00
-7.28009967930e+00
-6.96057370193e+00
-6.97880549357e+00
-7.32975074633e+00
-7.28520969841e+00
-6.93748232281e+00
-7.12349539927e+00
-7.15488758947e+00
-6.63811390704e+00
-6.86379153145e+00
-7.12991575147e+00
-6.71331414449e+00
-7.09689806603e+00
-6.93958502638e+00
-7.21446179859e+00
-6.81981910193e+00
-7.30509718995e+00
-7.19454160885e+00
-7.18894525911e+00
-7.36416895828e+00
-7.01896039830e+00
-7.08808359420e+00
-7.00437585705e+00
-7.13323145154e+00
-7.08239509376e+00
-7.30621942683e+00
-7.18548989733e+00
-7.08141607536e+00
-7.15343238697e+00
-6.97677993808e+00
-7.02029397342e+00
-6.96609012997e+00
-7.06796181239e+00
-6.87667798832e+00
-7.36499434914e+00
-7.31852785450e+00
-7.14930781823e+00
-6.94808967370e+00
-6.87920419507e+00
-7.08745613499e+00
-7.36724501432e+00
-7.25106390167e+00
-6.99119083158e+00
-7.23071917887e+00
-7.03581466315e+00
-7.18425371962e+00
-7.14383024856e+00
-7.02998727640e+00
-7.19237816096e+00
-7.19946324897e+00
-7.13560597401e+00
-7.26342660841e+00
-7.16516830924e+00
-7.00065831855e+00
-6.85414435093e+00
-7.26624973833e+00
-6.79450638530e+00
-6.95263282661e+00
-7.46726543417e+00
-7.28372342696e+00
-7.07850037484e+00
-7.24494322740e+00
-7.19685997609e+00
-7.35335761432e+00
-7.62845789718e+00
-7.37914446799e+00
-7.17397276638e+00
-7.11448543365e+00
-7.05744183920e+00
-7.27106838093e+00
-7.26819186354e+00
-7.55751386629e+00
-7.26472317196e+00
-6.83448018220e+00
-6.63651193108e+00
-7.04338080304e+00
-6.98602838347e+00
-7.18140374716e+00
-7.07258886957e+00
-6.65770071217e+00
-7.09290449329e+00
-7.07673523578e+00
-6.75304888286e+00
-7.26802156493e+00
-7.36953686048e+00
-6.89893443250e+00
-7.39993693931e+00
-6.82112178606e+00
-7.06260108176e+00
-6.88243514591e+00
-7.29036179133e+00
-6.80696554773e+00
-7.09824567697e+00
-7.20861826518e+00
-6.62899112961e+00
-7.46213853610e+00
-6.68002590756e+00
-7.18026321545e+00
-6.54638249077e+00
-7.15511946461e+00
-7.08504974917e+00
-6.47297287898e+00
-7.04103844031e+00
-6.96658120163e+00
-7.30133059570e+00
-7.26106959409e+00
-7.05778682140e+00
-7.23564880707e+00
-7.29076682275e+00
-6.91767969728e+00
-6.94646828361e+00
-7.17909958330e+00
-7.03472159409e+00
-7.15608241612e+00
-7.01053967486e+00
-6.59910677748e+00
-7.04729048825e+00
-7.10996397995e+00
-7.34894128193e+00
-7.09588791778e+00
-7.54387453479e+00
-6.70429412014e+00
-6.84347080494e+00
-7.02061072775e+00
-7.09807074137e+00
-7.40876558582e+00
-7.08898884579e+00
-6.94986071474e+00
-6.78327906134e+00
-7.08637297704e+00
-6.98044158899e+00
-7.27612164027e+00
-6.85908816211e+00
-7.18581895480e+00
-7.05295658353e+00
-7.34142024700e+00
-6.82812946954e+00
-7.33457841654e+00
-6.91765083814e+00
-7.23104998134e+00
-7.09451440075e+00
-7.32714598959e+00
-6.72459726131e+00
-7.19747639764e+00
-7.08095439297e+00
-7.19145917183e+00
-7.32679665487e+00
-7.13340719005e+00
-7.06375711987e+00
-7.34393235818e+00
-7.15828994334e+00
-7.00022433076e+00
-7.01179421651e+00
-7.17623284783e+00
-7.40475700097e+00
-7.01607889552e+00
-7.40999204480e+00
-7.40407838141e+00
-7.47652767022e+00
-6.75609540046e+00
-7.12881527271e+00
-7.22673611370e+00
-7.10533710185e+00
-7.02397271797e+00
-7.10248415878e+00
-7.14497952686e+00
-7.42732767277e+00
-7.30942632277e+00
-7.03336101363e+00
-7.13250911834e+00
-7.04393088897e+00
-7.33912171576e+00
-7.11146529018e+00
-7.22785440506e+00
-7.16715686882e+00
-7.23222953593e+00
-7.45313795161e+00
-7.46529164683e+00
-6.93925767829e+00
-7.28585229223e+00
-7.69264529867e+00
-7.71475689105e+00
-7.02840319410e+00
-7.02775457109e+00
-6.81017698779e+00
-7.44933796435e+00
-7.30547603509e+00
-7.36389668986e+00
-7.10559143100e+00
-7.40425558641e+00
-6.93752534050e+00
-7.16368139351e+00
-7.15889309910e+00
-7.15173121155e+00
-7.34840956549e+00
-6.94819647559e+00
-7.28126501620e+00
-7.22771196159e+00
-7.34124218313e+00
-7.44891756831e+00
-7.03710760137e+00
-7.25086491823e+00
-7.64772536865e+00
-6.80549457758e+00
-6.93449835046e+00
-7.22865251429e+00
-6.93508934943e+00
-7.29572818480e+00
-6.94232373297e+00
-7.17986782144e+00
-6.80315278289e+00
-7.09413911822e+00
-7.27025781500e+00
-7.32995712154e+00
-6.93373778945e+00
-7.28909116532e+00
-7.46132107970e+00
-7.17890017375e+00
-7.07819082246e+00
-7.11982976813e+00