1.14271131383e+00
1.14224747448e+00
1.14261473144e+00
1.14253359607e+00
1.14263445944e+00
1.14250024098e+00
1.14244970389e+00
1.14261512612e+00
1.14265889194e+00
1.14270938520e+00
1.14281647094e+00
1.14265158338e+00
1.14254301323e+00
1.14272227175e+00
1.14233792885e+00
1.14233594653e+00
1.14239908630e+00
1.14244076118e+00
1.14270708831e+00
1.14279228471e+00
1.14266983645e+00
1.14266825724e+00
1.14266624665e+00
1.14240468626e+00
1.14265143062e+00
1.14244918268e+00
1.14260838233e+00
1.14274783946e+00
1.14253693951e+00
1.14259791389e+00
1.14272128916e+00
1.14261653105e+00
1.14266557733e+00
1.14246602462e+00
1.14258845529e+00
1.14242006609e+00
1.14269642985e+00
1.14246404958e+00
1.14250492937e+00
1.14238727945e+00
1.14251733437e+00
1.14245907687e+00
1.14252710469e+00
1.14265493807e+00
1.14254896463e+00
1.14260855238e+00
1.14258411425e+00
1.14261371686e+00
1.14253874671e+00
1.14262303544e+00
1.14259757472e+00
1.14285205950e+00
1.14234477752e+00
1.14256944125e+00
1.14258895982e+00
1.14254052391e+00
1.14272872376e+00
1.14271830005e+00
1.14259277909e+00
1.14254548909e+00
1.14260384240e+00
1.14248471886e+00
1.14257781049e+00
1.14270250139e+00
1.14276075798e+00
1.14236985979e+00
1.14252417196e+00
1.14271284402e+00
1.14265442093e+00
1.14257159593e+00
1.14252996900e+00
1.14260861109e+00
1.14269085412e+00
1.14255075962e+00
1.14252783864e+00
1.14261077233e+00
1.14251779761e+00
1.14280660731e+00
1.14266976865e+00
1.14241603129e+00
1.14265707101e+00
1.14252913389e+00
1.14244101686e+00
1.14248722338e+00
1.14242230521e+00
1.14246068261e+00
1.14257463267e+00
1.14280778191e+00
1.14259007941e+00
1.14255147229e+00
1.14257000669e+00
1.14248470369e+00
1.14270203300e+00
1.14275385664e+00
1.14247302304e+00
1.14245716273e+00
1.14253657372e+00
1.14267254128e+00
1.14267340340e+00
1.14284252021e+00
1.14256060060e+00
1.14280772084e+00
1.14260167169e+00
1.14250940993e+00
1.14260824697e+00
1.14246490749e+00
1.14267151652e+00
1.14228832191e+00
1.14245078228e+00
1.14240234577e+00
1.14253895957e+00
1.14250823356e+00
1.14260787259e+00
1.14253386963e+00
1.14257112563e+00
1.14281443211e+00
1.14246969797e+00
1.14271229544e+00
1.14246845908e+00
1.14233694324e+00
1.14234587970e+00
1.14230515248e+00
1.14251196540e+00
1.14263330089e+00
1.14236971216e+00
1.14295442352e+00
1.14263883609e+00
1.14267609797e+00
1.14252890344e+00
1.14246046799e+00
1.14262630566e+00
1.14267177046e+00
1.14246013955e+00
1.14237342856e+00
1.14257598712e+00
1.14252809990e+00
1.14256504435e+00
1.14261030804e+00
1.14243950932e+00
1.14250668964e+00
1.14266448417e+00
1.14254297459e+00
1.14255015838e+00
1.14258931166e+00
1.14259076653e+00
1.14243925650e+00
1.14261653478e+00
1.14245148773e+00
1.14280653705e+00
1.14253224475e+00
1.14251868480e+00
1.14240885206e+00
1.14267991660e+00
1.14273821716e+00
1.14263352809e+00
1.14252780521e+00
1.14232952229e+00
1.14249557124e+00
1.14269393445e+00
1.14268451079e+00
1.14262020039e+00
1.14267424104e+00
1.14267527400e+00
1.14232941693e+00
1.14250226313e+00
1.14283127716e+00
1.14286657818e+00
1.14276633431e+00
1.14255167302e+00
1.14241453507e+00
1.14270778953e+00
1.14270681435e+00
1.14253836256e+00
1.14274133551e+00
1.14258399566e+00
1.14271788516e+00
1.14261664719e+00
1.14235065073e+00
1.14238677716e+00
1.14269178873e+00
1.14236518515e+00
1.14248237315e+00
1.14276894422e+00
1.14272102444e+00
1.14236656071e+00
1.14269979208e+00
1.14268656374e+00
1.14223929602e+00
1.14270009935e+00
1.14269666307e+00
1.14263316711e+00
1.14258166876e+00
1.14225474281e+00
1.14250860939e+00
1.14275347557e+00
1.14255469980e+00
1.14250517353e+00
1.14261418111e+00
1.14247464119e+00
1.14260516940e+00
1.14263895728e+00
1.14246604856e+00
1.14268148521e+00
1.14226670080e+00
1.14236556706e+00
1.14261708898e+00
1.14250744091e+00
1.14231135855e+00
1.14247588091e+00
1.14277099161e+00
1.14260268290e+00
1.14248994282e+00
1.14255057186e+00
1.14254413498e+00
1.14246580773e+00
1.14241652752e+00
1.14241061006e+00
1.14237829082e+00
1.14237488859e+00
1.14262653634e+00
1.14244323728e+00
1.14265065321e+00
1.14266802414e+00
1.14266070508e+00
1.14278590281e+00
1.14250319470e+00
1.14250078521e+00
1.14244744566e+00
1.14257284268e+00
1.14220019804e+00
1.14227070467e+00
1.14268687977e+00
1.14280698334e+00
1.14236001719e+00
1.14254620917e+00
1.14304067073e+00
1.14258036615e+00
1.14264516646e+00
1.14258378191e+00
1.14268760543e+00
1.14259109160e+00
1.14242398939e+00
1.14260271833e+00
1.14257030339e+00
1.14274163495e+00
1.14277460203e+00
1.14269427388e+00
1.14251521624e+00
1.14255578938e+00
1.14253694410e+00
1.14242254048e+00
1.14254331225e+00
1.14258090016e+00
1.14235555626e+00
1.14293682946e+00
1.14273204086e+00
1.14237123444e+00
1.14269882896e+00
1.14259398712e+00
1.14240663624e+00
1.14288852962e+00
1.14269559235e+00
1.14240263065e+00
1.14262814905e+00
1.14262408214e+00
1.14260428016e+00
1.14237414378e+00
1.14256359777e+00
1.14260521597e+00
1.14248357943e+00
1.14251698916e+00
1.14248079833e+00
1.14256251436e+00
1.14252651379e+00
1.14255626907e+00
1.14233678678e+00
1.14255942345e+00
1.14246011794e+00
1.14254291790e+00
1.14219893737e+00
1.14290090539e+00
1.14278812787e+00
1.14241608937e+00
1.14260125376e+00
1.14260461027e+00
1.14244127521e+00
1.14256088543e+00
1.14266544204e+00
1.14262355821e+00
1.14251881714e+00
1.14264863059e+00
1.14256118328e+00
1.14257781636e+00
1.14248404578e+00
1.14272365674e+00
1.14277401916e+00
1.14250025468e+00
1.14278314802e+00
1.14263940140e+00
1.14264300861e+00
1.14253196583e+00
1.14243907622e+00
1.14280988978e+00
1.14260033472e+00
1.14278426306e+00
1.14278784831e+00
1.14291131357e+00
1.14254141216e+00
1.14250516149e+00
1.14266403947e+00
1.14252938049e+00
1.14243566741e+00
1.14257765718e+00
1.14244055296e+00
1.14262892272e+00
1.14291062945e+00
1.14250470392e+00
1.14278140340e+00
1.14254487014e+00
1.14250131380e+00
1.14260010197e+00
1.14274006890e+00
1.14267687065e+00
1.14263944850e+00
1.14281033269e+00
1.14266400874e+00
1.14248919883e+00
1.14248478885e+00
1.14236067120e+00
1.14264633462e+00
1.14271024193e+00
1.14258178276e+00
1.14252525878e+00
1.14238503882e+00
1.14247631271e+00
1.14235215134e+00
1.14254231490e+00
1.14226461840e+00
1.14234210550e+00
1.14248335744e+00
1.14255901829e+00
1.14265098050e+00
1.14230880983e+00
1.14269031131e+00
1.14209187285e+00
1.14241976305e+00
1.14254245022e+00
1.14275891103e+00
1.14261985828e+00
1.14264555735e+00
1.14273172275e+00
1.14268376237e+00
1.14277746551e+00
1.14282902645e+00
1.14260921067e+00
1.14262046000e+00
1.14254475366e+00
1.14265483534e+00
1.14248569994e+00
1.14260798308e+00
1.14259943657e+00
1.14265795686e+00
1.14236644238e+00
1.14265839365e+00
1.14265976533e+00
1.14255807020e+00
1.14242337389e+00
1.14253150631e+00
1.14274264226e+00
1.14260276954e+00
1.14259959442e+00
1.14255707792e+00
1.14268668166e+00
1.14242778420e+00
1.14267690199e+00
1.14250956588e+00
1.14260344905e+00
1.14272823518e+00
1.14278836565e+00
1.14250934108e+00
1.14265842649e+00
1.14281121356e+00
1.14252374648e+00
1.14245919937e+00
1.14237945694e+00
1.14271232076e+00
1.14256257498e+00
1.14263139273e+00
1.14259071897e+00
1.14279663144e+00
1.14261774600e+00
1.14260156725e+00
1.14243371628e+00
1.14239918773e+00
1.14257633396e+00
1.14233448853e+00
1.14272591552e+00
1.14265854461e+00
1.14264701113e+00
1.14254214806e+00
1.14254100822e+00
1.14273725771e+00
1.14280241245e+00
1.14262078267e+00
1.14253496853e+00
1.14285292211e+00
1.14241561601e+00
1.14263121235e+00
1.14274243355e+00
1.14269570771e+00
1.14250573395e+00
1.14261930150e+00
1.14276648783e+00
1.14260341736e+00
1.14238675645e+00
1.14236839170e+00
1.14264524182e+00
1.14287577480e+00
1.14285557993e+00
1.14264408970e+00
1.14247939093e+00
1.14275483184e+00
1.14236823257e+00
1.14281626563e+00
1.14272718720e+00
1.14253692264e+00
1.14261247333e+00
1.14261133705e+00
1.14265184936e+00
1.14249011593e+00
1.14276175850e+00
1.14244840373e+00
1.14270500733e+00
1.14255629936e+00
1.14252991887e+00
1.14262861720e+00
1.14260744092e+00
1.14257702431e+00
1.14258508231e+00
1.14277530583e+00
1.14281458577e+00
1.14262445815e+00
1.14274071111e+00
1.14252410835e+00
1.14253384694e+00
1.14285818663e+00
1.14252252391e+00
1.14254138715e+00
1.14271308456e+00
1.14263234483e+00
1.14274147843e+00
1.14269426408e+00
1.14256274382e+00
1.14241815189e+00
1.14263027102e+00
1.14293356370e+00
1.14268850441e+00
1.14238044163e+00
1.14250584667e+00
1.14264405759e+00
1.14286139595e+00
1.14271255538e+00
1.14275427460e+00
1.14264939571e+00
1.14244918265e+00
1.14265984662e+00
1.14273633907e+00
1.14271598550e+00
1.14263507671e+00
1.14255105175e+00
1.14266412076e+00
1.14246733805e+00
1.14242332508e+00
1.14239645050e+00
1.14280130839e+00
1.14250137409e+00
1.14234670105e+00
1.14253239661e+00
1.14248638144e+00
1.14267578090e+00
1.14254398476e+00
1.14241027121e+00
1.14261585609e+00
1.14255324780e+00
1.14266169782e+00
1.14281440028e+00
1.14267427212e+00
1.14240492782e+00
1.14276344791e+00
1.14289149583e+00
1.14242466300e+00
1.14255962056e+00
1.14270117731e+00
1.14237662141e+00
1.14262687644e+00
1.14256814889e+00
1.14254748924e+00
1.14263453001e+00
1.14228415403e+00
1.14246317806e+00
1.14259742677e+00