4.11820692417e+00
4.11463215837e+00
4.11497141326e+00
4.11703991107e+00
4.11605884083e+00
4.11619666323e+00
4.11554463221e+00
4.11704001322e+00
4.11616881169e+00
4.11635920398e+00
4.11729205216e+00
4.11768402764e+00
4.11811511015e+00
4.11797601241e+00
4.11534438701e+00
4.11470140643e+00
4.11464699556e+00
4.11438415512e+00
4.11856671587e+00
4.11844865035e+00
4.11499802420e+00
4.11511904324e+00
4.11707020465e+00
4.11392479909e+00
4.11652638642e+00
4.11337767060e+00
4.11653197416e+00
4.11791890637e+00
4.11442788386e+00
4.11528034883e+00
4.11723882835e+00
4.11777006316e+00
4.11734915726e+00
4.11420265196e+00
4.11697490003e+00
4.11519423636e+00
4.11815861578e+00
4.11397983842e+00
4.11430166932e+00
4.11525807651e+00
4.11474311390e+00
4.11406379170e+00
4.11550833255e+00
4.11658993564e+00
4.11629089585e+00
4.11647710473e+00
4.11577227373e+00
4.11537832782e+00
4.11650903676e+00
4.11530281628e+00
4.11565254443e+00
4.12006521663e+00
4.11168088273e+00
4.11731193189e+00
4.11489697423e+00
4.11584160982e+00
4.11706107273e+00
4.11741414335e+00
4.11734588519e+00
4.11533841403e+00
4.11421848216e+00
4.11698767754e+00
4.11559420197e+00
4.11772600504e+00
4.11582473117e+00
4.11574602271e+00
4.11515494785e+00
4.11864799044e+00
4.11547851992e+00
4.11795273218e+00
4.11467611400e+00
4.11693138715e+00
4.11721235302e+00
4.11530205780e+00
4.11554379030e+00
4.11720621183e+00
4.11654032773e+00
4.11876514948e+00
4.11690382578e+00
4.11447442991e+00
4.11510713494e+00
4.11646917774e+00
4.11280407386e+00
4.11631050680e+00
4.11699743831e+00
4.11704344934e+00
4.11729654680e+00
4.11878327881e+00
4.11517722195e+00
4.11749674020e+00
4.11568617452e+00
4.11484689356e+00
4.11546946375e+00
4.11819900207e+00
4.11521509765e+00
4.11462687290e+00
4.11669547310e+00
4.11718374288e+00
4.11671496957e+00
4.11678994984e+00
4.11741428320e+00
4.11653416602e+00
4.11560486951e+00
4.11596628431e+00
4.11619823236e+00
4.11769266521e+00
4.11858346030e+00
4.11427768967e+00
4.11773690554e+00
4.11295110215e+00
4.11528448995e+00
4.11600912738e+00
4.11677534090e+00
4.11729783173e+00
4.11615113219e+00
4.11978657459e+00
4.11403005629e+00
4.11770147720e+00
4.11683255931e+00
4.11636936014e+00
4.11408053699e+00
4.11463753257e+00
4.11393321124e+00
4.11880715556e+00
4.11429384131e+00
4.11909435805e+00
4.11687088484e+00
4.11864471140e+00
4.11615284022e+00
4.11711688403e+00
4.11475201804e+00
4.12057133755e+00
4.11696374168e+00
4.11565412735e+00
4.11742955621e+00
4.11802513174e+00
4.11766393118e+00
4.11511422382e+00
4.11459478972e+00
4.11349464351e+00
4.11667126276e+00
4.11530948373e+00
4.11506453180e+00
4.11580109495e+00
4.11654013204e+00
4.11475313481e+00
4.11691490189e+00
4.11366242765e+00
4.11878236378e+00
4.11716570967e+00
4.11631093325e+00
4.11560502589e+00
4.11553608516e+00
4.11818219461e+00
4.11679501682e+00
4.11657068524e+00
4.11178738681e+00
4.11613218217e+00
4.11816503816e+00
4.11490962468e+00
4.11514345977e+00
4.11620576393e+00
4.11573850868e+00
4.11467902220e+00
4.11568306311e+00
4.11854596429e+00
4.11799412574e+00
4.11750262893e+00
4.11566497872e+00
4.11417978877e+00
4.11767592494e+00
4.11724925189e+00
4.11606336939e+00
4.11649649975e+00
4.11750485185e+00
4.12012377851e+00
4.11655205825e+00
4.11532517746e+00
4.11426585374e+00
4.11713765038e+00
4.11412454649e+00
4.11539489019e+00
4.11705062593e+00
4.11613352909e+00
4.11387761998e+00
4.11702696640e+00
4.11750971972e+00
4.11298421268e+00
4.11562305754e+00
4.11740818203e+00
4.11747236484e+00
4.11698018054e+00
4.11646608055e+00
4.11439575926e+00
4.11631473904e+00
4.11745515527e+00
4.11602516468e+00
4.11581199975e+00
4.11506213617e+00
4.11553655391e+00
4.11766201515e+00
4.11520528721e+00
4.11793351131e+00
4.11476801055e+00
4.11427370545e+00
4.11600723847e+00
4.11498123780e+00
4.11412810744e+00
4.11455640947e+00
4.11928419248e+00
4.11614119622e+00
4.11739726361e+00
4.11495147920e+00
4.11544809919e+00
4.11663274921e+00
4.11446508055e+00
4.11407189040e+00
4.11753512048e+00
4.11393088502e+00
4.11617049789e+00
4.11461785767e+00
4.11786985751e+00
4.11190444531e+00
4.11599167982e+00
4.11801734241e+00
4.11653992694e+00
4.11367958651e+00
4.11555675329e+00
4.11502224093e+00
4.11239727769e+00
4.11357890719e+00
4.11720387469e+00
4.11909051233e+00
4.11239830927e+00
4.11578805156e+00
4.12262161177e+00
4.11688969039e+00
4.11754224075e+00
4.11459108812e+00
4.11599464809e+00
4.11742607845e+00
4.11228284921e+00
4.11596057517e+00
4.11739011019e+00
4.11674856333e+00
4.11944129734e+00
4.11727165743e+00
4.11538354360e+00
4.11583414989e+00
4.11618362232e+00
4.11439514217e+00
4.11603886981e+00
4.11723358280e+00
4.11498404357e+00
4.11790228728e+00
4.11803273726e+00
4.11471060570e+00
4.11972832656e+00
4.11681052616e+00
4.11433118001e+00
4.11900344132e+00
4.11828321162e+00
4.11464411536e+00
4.11499004536e+00
4.11722666741e+00
4.11656782061e+00
4.11458927462e+00
4.11549672859e+00
4.11826953557e+00
4.11669595568e+00
4.11639080545e+00
4.11358226731e+00
4.11547508654e+00
4.11594483304e+00
4.11694768162e+00
4.11616553852e+00
4.11457772674e+00
4.11663663509e+00
4.11631271072e+00
4.11225439186e+00
4.11944756518e+00
4.11868492863e+00
4.11257872158e+00
4.11670634103e+00
4.11740833782e+00
4.11265315733e+00
4.11590879707e+00
4.11835588018e+00
4.11579679524e+00
4.11270333706e+00
4.11615167812e+00
4.11549841450e+00
4.11505843267e+00
4.11526469371e+00
4.11716886947e+00
4.11880963429e+00
4.11660613635e+00
4.11723752743e+00
4.11597089773e+00
4.11426325248e+00
4.11584150197e+00
4.11554258709e+00
4.11915113879e+00
4.11826498856e+00
4.11900767019e+00
4.11676876992e+00
4.12074764736e+00
4.11324932601e+00
4.11503348726e+00
4.11688084405e+00
4.11475840608e+00
4.11400447933e+00
4.11569491426e+00
4.11653870079e+00
4.11538190706e+00
4.11920735853e+00
4.11604085108e+00
4.11696006896e+00
4.11643154065e+00
4.11566272529e+00
4.11674283247e+00
4.11657217470e+00
4.11600921937e+00
4.11441850962e+00
4.11756188217e+00
4.11681506417e+00
4.11870241970e+00
4.11365333132e+00
4.11590738282e+00
4.11608176184e+00
4.11789415816e+00
4.11724473108e+00
4.11561835691e+00
4.11423573335e+00
4.11680655059e+00
4.11250366116e+00
4.11498041110e+00
4.11474868671e+00
4.11369115864e+00
4.11522177436e+00
4.11710584651e+00
4.11701138395e+00
4.11446575830e+00
4.11608505442e+00
4.11117081838e+00
4.11287234572e+00
4.11587064310e+00
4.11591221638e+00
4.11552078510e+00
4.11510926259e+00
4.11737375301e+00
4.11634212384e+00
4.11790837095e+00
4.11963638011e+00
4.11911205388e+00
4.11679949401e+00
4.11395104629e+00
4.11627049240e+00
4.11570991870e+00
4.11586451484e+00
4.11677877330e+00
4.11654233008e+00
4.11591097572e+00
4.11693341301e+00
4.11606084742e+00
4.11428375984e+00
4.11503878588e+00
4.11468414030e+00
4.11788876522e+00
4.11518228672e+00
4.11808368252e+00
4.11521972348e+00
4.11946420141e+00
4.11617693545e+00
4.11652314916e+00
4.11603335100e+00
4.11651586281e+00
4.11701453775e+00
4.11893753812e+00
4.11484528728e+00
4.11489807009e+00
4.11889057870e+00
4.11713016465e+00
4.11509665393e+00
4.11454168381e+00
4.11849642265e+00
4.11555906354e+00
4.11672984665e+00
4.11559394581e+00
4.11929015113e+00
4.11757118437e+00
4.11643106577e+00
4.11507857445e+00
4.11675407391e+00
4.11617605478e+00
4.11507458617e+00
4.11678303651e+00
4.11625309669e+00
4.11628983939e+00
4.11437619084e+00
4.11479332142e+00
4.11563670640e+00
4.11664065641e+00
4.11426605417e+00
4.11466421631e+00
4.11775406683e+00
4.11717207555e+00
4.11684037243e+00
4.11730949523e+00
4.11589080783e+00
4.11585197800e+00
4.11561235981e+00
4.11876341059e+00
4.11579073077e+00
4.11368024867e+00
4.11532157082e+00
4.11720505082e+00
4.12007097257e+00
4.11763657596e+00
4.11852955943e+00
4.11441061964e+00
4.11807759854e+00
4.11364984931e+00
4.11726813924e+00
4.11747735618e+00
4.11471136284e+00
4.11830679883e+00
4.11604846838e+00
4.11752074285e+00
4.11736575951e+00
4.11693332017e+00
4.11399017985e+00
4.11578056134e+00
4.11821068317e+00
4.11630808694e+00
4.11582101792e+00
4.11918283042e+00
4.11628818973e+00
4.11632443463e+00
4.11848982076e+00
4.11752650618e+00
4.11735710731e+00
4.11811982847e+00
4.11499286416e+00
4.11829085479e+00
4.11666764880e+00
4.11684991443e+00
4.11657701203e+00
4.11806562093e+00
4.11810405231e+00
4.11814027731e+00
4.11735958774e+00
4.11509841594e+00
4.11444812582e+00
4.11541127478e+00
4.11831990978e+00
4.11785873703e+00
4.11428403830e+00
4.11593226898e+00
4.11549360595e+00
4.12034270758e+00
4.11526426196e+00
4.11863966025e+00
4.11606265904e+00
4.11578657522e+00
4.11542443200e+00
4.11806261073e+00
4.11600687535e+00
4.11829886977e+00
4.11655985151e+00
4.11485199557e+00
4.11801111759e+00
4.11709648249e+00
4.11511991077e+00
4.11579894597e+00
4.11553396716e+00
4.11409689717e+00
4.11485990651e+00
4.11574228158e+00
4.11564751680e+00
4.11462202477e+00
4.11209501546e+00
4.11746639668e+00
4.11304906522e+00
4.11569396936e+00
4.11806000637e+00
4.11677815829e+00
4.11443967891e+00
4.11758828639e+00
4.11953096590e+00
4.11553589678e+00
4.11372589513e+00
4.11687085311e+00
4.11315080878e+00
4.11633893092e+00
4.11796836440e+00
4.11706786677e+00
4.11709134763e+00
4.11374864712e+00
4.11736509697e+00
4.11633286355e+00