2.12721278846e+00
2.16759091541e+00
2.20756051712e+00
2.18681548408e+00
2.15625595044e+00
2.17348491368e+00
2.11592048032e+00
2.07054611664e+00
2.12722482760e+00
2.14192012015e+00
2.09839996523e+00
2.21677080012e+00
2.20658218809e+00
2.19668269178e+00
2.17895742564e+00
2.14152706859e+00
2.10942486878e+00
2.11742753370e+00
2.18419744317e+00
2.18164060248e+00
2.19586216086e+00
2.23873901493e+00
2.11662053898e+00
2.18135880358e+00
2.15569420461e+00
2.16120974205e+00
2.11949452747e+00
2.06818086717e+00
2.21546092926e+00
2.20111955657e+00
2.11663238745e+00
2.08984938164e+00
2.06943030679e+00
2.14163091155e+00
2.20475926791e+00
2.10603511152e+00
2.16526456559e+00
2.15295348889e+00
2.11791213343e+00
2.07697824554e+00
2.10026680186e+00
2.16194909207e+00
2.18099560902e+00
2.19543810583e+00
2.19719517621e+00
2.10917093568e+00
2.18681023228e+00
2.06955905406e+00
2.21134708002e+00
2.11933003736e+00
2.15193589730e+00
2.15725279028e+00
2.11653142630e+00
2.08221415449e+00
2.07695507822e+00
2.16060021999e+00
2.13628395517e+00
2.11973877789e+00
2.20591904201e+00
2.11627990650e+00
2.17238085654e+00
2.16237035395e+00
2.12664309116e+00
2.17911645902e+00
2.12937565023e+00
2.19095783425e+00
2.07682865710e+00
2.17830695083e+00
2.21030511266e+00
2.15092388014e+00
2.12244803194e+00
2.04462487498e+00
2.08852004006e+00
2.20047904368e+00
2.07616506378e+00
2.17993903240e+00
2.13392544942e+00
2.18152717523e+00
2.24811906929e+00
2.08679217769e+00
2.16919671113e+00
2.20033825612e+00
2.18619190303e+00
2.09326097981e+00
2.14795092787e+00
2.11806811272e+00
2.16056538550e+00
2.17268506778e+00
2.11956877482e+00
2.10160665668e+00
2.13053341100e+00
2.14458955538e+00
2.20183237821e+00
2.13504688351e+00
2.13483135635e+00
2.17320022893e+00
2.14108791932e+00
2.13114288396e+00
2.17577738076e+00
2.17270114456e+00
2.08726761853e+00
2.15630088194e+00
2.16184165006e+00
2.16933135656e+00
2.09693716592e+00
2.16594225014e+00
2.17993154607e+00
2.20263292982e+00
2.08675806418e+00
2.11513457963e+00
2.05383898959e+00
2.10912093407e+00
2.11339603803e+00
2.13250038872e+00
2.08554849737e+00
2.14197880249e+00
2.13312910208e+00
2.22123558234e+00
2.09031251130e+00
2.21185627225e+00
2.22595248207e+00
2.17641494890e+00
2.13694442160e+00
2.22067212946e+00
2.08669233370e+00
2.17096796478e+00
2.08751370108e+00
2.18430105413e+00
2.17767683033e+00
2.10864299372e+00
2.14251275553e+00
2.12064811944e+00
2.15993485992e+00
2.15019875773e+00
2.11527364372e+00
2.19792110963e+00
2.17771499108e+00
2.09724301451e+00
2.14475007148e+00
1.98895554736e+00
2.15582452834e+00
2.09205652140e+00
2.14390004934e+00
2.09230289978e+00
2.04496150312e+00
2.11323845427e+00
2.19984222887e+00
2.04108891315e+00
2.16408899057e+00
2.21822914028e+00
2.14397166543e+00
2.18146475543e+00
2.12831992575e+00
2.08489162609e+00
2.16321393918e+00
2.17312392939e+00
2.09797211804e+00
2.05365158848e+00
2.13998549005e+00
2.06287283870e+00
2.13398127822e+00
2.16354762814e+00
2.17420670135e+00
2.16924095744e+00
2.06371123553e+00
2.12343328755e+00
2.15433516651e+00
2.11634569866e+00
2.21494750673e+00
2.13623563895e+00
2.14117813536e+00
2.11739346866e+00
2.11602091086e+00
2.16873398896e+00
2.14408564039e+00
2.19291850146e+00
2.15160876584e+00
2.18025854502e+00
2.17742543691e+00
2.09032732267e+00
2.12875836284e+00
2.15904945997e+00
2.12641980061e+00
2.18788284293e+00
2.11347340134e+00
2.15207332178e+00
2.09289065980e+00
2.16378443770e+00
2.12297570027e+00
2.06193185276e+00
2.17784488497e+00
2.17678950388e+00
2.16238889957e+00
2.20078485352e+00
2.04979760125e+00
2.12949155439e+00
2.13781112911e+00
2.13814004725e+00
2.17729407444e+00
2.08042176513e+00
2.08247061821e+00
2.18831617833e+00
2.17623407774e+00
2.10897561399e+00
2.16926790621e+00
2.15678147703e+00
2.19231985898e+00
2.17645630959e+00
2.05171021570e+00
2.15280526573e+00
2.10402291893e+00
2.15536927007e+00
2.20280826282e+00
2.17383632420e+00
2.22890354292e+00
2.19570000961e+00
2.11223603095e+00
2.20860127654e+00
2.17424738640e+00
2.18466011694e+00
2.16937029200e+00
2.10529487668e+00
2.24228759599e+00
2.08737493966e+00
2.09747012556e+00
2.14593393981e+00
2.19323680691e+00
2.06685775766e+00
2.23130425081e+00
2.05586342071e+00
2.17088967626e+00
2.17672122413e+00
2.17748624169e+00
2.13929672804e+00
2.15579060351e+00
2.08229061727e+00
2.14063501485e+00
2.15768021374e+00
2.21881535878e+00
2.09139608703e+00
2.12833283372e+00
2.10689494345e+00
2.14000414059e+00
2.11243489067e+00
2.10113386708e+00
2.11956690117e+00
2.15452461161e+00
2.08230354635e+00
2.13386626782e+00
2.14261940211e+00
2.14747797645e+00
2.22579308848e+00
2.11809161000e+00
2.11842144936e+00
2.04550668149e+00
2.12355308542e+00
2.13470317273e+00
2.13553463166e+00
2.25303905669e+00
2.15734520403e+00
2.18751545747e+00
2.13923874219e+00
2.14714088318e+00
2.13469355509e+00
2.11948506819e+00
2.09498676398e+00
2.15824251908e+00
2.17578117043e+00
2.18114665727e+00
2.19309184614e+00
2.06802591771e+00
2.16093420413e+00
2.07567973468e+00
2.12619654313e+00
2.16043651280e+00
2.03830998866e+00
2.09467808223e+00
2.14079917197e+00
2.13106664664e+00
2.22573412375e+00
2.10987670628e+00
2.16247102334e+00
2.07409823664e+00
2.15522051260e+00
2.09072457970e+00
2.18994521206e+00
2.14497819495e+00
2.12541115337e+00
2.09086211293e+00
2.19672674507e+00
2.16602852523e+00
2.19419459549e+00
2.20242850429e+00
2.17686259428e+00
2.19665274408e+00
2.16218927222e+00
2.15589355684e+00
2.13769350978e+00
2.16523097220e+00
2.18496826726e+00
2.13270203136e+00
2.21254774582e+00
2.16126777435e+00
2.16140643902e+00
2.15624969820e+00
2.12918010225e+00
2.16095878970e+00
2.13060805602e+00
2.25209388683e+00
2.15738177957e+00
2.09962379251e+00
2.21677609015e+00
2.14500318429e+00
2.16857530374e+00
2.13414553840e+00
2.10930478028e+00
2.15406965547e+00
2.11717639687e+00
2.12030122549e+00
2.14035063330e+00
2.10544330544e+00
2.13295696814e+00
2.14117417227e+00
2.12046640674e+00
2.23352073260e+00
2.12463555436e+00
2.17738107842e+00
2.18438679079e+00
2.09787938929e+00
2.07467603335e+00
2.13684651418e+00
2.08481619507e+00
2.21521149799e+00
2.14939726728e+00
2.15143319790e+00
2.13992266240e+00
2.11771820051e+00
2.22642186010e+00
2.12465323837e+00
2.03928930514e+00
2.16327898898e+00
2.11328131061e+00
2.22388695396e+00
2.11119694606e+00
2.08021335133e+00
2.09692996352e+00
2.10653221586e+00
2.12591699938e+00
2.14383786631e+00
2.20429963962e+00
2.14701784328e+00
2.13837824946e+00
2.17671459535e+00
2.14338363611e+00
2.08530795415e+00
2.16688557050e+00
2.13921975731e+00
2.11546147255e+00
2.19249023268e+00
2.08494860807e+00
2.11492607017e+00
2.16985020984e+00
2.14482627300e+00
2.13040974815e+00
2.13204159301e+00
2.17540390163e+00
2.16042193010e+00
2.21340517330e+00
2.13895191580e+00
2.10995079587e+00
2.08604513411e+00
2.24289974491e+00
2.17115478095e+00
2.13582162645e+00
2.06252722265e+00
2.19340293812e+00
2.15099761549e+00
2.15155283217e+00
2.20849359172e+00
2.17238157203e+00
2.23525908830e+00
2.17446717598e+00
2.18120998460e+00
2.11634902898e+00
2.11481301609e+00
2.22683740893e+00
2.13787198339e+00
2.13601164509e+00
2.20201090084e+00
2.20239647037e+00
2.15139609967e+00
2.15617399181e+00
2.13849070935e+00
2.19624583352e+00
2.13877541143e+00
2.15881825158e+00
2.11930471257e+00
2.14634895616e+00
2.20743446857e+00
2.12559212896e+00
2.18126681743e+00
2.08480959228e+00
2.10565730792e+00
2.12113801963e+00
2.10681754154e+00
2.15729486293e+00
2.11374307836e+00
2.11322016382e+00
2.21170754673e+00
2.14918482328e+00
2.17603605430e+00
2.05666815396e+00
2.16456592640e+00
2.19905076054e+00
2.09065012111e+00
2.15518491804e+00
2.13362749892e+00
2.07164919464e+00
2.16053775566e+00
2.17142164060e+00
2.18469062290e+00
2.12907653858e+00
2.11213038428e+00
2.17351327891e+00
2.13539275292e+00
2.16760446779e+00
2.27488201872e+00
2.07970879541e+00
2.10082120361e+00
2.13907579934e+00
2.13875695272e+00
2.10988223101e+00
2.17603543364e+00
2.09926338546e+00
2.12444978256e+00
2.15286798006e+00
2.22685260139e+00
2.10102814787e+00
2.11012164415e+00
2.08360218628e+00
2.12937301137e+00
2.07817147173e+00
2.15889587501e+00
2.20684402845e+00
2.17590698802e+00
2.06958803940e+00
2.09607788281e+00
2.08065115562e+00
2.12555115412e+00
2.18902965690e+00
2.17014377641e+00
2.07265215380e+00
2.10560370276e+00
2.14631194112e+00
2.11733245226e+00
2.22537096248e+00
2.03598550135e+00
2.17226119042e+00
2.06989671872e+00
2.11958051581e+00
2.09261624357e+00
2.06305809242e+00
2.15476378690e+00
2.05176303576e+00
2.18808407177e+00
2.13439180262e+00
2.17601981022e+00
2.19041818422e+00
2.16884735671e+00
2.22261157590e+00
2.18700048088e+00
2.17826143473e+00
2.12124092991e+00
2.16192267014e+00
2.08812846855e+00
2.17194781012e+00
2.14643292096e+00
2.12482298227e+00
2.24738284515e+00
2.17900218560e+00
2.09451670862e+00
2.19059414213e+00
2.08541794311e+00
2.16992498308e+00
2.18302305046e+00
2.21138334911e+00
2.07752033750e+00
2.20072220313e+00
2.14948782574e+00
2.16362011836e+00
2.15325036621e+00
2.18868858076e+00
2.17884544805e+00
2.14574040740e+00
2.20854594534e+00
2.10667907626e+00
2.09164308230e+00
2.13343886606e+00
2.11096581739e+00
2.14354219355e+00
2.14307539712e+00