8.57444932698e+00
8.58253689816e+00
8.55812087503e+00
8.51553407059e+00
8.49670391419e+00
8.65495656782e+00
8.68882345521e+00
8.63525508383e+00
8.84542385638e+00
8.60506503387e+00
8.51355625813e+00
8.66408626950e+00
8.58082966140e+00
8.56783405978e+00
8.57136185304e+00
8.55675039322e+00
8.61410205241e+00
8.52723262068e+00
8.56739741759e+00
8.57496866823e+00
8.59783983015e+00
8.72838287520e+00
8.83312059530e+00
8.48477391092e+00
8.65189675058e+00
8.60274330082e+00
8.58182602771e+00
8.49937902777e+00
8.45216417167e+00
8.73033414226e+00
8.61649684793e+00
8.65071274715e+00
8.67965304651e+00
8.52759150576e+00
8.59908991374e+00
8.56223180442e+00
8.63747746486e+00
8.68804518222e+00
8.52993914861e+00
8.78841759312e+00
8.78529819002e+00
8.59061549395e+00
8.49077812708e+00
8.51802763133e+00
8.78147207809e+00
8.84738129605e+00
8.50385947497e+00
8.75068950405e+00
8.56604161129e+00
8.65740520288e+00
8.43676704602e+00
8.61559048488e+00
8.60963302178e+00
8.75020358205e+00
8.50212168039e+00
8.66909235568e+00
8.64838390140e+00
8.60045016197e+00
8.69417051472e+00
8.59137303123e+00
8.67636155152e+00
8.53326052919e+00
8.44043786792e+00
8.54754154072e+00
8.66170856755e+00
8.62535377966e+00
8.51577747188e+00
8.50687168576e+00
8.62230339433e+00
8.54313944363e+00
8.63539056786e+00
8.66761296164e+00
8.68602494158e+00
8.57080073336e+00
8.75502535123e+00
8.52978662237e+00
8.58518965618e+00
8.44822697981e+00
8.30081632230e+00
8.60346835291e+00
8.42611386197e+00
8.53293158028e+00
8.60541123829e+00
8.61849750493e+00
8.76338411836e+00
8.49216316143e+00
8.46624228752e+00
8.54881744405e+00
8.59944128866e+00
8.61167357647e+00
8.54422211168e+00
8.62876452971e+00
8.78160482847e+00
8.57400721546e+00
8.74848650765e+00
8.65922801490e+00
8.45132885237e+00
8.51434345418e+00
8.71585025344e+00
8.42154241177e+00
8.76900320233e+00
8.55859592236e+00
8.51882653055e+00
8.70390272552e+00
8.51142077011e+00
8.63493930289e+00
8.66897810867e+00
8.52920862468e+00
8.56104804065e+00
8.53995500230e+00
8.82841641787e+00
8.72030237597e+00
8.80463041486e+00
8.73763698891e+00
8.57883523060e+00
8.76778678420e+00
8.44123659092e+00
8.51528709903e+00
8.55641304258e+00
8.65171753679e+00
8.63906115209e+00
8.52983208399e+00
8.75240795468e+00
8.63408772560e+00
8.48391132666e+00
8.53541582615e+00
8.63704805594e+00
8.61849147760e+00
8.59134492941e+00
8.68653612097e+00
8.47355916749e+00
8.70063985200e+00
8.40909165063e+00
8.54820163442e+00
8.68418526203e+00
8.54879130060e+00
8.51696820798e+00
8.56293709377e+00
8.57442434918e+00
8.81451063538e+00
8.51673594230e+00
8.52951841369e+00
8.73034846766e+00
8.52121865439e+00
8.44149966532e+00
8.70774822056e+00
8.56894815303e+00
8.82590714004e+00
8.72538315944e+00
8.50029868102e+00
8.51253899223e+00
8.55901455691e+00
8.68117103500e+00
8.66469712388e+00
8.51893072863e+00
8.59631766395e+00
8.45283591990e+00
8.70202289228e+00
8.67352761303e+00
8.49718547894e+00
8.61708100840e+00
8.69533320372e+00
8.74162949073e+00
8.83593682741e+00
8.59810376876e+00
8.44918657019e+00
8.68542053000e+00
8.69974858935e+00
8.68499290937e+00
8.67358217106e+00
8.62150203972e+00
8.77484832162e+00
8.68901545647e+00
8.83467809096e+00
8.61496462648e+00
8.58631977395e+00
8.59725873047e+00
8.56187329328e+00
8.40931807756e+00
8.45991332931e+00
8.60188683521e+00
8.57173897119e+00
8.50929245026e+00
8.57446432616e+00
8.61829830064e+00
8.50726801800e+00
8.62600163409e+00
8.41154522267e+00
8.55440193041e+00
8.61133199549e+00
8.51488647235e+00
8.51032660879e+00
8.60391654210e+00
8.64213033869e+00
8.55256414448e+00
8.55195917769e+00
8.40292617295e+00
8.71966561794e+00
8.58541215565e+00
8.82970995121e+00
8.65520655231e+00
8.53614632937e+00
8.77898212095e+00
8.57785893578e+00
8.75158980502e+00
8.52319156692e+00
8.57061096084e+00
8.71700476006e+00
8.64769660487e+00
8.57167123140e+00
8.48961609385e+00
8.49563362375e+00
8.48176949042e+00
8.49723495232e+00
8.46258839268e+00
8.54169534629e+00
8.52068956298e+00
8.51798587572e+00
8.47260211676e+00
8.54664109116e+00
8.68908831056e+00
8.70971227526e+00
8.51556700313e+00
8.57203877917e+00
8.73857381549e+00
8.62955190814e+00
8.42412265050e+00
8.79604773400e+00
8.55359756666e+00
8.72143182165e+00
8.53374376436e+00
8.68770098366e+00
8.60697368591e+00
8.66450907240e+00
8.56343932420e+00
8.60164230978e+00
8.60865224131e+00
8.54211922598e+00
8.68721750069e+00
8.51237439366e+00
8.64747631039e+00
8.64787696876e+00
8.50911219968e+00
8.61899330250e+00
8.53017424119e+00
8.46467115910e+00
8.61558414116e+00
8.57848285979e+00
8.47627071981e+00
8.87739237331e+00
8.78739395203e+00
8.52095558893e+00
8.51575441379e+00
8.45819301463e+00
8.59542461401e+00
8.54105624017e+00
8.62732299802e+00
8.39649918495e+00
8.57864801309e+00
8.76412363430e+00
8.65348389178e+00
8.77517709663e+00
8.55871267111e+00
8.58083239849e+00
8.54164471011e+00
8.75474200830e+00
8.52537564766e+00
8.52924412641e+00
8.52391150872e+00
8.38079119862e+00
8.47488889966e+00
8.70405094807e+00
8.60793842037e+00
8.55007867141e+00
8.58068836379e+00
8.73548127183e+00
8.53453467241e+00
8.57490416275e+00
8.68197689848e+00
8.39005390500e+00
8.33758716981e+00
8.62791082937e+00
8.64920183355e+00
8.48587105900e+00
8.54042522873e+00
8.68584741872e+00
8.53106459978e+00
8.60539146951e+00
8.92250577964e+00
8.59735465648e+00
8.55004105490e+00
8.62490786340e+00
8.48300308556e+00
8.62186739202e+00
8.48254120592e+00
8.51173247883e+00
8.67648104634e+00
8.68380743863e+00
8.73227743536e+00
8.73471948353e+00
8.64251236404e+00
8.54239375224e+00
8.61802314450e+00
8.62979473897e+00
8.45051662964e+00
8.62205081259e+00
8.60319852660e+00
8.57749956973e+00
8.65600581972e+00
8.74842884572e+00
8.73896925703e+00
8.49743928691e+00
8.62822048295e+00
8.45415092310e+00
8.51077917683e+00
8.49605548795e+00
8.58514231095e+00
8.66797564287e+00
8.63480454006e+00
8.66513920029e+00
8.63229986187e+00
8.62892228291e+00
8.42822112413e+00
8.62794067566e+00
8.71426107378e+00
8.77607497359e+00
8.67138610646e+00
8.62074754111e+00
8.66210499111e+00
8.74952000040e+00
8.59933904077e+00
8.71450188274e+00
8.41531045324e+00
8.58453003604e+00
8.62116756066e+00
8.40067617945e+00
8.58822236665e+00
8.63649687222e+00
8.35932378062e+00
8.58438116885e+00
8.63400697128e+00
8.73037630639e+00
8.55395385696e+00
8.55184776823e+00
8.78359095292e+00
8.58018689447e+00
8.58791476299e+00
8.60662870023e+00
8.71593324955e+00
8.74929811107e+00
8.50471864446e+00
8.68986608255e+00
8.56478359569e+00
8.70213230520e+00
8.79754476590e+00
8.53881160302e+00
8.67653690527e+00
8.63176710651e+00
8.51848651852e+00
8.68827713501e+00
8.57173538450e+00
8.73376963123e+00
8.51761709198e+00
8.77867842642e+00
8.53725005903e+00
8.69151825619e+00
8.53127793667e+00
8.61633690032e+00
8.52077138743e+00
8.61511389906e+00
8.70653008001e+00
8.48566563283e+00
8.68113704909e+00
8.58290771430e+00
8.71596772432e+00
8.57659117710e+00
8.65842602801e+00
8.56625765474e+00
8.47804038004e+00
8.74976102169e+00
8.45692018809e+00
8.54077526420e+00
8.50447177116e+00
8.49683494354e+00
8.78238071669e+00
8.73450195871e+00
8.49693270091e+00
8.60428349142e+00
8.56348549358e+00
8.55861018968e+00
8.59544219097e+00
8.65425147418e+00
8.49412997154e+00
8.53900126719e+00
8.73516514187e+00
8.48153895322e+00
8.55491217426e+00
8.61976543678e+00
8.41379316900e+00
8.58821103890e+00
8.61105150082e+00
8.53812735676e+00
8.46237881169e+00
8.65014711861e+00
8.57790089553e+00
8.29850930765e+00
8.67872949054e+00
8.70294272360e+00
8.63814253044e+00
8.51780086079e+00
8.50205949691e+00
8.76240695826e+00
8.51420820254e+00
8.55062422957e+00
8.56821683941e+00
8.37525612560e+00
8.47963519300e+00
8.70862239812e+00
8.53449877541e+00
8.60702927500e+00
8.62370250104e+00
8.66368576871e+00
8.66973900996e+00
8.56028500406e+00
8.65173867877e+00
8.56863534402e+00
8.62269352419e+00
8.73275336621e+00
8.51817239583e+00
8.63049807836e+00
8.70354485885e+00
8.78660521425e+00
8.63151657256e+00
8.71359841697e+00
8.67664941730e+00
8.60334690715e+00
8.50234655649e+00
8.61519129079e+00
8.50615376026e+00
8.57392333435e+00
8.58753853664e+00
8.60738526777e+00
8.76391636787e+00
8.41319281350e+00
8.62789674206e+00
8.72733943335e+00
8.43259345494e+00
8.80519775772e+00
8.55071373824e+00
8.69273312133e+00
8.46147446333e+00
8.77895532503e+00
8.48967783885e+00
8.84544895365e+00
8.64699193384e+00
8.59288637704e+00
8.64231634787e+00
8.55585335808e+00
8.82710230429e+00
8.37629060267e+00
8.65360265449e+00
8.67239912848e+00
8.60382413090e+00
8.78923927219e+00
8.49029387193e+00
8.47414858823e+00
8.47917165515e+00
8.46698908091e+00
8.82221922967e+00
8.44227910081e+00
8.52924034497e+00
8.65155686468e+00
8.61946861742e+00
8.72149568779e+00
8.63444748051e+00
8.50826321091e+00
8.78286445395e+00
8.55307627349e+00
8.56476182549e+00
8.42568759369e+00
8.63456125608e+00
8.67340351037e+00
8.71929249201e+00
8.61333384340e+00
8.55751045652e+00
8.52038893142e+00
8.82211002863e+00
8.72420942383e+00
8.59874017144e+00
8.70260724864e+00
8.56766218609e+00
8.66124858683e+00
8.61754581296e+00
8.72987371125e+00
8.63881783358e+00
8.61693529362e+00
8.64440848279e+00
8.71819940163e+00
8.51290154401e+00
8.53954635332e+00
8.60919778930e+00