-7.23616739266e+00
-7.17264999078e+00
-7.11849649336e+00
-7.20418294013e+00
-7.17276437990e+00
-7.25627767977e+00
-7.31210775799e+00
-7.31573756117e+00
-7.44264081555e+00
-7.19168108050e+00
-7.21354033947e+00
-7.25861538611e+00
-7.22680835630e+00
-7.14402615598e+00
-7.21420806642e+00
-7.23963812648e+00
-7.29489986703e+00
-7.13329608212e+00
-7.20420896133e+00
-7.16997536812e+00
-7.18132432939e+00
-7.36385324107e+00
-7.43447046222e+00
-7.18379159340e+00
-7.23620224322e+00
-7.19478356142e+00
-7.20995249315e+00
-7.15929871071e+00
-7.07841764881e+00
-7.41295944822e+00
-7.23821768423e+00
-7.38295454497e+00
-7.32659163986e+00
-7.18944704313e+00
-7.26852189001e+00
-7.11640505720e+00
-7.20709336420e+00
-7.28800904285e+00
-7.19130022702e+00
-7.38371698219e+00
-7.38394401651e+00
-7.19323665113e+00
-7.13557585238e+00
-7.14651085686e+00
-7.42963888506e+00
-7.47340419960e+00
-7.14965046669e+00
-7.35008809054e+00
-7.23624771678e+00
-7.29660859078e+00
-7.01492634200e+00
-7.26852119112e+00
-7.22700680560e+00
-7.37797727104e+00
-7.15896953038e+00
-7.18477623992e+00
-7.17490109776e+00
-7.28820788078e+00
-7.34584153082e+00
-7.25334492048e+00
-7.29086014745e+00
-7.19107393789e+00
-7.18336382291e+00
-7.18338358350e+00
-7.28365439308e+00
-7.17081150199e+00
-7.17260097759e+00
-7.15706259436e+00
-7.28192942930e+00
-7.20578189482e+00
-7.23598877591e+00
-7.36193472163e+00
-7.28147350856e+00
-7.22342270150e+00
-7.36121170506e+00
-7.17039169748e+00
-7.24657364200e+00
-7.14579638017e+00
-6.93355253719e+00
-7.24614048289e+00
-7.04187822026e+00
-7.22327392640e+00
-7.19812096865e+00
-7.15451713849e+00
-7.40251644475e+00
-7.17515813133e+00
-7.06377366311e+00
-7.27297537545e+00
-7.16493151329e+00
-7.28086777641e+00
-7.21722560027e+00
-7.22151127468e+00
-7.40465260818e+00
-7.19067027754e+00
-7.35311955040e+00
-7.34022883053e+00
-7.11263387496e+00
-7.07977142340e+00
-7.41614528688e+00
-7.03405772952e+00
-7.41812725523e+00
-7.15509673998e+00
-7.20752189458e+00
-7.38596042280e+00
-7.14305490803e+00
-7.22022686307e+00
-7.30203225445e+00
-7.13815541535e+00
-7.32003933980e+00
-7.26005973004e+00
-7.40106502454e+00
-7.33108868805e+00
-7.36313988620e+00
-7.32644300216e+00
-7.20180285124e+00
-7.41131089111e+00
-7.07507019538e+00
-7.15009984551e+00
-7.22225615844e+00
-7.26892705658e+00
-7.33586172827e+00
-7.18852103247e+00
-7.43053523815e+00
-7.23081835516e+00
-7.07277126193e+00
-7.20923816868e+00
-7.25824965945e+00
-7.22227512940e+00
-7.25582872654e+00
-7.33338971789e+00
-7.12708311501e+00
-7.23800672229e+00
-7.04192692718e+00
-7.21435011754e+00
-7.22035187257e+00
-7.13151091893e+00
-7.04367735264e+00
-7.17851256496e+00
-7.29661019919e+00
-7.40755517218e+00
-7.20551721923e+00
-7.23534777203e+00
-7.43610493515e+00
-7.17262241301e+00
-7.09535607273e+00
-7.34881181663e+00
-7.14919903675e+00
-7.45560109368e+00
-7.34815117342e+00
-7.06100625727e+00
-7.15594073302e+00
-7.14489053970e+00
-7.33220326455e+00
-7.36267602656e+00
-7.26050877870e+00
-7.29667498979e+00
-7.11168961496e+00
-7.38909928142e+00
-7.28876337871e+00
-7.15019162847e+00
-7.22360639092e+00
-7.40375353680e+00
-7.39389801049e+00
-7.48732189230e+00
-7.25243100239e+00
-7.08368330814e+00
-7.30143547258e+00
-7.22058756285e+00
-7.34977412916e+00
-7.37671988539e+00
-7.23340029415e+00
-7.40840605586e+00
-7.32070437669e+00
-7.39282497606e+00
-7.23605924095e+00
-7.21370058730e+00
-7.22114908577e+00
-7.19430257676e+00
-7.09539160232e+00
-7.14037448507e+00
-7.17969629968e+00
-7.15016196932e+00
-7.23337699258e+00
-7.30555330706e+00
-7.23259171018e+00
-7.21561754244e+00
-7.25453847500e+00
-7.01795785078e+00
-7.23182361918e+00
-7.23857303306e+00
-7.21344992679e+00
-7.16717762126e+00
-7.29084750225e+00
-7.26297607749e+00
-7.17728897926e+00
-7.19129707600e+00
-7.00791619320e+00
-7.25327285171e+00
-7.27696203916e+00
-7.41815623356e+00
-7.31756256632e+00
-7.18654475227e+00
-7.33841068339e+00
-7.19633569541e+00
-7.35999683515e+00
-7.18043871053e+00
-7.17427097303e+00
-7.29032852785e+00
-7.27532250636e+00
-7.18984671455e+00
-7.14490668601e+00
-7.16852568219e+00
-7.15793892352e+00
-7.13473483175e+00
-7.18630527025e+00
-7.21480078241e+00
-7.13767062223e+00
-7.13164712295e+00
-7.16119863215e+00
-7.14234343375e+00
-7.29086215532e+00
-7.39862986595e+00
-7.12541903874e+00
-7.20251314082e+00
-7.38072958490e+00
-7.29659725665e+00
-7.07561338957e+00
-7.40420301795e+00
-7.25212741437e+00
-7.38449967726e+00
-7.16002957431e+00
-7.36059089781e+00
-7.23719141848e+00
-7.33066283889e+00
-7.18917888737e+00
-7.23279721056e+00
-7.25578464631e+00
-7.13858755390e+00
-7.27195238875e+00
-7.10853445606e+00
-7.25976754707e+00
-7.18624727282e+00
-7.20384221403e+00
-7.24809098461e+00
-7.19351194934e+00
-7.08277546403e+00
-7.24336792802e+00
-7.17146538229e+00
-7.10334503582e+00
-7.44733620348e+00
-7.35300541365e+00
-7.19283494763e+00
-7.16359940408e+00
-7.10788079489e+00
-7.21083436711e+00
-7.22143643251e+00
-7.19301426319e+00
-7.08149693330e+00
-7.18554834293e+00
-7.44182962878e+00
-7.23636008479e+00
-7.31069635988e+00
-7.17543204905e+00
-7.21029225964e+00
-7.15118042643e+00
-7.41765071543e+00
-7.17203110446e+00
-7.26848111262e+00
-7.18813283929e+00
-7.13014544864e+00
-7.19393258478e+00
-7.27872826671e+00
-7.27714160717e+00
-7.14041668391e+00
-7.17712214798e+00
-7.36848571071e+00
-7.15057616413e+00
-7.27624719982e+00
-7.25408689609e+00
-7.06616508030e+00
-7.07784095467e+00
-7.25769285360e+00
-7.34760503434e+00
-7.09816595649e+00
-7.22376256683e+00
-7.25541191029e+00
-7.06084206003e+00
-7.22108045563e+00
-7.44130468124e+00
-7.23829544756e+00
-7.20715874844e+00
-7.31396992587e+00
-7.08442559320e+00
-7.23286727466e+00
-7.10877718065e+00
-7.18049200630e+00
-7.27491205001e+00
-7.38947002485e+00
-7.35730196175e+00
-7.40492235861e+00
-7.23139373925e+00
-7.17381492962e+00
-7.31181252166e+00
-7.21869939998e+00
-7.10559024995e+00
-7.21293129495e+00
-7.16136351435e+00
-7.07505189194e+00
-7.32953782247e+00
-7.35332061934e+00
-7.37320066402e+00
-7.07934337824e+00
-7.25373468240e+00
-7.07142013368e+00
-7.11774127930e+00
-7.12952593731e+00
-7.23486031982e+00
-7.29961871132e+00
-7.31986384014e+00
-7.26809143708e+00
-7.20528247840e+00
-7.22883852383e+00
-7.12521454344e+00
-7.25715332900e+00
-7.36877387392e+00
-7.43772638287e+00
-7.28624867307e+00
-7.23644084765e+00
-7.32466455456e+00
-7.42804664064e+00
-7.19314340904e+00
-7.34727602599e+00
-7.06391237901e+00
-7.27190921721e+00
-7.33477696195e+00
-7.06634175569e+00
-7.26142958446e+00
-7.22447136986e+00
-7.03267734575e+00
-7.22017322537e+00
-7.20893206115e+00
-7.28726624890e+00
-7.30013541160e+00
-7.17022358103e+00
-7.35892349355e+00
-7.24407267325e+00
-7.21917474225e+00
-7.15271614692e+00
-7.31698635462e+00
-7.37593445957e+00
-7.16938047267e+00
-7.37296566947e+00
-7.20662085813e+00
-7.30380357909e+00
-7.38298611034e+00
-7.16948882940e+00
-7.21841288558e+00
-7.24355496970e+00
-7.09573008416e+00
-7.41132744990e+00
-7.19772628929e+00
-7.33786543333e+00
-7.16419118059e+00
-7.43681269210e+00
-7.14610911800e+00
-7.29421850897e+00
-7.16848151842e+00
-7.28854643937e+00
-7.13838907593e+00
-7.29327194223e+00
-7.32411005800e+00
-7.09969200334e+00
-7.29674194009e+00
-7.21299615707e+00
-7.26549480552e+00
-7.15971924857e+00
-7.32123511710e+00
-7.19832748936e+00
-7.05308031901e+00
-7.35556187669e+00
-7.06171736352e+00
-7.20102102280e+00
-7.11087627078e+00
-7.12885900565e+00
-7.36268274193e+00
-7.27603479057e+00
-7.16712336133e+00
-7.22053604624e+00
-7.22043076309e+00
-7.14341933445e+00
-7.24001515485e+00
-7.25844038050e+00
-7.20059702603e+00
-7.16404856772e+00
-7.33583231022e+00
-7.14662879348e+00
-7.08415715153e+00
-7.30126520314e+00
-7.16529299389e+00
-7.25922764843e+00
-7.22810386544e+00
-7.13206176077e+00
-7.13353819096e+00
-7.25819520364e+00
-7.18151034378e+00
-6.97472484896e+00
-7.24639480219e+00
-7.34621012553e+00
-7.22577920185e+00
-7.16057303412e+00
-7.15802150591e+00
-7.39145234018e+00
-7.11876217060e+00
-7.16962925250e+00
-7.25349126027e+00
-7.01235747359e+00
-7.02264855326e+00
-7.34512455850e+00
-7.20360798924e+00
-7.19089857939e+00
-7.21796930446e+00
-7.32606029801e+00
-7.27441876336e+00
-7.14886575228e+00
-7.25175450576e+00
-7.21475208018e+00
-7.23644665087e+00
-7.36627667733e+00
-7.21559643722e+00
-7.30186216421e+00
-7.38604687445e+00
-7.51902688594e+00
-7.30086547506e+00
-7.32616487309e+00
-7.24403885819e+00
-7.24376363801e+00
-7.23278428413e+00
-7.20980782883e+00
-7.16914583530e+00
-7.17224032802e+00
-7.27668263779e+00
-7.16707393693e+00
-7.40932221552e+00
-7.10783401812e+00
-7.25906280174e+00
-7.35799197091e+00
-7.13320158449e+00
-7.44121482869e+00
-7.17196395252e+00
-7.30078102263e+00
-7.13153577207e+00
-7.39868765068e+00
-7.23332420545e+00
-7.45926912076e+00
-7.29578231179e+00
-7.25910107870e+00
-7.24128046839e+00
-7.21167651898e+00
-7.53076705664e+00
-7.10042790427e+00
-7.29661207586e+00
-7.31923669679e+00
-7.22051241071e+00
-7.40236908653e+00
-7.18312171578e+00
-7.14365711549e+00
-7.17839390757e+00
-7.02954850219e+00
-7.41085977332e+00
-7.09670867949e+00
-7.24038020236e+00
-7.29473591173e+00
-7.33055029237e+00
-7.31011114018e+00
-7.28929492911e+00
-7.19456740061e+00
-7.47492093213e+00
-7.14940737740e+00
-7.21354691368e+00
-7.11671309145e+00
-7.33652221161e+00
-7.34673747662e+00
-7.37175068140e+00
-7.27276395441e+00
-7.17745560826e+00
-7.17053965982e+00
-7.39732677902e+00
-7.32135060127e+00
-7.29325414797e+00
-7.29343441009e+00
-7.23768667819e+00
-7.29006237459e+00
-7.29122279139e+00
-7.33520207569e+00
-7.25953911639e+00
-7.24776707941e+00
-7.30362176910e+00
-7.31914289229e+00
-7.17148105110e+00
-7.15287414027e+00
-7.24253911654e+00