8.82304538081e-01
9.19261823877e-01
9.18680965734e-01
8.94268731394e-01
9.19476626246e-01
9.00514674225e-01
9.05676956861e-01
9.30978618930e-01
8.94731246366e-01
9.03088755192e-01
9.19612377415e-01
9.11925170774e-01
8.94928986004e-01
8.93143010152e-01
9.17603614840e-01
9.12457370811e-01
9.15947233470e-01
9.24223912461e-01
9.04794293308e-01
9.15182726836e-01
9.03003504533e-01
9.08854598025e-01
8.94989129589e-01
9.11462279391e-01
8.99250225974e-01
9.13219997526e-01
9.05038254470e-01
9.17801698612e-01
9.15571458022e-01
9.06195691369e-01
8.93838453095e-01
9.04990331243e-01
9.08001034673e-01
8.82549906245e-01
9.06941287226e-01
9.10808595031e-01
8.91502422070e-01
9.18947921138e-01
9.00638578727e-01
8.83537572601e-01
8.98815443366e-01
9.10953692788e-01
8.99493630547e-01
9.15042759511e-01
8.99588404097e-01
9.15620088322e-01
9.08367093299e-01
9.06270782028e-01
9.13694657202e-01
8.93264153014e-01
9.01407771317e-01
9.06433388287e-01
9.00508526250e-01
9.09152546030e-01
8.89749631829e-01
9.06506463287e-01
9.04687488872e-01
9.10324420275e-01
9.00918867126e-01
9.09227110049e-01
9.04197509158e-01
9.07383906591e-01
9.01145644299e-01
8.96656593545e-01
9.10082998484e-01
9.12613655557e-01
9.02554933510e-01
9.00487891890e-01
9.19963622980e-01
9.02594307079e-01
9.01516443774e-01
8.98962638003e-01
9.07769686905e-01
9.01017798016e-01
8.93904435576e-01
9.17088364027e-01
9.08627119665e-01
9.15276059075e-01
8.96225220219e-01
9.00238010850e-01
9.16144247268e-01
9.23699127937e-01
9.14501681716e-01
9.04759293266e-01
9.01070659589e-01
9.07330348543e-01
8.97681118431e-01
9.03053095725e-01
9.00611547110e-01
8.96839227658e-01
9.08788721672e-01
9.14736009679e-01
8.93672807310e-01
9.05858821339e-01
8.87750349257e-01
8.96133833809e-01
9.10073701380e-01
9.07685881399e-01
9.11158658893e-01
8.98978893342e-01
9.11381316228e-01
8.87957011773e-01
9.13074234232e-01
8.96800530706e-01
9.29501243586e-01
9.21994468455e-01
8.92975374033e-01
9.05436639026e-01
8.98343905804e-01
9.17765273362e-01
9.11107987274e-01
9.05927035531e-01
9.08019698397e-01
9.11247706524e-01
9.02228192000e-01
9.05888696584e-01
9.18154689887e-01
8.96014609941e-01
8.95073716772e-01
9.11393493186e-01
9.02900529861e-01
9.10643589179e-01
8.77958060756e-01
8.94206706976e-01
9.03204156388e-01
9.05722011683e-01
9.14904795560e-01
9.11802988229e-01
9.10245686265e-01
9.16487571494e-01
8.86714295145e-01
8.98727682558e-01
9.00629432720e-01
8.99001875874e-01
9.06793433277e-01
8.99106961825e-01
9.12186279871e-01
9.02987509920e-01
9.16110191503e-01
9.05468396858e-01
9.01374153886e-01
9.12366973618e-01
8.95663895420e-01
9.18079067673e-01
9.27310401075e-01
9.05791899424e-01
9.01446596799e-01
8.93006076612e-01
8.90887824440e-01
9.05245950701e-01
8.93133833851e-01
9.08590552971e-01
8.95276738850e-01
9.08928531082e-01
9.14032953624e-01
9.17137599635e-01
9.02438424498e-01
9.02804444137e-01
8.99312788721e-01
9.22760341085e-01
9.06736146979e-01
8.98288650670e-01
9.12359684556e-01
8.97469779981e-01
9.10491801164e-01
9.09680620559e-01
9.13917828616e-01
8.96649997531e-01
9.11771041658e-01
9.11701258088e-01
9.10777833694e-01
9.09361110391e-01
8.94257198548e-01
8.89009634200e-01
8.89121106247e-01
9.03908950232e-01
9.03581065188e-01
8.87095723700e-01
9.06693971712e-01
9.00630276372e-01
9.17533878478e-01
9.14029404943e-01
9.12970416735e-01
8.97771808424e-01
8.94471400680e-01
9.11208025543e-01
8.98806080891e-01
9.13288732539e-01
9.14165210730e-01
8.92856428362e-01
8.88355808646e-01
9.08468866036e-01
8.96749109972e-01
9.06650767121e-01
9.05433332257e-01
9.07215530371e-01
9.09985888004e-01
9.21269427594e-01
9.20932464976e-01
8.91950958648e-01
8.93770269860e-01
9.07901815948e-01
8.96337800585e-01
9.03779719844e-01
9.02322359643e-01
9.06493560944e-01
8.94599268998e-01
9.17273413081e-01
9.02121942021e-01
9.10743086791e-01
8.94700613598e-01
9.03653531148e-01
9.05274051798e-01
8.95413436466e-01
9.07678920855e-01
8.98677234774e-01
9.15382249574e-01
9.25056209574e-01
9.16946316371e-01
9.05943362116e-01
9.08039832417e-01
9.04384509012e-01
8.88390241183e-01
9.05686450083e-01
9.14248217220e-01
9.01890889626e-01
8.92260260603e-01
8.97056216772e-01
9.01441268231e-01
9.19156378870e-01
8.98518383261e-01
8.90530902029e-01
9.17726169257e-01
8.95056512496e-01
8.94726758479e-01
8.86542465322e-01
8.92085331439e-01
8.98770672463e-01
8.94880526868e-01
8.89817031425e-01
8.81792907081e-01
8.87721214934e-01
9.17628250288e-01
9.03850704927e-01
8.99711448270e-01
9.17534710606e-01
9.03834990083e-01
9.17963899304e-01
9.13892531149e-01
8.95089723279e-01
8.85448414033e-01
8.94961652250e-01
8.99046133099e-01
9.03757553778e-01
8.87021347477e-01
8.99690640194e-01
9.20738522351e-01
9.07151508029e-01
9.12583718673e-01
8.90953963733e-01
8.98038201329e-01
8.99165009371e-01
9.06392079983e-01
8.99055440900e-01
9.13838665698e-01
9.09224896034e-01
9.11406408767e-01
9.09907286517e-01
9.22793378590e-01
9.13522245469e-01
9.05907411924e-01
9.09159746165e-01
8.95456425637e-01
9.16621735417e-01
9.29102341753e-01
9.26098376322e-01
9.12410384211e-01
9.04184918882e-01
9.21924221402e-01
9.02627309892e-01
9.15746571607e-01
8.96390535987e-01
9.03067653799e-01
9.08492392033e-01
9.07764308283e-01
8.96635649831e-01
9.07355557812e-01
9.07035905747e-01
8.99628520139e-01
9.02595044965e-01
9.13400511682e-01
9.15130162172e-01
8.95992232602e-01
8.98516517735e-01
9.09369250213e-01
9.09174761157e-01
9.01645286971e-01
9.07763258434e-01
8.96205405480e-01
8.97774515297e-01
9.07155802311e-01
9.11722961455e-01
9.09321713848e-01
9.04392109415e-01
9.21289514830e-01
9.11549587599e-01
9.06437586044e-01
9.16320163241e-01
9.07430715053e-01
9.07029342930e-01
8.91888939970e-01
8.88171581195e-01
9.12711351541e-01
8.97819321616e-01
8.95986253032e-01
9.04176062401e-01
9.09006938954e-01
9.07784141748e-01
9.17678301235e-01
9.09457598037e-01
9.06016712979e-01
9.00910993284e-01
9.10389779983e-01
9.24938755038e-01
9.22685004446e-01
9.13323038077e-01
9.17079691855e-01
9.01889176422e-01
8.99345525311e-01
8.99293902444e-01
9.12595824794e-01
8.98694267337e-01
8.90955411945e-01
9.14832814116e-01
9.05783954460e-01
9.13453500793e-01
9.07782744112e-01
9.08860655136e-01
9.34148985724e-01
9.07750600135e-01
9.06851237478e-01
8.93953063910e-01
8.95679761416e-01
9.19949960561e-01
9.06754017262e-01
9.00291078254e-01
9.05448496619e-01
9.22863132126e-01
8.96322835260e-01
8.99926582536e-01
9.05639745408e-01
8.92962939330e-01
8.96741942780e-01
8.96611919847e-01
9.29018315107e-01
9.16427943374e-01
9.08870294587e-01
9.06345861563e-01
9.13847894167e-01
9.14877937232e-01
9.15250987753e-01
8.88744463060e-01
9.02225205224e-01
9.09655244441e-01
8.84239589434e-01
9.10458805750e-01
8.94126711988e-01
8.99181077407e-01
9.17468763790e-01
9.01973911126e-01
9.03152063640e-01
8.98360489833e-01
9.06139845787e-01
9.03611601583e-01
8.98612665937e-01
9.04067631976e-01
9.08596853757e-01
9.21707350062e-01
8.94514724835e-01
8.83467819910e-01
8.96001176630e-01
9.04340811092e-01
9.07813852832e-01
9.07691086054e-01
8.99886136175e-01
8.92686077368e-01
9.01582067428e-01
9.16665477256e-01
8.84992379342e-01
8.95177212567e-01
9.01785086666e-01
8.98828876633e-01
8.99375618973e-01
9.03207575570e-01
8.94641195093e-01
9.19620067118e-01
9.13854568488e-01
9.28803737595e-01
9.07225824747e-01
9.05295544929e-01
9.06377647562e-01
9.15078448457e-01
9.12929105707e-01
8.94037125807e-01
8.96278657161e-01
9.00786494289e-01
9.08830232572e-01
9.04740795652e-01
9.11902116456e-01
8.96915270673e-01
9.18295219333e-01
9.10891406998e-01
8.94594147613e-01
8.85884668054e-01
9.18940814353e-01
9.18037703230e-01
9.08050223813e-01
9.20748568307e-01
9.07424718278e-01
9.10510071981e-01
8.87536026828e-01
8.96264484104e-01
9.03331309962e-01
9.09224949747e-01
9.17107612111e-01
9.03299731195e-01
8.92846311891e-01
8.89141753428e-01
9.04516428477e-01
8.99252731180e-01
8.96525831642e-01
9.15024880401e-01
9.14931670092e-01
8.88437835170e-01
9.04874287655e-01
9.02804165080e-01
8.98702354578e-01
8.91362997745e-01
9.21432716663e-01
9.02091122683e-01
9.04279839505e-01
9.18641097901e-01
8.88431177273e-01
9.16254898212e-01
9.09787483737e-01
9.02013773421e-01
9.00344438381e-01
8.97285168664e-01
9.12721454576e-01
8.91357602328e-01
9.02149195356e-01
9.19483384001e-01
9.03915093084e-01
9.02007047967e-01
9.10151730095e-01
8.90149342315e-01
8.89585598014e-01
8.98748376489e-01
8.98735911570e-01
9.20048358482e-01
9.17888488212e-01
9.13318321518e-01
9.17232954964e-01
9.13308523238e-01
8.88751418461e-01
9.04258665423e-01
8.91921486305e-01
9.08345214769e-01
9.10771814984e-01
9.09337602291e-01
8.93303933231e-01
9.02616575011e-01
9.20217399726e-01
8.89029190090e-01
9.07506381576e-01
9.11694544059e-01
9.06902924851e-01
8.90320237142e-01
8.89418029949e-01
9.01272199888e-01
8.87135867984e-01
9.02323617884e-01
9.06625651276e-01
9.00458095646e-01
9.12339575919e-01
8.96450547100e-01
9.04974795561e-01
9.14681646511e-01
9.02756238079e-01
9.07641457315e-01
8.81322661754e-01
9.08584156656e-01
9.07357777705e-01
9.03129457350e-01
8.91886877572e-01
8.98395243792e-01
8.98603259421e-01
9.07207896513e-01
9.10279417172e-01
9.14591267395e-01
9.05370087692e-01