7.60439332295e+03
7.54732456581e+03
7.58084789687e+03
7.56212198863e+03
7.57299214599e+03
7.58708299483e+03
7.58340145992e+03
7.56874835310e+03
7.58985820507e+03
7.56160004404e+03
7.56992173115e+03
7.53036961554e+03
7.56280142514e+03
7.58967773109e+03
7.55876081444e+03
7.55603404635e+03
7.57560420265e+03
7.56620355908e+03
7.57619324167e+03
7.58842614997e+03
7.54526860224e+03
7.56958456569e+03
7.53845119060e+03
7.55915429561e+03
7.54960163572e+03
7.56754677438e+03
7.57139658491e+03
7.57467052631e+03
7.57592159228e+03
7.59376884447e+03
7.57352357307e+03
7.56740198203e+03
7.58198148195e+03
7.58638459938e+03
7.56180280826e+03
7.55781753421e+03
7.56398991376e+03
7.58297990037e+03
7.58753247525e+03
7.55063651621e+03
7.58944804529e+03
7.56280319888e+03
7.55948145711e+03
7.54845753788e+03
7.53798964584e+03
7.57892494153e+03
7.57899916319e+03
7.57421381631e+03
7.56653975997e+03
7.53161768570e+03
7.54059386670e+03
7.56959002407e+03
7.56676874791e+03
7.58736551432e+03
7.58654295442e+03
7.57995371413e+03
7.52945021961e+03
7.59379666366e+03
7.56811679111e+03
7.57611701018e+03
7.53514445535e+03
7.56830995177e+03
7.56329080323e+03
7.54734789039e+03
7.56388148086e+03
7.58423009851e+03
7.55720341486e+03
7.59400731233e+03
7.59065869937e+03
7.57545136681e+03
7.54457628343e+03
7.61330926850e+03
7.55941369609e+03
7.58390816547e+03
7.58504830499e+03
7.55381399978e+03
7.59367958469e+03
7.54626444250e+03
7.55023577282e+03
7.59408860796e+03
7.57442816813e+03
7.57168252024e+03
7.53299873758e+03
7.57371767517e+03
7.56109443541e+03
7.55443844590e+03
7.55154427515e+03
7.59373640322e+03
7.56312247092e+03
7.55971701763e+03
7.56991502499e+03
7.54385572404e+03
7.56868273924e+03
7.55620453281e+03
7.54786848326e+03
7.54139354151e+03
7.53485109159e+03
7.57298530138e+03
7.58385331661e+03
7.58338081020e+03
7.58413745577e+03
7.59145494286e+03
7.56881620024e+03
7.57109851110e+03
7.61038720661e+03
7.55260882005e+03
7.58143268051e+03
7.58318000437e+03
7.55107629618e+03
7.58890899796e+03
7.56103987505e+03
7.58910946436e+03
7.57958914009e+03
7.60160268920e+03
7.55943118335e+03
7.57182460715e+03
7.54888077094e+03
7.56531145258e+03
7.55583497766e+03
7.54152944977e+03
7.57123840150e+03
7.57145699781e+03
7.55445062040e+03
7.53993684693e+03
7.57453894721e+03
7.57512718020e+03
7.57247272154e+03
7.54636847960e+03
7.56551691962e+03
7.59462384987e+03
7.55166891925e+03
7.54290865501e+03
7.56851291627e+03
7.54492283331e+03
7.56929485984e+03
7.54929676691e+03
7.55845319408e+03
7.55317329414e+03
7.59717492167e+03
7.54333441345e+03
7.56282379156e+03
7.58369124929e+03
7.54831676381e+03
7.56283406370e+03
7.57724899898e+03
7.56265259409e+03
7.60432990618e+03
7.56954112986e+03
7.56044552452e+03
7.54082365513e+03
7.57406117572e+03
7.57737592520e+03
7.56378124814e+03
7.56192302185e+03
7.57547317457e+03
7.57762754537e+03
7.55438456462e+03
7.55784425968e+03
7.58710325958e+03
7.57231628623e+03
7.57814898762e+03
7.56458527067e+03
7.57739613022e+03
7.53866527347e+03
7.54647890180e+03
7.58837098957e+03
7.58138297911e+03
7.54437990604e+03
7.54862153205e+03
7.53857677340e+03
7.57264215134e+03
7.58056690011e+03
7.58005055427e+03
7.55727939163e+03
7.58553045696e+03
7.54827140272e+03
7.57138928541e+03
7.56743560654e+03
7.57943103768e+03
7.59707019032e+03
7.59493130399e+03
7.56817128361e+03
7.54855304569e+03
7.53373342036e+03
7.56352346765e+03
7.58059676668e+03
7.55704106631e+03
7.56426791120e+03
7.57743670657e+03
7.57620961373e+03
7.57580933456e+03
7.55747850483e+03
7.53561256474e+03
7.55883780115e+03
7.57484187154e+03
7.56654156012e+03
7.52456129736e+03
7.59439529070e+03
7.59898680226e+03
7.56206916074e+03
7.57141333240e+03
7.54199156238e+03
7.55555203467e+03
7.56529911815e+03
7.54801600907e+03
7.56374691985e+03
7.57337685555e+03
7.57025306299e+03
7.54032806766e+03
7.56479634384e+03
7.54662304020e+03
7.57780991172e+03
7.55486008261e+03
7.55879254068e+03
7.55874750752e+03
7.58070158601e+03
7.55364684232e+03
7.55834853082e+03
7.55758522988e+03
7.57795842322e+03
7.58184993794e+03
7.57700107626e+03
7.57054091247e+03
7.56529723251e+03
7.59034341179e+03
7.55580678722e+03
7.58307633321e+03
7.56914953147e+03
7.57761038047e+03
7.57671503055e+03
7.55556126609e+03
7.58442842635e+03
7.57201921317e+03
7.58929419250e+03
7.57885989353e+03
7.58574156111e+03
7.57358508151e+03
7.56978837882e+03
7.57526392632e+03
7.54350721056e+03
7.58948144269e+03
7.55325159823e+03
7.56097308088e+03
7.55740172640e+03
7.55851700064e+03
7.55601022738e+03
7.59198177158e+03
7.56235822511e+03
7.57179198040e+03
7.57773414880e+03
7.55187993129e+03
7.56921263320e+03
7.57220611417e+03
7.56301011160e+03
7.57387939893e+03
7.55977388217e+03
7.55616769397e+03
7.56308201643e+03
7.56718014715e+03
7.57023051182e+03
7.58390217019e+03
7.59107799038e+03
7.54865889522e+03
7.56294678007e+03
7.56300965084e+03
7.52611130334e+03
7.57485172443e+03
7.54777589760e+03
7.56393070972e+03
7.59486730155e+03
7.55865237687e+03
7.56890178716e+03
7.55377024270e+03
7.58690493603e+03
7.56580848981e+03
7.55676751831e+03
7.56998718301e+03
7.55775628172e+03
7.54465901603e+03
7.59982458295e+03
7.54642652497e+03
7.57326160623e+03
7.55781748820e+03
7.58448787923e+03
7.57776910578e+03
7.58883349393e+03
7.57899884385e+03
7.57327281749e+03
7.58253438178e+03
7.57021573871e+03
7.56542633811e+03
7.59078432730e+03
7.56970507189e+03
7.55324479733e+03
7.59031354890e+03
7.57478804836e+03
7.56536447165e+03
7.56873219680e+03
7.55303090349e+03
7.56018949385e+03
7.57249504458e+03
7.57800402974e+03
7.58943174356e+03
7.59088968019e+03
7.57982982015e+03
7.57523379532e+03
7.57218188572e+03
7.57907091673e+03
7.54390791373e+03
7.57838276498e+03
7.57066700768e+03
7.54571631837e+03
7.55203708496e+03
7.56952897877e+03
7.57609408744e+03
7.56907070594e+03
7.55084971680e+03
7.58605022219e+03
7.55437472627e+03
7.58203513443e+03
7.56792424596e+03
7.55889602646e+03
7.55394730359e+03
7.58487561344e+03
7.55367070952e+03
7.57874114204e+03
7.57298316230e+03
7.58248301619e+03
7.55831681215e+03
7.57083195115e+03
7.54915071353e+03
7.54989644947e+03
7.56937788912e+03
7.59196648481e+03
7.57176926372e+03
7.58732541463e+03
7.55163934905e+03
7.56326173963e+03
7.58699374301e+03
7.55956580824e+03
7.58466905487e+03
7.57901305591e+03
7.59699268359e+03
7.56046116541e+03
7.57229464140e+03
7.57137334654e+03
7.55872669038e+03
7.54918888331e+03
7.58498827906e+03
7.55160933717e+03
7.56285745633e+03
7.57088526953e+03
7.55947305854e+03
7.53666129844e+03
7.52532994152e+03
7.58123062669e+03
7.54652546871e+03
7.54843338654e+03
7.59062579594e+03
7.54706884854e+03
7.58460644626e+03
7.56873104180e+03
7.56113172756e+03
7.60614515909e+03
7.57217394297e+03
7.57066062525e+03
7.53927164893e+03
7.57279118641e+03
7.56262017245e+03
7.54197026426e+03
7.54534873777e+03
7.54962913747e+03
7.54814873223e+03
7.56603886628e+03
7.55899510441e+03
7.53697791914e+03
7.59986020318e+03
7.59635952934e+03
7.55380755335e+03
7.56853295213e+03
7.57459424235e+03
7.54939830155e+03
7.57407756837e+03
7.56500874372e+03
7.58054727286e+03
7.55528928117e+03
7.57961046218e+03
7.57953068478e+03
7.57087787048e+03
7.57577147284e+03
7.57228581246e+03
7.55537115129e+03
7.56318466249e+03
7.54033757310e+03
7.58854986195e+03
7.55382923255e+03
7.57230463580e+03
7.58188078894e+03
7.55041474359e+03
7.57270584922e+03
7.56180149744e+03
7.56740898127e+03
7.57007138255e+03
7.58877870956e+03
7.55030532784e+03
7.58831246458e+03
7.56110306373e+03
7.57962313901e+03
7.57987254362e+03
7.54200344010e+03
7.56070057351e+03
7.57175582403e+03
7.59992072100e+03
7.56657012325e+03
7.54873132948e+03
7.58702068101e+03
7.58466225174e+03
7.55060939740e+03
7.56627631150e+03
7.55967255324e+03
7.56510831856e+03
7.55698373875e+03
7.53666899104e+03
7.56887869872e+03
7.55713733211e+03
7.55872127107e+03
7.57123470041e+03
7.56336008866e+03
7.56294738624e+03
7.54173969813e+03
7.57309236036e+03
7.59235061731e+03
7.57266385523e+03
7.55639889228e+03
7.56638663328e+03
7.54257179766e+03
7.52487206063e+03
7.55134322963e+03
7.57700861718e+03
7.58167668140e+03
7.53576592367e+03
7.58180503734e+03
7.56617374954e+03
7.57534394393e+03
7.55835338130e+03
7.54175448463e+03
7.59866484164e+03
7.56007660275e+03
7.56732463780e+03
7.56330902167e+03
7.53540172852e+03
7.60763632488e+03
7.54674523668e+03
7.60196929270e+03
7.59122332655e+03
7.57383253700e+03
7.53893412959e+03
7.57730801642e+03
7.56671779383e+03
7.58247639134e+03
7.57664134723e+03
7.55568998821e+03
7.59233505329e+03
7.57417434161e+03
7.60836693544e+03
7.54704623630e+03
7.57370200800e+03
7.57752699700e+03
7.54946897518e+03
7.56996251262e+03
7.57892461180e+03
7.56611822291e+03
7.58323763049e+03
7.56121636337e+03
7.59801938833e+03
7.57842757069e+03
7.58607677204e+03
7.55879745530e+03
7.58655807683e+03
7.55720526655e+03
7.60567261958e+03
7.55647052551e+03
7.57986722331e+03
7.57806990920e+03
7.53946011757e+03
7.55890377762e+03
7.57269046660e+03
7.59325664373e+03
7.58395230653e+03
7.56996608512e+03
7.57482090941e+03
7.55291126974e+03
7.58109680256e+03
7.58392629222e+03
7.57664015899e+03
7.53270097229e+03
7.53932535911e+03
7.56687593044e+03
7.55329451396e+03
7.54980244041e+03
7.56750414330e+03