-8.36298167611e+00
-5.31670865075e+00
-8.00397724490e+00
-4.17998805615e+00
-5.76512257970e+00
-6.48524127746e+00
-6.82464039403e+00
-7.61657770234e+00
-7.13315529488e+00
-4.74166801745e+00
-6.15079779109e+00
-4.03096507858e+00
-3.61632960778e+00
-7.29269336355e+00
-7.33362051586e+00
-5.27183006091e+00
-6.60631576680e+00
-5.87743793620e+00
-7.58678436524e+00
-6.74845174948e+00
-4.78937316796e+00
-5.21180927844e+00
-7.10045289524e+00
-4.46275109540e+00
-4.33580759435e+00
-7.74728072489e+00
-6.43994248146e+00
-6.08746307016e+00
-6.62876339180e+00
-4.87293746555e+00
-6.61384839683e+00
-3.95313229640e+00
-4.71224620013e+00
-6.43009591781e+00
-5.50480080333e+00
-9.06329212999e+00
-7.23655105453e+00
-3.09696944971e+00
-6.09514649248e+00
-5.80581730750e+00
-4.35365460756e+00
-4.59639128575e+00
-5.74197967604e+00
-5.40576328123e+00
-6.03256264332e+00
-6.60530027023e+00
-6.18290760195e+00
-5.05743881877e+00
-5.79779325744e+00
-6.22794921214e+00
-4.88754106822e+00
-6.74179204418e+00
-6.16788939874e+00
-5.44612605631e+00
-5.12873810165e+00
-4.08998131989e+00
-4.77941668682e+00
-7.40829854480e+00
-5.30484197246e+00
-6.07915186015e+00
-6.27119724706e+00
-5.07431220442e+00
-5.67034638324e+00
-6.43609737783e+00
-7.48787999580e+00
-6.66067292107e+00
-6.69755348523e+00
-3.12981027372e+00
-6.08149328799e+00
-6.70082159598e+00
-6.05606105753e+00
-5.43960490159e+00
-6.42767639724e+00
-5.21651760964e+00
-5.65286390334e+00
-5.42887516702e+00
-6.71005900176e+00
-6.62531110621e+00
-5.18895961927e+00
-5.32104579952e+00
-6.62091545263e+00
-7.37551071473e+00
-6.25465289484e+00
-4.57185582135e+00
-4.76473241277e+00
-5.38932060786e+00
-8.68555188656e+00
-5.46960895994e+00
-4.70640025871e+00
-6.38630850005e+00
-8.09529957710e+00
-5.75975116700e+00
-6.96455874435e+00
-5.81831673204e+00
-7.96807234663e+00
-7.01865977647e+00
-6.49447739497e+00
-6.22665246687e+00
-4.76643714673e+00
-5.58569859042e+00
-7.35882713843e+00
-6.94683543215e+00
-5.32359399504e+00
-6.29558369361e+00
-7.72339207338e+00
-6.54142121403e+00
-3.46158184931e+00
-7.49646999051e+00
-6.53862907853e+00
-5.33340906996e+00
-7.20853689101e+00
-5.53704230027e+00
-6.91332824451e+00
-3.20818883156e+00
-8.80792286753e+00
-4.96873828994e+00
-6.45166586242e+00
-5.09827261208e+00
-6.96499854694e+00
-7.01516476766e+00
-4.36626835236e+00
-5.20689868471e+00
-5.62821447984e+00
-5.37201697091e+00
-4.51375911231e+00
-5.56999839105e+00
-7.38120455021e+00
-3.08340753419e+00
-5.94858922315e+00
-5.96411157630e+00
-6.91620252528e+00
-7.21127462040e+00
-7.28481658026e+00
-4.52288392064e+00
-5.75748238637e+00
-6.84908274578e+00
-5.81632507691e+00
-7.45935146079e+00
-4.90929283580e+00
-6.36392575679e+00
-5.62833430577e+00
-6.63015885690e+00
-6.30340288429e+00
-7.49182260171e+00
-7.23627007663e+00
-5.81460342099e+00
-5.58028887036e+00
-7.56876455644e+00
-5.74699909259e+00
-4.25159947583e+00
-7.44971933048e+00
-7.40626332374e+00
-5.80145889627e+00
-8.08563929161e+00
-5.66608675100e+00
-5.80545978350e+00
-7.00731571712e+00
-5.37435460754e+00
-7.60264929274e+00
-5.24506172603e+00
-5.91601920907e+00
-5.43961565584e+00
-3.89648182852e+00
-4.82220116145e+00
-4.41814228447e+00
-5.61411269381e+00
-5.71790315441e+00
-5.58226502698e+00
-4.37261655826e+00
-4.60905338258e+00
-5.43284662277e+00
-6.04451917640e+00
-5.71271202853e+00
-6.72976715172e+00
-4.24222931990e+00
-4.01510200856e+00
-5.76451626151e+00
-5.51493740473e+00
-4.12090629036e+00
-4.31341500237e+00
-7.40345214681e+00
-6.61734178531e+00
-5.85391115444e+00
-6.25310586710e+00
-6.60931786224e+00
-6.26628818948e+00
-8.55729323869e+00
-5.94450349753e+00
-4.26884660036e+00
-4.93096177954e+00
-6.79702935882e+00
-8.67404274371e+00
-6.30350530114e+00
-6.44489227823e+00
-8.82997457540e+00
-6.96976890273e+00
-6.08040108747e+00
-8.18411003081e+00
-6.57942309280e+00
-5.61628380951e+00
-5.65594723025e+00
-6.06372796812e+00
-5.71610034267e+00
-4.39669497735e+00
-4.85135612116e+00
-3.50422708515e+00
-7.51913122685e+00
-6.97099721919e+00
-6.59864408935e+00
-6.63646565801e+00
-4.67059212870e+00
-5.36047726752e+00
-7.24599637643e+00
-6.49466343578e+00
-5.98711479971e+00
-7.79957306470e+00
-6.13820459812e+00
-7.65828838321e+00
-6.97925482304e+00
-7.61163719958e+00
-4.12428989008e+00
-5.67865759565e+00
-6.58004168272e+00
-8.30301150413e+00
-5.47211532702e+00
-4.42598217823e+00
-5.37755309742e+00
-5.86659776547e+00
-6.36594737822e+00
-6.29715152521e+00
-3.97935921880e+00
-5.30400367947e+00
-4.40884262666e+00
-6.39721475558e+00
-7.51353637773e+00
-7.23693888861e+00
-6.72133796787e+00
-6.82742175223e+00
-4.92317592236e+00
-7.93550963916e+00
-6.57662852133e+00
-5.26271874997e+00
-6.68353918906e+00
-6.38893463074e+00
-8.59039603086e+00
-5.44133601743e+00
-5.72144596880e+00
-7.11598799938e+00
-7.29886062034e+00
-6.89268798899e+00
-4.99694487238e+00
-6.47861534750e+00
-7.47884099131e+00
-4.00268626390e+00
-6.92034362324e+00
-6.21484121846e+00
-7.71243214343e+00
-6.12322934185e+00
-2.83082065572e+00
-5.87877340142e+00
-4.38773710067e+00
-8.44945378600e+00
-4.87867176013e+00
-7.59334304067e+00
-6.15231107435e+00
-5.85927208215e+00
-8.08798684777e+00
-4.85474197024e+00
-4.15165541520e+00
-6.15546642422e+00
-7.13924911668e+00
-3.50375517247e+00
-5.94722066565e+00
-8.69019513094e+00
-5.05053434770e+00
-6.15464259505e+00
-8.63040106907e+00
-5.91988543494e+00
-2.96586028146e+00
-3.91701338673e+00
-7.13423126187e+00
-6.57231416932e+00
-6.57275463040e+00
-8.22484065190e+00
-5.18504205872e+00
-5.66222405615e+00
-6.69396530653e+00
-7.19691714556e+00
-4.79290337662e+00
-8.44813076230e+00
-6.49159681701e+00
-5.28521671503e+00
-5.26804826403e+00
-6.03564813264e+00
-4.13209016672e+00
-5.99211659899e+00
-8.24771882787e+00
-6.43269546422e+00
-4.14143985625e+00
-4.74528064479e+00
-5.72626844811e+00
-6.30580377511e+00
-5.74616448105e+00
-6.08729752308e+00
-7.23487279014e+00
-5.71713557439e+00
-6.19557659559e+00
-6.33278921914e+00
-5.20755741312e+00
-4.95851066969e+00
-6.48220252356e+00
-7.13853854572e+00
-5.44895324687e+00
-8.17171485211e+00
-6.84232750637e+00
-5.90529718138e+00
-5.21012917938e+00
-6.75106990359e+00
-6.92419769727e+00
-7.50085974511e+00
-5.43427947397e+00
-2.45006694905e+00
-7.19209460922e+00
-3.14742176979e+00
-5.20450919611e+00
-3.85598108105e+00
-5.33577329304e+00
-3.56519919609e+00
-6.20560526305e+00
-6.81620434684e+00
-4.90506866939e+00
-5.92536253365e+00
-4.17880603023e+00
-6.62899555250e+00
-5.80815484889e+00
-5.22441081342e+00
-5.33365293224e+00
-6.96530129431e+00
-8.19777962419e+00
-2.23868450527e+00
-7.53718142653e+00
-4.98756267004e+00
-5.52824485248e+00
-6.45022724130e+00
-6.58583985944e+00
-5.53850448370e+00
-5.36433471109e+00
-4.77836744298e+00
-5.35899518688e+00
-5.29013730993e+00
-3.43290642249e+00
-6.69543033473e+00
-5.56742960685e+00
-6.24551276500e+00
-9.39336111093e+00
-8.27374094231e+00
-5.72744407665e+00
-6.18994694627e+00
-6.11238044153e+00
-7.33409309440e+00
-7.00872222191e+00
-6.43483242404e+00
-7.51561094035e+00
-5.35116817934e+00
-7.10883112776e+00
-6.50129111546e+00
-7.39411777817e+00
-7.06966660903e+00
-6.62618927525e+00
-7.22582305534e+00
-6.37475179634e+00
-5.29522579102e+00
-5.28320019245e+00
-6.07789011736e+00
-5.12006589245e+00
-8.98220068467e+00
-4.13100226323e+00
-4.27797628444e+00
-6.33962133075e+00
-8.26557800056e+00
-5.03795918429e+00
-6.53754868594e+00
-6.58756953098e+00
-6.62261985819e+00
-3.64564498404e+00
-3.87644321978e+00
-5.99516106317e+00
-8.04801630291e+00
-5.29590741396e+00
-5.32577615626e+00
-6.43190724365e+00
-6.81682680483e+00
-7.01546089496e+00
-5.42220769677e+00
-8.13327283868e+00
-6.78135670744e+00
-5.96556829430e+00
-7.25724050460e+00
-6.82774157922e+00
-5.00539731659e+00
-5.19181744322e+00
-5.39608841813e+00
-6.84301166573e+00
-5.30692045611e+00
-6.81925653803e+00
-7.16958191760e+00
-5.09925710123e+00
-5.28215662895e+00
-6.64811110080e+00
-6.60617329633e+00
-5.09104827916e+00
-6.53704334788e+00
-6.88871442379e+00
-8.02419346899e+00
-3.31203097994e+00
-5.40433847394e+00
-5.00074088052e+00
-7.12475771972e+00
-5.96005582243e+00
-6.06278527743e+00
-6.91572111575e+00
-4.99939611708e+00
-5.38837495277e+00
-5.68000948392e+00
-5.63378258368e+00
-5.56011714610e+00
-4.08012856204e+00
-3.91144994962e+00
-7.42322776707e+00
-4.55183203896e+00
-4.26739891263e+00
-4.45706629105e+00
-4.21495657107e+00
-7.86924559242e+00
-5.36184418603e+00
-3.81592437925e+00
-7.38137117162e+00
-6.28550150897e+00
-4.28935087387e+00
-7.06426178824e+00
-5.67681346617e+00
-6.76258351166e+00
-7.77961899327e+00
-6.19916841845e+00
-6.88398214891e+00
-6.20709085627e+00
-8.96258623764e+00
-7.60191100960e+00
-4.29726193826e+00
-6.62830178711e+00
-4.25448650703e+00
-4.98156738309e+00
-5.11119314613e+00
-5.44132668683e+00
-6.76689498933e+00
-5.40516808542e+00
-4.68998237330e+00
-5.85618027468e+00
-4.78591676949e+00
-8.86327014800e+00
-6.10224016767e+00
-6.69805829865e+00
-6.45356493988e+00
-6.18238701652e+00
-8.15762324164e+00
-8.82887739956e+00
-4.78340541226e+00
-6.26385629955e+00
-3.24998109373e+00
-6.58582933735e+00
-4.01428001081e+00
-8.14427579145e+00
-4.79528073719e+00
-5.79073992579e+00
-5.92471392765e+00
-5.56930638636e+00
-5.56566353113e+00
-6.87314530751e+00
-6.05056690023e+00
-6.39232760547e+00
-5.79460010554e+00
-5.58428698827e+00
-6.19828379373e+00
-5.78594539954e+00
-8.31250681681e+00
-7.98337134828e+00
-5.53897518662e+00
-7.65467665839e+00
-7.44377249865e+00
-5.81441795906e+00
-6.88704577003e+00
-6.64811540999e+00
-6.70033943163e+00
-5.86516613914e+00
-2.33658637649e+00
-9.26661483521e+00
-5.23116120137e+00
-5.77012720306e+00
-6.76114171932e+00
-4.57775559473e+00
-6.01397376178e+00