-5.80762833704e+00
-4.33528580729e+00
-4.71899049806e+00
-5.08418279448e+00
-5.50977628152e+00
-4.95553644954e+00
-5.03773103987e+00
-5.54981566571e+00
-5.87130422802e+00
-5.50619408197e+00
-4.84415248898e+00
-5.21790263561e+00
-4.59641683821e+00
-2.80609731864e+00
-6.42506987697e+00
-5.16195336782e+00
-6.27628050191e+00
-4.40683461787e+00
-5.10133744380e+00
-6.16450806025e+00
-4.61672353586e+00
-6.03805332824e+00
-5.79361542361e+00
-5.77567166667e+00
-4.39544064865e+00
-3.55132710183e+00
-3.65850033579e+00
-4.60663636512e+00
-4.13357456564e+00
-6.77200411960e+00
-4.44367911603e+00
-5.90531930948e+00
-3.80940303686e+00
-3.85540165886e+00
-4.82679955688e+00
-5.32917207206e+00
-4.12523496125e+00
-4.84601161562e+00
-5.35109064597e+00
-4.42374213460e+00
-5.37023615473e+00
-4.23175079547e+00
-4.49751445229e+00
-5.43475123930e+00
-5.71974675280e+00
-5.47515860060e+00
-3.97242984719e+00
-4.44818094003e+00
-5.08746559629e+00
-3.89686808753e+00
-3.16577078235e+00
-4.76437227957e+00
-4.86414540697e+00
-4.74572675688e+00
-5.32401757059e+00
-4.33771947676e+00
-4.36904714198e+00
-4.37692226019e+00
-4.12862505505e+00
-4.21477319776e+00
-5.39063258435e+00
-4.69347130277e+00
-3.69580181951e+00
-5.52393736389e+00
-2.74944973642e+00
-5.14293282883e+00
-3.65216173674e+00
-4.79191442370e+00
-6.08758294919e+00
-5.75041220895e+00
-6.38069023440e+00
-5.38281996765e+00
-5.84180669112e+00
-4.89085349640e+00
-4.32072050917e+00
-5.35887380997e+00
-3.80212771213e+00
-4.86925885150e+00
-3.34242097231e+00
-4.39896550974e+00
-5.29004147342e+00
-5.88130341417e+00
-5.22755422467e+00
-5.62200001312e+00
-4.48635819512e+00
-5.49293056973e+00
-4.36480118677e+00
-5.51516152567e+00
-3.87017326759e+00
-4.18233120249e+00
-5.98056843228e+00
-4.59071329600e+00
-6.42328815329e+00
-4.57887234295e+00
-5.38986169449e+00
-4.80771852991e+00
-5.20371321467e+00
-4.65844018595e+00
-4.55057463858e+00
-4.63167799248e+00
-5.39610858073e+00
-3.21390035826e+00
-5.30605471062e+00
-4.51770765883e+00
-5.43174899734e+00
-5.42044309013e+00
-4.63316187480e+00
-5.65889917530e+00
-6.00191188449e+00
-4.36079309619e+00
-4.14859396747e+00
-4.20644471035e+00
-5.20801646134e+00
-4.14575420879e+00
-4.22198659194e+00
-4.99273462711e+00
-4.30959428975e+00
-5.34022774369e+00
-5.20163241372e+00
-3.84478971463e+00
-5.97429434671e+00
-5.22782260398e+00
-5.65957790417e+00
-6.35436247169e+00
-4.99708604307e+00
-5.23234724132e+00
-4.63630111550e+00
-4.47888132404e+00
-5.41343309560e+00
-4.45057532847e+00
-5.30948221846e+00
-6.19562709209e+00
-5.38752207905e+00
-5.49910336009e+00
-4.21190396995e+00
-5.51169422943e+00
-4.60459857416e+00
-5.05747035704e+00
-5.38957163723e+00
-5.80136710678e+00
-4.22412602941e+00
-4.54880103849e+00
-5.05903464197e+00
-5.01265681383e+00
-5.50301239694e+00
-5.42653562603e+00
-6.41906313337e+00
-5.02948033793e+00
-4.28625496506e+00
-4.90655694325e+00
-5.00360189355e+00
-4.24003679623e+00
-5.46754996704e+00
-5.18917555708e+00
-6.68224597390e+00
-5.26651898742e+00
-6.08097206361e+00
-3.63669856810e+00
-5.95795143990e+00
-5.57635360873e+00
-5.28561618816e+00
-5.54123894269e+00
-5.40959290380e+00
-6.46730721746e+00
-3.83623617151e+00
-4.49490228710e+00
-5.10561487267e+00
-4.26763785377e+00
-5.95977684070e+00
-5.62197079459e+00
-5.81128586746e+00
-4.49726203685e+00
-5.46126158138e+00
-5.76314051174e+00
-5.61830113201e+00
-4.58458150473e+00
-4.78632065900e+00
-4.97530055773e+00
-4.26451450187e+00
-3.82461820088e+00
-4.67861038299e+00
-4.66105825612e+00
-4.64855028963e+00
-5.96023455814e+00
-4.32105966823e+00
-4.66268118140e+00
-5.13612999602e+00
-5.30950166002e+00
-6.27655440490e+00
-4.57652957637e+00
-3.85752845937e+00
-5.54448571305e+00
-4.75458445496e+00
-5.87815626674e+00
-4.14937038070e+00
-4.07386570031e+00
-4.83890541513e+00
-3.79850658392e+00
-5.20954235795e+00
-4.45870172672e+00
-5.88057852375e+00
-5.29700163746e+00
-4.63227911107e+00
-3.70035448679e+00
-4.76602135827e+00
-5.66344696849e+00
-4.49102705926e+00
-5.31559593515e+00
-4.54932180212e+00
-5.90939733982e+00
-4.81643417493e+00
-2.51717935310e+00
-4.97759378832e+00
-3.65514343108e+00
-5.24347534244e+00
-4.10036009644e+00
-4.33530051090e+00
-4.53645196209e+00
-4.09653066987e+00
-4.86338382861e+00
-5.73562660723e+00
-5.46910069994e+00
-4.99771169005e+00
-4.74318104695e+00
-4.95996083156e+00
-4.36218092058e+00
-5.69223889732e+00
-5.22515786057e+00
-5.30077326346e+00
-4.91944289209e+00
-5.07754870625e+00
-4.63805097044e+00
-4.48769016899e+00
-4.45492706683e+00
-5.42464342293e+00
-5.37322016021e+00
-4.70300264641e+00
-4.10157167498e+00
-5.00515567350e+00
-4.46595882850e+00
-6.00795065448e+00
-4.09363299025e+00
-5.14278361678e+00
-5.52447354049e+00
-4.30591468072e+00
-4.92538647847e+00
-4.68344090786e+00
-4.68521015556e+00
-4.64356489395e+00
-4.62299445149e+00
-4.78448917646e+00
-4.49486684004e+00
-4.71586254184e+00
-4.59606327272e+00
-5.42597159242e+00
-4.41417549693e+00
-5.84495007287e+00
-4.05901381616e+00
-4.31872390940e+00
-5.28517150648e+00
-5.04291127935e+00
-5.06597712659e+00
-4.20383556403e+00
-4.35436981531e+00
-4.70302365991e+00
-5.79515709102e+00
-4.20549041259e+00
-5.80638611006e+00
-4.03158411545e+00
-4.76063810882e+00
-5.13230380064e+00
-3.21912457352e+00
-5.57685832143e+00
-5.11091182727e+00
-5.08277084167e+00
-4.41694052066e+00
-4.54524214289e+00
-4.64599569336e+00
-3.88259265272e+00
-3.78297715074e+00
-4.76267788070e+00
-5.86305245685e+00
-5.17462422564e+00
-6.28831612879e+00
-5.47702045819e+00
-4.31009614427e+00
-3.04151438977e+00
-5.15143270051e+00
-6.37723353758e+00
-4.53444622405e+00
-5.55941378917e+00
-6.02496141140e+00
-4.18158199709e+00
-5.22020832251e+00
-5.95828441885e+00
-4.49473291843e+00
-4.31054219337e+00
-4.69327740086e+00
-4.76635101554e+00
-4.32314652279e+00
-4.51937031408e+00
-5.44816533897e+00
-4.64546938524e+00
-6.28178747983e+00
-5.96091723772e+00
-3.17076709316e+00
-4.99969327328e+00
-4.95709800718e+00
-5.73343463444e+00
-5.90317571083e+00
-6.08225220683e+00
-4.90241600203e+00
-2.40019804243e+00
-4.28283471593e+00
-4.05213003513e+00
-4.75519849229e+00
-5.35193022904e+00
-5.51522448614e+00
-4.79614772476e+00
-4.68017418376e+00
-5.19079905736e+00
-5.55921301765e+00
-6.88279016980e+00
-5.29159181899e+00
-5.39325235285e+00
-4.74405283876e+00
-4.93031514640e+00
-4.38502214061e+00
-5.08211158988e+00
-5.87692045818e+00
-6.21760552625e+00
-4.79633687206e+00
-4.56408527142e+00
-5.30820485890e+00
-5.05084567217e+00
-3.78850155307e+00
-4.79169285817e+00
-4.24245264627e+00
-5.20548927294e+00
-3.87520594832e+00
-5.81639115389e+00
-4.63976882829e+00
-5.10245228617e+00
-4.27967160242e+00
-3.30853716787e+00
-5.30357525177e+00
-4.93431321590e+00
-4.11887039703e+00
-3.75855672585e+00
-4.58252000676e+00
-3.34765369828e+00
-4.14006220328e+00
-5.75546212548e+00
-4.71259889086e+00
-4.38078218608e+00
-5.15610014099e+00
-6.53523336951e+00
-5.45999164187e+00
-4.15936502441e+00
-5.71817716147e+00
-5.15991059406e+00
-5.47388757970e+00
-4.35271279148e+00
-5.18650354693e+00
-4.82330587438e+00
-4.69667399194e+00
-5.04592786784e+00
-4.98293735451e+00
-4.77003499169e+00
-4.14078578748e+00
-5.10619939949e+00
-5.27584085422e+00
-6.11334893917e+00
-5.16530823464e+00
-5.85264504266e+00
-4.77931039100e+00
-4.99786001628e+00
-5.42246561409e+00
-5.11824689145e+00
-5.48416380017e+00
-4.93639060275e+00
-3.65371635115e+00
-5.31639998953e+00
-4.03815637364e+00
-4.75017626717e+00
-5.92802576509e+00
-4.65742411306e+00
-5.09680451960e+00
-4.86519158451e+00
-4.87662382882e+00
-6.37219529597e+00
-4.58859505448e+00
-4.58119148020e+00
-4.58063596520e+00
-4.66647707602e+00
-4.49797876987e+00
-2.87098018541e+00
-4.36277628883e+00
-4.84877964632e+00
-4.59311920916e+00
-4.65536625422e+00
-5.00900953298e+00
-5.10122287930e+00
-5.26024256988e+00
-5.14205440952e+00
-4.28576415281e+00
-4.98543733827e+00
-4.32328764233e+00
-6.05061724316e+00
-4.31947666004e+00
-5.07154660754e+00
-3.65154044079e+00
-5.79119024437e+00
-6.25822842605e+00
-4.29301100374e+00
-4.66099863321e+00
-2.61630646475e+00
-4.98562769739e+00
-3.67076041224e+00
-5.78342394758e+00
-4.01014360686e+00
-4.80291827616e+00
-5.87793056219e+00
-5.69287958962e+00
-4.03388619246e+00
-5.69968961446e+00
-6.40170475132e+00
-4.85217032202e+00
-5.24294752582e+00
-4.81750674914e+00
-5.59172988002e+00
-5.26017262707e+00
-6.16287379625e+00
-5.31484619510e+00
-3.65144691207e+00
-4.95250852201e+00
-5.21657002955e+00
-4.47996176212e+00
-5.11941465515e+00
-5.25127198800e+00
-4.53441318918e+00
-5.74193112150e+00
-5.32423484408e+00
-5.01120541318e+00
-5.70590437255e+00
-4.32283518018e+00
-5.10157339799e+00
-4.72825935240e+00
-5.54137099881e+00
-4.54987495291e+00
-5.15826287338e+00
-4.97880133453e+00
-4.03949256998e+00
-5.32088168335e+00
-4.70088874498e+00
-5.20962169345e+00
-3.43522290058e+00
-4.32580183162e+00
-5.02789125526e+00
-5.31925385974e+00
-5.58342540226e+00
-4.76696889663e+00
-5.82337516729e+00
-4.45624614816e+00
-5.39733559796e+00
-5.23709304416e+00
-4.24278075424e+00
-5.22555997073e+00
-5.80101281699e+00
-3.75090073407e+00
-4.20869459209e+00
-5.26299783441e+00
-5.25821644890e+00
-5.37683045030e+00
-4.69167039852e+00
-4.21946878573e+00
-6.05554713688e+00
-5.16192679536e+00
-5.35823527118e+00
-3.22747844848e+00
-3.28078431685e+00
-4.31704864419e+00
-4.45697810990e+00
-5.88373560091e+00
-5.49949391600e+00
-5.29959283018e+00
-3.55394644950e+00
-4.49133968514e+00
-4.96429544578e+00
-6.01276222120e+00
-5.46905400080e+00
-5.41098618054e+00
-5.41582681142e+00
-4.81867238543e+00
-4.78030175689e+00
-3.94957736047e+00
-4.86630967059e+00
-5.00464623041e+00
-5.12612351993e+00
-3.61200177784e+00
-4.88875198637e+00