-2.84641975610e+01
-2.84519861297e+01
-2.84328957755e+01
-2.85158826554e+01
-2.83882474652e+01
-2.84387285022e+01
-2.84030619296e+01
-2.84136618594e+01
-2.84737183509e+01
-2.85004692423e+01
-2.84621471353e+01
-2.84565326842e+01
-2.85382152774e+01
-2.84628857088e+01
-2.84521535293e+01
-2.84755901641e+01
-2.84058422953e+01
-2.84356322749e+01
-2.84636228891e+01
-2.84531031533e+01
-2.85288956580e+01
-2.85008153048e+01
-2.84722107342e+01
-2.83711498732e+01
-2.85419708475e+01
-2.85625435051e+01
-2.85602399016e+01
-2.83940114394e+01
-2.83889656802e+01
-2.84631971732e+01
-2.85176091065e+01
-2.84860098324e+01
-2.84978452169e+01
-2.84393359986e+01
-2.85156506767e+01
-2.85115577286e+01
-2.85626741052e+01
-2.84870848540e+01
-2.84507303487e+01
-2.85205072851e+01
-2.84793458410e+01
-2.84339865255e+01
-2.84722808877e+01
-2.84059511226e+01
-2.84795198351e+01
-2.84564914159e+01
-2.85102901741e+01
-2.84598907628e+01
-2.84003606521e+01
-2.84944953739e+01
-2.84682730278e+01
-2.85513155963e+01
-2.84559961800e+01
-2.84441732225e+01
-2.85058298231e+01
-2.85111054265e+01
-2.84779395362e+01
-2.84230642273e+01
-2.84759541118e+01
-2.85063205435e+01
-2.85281437112e+01
-2.84924974490e+01
-2.84516417651e+01
-2.84422147835e+01
-2.85320534282e+01
-2.83941870781e+01
-2.84155914044e+01
-2.84288522672e+01
-2.84746790749e+01
-2.84160555191e+01
-2.84239514390e+01
-2.84912197002e+01
-2.84746339465e+01
-2.84813725049e+01
-2.84986911231e+01
-2.84397304406e+01
-2.84949749740e+01
-2.83854958255e+01
-2.84686982234e+01
-2.84205903646e+01
-2.84276415581e+01
-2.84611560827e+01
-2.84066784340e+01
-2.84725689814e+01
-2.84551874116e+01
-2.84456841719e+01
-2.84665790386e+01
-2.84863223075e+01
-2.85364498921e+01
-2.85002802208e+01
-2.84330598240e+01
-2.84797000041e+01
-2.84731288913e+01
-2.84653348455e+01
-2.85623336306e+01
-2.84414982954e+01
-2.84250409878e+01
-2.84371429846e+01
-2.84480039460e+01
-2.84346066930e+01
-2.84682967316e+01
-2.85562424763e+01
-2.84391301869e+01
-2.84746913827e+01
-2.84203895860e+01
-2.84532546985e+01
-2.85143718533e+01
-2.84267368538e+01
-2.84457203484e+01
-2.84975834937e+01
-2.84758908703e+01
-2.85281249436e+01
-2.84296215180e+01
-2.84422578886e+01
-2.84029916703e+01
-2.85087924524e+01
-2.85068808535e+01
-2.85196641776e+01
-2.85547895023e+01
-2.84945271328e+01
-2.84468649612e+01
-2.84400880053e+01
-2.85158278435e+01
-2.84891016354e+01
-2.84546195892e+01
-2.84345409243e+01
-2.84786311836e+01
-2.85175962254e+01
-2.84212102782e+01
-2.84779959954e+01
-2.84495774098e+01
-2.84795744117e+01
-2.84357706565e+01
-2.84311062053e+01
-2.84342264262e+01
-2.84433743620e+01
-2.85083402895e+01
-2.84346459247e+01
-2.84101196334e+01
-2.84274215235e+01
-2.84752525676e+01
-2.84004971359e+01
-2.85395060561e+01
-2.84279962148e+01
-2.83962978699e+01
-2.84531755879e+01
-2.84454346641e+01
-2.85116014327e+01
-2.85050011790e+01
-2.84802004367e+01
-2.84538343795e+01
-2.84642975107e+01
-2.84613112532e+01
-2.84448764654e+01
-2.84082189750e+01
-2.84383190565e+01
-2.84835527320e+01
-2.85019803554e+01
-2.84701371711e+01
-2.84216845404e+01
-2.84914152138e+01
-2.84473370478e+01
-2.85109094712e+01
-2.84809709963e+01
-2.85010202953e+01
-2.84780521700e+01
-2.83975273821e+01
-2.85148524255e+01
-2.84402863393e+01
-2.84615576245e+01
-2.84338857211e+01
-2.84161939620e+01
-2.84856218217e+01
-2.85415886766e+01
-2.85131580325e+01
-2.84897194303e+01
-2.84826968778e+01
-2.84827108447e+01
-2.84947587156e+01
-2.84874086545e+01
-2.85114653670e+01
-2.84710819919e+01
-2.84367089918e+01
-2.84321866518e+01
-2.85474472741e+01
-2.85093608754e+01
-2.83405829286e+01
-2.84192940666e+01
-2.84812246704e+01
-2.84621094641e+01
-2.84847403980e+01
-2.83678279375e+01
-2.84945728177e+01
-2.83799479316e+01
-2.84096309661e+01
-2.84248463979e+01
-2.84287045214e+01
-2.84828085990e+01
-2.85021844195e+01
-2.84608504427e+01
-2.84333151557e+01
-2.84331616717e+01
-2.85254700065e+01
-2.84999044111e+01
-2.85101873843e+01
-2.83964186258e+01
-2.84376690171e+01
-2.84476280870e+01
-2.84023969579e+01
-2.84250330813e+01
-2.84971837370e+01
-2.85190805980e+01
-2.84597821444e+01
-2.84489449041e+01
-2.85058656191e+01
-2.85032852832e+01
-2.83969335930e+01
-2.84783883123e+01
-2.84921034534e+01
-2.84650840330e+01
-2.84687089646e+01
-2.84794872517e+01
-2.85093135559e+01
-2.84078109084e+01
-2.84451411937e+01
-2.84713321343e+01
-2.84611898207e+01
-2.85133764436e+01
-2.84881155073e+01
-2.85008597036e+01
-2.83914209039e+01
-2.85164656963e+01
-2.84552175864e+01
-2.85733609629e+01
-2.84487826151e+01
-2.84609765563e+01
-2.85021376320e+01
-2.84885871325e+01
-2.85351290624e+01
-2.85352494100e+01
-2.84883241831e+01
-2.85227503393e+01
-2.85189717980e+01
-2.85238591176e+01
-2.84628081049e+01
-2.83634748904e+01
-2.84868140630e+01
-2.84460575899e+01
-2.85522933875e+01
-2.85368341565e+01
-2.84955389283e+01
-2.84815442447e+01
-2.84520913522e+01
-2.85322475174e+01
-2.85537442402e+01
-2.84841096361e+01
-2.84788004932e+01
-2.84920976130e+01
-2.84795457312e+01
-2.84947024058e+01
-2.84556986766e+01
-2.84541772645e+01
-2.85188759957e+01
-2.84824574694e+01
-2.84887332055e+01
-2.84509632580e+01
-2.84889713644e+01
-2.84432750011e+01
-2.85051130744e+01
-2.84496887800e+01
-2.84054958748e+01
-2.84699422319e+01
-2.84361494769e+01
-2.84749924543e+01
-2.84533457294e+01
-2.85198373777e+01
-2.84458597863e+01
-2.84440639010e+01
-2.84660668644e+01
-2.85286419783e+01
-2.84398835282e+01
-2.84555244682e+01
-2.84613338919e+01
-2.83995322920e+01
-2.84888513334e+01
-2.85118493764e+01
-2.85431848195e+01
-2.84391831757e+01
-2.85315362901e+01
-2.84544770469e+01
-2.84921137145e+01
-2.84598124919e+01
-2.84947914810e+01
-2.84762180310e+01
-2.84337379420e+01
-2.84282214866e+01
-2.84288453353e+01
-2.84218506337e+01
-2.85296699676e+01
-2.84919274062e+01
-2.84982740493e+01
-2.84496512467e+01
-2.84773995206e+01
-2.84556586414e+01
-2.83874311887e+01
-2.84656568523e+01
-2.84869114666e+01
-2.85021080895e+01
-2.85274283900e+01
-2.84395147693e+01
-2.84623235132e+01
-2.85321243369e+01
-2.84577264633e+01
-2.84602757818e+01
-2.84571747628e+01
-2.84579288600e+01
-2.84219746258e+01
-2.84734314663e+01
-2.84442158740e+01
-2.84534762547e+01
-2.84910885803e+01
-2.84478456458e+01
-2.83659132757e+01
-2.84141392703e+01
-2.85110619140e+01
-2.84815610529e+01
-2.84226663949e+01
-2.85546979868e+01
-2.85056360827e+01
-2.84854736439e+01
-2.84469571382e+01
-2.84833941871e+01
-2.85091632651e+01
-2.85056424984e+01
-2.84168159844e+01
-2.84058583174e+01
-2.84260591370e+01
-2.84789144649e+01
-2.83953169715e+01
-2.84685151281e+01
-2.84049263777e+01
-2.84796792677e+01
-2.84553509036e+01
-2.84854969642e+01
-2.84684007725e+01
-2.85010330602e+01
-2.84800320259e+01
-2.84726553613e+01
-2.85228607492e+01
-2.85208525232e+01
-2.84762052505e+01
-2.84938393671e+01
-2.84339360237e+01
-2.85643815253e+01
-2.84817838058e+01
-2.84384297383e+01
-2.84480673522e+01
-2.84970298637e+01
-2.85297213003e+01
-2.84763610124e+01
-2.84561872887e+01
-2.84587657446e+01
-2.85287037684e+01
-2.84489590282e+01
-2.85035725929e+01
-2.84789309069e+01
-2.84421760608e+01
-2.85309665221e+01
-2.84503790554e+01
-2.84581656972e+01
-2.84396377141e+01
-2.85021439010e+01
-2.83914319661e+01
-2.84872049034e+01
-2.84935635305e+01
-2.84528437814e+01
-2.84421946785e+01
-2.84085670982e+01
-2.84272741730e+01
-2.84356874210e+01
-2.84785159451e+01
-2.84106920350e+01
-2.84491170387e+01
-2.84758255634e+01
-2.85231343321e+01
-2.84616651704e+01
-2.84500189356e+01
-2.85082849414e+01
-2.85321415940e+01
-2.85148533683e+01
-2.84929311572e+01
-2.85356412365e+01
-2.84921514912e+01
-2.84765832347e+01
-2.84874798169e+01
-2.84463696096e+01
-2.85214444989e+01
-2.84539089281e+01
-2.83975136162e+01
-2.85245288987e+01
-2.84945174505e+01
-2.84249687233e+01
-2.83977927232e+01
-2.84076717377e+01
-2.84404457070e+01
-2.84801412665e+01
-2.84714115879e+01
-2.85222925170e+01
-2.85311696006e+01
-2.84835630422e+01
-2.84752351468e+01
-2.84793719683e+01
-2.84916551147e+01
-2.83787681453e+01
-2.84401686481e+01
-2.84766783972e+01
-2.84875686880e+01
-2.84152170107e+01
-2.85283723676e+01
-2.84652931623e+01
-2.85217973858e+01
-2.84436433238e+01
-2.84590571436e+01
-2.84062464339e+01
-2.85256570406e+01
-2.85232438499e+01
-2.85021455711e+01
-2.84787908057e+01
-2.84791085088e+01
-2.84607368640e+01
-2.85112920095e+01
-2.85048024239e+01
-2.84099301026e+01
-2.84871166702e+01
-2.84624324449e+01
-2.84937459107e+01
-2.84936196315e+01
-2.84024485591e+01
-2.84334213604e+01
-2.84995429299e+01
-2.84774286163e+01
-2.84997878618e+01
-2.85093430725e+01
-2.84414268786e+01
-2.85124239172e+01
-2.84791797552e+01
-2.84212889583e+01
-2.84553664506e+01
-2.83981202922e+01
-2.84671956142e+01
-2.84070628780e+01
-2.84410186966e+01
-2.85019818184e+01
-2.84161485962e+01
-2.84629996873e+01
-2.85140311904e+01
-2.84748093200e+01
-2.84329690131e+01
-2.85303574546e+01
-2.83943693690e+01
-2.84241111234e+01
-2.84800573036e+01
-2.84963554401e+01
-2.85029342411e+01
-2.84001319966e+01
-2.84810835500e+01
-2.85134176840e+01
-2.84800748308e+01
-2.85352656986e+01
-2.84939786886e+01
-2.84658460925e+01
-2.85095235181e+01
-2.84466793183e+01
-2.85187632703e+01
-2.84606874138e+01
-2.84210068445e+01
-2.84208978692e+01
-2.84284005833e+01
-2.85320103122e+01
-2.83988652707e+01
-2.85314842161e+01
-2.85127425582e+01
-2.85071654563e+01
-2.85018893970e+01
-2.84543605104e+01
-2.84535191251e+01
-2.85357039048e+01
-2.85004015349e+01
-2.84944972580e+01
-2.84099281934e+01
-2.84426958465e+01
-2.84311329440e+01
-2.84168675026e+01
-2.85605801046e+01
-2.85101897446e+01
-2.84925074683e+01
-2.84163975046e+01
-2.84819318647e+01
-2.84349962579e+01
-2.84449092076e+01
-2.84664293006e+01