2.74051016765e+00
2.73914288987e+00
2.74069141308e+00
2.74053796987e+00
2.73968631418e+00
2.73971640662e+00
2.74042645160e+00
2.73957285289e+00
2.73909400063e+00
2.74074058130e+00
2.73974331656e+00
2.73855114763e+00
2.73982837571e+00
2.73870959044e+00
2.73930889747e+00
2.73850884461e+00
2.74036625957e+00
2.73981384839e+00
2.74015215178e+00
2.73906564898e+00
2.73813390265e+00
2.73961143461e+00
2.73854131879e+00
2.74000195625e+00
2.73949767943e+00
2.74082410914e+00
2.74037526916e+00
2.74128619049e+00
2.73883086608e+00
2.73913587265e+00
2.73952565143e+00
2.73925265216e+00
2.74018939679e+00
2.74103605245e+00
2.73946043329e+00
2.73983647041e+00
2.74064494631e+00
2.73967995292e+00
2.74037514274e+00
2.74042339744e+00
2.74019385821e+00
2.74001476464e+00
2.73873407868e+00
2.73995384420e+00
2.74092882756e+00
2.74084196994e+00
2.73989915460e+00
2.73890755941e+00
2.73970033232e+00
2.73857954913e+00
2.73916370716e+00
2.73943131838e+00
2.74037968588e+00
2.73947663325e+00
2.74001792526e+00
2.73981402567e+00
2.73874512953e+00
2.73955310432e+00
2.74024106400e+00
2.73895515036e+00
2.74008545829e+00
2.73932500917e+00
2.74027650623e+00
2.74017249478e+00
2.73969455272e+00
2.73936334594e+00
2.73899652319e+00
2.74017784071e+00
2.73915126227e+00
2.74022061008e+00
2.73982876692e+00
2.74011208146e+00
2.73994809948e+00
2.74041735561e+00
2.74002415602e+00
2.73936495951e+00
2.73981058125e+00
2.73978262841e+00
2.73812382308e+00
2.73895502735e+00
2.74011245499e+00
2.74052002302e+00
2.73815398706e+00
2.74078867976e+00
2.73955195914e+00
2.73941952899e+00
2.74065908000e+00
2.74050911627e+00
2.73996494451e+00
2.74010729506e+00
2.73867715406e+00
2.73933643809e+00
2.74038848764e+00
2.74044758513e+00
2.74015122544e+00
2.73968136652e+00
2.73996306162e+00
2.74045030649e+00
2.74007781758e+00
2.73911866374e+00
2.73902404742e+00
2.73885912762e+00
2.73957219400e+00
2.74037257915e+00
2.74113585823e+00
2.74084728309e+00
2.74002339495e+00
2.74031861260e+00
2.73853495014e+00
2.74025523501e+00
2.74051545224e+00
2.74104163450e+00
2.74074477489e+00
2.73987246786e+00
2.74064275613e+00
2.73890546595e+00
2.73961696081e+00
2.73909805924e+00
2.73952630603e+00
2.73832058342e+00
2.73954329840e+00
2.73915614895e+00
2.73973142868e+00
2.74069100730e+00
2.73960219786e+00
2.73915566006e+00
2.73888798921e+00
2.74035516387e+00
2.73914997093e+00
2.74092749136e+00
2.73869819361e+00
2.73969276477e+00
2.73891526187e+00
2.74074975565e+00
2.74032290726e+00
2.73990337564e+00
2.74045832501e+00
2.74010393781e+00
2.74081539927e+00
2.73988400593e+00
2.73896067367e+00
2.73865675591e+00
2.73950415129e+00
2.73984160670e+00
2.73987873013e+00
2.73814225593e+00
2.74036086927e+00
2.73974918949e+00
2.73954182093e+00
2.73930528939e+00
2.73979368689e+00
2.73861465269e+00
2.73953217428e+00
2.73934646516e+00
2.73937622406e+00
2.73950369689e+00
2.73912815176e+00
2.73931720304e+00
2.73930779862e+00
2.74033460144e+00
2.73923391674e+00
2.73914881579e+00
2.73923978639e+00
2.73890243285e+00
2.73875629421e+00
2.74052676138e+00
2.73961259479e+00
2.73978068163e+00
2.73923539571e+00
2.74057939209e+00
2.74028396473e+00
2.74043869790e+00
2.73975019578e+00
2.73947122304e+00
2.73966622886e+00
2.73950431388e+00
2.74026857807e+00
2.73970491889e+00
2.74049935913e+00
2.73985919525e+00
2.74044610047e+00
2.74107953352e+00
2.73901686683e+00
2.73892691745e+00
2.73928197641e+00
2.73988909901e+00
2.73902759836e+00
2.73940144378e+00
2.74040345943e+00
2.74025776076e+00
2.73965814239e+00
2.73806322486e+00
2.73962137850e+00
2.73963066130e+00
2.73962004986e+00
2.73901936881e+00
2.73964601472e+00
2.73943165833e+00
2.74046686438e+00
2.73907369325e+00
2.74011237458e+00
2.74027686380e+00
2.74009711349e+00
2.73937851244e+00
2.73854552016e+00
2.73912657576e+00
2.73912346683e+00
2.73966917605e+00
2.73855612454e+00
2.73868241765e+00
2.73993369417e+00
2.74028952079e+00
2.73963130811e+00
2.73959072505e+00
2.74020510995e+00
2.73992802140e+00
2.73910081232e+00
2.73846885761e+00
2.73918727662e+00
2.73889417448e+00
2.73932439179e+00
2.73992736291e+00
2.74021272303e+00
2.74100852020e+00
2.74092230932e+00
2.73990801503e+00
2.74025182804e+00
2.73882603232e+00
2.73944627681e+00
2.73940532723e+00
2.74005763904e+00
2.73945594269e+00
2.73951996418e+00
2.73927677495e+00
2.73973143000e+00
2.74034014063e+00
2.73912761404e+00
2.74069422678e+00
2.74089802161e+00
2.74053104512e+00
2.73995849347e+00
2.74074357040e+00
2.74054764336e+00
2.73914655221e+00
2.73946769858e+00
2.74028316053e+00
2.73987681617e+00
2.73930418761e+00
2.73984925396e+00
2.73919157557e+00
2.74033008126e+00
2.73951308885e+00
2.73950458775e+00
2.73910675649e+00
2.74005684478e+00
2.74033608968e+00
2.73941083964e+00
2.74014986153e+00
2.73985780980e+00
2.74027314749e+00
2.74066576145e+00
2.73962230904e+00
2.74030875556e+00
2.73974925285e+00
2.73919558730e+00
2.73974303388e+00
2.74103558959e+00
2.74102601187e+00
2.73814512994e+00
2.73907659253e+00
2.73986068633e+00
2.73965348437e+00
2.74017515108e+00
2.74083886795e+00
2.74034191588e+00
2.73998616273e+00
2.73900211638e+00
2.73984426005e+00
2.73996931173e+00
2.73915112821e+00
2.73960346080e+00
2.73911818055e+00
2.73884954860e+00
2.73986172996e+00
2.74005391769e+00
2.74052500051e+00
2.74016968983e+00
2.74064520942e+00
2.74058466037e+00
2.74007392005e+00
2.73999745191e+00
2.73947658854e+00
2.74055409213e+00
2.73904817240e+00
2.73920839404e+00
2.74077698772e+00
2.73896181104e+00
2.74045759393e+00
2.73990517348e+00
2.73982442038e+00
2.73967510645e+00
2.74088247784e+00
2.73891654891e+00
2.73979304858e+00
2.74044845641e+00
2.73972982916e+00
2.74001388209e+00
2.73860216057e+00
2.74021404263e+00
2.73978861603e+00
2.74071155554e+00
2.73973003161e+00
2.73900474737e+00
2.74072074606e+00
2.73937212407e+00
2.73995103628e+00
2.73924144979e+00
2.73951540786e+00
2.73966960985e+00
2.73942375071e+00
2.73923630539e+00
2.73984988867e+00
2.74023374102e+00
2.73965382676e+00
2.73853654692e+00
2.73966949219e+00
2.74021998958e+00
2.73952291216e+00
2.73837542015e+00
2.73937312024e+00
2.73966509488e+00
2.73930233445e+00
2.74149162188e+00
2.74028217175e+00
2.74037046762e+00
2.73969375920e+00
2.74029508563e+00
2.73941718330e+00
2.73947502980e+00
2.73951864429e+00
2.73924126130e+00
2.73997922184e+00
2.73941265315e+00
2.73849323486e+00
2.73908829905e+00
2.74034583987e+00
2.73991581787e+00
2.73989435229e+00
2.73967538927e+00
2.74033909995e+00
2.73910543895e+00
2.73996209476e+00
2.74020611985e+00
2.73986242932e+00
2.74018829551e+00
2.73870783704e+00
2.73952713237e+00
2.73993951990e+00
2.73954254312e+00
2.74015965246e+00
2.74071876569e+00
2.73954281367e+00
2.73935131489e+00
2.74022636803e+00
2.73935910460e+00
2.74015050441e+00
2.73887264571e+00
2.73946968656e+00
2.73945702201e+00
2.73969705137e+00
2.73948437353e+00
2.73942949453e+00
2.73925470054e+00
2.73829954382e+00
2.73923512625e+00
2.74006082535e+00
2.74100267794e+00
2.73968607499e+00
2.73964166016e+00
2.73976927546e+00
2.73934959668e+00
2.73923911702e+00
2.73926061954e+00
2.73972421442e+00
2.73956234865e+00
2.73875488436e+00
2.73999261599e+00
2.73878647343e+00
2.73973830877e+00
2.74049319249e+00
2.73977775154e+00
2.74004393555e+00
2.74036669853e+00
2.74022093969e+00
2.73885996864e+00
2.73946053704e+00
2.74064659456e+00
2.74037288360e+00
2.73860016247e+00
2.73918720867e+00
2.73891959813e+00
2.74050287479e+00
2.74034781531e+00
2.74067537101e+00
2.74023919148e+00
2.74007069612e+00
2.73974203073e+00
2.73981747194e+00
2.74020279754e+00
2.74065133746e+00
2.73892395543e+00
2.73964018380e+00
2.74004170907e+00
2.74022579640e+00
2.74020823060e+00
2.73978432571e+00
2.74088821025e+00
2.73890585806e+00
2.74031637242e+00
2.73980165535e+00
2.73956631601e+00
2.74036458437e+00
2.73896748451e+00
2.74004293073e+00
2.73938539406e+00
2.73922200010e+00
2.73936520050e+00
2.73968045616e+00
2.74016748353e+00
2.73981706017e+00
2.73980408511e+00
2.74096220974e+00
2.74026229433e+00
2.73884555450e+00
2.73921402600e+00
2.73898760459e+00
2.73802676597e+00
2.73995863989e+00
2.73926133973e+00
2.73998511659e+00
2.73944207413e+00
2.74023034369e+00
2.74011458280e+00
2.73908352141e+00
2.73962851262e+00
2.73964929519e+00
2.74000702492e+00
2.73957046678e+00
2.74017573744e+00
2.74016814232e+00
2.73895603028e+00
2.74085968715e+00
2.73959472454e+00
2.73939268095e+00
2.74011417324e+00
2.73975864282e+00
2.73933859525e+00
2.73990773330e+00
2.74056025060e+00
2.74098714317e+00
2.73863482058e+00
2.74030939764e+00
2.73979922001e+00
2.74018862398e+00
2.74023402423e+00
2.73894346414e+00
2.73988116328e+00
2.74127422213e+00
2.73898306539e+00
2.73947253193e+00
2.74008271114e+00
2.73945338844e+00
2.73944843389e+00
2.73963337375e+00
2.73868605293e+00
2.73922984696e+00
2.74069800321e+00
2.73923028558e+00
2.74046081310e+00
2.73955101521e+00
2.74104823417e+00
2.73912454752e+00
2.73962006116e+00
2.73939056019e+00
2.73925315940e+00
2.73920114219e+00
2.73916049043e+00
2.73929929328e+00
2.73941572042e+00
2.74074800475e+00
2.74013481032e+00
2.73925311008e+00
2.74000943235e+00
2.73862762066e+00
2.73876742688e+00
2.73887939609e+00
2.73919846722e+00
2.74026941165e+00
2.73970862167e+00
2.73931938674e+00
2.73974656715e+00