-7.74417585410e+00
-7.74264655383e+00
-7.74577386097e+00
-7.74491594657e+00
-7.74345608650e+00
-7.74299961203e+00
-7.74361830007e+00
-7.74374307964e+00
-7.74154481157e+00
-7.74370861381e+00
-7.74387814679e+00
-7.74108343268e+00
-7.74313688754e+00
-7.74030036249e+00
-7.74321839891e+00
-7.74148152828e+00
-7.74360179140e+00
-7.74454225556e+00
-7.74210936459e+00
-7.74293882197e+00
-7.74191426498e+00
-7.74194756594e+00
-7.74068661543e+00
-7.74327673950e+00
-7.74157581209e+00
-7.74443767223e+00
-7.74451331878e+00
-7.74479073272e+00
-7.74152141003e+00
-7.74091607642e+00
-7.74442976855e+00
-7.74317177080e+00
-7.74500279996e+00
-7.74460879097e+00
-7.74302447463e+00
-7.74339084384e+00
-7.74436258307e+00
-7.74373579264e+00
-7.74304237806e+00
-7.74466446520e+00
-7.74247913419e+00
-7.74298518639e+00
-7.74327137340e+00
-7.74387126303e+00
-7.74489872389e+00
-7.74529090403e+00
-7.74362275048e+00
-7.74302494667e+00
-7.74309037718e+00
-7.74069556634e+00
-7.74135897330e+00
-7.74389052011e+00
-7.74233244208e+00
-7.74159929675e+00
-7.74207442322e+00
-7.74362903184e+00
-7.74175073300e+00
-7.74228411197e+00
-7.74336679693e+00
-7.74292207301e+00
-7.74326496086e+00
-7.74070095176e+00
-7.74272688559e+00
-7.74313013288e+00
-7.74199787395e+00
-7.74208165679e+00
-7.74182618478e+00
-7.74403355377e+00
-7.74236984715e+00
-7.74402770179e+00
-7.74328946479e+00
-7.74392883505e+00
-7.74403568310e+00
-7.74243279183e+00
-7.74357957118e+00
-7.74370473134e+00
-7.74405562940e+00
-7.74334259866e+00
-7.73946449562e+00
-7.74402775627e+00
-7.74313120331e+00
-7.74330219313e+00
-7.73910734121e+00
-7.74332728798e+00
-7.74256614290e+00
-7.74299366767e+00
-7.74450165594e+00
-7.74491814179e+00
-7.74218406772e+00
-7.74377121546e+00
-7.74322587735e+00
-7.74259991994e+00
-7.74307008799e+00
-7.74347055888e+00
-7.74435701019e+00
-7.74316479800e+00
-7.74375792935e+00
-7.74263412045e+00
-7.74398459511e+00
-7.74205084629e+00
-7.74285221845e+00
-7.74229148964e+00
-7.74252441559e+00
-7.74381647830e+00
-7.74334882001e+00
-7.74544472708e+00
-7.74265560740e+00
-7.74507781680e+00
-7.74129230881e+00
-7.74177743784e+00
-7.74390842039e+00
-7.74440384584e+00
-7.74562186236e+00
-7.74201900815e+00
-7.74409219996e+00
-7.74096355908e+00
-7.74314258479e+00
-7.74252054952e+00
-7.74239597923e+00
-7.74176233125e+00
-7.74223645620e+00
-7.74162380766e+00
-7.74368287835e+00
-7.74370954280e+00
-7.74330687979e+00
-7.74096785936e+00
-7.74174798180e+00
-7.74233237150e+00
-7.74258911757e+00
-7.74330125221e+00
-7.74081746629e+00
-7.74359895177e+00
-7.74131569982e+00
-7.74533488827e+00
-7.74410688846e+00
-7.74414257425e+00
-7.74442763898e+00
-7.74339250768e+00
-7.74529310861e+00
-7.74347603007e+00
-7.74394494218e+00
-7.74237559421e+00
-7.74169974557e+00
-7.74306001278e+00
-7.74303903691e+00
-7.74076082995e+00
-7.74506737691e+00
-7.74213385944e+00
-7.74259857650e+00
-7.74175798005e+00
-7.74342691289e+00
-7.74133719630e+00
-7.74332518616e+00
-7.74315120763e+00
-7.74257334010e+00
-7.74322048838e+00
-7.74244304275e+00
-7.74275455189e+00
-7.74455099175e+00
-7.74379629993e+00
-7.74264748561e+00
-7.74138685708e+00
-7.74243766953e+00
-7.74003904092e+00
-7.74123349215e+00
-7.74306315709e+00
-7.74276717889e+00
-7.74539556935e+00
-7.74149833550e+00
-7.74481413240e+00
-7.74384259359e+00
-7.74336612312e+00
-7.74417738143e+00
-7.74335150329e+00
-7.74182339465e+00
-7.74292627134e+00
-7.74490427495e+00
-7.74306041492e+00
-7.74438280562e+00
-7.74328703706e+00
-7.74499595571e+00
-7.74473696273e+00
-7.74225176020e+00
-7.74247476451e+00
-7.74294085522e+00
-7.74424916972e+00
-7.74217133290e+00
-7.74165471071e+00
-7.74415143811e+00
-7.74402619975e+00
-7.74264729582e+00
-7.74244028763e+00
-7.74333868154e+00
-7.74245643109e+00
-7.74372733556e+00
-7.74330834016e+00
-7.74308287845e+00
-7.74281067989e+00
-7.74385908393e+00
-7.74244150283e+00
-7.74444723181e+00
-7.74307184070e+00
-7.74146720505e+00
-7.74261299515e+00
-7.74103467186e+00
-7.74182036987e+00
-7.74239997297e+00
-7.74265685328e+00
-7.74199884297e+00
-7.74131567298e+00
-7.74245717849e+00
-7.74446278445e+00
-7.74376129862e+00
-7.74137603995e+00
-7.74335536634e+00
-7.74325327950e+00
-7.74163882522e+00
-7.74105007254e+00
-7.74052922660e+00
-7.74195593664e+00
-7.74295249546e+00
-7.74455705805e+00
-7.74236128219e+00
-7.74325496771e+00
-7.74388630643e+00
-7.74199629846e+00
-7.74460484851e+00
-7.74080275343e+00
-7.74404892929e+00
-7.74241640080e+00
-7.74239672345e+00
-7.74232701577e+00
-7.74245469104e+00
-7.74323338471e+00
-7.74218647803e+00
-7.74381286371e+00
-7.74124996139e+00
-7.74431401638e+00
-7.74526404208e+00
-7.74525991250e+00
-7.74377155569e+00
-7.74254329356e+00
-7.74551263100e+00
-7.74238918055e+00
-7.74059234328e+00
-7.74151673213e+00
-7.74325733307e+00
-7.74309343210e+00
-7.74242320125e+00
-7.74274741028e+00
-7.74212624164e+00
-7.74153508599e+00
-7.74375930603e+00
-7.74158608106e+00
-7.74350007344e+00
-7.74321220333e+00
-7.74305308847e+00
-7.74289767504e+00
-7.74221226734e+00
-7.74349077511e+00
-7.74375137334e+00
-7.74430546612e+00
-7.74190370923e+00
-7.74127014857e+00
-7.74154154109e+00
-7.74221795160e+00
-7.74295959079e+00
-7.74473591434e+00
-7.74120978746e+00
-7.74351902964e+00
-7.74341931176e+00
-7.74286983266e+00
-7.74268591005e+00
-7.74452901452e+00
-7.74341285664e+00
-7.74323855321e+00
-7.74002482894e+00
-7.74196999338e+00
-7.74516758122e+00
-7.74249828151e+00
-7.74246533297e+00
-7.74119358190e+00
-7.74250512739e+00
-7.74404742705e+00
-7.74260439913e+00
-7.74419671674e+00
-7.74246936061e+00
-7.74303735574e+00
-7.74336389504e+00
-7.74412462783e+00
-7.74149654445e+00
-7.74292553779e+00
-7.74271860146e+00
-7.74250940403e+00
-7.74200505648e+00
-7.74311935462e+00
-7.74123619844e+00
-7.74417715370e+00
-7.74403181416e+00
-7.74259126420e+00
-7.74383194973e+00
-7.74246493275e+00
-7.74132617364e+00
-7.74487580340e+00
-7.74358532164e+00
-7.74385735689e+00
-7.74343562457e+00
-7.74112526786e+00
-7.74216148654e+00
-7.74396823360e+00
-7.74331730709e+00
-7.74312550237e+00
-7.74212644084e+00
-7.74453656952e+00
-7.74292183389e+00
-7.74369370453e+00
-7.74243528730e+00
-7.74426487105e+00
-7.74338486466e+00
-7.74271344473e+00
-7.74084366356e+00
-7.74067446401e+00
-7.74389927922e+00
-7.74299717393e+00
-7.74119696795e+00
-7.74315687432e+00
-7.74309443717e+00
-7.74188133310e+00
-7.74138898271e+00
-7.74233987714e+00
-7.74236347630e+00
-7.74267376424e+00
-7.74380193417e+00
-7.74400897331e+00
-7.74533790087e+00
-7.74305136258e+00
-7.74408289063e+00
-7.74310687489e+00
-7.74254519484e+00
-7.74245772842e+00
-7.74193715477e+00
-7.74490704310e+00
-7.74192289921e+00
-7.73931801443e+00
-7.74232470084e+00
-7.74451786872e+00
-7.74347682843e+00
-7.74127973367e+00
-7.74352244580e+00
-7.74284159196e+00
-7.74184821474e+00
-7.74183729530e+00
-7.74356919310e+00
-7.74156808533e+00
-7.74227853053e+00
-7.74321931844e+00
-7.74185935686e+00
-7.74371677324e+00
-7.74159283014e+00
-7.74368081228e+00
-7.74495934413e+00
-7.74048667414e+00
-7.74233979902e+00
-7.74342621831e+00
-7.74256481088e+00
-7.74412381949e+00
-7.74104771936e+00
-7.74347959578e+00
-7.74186442167e+00
-7.74393197491e+00
-7.74262408558e+00
-7.74194807191e+00
-7.74246418698e+00
-7.74061917399e+00
-7.74267132081e+00
-7.74261765665e+00
-7.74482417232e+00
-7.74395850255e+00
-7.74242558944e+00
-7.74380549459e+00
-7.74135147543e+00
-7.74351677004e+00
-7.74190192409e+00
-7.74288046020e+00
-7.74305116622e+00
-7.74128604642e+00
-7.74348855599e+00
-7.74282949121e+00
-7.74202834793e+00
-7.74411915201e+00
-7.74298121427e+00
-7.74219195274e+00
-7.74347717206e+00
-7.74225246401e+00
-7.74157123918e+00
-7.74215370475e+00
-7.74362631375e+00
-7.74301190939e+00
-7.74122930194e+00
-7.74164336008e+00
-7.74199172377e+00
-7.74349245700e+00
-7.74393360373e+00
-7.74294737434e+00
-7.74413457136e+00
-7.74223393182e+00
-7.74221551798e+00
-7.74234939096e+00
-7.74246624525e+00
-7.74377194678e+00
-7.74063522313e+00
-7.74295221398e+00
-7.74260889994e+00
-7.74262137450e+00
-7.74336485422e+00
-7.74455901817e+00
-7.74296394463e+00
-7.74163476162e+00
-7.74325587755e+00
-7.74342408065e+00
-7.74100974487e+00
-7.74325675066e+00
-7.74209383202e+00
-7.74352491392e+00
-7.74101968674e+00
-7.74203221137e+00
-7.74352096055e+00
-7.74255212827e+00
-7.74433651531e+00
-7.74281852086e+00
-7.74408958590e+00
-7.74474536322e+00
-7.74409450562e+00
-7.74152201600e+00
-7.74186494631e+00
-7.74164084645e+00
-7.74138145455e+00
-7.74370002095e+00
-7.74217227087e+00
-7.74427695457e+00
-7.74110232269e+00
-7.74438274332e+00
-7.74341985604e+00
-7.74086104022e+00
-7.74196187248e+00
-7.74144737290e+00
-7.74427713605e+00
-7.74331368750e+00
-7.74285449217e+00
-7.74210609471e+00
-7.74171705186e+00
-7.74354796630e+00
-7.74124293683e+00
-7.74243482669e+00
-7.74372613569e+00
-7.74181638105e+00
-7.74189346078e+00
-7.74320470455e+00
-7.74403515158e+00
-7.74477233978e+00
-7.74188467243e+00
-7.74543081972e+00
-7.74274619610e+00
-7.74383768936e+00
-7.74435212136e+00
-7.74229778919e+00
-7.74215155875e+00
-7.74474069712e+00
-7.74028809461e+00
-7.74320226044e+00
-7.74360591223e+00
-7.74336470381e+00
-7.74288754039e+00
-7.74109527924e+00
-7.74063130715e+00
-7.74292519023e+00
-7.74487319269e+00
-7.74080827651e+00
-7.74486833512e+00
-7.74199863041e+00
-7.74427440601e+00
-7.74267645253e+00
-7.74409722013e+00
-7.74266958097e+00
-7.74173072244e+00
-7.74210349528e+00
-7.74238823450e+00
-7.74102939133e+00
-7.74136935385e+00
-7.74359067917e+00
-7.74330780818e+00
-7.74305410791e+00
-7.74361892150e+00
-7.74148406689e+00
-7.74190052901e+00
-7.74227080775e+00
-7.74272691416e+00
-7.74367857407e+00
-7.74222680661e+00
-7.74172780705e+00
-7.74285410512e+00