1.40891207355e+00
1.27278856873e+00
1.47706747876e+00
1.67350056379e+00
1.97499795807e+00
1.36633055478e+00
1.94521450095e+00
1.66639401760e+00
1.65377408316e+00
1.77143157017e+00
1.35735339633e+00
1.46234281508e+00
1.50182831405e+00
1.66475500289e+00
1.15678236796e+00
1.85228538335e+00
1.59618085338e+00
1.32284344919e+00
1.42632028368e+00
1.29179174938e+00
1.72844435732e+00
1.64164320218e+00
1.84101755286e+00
1.65507971052e+00
1.62238274769e+00
1.56126105051e+00
1.66014394260e+00
1.28877937378e+00
1.48107938153e+00
1.78714107343e+00
1.66147741382e+00
1.79110269854e+00
1.81394012552e+00
1.84179520141e+00
2.06998886365e+00
1.90156516808e+00
1.78356354145e+00
1.67333722851e+00
1.42230653116e+00
1.39939554820e+00
1.59493015192e+00
1.32888030319e+00
1.68698711898e+00
1.69931426799e+00
2.05425262579e+00
1.85353337749e+00
1.67981713950e+00
1.85368495715e+00
1.65415413878e+00
1.68781630046e+00
1.31786437854e+00
1.57988332156e+00
1.49429598655e+00
1.64869445783e+00
1.51330009762e+00
1.32127591969e+00
1.26870176997e+00
1.66762515482e+00
1.80274601656e+00
1.60591304580e+00
1.61937621321e+00
1.94146732128e+00
1.23261625399e+00
1.93583001447e+00
1.61597488601e+00
1.70589510428e+00
1.79987628936e+00
1.68371431398e+00
1.73921251120e+00
1.19347280540e+00
1.71535347174e+00
1.70682005490e+00
1.59935684171e+00
1.80349214849e+00
1.71958956400e+00
1.51250743802e+00
1.86954335928e+00
1.44516717653e+00
1.33521509360e+00
1.47271417123e+00
1.38765974937e+00
1.76100867540e+00
1.81168879275e+00
1.47903219142e+00
1.64855002032e+00
1.77066508115e+00
1.49104777075e+00
1.81626537051e+00
1.48590256384e+00
1.98584277612e+00
1.77358672386e+00
1.74371268045e+00
1.62955827128e+00
1.20885496152e+00
1.60738344408e+00
1.59950341185e+00
1.71540100665e+00
1.38393567405e+00
1.73003511619e+00
1.27746208301e+00
1.63402162249e+00
1.39576684136e+00
2.08701871381e+00
1.53537045944e+00
1.50914416910e+00
1.72435447791e+00
1.41938827697e+00
2.09268213608e+00
2.03426836732e+00
1.47498732889e+00
1.36087892167e+00
1.65998719807e+00
1.59089636077e+00
1.42092650336e+00
1.71696864843e+00
1.74186877956e+00
1.54413010985e+00
1.85273919597e+00
1.48311096364e+00
1.40824326625e+00
1.67645851884e+00
1.53757441120e+00
1.75159794089e+00
1.79396856281e+00
1.56887147722e+00
1.42459664757e+00
1.61334263377e+00
1.67504330159e+00
1.49876024597e+00
1.48557842857e+00
1.81358010517e+00
1.46089596390e+00
1.86018712636e+00
1.87435918949e+00
1.65767430480e+00
1.49248969133e+00
1.30485993213e+00
1.82737881864e+00
1.85341200028e+00
1.74855376966e+00
1.68933134197e+00
1.50227472217e+00
1.64281723976e+00
1.68137140920e+00
1.52459613151e+00
1.31031788579e+00
1.71831437985e+00
1.47143831246e+00
1.74410520281e+00
1.28037263387e+00
1.85023757710e+00
1.79138667852e+00
1.73219703261e+00
1.85662139604e+00
1.82867083233e+00
1.78007722753e+00
1.84169241925e+00
1.25008987301e+00
1.43506195053e+00
1.28722711352e+00
1.47005691096e+00
1.69105670083e+00
1.47197427252e+00
1.97423716133e+00
1.85440004099e+00
1.74659310974e+00
1.71223386856e+00
1.34551907822e+00
1.55807809609e+00
1.76922803250e+00
1.64202861911e+00
1.51275212311e+00
1.76407015583e+00
1.58131995906e+00
1.81488474624e+00
1.75659287339e+00
1.62538834192e+00
1.58470484932e+00
1.32110763675e+00
1.35695849800e+00
1.15096417245e+00
1.76844582692e+00
1.47643373833e+00
2.01062565362e+00
1.57772424152e+00
1.57517386420e+00
1.34700960911e+00
1.76621401023e+00
1.52660828767e+00
1.74682337673e+00
1.60593242713e+00
1.49583698041e+00
1.76820066398e+00
1.86620270299e+00
1.85266493757e+00
1.38790281288e+00
1.36091795252e+00
1.74932198463e+00
1.83346007711e+00
1.64330792981e+00
1.77775542933e+00
1.54804120989e+00
1.58816229353e+00
2.13964365711e+00
1.98150444493e+00
1.66779700668e+00
1.43146947347e+00
1.62648308876e+00
1.49581061472e+00
2.05812875011e+00
1.92663984583e+00
1.65065618991e+00
1.66216935529e+00
1.65240144159e+00
2.03421741311e+00
1.86990002463e+00
1.55648433339e+00
1.64263310638e+00
1.47382663324e+00
1.49236585024e+00
1.61090909472e+00
1.32219232032e+00
1.63978099612e+00
1.60713412448e+00
1.68074227388e+00
1.65356961095e+00
1.53044597807e+00
1.90448149504e+00
1.42213590642e+00
1.79605412284e+00
1.41035675620e+00
1.46124455430e+00
1.49816615015e+00
1.41233398326e+00
1.83651522165e+00
1.62806801614e+00
1.60871375184e+00
1.58369055184e+00
1.44633715888e+00
1.79130415595e+00
1.53698115512e+00
1.93263073703e+00
1.30864384684e+00
2.09528270317e+00
1.98387128671e+00
1.58934094625e+00
1.83610868995e+00
1.23058451153e+00
1.43980201368e+00
1.58206663365e+00
1.45627531717e+00
1.92609592683e+00
1.76060873241e+00
1.49135025245e+00
2.05016204214e+00
2.08066413803e+00
1.52459297398e+00
1.32569664387e+00
1.46544400629e+00
1.51774198267e+00
1.77401235376e+00
1.67105287051e+00
1.60055260018e+00
1.52244998213e+00
1.29816080865e+00
1.54102327325e+00
1.64758885954e+00
1.89002579439e+00
1.36323560106e+00
1.56637594886e+00
1.53693920695e+00
1.65874506407e+00
1.19449785237e+00
1.66829222532e+00
1.73347537543e+00
1.28705182312e+00
1.24447316803e+00
1.93025425128e+00
1.82221573708e+00
1.54873544079e+00
1.66182093581e+00
1.55856753935e+00
1.69877801487e+00
1.52696150494e+00
1.62633844943e+00
1.67409929884e+00
1.35693171143e+00
1.58544893839e+00
1.56599430865e+00
1.34226871762e+00
1.33341666809e+00
1.73801930655e+00
1.36231034497e+00
1.63835190635e+00
1.58092856312e+00
1.57683292026e+00
1.48086273262e+00
1.64371850099e+00
1.72185646058e+00
1.80614309742e+00
1.59645172656e+00
1.59474464327e+00
1.51343881861e+00
1.63752251064e+00
1.60210663333e+00
1.43050054949e+00
1.39551043041e+00
1.69567721025e+00
1.55169669954e+00
2.01815674364e+00
1.61012229289e+00
1.96428680970e+00
1.56072523576e+00
1.50133670944e+00
1.82917236074e+00
1.86917378646e+00
1.54926145877e+00
1.71002850659e+00
1.86612659918e+00
1.71415863523e+00
1.54589186532e+00
1.20579802118e+00
1.85133267773e+00
1.81946757049e+00
1.56969640891e+00
1.38834520798e+00
1.73864517985e+00
1.64452531582e+00
1.61232784752e+00
1.76627170171e+00
1.48845566763e+00
1.60278511823e+00
1.91544353126e+00
1.62512617022e+00
1.61870150901e+00
1.26147321938e+00
1.78661947523e+00
1.69445549475e+00
1.54484860656e+00
1.45377897440e+00
1.40256158310e+00
1.77834979519e+00
1.57515110764e+00
1.24244419486e+00
1.74054566662e+00
1.36478658655e+00
1.70789939181e+00
1.33946120977e+00
1.60852146769e+00
1.54175329885e+00
1.56077011421e+00
1.69941218833e+00
1.38930528068e+00
1.39161689593e+00
1.64628720441e+00
1.49385746661e+00
1.83022411988e+00
1.86019621756e+00
1.18839557763e+00
1.94475364566e+00
1.53101533563e+00
1.45154553381e+00
1.54814348492e+00
1.54352790269e+00
2.02185395163e+00
1.50124866281e+00
2.18571260404e+00
1.81571617741e+00
1.57326456455e+00
1.86459213922e+00
1.67308547379e+00
1.28656987274e+00
1.59256836322e+00
1.47505766324e+00
1.58848766385e+00
1.54284883963e+00
1.49515667604e+00
1.05020375288e+00
1.54894558557e+00
1.67946378926e+00
1.57322455926e+00
1.61409074663e+00
1.59286542858e+00
1.37522277086e+00
1.51398241421e+00
1.43532046440e+00
1.92681945842e+00
1.59502192000e+00
1.84906177663e+00
1.74689220096e+00
1.80682260550e+00
1.68190207287e+00
1.28221643811e+00
1.48017441945e+00
1.55666747317e+00
2.03564873022e+00
1.44072375455e+00
1.85087909104e+00
1.64081677224e+00
1.68856825893e+00
1.79648276473e+00
1.68042960888e+00
1.34163849698e+00
1.37306074418e+00
1.58924774484e+00
1.52239820653e+00
1.64206737886e+00
1.66158625453e+00
1.63018920287e+00
1.74097322216e+00
1.71196595112e+00
1.56127428252e+00
1.71971919852e+00
1.11005858478e+00
1.68617645343e+00
1.66118596067e+00
1.40460245141e+00
1.24639609003e+00
1.50267083961e+00
1.70395066510e+00
1.72510641853e+00
1.65754458657e+00
1.28930648702e+00
1.48253962836e+00
1.37969721694e+00
2.00455894499e+00
1.32903501833e+00
2.06103987104e+00
2.14475815830e+00
1.82024699022e+00
1.72210203724e+00
1.54324166358e+00
2.12730150071e+00
1.79271064353e+00
1.57485945668e+00
1.67050645873e+00
1.92563376877e+00
1.74433971668e+00
1.44006608812e+00
1.26793883692e+00
1.67477604976e+00
1.52258907945e+00
1.89946006163e+00
1.78228198627e+00
1.66697223537e+00
1.52289081416e+00
1.57644214676e+00
1.67844492214e+00
1.34599109325e+00
2.01469928012e+00
1.69231602630e+00
1.89993749719e+00
1.88394521408e+00
1.65628729684e+00
2.11979335525e+00
1.67253752165e+00
1.55359776674e+00
1.49991860691e+00
1.79974582744e+00
1.74186705206e+00
1.60234029898e+00
1.81323591252e+00
1.54298881025e+00
1.67804944178e+00
1.59126558714e+00
1.80186751762e+00
1.82311162056e+00
1.70927669875e+00
1.54670144218e+00
1.79527696335e+00
2.23652893962e+00
2.21204526486e+00
1.84600297812e+00
1.66406958003e+00
1.98708725478e+00
1.72880241192e+00
1.76304390866e+00
1.51936814522e+00
1.70786261808e+00
1.46282882951e+00
1.61358908807e+00
1.69562430803e+00
1.84561496329e+00
1.72511784910e+00
1.76367194634e+00
1.94283734071e+00
1.98222958314e+00
1.65260440524e+00
1.66724937656e+00
1.74119936208e+00
2.10742487708e+00
1.80209296711e+00
1.71882159424e+00
1.79074603834e+00
1.40498981473e+00
1.78532845134e+00
1.48898115201e+00
1.67835186114e+00
1.81047096582e+00
1.57127497026e+00
1.62447427807e+00