-6.04633290330e+00
-6.04523565077e+00
-6.04535519240e+00
-6.04818585903e+00
-6.04663238729e+00
-6.04672154816e+00
-6.04434394188e+00
-6.04473696368e+00
-6.04640336664e+00
-6.04753769434e+00
-6.04694197850e+00
-6.04814769983e+00
-6.04944816721e+00
-6.04619564272e+00
-6.04621031481e+00
-6.04726552121e+00
-6.04572960862e+00
-6.04629833558e+00
-6.04651063392e+00
-6.04521315058e+00
-6.04820221109e+00
-6.04513858153e+00
-6.04617099135e+00
-6.04578572192e+00
-6.04852191826e+00
-6.04615037474e+00
-6.04545005221e+00
-6.04615274558e+00
-6.04581630148e+00
-6.04458709783e+00
-6.04662068630e+00
-6.04743788129e+00
-6.04590580638e+00
-6.04660940756e+00
-6.04677726316e+00
-6.04552190302e+00
-6.04729950482e+00
-6.04561527748e+00
-6.04361185307e+00
-6.04437878523e+00
-6.04630066878e+00
-6.04654719588e+00
-6.04687213183e+00
-6.04553274476e+00
-6.04503746433e+00
-6.04590176184e+00
-6.04677586131e+00
-6.04613141460e+00
-6.04811376491e+00
-6.04707589663e+00
-6.04608962012e+00
-6.04732179086e+00
-6.04578795738e+00
-6.04589169437e+00
-6.04605815366e+00
-6.04477980150e+00
-6.04675260080e+00
-6.04487753847e+00
-6.04762726717e+00
-6.04717005236e+00
-6.04566530889e+00
-6.04623757320e+00
-6.04444724893e+00
-6.04538298128e+00
-6.04507874813e+00
-6.04647707640e+00
-6.04430802717e+00
-6.04654087547e+00
-6.04651993075e+00
-6.04612571994e+00
-6.04408778584e+00
-6.04529702389e+00
-6.04476806989e+00
-6.04672825444e+00
-6.04615128751e+00
-6.04683003853e+00
-6.04628672623e+00
-6.04465755173e+00
-6.04787985150e+00
-6.04631519422e+00
-6.04714990170e+00
-6.04606316319e+00
-6.04326635159e+00
-6.04594659492e+00
-6.04686410020e+00
-6.04661594493e+00
-6.04520822449e+00
-6.04454734732e+00
-6.04631554584e+00
-6.04703642984e+00
-6.04592741590e+00
-6.04449105530e+00
-6.04593360941e+00
-6.04693077564e+00
-6.04582405867e+00
-6.04395606113e+00
-6.04473300225e+00
-6.04544845957e+00
-6.04588032729e+00
-6.04408474134e+00
-6.04416980962e+00
-6.04696392980e+00
-6.04589419706e+00
-6.04547404953e+00
-6.04217178251e+00
-6.04570915500e+00
-6.04705393667e+00
-6.04580055287e+00
-6.04442738784e+00
-6.04649132158e+00
-6.04524892954e+00
-6.04549252170e+00
-6.04668743016e+00
-6.04426552590e+00
-6.04517717724e+00
-6.04682411238e+00
-6.04678918471e+00
-6.04627156062e+00
-6.04585208636e+00
-6.04561987269e+00
-6.04721111646e+00
-6.04543046672e+00
-6.04652416896e+00
-6.04613353132e+00
-6.04579016099e+00
-6.04547122563e+00
-6.04749376003e+00
-6.04365075772e+00
-6.04727938036e+00
-6.04407623834e+00
-6.04651733261e+00
-6.04590643864e+00
-6.04581527141e+00
-6.04577464624e+00
-6.04622874674e+00
-6.04464935336e+00
-6.04801063170e+00
-6.04704071348e+00
-6.04682552123e+00
-6.04525189956e+00
-6.04506936929e+00
-6.04589624556e+00
-6.04428599100e+00
-6.04455424042e+00
-6.04371960446e+00
-6.04864430646e+00
-6.04556490088e+00
-6.04665577454e+00
-6.04601707604e+00
-6.04673858987e+00
-6.04686439907e+00
-6.04712912061e+00
-6.04644737889e+00
-6.04543204047e+00
-6.04645118810e+00
-6.04572324408e+00
-6.04521155005e+00
-6.04597126473e+00
-6.04436644310e+00
-6.04516612750e+00
-6.04602254329e+00
-6.04499564492e+00
-6.04561172216e+00
-6.04641620983e+00
-6.04588593209e+00
-6.04645903769e+00
-6.04730810841e+00
-6.04564252273e+00
-6.04415892084e+00
-6.04663983508e+00
-6.04541226046e+00
-6.04403030389e+00
-6.04669716336e+00
-6.04562160796e+00
-6.04686690284e+00
-6.04610750722e+00
-6.04741800196e+00
-6.04604989298e+00
-6.04790787342e+00
-6.04495529148e+00
-6.04601086157e+00
-6.04436995524e+00
-6.04540729919e+00
-6.04723169461e+00
-6.04591784492e+00
-6.04588267518e+00
-6.04490439811e+00
-6.04702621822e+00
-6.04409816817e+00
-6.04502231453e+00
-6.04551105777e+00
-6.04501033242e+00
-6.04483639418e+00
-6.04517126453e+00
-6.04667636392e+00
-6.04396666094e+00
-6.04542866390e+00
-6.04567439697e+00
-6.04725088234e+00
-6.04644013868e+00
-6.04666388373e+00
-6.04480151087e+00
-6.04464379788e+00
-6.04693751047e+00
-6.04647234840e+00
-6.04545096533e+00
-6.04513032858e+00
-6.04504933072e+00
-6.04718460168e+00
-6.04540596048e+00
-6.04569481416e+00
-6.04695351494e+00
-6.04534540017e+00
-6.04605016967e+00
-6.04525642143e+00
-6.04795207194e+00
-6.04729120907e+00
-6.04754424030e+00
-6.04653749831e+00
-6.04567436289e+00
-6.04361363980e+00
-6.04558579582e+00
-6.04623210570e+00
-6.04704343819e+00
-6.04539687352e+00
-6.04623143114e+00
-6.04537399145e+00
-6.04535273859e+00
-6.04658115238e+00
-6.04488459910e+00
-6.04581324011e+00
-6.04773360852e+00
-6.04568403518e+00
-6.04607330042e+00
-6.04701051296e+00
-6.04562644507e+00
-6.04790538290e+00
-6.04682071254e+00
-6.04679303599e+00
-6.04731827816e+00
-6.04507456747e+00
-6.04544079750e+00
-6.04691481902e+00
-6.04455169886e+00
-6.04373483752e+00
-6.04726378293e+00
-6.04493226320e+00
-6.04458019857e+00
-6.04543795745e+00
-6.04636971509e+00
-6.04569443406e+00
-6.04700430837e+00
-6.04744637050e+00
-6.04474806780e+00
-6.04505242465e+00
-6.04628317364e+00
-6.04674877038e+00
-6.04653023941e+00
-6.04555904731e+00
-6.04754681597e+00
-6.04719699887e+00
-6.04511296980e+00
-6.04781148641e+00
-6.04769590607e+00
-6.04426126299e+00
-6.04651885623e+00
-6.04510524307e+00
-6.04492555184e+00
-6.04565293410e+00
-6.04813024232e+00
-6.04425476104e+00
-6.04678302671e+00
-6.04566509101e+00
-6.04414620500e+00
-6.04613234161e+00
-6.04259721200e+00
-6.04452584865e+00
-6.04751307781e+00
-6.04773679864e+00
-6.04558489623e+00
-6.04680151811e+00
-6.04595500192e+00
-6.04546642631e+00
-6.04341839807e+00
-6.04569572874e+00
-6.04581352948e+00
-6.04645941836e+00
-6.04529841758e+00
-6.04497626639e+00
-6.04534726193e+00
-6.04361626691e+00
-6.04733794461e+00
-6.04544463390e+00
-6.04505140810e+00
-6.04666600197e+00
-6.04476651105e+00
-6.04579344257e+00
-6.04663289176e+00
-6.04578126971e+00
-6.04700780933e+00
-6.04667632341e+00
-6.04537884143e+00
-6.04467199414e+00
-6.04594748512e+00
-6.04348209758e+00
-6.04612194438e+00
-6.04630958966e+00
-6.04669106542e+00
-6.04428368819e+00
-6.04665323595e+00
-6.04560639692e+00
-6.04656708825e+00
-6.04606851347e+00
-6.04530043445e+00
-6.04594715339e+00
-6.04758713504e+00
-6.04772902859e+00
-6.04665520230e+00
-6.04803341457e+00
-6.04505161809e+00
-6.04584102514e+00
-6.04750525373e+00
-6.04495995013e+00
-6.04600929194e+00
-6.04791955626e+00
-6.04543336351e+00
-6.04627447000e+00
-6.04578566816e+00
-6.04526573671e+00
-6.04462398504e+00
-6.04519412853e+00
-6.04559593765e+00
-6.04532149931e+00
-6.04504820653e+00
-6.04540349672e+00
-6.04585187667e+00
-6.04469705992e+00
-6.04565438513e+00
-6.04598301069e+00
-6.04661729817e+00
-6.04584244191e+00
-6.04355837399e+00
-6.04696923357e+00
-6.04515291007e+00
-6.04810147687e+00
-6.04668084823e+00
-6.04682365490e+00
-6.04693341391e+00
-6.04609536332e+00
-6.04657498117e+00
-6.04824389071e+00
-6.04579023475e+00
-6.04529234606e+00
-6.04745361399e+00
-6.04434388839e+00
-6.04516387304e+00
-6.04635432347e+00
-6.04562553520e+00
-6.04732371885e+00
-6.04524361789e+00
-6.04459753103e+00
-6.04886966450e+00
-6.04665194519e+00
-6.04574109040e+00
-6.04593766482e+00
-6.04418503738e+00
-6.04440487319e+00
-6.04672096960e+00
-6.04439642803e+00
-6.04499191466e+00
-6.04506070480e+00
-6.04772996821e+00
-6.04582183958e+00
-6.04462584794e+00
-6.04738416988e+00
-6.04700682739e+00
-6.04571016060e+00
-6.04498783550e+00
-6.04701857001e+00
-6.04633542318e+00
-6.04742136892e+00
-6.04645522613e+00
-6.04539672608e+00
-6.04614292787e+00
-6.04551996707e+00
-6.04540630095e+00
-6.04571327200e+00
-6.04491153553e+00
-6.04781193110e+00
-6.04798560984e+00
-6.04391241598e+00
-6.04738309030e+00
-6.04448776054e+00
-6.04537503783e+00
-6.04644362561e+00
-6.04575068979e+00
-6.04575403780e+00
-6.04334075140e+00
-6.04621909875e+00
-6.04573198572e+00
-6.04791392997e+00
-6.04332814070e+00
-6.04483308362e+00
-6.04466318109e+00
-6.04422165025e+00
-6.04425909203e+00
-6.04692287558e+00
-6.04490193910e+00
-6.04861656054e+00
-6.04746814185e+00
-6.04673639047e+00
-6.04375494012e+00
-6.04627652015e+00
-6.04372364558e+00
-6.04586839145e+00
-6.04825459051e+00
-6.04761087701e+00
-6.04474902007e+00
-6.04871409817e+00
-6.04531172495e+00
-6.04425072529e+00
-6.04574287114e+00
-6.04512862115e+00
-6.04493638624e+00
-6.04701397516e+00
-6.04566144889e+00
-6.04487475716e+00
-6.04565296916e+00
-6.04679506860e+00
-6.04618084048e+00
-6.04668075796e+00
-6.04646240183e+00
-6.04572353926e+00
-6.04489655723e+00
-6.04573286444e+00
-6.04736132132e+00
-6.04693060682e+00
-6.04570302844e+00
-6.04553657762e+00
-6.04655062801e+00
-6.04609967476e+00
-6.04664011354e+00
-6.04588146846e+00
-6.04568344777e+00
-6.04729343723e+00
-6.04549211772e+00
-6.04705518104e+00
-6.04515022088e+00
-6.04501623918e+00
-6.04646640463e+00
-6.04631757047e+00
-6.04663356759e+00
-6.04567530674e+00
-6.04458572911e+00
-6.04452307995e+00
-6.04481131075e+00
-6.04627433815e+00
-6.04604705439e+00
-6.04594479697e+00
-6.04541109893e+00
-6.04690579025e+00
-6.04673505797e+00
-6.04609208428e+00
-6.04396544844e+00
-6.04577629823e+00
-6.04716387168e+00
-6.04947181884e+00
-6.04507073787e+00
-6.04676858057e+00
-6.04489702167e+00
-6.04642901856e+00
-6.04649529546e+00
-6.04565781176e+00
-6.04689715040e+00
-6.04477074358e+00
-6.04557344847e+00
-6.04496275660e+00
-6.04511609055e+00
-6.04865629789e+00
-6.04855163338e+00
-6.04647818293e+00
-6.04762687437e+00
-6.04516687881e+00
-6.04608730180e+00
-6.04642890203e+00
-6.04619973353e+00
-6.04667135997e+00
-6.04685481267e+00
-6.04704071154e+00
-6.04565349599e+00
-6.04708609144e+00
-6.04475482830e+00
-6.04580204878e+00
-6.04690153831e+00
-6.04809090888e+00
-6.04540278354e+00
-6.04478445330e+00
-6.04752011770e+00
-6.04516128226e+00
-6.04465732713e+00
-6.04592445039e+00