1.19009595271e+01
1.19251359241e+01
1.18964715770e+01
1.19597989123e+01
1.19197160151e+01
1.19550862867e+01
1.18835884925e+01
1.19046900694e+01
1.19109827526e+01
1.18985128221e+01
1.19410977125e+01
1.19303997176e+01
1.19211258348e+01
1.19083224490e+01
1.19487993027e+01
1.19547992557e+01
1.19073481799e+01
1.19497858742e+01
1.19476666754e+01
1.19496780875e+01
1.19524909150e+01
1.19124774568e+01
1.19137370806e+01
1.19185652487e+01
1.19108073883e+01
1.19138545467e+01
1.19326070725e+01
1.19347132904e+01
1.19257917926e+01
1.19256044885e+01
1.19431545419e+01
1.19418982239e+01
1.18930370829e+01
1.19211524886e+01
1.19139513762e+01
1.19398147911e+01
1.19472318420e+01
1.19013383322e+01
1.18990328424e+01
1.19398136990e+01
1.18945179685e+01
1.19329436783e+01
1.19141155140e+01
1.19259462021e+01
1.19140254724e+01
1.19263874834e+01
1.19432801618e+01
1.18846384721e+01
1.18931618217e+01
1.19030340738e+01
1.19004748602e+01
1.19455028701e+01
1.18778683782e+01
1.19124804584e+01
1.19571662948e+01
1.18648039308e+01
1.19571756082e+01
1.19293780583e+01
1.19589190700e+01
1.19071427006e+01
1.19089297008e+01
1.19329292286e+01
1.19188014433e+01
1.19330157445e+01
1.18997117522e+01
1.19136520918e+01
1.19198825846e+01
1.19372217915e+01
1.19125605751e+01
1.19115461736e+01
1.19690618715e+01
1.19421381057e+01
1.19231311341e+01
1.19238918042e+01
1.18913513011e+01
1.18990569021e+01
1.19175456249e+01
1.19154249175e+01
1.19095124673e+01
1.19068031956e+01
1.19099473113e+01
1.19261795697e+01
1.18691016806e+01
1.19184452517e+01
1.19259780550e+01
1.19184461001e+01
1.19254082186e+01
1.19481143042e+01
1.19298455438e+01
1.19660560197e+01
1.19004087397e+01
1.19144297085e+01
1.19395368600e+01
1.19310902024e+01
1.18893740753e+01
1.19381764751e+01
1.19411205492e+01
1.19366152848e+01
1.18933511196e+01
1.19085736053e+01
1.19428981805e+01
1.18970310831e+01
1.19379333670e+01
1.19364857209e+01
1.19459956140e+01
1.19425396735e+01
1.19291629344e+01
1.19377384946e+01
1.19630823641e+01
1.19209358189e+01
1.19454999584e+01
1.18896954216e+01
1.19340472556e+01
1.19591238027e+01
1.19192732586e+01
1.19403745598e+01
1.18912846629e+01
1.19024414493e+01
1.19450004705e+01
1.19419412394e+01
1.19240463268e+01
1.19222659983e+01
1.18836238297e+01
1.19515790841e+01
1.19195296302e+01
1.19119664765e+01
1.19157835750e+01
1.19452154737e+01
1.19040343893e+01
1.18842100382e+01
1.19307614337e+01
1.19584768209e+01
1.19456719556e+01
1.19361431493e+01
1.19241233942e+01
1.19481815959e+01
1.19305637394e+01
1.19353090162e+01
1.18834635584e+01
1.19112403945e+01
1.19367590869e+01
1.19343774878e+01
1.18958271410e+01
1.19045831333e+01
1.19114421021e+01
1.18759944298e+01
1.19334822619e+01
1.18879724778e+01
1.18754235298e+01
1.19228608064e+01
1.19201026606e+01
1.18979834041e+01
1.19442727352e+01
1.19244706460e+01
1.19116560535e+01
1.18974221453e+01
1.19170040262e+01
1.19593335937e+01
1.19247373177e+01
1.19360911795e+01
1.18900924296e+01
1.19537643841e+01
1.19275602093e+01
1.19189604118e+01
1.19202286621e+01
1.19364860590e+01
1.18986354400e+01
1.18952635966e+01
1.18914937189e+01
1.19188688406e+01
1.19171293953e+01
1.19145476460e+01
1.18931293839e+01
1.19435321186e+01
1.19555359809e+01
1.19152678876e+01
1.18868168948e+01
1.19583012221e+01
1.19177729954e+01
1.18856559493e+01
1.19064385366e+01
1.18997243781e+01
1.18952559516e+01
1.19079648446e+01
1.19308771776e+01
1.19208406363e+01
1.18966353635e+01
1.19024005706e+01
1.19075767712e+01
1.19239747528e+01
1.19136634649e+01
1.19256791876e+01
1.19152933662e+01
1.19155584365e+01
1.19190687300e+01
1.19167909560e+01
1.18878218299e+01
1.19187962273e+01
1.19032810884e+01
1.19128179880e+01
1.19587388049e+01
1.19401304593e+01
1.18872955516e+01
1.18894281790e+01
1.19359489410e+01
1.19084718501e+01
1.19366120872e+01
1.18818744673e+01
1.19130476064e+01
1.19356141005e+01
1.19227901312e+01
1.19511614600e+01
1.18996638105e+01
1.19109010133e+01
1.19271696110e+01
1.18927661662e+01
1.19372558013e+01
1.19178831840e+01
1.18778059723e+01
1.19309193210e+01
1.19195386328e+01
1.19172073142e+01
1.19311392163e+01
1.19229761015e+01
1.19189209177e+01
1.19361658411e+01
1.18818217060e+01
1.19128086950e+01
1.19563484778e+01
1.18930844341e+01
1.19116493737e+01
1.19000562122e+01
1.19324988043e+01
1.18947763438e+01
1.19007080790e+01
1.19314476483e+01
1.19129365290e+01
1.19196692091e+01
1.19296202644e+01
1.19582190717e+01
1.19442750364e+01
1.19537105557e+01
1.19541405659e+01
1.19213524057e+01
1.19068784934e+01
1.19287946256e+01
1.19259439961e+01
1.19446330408e+01
1.19328866881e+01
1.19602912161e+01
1.19116225955e+01
1.19621502071e+01
1.19274287787e+01
1.19415741614e+01
1.19295353868e+01
1.19299936542e+01
1.19398333206e+01
1.19504784579e+01
1.19016102761e+01
1.19116218428e+01
1.19114471171e+01
1.18735032081e+01
1.19204153051e+01
1.19158914028e+01
1.19327213680e+01
1.19350446672e+01
1.18886549944e+01
1.19451554464e+01
1.18929514911e+01
1.19251567034e+01
1.18807142692e+01
1.19001882378e+01
1.18908863748e+01
1.19342517639e+01
1.19352887399e+01
1.19170682549e+01
1.18845416625e+01
1.19459585233e+01
1.19585955427e+01
1.19165082113e+01
1.19197552066e+01
1.19263214890e+01
1.19250839785e+01
1.19052928732e+01
1.19038513861e+01
1.18762569740e+01
1.18946606709e+01
1.19165803021e+01
1.19053740310e+01
1.18840738254e+01
1.19495115907e+01
1.19331421368e+01
1.19203555030e+01
1.19474984205e+01
1.19185421338e+01
1.19754090997e+01
1.19194187464e+01
1.18967167076e+01
1.19119862258e+01
1.19047678157e+01
1.19136115051e+01
1.19767299817e+01
1.18949176085e+01
1.19444410795e+01
1.19266613789e+01
1.19214441628e+01
1.19343071909e+01
1.19470210000e+01
1.18988546072e+01
1.19217073114e+01
1.18984788624e+01
1.19427295201e+01
1.19134317823e+01
1.19118760835e+01
1.18759475629e+01
1.19503949808e+01
1.19229918617e+01
1.19107440447e+01
1.19448229453e+01
1.18990877788e+01
1.19460996967e+01
1.19057480550e+01
1.18833250458e+01
1.19064063456e+01
1.19256343026e+01
1.19259723985e+01
1.19263645863e+01
1.19065397042e+01
1.19454961257e+01
1.19382171616e+01
1.19348549684e+01
1.19255911715e+01
1.19220707585e+01
1.19333895285e+01
1.19305086982e+01
1.19030867547e+01
1.18916460034e+01
1.18764046536e+01
1.19121094000e+01
1.18942306618e+01
1.18654857405e+01
1.19400591888e+01
1.19315203296e+01
1.19551321156e+01
1.18762922565e+01
1.19007356531e+01
1.19097183385e+01
1.18655158833e+01
1.19197369246e+01
1.19173453901e+01
1.19019069905e+01
1.18928494104e+01
1.19795680611e+01
1.19365097315e+01
1.19566140562e+01
1.19106653597e+01
1.19250708032e+01
1.18894863406e+01
1.19204574408e+01
1.19189013307e+01
1.19210352633e+01
1.19015010496e+01
1.19573967622e+01
1.19388190134e+01
1.19156039272e+01
1.19776134179e+01
1.18899422440e+01
1.19038473212e+01
1.19260854892e+01
1.19181325885e+01
1.19257466356e+01
1.18781527760e+01
1.19383996417e+01
1.19173231954e+01
1.19156894524e+01
1.19372793600e+01
1.19253987679e+01
1.19051144098e+01
1.18971783836e+01
1.19038364720e+01
1.18989476722e+01
1.18966222445e+01
1.19080745463e+01
1.19474507146e+01
1.19241428462e+01
1.19260993899e+01
1.19088450265e+01
1.19408611798e+01
1.19390178223e+01
1.19135649848e+01
1.19235905675e+01
1.19287793757e+01
1.19011089399e+01
1.19474915099e+01
1.19460970297e+01
1.19211005636e+01
1.18953165118e+01
1.19251006174e+01
1.19293188482e+01
1.19099097589e+01
1.18633099139e+01
1.19054077064e+01
1.19408384533e+01
1.18938126970e+01
1.19045759265e+01
1.19499601391e+01
1.19407882826e+01
1.19136791630e+01
1.18949427779e+01
1.19076919971e+01
1.19246466349e+01
1.19063660567e+01
1.19496647322e+01
1.18809331303e+01
1.19098031110e+01
1.19387697068e+01
1.19114801266e+01
1.19346925406e+01
1.19076728114e+01
1.19316435336e+01
1.19162949798e+01
1.19197123984e+01
1.19213584992e+01
1.19466464551e+01
1.19665051778e+01
1.19371136659e+01
1.19304090327e+01
1.19663122590e+01
1.19416691350e+01
1.19592734165e+01
1.19260420068e+01
1.19284832954e+01
1.19212870356e+01
1.19501900114e+01
1.19187114456e+01
1.19434087962e+01
1.19450106916e+01
1.19296944207e+01
1.19446745954e+01
1.19519361970e+01
1.19339569049e+01
1.19169787516e+01
1.19153736514e+01
1.19142104878e+01
1.19262682636e+01
1.19329881469e+01
1.19378432424e+01
1.19173439191e+01
1.19489470235e+01
1.19108891689e+01
1.19000618391e+01
1.19152555723e+01
1.18880984089e+01
1.18994141928e+01
1.19032139496e+01
1.18909696111e+01
1.19183109847e+01
1.19159517045e+01
1.19233441400e+01
1.19269112744e+01
1.19643646099e+01
1.19249067398e+01
1.19141371205e+01
1.18997376199e+01
1.19335297575e+01
1.19314955382e+01
1.19179639408e+01
1.18667314521e+01
1.19090379166e+01
1.18920779579e+01
1.19053850370e+01
1.19794920146e+01
1.19160679876e+01
1.19266752154e+01
1.19082982073e+01
1.18833730522e+01
1.19199626173e+01
1.19487929613e+01
1.18872257840e+01
1.19208804685e+01
1.19403307369e+01
1.19172872844e+01
1.19383253395e+01
1.19042627859e+01
1.19072178492e+01
1.19395712443e+01
1.19212791314e+01
1.19163946950e+01
1.19326863831e+01
1.19244257224e+01
1.19175980205e+01
1.18896684366e+01
1.19365113134e+01
1.19288581295e+01
1.19383082571e+01
1.19264213751e+01
1.19459296969e+01
1.19458462413e+01
1.19207148486e+01
1.19048275113e+01
1.19189058648e+01