7.46469462041e-01
7.45918167142e-01
7.45473846682e-01
7.68011301889e-01
7.58024249950e-01
7.27652421910e-01
7.49813949632e-01
7.59216881418e-01
7.58860755972e-01
7.70742479639e-01
7.63214226964e-01
7.45211211771e-01
7.50081372973e-01
7.30652099827e-01
7.44710418538e-01
7.75672620032e-01
7.52657210913e-01
7.37953314248e-01
7.49022196200e-01
7.52073287290e-01
7.64447692658e-01
7.73529403972e-01
7.41724629964e-01
7.63488123372e-01
7.74852781757e-01
7.49747304798e-01
7.53654834466e-01
7.42346067922e-01
7.46548639186e-01
7.56917769131e-01
7.48905923872e-01
7.59555308111e-01
7.59739337729e-01
7.68246179173e-01
7.53880392642e-01
7.67808735660e-01
7.51902092919e-01
7.55119659809e-01
7.67651640421e-01
7.41465191602e-01
7.66732999488e-01
7.50637975788e-01
7.45836937899e-01
7.60862452577e-01
7.69026282901e-01
7.57211218319e-01
7.46827570502e-01
7.56530046589e-01
7.49582229866e-01
7.59658752432e-01
7.45400841113e-01
7.45987828923e-01
7.65145664747e-01
7.43790804258e-01
7.67280825506e-01
7.45215436005e-01
7.31581258250e-01
7.49367595677e-01
7.64235744340e-01
7.66438820812e-01
7.58544818236e-01
7.60945331350e-01
7.51236038138e-01
7.56326790734e-01
7.52203607915e-01
7.60215978579e-01
7.57236521261e-01
7.58571540894e-01
7.76839767823e-01
7.49971482301e-01
7.58383520882e-01
7.65785798629e-01
7.60782722912e-01
7.50932301508e-01
7.38694382759e-01
7.51714507363e-01
7.34103930630e-01
7.77326266851e-01
7.47812105664e-01
7.56321434633e-01
7.65858832947e-01
7.54674786027e-01
7.61961966292e-01
7.49975775115e-01
7.61733359039e-01
7.45506550768e-01
7.50214182421e-01
7.52453872614e-01
7.58530158505e-01
7.52429848590e-01
7.59107400146e-01
7.36043344646e-01
7.73962505831e-01
7.50921653838e-01
7.40668844858e-01
7.50619114933e-01
7.51430909848e-01
7.56611896257e-01
7.41069712139e-01
7.68992030914e-01
7.55423021476e-01
7.48478172124e-01
7.47509884755e-01
7.62858865945e-01
7.66347113290e-01
7.40514920635e-01
7.55173027728e-01
7.55630483542e-01
7.69534378693e-01
7.54035552058e-01
7.34026635556e-01
7.56172559193e-01
7.54597794968e-01
7.51477103352e-01
7.45393465586e-01
7.60029256870e-01
7.50716478756e-01
7.53791800736e-01
7.60704957679e-01
7.68994126787e-01
7.60819863501e-01
7.64068678314e-01
7.48358200941e-01
7.58851775666e-01
7.30037794875e-01
7.56809732290e-01
7.27425105933e-01
7.72312334253e-01
7.56673372166e-01
7.41639836696e-01
7.37246961690e-01
7.51219073235e-01
7.40869278135e-01
7.70446717863e-01
7.42749994879e-01
7.54324407597e-01
7.62449240155e-01
7.37221784617e-01
7.35127969211e-01
7.52899529409e-01
7.41111634241e-01
7.74094405174e-01
7.50984153987e-01
7.62011222515e-01
7.48133522277e-01
7.36665752211e-01
7.51687065406e-01
7.46280276691e-01
7.54897442047e-01
7.72208453965e-01
7.47095293316e-01
7.55378893488e-01
7.73416426038e-01
7.24922037075e-01
7.63697021394e-01
7.62595809953e-01
7.72404052463e-01
7.46041045665e-01
7.55537617225e-01
7.39857254216e-01
7.59505408990e-01
7.69415365407e-01
7.72056023798e-01
7.65073302027e-01
7.68256185655e-01
7.55785388999e-01
7.35722891710e-01
7.48482083210e-01
7.59597554425e-01
7.64270783589e-01
7.55320807086e-01
7.33092134459e-01
7.37200637372e-01
7.56571620054e-01
7.75811778837e-01
7.57235393214e-01
7.77198086734e-01
7.61984254945e-01
7.66088004178e-01
7.41384861351e-01
7.33159750207e-01
7.45833573293e-01
7.34964373251e-01
7.71317627240e-01
7.76007259658e-01
7.67381410401e-01
7.19830896611e-01
7.52829169809e-01
7.54758799809e-01
7.64933092368e-01
7.58302587650e-01
7.44720741063e-01
7.73991382364e-01
7.53149411655e-01
7.63483083065e-01
7.51959609887e-01
7.55399060731e-01
7.70927687246e-01
7.46760348901e-01
7.52230465083e-01
7.49403949568e-01
7.58604021825e-01
7.67532541046e-01
7.51857390285e-01
7.48614413720e-01
7.44282523424e-01
7.33427626547e-01
7.40164060212e-01
7.74206752287e-01
7.42833784533e-01
7.60940538612e-01
7.28589208758e-01
7.47050701230e-01
7.57742617110e-01
7.69542941191e-01
7.57791546944e-01
7.51944177791e-01
7.73819319853e-01
7.69352937168e-01
7.60027701701e-01
7.66702799773e-01
7.47479992121e-01
7.72081376436e-01
7.45880717188e-01
7.32976903424e-01
7.41921908686e-01
7.44013648836e-01
7.63446941864e-01
7.58248329543e-01
7.46993595264e-01
7.56701310733e-01
7.56221464244e-01
7.61845761966e-01
7.56295902069e-01
7.59240644216e-01
7.34345413704e-01
7.52252729297e-01
7.62216287493e-01
7.62137074814e-01
7.42421759857e-01
7.55258223650e-01
7.54822741000e-01
7.59242537039e-01
7.50307996806e-01
7.54261216724e-01
7.46647659646e-01
7.59995206256e-01
7.45518911410e-01
7.49715136059e-01
7.72529759031e-01
7.73044707560e-01
7.47754463864e-01
7.65796137038e-01
7.68442598132e-01
7.49530969151e-01
7.52888555253e-01
7.56429253105e-01
7.51138262065e-01
7.55720254648e-01
7.67262713927e-01
7.52688153780e-01
7.36978526133e-01
7.58625847953e-01
7.50533062086e-01
7.47187401731e-01
7.29673160538e-01
7.49576382371e-01
7.52670508764e-01
7.28096003412e-01
7.55200894960e-01
7.52922874809e-01
7.47177325671e-01
7.55681819514e-01
7.47903884609e-01
7.41509220304e-01
7.58326138268e-01
7.52305750376e-01
7.54456637215e-01
7.41741721293e-01
7.53434573628e-01
7.53936230323e-01
7.56375248526e-01
7.58068921790e-01
7.32094281299e-01
7.70257870269e-01
7.57243057007e-01
7.43033961197e-01
7.51831647214e-01
7.57914499464e-01
7.58447284036e-01
7.46504535961e-01
7.41062493778e-01
7.44007132828e-01
7.69695260042e-01
7.52243585304e-01
7.68645744166e-01
7.46507839903e-01
7.61467486166e-01
7.67083298427e-01
7.78554282561e-01
7.64361851712e-01
7.58037369524e-01
7.61014475741e-01
7.47234725942e-01
7.40611402346e-01
7.66890051902e-01
7.52199513768e-01
7.46181777780e-01
7.65251989199e-01
7.59228782020e-01
7.60673362114e-01
7.59460246325e-01
7.50109798679e-01
7.46548972837e-01
7.41037627626e-01
7.40468435363e-01
7.44510434309e-01
7.59956168419e-01
7.52696470836e-01
7.20705746860e-01
7.67578549788e-01
7.51570032485e-01
7.43833863562e-01
7.57329492980e-01
7.62831771455e-01
7.51976120276e-01
7.53245100519e-01
7.53181192971e-01
7.44277256738e-01
7.53153275590e-01
7.59658105126e-01
7.50429546871e-01
7.72766799225e-01
7.56360738957e-01
7.24408913851e-01
7.49611082598e-01
7.50546750876e-01
7.65272368218e-01
7.47648575003e-01
7.75079870021e-01
7.47790652889e-01
7.27209686640e-01
7.63794099129e-01
7.55083068015e-01
7.52262996450e-01
7.57937817283e-01
7.70168584044e-01
7.25185777624e-01
7.59616437419e-01
7.53155496957e-01
7.47293267588e-01
7.33825117527e-01
7.66220979979e-01
7.77001825797e-01
7.38611179219e-01
7.37000987655e-01
7.51098395773e-01
7.41000624194e-01
7.62087303705e-01
7.47342935966e-01
7.42788906828e-01
7.66081939020e-01
7.58431652638e-01
7.39464691850e-01
7.61156367199e-01
7.71494935816e-01
7.22353569503e-01
7.56004710095e-01
7.53986497896e-01
7.63416683690e-01
7.47843624851e-01
7.50134890023e-01
7.37494841902e-01
7.63246698788e-01
7.52425458962e-01
7.47912639522e-01
7.56790937099e-01
7.54094909811e-01
7.71141785014e-01
7.49087871903e-01
7.82317039447e-01
7.41797116324e-01
7.33373857971e-01
7.40779197902e-01
7.56634383627e-01
7.56898664294e-01
7.55971599185e-01
7.57790699765e-01
7.74247075074e-01
7.64844024663e-01
7.67926475826e-01
7.36311369367e-01
7.58373824060e-01
7.53006677285e-01
7.49998078683e-01
7.55227260343e-01
7.37043984353e-01
7.66962565716e-01
7.39067492854e-01
7.38976582628e-01
7.72370158890e-01
7.59746049269e-01
7.42034148369e-01
7.57796742307e-01
7.48855708641e-01
7.58917660675e-01
7.68024463555e-01
7.51374177272e-01
7.57416057583e-01
7.48488710917e-01
7.59690512927e-01
7.35348065360e-01
7.52640700693e-01
7.57246530510e-01
7.35497563355e-01
7.43174258006e-01
7.62423098903e-01
7.29618270038e-01
7.59759010399e-01
7.55555620685e-01
7.57175085968e-01
7.48785575165e-01
7.49766387012e-01
7.50265446409e-01
7.39478829450e-01
7.60158966656e-01
7.42690218963e-01
7.54965649554e-01
7.80970407001e-01
7.51793020891e-01
7.45519904106e-01
7.42257225112e-01
7.44328484154e-01
7.60198101702e-01
7.40853145138e-01
7.47637052461e-01
7.52401650521e-01
7.52306313961e-01
7.40530081931e-01
7.50795444862e-01
7.39071010540e-01
7.47268781218e-01
7.62681079425e-01
7.59160299193e-01
7.54881847306e-01
7.66674971286e-01
7.52717153736e-01
7.57838529116e-01
7.46096121719e-01
7.43441511704e-01
7.39789866875e-01
7.59843248575e-01
7.67849346364e-01
7.60551075424e-01
7.64523558600e-01
7.71089813582e-01
7.45066675322e-01
7.53262214643e-01
7.69629859514e-01
7.52235041854e-01
7.54555673215e-01
7.57385246832e-01
7.66401905601e-01
7.51413064395e-01
7.46823535569e-01
7.65209723823e-01
7.55338918972e-01
7.43537020928e-01
7.81350223790e-01
7.53272311996e-01
7.60450377898e-01
7.61977787214e-01
7.54615179423e-01
7.65368553278e-01
7.47659588678e-01
7.62877335214e-01
7.49400609558e-01
7.66219482429e-01
7.61205750298e-01
7.60151419825e-01
7.68409061719e-01
7.59438005483e-01
7.56838671103e-01
7.61329234344e-01
7.44861773458e-01
7.52850339338e-01
7.47937309148e-01
7.43094271617e-01
7.60147701301e-01
7.56632401186e-01
7.61612468882e-01
7.31277379927e-01
7.53998800953e-01
7.63279696563e-01
7.50688821165e-01
7.54695333466e-01
7.54639966153e-01
7.57082788907e-01
7.66538555197e-01
7.47916549018e-01
7.54039256394e-01