7.78227813217e+01
7.75703623633e+01
7.77273293395e+01
7.76039889349e+01
7.76806768122e+01
7.76957426410e+01
7.75373455734e+01
7.77491931685e+01
7.74683231786e+01
7.77499962032e+01
7.78013547043e+01
7.77412570799e+01
7.77787427108e+01
7.77592281094e+01
7.75872969061e+01
7.76095623315e+01
7.77315888712e+01
7.76640871633e+01
7.77040245391e+01
7.77384541674e+01
7.76575005082e+01
7.76075720131e+01
7.78528745662e+01
7.75210411959e+01
7.78771120257e+01
7.75054227860e+01
7.76283212468e+01
7.77296406310e+01
7.76506343733e+01
7.76200372044e+01
7.77139153456e+01
7.78521201123e+01
7.76887718269e+01
7.76876900561e+01
7.76988770128e+01
7.76745286302e+01
7.77740453161e+01
7.74673187128e+01
7.75489775035e+01
7.75943044171e+01
7.77218489605e+01
7.76783227205e+01
7.74269817784e+01
7.75890170293e+01
7.78375920507e+01
7.76397695582e+01
7.76570588885e+01
7.76894765337e+01
7.75450826374e+01
7.75489636340e+01
7.77338851639e+01
7.78555335649e+01
7.75258165808e+01
7.75191659338e+01
7.74517204094e+01
7.75492193424e+01
7.76633056787e+01
7.77479469139e+01
7.76939808358e+01
7.75900996318e+01
7.75924700606e+01
7.76016387426e+01
7.76554411491e+01
7.77180256667e+01
7.76549126350e+01
7.76635711155e+01
7.76668190627e+01
7.78292789454e+01
7.75218585416e+01
7.76827921883e+01
7.76688223355e+01
7.77876195044e+01
7.77480930059e+01
7.76392424499e+01
7.77583306834e+01
7.75401883108e+01
7.75896672972e+01
7.77272988999e+01
7.79081195972e+01
7.76850993559e+01
7.75271874265e+01
7.75669572934e+01
7.74816056887e+01
7.77589712767e+01
7.77000902139e+01
7.75553738043e+01
7.76616493941e+01
7.79117049204e+01
7.74173107458e+01
7.77763069178e+01
7.75481546293e+01
7.76440003085e+01
7.76303035984e+01
7.76767014517e+01
7.74581543861e+01
7.75216272087e+01
7.78248388879e+01
7.76837626289e+01
7.76457810371e+01
7.76213600223e+01
7.76468085045e+01
7.76336821432e+01
7.75815253428e+01
7.74850679986e+01
7.76136026979e+01
7.76473575359e+01
7.77654216161e+01
7.76202025806e+01
7.77379234017e+01
7.74277869186e+01
7.77023454700e+01
7.76107594374e+01
7.76894432240e+01
7.76038347591e+01
7.77886855126e+01
7.78551038664e+01
7.75482815736e+01
7.76910075036e+01
7.77106400275e+01
7.76839029009e+01
7.76411023806e+01
7.74554772444e+01
7.75609502859e+01
7.78655404924e+01
7.75809570392e+01
7.79210279281e+01
7.77310227903e+01
7.77490559515e+01
7.77610686613e+01
7.75552930460e+01
7.76700201167e+01
7.79632349255e+01
7.75806449077e+01
7.77177335847e+01
7.77150747153e+01
7.76745859297e+01
7.78686168026e+01
7.77005787896e+01
7.76094001672e+01
7.76239236615e+01
7.78285436051e+01
7.75448838925e+01
7.76204762785e+01
7.76959167144e+01
7.77231656614e+01
7.75281267312e+01
7.76739259272e+01
7.74204699397e+01
7.77207640955e+01
7.77344692705e+01
7.76820186424e+01
7.76301810735e+01
7.75425204384e+01
7.77370885472e+01
7.77128955484e+01
7.76775083801e+01
7.75657603024e+01
7.75764594071e+01
7.78226091131e+01
7.77532147088e+01
7.74542278154e+01
7.76547341462e+01
7.77307004654e+01
7.74758505897e+01
7.76557063961e+01
7.79556513016e+01
7.76239627509e+01
7.75416819561e+01
7.77026806755e+01
7.74288240213e+01
7.76816200883e+01
7.78086808554e+01
7.76770637782e+01
7.77965555059e+01
7.76495119496e+01
7.77077453499e+01
7.77074563250e+01
7.77356442769e+01
7.76832588046e+01
7.75984337409e+01
7.74627817295e+01
7.75815422967e+01
7.77027286823e+01
7.77615088652e+01
7.75527354909e+01
7.77327227404e+01
7.76263989287e+01
7.74381132423e+01
7.75691577420e+01
7.77038717013e+01
7.77264433866e+01
7.77479052291e+01
7.78052055723e+01
7.75820114065e+01
7.76041800735e+01
7.77294850487e+01
7.76447408283e+01
7.77110558417e+01
7.76869180155e+01
7.75681761966e+01
7.78403982149e+01
7.76398914459e+01
7.78243692222e+01
7.76602790828e+01
7.76339778978e+01
7.77275657390e+01
7.75183420092e+01
7.75986483616e+01
7.76125925694e+01
7.79381229163e+01
7.75659287071e+01
7.78389151870e+01
7.77243143315e+01
7.76367264983e+01
7.75221219981e+01
7.76317128485e+01
7.76441162662e+01
7.77471383826e+01
7.75329319298e+01
7.76552637866e+01
7.75978681223e+01
7.77292811624e+01
7.75556054986e+01
7.76624853430e+01
7.78400847992e+01
7.76684112319e+01
7.75411703158e+01
7.74913338197e+01
7.77318416875e+01
7.74510283408e+01
7.74276752293e+01
7.77403132509e+01
7.77184272826e+01
7.74681015786e+01
7.76420168357e+01
7.78105720598e+01
7.78733232189e+01
7.76953518726e+01
7.75301362547e+01
7.77507857559e+01
7.75894718331e+01
7.74164683878e+01
7.77393936149e+01
7.77644547454e+01
7.78322248202e+01
7.77396383084e+01
7.76017235476e+01
7.76465924802e+01
7.77700992555e+01
7.76858557624e+01
7.75823563631e+01
7.75874525226e+01
7.76027141405e+01
7.76864442171e+01
7.75596446770e+01
7.78324530759e+01
7.76583672386e+01
7.77978409345e+01
7.76829589773e+01
7.76039057136e+01
7.78335615008e+01
7.77868541299e+01
7.75364945596e+01
7.77089527454e+01
7.78774802904e+01
7.76554579513e+01
7.74622049054e+01
7.75437634864e+01
7.77267484353e+01
7.77398906520e+01
7.76266747822e+01
7.75137077849e+01
7.77176678370e+01
7.76420887848e+01
7.77382158450e+01
7.77100800308e+01
7.75217255945e+01
7.77832621539e+01
7.76860993027e+01
7.74080068851e+01
7.78987398959e+01
7.77872057290e+01
7.74468975062e+01
7.77439819510e+01
7.75867554663e+01
7.74731866135e+01
7.77246962924e+01
7.78011945015e+01
7.75825459919e+01
7.74528939338e+01
7.76472361739e+01
7.76605486704e+01
7.75164240352e+01
7.76029981548e+01
7.76316429895e+01
7.78152748679e+01
7.76477922122e+01
7.75466764270e+01
7.77472927751e+01
7.75732761584e+01
7.76467056608e+01
7.76686242297e+01
7.76793357569e+01
7.76787854691e+01
7.77948953267e+01
7.77258657852e+01
7.79430137258e+01
7.76524026007e+01
7.77120156811e+01
7.77865462755e+01
7.75634548924e+01
7.74480273699e+01
7.77341480849e+01
7.76079690367e+01
7.74521935961e+01
7.79479673709e+01
7.77389852129e+01
7.77044645389e+01
7.78521811731e+01
7.76619361344e+01
7.76559461128e+01
7.75015049766e+01
7.76063821692e+01
7.76903013416e+01
7.77504399570e+01
7.76972863630e+01
7.77788300604e+01
7.75295834719e+01
7.78177409679e+01
7.76305495792e+01
7.78293921126e+01
7.77072238605e+01
7.76566704804e+01
7.77363026241e+01
7.76119163185e+01
7.76450846600e+01
7.76142945217e+01
7.74880314495e+01
7.75512642929e+01
7.75847850553e+01
7.78530992638e+01
7.76833905371e+01
7.75406159246e+01
7.76539201355e+01
7.73688751997e+01
7.76007976694e+01
7.76147486744e+01
7.76718246121e+01
7.74707201772e+01
7.76881962615e+01
7.77035731209e+01
7.76592499037e+01
7.78235595060e+01
7.78397638034e+01
7.77457641497e+01
7.78502499494e+01
7.76430487208e+01
7.76542198972e+01
7.75631899040e+01
7.76695473610e+01
7.74737167041e+01
7.74787707182e+01
7.77769114183e+01
7.75703809603e+01
7.76843611918e+01
7.76334732702e+01
7.75313201893e+01
7.74505821838e+01
7.77439653779e+01
7.76705362491e+01
7.77791838455e+01
7.75243584895e+01
7.79425027261e+01
7.76780744232e+01
7.77256691380e+01
7.78425890130e+01
7.77344540438e+01
7.77029136609e+01
7.77187844521e+01
7.76772619251e+01
7.78055952406e+01
7.78012090177e+01
7.75792448755e+01
7.78005869906e+01
7.76510052651e+01
7.79353052328e+01
7.76366199430e+01
7.77515134572e+01
7.75292054093e+01
7.76822953825e+01
7.77988447602e+01
7.77028175914e+01
7.76510316183e+01
7.77623524389e+01
7.77234033609e+01
7.76853200499e+01
7.77225588060e+01
7.77081517098e+01
7.76602049084e+01
7.75446641244e+01
7.75181867591e+01
7.76878518617e+01
7.76414928083e+01
7.75618597408e+01
7.74844108890e+01
7.78554190651e+01
7.76877979900e+01
7.76659777157e+01
7.77673158207e+01
7.76210613086e+01
7.77141654479e+01
7.76793148425e+01
7.77757286666e+01
7.75749517312e+01
7.75743486102e+01
7.78781417032e+01
7.77249556456e+01
7.78342043247e+01
7.78050124791e+01
7.77655357442e+01
7.74699500556e+01
7.78304620085e+01
7.74214880059e+01
7.76315815561e+01
7.76841704503e+01
7.76102972626e+01
7.76585981367e+01
7.76732575191e+01
7.77160270697e+01
7.78036418551e+01
7.78999085593e+01
7.77524133879e+01
7.75494885931e+01
7.76858759329e+01
7.77282107045e+01
7.74998569859e+01
7.78268050215e+01
7.76308472495e+01
7.76541913043e+01
7.77966308259e+01
7.76662931285e+01
7.76623317807e+01
7.78299364147e+01
7.75617145355e+01
7.77559982986e+01
7.76914797274e+01
7.78318866115e+01
7.76787857928e+01
7.76864363277e+01
7.78482095145e+01
7.76535214653e+01
7.77806700696e+01
7.75825367433e+01
7.76298412124e+01
7.76082603083e+01
7.78014501590e+01
7.76626068073e+01
7.75182522381e+01
7.77342600057e+01
7.77689117359e+01
7.79360061069e+01
7.77474091719e+01
7.78661214424e+01
7.76800822283e+01
7.75925848738e+01
7.76156977382e+01
7.77018712015e+01
7.76744485111e+01
7.77215179061e+01
7.75533020752e+01
7.74615796967e+01
7.77330895576e+01
7.78307398047e+01
7.74287476642e+01
7.76863527290e+01
7.76857913225e+01
7.73570401022e+01
7.75389576614e+01
7.76224706731e+01
7.77604984229e+01
7.77766040695e+01
7.74690659502e+01
7.76030245316e+01
7.76179249851e+01
7.77121656292e+01
7.76396050886e+01
7.76634965922e+01
7.75024518292e+01
7.78020332474e+01
7.79105763340e+01
7.75932896883e+01
7.76046081519e+01
7.76511080861e+01
7.75288259449e+01
7.77472838346e+01
7.75846118075e+01
7.77659091290e+01
7.77518180799e+01
7.74492492034e+01
7.77249191890e+01
7.76712875782e+01