1.04644490814e+01
1.04645205837e+01
1.04861921955e+01
1.04578490477e+01
1.04481238403e+01
1.05456781366e+01
1.05468862679e+01
1.05082545440e+01
1.06109615800e+01
1.05349844793e+01
1.04523121606e+01
1.05218653621e+01
1.04876741015e+01
1.04741135572e+01
1.04792114278e+01
1.05084596289e+01
1.04828722718e+01
1.04877580356e+01
1.04913130754e+01
1.04923444469e+01
1.05156207336e+01
1.05755691517e+01
1.05920121020e+01
1.04908609701e+01
1.05498160310e+01
1.05121084890e+01
1.04755153792e+01
1.04357086310e+01
1.04476805455e+01
1.05578919345e+01
1.05320632722e+01
1.05741276872e+01
1.05302616521e+01
1.04954849641e+01
1.05314270616e+01
1.05050749803e+01
1.05441333417e+01
1.05516047600e+01
1.04297197729e+01
1.05450891331e+01
1.05967019294e+01
1.05045202111e+01
1.05005393407e+01
1.05193454869e+01
1.05919338695e+01
1.06232052761e+01
1.04390391416e+01
1.05624574340e+01
1.04644763566e+01
1.05204887378e+01
1.04166133752e+01
1.04869123672e+01
1.04919807836e+01
1.05603794936e+01
1.04770071455e+01
1.05539355517e+01
1.04958529114e+01
1.04499180470e+01
1.05848956486e+01
1.04938504039e+01
1.05194453420e+01
1.04618949938e+01
1.04543696351e+01
1.04865785872e+01
1.05014147622e+01
1.04723904134e+01
1.04795044562e+01
1.04786263946e+01
1.05187284233e+01
1.05158504811e+01
1.05588652973e+01
1.05150704678e+01
1.05627313942e+01
1.04450831971e+01
1.05951349399e+01
1.04390789266e+01
1.04575610492e+01
1.04224560819e+01
1.03459193510e+01
1.04672329214e+01
1.04105234464e+01
1.04896811543e+01
1.05241422531e+01
1.05396361802e+01
1.05927504191e+01
1.04543191198e+01
1.04071450102e+01
1.04510359991e+01
1.05022879560e+01
1.05006483027e+01
1.04932045285e+01
1.05370854680e+01
1.05884439347e+01
1.04668850206e+01
1.05320863465e+01
1.05642807778e+01
1.04559871271e+01
1.04756664670e+01
1.05943562965e+01
1.04247890717e+01
1.05460950786e+01
1.04634086199e+01
1.04909141133e+01
1.05287434089e+01
1.04422684051e+01
1.05199895398e+01
1.05070625280e+01
1.04863979015e+01
1.04735773725e+01
1.04265790278e+01
1.06045354708e+01
1.05450814325e+01
1.05853275789e+01
1.06013892622e+01
1.04811245543e+01
1.06171290720e+01
1.03986680039e+01
1.04737673451e+01
1.04557284163e+01
1.05440640757e+01
1.05027116432e+01
1.04394512578e+01
1.06107918068e+01
1.05114317572e+01
1.04641823977e+01
1.04517531433e+01
1.05205290152e+01
1.04718291462e+01
1.05160185443e+01
1.05192950690e+01
1.04582496623e+01
1.05227895098e+01
1.03975987346e+01
1.05082096824e+01
1.05222833651e+01
1.04953958537e+01
1.04681451454e+01
1.04587196351e+01
1.04943986554e+01
1.05994412315e+01
1.04530642994e+01
1.04311471537e+01
1.05206349824e+01
1.04934448315e+01
1.04488392926e+01
1.05504964452e+01
1.05129685049e+01
1.05874321615e+01
1.05779410695e+01
1.04559419782e+01
1.04411012854e+01
1.04907986734e+01
1.05806369325e+01
1.05174293675e+01
1.04532680956e+01
1.05664974740e+01
1.04859245345e+01
1.05223952074e+01
1.05361985647e+01
1.04566250071e+01
1.05283784340e+01
1.05310762867e+01
1.05553713341e+01
1.06173997419e+01
1.04786200941e+01
1.04305406011e+01
1.05646311676e+01
1.05089196132e+01
1.05315193081e+01
1.05364528888e+01
1.05673456354e+01
1.05803392155e+01
1.05289314297e+01
1.06158629053e+01
1.05213073098e+01
1.05075947632e+01
1.04602967440e+01
1.05113419558e+01
1.04332780554e+01
1.04620123093e+01
1.05198125176e+01
1.04746195153e+01
1.04810354682e+01
1.05654898001e+01
1.05098573838e+01
1.04473148032e+01
1.05558314526e+01
1.04300574502e+01
1.04479674306e+01
1.04906374704e+01
1.04539241261e+01
1.04083749932e+01
1.05158458973e+01
1.05410430691e+01
1.05179963437e+01
1.04854295293e+01
1.04283679639e+01
1.05990746489e+01
1.04972614781e+01
1.06173646241e+01
1.05095563170e+01
1.04389750064e+01
1.05500777213e+01
1.04630751658e+01
1.05835401895e+01
1.04894720929e+01
1.04579734735e+01
1.05841336649e+01
1.05642124269e+01
1.04858296799e+01
1.05033853962e+01
1.04412800219e+01
1.04224829131e+01
1.04637836836e+01
1.04206619853e+01
1.04353648972e+01
1.04680442864e+01
1.04828896215e+01
1.04120479361e+01
1.04736431823e+01
1.05329606231e+01
1.05574464240e+01
1.04914592790e+01
1.05291197598e+01
1.05775947713e+01
1.05359377630e+01
1.04409051068e+01
1.05714275962e+01
1.04656251267e+01
1.05505545030e+01
1.04752146178e+01
1.05578303308e+01
1.05331785727e+01
1.05334367838e+01
1.04931249885e+01
1.04906537697e+01
1.04738566461e+01
1.04478062388e+01
1.05301719234e+01
1.04430216249e+01
1.05714292562e+01
1.05153734144e+01
1.04207026793e+01
1.04837864431e+01
1.04685133583e+01
1.04188042529e+01
1.05041573489e+01
1.04775365367e+01
1.04728777587e+01
1.06877149017e+01
1.05665897969e+01
1.04583977922e+01
1.04511971002e+01
1.04152104555e+01
1.04703404676e+01
1.04661380905e+01
1.05278098971e+01
1.03852759242e+01
1.04903074964e+01
1.05935864901e+01
1.05631965890e+01
1.06005829614e+01
1.05047638150e+01
1.05306186988e+01
1.05052504160e+01
1.05973655235e+01
1.04691607944e+01
1.04591807024e+01
1.05104638280e+01
1.04373466241e+01
1.04898388324e+01
1.05532164770e+01
1.05369967219e+01
1.04735114721e+01
1.04832211735e+01
1.05550504674e+01
1.04677360500e+01
1.05180550735e+01
1.05532957287e+01
1.03743416174e+01
1.03907373102e+01
1.05444747112e+01
1.05181064506e+01
1.05210713029e+01
1.04869480503e+01
1.05180214143e+01
1.04659716203e+01
1.05024105149e+01
1.06405917051e+01
1.05286131747e+01
1.04515497606e+01
1.05209190453e+01
1.04167536012e+01
1.05355641077e+01
1.04297172919e+01
1.04443543250e+01
1.05020355987e+01
1.05501513820e+01
1.05553322164e+01
1.06149697430e+01
1.05055573219e+01
1.05012244055e+01
1.04788172719e+01
1.05167428079e+01
1.03922282601e+01
1.05043845070e+01
1.04688079938e+01
1.04833177718e+01
1.05013095740e+01
1.05728151336e+01
1.05702150004e+01
1.04521465497e+01
1.05258607275e+01
1.04286378048e+01
1.04530331520e+01
1.04195396569e+01
1.05046184802e+01
1.05164520331e+01
1.05566668269e+01
1.05056555976e+01
1.04994090464e+01
1.04802254353e+01
1.04288479179e+01
1.05517219514e+01
1.05388765758e+01
1.05556323426e+01
1.05200155823e+01
1.05179302008e+01
1.05073872039e+01
1.05529884648e+01
1.04839899019e+01
1.05410319691e+01
1.04339760628e+01
1.04732054788e+01
1.05248057104e+01
1.03874035104e+01
1.04664408828e+01
1.04913463733e+01
1.03513857381e+01
1.05202779292e+01
1.05121611965e+01
1.05362784546e+01
1.04347809348e+01
1.04702954116e+01
1.05668333598e+01
1.04356317411e+01
1.05052777634e+01
1.05408577956e+01
1.05600775677e+01
1.05508004522e+01
1.04405883861e+01
1.05197764987e+01
1.04315675110e+01
1.05174998888e+01
1.05937936745e+01
1.04835986249e+01
1.05611899254e+01
1.05018760144e+01
1.04685358450e+01
1.05547680684e+01
1.04804358749e+01
1.05726471045e+01
1.03978558168e+01
1.06109663448e+01
1.04681355306e+01
1.05261148374e+01
1.04688332567e+01
1.04894078557e+01
1.04608343027e+01
1.05046835645e+01
1.05396379575e+01
1.05234560166e+01
1.05394645782e+01
1.04634422047e+01
1.05222218878e+01
1.04819948766e+01
1.05507244222e+01
1.05104310414e+01
1.04267272196e+01
1.05756849030e+01
1.04244054149e+01
1.04301288852e+01
1.04952943765e+01
1.04581995143e+01
1.05473855931e+01
1.05507518098e+01
1.04320612696e+01
1.05189707202e+01
1.05098442368e+01
1.05251216587e+01
1.04591339078e+01
1.05475824264e+01
1.04555165207e+01
1.04446645055e+01
1.05760238921e+01
1.04622993150e+01
1.04684365772e+01
1.05120877093e+01
1.04367234532e+01
1.04552402570e+01
1.04744418624e+01
1.04675618090e+01
1.04426652501e+01
1.05406499401e+01
1.04820874198e+01
1.03186462172e+01
1.05639769908e+01
1.05070880018e+01
1.04902408661e+01
1.04340422137e+01
1.04301416830e+01
1.05461759823e+01
1.04569454344e+01
1.05051561345e+01
1.05266806385e+01
1.04168826041e+01
1.04442128384e+01
1.05569461295e+01
1.04501370942e+01
1.04886781385e+01
1.05139886458e+01
1.05169799733e+01
1.04904125518e+01
1.04996630068e+01
1.05109390452e+01
1.04802103531e+01
1.05442702244e+01
1.05880981160e+01
1.04869221959e+01
1.05545014054e+01
1.05128904295e+01
1.06180981851e+01
1.05194071342e+01
1.05756843932e+01
1.05347662733e+01
1.04486799893e+01
1.04779008948e+01
1.05096827795e+01
1.04591104872e+01
1.04568783767e+01
1.04528521291e+01
1.04993494788e+01
1.05912569323e+01
1.03980976837e+01
1.05270533533e+01
1.04971664707e+01
1.03987702409e+01
1.06217442421e+01
1.04812757106e+01
1.05453113699e+01
1.04089191765e+01
1.05557799368e+01
1.04887121855e+01
1.06179645592e+01
1.05254712798e+01
1.04973122239e+01
1.05189013633e+01
1.04740020348e+01
1.05808716164e+01
1.03748135064e+01
1.05752828168e+01
1.05631252508e+01
1.04992544083e+01
1.06094347119e+01
1.04688988231e+01
1.04678058860e+01
1.04199164994e+01
1.04358497330e+01
1.06348541570e+01
1.04012191058e+01
1.04701185962e+01
1.05556975720e+01
1.05196976010e+01
1.05444499436e+01
1.05060496410e+01
1.04227929681e+01
1.06127180265e+01
1.04602571634e+01
1.04729614605e+01
1.04339569802e+01
1.04916737183e+01
1.05263057778e+01
1.05822396700e+01
1.04993760192e+01
1.04688348955e+01
1.04170853894e+01
1.05869463194e+01
1.05784090781e+01
1.05221931763e+01
1.05525793784e+01
1.04994353612e+01
1.05266958898e+01
1.05020982990e+01
1.05841959558e+01
1.05016156696e+01
1.05091997067e+01
1.04944603511e+01
1.05654827624e+01
1.04743012641e+01
1.05165094139e+01
1.05066010060e+01