-6.39894740290e+00
-6.39521831952e+00
-6.39957185931e+00
-6.40756924838e+00
-6.40400476075e+00
-6.40543081321e+00
-6.39967692719e+00
-6.39961690433e+00
-6.40056182856e+00
-6.39622061400e+00
-6.39958912281e+00
-6.40004597936e+00
-6.40066540195e+00
-6.39425288019e+00
-6.39768013560e+00
-6.39754510635e+00
-6.40027223328e+00
-6.40227535232e+00
-6.40102769497e+00
-6.39916111930e+00
-6.39696037141e+00
-6.39791824745e+00
-6.39569425928e+00
-6.40433959911e+00
-6.40236569012e+00
-6.40100185102e+00
-6.40040652284e+00
-6.40430617713e+00
-6.39547469439e+00
-6.39530610629e+00
-6.40327917237e+00
-6.39954785997e+00
-6.40214014591e+00
-6.39856393700e+00
-6.40128679102e+00
-6.40369353146e+00
-6.40066130330e+00
-6.39987481348e+00
-6.40398800744e+00
-6.39882214832e+00
-6.40034146641e+00
-6.40004462958e+00
-6.40121666171e+00
-6.40115851432e+00
-6.40103209266e+00
-6.40073236305e+00
-6.39875027157e+00
-6.39671501418e+00
-6.40012472158e+00
-6.39798107447e+00
-6.39724968933e+00
-6.39459541373e+00
-6.39948428245e+00
-6.40125158908e+00
-6.39893903592e+00
-6.40027368318e+00
-6.40020410391e+00
-6.39977036621e+00
-6.40452472521e+00
-6.39873104700e+00
-6.40010612797e+00
-6.39294183739e+00
-6.39424197065e+00
-6.39634189985e+00
-6.40098461656e+00
-6.39919955554e+00
-6.40142020625e+00
-6.39859217863e+00
-6.39854021735e+00
-6.40619320461e+00
-6.39799531635e+00
-6.40273033506e+00
-6.39943144806e+00
-6.39975451574e+00
-6.40371319721e+00
-6.40327403445e+00
-6.39854094596e+00
-6.39992151751e+00
-6.39667804032e+00
-6.40467138432e+00
-6.39861516832e+00
-6.40330824238e+00
-6.39799760911e+00
-6.39536501386e+00
-6.39562608230e+00
-6.39664487195e+00
-6.40737259080e+00
-6.39578504627e+00
-6.39566912729e+00
-6.40478414983e+00
-6.40023396513e+00
-6.39840496170e+00
-6.39987769791e+00
-6.39964718170e+00
-6.40289213314e+00
-6.39978852126e+00
-6.40003777570e+00
-6.40256799394e+00
-6.40202975982e+00
-6.39929131062e+00
-6.40129149819e+00
-6.39818300484e+00
-6.40288795153e+00
-6.39829319728e+00
-6.40479809984e+00
-6.40036897610e+00
-6.40101054769e+00
-6.40671157515e+00
-6.39915688920e+00
-6.39704601096e+00
-6.40363160532e+00
-6.40192964465e+00
-6.40062365880e+00
-6.39627134902e+00
-6.39962612051e+00
-6.39510994094e+00
-6.40642176810e+00
-6.39968286744e+00
-6.39576011689e+00
-6.39781373310e+00
-6.39889699036e+00
-6.39558061561e+00
-6.40122890559e+00
-6.40413066009e+00
-6.40631963654e+00
-6.39786149458e+00
-6.39545381927e+00
-6.39852369564e+00
-6.39771243455e+00
-6.40322157719e+00
-6.39540000106e+00
-6.39948651276e+00
-6.39516641447e+00
-6.40106161482e+00
-6.39731718001e+00
-6.39912007153e+00
-6.39867252143e+00
-6.39945499179e+00
-6.40237256728e+00
-6.40509272172e+00
-6.39929205388e+00
-6.39768736564e+00
-6.40221077974e+00
-6.40071795455e+00
-6.39684134099e+00
-6.39328770119e+00
-6.40399383057e+00
-6.39947433764e+00
-6.40090049386e+00
-6.39991019453e+00
-6.39907224649e+00
-6.39756695564e+00
-6.39832946540e+00
-6.39788804166e+00
-6.39584507603e+00
-6.39863930731e+00
-6.40210205019e+00
-6.39822287183e+00
-6.40137535724e+00
-6.39847384117e+00
-6.39852906774e+00
-6.39678086951e+00
-6.39892759420e+00
-6.39691793869e+00
-6.40538560423e+00
-6.40049998353e+00
-6.40071628941e+00
-6.39938438415e+00
-6.39833873894e+00
-6.40191353756e+00
-6.39885875771e+00
-6.39744727586e+00
-6.40348244113e+00
-6.40253970671e+00
-6.40320523570e+00
-6.40217694684e+00
-6.39989401162e+00
-6.40312397901e+00
-6.39977676586e+00
-6.39603220752e+00
-6.40113229004e+00
-6.40038547997e+00
-6.40106136921e+00
-6.40086271353e+00
-6.39843367969e+00
-6.40123427499e+00
-6.39960968956e+00
-6.40204737499e+00
-6.40125571422e+00
-6.39886455345e+00
-6.39536735508e+00
-6.40120922842e+00
-6.39886383033e+00
-6.39882165848e+00
-6.40072604521e+00
-6.40004173641e+00
-6.39610701153e+00
-6.39996434301e+00
-6.40182846968e+00
-6.39919388830e+00
-6.39973955298e+00
-6.39624234856e+00
-6.39672075786e+00
-6.40463262651e+00
-6.39829421290e+00
-6.39915315906e+00
-6.39514110486e+00
-6.39563189081e+00
-6.39940388728e+00
-6.40045390911e+00
-6.39803533063e+00
-6.39640038398e+00
-6.40125634266e+00
-6.39419024022e+00
-6.39995766426e+00
-6.39848395190e+00
-6.39803522379e+00
-6.39910486130e+00
-6.39508889349e+00
-6.40041859272e+00
-6.39646388678e+00
-6.39608381084e+00
-6.40027594668e+00
-6.39929288859e+00
-6.40019484624e+00
-6.39560946890e+00
-6.40060856139e+00
-6.39905444544e+00
-6.39966307928e+00
-6.39912162281e+00
-6.40037634380e+00
-6.40189176129e+00
-6.39604479564e+00
-6.39723496956e+00
-6.39896949683e+00
-6.39869954722e+00
-6.39746060239e+00
-6.40273199810e+00
-6.40400546085e+00
-6.40105433311e+00
-6.40053136069e+00
-6.40016990076e+00
-6.40263235534e+00
-6.39613419746e+00
-6.40026343169e+00
-6.39886736519e+00
-6.39915952712e+00
-6.39700366499e+00
-6.39743241000e+00
-6.39598702929e+00
-6.39784965792e+00
-6.40188751576e+00
-6.40170710205e+00
-6.39883593362e+00
-6.40253973109e+00
-6.40053602670e+00
-6.40629817551e+00
-6.39627700405e+00
-6.39867100359e+00
-6.40396818037e+00
-6.39740493056e+00
-6.39969347092e+00
-6.39617476828e+00
-6.39709380395e+00
-6.39383795391e+00
-6.39797702909e+00
-6.39811644501e+00
-6.39959578103e+00
-6.39862873866e+00
-6.39848178744e+00
-6.39972904902e+00
-6.39759433713e+00
-6.39921046934e+00
-6.40530878754e+00
-6.39761748672e+00
-6.39986246638e+00
-6.39827539549e+00
-6.40289500252e+00
-6.40336436389e+00
-6.39778606270e+00
-6.39980545917e+00
-6.39918366399e+00
-6.39825012652e+00
-6.39958253020e+00
-6.40321400280e+00
-6.39947287225e+00
-6.39847999463e+00
-6.40097483873e+00
-6.40028039781e+00
-6.40311759749e+00
-6.39982836365e+00
-6.40213669883e+00
-6.40329994527e+00
-6.40005614317e+00
-6.39945257934e+00
-6.40061964096e+00
-6.39401147660e+00
-6.40043534248e+00
-6.39608575295e+00
-6.39895403375e+00
-6.39837368817e+00
-6.39752958072e+00
-6.40017774680e+00
-6.39971451046e+00
-6.39847999520e+00
-6.39909120269e+00
-6.39939260906e+00
-6.39642817879e+00
-6.39872389813e+00
-6.39952608429e+00
-6.39892206085e+00
-6.39942201161e+00
-6.39504069914e+00
-6.40167808168e+00
-6.39878328134e+00
-6.40186575786e+00
-6.40020899339e+00
-6.40141206368e+00
-6.40067495134e+00
-6.39489437617e+00
-6.39626180030e+00
-6.39508938645e+00
-6.40073717042e+00
-6.40123443248e+00
-6.39493323904e+00
-6.40167422930e+00
-6.39964760365e+00
-6.39967163304e+00
-6.39439361828e+00
-6.39992398768e+00
-6.39972793151e+00
-6.39727176528e+00
-6.39836758381e+00
-6.40048278974e+00
-6.39784554517e+00
-6.40099444574e+00
-6.39977643890e+00
-6.40049088837e+00
-6.40019761332e+00
-6.40096275881e+00
-6.39818049480e+00
-6.40274266534e+00
-6.39997917858e+00
-6.39930440277e+00
-6.39720692998e+00
-6.39827806614e+00
-6.40167622362e+00
-6.39767659888e+00
-6.39965619934e+00
-6.39987884010e+00
-6.39932550240e+00
-6.39928964199e+00
-6.39980672394e+00
-6.39910862636e+00
-6.40039825571e+00
-6.40335862746e+00
-6.39924739311e+00
-6.39821671996e+00
-6.40065685410e+00
-6.39993202528e+00
-6.40257492787e+00
-6.39330429405e+00
-6.39670042285e+00
-6.40159584110e+00
-6.39848302981e+00
-6.40447315950e+00
-6.39782888652e+00
-6.39849929836e+00
-6.39991368067e+00
-6.40119409490e+00
-6.39774749347e+00
-6.39968322375e+00
-6.39969525558e+00
-6.40109091311e+00
-6.40118571754e+00
-6.40231591744e+00
-6.39907102428e+00
-6.39934136038e+00
-6.39947686965e+00
-6.40373350387e+00
-6.39680604913e+00
-6.40191640296e+00
-6.40086894802e+00
-6.39697443230e+00
-6.40363379455e+00
-6.39765870296e+00
-6.39839640740e+00
-6.39953613709e+00
-6.40217049930e+00
-6.39962924336e+00
-6.39527445943e+00
-6.40006745383e+00
-6.40008558848e+00
-6.40055459978e+00
-6.39692697065e+00
-6.39976645245e+00
-6.40102941084e+00
-6.40048704231e+00
-6.39937154072e+00
-6.39882321465e+00
-6.40160156674e+00
-6.40033691614e+00
-6.39986482798e+00
-6.39941192762e+00
-6.39963383680e+00
-6.39758649942e+00
-6.39901287313e+00
-6.40275523209e+00
-6.39866089396e+00
-6.40024407796e+00
-6.39641341777e+00
-6.40028737793e+00
-6.39729536807e+00
-6.40257530496e+00
-6.39962583226e+00
-6.39982473529e+00
-6.40176095706e+00
-6.39909604394e+00
-6.39772127297e+00
-6.40210163599e+00
-6.40313909393e+00
-6.40038559090e+00
-6.40189426766e+00
-6.39951715833e+00
-6.39857014838e+00
-6.39935681553e+00
-6.40138849727e+00
-6.39582517184e+00
-6.39868516983e+00
-6.40389530436e+00
-6.39982780221e+00
-6.39920721299e+00
-6.40629542041e+00
-6.39902661143e+00
-6.39902917554e+00
-6.39530940043e+00
-6.39689414258e+00
-6.40099820243e+00
-6.39680033429e+00
-6.39756691642e+00
-6.39828666171e+00
-6.40207337535e+00
-6.40115238716e+00
-6.39948981031e+00
-6.40029766968e+00
-6.40039256410e+00
-6.40517404608e+00
-6.40242877922e+00
-6.40313525763e+00
-6.39980574302e+00
-6.39762139232e+00
-6.40498295633e+00
-6.39947766510e+00
-6.39946164842e+00
-6.40486045930e+00
-6.39814610464e+00
-6.39943411518e+00
-6.40382131935e+00
-6.40322378380e+00
-6.40187669563e+00
-6.40129647050e+00
-6.39900349094e+00
-6.40388233372e+00
-6.39936632428e+00
-6.39657506628e+00
-6.39959747627e+00
-6.39747950359e+00
-6.40101381918e+00
-6.39830700190e+00
-6.39574830282e+00
-6.39914291337e+00
-6.40072401898e+00
-6.40112520809e+00
-6.39835429265e+00
-6.39443813900e+00
-6.39702969483e+00
-6.39622689476e+00
-6.40306505444e+00
-6.40307070771e+00
-6.39261284882e+00
-6.40031674908e+00
-6.39589236436e+00
-6.39571594599e+00
-6.40680955712e+00
-6.39708809609e+00
-6.39628468935e+00
-6.40436506300e+00
-6.39928030544e+00
-6.39528827398e+00
-6.40223890128e+00
-6.40194347461e+00
-6.40271102445e+00
-6.40222969691e+00
-6.40112123625e+00
-6.39859681027e+00
-6.39777567867e+00
-6.39595969147e+00
-6.40232778369e+00
-6.40288141297e+00
-6.40050923462e+00
-6.39962630560e+00