7.63393725009e-01
7.47423055876e-01
7.47931119194e-01
7.58658703025e-01
7.50583396056e-01
7.55356324433e-01
7.54187185259e-01
7.59787514704e-01
7.49831150383e-01
7.54805735962e-01
7.56720891791e-01
7.51705465183e-01
7.45263905866e-01
7.48782594249e-01
7.49389701042e-01
7.53677185058e-01
7.57519351649e-01
7.46512547369e-01
7.50417823586e-01
7.43822709828e-01
7.44580452723e-01
7.53302357846e-01
7.51148633211e-01
7.53860657659e-01
7.45093601777e-01
7.50594380987e-01
7.44771770767e-01
7.53784709516e-01
7.61673209824e-01
7.62127622728e-01
7.52600645648e-01
7.54657567476e-01
7.46958918773e-01
7.57887265800e-01
7.53698540218e-01
7.51548529715e-01
7.50830739726e-01
7.51568023009e-01
7.52341839706e-01
7.61664344233e-01
7.53565322990e-01
7.49736164763e-01
7.49731505142e-01
7.55951434077e-01
7.48893005996e-01
7.51197034967e-01
7.57882698407e-01
7.52039027035e-01
7.59277483350e-01
7.49067284538e-01
7.48385402050e-01
7.49597808434e-01
7.55143203699e-01
7.61940248450e-01
7.55094698559e-01
7.63529644632e-01
7.53434517815e-01
7.53901668206e-01
7.52143540788e-01
7.54790910877e-01
7.50022394603e-01
7.46419218474e-01
7.54395149800e-01
7.53101765667e-01
7.61538716355e-01
7.56255803628e-01
7.45731188051e-01
7.52874245036e-01
7.49377143955e-01
7.44032796284e-01
7.55253879114e-01
7.54948326654e-01
7.61957034753e-01
7.57944745669e-01
7.58776326753e-01
7.50003353024e-01
7.50129461407e-01
7.55900034487e-01
7.57680221558e-01
7.46910957577e-01
7.55303158872e-01
7.56972870941e-01
7.53829796270e-01
7.60138519293e-01
7.59033507801e-01
7.53132892441e-01
7.46094186794e-01
7.54007372670e-01
7.51155607265e-01
7.61309195215e-01
7.55141279774e-01
7.51726930905e-01
7.56990051149e-01
7.51958043326e-01
7.55951735737e-01
7.53142211332e-01
7.47393488112e-01
7.52317932046e-01
7.53435752016e-01
7.51712961684e-01
7.57333095507e-01
7.52605541856e-01
7.41313446767e-01
7.60692581751e-01
7.54780383692e-01
7.43621490375e-01
7.54984966435e-01
7.49710041862e-01
7.53209794035e-01
7.60017638082e-01
7.57124979045e-01
7.46027118500e-01
7.53469908726e-01
7.51962883912e-01
7.48442409887e-01
7.58531519199e-01
7.50844731111e-01
7.49496031573e-01
7.52960158045e-01
7.52423854061e-01
7.54148289205e-01
7.56070876750e-01
7.46041425933e-01
7.57246174080e-01
7.55889874242e-01
7.49661845934e-01
7.58490301327e-01
7.49530928750e-01
7.53667356317e-01
7.53283640168e-01
7.53966203418e-01
7.56722906427e-01
7.60317104166e-01
7.50072628032e-01
7.48073285284e-01
7.47914012794e-01
7.57978658689e-01
7.49441436168e-01
7.58198490665e-01
7.51770147461e-01
7.52763782173e-01
7.41926723396e-01
7.49041537576e-01
7.52585695826e-01
7.49983445317e-01
7.56909469500e-01
7.57187180421e-01
7.51515372550e-01
7.55928704787e-01
7.55153151172e-01
7.57399029203e-01
7.53088308522e-01
7.49122353990e-01
7.56167161937e-01
7.51295784927e-01
7.48670890850e-01
7.51097885738e-01
7.57205735976e-01
7.43091327779e-01
7.51030457614e-01
7.56328595185e-01
7.50644307342e-01
7.60454315371e-01
7.54396126237e-01
7.54451376889e-01
7.51723157409e-01
7.52487336718e-01
7.52007064606e-01
7.51951621544e-01
7.44685061628e-01
7.45815642725e-01
7.54708204270e-01
7.52578891751e-01
7.55657837368e-01
7.56227770201e-01
7.47967213448e-01
7.53075365927e-01
7.50252145804e-01
7.51178645753e-01
7.56076857386e-01
7.42313103281e-01
7.40019525381e-01
7.49952422459e-01
7.49753257633e-01
7.55635883243e-01
7.51981499604e-01
7.51786351997e-01
7.65276363897e-01
7.54036590149e-01
7.40701402750e-01
7.48870653834e-01
7.60840095627e-01
7.51242023201e-01
7.43616705266e-01
7.46340449885e-01
7.47719753503e-01
7.53535386510e-01
7.49222893275e-01
7.57165434010e-01
7.53717165488e-01
7.54916561764e-01
7.48621436697e-01
7.59543594592e-01
7.55416809170e-01
7.53951491106e-01
7.62429257860e-01
7.59306964546e-01
7.53800566826e-01
7.56941471207e-01
7.65432034772e-01
7.57713904563e-01
7.52362653771e-01
7.51421533859e-01
7.55341708000e-01
7.47028726197e-01
7.53344343374e-01
7.48101347496e-01
7.52020556062e-01
7.57363309412e-01
7.47211105993e-01
7.57072231521e-01
7.53583326970e-01
7.51775572659e-01
7.52091684115e-01
7.54058379293e-01
7.57346000866e-01
7.47155159465e-01
7.60824108621e-01
7.55603961241e-01
7.61994202694e-01
7.47096635848e-01
7.44558247451e-01
7.53059665692e-01
7.53239590435e-01
7.62236839448e-01
7.52914135670e-01
7.59758832149e-01
7.51426528516e-01
7.53228882035e-01
7.55081406840e-01
7.59435157960e-01
7.50357869569e-01
7.43659413373e-01
7.55745290453e-01
7.60041980304e-01
7.55608818665e-01
7.49831628207e-01
7.54877896884e-01
7.56895933620e-01
7.59113099820e-01
7.55569079148e-01
7.52131075650e-01
7.46885228490e-01
7.58770417846e-01
7.50753096272e-01
7.47298695895e-01
7.53097644606e-01
7.57489984209e-01
7.49985641157e-01
7.52737744582e-01
7.57884850182e-01
7.57180493417e-01
7.46710699480e-01
7.61175055396e-01
7.63185675556e-01
7.50694284087e-01
7.55603583274e-01
7.56199826350e-01
7.53723210573e-01
7.48090496876e-01
7.46982694013e-01
7.57744550371e-01
7.57494415302e-01
7.49540932754e-01
7.54314373481e-01
7.57708474170e-01
7.48170349299e-01
7.55538344248e-01
7.52583265726e-01
7.51703469738e-01
7.47797485930e-01
7.52341595979e-01
7.49193332047e-01
7.51755517995e-01
7.49959976464e-01
7.57612040268e-01
7.43949552838e-01
7.45916463515e-01
7.54572364709e-01
7.48121651729e-01
7.47174491642e-01
7.50442002980e-01
7.60158578526e-01
7.44159653297e-01
7.43909120224e-01
7.46821865523e-01
7.55283302623e-01
7.49308097663e-01
7.41419128364e-01
7.61758320179e-01
7.57995216602e-01
7.52423559567e-01
7.62578499814e-01
7.51059817862e-01
7.52051062853e-01
7.60853623071e-01
7.53223358921e-01
7.52501029528e-01
7.58897540245e-01
7.48575704220e-01
7.46691507590e-01
7.50840029564e-01
7.55530248445e-01
7.51218277870e-01
7.52772030263e-01
7.47070557423e-01
7.55407224521e-01
7.47302565656e-01
7.45380657841e-01
7.55365533901e-01
7.54589005666e-01
7.56690159419e-01
7.52540887061e-01
7.44298723774e-01
7.56017977632e-01
7.52945467794e-01
7.51496413690e-01
7.57572032305e-01
7.52862006041e-01
7.50659339180e-01
7.58010124905e-01
7.47298191011e-01
7.58932164532e-01
7.53333479998e-01
7.61871568044e-01
7.53676498040e-01
7.45629815393e-01
7.57477848684e-01
7.61201490140e-01
7.53035625282e-01
7.49278900817e-01
7.58519577915e-01
7.49036095922e-01
7.53022807259e-01
7.48262487159e-01
7.45720806631e-01
7.44843646287e-01
7.65796909945e-01
7.46162985328e-01
7.43569826019e-01
7.42219009976e-01
7.54583904126e-01
7.55988321971e-01
7.63409185431e-01
7.56545737757e-01
7.44546319996e-01
7.53633421384e-01
7.56115119574e-01
7.56780588035e-01
7.56494595747e-01
7.51354556451e-01
7.55845206561e-01
7.53551496179e-01
7.52741230510e-01
7.44884505709e-01
7.47890859198e-01
7.57384178415e-01
7.48286148250e-01
7.61281477240e-01
7.48587745209e-01
7.41089821278e-01
7.45787388247e-01
7.49413041957e-01
7.57240956699e-01
7.46930557681e-01
7.48962137865e-01
7.58918982643e-01
7.48602175905e-01
7.48484123936e-01
7.50060979445e-01
7.51095955792e-01
7.50835615005e-01
7.60380200776e-01
7.53247656941e-01
7.53841724063e-01
7.63182351010e-01
7.51185348502e-01
7.43026021091e-01
7.62502096741e-01
7.52317142488e-01
7.53088821521e-01
7.60332674708e-01
7.61050735088e-01
7.56175985329e-01
7.57739811939e-01
7.59233477405e-01
7.58433507826e-01
7.57153364924e-01
7.52754017460e-01
7.47496855321e-01
7.51523227536e-01
7.44110039202e-01
7.52672179805e-01
7.49404831603e-01
7.52579501717e-01
7.58133693395e-01
7.52611054620e-01
7.66704644248e-01
7.42116953216e-01
7.43701548873e-01
7.56801631686e-01
7.53091908822e-01
7.54791941484e-01
7.50124339145e-01
7.47518232991e-01
7.52530529681e-01
7.53534863859e-01
7.47898683425e-01
7.49950461606e-01
7.52372059818e-01
7.54851055556e-01
7.50064190668e-01
7.55951572203e-01
7.57245809256e-01
7.54906778670e-01
7.66630206865e-01
7.59660044391e-01
7.47041771277e-01
7.57909713124e-01
7.55119300836e-01
7.48910304430e-01
7.48834315317e-01
7.52832408013e-01
7.60232409314e-01
7.53568672885e-01
7.50953095748e-01
7.46167314297e-01
7.51765955428e-01
7.47997941206e-01
7.60297307844e-01
7.51870070244e-01
7.52696659237e-01
7.49162847034e-01
7.61743674234e-01
7.54822148129e-01
7.57254283743e-01
7.52518311872e-01
7.50275894748e-01
7.53947541104e-01
7.48705921524e-01
7.51389891099e-01
7.51499328769e-01
7.59032354996e-01
7.63887934561e-01
7.51950194637e-01
7.58349180124e-01
7.52519430568e-01
7.47617792666e-01
7.58643191682e-01
7.44685590170e-01
7.59337992197e-01
7.49025876848e-01
7.51548653731e-01
7.55800758856e-01
7.49810273989e-01
7.59737415948e-01
7.57685980567e-01
7.50258451216e-01
7.56586879470e-01
7.53888288544e-01
7.51442958716e-01
7.53853350903e-01
7.56781880847e-01
7.59729323891e-01
7.58526832688e-01
7.56299237156e-01
7.48276047868e-01
7.59987352189e-01
7.55104898002e-01
7.56345958121e-01
7.43850392553e-01
7.42750533423e-01
7.50098441733e-01
7.56036146402e-01
7.56153790003e-01
7.48232381071e-01
7.57115144193e-01
7.51944149045e-01
7.47240573790e-01
7.48052345017e-01
7.51974168137e-01
7.46973376215e-01
7.58898741215e-01
7.55459331999e-01
7.38877903725e-01
7.43120286550e-01
7.52408182486e-01
7.60625614564e-01
7.45582516109e-01
7.52226545114e-01
7.53367531475e-01