1.84470745487e+05
1.75482702079e+05
1.71961340316e+05
1.73725165858e+05
1.70535223582e+05
1.76896085217e+05
1.70128021502e+05
1.73281696759e+05
1.72108723777e+05
1.78546904594e+05
1.71265672146e+05
1.81056036764e+05
1.78658427831e+05
1.78614209415e+05
1.73052947120e+05
1.71091023843e+05
1.70905406236e+05
1.75253660145e+05
1.76555850396e+05
1.73023952183e+05
1.76533880729e+05
1.78419802440e+05
1.71735008522e+05
1.79372441861e+05
1.78404400565e+05
1.76075865178e+05
1.73304595826e+05
1.68448516280e+05
1.75419231525e+05
1.80848761396e+05
1.75751323439e+05
1.79100085401e+05
1.80375528690e+05
1.78682823963e+05
1.77604268205e+05
1.75285681992e+05
1.72023574111e+05
1.77546654778e+05
1.72640578737e+05
1.81203600634e+05
1.73846732582e+05
1.77602529031e+05
1.74076029730e+05
1.80710039135e+05
1.76409347137e+05
1.75629995072e+05
1.77780979127e+05
1.74849622722e+05
1.67385438573e+05
1.75503061826e+05
1.74725966414e+05
1.77053323113e+05
1.72821826769e+05
1.75711203775e+05
1.74238973382e+05
1.79174265112e+05
1.74576598368e+05
1.71052684447e+05
1.77399575333e+05
1.75609997666e+05
1.69649459131e+05
1.73864103395e+05
1.68306292180e+05
1.75784802402e+05
1.76071519748e+05
1.67880594000e+05
1.78194298417e+05
1.78088201759e+05
1.68496849325e+05
1.74577972453e+05
1.75451837802e+05
1.75649308573e+05
1.77075425993e+05
1.75417982856e+05
1.76378840571e+05
1.69612718911e+05
1.73595032214e+05
1.74195499077e+05
1.80333617985e+05
1.70140176387e+05
1.78092761062e+05
1.78914122037e+05
1.74344592885e+05
1.81391199877e+05
1.70346854041e+05
1.75543561070e+05
1.78027562265e+05
1.82631565187e+05
1.78060273264e+05
1.70654474187e+05
1.72063186913e+05
1.73900465049e+05
1.79051529340e+05
1.72555673056e+05
1.83379912380e+05
1.75492814858e+05
1.71648516947e+05
1.75191841046e+05
1.79397933162e+05
1.73369837413e+05
1.73654894781e+05
1.85589245923e+05
1.68569193009e+05
1.79183701037e+05
1.76889205772e+05
1.73637205009e+05
1.80028943167e+05
1.70429156662e+05
1.71510878963e+05
1.69001107082e+05
1.70823129872e+05
1.83332054762e+05
1.76176552441e+05
1.75848236183e+05
1.76385171561e+05
1.81758839540e+05
1.75618443124e+05
1.80422835544e+05
1.79384731007e+05
1.75354842300e+05
1.78771318095e+05
1.75133107197e+05
1.79817449729e+05
1.79489907183e+05
1.79279704741e+05
1.69292586005e+05
1.65087005298e+05
1.77026306271e+05
1.74588283034e+05
1.74577375001e+05
1.76390803626e+05
1.81398408122e+05
1.80205905004e+05
1.77309288679e+05
1.71246480450e+05
1.69467560073e+05
1.78957145415e+05
1.69114209812e+05
1.65554758241e+05
1.73550905829e+05
1.76717139310e+05
1.74393769401e+05
1.73485405593e+05
1.72890778269e+05
1.71224539110e+05
1.70964540215e+05
1.79954742107e+05
1.76507134207e+05
1.83427004284e+05
1.81748265522e+05
1.74282372299e+05
1.76299243032e+05
1.72483811889e+05
1.65852110139e+05
1.69957126321e+05
1.82619130404e+05
1.79997831413e+05
1.77987410457e+05
1.74874964141e+05
1.73123876925e+05
1.84114518673e+05
1.76978394054e+05
1.80298812129e+05
1.79504348035e+05
1.70691689821e+05
1.77710447501e+05
1.66012310126e+05
1.78867596130e+05
1.75280325946e+05
1.74090811292e+05
1.76179426275e+05
1.70721942308e+05
1.76472997132e+05
1.77006083145e+05
1.78451186162e+05
1.80638801141e+05
1.73097373954e+05
1.74473341542e+05
1.83763386771e+05
1.76225509808e+05
1.80509622728e+05
1.73571060511e+05
1.67541367385e+05
1.79402843769e+05
1.84195649915e+05
1.69928961549e+05
1.77139419668e+05
1.72514385160e+05
1.73345366478e+05
1.74605009305e+05
1.78654787787e+05
1.69318788990e+05
1.83035230247e+05
1.73124284784e+05
1.74717480650e+05
1.78380415367e+05
1.73966490469e+05
1.81227850477e+05
1.69302596468e+05
1.74411767739e+05
1.71575172426e+05
1.74559305169e+05
1.79995260880e+05
1.73410557727e+05
1.77517877567e+05
1.80871140248e+05
1.75577313113e+05
1.69350473861e+05
1.80241197054e+05
1.70791231818e+05
1.78064468758e+05
1.71668610657e+05
1.78220762875e+05
1.73554120139e+05
1.82307414629e+05
1.68950079565e+05
1.66755524339e+05
1.80176429493e+05
1.77419948283e+05
1.73123591823e+05
1.76635869047e+05
1.75248212484e+05
1.85139438741e+05
1.73738235974e+05
1.80515602447e+05
1.85013483568e+05
1.85921864793e+05
1.77952284777e+05
1.77932142984e+05
1.70064513476e+05
1.75953833700e+05
1.81147743563e+05
1.74802392902e+05
1.76517437468e+05
1.83754632466e+05
1.73300885031e+05
1.81013615848e+05
1.78040023517e+05
1.79384572280e+05
1.78931123518e+05
1.76404491124e+05
1.78133673332e+05
1.74044462611e+05
1.71723716687e+05
1.78068175006e+05
1.65969627238e+05
1.73926344686e+05
1.75977128571e+05
1.81063443437e+05
1.81173692337e+05
1.82666460553e+05
1.80870456057e+05
1.77906604453e+05
1.77395572965e+05
1.70858217930e+05
1.69597435821e+05
1.67464203025e+05
1.76545054897e+05
1.78800729603e+05
1.79312443237e+05
1.74217315737e+05
1.75074070059e+05
1.76155208565e+05
1.82821147419e+05
1.76524912777e+05
1.72212775892e+05
1.74652946345e+05
1.76221635330e+05
1.78029255074e+05
1.75948786189e+05
1.73418196151e+05
1.75502844298e+05
1.85000128154e+05
1.75711645345e+05
1.70939355400e+05
1.72019780064e+05
1.69176730582e+05
1.75487407643e+05
1.73226153046e+05
1.71929168635e+05
1.75793892893e+05
1.81293027921e+05
1.67678846864e+05
1.75890941266e+05
1.80156538618e+05
1.73148886140e+05
1.75001826174e+05
1.73937111300e+05
1.76995520531e+05
1.74999487958e+05
1.72762764122e+05
1.76338120686e+05
1.76625802770e+05
1.83263333665e+05
1.67110015140e+05
1.73291373263e+05
1.80262535293e+05
1.77152617875e+05
1.80382875279e+05
1.76005238482e+05
1.74561068500e+05
1.77159985884e+05
1.73289966889e+05
1.75048869406e+05
1.74162123933e+05
1.73278468015e+05
1.74164574287e+05
1.73568812530e+05
1.72971441288e+05
1.76316943877e+05
1.77696193050e+05
1.77928467791e+05
1.72294500873e+05
1.76552368408e+05
1.74907394858e+05
1.73734302815e+05
1.77582255048e+05
1.70653781717e+05
1.69235283221e+05
1.76297640273e+05
1.78066559978e+05
1.79506065157e+05
1.67395646792e+05
1.67693002559e+05
1.82775065894e+05
1.76342346853e+05
1.75741381744e+05
1.73957876102e+05
1.78100810316e+05
1.73271642250e+05
1.75806341037e+05
1.78518665363e+05
1.80256635234e+05
1.71598537035e+05
1.72542896625e+05
1.74489573260e+05
1.73818550099e+05
1.74167835594e+05
1.67579179994e+05
1.76571570500e+05
1.81942241155e+05
1.80166421511e+05
1.74329967486e+05
1.74535405546e+05
1.71508367349e+05
1.78086493043e+05
1.73007569433e+05
1.69535293166e+05
1.78368275711e+05
1.77233615620e+05
1.77125699466e+05
1.80565340803e+05
1.78208517730e+05
1.75223805117e+05
1.68095205534e+05
1.77193820588e+05
1.76717592359e+05
1.73238184839e+05
1.79072935215e+05
1.67498821313e+05
1.72999609233e+05
1.74244460107e+05
1.66301929487e+05
1.73121988361e+05
1.73883399991e+05
1.83373625759e+05
1.75163226259e+05
1.80792485867e+05
1.72434110195e+05
1.75480166865e+05
1.76750172046e+05
1.77192190421e+05
1.70797193035e+05
1.77376548815e+05
1.72468239105e+05
1.76192873762e+05
1.79565247608e+05
1.73730794792e+05
1.81640165684e+05
1.74764941085e+05
1.79396295217e+05
1.71300174766e+05
1.72103510613e+05
1.73970403499e+05
1.77217215325e+05
1.81690612887e+05
1.71638828969e+05
1.77219349354e+05
1.81317692161e+05
1.81195740378e+05
1.74104195913e+05
1.81335880528e+05
1.75513570813e+05
1.76095422954e+05
1.73068982317e+05
1.65440335961e+05
1.74230870139e+05
1.69406156347e+05
1.68838387369e+05
1.75266511376e+05
1.75909591729e+05
1.73458746786e+05
1.80039888569e+05
1.77467667722e+05
1.75230367174e+05
1.78998281898e+05
1.72949032197e+05
1.83529414458e+05
1.73437712247e+05
1.81569664807e+05
1.77407570894e+05
1.76259783183e+05
1.79583561494e+05
1.75419848576e+05
1.70752543182e+05
1.75401079508e+05
1.75138462695e+05
1.72323968080e+05
1.76794156506e+05
1.73526719846e+05
1.75372439593e+05
1.74132298059e+05
1.75564262387e+05
1.74994434306e+05
1.75079263256e+05
1.68802464309e+05
1.82853356403e+05
1.73166020050e+05
1.75359784254e+05
1.75731053252e+05
1.72610101061e+05
1.73777274567e+05
1.76516565248e+05
1.80229446051e+05
1.73714909283e+05
1.75055119036e+05
1.70570312081e+05
1.74091712463e+05
1.71625722899e+05
1.75565257504e+05
1.73489020394e+05
1.71657041337e+05
1.78628152532e+05
1.69007552377e+05
1.78644246107e+05
1.72491722214e+05
1.69203030513e+05
1.71821951549e+05
1.67464700820e+05
1.77032082078e+05
1.73694476148e+05
1.70815321056e+05
1.74820826530e+05
1.75754011271e+05
1.68481394196e+05
1.82743894385e+05
1.79634822099e+05
1.74997665519e+05
1.80395030992e+05
1.61588565407e+05
1.72216025587e+05
1.77827716956e+05
1.80168796431e+05
1.72338818523e+05
1.80292654885e+05
1.75170300286e+05
1.76652705339e+05
1.79086021471e+05
1.79653217638e+05
1.77256330099e+05
1.79152078128e+05
1.76757188131e+05
1.75843620890e+05
1.73715191112e+05
1.76027853886e+05
1.71956834409e+05
1.80037808661e+05
1.82389689668e+05
1.80340379301e+05
1.75932593154e+05
1.78237670860e+05
1.71570208100e+05
1.77161821680e+05
1.80304449152e+05
1.75160336493e+05
1.74779473163e+05
1.76520133608e+05
1.70572514383e+05
1.78138429107e+05
1.76285011006e+05
1.77582898210e+05
1.75041327328e+05
1.83668950742e+05
1.72613898781e+05
1.75371464622e+05
1.78310909565e+05
1.68591406534e+05
1.79736041860e+05
1.74328956661e+05
1.79116429085e+05
1.75277134927e+05