-6.64695954789e+00
-6.64129044312e+00
-6.64787468299e+00
-6.64899763495e+00
-6.65334203117e+00
-6.64038275060e+00
-6.65476017728e+00
-6.64888461241e+00
-6.65228972098e+00
-6.65242868800e+00
-6.64660648475e+00
-6.64547924044e+00
-6.64732741861e+00
-6.65606282415e+00
-6.64670022925e+00
-6.65209307881e+00
-6.64678556950e+00
-6.64177050544e+00
-6.65058127646e+00
-6.64820909155e+00
-6.65246729772e+00
-6.65121839885e+00
-6.64869252075e+00
-6.64329171829e+00
-6.65211041873e+00
-6.65827251976e+00
-6.65317912148e+00
-6.64589374105e+00
-6.64879967077e+00
-6.64639407925e+00
-6.65224318884e+00
-6.65138981929e+00
-6.65119574658e+00
-6.65264357023e+00
-6.65643666117e+00
-6.65588598476e+00
-6.65300713316e+00
-6.64910256914e+00
-6.64845745006e+00
-6.64939876073e+00
-6.65430410955e+00
-6.64723744312e+00
-6.64890680969e+00
-6.65223022164e+00
-6.65315109966e+00
-6.64945987608e+00
-6.65397269936e+00
-6.64531204921e+00
-6.65375883576e+00
-6.64805706406e+00
-6.64335639245e+00
-6.65446170389e+00
-6.64393761326e+00
-6.64450416897e+00
-6.64986895675e+00
-6.65275890554e+00
-6.64955594069e+00
-6.65524127207e+00
-6.65469056008e+00
-6.65269573326e+00
-6.65203594896e+00
-6.65177396711e+00
-6.64437006355e+00
-6.64421340901e+00
-6.64785753248e+00
-6.64613040350e+00
-6.64407866998e+00
-6.64602734997e+00
-6.64924538971e+00
-6.64281716737e+00
-6.65173263018e+00
-6.64788875326e+00
-6.65169035076e+00
-6.64553403437e+00
-6.64855474058e+00
-6.64484801804e+00
-6.64878236414e+00
-6.64892212978e+00
-6.64240177652e+00
-6.64401770255e+00
-6.64628958158e+00
-6.64932569214e+00
-6.64866313896e+00
-6.65110565021e+00
-6.65123143742e+00
-6.64878172432e+00
-6.65496871621e+00
-6.64190963882e+00
-6.65034289546e+00
-6.65363991292e+00
-6.64835659457e+00
-6.64628654714e+00
-6.65293578151e+00
-6.64320121110e+00
-6.65229522776e+00
-6.64899813336e+00
-6.64250927402e+00
-6.64188343106e+00
-6.65031037632e+00
-6.64730376839e+00
-6.64733092362e+00
-6.65050582697e+00
-6.65336549945e+00
-6.64576899568e+00
-6.64642741585e+00
-6.64679780434e+00
-6.64851954778e+00
-6.65361191831e+00
-6.64818117760e+00
-6.64185566868e+00
-6.65316726497e+00
-6.64902238362e+00
-6.65067264923e+00
-6.64930377665e+00
-6.65438618466e+00
-6.65095882976e+00
-6.64748270788e+00
-6.64703193378e+00
-6.64730778426e+00
-6.64529893855e+00
-6.64936753887e+00
-6.64585855316e+00
-6.65311159849e+00
-6.64981325316e+00
-6.64399084213e+00
-6.64430997549e+00
-6.64887359051e+00
-6.65080901922e+00
-6.65060850884e+00
-6.64714743453e+00
-6.64498609534e+00
-6.65160439918e+00
-6.64879725040e+00
-6.64987999041e+00
-6.64913833467e+00
-6.64422744314e+00
-6.65418329068e+00
-6.64996082845e+00
-6.65300546016e+00
-6.64889036965e+00
-6.64595172208e+00
-6.64749457421e+00
-6.64805783478e+00
-6.64936490612e+00
-6.64483859785e+00
-6.64965699093e+00
-6.64279953426e+00
-6.65155673960e+00
-6.64777334387e+00
-6.64718523575e+00
-6.65449615542e+00
-6.65170133816e+00
-6.65149364885e+00
-6.65239223723e+00
-6.64535544398e+00
-6.64542346457e+00
-6.64868068334e+00
-6.64815496060e+00
-6.65063616101e+00
-6.64461583303e+00
-6.64486965271e+00
-6.65052325273e+00
-6.64681984293e+00
-6.65198736474e+00
-6.65358558447e+00
-6.65188958364e+00
-6.65371741035e+00
-6.64541844094e+00
-6.64834537048e+00
-6.65492768249e+00
-6.65209563631e+00
-6.64327416751e+00
-6.65024098931e+00
-6.65101172060e+00
-6.65096521100e+00
-6.64818067175e+00
-6.65147450047e+00
-6.64721260638e+00
-6.64636681449e+00
-6.64651190529e+00
-6.64844814791e+00
-6.65022719444e+00
-6.65393491218e+00
-6.64906464203e+00
-6.64400056953e+00
-6.65185086556e+00
-6.64276667403e+00
-6.65093485846e+00
-6.64333039516e+00
-6.64878931560e+00
-6.64804404594e+00
-6.64833615842e+00
-6.65171304636e+00
-6.65109603964e+00
-6.64916915530e+00
-6.64695790686e+00
-6.64066881583e+00
-6.65204023032e+00
-6.65019929168e+00
-6.64990957588e+00
-6.65057672128e+00
-6.64834527161e+00
-6.64608350386e+00
-6.65486302811e+00
-6.64836739233e+00
-6.64169161582e+00
-6.64746435220e+00
-6.64885999998e+00
-6.64667771841e+00
-6.65371669260e+00
-6.64513164315e+00
-6.64671045974e+00
-6.64600039740e+00
-6.64794350061e+00
-6.64908523482e+00
-6.65250612561e+00
-6.65228835470e+00
-6.64688614287e+00
-6.65193516900e+00
-6.65262478017e+00
-6.64529156432e+00
-6.65031647666e+00
-6.64825104561e+00
-6.64471324206e+00
-6.64259893658e+00
-6.64864714564e+00
-6.64489676656e+00
-6.64770635975e+00
-6.64818919793e+00
-6.64906246475e+00
-6.64114803464e+00
-6.64647678337e+00
-6.64661195931e+00
-6.64821643060e+00
-6.64860141452e+00
-6.64312325463e+00
-6.65151392583e+00
-6.65035130452e+00
-6.64842572943e+00
-6.65035260616e+00
-6.64744517165e+00
-6.65535197646e+00
-6.64678437371e+00
-6.64466417121e+00
-6.65114259764e+00
-6.65070340647e+00
-6.64995422295e+00
-6.65184928830e+00
-6.65003475258e+00
-6.65200634975e+00
-6.64916070194e+00
-6.64892025428e+00
-6.64862844404e+00
-6.64286826042e+00
-6.65274257273e+00
-6.65376065605e+00
-6.65873218559e+00
-6.64078278066e+00
-6.64950019133e+00
-6.64693939635e+00
-6.65124863060e+00
-6.65252309458e+00
-6.64621298315e+00
-6.65150945107e+00
-6.64550226978e+00
-6.65187560742e+00
-6.65208020711e+00
-6.65188656172e+00
-6.64719581862e+00
-6.64779354922e+00
-6.64437357595e+00
-6.64876507824e+00
-6.64176388472e+00
-6.64438792991e+00
-6.65035887568e+00
-6.64822852542e+00
-6.65077577727e+00
-6.65319881972e+00
-6.65582144177e+00
-6.64624620636e+00
-6.64826860885e+00
-6.64852006225e+00
-6.64758369565e+00
-6.65028215948e+00
-6.64945720499e+00
-6.65253468703e+00
-6.64926935452e+00
-6.64878751911e+00
-6.64605611993e+00
-6.64994585704e+00
-6.64460142478e+00
-6.65005374613e+00
-6.64636686497e+00
-6.64376127812e+00
-6.64827292371e+00
-6.64754915639e+00
-6.65071733215e+00
-6.65319615416e+00
-6.64851134605e+00
-6.65372817996e+00
-6.65411438155e+00
-6.64746454346e+00
-6.64793918632e+00
-6.65105096018e+00
-6.64904618916e+00
-6.64573271946e+00
-6.64921979903e+00
-6.64973779826e+00
-6.65032194329e+00
-6.65834666411e+00
-6.65104335497e+00
-6.64786890547e+00
-6.64707674277e+00
-6.64951133440e+00
-6.64729243152e+00
-6.64656427384e+00
-6.65021417893e+00
-6.65056124191e+00
-6.64841005309e+00
-6.64823491151e+00
-6.64923727933e+00
-6.64419797096e+00
-6.64577927652e+00
-6.65114417892e+00
-6.65001645877e+00
-6.64695703052e+00
-6.64727506771e+00
-6.65066145293e+00
-6.64725178989e+00
-6.64951638264e+00
-6.65031873387e+00
-6.64738320763e+00
-6.64930373660e+00
-6.64793393088e+00
-6.64036779420e+00
-6.63853806531e+00
-6.64868681941e+00
-6.64905125972e+00
-6.64349682024e+00
-6.64974176586e+00
-6.64787271345e+00
-6.65123993605e+00
-6.64333711899e+00
-6.64932698735e+00
-6.65470982541e+00
-6.64831182858e+00
-6.65638253312e+00
-6.65326766347e+00
-6.65031256709e+00
-6.64753490652e+00
-6.64958073446e+00
-6.65107948284e+00
-6.64501865291e+00
-6.64989145856e+00
-6.65122653680e+00
-6.64901343139e+00
-6.65262981685e+00
-6.65438975245e+00
-6.64414794938e+00
-6.65397646415e+00
-6.64481710243e+00
-6.64849777752e+00
-6.65093646782e+00
-6.64723359302e+00
-6.64839902927e+00
-6.64549696598e+00
-6.64590947820e+00
-6.65003613239e+00
-6.64524605520e+00
-6.64861926319e+00
-6.65694447834e+00
-6.65114465045e+00
-6.64664440721e+00
-6.64475375642e+00
-6.65588420998e+00
-6.64729034337e+00
-6.65007782243e+00
-6.64545285806e+00
-6.65041283306e+00
-6.64918815171e+00
-6.64748377018e+00
-6.64873441288e+00
-6.64691804573e+00
-6.64250958270e+00
-6.65054347140e+00
-6.64886326796e+00
-6.64535304312e+00
-6.65025093832e+00
-6.64867578700e+00
-6.64818718303e+00
-6.64911747425e+00
-6.65035828985e+00
-6.65381557690e+00
-6.64507673759e+00
-6.65164289296e+00
-6.65594330973e+00
-6.64464821339e+00
-6.65409319552e+00
-6.65613251187e+00
-6.65212795338e+00
-6.64944469469e+00
-6.64814581015e+00
-6.64250156778e+00
-6.64865088280e+00
-6.64954325612e+00
-6.65012844391e+00
-6.65590383642e+00
-6.64369810646e+00
-6.65004387277e+00
-6.64713903789e+00
-6.64637591021e+00
-6.64934717241e+00
-6.64247490733e+00
-6.64491984301e+00
-6.64644827298e+00
-6.64597673482e+00
-6.65091591711e+00
-6.64285507471e+00
-6.64855023157e+00
-6.64859572736e+00
-6.64927535107e+00
-6.64535497455e+00
-6.64566078506e+00
-6.64449987822e+00
-6.64630534405e+00
-6.65385601490e+00
-6.64795884301e+00
-6.64980606169e+00
-6.65155214299e+00
-6.64881851733e+00
-6.65518982438e+00
-6.64437265310e+00
-6.64580149688e+00
-6.65028759322e+00
-6.65035990319e+00
-6.64657717373e+00
-6.64877125924e+00
-6.64840955756e+00
-6.64831040472e+00
-6.64992995691e+00
-6.65015175811e+00
-6.65392976370e+00
-6.65389053754e+00
-6.64601730669e+00
-6.65229728196e+00
-6.64466729459e+00
-6.64790904972e+00
-6.65132403794e+00
-6.64760590771e+00
-6.65218340221e+00
-6.64457383356e+00
-6.64987646001e+00
-6.64640506951e+00
-6.65112659785e+00
-6.65302383423e+00
-6.64956485344e+00
-6.65093017378e+00
-6.65034296943e+00
-6.65122547838e+00
-6.65730444147e+00
-6.65404246561e+00
-6.65249202579e+00
-6.64862240598e+00
-6.65152273411e+00
-6.64634998496e+00
-6.65234887667e+00
-6.64789324062e+00
-6.65266022885e+00
-6.65151589736e+00
-6.65279953438e+00
-6.64766534854e+00
-6.64990481463e+00
-6.65148264916e+00
-6.64687924953e+00
-6.64732817390e+00
-6.64606521001e+00
-6.64935660773e+00
-6.64921748711e+00
-6.65220834336e+00
-6.65114539243e+00
-6.64739548855e+00
-6.64919073339e+00
-6.64929596137e+00
-6.64743495520e+00
-6.64722703958e+00
-6.64782555532e+00
-6.65305694372e+00
-6.65395203299e+00
-6.64432612421e+00
-6.64680255866e+00
-6.65396535595e+00
-6.64896477278e+00
-6.64629702076e+00
-6.64840391146e+00
-6.64926928188e+00
-6.65261972128e+00
-6.64743118511e+00
-6.65142475623e+00
-6.65141079832e+00
-6.64606784795e+00
-6.64881232202e+00