7.53331781654e+00
7.52792048592e+00
7.53371447247e+00
7.53601794158e+00
7.53918790720e+00
7.52505899892e+00
7.53869800858e+00
7.53498331710e+00
7.53670258289e+00
7.53825655100e+00
7.53188040535e+00
7.53000445641e+00
7.53583252869e+00
7.53900880653e+00
7.53130057002e+00
7.53782462663e+00
7.53310817949e+00
7.52792543742e+00
7.53681254652e+00
7.53481857140e+00
7.54079258376e+00
7.53733918846e+00
7.53332744158e+00
7.53032138791e+00
7.53671289521e+00
7.54600990618e+00
7.53837833531e+00
7.52996055954e+00
7.53431030870e+00
7.53098875797e+00
7.53843904702e+00
7.53764681033e+00
7.53866747140e+00
7.53950644165e+00
7.54330703540e+00
7.54279681031e+00
7.54023751828e+00
7.53570641139e+00
7.53289592911e+00
7.53465333388e+00
7.53887890629e+00
7.53216079668e+00
7.53416194471e+00
7.53964016142e+00
7.53994481030e+00
7.53672152280e+00
7.54117625050e+00
7.53239148062e+00
7.54045167894e+00
7.53165350612e+00
7.53327066482e+00
7.54213646404e+00
7.52888560106e+00
7.52860443205e+00
7.53603544527e+00
7.54053424698e+00
7.53593388033e+00
7.54008287490e+00
7.53933932944e+00
7.53849011207e+00
7.53713420251e+00
7.53750009544e+00
7.52947490259e+00
7.53058572061e+00
7.53437579936e+00
7.53255274864e+00
7.52840770128e+00
7.53219144068e+00
7.53343942733e+00
7.52815309549e+00
7.53816151185e+00
7.53485612304e+00
7.53936852895e+00
7.52984094491e+00
7.53706095710e+00
7.53093592819e+00
7.53343438843e+00
7.53618283198e+00
7.52804359952e+00
7.53034731788e+00
7.53397022560e+00
7.53666752975e+00
7.53485003340e+00
7.53840959420e+00
7.53683809182e+00
7.53384641620e+00
7.54079470056e+00
7.52910295109e+00
7.53631568802e+00
7.53880839340e+00
7.53136007027e+00
7.53142877366e+00
7.53797912687e+00
7.52856052228e+00
7.53755835403e+00
7.53202845145e+00
7.52761744742e+00
7.53076421164e+00
7.53687031443e+00
7.53313020049e+00
7.53243847369e+00
7.53738464138e+00
7.53727018653e+00
7.52993616497e+00
7.53305454317e+00
7.53313167791e+00
7.53743273618e+00
7.53847164682e+00
7.53122903292e+00
7.52678108314e+00
7.53744427381e+00
7.53508275415e+00
7.53718707313e+00
7.53450635039e+00
7.53954905229e+00
7.53943261056e+00
7.53532711151e+00
7.53272199973e+00
7.53537163127e+00
7.53206750331e+00
7.53846839759e+00
7.53173960934e+00
7.53799212494e+00
7.53676934194e+00
7.53166655899e+00
7.52695298261e+00
7.53356820259e+00
7.53706130426e+00
7.53679579189e+00
7.53103873354e+00
7.53095591550e+00
7.53829066132e+00
7.53816803116e+00
7.53762133872e+00
7.53373710374e+00
7.52890921123e+00
7.54124132721e+00
7.53625382932e+00
7.53932903921e+00
7.53434459363e+00
7.53001545913e+00
7.53495001250e+00
7.53454665037e+00
7.53368530620e+00
7.53014285426e+00
7.53874197358e+00
7.52979642948e+00
7.53793721249e+00
7.53269492415e+00
7.53498452956e+00
7.54182678177e+00
7.53653647796e+00
7.53642656911e+00
7.53573401293e+00
7.53261174808e+00
7.53180173017e+00
7.53529336179e+00
7.53382779927e+00
7.53691287713e+00
7.53076083770e+00
7.53246396521e+00
7.53882256836e+00
7.53242172455e+00
7.53697790415e+00
7.53777118363e+00
7.53935596123e+00
7.54049298782e+00
7.53227865291e+00
7.53248101224e+00
7.53810387997e+00
7.53656278337e+00
7.52594982606e+00
7.53468264432e+00
7.53504773293e+00
7.53677791605e+00
7.53537536351e+00
7.53606799282e+00
7.53291739127e+00
7.53582047361e+00
7.53352365304e+00
7.53422588383e+00
7.53540983739e+00
7.53808626625e+00
7.53436359999e+00
7.53256148282e+00
7.53842071068e+00
7.52514964885e+00
7.53804430615e+00
7.52852577297e+00
7.53637914957e+00
7.53265627394e+00
7.53200225442e+00
7.53746449111e+00
7.53553309836e+00
7.53654773278e+00
7.53142453151e+00
7.52561069085e+00
7.54025378304e+00
7.53412178182e+00
7.53503076876e+00
7.53641775877e+00
7.53607791773e+00
7.53047899175e+00
7.54281147675e+00
7.53527100153e+00
7.52457425417e+00
7.53195459095e+00
7.53489267390e+00
7.53257336506e+00
7.53618566909e+00
7.53175574069e+00
7.53301999462e+00
7.53320369536e+00
7.53210966964e+00
7.53666004488e+00
7.53753518513e+00
7.53827152996e+00
7.53554532476e+00
7.53876948810e+00
7.53958608677e+00
7.53075426299e+00
7.53444569173e+00
7.53254696615e+00
7.52991613666e+00
7.52906590769e+00
7.53331514974e+00
7.53092338248e+00
7.53152770331e+00
7.53555818976e+00
7.53292082101e+00
7.52466102512e+00
7.53062003678e+00
7.52874506731e+00
7.53373427291e+00
7.53642400124e+00
7.52487769631e+00
7.53877222531e+00
7.53756843205e+00
7.53495933492e+00
7.53869093665e+00
7.53058890241e+00
7.54231369889e+00
7.53366388959e+00
7.52935101282e+00
7.53653113944e+00
7.53631990530e+00
7.53720713939e+00
7.53736494881e+00
7.53752607786e+00
7.53799050171e+00
7.53487753318e+00
7.53690750827e+00
7.53655467952e+00
7.52951109303e+00
7.53543436528e+00
7.53942877659e+00
7.54716700573e+00
7.52650037730e+00
7.53470890283e+00
7.53397548262e+00
7.53606749469e+00
7.53788573177e+00
7.53199486908e+00
7.53853507892e+00
7.53282956185e+00
7.53572973090e+00
7.53606055497e+00
7.53828786815e+00
7.53165077965e+00
7.53429718829e+00
7.52871110884e+00
7.53285364496e+00
7.52858489416e+00
7.53120085895e+00
7.53768735640e+00
7.53424653617e+00
7.53841153001e+00
7.54082471346e+00
7.54033936049e+00
7.53189193914e+00
7.53274070911e+00
7.53207882120e+00
7.53482967041e+00
7.53449124460e+00
7.53684238679e+00
7.53896301893e+00
7.53392713354e+00
7.53399577517e+00
7.53214134894e+00
7.53254742964e+00
7.52750040535e+00
7.53707855628e+00
7.53395071735e+00
7.53279817480e+00
7.53389881936e+00
7.53028722601e+00
7.53869780689e+00
7.53847044856e+00
7.53430780546e+00
7.53927681927e+00
7.53947498735e+00
7.53435202980e+00
7.53303225903e+00
7.53943063786e+00
7.53484915473e+00
7.53102519303e+00
7.53496061351e+00
7.53902261185e+00
7.53554118659e+00
7.54381030168e+00
7.53428469683e+00
7.53592742909e+00
7.53215074277e+00
7.53712630224e+00
7.53160672273e+00
7.53130826863e+00
7.53752732299e+00
7.53538523645e+00
7.53308180665e+00
7.53308931363e+00
7.53625446801e+00
7.53128220404e+00
7.53148228128e+00
7.53591645160e+00
7.53689621263e+00
7.53207332762e+00
7.53562727157e+00
7.53677940389e+00
7.53380450290e+00
7.53424940256e+00
7.53574418342e+00
7.53277849481e+00
7.53632117113e+00
7.53314643152e+00
7.52654240132e+00
7.52367011216e+00
7.53383808771e+00
7.53513130392e+00
7.52967994497e+00
7.53488862749e+00
7.53267447354e+00
7.53656291046e+00
7.52992208700e+00
7.53488247695e+00
7.53951073200e+00
7.53400007651e+00
7.54312316730e+00
7.53727523651e+00
7.53566009891e+00
7.53268501164e+00
7.53493861900e+00
7.53541878905e+00
7.53156986901e+00
7.53780306827e+00
7.53495598562e+00
7.53661528505e+00
7.53952296109e+00
7.53986586493e+00
7.53178897072e+00
7.53842897347e+00
7.53096555180e+00
7.53490790478e+00
7.53635211006e+00
7.52946254103e+00
7.53485833984e+00
7.53303968051e+00
7.52960851240e+00
7.53613398802e+00
7.53032578349e+00
7.53388329530e+00
7.54236691261e+00
7.53963268502e+00
7.53126795787e+00
7.53161979496e+00
7.54404622529e+00
7.53315811065e+00
7.53451811253e+00
7.53181350770e+00
7.53637770134e+00
7.53156766326e+00
7.53413115738e+00
7.53024890019e+00
7.53216138470e+00
7.52885465851e+00
7.53477474645e+00
7.53381692540e+00
7.53183980770e+00
7.53470958412e+00
7.53258924985e+00
7.53758610704e+00
7.53341310307e+00
7.53627267821e+00
7.53935005557e+00
7.53000386292e+00
7.53529784564e+00
7.54189011132e+00
7.53117678624e+00
7.54123519977e+00
7.54129951192e+00
7.53616405314e+00
7.53419146755e+00
7.53380160014e+00
7.52784851257e+00
7.53309403257e+00
7.53698596732e+00
7.53828998030e+00
7.54122775919e+00
7.53115787015e+00
7.53669204006e+00
7.53462327267e+00
7.53304489478e+00
7.53459720923e+00
7.52895443914e+00
7.53002549542e+00
7.52940424590e+00
7.53531255079e+00
7.53749540843e+00
7.52708157811e+00
7.53517433111e+00
7.53438075330e+00
7.53394233310e+00
7.52946511680e+00
7.53142447758e+00
7.52894380803e+00
7.53181183690e+00
7.53884807516e+00
7.53240508912e+00
7.53617960383e+00
7.53910091893e+00
7.53377115215e+00
7.54243927686e+00
7.52782330908e+00
7.53289188003e+00
7.53647618412e+00
7.53650647104e+00
7.53298566743e+00
7.53366895492e+00
7.53082071989e+00
7.53382507416e+00
7.53560218018e+00
7.53506016567e+00
7.53863749987e+00
7.53825502940e+00
7.53230074092e+00
7.53939321143e+00
7.53111941709e+00
7.53318187192e+00
7.53699235056e+00
7.53061689731e+00
7.53720737382e+00
7.53214612094e+00
7.53552974834e+00
7.53226992780e+00
7.53426853335e+00
7.53959445980e+00
7.53530885639e+00
7.53781327970e+00
7.53824950122e+00
7.53601746393e+00
7.53992546579e+00
7.54079719484e+00
7.53954251583e+00
7.53589349047e+00
7.53625214768e+00
7.53065973497e+00
7.53774259471e+00
7.53472777583e+00
7.53926133734e+00
7.53635694367e+00
7.54065497961e+00
7.53324869330e+00
7.53674035241e+00
7.53711820884e+00
7.53123646355e+00
7.53359948393e+00
7.53323466768e+00
7.53648536117e+00
7.53624341831e+00
7.54039218910e+00
7.53904642375e+00
7.53257846633e+00
7.53462672197e+00
7.53670949762e+00
7.53491597144e+00
7.53310897220e+00
7.53370415987e+00
7.53858490383e+00
7.53950036350e+00
7.53089836075e+00
7.53403132500e+00
7.53962718045e+00
7.53348483223e+00
7.53212671000e+00
7.53436851238e+00
7.53547816330e+00
7.53951323351e+00
7.53061595577e+00
7.53689459515e+00
7.53723284319e+00
7.53107671847e+00
7.53452213062e+00