-1.51469538125e+00
-1.51472332230e+00
-1.51544770540e+00
-1.51540695194e+00
-1.51468790769e+00
-1.51451761281e+00
-1.51452497284e+00
-1.51518967291e+00
-1.51447546227e+00
-1.51544752683e+00
-1.51479061033e+00
-1.51527702861e+00
-1.51504995910e+00
-1.51441832642e+00
-1.51442349608e+00
-1.51460564056e+00
-1.51496439467e+00
-1.51533636220e+00
-1.51444666281e+00
-1.51459188779e+00
-1.51409589168e+00
-1.51430862334e+00
-1.51449272613e+00
-1.51560112539e+00
-1.51488535714e+00
-1.51540248007e+00
-1.51492235530e+00
-1.51581310354e+00
-1.51521252790e+00
-1.51472483214e+00
-1.51467734604e+00
-1.51509159245e+00
-1.51483118001e+00
-1.51436769805e+00
-1.51485699909e+00
-1.51495988495e+00
-1.51497072533e+00
-1.51511076894e+00
-1.51441038607e+00
-1.51599417370e+00
-1.51420739479e+00
-1.51503269503e+00
-1.51423710391e+00
-1.51525076597e+00
-1.51522843190e+00
-1.51494786955e+00
-1.51483225236e+00
-1.51398221193e+00
-1.51562863364e+00
-1.51521640003e+00
-1.51528838228e+00
-1.51465897828e+00
-1.51552755932e+00
-1.51439227690e+00
-1.51469471618e+00
-1.51457067866e+00
-1.51530909430e+00
-1.51388032647e+00
-1.51485077081e+00
-1.51458623204e+00
-1.51519038121e+00
-1.51493151691e+00
-1.51505168842e+00
-1.51539437821e+00
-1.51509548009e+00
-1.51487086442e+00
-1.51502224612e+00
-1.51541667367e+00
-1.51460950861e+00
-1.51549769244e+00
-1.51435461769e+00
-1.51414342559e+00
-1.51531313843e+00
-1.51502867002e+00
-1.51481011292e+00
-1.51475777937e+00
-1.51481014649e+00
-1.51497330106e+00
-1.51480588015e+00
-1.51466545169e+00
-1.51491611268e+00
-1.51489007363e+00
-1.51477778882e+00
-1.51498737943e+00
-1.51567382898e+00
-1.51536157629e+00
-1.51568613545e+00
-1.51492188157e+00
-1.51479616293e+00
-1.51483522298e+00
-1.51448290003e+00
-1.51468636572e+00
-1.51468363184e+00
-1.51486711992e+00
-1.51493195472e+00
-1.51476220172e+00
-1.51518072122e+00
-1.51527941316e+00
-1.51489108244e+00
-1.51410166392e+00
-1.51377530627e+00
-1.51442310744e+00
-1.51542963594e+00
-1.51555986747e+00
-1.51525547844e+00
-1.51558514806e+00
-1.51459483045e+00
-1.51555454767e+00
-1.51473655169e+00
-1.51506880640e+00
-1.51414510529e+00
-1.51568490740e+00
-1.51550687753e+00
-1.51443529301e+00
-1.51545824951e+00
-1.51479055000e+00
-1.51498157591e+00
-1.51490627762e+00
-1.51440240225e+00
-1.51533325738e+00
-1.51508480929e+00
-1.51443563936e+00
-1.51527361003e+00
-1.51556208720e+00
-1.51559053885e+00
-1.51465096310e+00
-1.51444395732e+00
-1.51540176598e+00
-1.51513974329e+00
-1.51498538680e+00
-1.51547359303e+00
-1.51456077031e+00
-1.51433364675e+00
-1.51539674570e+00
-1.51449920986e+00
-1.51534576919e+00
-1.51534681989e+00
-1.51486289291e+00
-1.51442565567e+00
-1.51500898584e+00
-1.51464077634e+00
-1.51419944880e+00
-1.51489663172e+00
-1.51545508466e+00
-1.51485856373e+00
-1.51414438960e+00
-1.51479365446e+00
-1.51437351995e+00
-1.51490697597e+00
-1.51492436901e+00
-1.51479310162e+00
-1.51458979152e+00
-1.51531018559e+00
-1.51447044947e+00
-1.51537429732e+00
-1.51535853934e+00
-1.51524436875e+00
-1.51497128104e+00
-1.51456228142e+00
-1.51492773073e+00
-1.51451924623e+00
-1.51479022061e+00
-1.51463506796e+00
-1.51440981518e+00
-1.51427571581e+00
-1.51515637719e+00
-1.51432454828e+00
-1.51512088335e+00
-1.51510028841e+00
-1.51549221025e+00
-1.51517381469e+00
-1.51529663016e+00
-1.51501088641e+00
-1.51570787225e+00
-1.51433792052e+00
-1.51445103246e+00
-1.51514536644e+00
-1.51525557767e+00
-1.51510384699e+00
-1.51452291252e+00
-1.51503318293e+00
-1.51538546789e+00
-1.51542234868e+00
-1.51497828685e+00
-1.51478100941e+00
-1.51558584867e+00
-1.51453039245e+00
-1.51469249625e+00
-1.51582190269e+00
-1.51505378841e+00
-1.51467989484e+00
-1.51503940765e+00
-1.51522467107e+00
-1.51422729417e+00
-1.51466196383e+00
-1.51484359328e+00
-1.51561213023e+00
-1.51460958479e+00
-1.51481817000e+00
-1.51456854191e+00
-1.51525662080e+00
-1.51461699412e+00
-1.51524663738e+00
-1.51511684226e+00
-1.51480786221e+00
-1.51467500194e+00
-1.51459690681e+00
-1.51501252907e+00
-1.51509529187e+00
-1.51422700616e+00
-1.51510071034e+00
-1.51494780415e+00
-1.51476140317e+00
-1.51504620133e+00
-1.51569466196e+00
-1.51466421531e+00
-1.51488468184e+00
-1.51394472485e+00
-1.51467275664e+00
-1.51467613254e+00
-1.51451974364e+00
-1.51465900755e+00
-1.51489923224e+00
-1.51484522481e+00
-1.51496422866e+00
-1.51526159808e+00
-1.51485264373e+00
-1.51447918929e+00
-1.51472227396e+00
-1.51494662436e+00
-1.51519249751e+00
-1.51431835083e+00
-1.51490047881e+00
-1.51505689942e+00
-1.51489464077e+00
-1.51492471989e+00
-1.51429382713e+00
-1.51506359627e+00
-1.51538811741e+00
-1.51521238082e+00
-1.51540744403e+00
-1.51485975825e+00
-1.51546787618e+00
-1.51448617201e+00
-1.51590646674e+00
-1.51580430258e+00
-1.51410404735e+00
-1.51474314237e+00
-1.51497058453e+00
-1.51453987048e+00
-1.51513302508e+00
-1.51476348830e+00
-1.51468556269e+00
-1.51402460867e+00
-1.51471182659e+00
-1.51490748454e+00
-1.51502199198e+00
-1.51526679114e+00
-1.51559711629e+00
-1.51530987399e+00
-1.51490899870e+00
-1.51528130705e+00
-1.51509547028e+00
-1.51523953190e+00
-1.51472232565e+00
-1.51509697599e+00
-1.51482474800e+00
-1.51556161714e+00
-1.51437343392e+00
-1.51420979157e+00
-1.51498132056e+00
-1.51419800838e+00
-1.51533290165e+00
-1.51490113172e+00
-1.51497219617e+00
-1.51481099455e+00
-1.51531368278e+00
-1.51455274084e+00
-1.51512541706e+00
-1.51434929122e+00
-1.51494971937e+00
-1.51487634881e+00
-1.51451340284e+00
-1.51521929501e+00
-1.51462091439e+00
-1.51559486144e+00
-1.51447431633e+00
-1.51521820094e+00
-1.51516217916e+00
-1.51523287058e+00
-1.51490259764e+00
-1.51504010183e+00
-1.51449261804e+00
-1.51493022749e+00
-1.51495955771e+00
-1.51507642215e+00
-1.51472602253e+00
-1.51544266517e+00
-1.51484707827e+00
-1.51477663148e+00
-1.51492062818e+00
-1.51450459688e+00
-1.51515929991e+00
-1.51450207947e+00
-1.51553193036e+00
-1.51549715146e+00
-1.51531997095e+00
-1.51450898264e+00
-1.51546472905e+00
-1.51467992170e+00
-1.51488467748e+00
-1.51453469164e+00
-1.51484824187e+00
-1.51544391064e+00
-1.51370905838e+00
-1.51468721027e+00
-1.51458621814e+00
-1.51444063785e+00
-1.51501332128e+00
-1.51465463537e+00
-1.51480427260e+00
-1.51502131443e+00
-1.51508473382e+00
-1.51461675076e+00
-1.51441562314e+00
-1.51483397634e+00
-1.51564321110e+00
-1.51506802909e+00
-1.51455501478e+00
-1.51442740217e+00
-1.51497483686e+00
-1.51494149238e+00
-1.51515551439e+00
-1.51467623418e+00
-1.51573107332e+00
-1.51466745966e+00
-1.51549752368e+00
-1.51484447439e+00
-1.51476767090e+00
-1.51501438760e+00
-1.51475999399e+00
-1.51523820150e+00
-1.51493700818e+00
-1.51485218937e+00
-1.51442433823e+00
-1.51556581290e+00
-1.51548724394e+00
-1.51532926617e+00
-1.51428488884e+00
-1.51529375825e+00
-1.51475595849e+00
-1.51498297931e+00
-1.51510181819e+00
-1.51509314661e+00
-1.51479755282e+00
-1.51498865935e+00
-1.51504951320e+00
-1.51540815142e+00
-1.51493931475e+00
-1.51560239454e+00
-1.51478589349e+00
-1.51516753173e+00
-1.51513924874e+00
-1.51448949522e+00
-1.51506498254e+00
-1.51466445176e+00
-1.51449730665e+00
-1.51506625207e+00
-1.51465990772e+00
-1.51510538374e+00
-1.51585839697e+00
-1.51526658240e+00
-1.51479561575e+00
-1.51382356823e+00
-1.51475474770e+00
-1.51483455771e+00
-1.51462829878e+00
-1.51449412334e+00
-1.51482135567e+00
-1.51494959183e+00
-1.51488453826e+00
-1.51444646155e+00
-1.51460552881e+00
-1.51472819919e+00
-1.51465109240e+00
-1.51498729146e+00
-1.51468530683e+00
-1.51502678054e+00
-1.51489456564e+00
-1.51588972987e+00
-1.51472222253e+00
-1.51474108078e+00
-1.51467585864e+00
-1.51496988625e+00
-1.51402834004e+00
-1.51499618915e+00
-1.51503423359e+00
-1.51510042989e+00
-1.51457121480e+00
-1.51438928612e+00
-1.51457745291e+00
-1.51529155800e+00
-1.51565230260e+00
-1.51492828742e+00
-1.51513867404e+00
-1.51474164631e+00
-1.51498678981e+00
-1.51476851172e+00
-1.51491629721e+00
-1.51541284179e+00
-1.51513564619e+00
-1.51529496140e+00
-1.51506950903e+00
-1.51506100409e+00
-1.51537005683e+00
-1.51474137387e+00
-1.51487479696e+00
-1.51381959840e+00
-1.51499172460e+00
-1.51502586648e+00
-1.51426805712e+00
-1.51533895758e+00
-1.51531858945e+00
-1.51513347808e+00
-1.51515832335e+00
-1.51548796828e+00
-1.51400260220e+00
-1.51462116642e+00
-1.51545425427e+00
-1.51567097514e+00
-1.51489327867e+00
-1.51478898470e+00
-1.51533422708e+00
-1.51452072321e+00
-1.51537209132e+00
-1.51435792586e+00
-1.51403106077e+00
-1.51543390646e+00
-1.51371028637e+00
-1.51467914721e+00
-1.51515731798e+00
-1.51509536847e+00
-1.51515620289e+00
-1.51414555541e+00
-1.51548497050e+00
-1.51440457689e+00
-1.51490249540e+00
-1.51448420866e+00
-1.51470378287e+00
-1.51485388281e+00
-1.51530400593e+00
-1.51436679313e+00
-1.51514488234e+00
-1.51517058351e+00
-1.51514066181e+00
-1.51421382215e+00
-1.51455188665e+00
-1.51499172107e+00
-1.51505717545e+00
-1.51479943114e+00
-1.51498023803e+00
-1.51549212495e+00
-1.51466120419e+00
-1.51543455818e+00
-1.51540710147e+00
-1.51498154807e+00
-1.51503972555e+00
-1.51557910136e+00
-1.51524462526e+00
-1.51480784086e+00
-1.51534379340e+00
-1.51521796098e+00
-1.51475509584e+00
-1.51459007218e+00
-1.51439537327e+00
-1.51511521512e+00
-1.51506474729e+00
-1.51552137022e+00
-1.51506991682e+00
-1.51465158018e+00
-1.51450644941e+00
-1.51439923579e+00
-1.51531307687e+00
-1.51433508303e+00
-1.51482036273e+00
-1.51474730046e+00
-1.51495107580e+00
-1.51439707695e+00
-1.51479128729e+00
-1.51502758984e+00
-1.51554230015e+00
-1.51508107964e+00
-1.51498442380e+00
-1.51503908431e+00
-1.51526248820e+00
-1.51480530004e+00
-1.51492183869e+00
-1.51513515045e+00
-1.51488205075e+00
-1.51428970234e+00
-1.51491689156e+00