1.18556529702e+00
1.18577007950e+00
1.18587103482e+00
1.18589775086e+00
1.18583649445e+00
1.18579446627e+00
1.18559374057e+00
1.18570746148e+00
1.18581108623e+00
1.18586113426e+00
1.18567822845e+00
1.18595649569e+00
1.18576045866e+00
1.18577232013e+00
1.18571630477e+00
1.18588569496e+00
1.18588130994e+00
1.18573568140e+00
1.18587487122e+00
1.18588288351e+00
1.18579774836e+00
1.18584053420e+00
1.18591053305e+00
1.18590985399e+00
1.18586349775e+00
1.18573603127e+00
1.18572279994e+00
1.18580670169e+00
1.18574915895e+00
1.18567920731e+00
1.18573539918e+00
1.18583978336e+00
1.18555733539e+00
1.18576301229e+00
1.18579330550e+00
1.18573561639e+00
1.18584592034e+00
1.18574329507e+00
1.18565047075e+00
1.18608182671e+00
1.18571037932e+00
1.18577269122e+00
1.18578820459e+00
1.18583146480e+00
1.18584048359e+00
1.18575145270e+00
1.18581288835e+00
1.18584626603e+00
1.18577278478e+00
1.18578333545e+00
1.18589218737e+00
1.18580102346e+00
1.18582468338e+00
1.18584011537e+00
1.18542614062e+00
1.18588317084e+00
1.18589159417e+00
1.18587212234e+00
1.18581058419e+00
1.18586427838e+00
1.18591503170e+00
1.18592684970e+00
1.18577637466e+00
1.18590528736e+00
1.18578736857e+00
1.18563459012e+00
1.18583965401e+00
1.18592473928e+00
1.18568877427e+00
1.18583190002e+00
1.18575458801e+00
1.18566423220e+00
1.18591266548e+00
1.18563199041e+00
1.18582589836e+00
1.18568199988e+00
1.18585410643e+00
1.18587135995e+00
1.18579258827e+00
1.18586776045e+00
1.18575234796e+00
1.18592741751e+00
1.18598720594e+00
1.18570208404e+00
1.18574749730e+00
1.18573389216e+00
1.18574600770e+00
1.18566000038e+00
1.18567444975e+00
1.18580306731e+00
1.18578957878e+00
1.18586137927e+00
1.18579051453e+00
1.18577251962e+00
1.18579757371e+00
1.18583129130e+00
1.18588571962e+00
1.18591657628e+00
1.18568669560e+00
1.18567509433e+00
1.18571821342e+00
1.18560160106e+00
1.18591831287e+00
1.18558166739e+00
1.18567357585e+00
1.18575466093e+00
1.18570625039e+00
1.18579537746e+00
1.18590081207e+00
1.18563421490e+00
1.18569222061e+00
1.18577855284e+00
1.18565378355e+00
1.18581707478e+00
1.18573037214e+00
1.18583217856e+00
1.18596952708e+00
1.18591342449e+00
1.18580952075e+00
1.18581739310e+00
1.18573639494e+00
1.18559760930e+00
1.18580374543e+00
1.18588811676e+00
1.18598118672e+00
1.18596544002e+00
1.18575806122e+00
1.18579720554e+00
1.18565051256e+00
1.18596748373e+00
1.18580175895e+00
1.18586936884e+00
1.18584276048e+00
1.18579499782e+00
1.18555570958e+00
1.18583561156e+00
1.18588926575e+00
1.18576630329e+00
1.18581616968e+00
1.18595307759e+00
1.18565704275e+00
1.18561547224e+00
1.18579313489e+00
1.18582000228e+00
1.18571982380e+00
1.18566309724e+00
1.18565098237e+00
1.18590194764e+00
1.18580765601e+00
1.18574358398e+00
1.18582124868e+00
1.18564817543e+00
1.18575210369e+00
1.18570471070e+00
1.18595217162e+00
1.18572221660e+00
1.18576639783e+00
1.18571598337e+00
1.18595243972e+00
1.18573179024e+00
1.18572776894e+00
1.18571715636e+00
1.18584601374e+00
1.18581977352e+00
1.18584106152e+00
1.18573545205e+00
1.18569145806e+00
1.18587432785e+00
1.18584062800e+00
1.18583158454e+00
1.18578166209e+00
1.18564170235e+00
1.18584338149e+00
1.18582048430e+00
1.18595703462e+00
1.18581922649e+00
1.18590542014e+00
1.18589039057e+00
1.18584014111e+00
1.18557541536e+00
1.18579906920e+00
1.18579759843e+00
1.18583382997e+00
1.18575913033e+00
1.18593762370e+00
1.18573198475e+00
1.18576719540e+00
1.18575446594e+00
1.18567254191e+00
1.18591711346e+00
1.18575940758e+00
1.18589377521e+00
1.18583562496e+00
1.18572638050e+00
1.18584846894e+00
1.18574800050e+00
1.18582316010e+00
1.18575236561e+00
1.18568106898e+00
1.18572106004e+00
1.18580257013e+00
1.18564058938e+00
1.18567012228e+00
1.18569091398e+00
1.18585262103e+00
1.18551505061e+00
1.18577911555e+00
1.18581940304e+00
1.18584838777e+00
1.18569264118e+00
1.18575312704e+00
1.18588373873e+00
1.18570968784e+00
1.18578542391e+00
1.18587829379e+00
1.18580869858e+00
1.18584148289e+00
1.18586554114e+00
1.18566023674e+00
1.18590354912e+00
1.18574536306e+00
1.18568294632e+00
1.18576090590e+00
1.18574779004e+00
1.18584269938e+00
1.18589528306e+00
1.18587577156e+00
1.18578817201e+00
1.18574482483e+00
1.18560961458e+00
1.18570562740e+00
1.18578374437e+00
1.18566172625e+00
1.18574023154e+00
1.18574664709e+00
1.18584118922e+00
1.18564235813e+00
1.18588274445e+00
1.18577732726e+00
1.18592137654e+00
1.18570462688e+00
1.18597129701e+00
1.18590509219e+00
1.18579445634e+00
1.18586707210e+00
1.18569534717e+00
1.18570729784e+00
1.18584656436e+00
1.18567291214e+00
1.18560147147e+00
1.18579215532e+00
1.18581468347e+00
1.18584453429e+00
1.18577941043e+00
1.18580615116e+00
1.18564299634e+00
1.18589730997e+00
1.18556619828e+00
1.18575114780e+00
1.18577938931e+00
1.18567886151e+00
1.18577937240e+00
1.18590409577e+00
1.18565614188e+00
1.18568396859e+00
1.18604865936e+00
1.18555697762e+00
1.18582379891e+00
1.18567458961e+00
1.18580958816e+00
1.18583247208e+00
1.18578512064e+00
1.18579773264e+00
1.18581812994e+00
1.18589740877e+00
1.18565432155e+00
1.18598369878e+00
1.18576740560e+00
1.18576327188e+00
1.18569394775e+00
1.18576526708e+00
1.18569664188e+00
1.18579881676e+00
1.18566956987e+00
1.18590972213e+00
1.18574600804e+00
1.18578727516e+00
1.18570061061e+00
1.18563319368e+00
1.18577445779e+00
1.18565722243e+00
1.18568313307e+00
1.18580158533e+00
1.18572883486e+00
1.18569268801e+00
1.18573028429e+00
1.18566551231e+00
1.18580867471e+00
1.18594255139e+00
1.18576709967e+00
1.18591634478e+00
1.18574285526e+00
1.18566777430e+00
1.18581376016e+00
1.18595591493e+00
1.18574756202e+00
1.18580797320e+00
1.18580458199e+00
1.18565131794e+00
1.18577076818e+00
1.18574751894e+00
1.18582669998e+00
1.18572570250e+00
1.18589160557e+00
1.18572973787e+00
1.18588661508e+00
1.18578483514e+00
1.18599323144e+00
1.18581173697e+00
1.18558963907e+00
1.18576751536e+00
1.18570229146e+00
1.18563271182e+00
1.18586088292e+00
1.18582330682e+00
1.18574650559e+00
1.18556965090e+00
1.18574796532e+00
1.18566281862e+00
1.18588256278e+00
1.18590454647e+00
1.18581150314e+00
1.18592357289e+00
1.18586258277e+00
1.18580795941e+00
1.18570207487e+00
1.18587555814e+00
1.18597518253e+00
1.18587969541e+00
1.18577909187e+00
1.18573384717e+00
1.18576054068e+00
1.18567322103e+00
1.18584691559e+00
1.18553541480e+00
1.18573307062e+00
1.18586767834e+00
1.18568399020e+00
1.18573278749e+00
1.18593648183e+00
1.18600540882e+00
1.18580979899e+00
1.18572052982e+00
1.18590133728e+00
1.18581448652e+00
1.18593051944e+00
1.18582472140e+00
1.18585806404e+00
1.18583377771e+00
1.18588468364e+00
1.18560864333e+00
1.18565591324e+00
1.18563389718e+00
1.18578653349e+00
1.18569573384e+00
1.18580700898e+00
1.18605805729e+00
1.18576082677e+00
1.18582371798e+00
1.18584179740e+00
1.18595470014e+00
1.18581689771e+00
1.18562682325e+00
1.18566094760e+00
1.18566997693e+00
1.18585947426e+00
1.18559268676e+00
1.18579873022e+00
1.18591015205e+00
1.18587611367e+00
1.18577466749e+00
1.18579941704e+00
1.18572103034e+00
1.18581804126e+00
1.18593418064e+00
1.18596141859e+00
1.18576666736e+00
1.18587938530e+00
1.18560573816e+00
1.18577898348e+00
1.18562659239e+00
1.18571865587e+00
1.18587993814e+00
1.18598574438e+00
1.18582129027e+00
1.18562801864e+00
1.18578263570e+00
1.18571780445e+00
1.18580905148e+00
1.18595984359e+00
1.18574486727e+00
1.18571295296e+00
1.18572242667e+00
1.18571027013e+00
1.18595061447e+00
1.18552057717e+00
1.18582124355e+00
1.18573040457e+00
1.18596715368e+00
1.18596909186e+00
1.18563600907e+00
1.18593850419e+00
1.18575966609e+00
1.18576008848e+00
1.18583395836e+00
1.18578762373e+00
1.18580049436e+00
1.18567533982e+00
1.18581934324e+00
1.18591264343e+00
1.18572913438e+00
1.18569887303e+00
1.18586530619e+00
1.18578313625e+00
1.18586126600e+00
1.18568939169e+00
1.18581477079e+00
1.18583780911e+00
1.18577504604e+00
1.18594554419e+00
1.18583623273e+00
1.18574659248e+00
1.18587550004e+00
1.18591842039e+00
1.18578700361e+00
1.18571038592e+00
1.18575096670e+00
1.18573937675e+00
1.18565221617e+00
1.18580964599e+00
1.18593455535e+00
1.18593166941e+00
1.18583296894e+00
1.18571825781e+00
1.18583323981e+00
1.18595909857e+00
1.18586348711e+00
1.18574981724e+00
1.18565915767e+00
1.18566595278e+00
1.18589803542e+00
1.18579769699e+00
1.18559406094e+00
1.18570325823e+00
1.18581199813e+00
1.18565027084e+00
1.18588446933e+00
1.18574684424e+00
1.18591352813e+00
1.18576301082e+00
1.18570730253e+00
1.18574512330e+00
1.18564647740e+00
1.18571156074e+00
1.18574690748e+00
1.18571324874e+00
1.18571470217e+00
1.18581981413e+00
1.18586651190e+00
1.18564322358e+00
1.18573063984e+00
1.18579837343e+00
1.18585242228e+00
1.18564222036e+00
1.18564492387e+00
1.18575425560e+00
1.18580430767e+00
1.18583452461e+00
1.18574524405e+00
1.18577192484e+00
1.18562738362e+00
1.18587293827e+00
1.18587918990e+00
1.18580991547e+00
1.18569250125e+00
1.18583893344e+00
1.18565172707e+00
1.18562147100e+00
1.18568827524e+00
1.18591344512e+00
1.18586787065e+00
1.18578684452e+00
1.18580526838e+00
1.18580489941e+00
1.18579402325e+00
1.18588527844e+00
1.18582349293e+00
1.18581899925e+00
1.18591583110e+00
1.18563090040e+00
1.18578233248e+00