2.13931662156e+00
2.06509633617e+00
2.11979210604e+00
2.12840109515e+00
2.04299412768e+00
2.23120030179e+00
2.14625141753e+00
2.10203707421e+00
2.11926412502e+00
2.15473662278e+00
2.14879606612e+00
2.18210077599e+00
2.09778473016e+00
2.17555221109e+00
2.15782128779e+00
2.09602520599e+00
2.18392665056e+00
2.07011102381e+00
2.18911858409e+00
2.10887296764e+00
2.10113968839e+00
2.17154490244e+00
2.18221543824e+00
2.11732352183e+00
2.11378789461e+00
2.06830100801e+00
2.16622531744e+00
2.16670174026e+00
2.15317591125e+00
2.21850052859e+00
2.05765584344e+00
2.09088581923e+00
2.11905853344e+00
2.03714247248e+00
2.12943642646e+00
2.11009959015e+00
2.15579785364e+00
2.16550927040e+00
2.13996036291e+00
2.18714099498e+00
2.12030663659e+00
2.15084831045e+00
2.08747502894e+00
2.07273937182e+00
2.11834016005e+00
2.15626162380e+00
2.13395963654e+00
2.14516571338e+00
2.12693813208e+00
2.12412023205e+00
2.10060492533e+00
2.12314570172e+00
2.17336194958e+00
2.18541346935e+00
2.17612332939e+00
2.05195722671e+00
2.14113814288e+00
2.05441727052e+00
2.20295804078e+00
2.19017310152e+00
2.05238477878e+00
2.10939409685e+00
2.07016269880e+00
2.13987449051e+00
2.15561402648e+00
2.08419497687e+00
2.13948746738e+00
2.19633055147e+00
2.13847115957e+00
2.14011913537e+00
2.16085927474e+00
2.21757623760e+00
2.04536297431e+00
2.12365411673e+00
2.16317999838e+00
2.10353410835e+00
2.15267205613e+00
2.12255894931e+00
2.12175719855e+00
2.13904889324e+00
2.06671993967e+00
2.12614996511e+00
2.11658753055e+00
2.03874256047e+00
2.16763944441e+00
2.13287918083e+00
2.06529332853e+00
2.10340005243e+00
2.11666001505e+00
2.16984583627e+00
2.17486563182e+00
2.14081839444e+00
2.10315730784e+00
2.11456169864e+00
2.11802066585e+00
2.08422778822e+00
2.08117583861e+00
2.09721459789e+00
2.16148846009e+00
2.09958671386e+00
2.21012179755e+00
2.09189756601e+00
2.11359318864e+00
2.13257490811e+00
2.06855255285e+00
2.10205625461e+00
2.15012387253e+00
2.17977240977e+00
2.18572748362e+00
2.16154239982e+00
2.02879500121e+00
2.09421418608e+00
2.10855709120e+00
2.04144616474e+00
2.08328089948e+00
2.13852115771e+00
2.12627699300e+00
2.14725514848e+00
2.14093752745e+00
2.20427062285e+00
2.13921040287e+00
2.10169012536e+00
2.20929208648e+00
2.16656375910e+00
2.12545456682e+00
2.12432374661e+00
2.11109727688e+00
2.10239430211e+00
2.12787546100e+00
2.13586227509e+00
2.12192095779e+00
2.05092248376e+00
2.05946755139e+00
2.12547969737e+00
2.08930975529e+00
2.12921345056e+00
2.08037239459e+00
2.10435151980e+00
2.13000752887e+00
2.06043899975e+00
2.12706892219e+00
2.09051582052e+00
2.21984280206e+00
2.10270111037e+00
2.16081926288e+00
2.19560504301e+00
2.12381055625e+00
2.11999819199e+00
2.21923138888e+00
2.08433777684e+00
2.16114653750e+00
2.06520477628e+00
2.09136683007e+00
2.13185558584e+00
2.22150609707e+00
2.09887728284e+00
2.10356566458e+00
2.12044194632e+00
2.15971969243e+00
2.13298538615e+00
2.09856183616e+00
2.16139625212e+00
2.08202737175e+00
2.16091508766e+00
2.12314354826e+00
2.09337855307e+00
2.15865447466e+00
2.14024357158e+00
2.19534253670e+00
2.16499909434e+00
2.05425349600e+00
2.08852031936e+00
2.12491992776e+00
2.09902813764e+00
2.09635864439e+00
2.15058973441e+00
2.11057823962e+00
2.14951727766e+00
2.14058857772e+00
2.05011129482e+00
2.13946626340e+00
2.03677983055e+00
2.21132747888e+00
2.12907507169e+00
2.13413669272e+00
2.13698386191e+00
2.10355960752e+00
2.12484305071e+00
2.16295479585e+00
2.12986272535e+00
2.14647830262e+00
2.17234745800e+00
2.09807066527e+00
2.16629571798e+00
2.04881137534e+00
2.09874463633e+00
2.09022336684e+00
2.10351132025e+00
2.15202200262e+00
2.16261148952e+00
2.11221685241e+00
2.12104731182e+00
2.13867667158e+00
2.15019477179e+00
2.23533045421e+00
2.08461629121e+00
2.15007969992e+00
2.10716794505e+00
2.16956987368e+00
2.06796812901e+00
2.20191043760e+00
2.15742806175e+00
2.15078777142e+00
2.14921960900e+00
2.11341962563e+00
2.10448042066e+00
2.11128427153e+00
2.09699219639e+00
2.16701466820e+00
2.18384753015e+00
2.10661120406e+00
2.18486503162e+00
2.07571444352e+00
2.09342009736e+00
2.10617671135e+00
2.11029741859e+00
2.07425505727e+00
2.13798601176e+00
2.12972176657e+00
2.17845191284e+00
2.15609203523e+00
2.17711365253e+00
2.04133705601e+00
2.21266853700e+00
2.07659541450e+00
2.11363886725e+00
2.11654534355e+00
2.13280561979e+00
2.05718058275e+00
2.07492471786e+00
2.12555302528e+00
2.09835381825e+00
2.06222607555e+00
2.18937222705e+00
2.11860322046e+00
2.13772539451e+00
2.16048633877e+00
2.08648814981e+00
2.15856102854e+00
2.22798344116e+00
2.15096495794e+00
2.10790861041e+00
2.15712582661e+00
2.14037319494e+00
2.11143274561e+00
2.05668315479e+00
2.13099140692e+00
2.07010589376e+00
2.13929246930e+00
2.19160590618e+00
2.11592517587e+00
2.13482318827e+00
2.11714548230e+00
2.06572404296e+00
2.08674392291e+00
2.11626576146e+00
2.04603630576e+00
2.16986728648e+00
2.13021374542e+00
2.09402628780e+00
2.08127650142e+00
2.16788929328e+00
2.09918741287e+00
2.12070612943e+00
2.03600153177e+00
2.12006985488e+00
2.12629714386e+00
2.08096772310e+00
2.07943885743e+00
2.16862354163e+00
2.06988431894e+00
2.17297373974e+00
2.11336597671e+00
2.17246588567e+00
2.12962517792e+00
2.15230761158e+00
2.05800136738e+00
2.11759496876e+00
2.18971677274e+00
2.08145448431e+00
2.17620546994e+00
2.11840796685e+00
2.17085933988e+00
2.15660881078e+00
2.13425181196e+00
2.09554886981e+00
2.11967977563e+00
2.10837926481e+00
2.09070626003e+00
2.11592994414e+00
2.10311358375e+00
2.02711027041e+00
2.16306910343e+00
2.16789892491e+00
2.07635005222e+00
2.05648871866e+00
2.18997732801e+00
2.14568593073e+00
2.14710684750e+00
2.14917577019e+00
2.12813557076e+00
2.13121172272e+00
2.14060298092e+00
2.09133828089e+00
2.08849159639e+00
2.09183913430e+00
2.19409092913e+00
2.18354494853e+00
2.12699312824e+00
2.14930500370e+00
2.06060186364e+00
2.12776549993e+00
2.13348855772e+00
2.09719908176e+00
2.19279625677e+00
2.16828789334e+00
2.09717986114e+00
2.19872930493e+00
2.19312061599e+00
2.10542607733e+00
2.10756361480e+00
2.16123786375e+00
2.07733911946e+00
2.24808386179e+00
2.16538189686e+00
2.20780315354e+00
2.10121672046e+00
2.11268798872e+00
2.02914256525e+00
2.11019621137e+00
2.11879803534e+00
2.12694679231e+00
2.25453223367e+00
2.08093642102e+00
2.15705422945e+00
2.07600751016e+00
2.11913371394e+00
2.11891618311e+00
2.16226249931e+00
2.08190890098e+00
2.12563819291e+00
2.10972725907e+00
2.14984935347e+00
2.14244826355e+00
2.11783694825e+00
2.16091720046e+00
2.02847544155e+00
2.18199612787e+00
2.10953742072e+00
2.15565921678e+00
2.13121567416e+00
2.11574640264e+00
2.07417951130e+00
2.13245972787e+00
2.14132603379e+00
2.06209806314e+00
2.14517569349e+00
2.19373947355e+00
2.14769441455e+00
2.15655647480e+00
2.08622466675e+00
2.15753415117e+00
2.16113686009e+00
2.17544997936e+00
2.07046479413e+00
2.10204814182e+00
2.10003610609e+00
2.10907973759e+00
2.09029318808e+00
2.13582900985e+00
2.09461437835e+00
2.17383663687e+00
2.19959336767e+00
2.09938789448e+00
2.11858652269e+00
2.19882595411e+00
2.11088527250e+00
2.07954500951e+00
2.12711069737e+00
2.11964682736e+00
2.12624161905e+00
2.13463287368e+00
2.16444338483e+00
2.15522666536e+00
2.16156651029e+00
2.12157651406e+00
2.10810550313e+00
2.06628496091e+00
2.14954997018e+00
2.14857590931e+00
2.11177531039e+00
2.15532461595e+00
2.13722930532e+00
2.13222768649e+00
2.07902825451e+00
2.14945041455e+00
2.10526684927e+00
2.11369604034e+00
2.15899644653e+00
2.18110777850e+00
2.06602535980e+00
2.10220569071e+00
2.19197531207e+00
2.14988421077e+00
2.15850310606e+00
2.14089626710e+00
2.02645559455e+00
2.12182072766e+00
2.05826319676e+00
2.11155611785e+00
2.11487781192e+00
2.15001768755e+00
2.07425833551e+00
2.11990606471e+00
2.13020029270e+00
2.15741975923e+00
2.13967180671e+00
2.19814507948e+00
2.14148182105e+00
2.10902283745e+00
2.18282258786e+00
2.22257122022e+00
2.16332654460e+00
2.13480985461e+00
2.10896152687e+00
2.20464869723e+00
2.18190964604e+00
2.05279248837e+00
2.20390936499e+00
2.09388012797e+00
2.11682055162e+00
2.04876399649e+00
2.18344688722e+00
2.10884514645e+00
2.15039088183e+00
2.15107553466e+00
2.07515480021e+00
2.08294992858e+00
2.13694235089e+00
2.12748237437e+00
2.10630471118e+00
2.14142817218e+00
2.19749210546e+00
2.13065338304e+00
2.14564975122e+00
2.14146302147e+00
2.08488260437e+00
2.08944925602e+00
2.20245443164e+00
2.06720160228e+00
2.13982183158e+00
2.14509025051e+00
2.11630059377e+00
2.12251737765e+00
2.16403798039e+00
2.08478224094e+00
2.17158339513e+00
2.12562847137e+00
2.26438413902e+00
2.10348384930e+00
2.13924981067e+00
2.14772696801e+00
2.14005928923e+00
2.19638177510e+00
2.12307496367e+00
2.13510183953e+00
2.14275893170e+00
2.11411717498e+00
2.12199430886e+00
2.11868559886e+00
2.18150579727e+00
2.18161305647e+00
2.16964095388e+00
2.17750926478e+00
2.09668924697e+00
2.14411987681e+00
2.12964644333e+00
2.17154700476e+00
2.15769203387e+00
2.08162918194e+00
2.15541952123e+00
2.05784969836e+00
2.12274397274e+00
2.17208679175e+00
2.19049248314e+00
2.17934507517e+00
2.14403609160e+00
2.14668833360e+00
2.12592793612e+00
2.10129937702e+00
2.12822093182e+00