-2.84243358164e+01
-2.83882680944e+01
-2.83566430303e+01
-2.84744636596e+01
-2.83485328196e+01
-2.83711909506e+01
-2.83444512244e+01
-2.83434548393e+01
-2.84349214038e+01
-2.84561485165e+01
-2.83832748556e+01
-2.83872282319e+01
-2.84899289012e+01
-2.84224643705e+01
-2.83974942142e+01
-2.84511596188e+01
-2.83522823139e+01
-2.83784600149e+01
-2.84345165949e+01
-2.84004140080e+01
-2.85095299610e+01
-2.84350011774e+01
-2.84335568053e+01
-2.83578400471e+01
-2.85045854182e+01
-2.85313150781e+01
-2.85218195516e+01
-2.83466263975e+01
-2.83421384585e+01
-2.84157909856e+01
-2.84795853735e+01
-2.84817013042e+01
-2.84469088719e+01
-2.83998954410e+01
-2.84560027576e+01
-2.84813412452e+01
-2.85037499323e+01
-2.84639740800e+01
-2.83920974690e+01
-2.84592004177e+01
-2.84448227625e+01
-2.84128821583e+01
-2.84287369477e+01
-2.83719866179e+01
-2.84217971868e+01
-2.84194309912e+01
-2.84746703923e+01
-2.84217248499e+01
-2.83751203250e+01
-2.84660243603e+01
-2.84186575814e+01
-2.84765779692e+01
-2.84288400218e+01
-2.83874568466e+01
-2.84692061163e+01
-2.84489342250e+01
-2.84309282793e+01
-2.83875668552e+01
-2.84549241177e+01
-2.84803232541e+01
-2.84704144256e+01
-2.84406976840e+01
-2.83987810514e+01
-2.84028646072e+01
-2.84802371331e+01
-2.83535117180e+01
-2.84050359751e+01
-2.84118850271e+01
-2.84169787935e+01
-2.83606751873e+01
-2.83985726527e+01
-2.84442420563e+01
-2.84411276078e+01
-2.84324744113e+01
-2.84980176964e+01
-2.83974038856e+01
-2.84547538193e+01
-2.83657326121e+01
-2.84209364209e+01
-2.83970772310e+01
-2.83843106183e+01
-2.83814451813e+01
-2.83640488223e+01
-2.84097696927e+01
-2.84292247942e+01
-2.84158863004e+01
-2.84114507224e+01
-2.84316117503e+01
-2.84761903516e+01
-2.84633829059e+01
-2.83945496182e+01
-2.84514813448e+01
-2.84342330007e+01
-2.84136758906e+01
-2.85130630715e+01
-2.84102771564e+01
-2.84029637038e+01
-2.83973599688e+01
-2.83910930903e+01
-2.83939000291e+01
-2.84295014067e+01
-2.85105265558e+01
-2.84022031216e+01
-2.84397470705e+01
-2.83602527039e+01
-2.84032663298e+01
-2.84569384400e+01
-2.83867133907e+01
-2.84202201046e+01
-2.84713813862e+01
-2.84375125437e+01
-2.84584326413e+01
-2.83915488436e+01
-2.84014111993e+01
-2.83700307123e+01
-2.84880574802e+01
-2.84580061512e+01
-2.84680847953e+01
-2.85037046659e+01
-2.84497281573e+01
-2.84029644128e+01
-2.84113123426e+01
-2.84623170343e+01
-2.84116543404e+01
-2.84004245239e+01
-2.83868520302e+01
-2.84488102370e+01
-2.84573474779e+01
-2.83733159820e+01
-2.84311670902e+01
-2.84090897058e+01
-2.84141628188e+01
-2.84154556829e+01
-2.84128251246e+01
-2.83831674806e+01
-2.83951938348e+01
-2.84513614749e+01
-2.84149006907e+01
-2.83434224715e+01
-2.84073636198e+01
-2.84040594368e+01
-2.83578483651e+01
-2.84917553144e+01
-2.83902775940e+01
-2.83290514611e+01
-2.84247331032e+01
-2.84083358006e+01
-2.84819881055e+01
-2.84723399913e+01
-2.84231365564e+01
-2.84220680684e+01
-2.84334929784e+01
-2.84462493335e+01
-2.84443377823e+01
-2.83788857994e+01
-2.84078114928e+01
-2.84569165418e+01
-2.84527009512e+01
-2.84289023261e+01
-2.83582254435e+01
-2.84352648412e+01
-2.84223829433e+01
-2.84590135981e+01
-2.84483195635e+01
-2.84543836650e+01
-2.84257214579e+01
-2.83655795977e+01
-2.84670039657e+01
-2.84043709492e+01
-2.84069343701e+01
-2.83873836753e+01
-2.83735197281e+01
-2.84369429074e+01
-2.84584487175e+01
-2.84911215390e+01
-2.84508213743e+01
-2.84282069464e+01
-2.84472243632e+01
-2.84467563704e+01
-2.84412357839e+01
-2.84683500374e+01
-2.84242612685e+01
-2.84153537915e+01
-2.84214491062e+01
-2.85161123852e+01
-2.84700060265e+01
-2.82959367811e+01
-2.83898215400e+01
-2.84560720615e+01
-2.84328320309e+01
-2.84253187377e+01
-2.83381388609e+01
-2.84740644557e+01
-2.83357510488e+01
-2.83633439322e+01
-2.83874339735e+01
-2.83738689779e+01
-2.84515533066e+01
-2.84483084075e+01
-2.84071079622e+01
-2.84102185279e+01
-2.83648772575e+01
-2.84777194893e+01
-2.84396873068e+01
-2.84948661381e+01
-2.83319397883e+01
-2.83996961853e+01
-2.84058174588e+01
-2.83718980002e+01
-2.84012737547e+01
-2.84719570124e+01
-2.84801064039e+01
-2.84199350968e+01
-2.84004522274e+01
-2.84339903593e+01
-2.84733766429e+01
-2.83564993174e+01
-2.84509498469e+01
-2.84496885001e+01
-2.84010164617e+01
-2.84297496019e+01
-2.84632893663e+01
-2.84800970908e+01
-2.83649257623e+01
-2.84181442970e+01
-2.84409533521e+01
-2.84219044639e+01
-2.85121792418e+01
-2.84477430458e+01
-2.84658500156e+01
-2.83663473220e+01
-2.84626078070e+01
-2.83910926376e+01
-2.85401300458e+01
-2.84175703593e+01
-2.84392371017e+01
-2.84716936887e+01
-2.84543991753e+01
-2.84820957440e+01
-2.84813954003e+01
-2.84638455621e+01
-2.84765302290e+01
-2.84619634379e+01
-2.84903189596e+01
-2.84236175706e+01
-2.83258778547e+01
-2.84306105767e+01
-2.84048536584e+01
-2.84933810059e+01
-2.84704483049e+01
-2.84466295544e+01
-2.84362106184e+01
-2.84051254588e+01
-2.84935709317e+01
-2.85205524347e+01
-2.84545849589e+01
-2.84193669602e+01
-2.84280729121e+01
-2.84222705250e+01
-2.84477693955e+01
-2.84275769633e+01
-2.84339073974e+01
-2.84701212579e+01
-2.84422880951e+01
-2.84167266144e+01
-2.84111818437e+01
-2.84262482626e+01
-2.84289789472e+01
-2.84452413156e+01
-2.84315423971e+01
-2.83662834634e+01
-2.84219251888e+01
-2.83871890150e+01
-2.84204915304e+01
-2.83998280783e+01
-2.84526102001e+01
-2.83969930384e+01
-2.84001288759e+01
-2.84266338347e+01
-2.84827054606e+01
-2.84012948571e+01
-2.84158104137e+01
-2.84294183270e+01
-2.83579806345e+01
-2.84586694103e+01
-2.84728301138e+01
-2.85042573999e+01
-2.83999731594e+01
-2.84936016764e+01
-2.84178565303e+01
-2.84505609449e+01
-2.83983481484e+01
-2.84293412897e+01
-2.84533452134e+01
-2.83950181002e+01
-2.83743795313e+01
-2.83925082120e+01
-2.83993210962e+01
-2.84680166496e+01
-2.84516103384e+01
-2.84426545331e+01
-2.84050143480e+01
-2.84261391159e+01
-2.84357146326e+01
-2.83591929395e+01
-2.84346885977e+01
-2.84258290429e+01
-2.84566032584e+01
-2.84809230308e+01
-2.84036571377e+01
-2.84050379480e+01
-2.84884727104e+01
-2.84188827353e+01
-2.84278111044e+01
-2.84166991278e+01
-2.83907731071e+01
-2.83513733117e+01
-2.84467862035e+01
-2.84168149682e+01
-2.83959774671e+01
-2.84625671964e+01
-2.84002154068e+01
-2.83198304592e+01
-2.83788639317e+01
-2.84515999322e+01
-2.84438029654e+01
-2.83766550311e+01
-2.84950418264e+01
-2.84691482897e+01
-2.84413689274e+01
-2.84048773409e+01
-2.84538049231e+01
-2.84616683736e+01
-2.84548476165e+01
-2.83842805118e+01
-2.83410755180e+01
-2.83916279331e+01
-2.84333053646e+01
-2.83528088743e+01
-2.84262339530e+01
-2.83331879739e+01
-2.84504625323e+01
-2.84313099013e+01
-2.84418450853e+01
-2.84280027981e+01
-2.84603638767e+01
-2.84392541452e+01
-2.84247416984e+01
-2.84524003909e+01
-2.84554038273e+01
-2.84234987753e+01
-2.84529317793e+01
-2.83905888514e+01
-2.85041957770e+01
-2.84499064459e+01
-2.84139372662e+01
-2.83893100590e+01
-2.84790942603e+01
-2.84869309212e+01
-2.84500186815e+01
-2.84165210016e+01
-2.84048081006e+01
-2.85000441192e+01
-2.84228345527e+01
-2.84484338120e+01
-2.84134045147e+01
-2.84046942907e+01
-2.84919562177e+01
-2.84334265857e+01
-2.84248536399e+01
-2.84245101071e+01
-2.84472661967e+01
-2.83513709170e+01
-2.84452725248e+01
-2.84431106233e+01
-2.84027130411e+01
-2.84322951077e+01
-2.83605834177e+01
-2.83867575446e+01
-2.83747734734e+01
-2.84283787303e+01
-2.83884802889e+01
-2.83877028614e+01
-2.84107902196e+01
-2.84726726665e+01
-2.84071134478e+01
-2.84233561628e+01
-2.84481942610e+01
-2.84801952748e+01
-2.84767101470e+01
-2.84589714064e+01
-2.84755819101e+01
-2.84272091307e+01
-2.84661022077e+01
-2.84273851192e+01
-2.84166866606e+01
-2.84876587827e+01
-2.84159266921e+01
-2.83412995944e+01
-2.84810738126e+01
-2.84425466491e+01
-2.83702969243e+01
-2.83583559682e+01
-2.83454842749e+01
-2.83949278424e+01
-2.84501476957e+01
-2.84312983925e+01
-2.85055730617e+01
-2.84731506302e+01
-2.84442388687e+01
-2.84331342060e+01
-2.84288554576e+01
-2.84435445642e+01
-2.83427117179e+01
-2.83974950547e+01
-2.84195372943e+01
-2.84655704922e+01
-2.83648358479e+01
-2.84808925438e+01
-2.84140355431e+01
-2.84649569203e+01
-2.84043465930e+01
-2.84203223227e+01
-2.83561671381e+01
-2.84827742935e+01
-2.84868994092e+01
-2.84619126752e+01
-2.84717090686e+01
-2.84472481154e+01
-2.84305923049e+01
-2.84565303653e+01
-2.84732498249e+01
-2.83738815844e+01
-2.84522467243e+01
-2.84064980291e+01
-2.84394037040e+01
-2.84687636616e+01
-2.83361341464e+01
-2.84098187485e+01
-2.84564935267e+01
-2.84362637128e+01
-2.84339547228e+01
-2.84581196988e+01
-2.83949473379e+01
-2.84671760415e+01
-2.84525778900e+01
-2.83825881595e+01
-2.83985302713e+01
-2.83340874530e+01
-2.84301470375e+01
-2.83769152549e+01
-2.83976266242e+01
-2.84762842447e+01
-2.83909539154e+01
-2.84289313249e+01
-2.84785797699e+01
-2.84329489591e+01
-2.83946177411e+01
-2.84974825311e+01
-2.83695174940e+01
-2.83838611777e+01
-2.84331872808e+01
-2.84443140753e+01
-2.84546587756e+01
-2.83607198764e+01
-2.84197860309e+01
-2.84924911865e+01
-2.84306441209e+01
-2.84823982973e+01
-2.84525698932e+01
-2.84214514708e+01
-2.84514402601e+01
-2.84153733094e+01
-2.84788052046e+01
-2.84295449280e+01
-2.83964149808e+01
-2.84001320675e+01
-2.84063063208e+01
-2.84670732557e+01
-2.83595921682e+01
-2.84804344083e+01
-2.84849500451e+01
-2.84717824703e+01
-2.84661690439e+01
-2.84090865937e+01
-2.84246923446e+01
-2.84872699178e+01
-2.84257996313e+01
-2.84305685414e+01
-2.83746989102e+01
-2.84030056496e+01
-2.83922315669e+01
-2.83930852217e+01
-2.85371164559e+01
-2.85005927001e+01
-2.84585568598e+01
-2.83527786206e+01
-2.84227418846e+01
-2.83657025575e+01
-2.84297863311e+01
-2.84251901099e+01