-3.62522912218e+01
-3.62523701660e+01
-3.62479313609e+01
-3.62415380942e+01
-3.62403807097e+01
-3.62607292548e+01
-3.62024444647e+01
-3.62219076541e+01
-3.62724841427e+01
-3.62800497511e+01
-3.62298397761e+01
-3.62644133523e+01
-3.62549673380e+01
-3.62660539901e+01
-3.62326260381e+01
-3.62534087984e+01
-3.61840632676e+01
-3.63016056812e+01
-3.63086248572e+01
-3.62700589149e+01
-3.62787956708e+01
-3.62888741969e+01
-3.62227749439e+01
-3.62587726642e+01
-3.62729845670e+01
-3.63128133732e+01
-3.62548034586e+01
-3.62727488593e+01
-3.61958401415e+01
-3.63157162548e+01
-3.62471932214e+01
-3.62685723061e+01
-3.63282639494e+01
-3.62842980608e+01
-3.63002018289e+01
-3.62307114631e+01
-3.62402002782e+01
-3.62881631961e+01
-3.62259620864e+01
-3.63042024004e+01
-3.62490000293e+01
-3.62911581015e+01
-3.62504568702e+01
-3.62846085061e+01
-3.62495777354e+01
-3.62759585130e+01
-3.62653471765e+01
-3.62420046931e+01
-3.63010139901e+01
-3.62921638234e+01
-3.63022876925e+01
-3.62451245049e+01
-3.62354774180e+01
-3.62631030019e+01
-3.63137099159e+01
-3.62845899765e+01
-3.62415576528e+01
-3.62565219574e+01
-3.63174426595e+01
-3.63269724491e+01
-3.62083153621e+01
-3.62254015156e+01
-3.62192254059e+01
-3.62607339803e+01
-3.63082713644e+01
-3.62607647402e+01
-3.62398611943e+01
-3.62687111517e+01
-3.62803906792e+01
-3.62085724837e+01
-3.62901555655e+01
-3.62311884509e+01
-3.62645395633e+01
-3.62585820120e+01
-3.62845936171e+01
-3.62000109041e+01
-3.62495330025e+01
-3.62451020706e+01
-3.62869209536e+01
-3.62088094578e+01
-3.62177025065e+01
-3.62799755362e+01
-3.62309535657e+01
-3.62646932250e+01
-3.62635553467e+01
-3.62550081747e+01
-3.62166315865e+01
-3.62500012332e+01
-3.62686893217e+01
-3.62726385785e+01
-3.62551153164e+01
-3.62470180433e+01
-3.63244196125e+01
-3.62885393028e+01
-3.62969678982e+01
-3.61827048392e+01
-3.61984956956e+01
-3.62632596686e+01
-3.62282764521e+01
-3.62552607038e+01
-3.62953823436e+01
-3.63353135796e+01
-3.62871908186e+01
-3.61887995540e+01
-3.62226307047e+01
-3.62802983351e+01
-3.62570025791e+01
-3.62716311566e+01
-3.62311507710e+01
-3.62307506573e+01
-3.61916790343e+01
-3.62991602896e+01
-3.63008980859e+01
-3.61965270827e+01
-3.62248294537e+01
-3.63030876769e+01
-3.62682827374e+01
-3.63155004955e+01
-3.62810035804e+01
-3.63055104255e+01
-3.61980179680e+01
-3.62867242658e+01
-3.62736026223e+01
-3.62998150292e+01
-3.62147446660e+01
-3.62517314905e+01
-3.61955445876e+01
-3.62564314850e+01
-3.62365741391e+01
-3.62306355613e+01
-3.62661497228e+01
-3.62567929000e+01
-3.62503852858e+01
-3.62607370688e+01
-3.61837984386e+01
-3.61957906513e+01
-3.62526826644e+01
-3.62447951350e+01
-3.61777094520e+01
-3.62700277927e+01
-3.62418502582e+01
-3.62444927250e+01
-3.62562822499e+01
-3.62596179254e+01
-3.62214415288e+01
-3.62688241455e+01
-3.62804847620e+01
-3.62741744754e+01
-3.63106049125e+01
-3.62849392030e+01
-3.63001156454e+01
-3.62608502420e+01
-3.62535561362e+01
-3.61904162212e+01
-3.62599798352e+01
-3.62881170847e+01
-3.62828491865e+01
-3.62551336340e+01
-3.62048582934e+01
-3.62466036983e+01
-3.62584493761e+01
-3.62584179288e+01
-3.62650451508e+01
-3.62624448327e+01
-3.62391946188e+01
-3.62990572461e+01
-3.62572024557e+01
-3.62327679925e+01
-3.62588281129e+01
-3.62832067991e+01
-3.62356891209e+01
-3.62666823624e+01
-3.62476543926e+01
-3.61988074091e+01
-3.62832039601e+01
-3.62508527822e+01
-3.62365021562e+01
-3.62889368571e+01
-3.62679409449e+01
-3.62647872897e+01
-3.62719969726e+01
-3.62398070149e+01
-3.62254249047e+01
-3.62872092256e+01
-3.63150423756e+01
-3.62588727750e+01
-3.62403747695e+01
-3.62927439444e+01
-3.62790975454e+01
-3.63056594106e+01
-3.63383386697e+01
-3.62037712628e+01
-3.62606672145e+01
-3.62795572305e+01
-3.62571410944e+01
-3.62471195235e+01
-3.62668325417e+01
-3.63103982015e+01
-3.62541125344e+01
-3.62917674643e+01
-3.62732384707e+01
-3.62967080334e+01
-3.63361180996e+01
-3.62324392126e+01
-3.63312217246e+01
-3.62152058344e+01
-3.62225978859e+01
-3.62491151975e+01
-3.62986727801e+01
-3.62854171413e+01
-3.63378912500e+01
-3.62950180350e+01
-3.62810442371e+01
-3.62155027695e+01
-3.62583608930e+01
-3.62369242565e+01
-3.62202090119e+01
-3.63003714599e+01
-3.62955107378e+01
-3.62303552442e+01
-3.62569396206e+01
-3.62209280085e+01
-3.63303998408e+01
-3.62530171398e+01
-3.62344400779e+01
-3.63166010789e+01
-3.62987224944e+01
-3.63140489651e+01
-3.62966606193e+01
-3.63208616887e+01
-3.62462389401e+01
-3.62939257253e+01
-3.62496491603e+01
-3.62948419855e+01
-3.62994438513e+01
-3.63141603817e+01
-3.63059328457e+01
-3.62517616259e+01
-3.62737399944e+01
-3.62252041334e+01
-3.62654411709e+01
-3.63072546057e+01
-3.62095403678e+01
-3.63034295539e+01
-3.62435825076e+01
-3.61818742313e+01
-3.62223349634e+01
-3.62605704490e+01
-3.62566445225e+01
-3.63521924670e+01
-3.62619516900e+01
-3.62627074448e+01
-3.63055833920e+01
-3.62540405314e+01
-3.62527288688e+01
-3.62526970936e+01
-3.62147524703e+01
-3.62300501243e+01
-3.62953730161e+01
-3.62408041830e+01
-3.62985266272e+01
-3.62581630022e+01
-3.62510820441e+01
-3.62935208476e+01
-3.62839261907e+01
-3.62280994065e+01
-3.62504095412e+01
-3.62692369575e+01
-3.62691373971e+01
-3.62720565315e+01
-3.62525811116e+01
-3.63033297767e+01
-3.62868153442e+01
-3.62563770447e+01
-3.62297209476e+01
-3.62450635779e+01
-3.62598953596e+01
-3.62464270437e+01
-3.62595475123e+01
-3.62775139409e+01
-3.62654996573e+01
-3.63054940755e+01
-3.62695622190e+01
-3.62687568124e+01
-3.63032770533e+01
-3.62842207430e+01
-3.62903400523e+01
-3.62726025222e+01
-3.62823337301e+01
-3.62479887149e+01
-3.62570913866e+01
-3.63316045268e+01
-3.63126409963e+01
-3.63066163533e+01
-3.62531415527e+01
-3.62414953840e+01
-3.63037838623e+01
-3.62428428711e+01
-3.63305096617e+01
-3.62716315533e+01
-3.62703388829e+01
-3.62503173505e+01
-3.62139470063e+01
-3.62532880453e+01
-3.62040747075e+01
-3.62534346354e+01
-3.61894991742e+01
-3.62835307705e+01
-3.63324400578e+01
-3.62944561377e+01
-3.62815859278e+01
-3.62103905617e+01
-3.62984894916e+01
-3.62561829329e+01
-3.62732474464e+01
-3.62333373419e+01
-3.62566019125e+01
-3.63370233840e+01
-3.62700582240e+01
-3.62122771205e+01
-3.62752676630e+01
-3.62348516700e+01
-3.62172331737e+01
-3.62654340805e+01
-3.62743782085e+01
-3.62980469516e+01
-3.61897164713e+01
-3.62596518655e+01
-3.62728057753e+01
-3.62992579388e+01
-3.62636933653e+01
-3.63007548516e+01
-3.62844485828e+01
-3.62450731856e+01
-3.61981107929e+01
-3.62513319950e+01
-3.62597539415e+01
-3.62643804039e+01
-3.62234105900e+01
-3.62232155200e+01
-3.62848825471e+01
-3.62200395318e+01
-3.62204783318e+01
-3.62706738547e+01
-3.62712780254e+01
-3.62351382445e+01
-3.62948131958e+01
-3.62390908812e+01
-3.62849403815e+01
-3.62230449542e+01
-3.62740528238e+01
-3.62315942199e+01
-3.62685650900e+01
-3.63074661267e+01
-3.62384198403e+01
-3.62919825722e+01
-3.62682309938e+01
-3.62715153839e+01
-3.62832780089e+01
-3.62187153733e+01
-3.62847110841e+01
-3.63111276516e+01
-3.62178200785e+01
-3.62799281334e+01
-3.62609682980e+01
-3.62360332334e+01
-3.62561749507e+01
-3.62499689365e+01
-3.63032667762e+01
-3.62611896627e+01
-3.62385078548e+01
-3.62490110038e+01
-3.62802137214e+01
-3.62864297297e+01
-3.62841837380e+01
-3.62811518335e+01
-3.63081648485e+01
-3.62824318420e+01
-3.62929468339e+01
-3.62888773175e+01
-3.63032449413e+01
-3.62446615598e+01
-3.62863739207e+01
-3.62839684963e+01
-3.63169745495e+01
-3.63034840458e+01
-3.62926011826e+01
-3.62334389419e+01
-3.62901087181e+01
-3.63295751989e+01
-3.62385404073e+01
-3.62605109225e+01
-3.62614590663e+01
-3.62516385766e+01
-3.62317406833e+01
-3.62021957238e+01
-3.62991649186e+01
-3.63121519710e+01
-3.62188572447e+01
-3.62102818515e+01
-3.62579281975e+01
-3.62681546045e+01
-3.62624415972e+01
-3.62144323851e+01
-3.61997523701e+01
-3.63257944886e+01
-3.62504503281e+01
-3.63028494754e+01
-3.62625999578e+01
-3.63457848544e+01
-3.62860015361e+01
-3.62889681611e+01
-3.63479965768e+01
-3.62048120370e+01
-3.62594880953e+01
-3.62618037112e+01
-3.62680972017e+01
-3.62376974785e+01
-3.63224735519e+01
-3.62517632689e+01
-3.62561998440e+01
-3.62222369974e+01
-3.62039664744e+01
-3.62760040359e+01
-3.62288334948e+01
-3.62421124346e+01
-3.62944516617e+01
-3.63189799598e+01
-3.62753058636e+01
-3.62779944176e+01
-3.62465394135e+01
-3.61859856871e+01
-3.62672230973e+01
-3.62825216729e+01
-3.62331736394e+01
-3.62880108659e+01
-3.63145506132e+01
-3.62204159295e+01
-3.62323339778e+01
-3.62787175090e+01
-3.63115314350e+01
-3.62297945123e+01
-3.62444257008e+01
-3.62556630589e+01
-3.62649240186e+01
-3.62913289432e+01
-3.62390856395e+01
-3.62377729804e+01
-3.62091647651e+01
-3.62947884457e+01
-3.62510561844e+01
-3.62643356663e+01
-3.62567316415e+01
-3.63111847819e+01
-3.62855751481e+01
-3.62602210194e+01
-3.62351438433e+01
-3.62441423755e+01
-3.62662324674e+01
-3.62377132037e+01
-3.62651373955e+01
-3.62463102870e+01
-3.62648248837e+01
-3.62895846367e+01
-3.62876382357e+01
-3.62543341088e+01
-3.62913489617e+01
-3.62881974470e+01
-3.62539444893e+01
-3.62181978752e+01
-3.62689573110e+01
-3.62854270585e+01
-3.62568930574e+01
-3.63435520798e+01
-3.62961379836e+01
-3.62461391941e+01
-3.62825961019e+01
-3.62900763220e+01
-3.62998688679e+01
-3.62934366313e+01
-3.62673423687e+01
-3.62730901925e+01
-3.62931484410e+01
-3.63245873489e+01
-3.62626901840e+01
-3.62487747139e+01
-3.62728790329e+01
-3.62366049959e+01
-3.62465944878e+01
-3.62724394415e+01
-3.62983391297e+01
-3.62582873752e+01
-3.63055807135e+01
-3.62578103993e+01
-3.63174410438e+01
-3.63189611503e+01
-3.62589827467e+01
-3.62285523049e+01
-3.62497752639e+01
-3.62687939832e+01
-3.62615753648e+01