7.40371689416e-01
7.30669520530e-01
7.29952363759e-01
7.36958928465e-01
7.30183640583e-01
7.33780086353e-01
7.33018022683e-01
7.37168235465e-01
7.30676941588e-01
7.34992141147e-01
7.35386760670e-01
7.31101869980e-01
7.27401270425e-01
7.29724704565e-01
7.29413248800e-01
7.33346299596e-01
7.35481363356e-01
7.29325926933e-01
7.30781161036e-01
7.26312111252e-01
7.28105883011e-01
7.32350639659e-01
7.31064894731e-01
7.32433711464e-01
7.26359947375e-01
7.31157570662e-01
7.26551489696e-01
7.33448839803e-01
7.37768078954e-01
7.39184375491e-01
7.32300652729e-01
7.33637765663e-01
7.27847521198e-01
7.36222572455e-01
7.30501381842e-01
7.30103540988e-01
7.29801133838e-01
7.32406025317e-01
7.32156470974e-01
7.37381065036e-01
7.32614923954e-01
7.30115686945e-01
7.29332491295e-01
7.35194353278e-01
7.27946339895e-01
7.30524252432e-01
7.36914125428e-01
7.30569628179e-01
7.36609098956e-01
7.30287622849e-01
7.29347941296e-01
7.31258807395e-01
7.32496714297e-01
7.37855442493e-01
7.33865577555e-01
7.39127830706e-01
7.32416122330e-01
7.32363254156e-01
7.34408902382e-01
7.33462773573e-01
7.29843065889e-01
7.27063113874e-01
7.33674050576e-01
7.32180670062e-01
7.37781912699e-01
7.34770195766e-01
7.27545350429e-01
7.33649716883e-01
7.29408973328e-01
7.24895793106e-01
7.35147196625e-01
7.35043331536e-01
7.38504425690e-01
7.37320811290e-01
7.37789270394e-01
7.30639155859e-01
7.31047382795e-01
7.32791178341e-01
7.35456205763e-01
7.26920724473e-01
7.34684954813e-01
7.35679047101e-01
7.34448959612e-01
7.37897243573e-01
7.35094596105e-01
7.32173190129e-01
7.26981078175e-01
7.32517542554e-01
7.28498817773e-01
7.37715324610e-01
7.34791748759e-01
7.31547422119e-01
7.34995461793e-01
7.31238036365e-01
7.34337349332e-01
7.32014363796e-01
7.30026966643e-01
7.31730447185e-01
7.32343499192e-01
7.31700764392e-01
7.36243830349e-01
7.32928528781e-01
7.25751327128e-01
7.37861907016e-01
7.31420171390e-01
7.26431377727e-01
7.33429672594e-01
7.30887250200e-01
7.32370415175e-01
7.36445589003e-01
7.34463780365e-01
7.28189354096e-01
7.31803074462e-01
7.31166800151e-01
7.29508549212e-01
7.35749476877e-01
7.31462602142e-01
7.31068890834e-01
7.31350188690e-01
7.32251751115e-01
7.34560464831e-01
7.33285221461e-01
7.26848509159e-01
7.35957089846e-01
7.34272072276e-01
7.30252531611e-01
7.36508373440e-01
7.30877716875e-01
7.32363022708e-01
7.32060792848e-01
7.32372875633e-01
7.35271016241e-01
7.37107218125e-01
7.30689759309e-01
7.27918268964e-01
7.30580001636e-01
7.36745506433e-01
7.28625533290e-01
7.37933821816e-01
7.34087979204e-01
7.33154303109e-01
7.25068138842e-01
7.30414369513e-01
7.32391460676e-01
7.30908927475e-01
7.37224227355e-01
7.35340012971e-01
7.31577031059e-01
7.35775043066e-01
7.34431135825e-01
7.36416781988e-01
7.33396463887e-01
7.29398977542e-01
7.35641868664e-01
7.32110412293e-01
7.30279600802e-01
7.29736115223e-01
7.34878071936e-01
7.25898778194e-01
7.31600425148e-01
7.35536869202e-01
7.29622594980e-01
7.36914596635e-01
7.33576006018e-01
7.33595287450e-01
7.31847810731e-01
7.33394251503e-01
7.32733435682e-01
7.33322177821e-01
7.28336510425e-01
7.29511196941e-01
7.33101276450e-01
7.30743072821e-01
7.34905678574e-01
7.35221322232e-01
7.30070570663e-01
7.31562316217e-01
7.30329155031e-01
7.31698248393e-01
7.33470285700e-01
7.25979930742e-01
7.24609455138e-01
7.30302680469e-01
7.30003761411e-01
7.33176592345e-01
7.31843521531e-01
7.31037617467e-01
7.41862530868e-01
7.34287508544e-01
7.24561310932e-01
7.29241310850e-01
7.37769615916e-01
7.31363126087e-01
7.26290135890e-01
7.27063235890e-01
7.29995499054e-01
7.34311859779e-01
7.29235824669e-01
7.34561680521e-01
7.33236563285e-01
7.32769125044e-01
7.29423196537e-01
7.37724920834e-01
7.32989266289e-01
7.33211049557e-01
7.38325994146e-01
7.37489678065e-01
7.32979716631e-01
7.35051577323e-01
7.39808662014e-01
7.35159771058e-01
7.33055459982e-01
7.31144956396e-01
7.33527515349e-01
7.28577202660e-01
7.33308851153e-01
7.30072942091e-01
7.31319712252e-01
7.35762039238e-01
7.28352400338e-01
7.35417493833e-01
7.33481106368e-01
7.32275211605e-01
7.31733396825e-01
7.33114598703e-01
7.35276314741e-01
7.28685718540e-01
7.38141480597e-01
7.35692260492e-01
7.40318968920e-01
7.28909964346e-01
7.27067924154e-01
7.32772756107e-01
7.31722854237e-01
7.39957932826e-01
7.32058284106e-01
7.37840722970e-01
7.31267174134e-01
7.31685484085e-01
7.34031150780e-01
7.37711116773e-01
7.29466641760e-01
7.25734051729e-01
7.34759285853e-01
7.36368973636e-01
7.34186771700e-01
7.30097690970e-01
7.34151565365e-01
7.34177601087e-01
7.35629595903e-01
7.35670426589e-01
7.33207566578e-01
7.29101206131e-01
7.36036415560e-01
7.31448680877e-01
7.27955006462e-01
7.32105045651e-01
7.34838046964e-01
7.29992983690e-01
7.30942803659e-01
7.36522998476e-01
7.35125966191e-01
7.27917259430e-01
7.37809612477e-01
7.39575709820e-01
7.30852011826e-01
7.34401431517e-01
7.35333567477e-01
7.32957946934e-01
7.30763497442e-01
7.27988766194e-01
7.35435361616e-01
7.35657598373e-01
7.28820719866e-01
7.33700495075e-01
7.35958878777e-01
7.27743213331e-01
7.35436454094e-01
7.32026309154e-01
7.31881666913e-01
7.28713554002e-01
7.30454172110e-01
7.31308164245e-01
7.31919665469e-01
7.30388527193e-01
7.34427010401e-01
7.28030167659e-01
7.26240704507e-01
7.32216424941e-01
7.29041660830e-01
7.27458182427e-01
7.29878773665e-01
7.37015579703e-01
7.26585928791e-01
7.28287248239e-01
7.28793200435e-01
7.33410895005e-01
7.30194237194e-01
7.26079036592e-01
7.38033482322e-01
7.35393527043e-01
7.32417507269e-01
7.39823804193e-01
7.31725863306e-01
7.31076741041e-01
7.38779335403e-01
7.33389406366e-01
7.32027227290e-01
7.34184338369e-01
7.30252020561e-01
7.27719920245e-01
7.33164120862e-01
7.34703752233e-01
7.32287816592e-01
7.32605516164e-01
7.27710912132e-01
7.34087098743e-01
7.27787298102e-01
7.27411055182e-01
7.33572039301e-01
7.32259821431e-01
7.33864573720e-01
7.33057840646e-01
7.25607406599e-01
7.34757021789e-01
7.32984927778e-01
7.32015837364e-01
7.35985051878e-01
7.32053683869e-01
7.31947265566e-01
7.38186808812e-01
7.27494681910e-01
7.36149381466e-01
7.33167042054e-01
7.38887879397e-01
7.35000534832e-01
7.28377203452e-01
7.36370417212e-01
7.38757928295e-01
7.31654897455e-01
7.30774537208e-01
7.38032906407e-01
7.27750303098e-01
7.31835866470e-01
7.29347182213e-01
7.27471583073e-01
7.27247263158e-01
7.42803332215e-01
7.27629010023e-01
7.24830653109e-01
7.26630757781e-01
7.33204017219e-01
7.34311795245e-01
7.39388689519e-01
7.33664001136e-01
7.26145321121e-01
7.33507939931e-01
7.33503051247e-01
7.36251080044e-01
7.34918935368e-01
7.32379464008e-01
7.34011913401e-01
7.31909564308e-01
7.32783505658e-01
7.27265925178e-01
7.29240154199e-01
7.35625667151e-01
7.29503910754e-01
7.38525400561e-01
7.27775032091e-01
7.24608206182e-01
7.26059858278e-01
7.29853143413e-01
7.36030812993e-01
7.28352127438e-01
7.29709055258e-01
7.36870906089e-01
7.30681711306e-01
7.28126255883e-01
7.30665458745e-01
7.29657893213e-01
7.31036099879e-01
7.37534099863e-01
7.33071944771e-01
7.32877478761e-01
7.38234300674e-01
7.31857751775e-01
7.25017877746e-01
7.38253905041e-01
7.33452406063e-01
7.32122812456e-01
7.37005852537e-01
7.38753399095e-01
7.33938744543e-01
7.35176744391e-01
7.37441384252e-01
7.37333829392e-01
7.33706859790e-01
7.32797199030e-01
7.28570998017e-01
7.33369619932e-01
7.28239874951e-01
7.32156530531e-01
7.29989122650e-01
7.31313308349e-01
7.36842750347e-01
7.32229151565e-01
7.42271517921e-01
7.25636345630e-01
7.26876466442e-01
7.35879394490e-01
7.32275504510e-01
7.31697308923e-01
7.29778826106e-01
7.26586197289e-01
7.30807683428e-01
7.32716668308e-01
7.28431041444e-01
7.30766500410e-01
7.32054411863e-01
7.33688069633e-01
7.30574887707e-01
7.35638179477e-01
7.35536680230e-01
7.33919562125e-01
7.42085511553e-01
7.36883730445e-01
7.26836777974e-01
7.35407040135e-01
7.35476640818e-01
7.28457905011e-01
7.29094092782e-01
7.33816497565e-01
7.37877287307e-01
7.32418806890e-01
7.30017525175e-01
7.27793831525e-01
7.32213735035e-01
7.28812784504e-01
7.37169689929e-01
7.30527831460e-01
7.30890889457e-01
7.28525771398e-01
7.38636242816e-01
7.32405615769e-01
7.33380997247e-01
7.30949501011e-01
7.31015837597e-01
7.33595999497e-01
7.28815381990e-01
7.31167545306e-01
7.31303906274e-01
7.35836887588e-01
7.39354098543e-01
7.31122748725e-01
7.36729189195e-01
7.32838739412e-01
7.29295030544e-01
7.35956336560e-01
7.25136982052e-01
7.38475865686e-01
7.29910387293e-01
7.30522939630e-01
7.34819222691e-01
7.30586559595e-01
7.34665893546e-01
7.36458177360e-01
7.29220413255e-01
7.33707981057e-01
7.33961868464e-01
7.32048884109e-01
7.35118554129e-01
7.35512492678e-01
7.35674239477e-01
7.35920743502e-01
7.33797062720e-01
7.29836805348e-01
7.37277886608e-01
7.34613534311e-01
7.34455709877e-01
7.26158248357e-01
7.25932101001e-01
7.30978955206e-01
7.33199413313e-01
7.35741124529e-01
7.29210197310e-01
7.36229389740e-01
7.31922502363e-01
7.28739577325e-01
7.28519673707e-01
7.32070053532e-01
7.29243187359e-01
7.36751759129e-01
7.32727815857e-01
7.22790797968e-01
7.25219221092e-01
7.31257113447e-01
7.38298414139e-01
7.27494579317e-01
7.32163573067e-01
7.32651860722e-01