-3.42427855237e+00
-3.42424671140e+00
-3.42244014252e+00
-3.42527439823e+00
-3.42320359952e+00
-3.42433593090e+00
-3.42182303466e+00
-3.42244186758e+00
-3.42348946723e+00
-3.42471623772e+00
-3.42400455062e+00
-3.42369796679e+00
-3.42442472510e+00
-3.42442285804e+00
-3.42293340631e+00
-3.42265778608e+00
-3.42296734390e+00
-3.42432623540e+00
-3.42352938018e+00
-3.42275058827e+00
-3.42569128003e+00
-3.42354744566e+00
-3.42357166046e+00
-3.42292366230e+00
-3.42504750059e+00
-3.42222901038e+00
-3.42344653471e+00
-3.42429218171e+00
-3.42198227079e+00
-3.42398188153e+00
-3.42268741627e+00
-3.42413830730e+00
-3.42293194444e+00
-3.42246912854e+00
-3.42452855077e+00
-3.42325740007e+00
-3.42349029493e+00
-3.42337717125e+00
-3.42198703932e+00
-3.42280146769e+00
-3.42340733108e+00
-3.42236598034e+00
-3.42361795749e+00
-3.42324031303e+00
-3.42301767608e+00
-3.42348456547e+00
-3.42325811003e+00
-3.42462506561e+00
-3.42264490327e+00
-3.42401174608e+00
-3.42298961797e+00
-3.42473934916e+00
-3.42362166622e+00
-3.42287654959e+00
-3.42372536968e+00
-3.42312025503e+00
-3.42238576515e+00
-3.42335115141e+00
-3.42448775627e+00
-3.42459352769e+00
-3.42358675067e+00
-3.42334521916e+00
-3.42251020244e+00
-3.42333321486e+00
-3.42249951805e+00
-3.42253258006e+00
-3.42335248460e+00
-3.42424509439e+00
-3.42448597661e+00
-3.42278546673e+00
-3.42387109043e+00
-3.42286587955e+00
-3.42355042821e+00
-3.42448076469e+00
-3.42444086229e+00
-3.42406064345e+00
-3.42307535123e+00
-3.42195942304e+00
-3.42366785067e+00
-3.42178042860e+00
-3.42365209627e+00
-3.42403611638e+00
-3.42205113617e+00
-3.42284127250e+00
-3.42322982754e+00
-3.42371902470e+00
-3.42343990456e+00
-3.42338477520e+00
-3.42434503491e+00
-3.42366914460e+00
-3.42421579903e+00
-3.42205173988e+00
-3.42311863885e+00
-3.42332955717e+00
-3.42320856364e+00
-3.42227087309e+00
-3.42228844006e+00
-3.42229757749e+00
-3.42413192283e+00
-3.42226685211e+00
-3.42185227943e+00
-3.42444235639e+00
-3.42337746340e+00
-3.42294254168e+00
-3.42094215446e+00
-3.42301623696e+00
-3.42354991922e+00
-3.42330497168e+00
-3.42250090019e+00
-3.42331391998e+00
-3.42355457516e+00
-3.42413830080e+00
-3.42390536800e+00
-3.42343345584e+00
-3.42291293518e+00
-3.42334734505e+00
-3.42365334790e+00
-3.42445334604e+00
-3.42327835835e+00
-3.42334538245e+00
-3.42418361675e+00
-3.42244923019e+00
-3.42440341083e+00
-3.42418576666e+00
-3.42325327438e+00
-3.42306263472e+00
-3.42318502152e+00
-3.42260136728e+00
-3.42312567125e+00
-3.42276994720e+00
-3.42344336788e+00
-3.42351736896e+00
-3.42322655065e+00
-3.42337750138e+00
-3.42296575938e+00
-3.42275209580e+00
-3.42431482186e+00
-3.42267273061e+00
-3.42280430552e+00
-3.42300026946e+00
-3.42313052217e+00
-3.42380602379e+00
-3.42323760615e+00
-3.42320956114e+00
-3.42240861660e+00
-3.42459642902e+00
-3.42318975402e+00
-3.42546630945e+00
-3.42436657228e+00
-3.42344985307e+00
-3.42419795846e+00
-3.42290531032e+00
-3.42396876114e+00
-3.42312725465e+00
-3.42287365126e+00
-3.42281864375e+00
-3.42342355741e+00
-3.42348014392e+00
-3.42346751501e+00
-3.42323797017e+00
-3.42403570118e+00
-3.42349960801e+00
-3.42389545374e+00
-3.42475823657e+00
-3.42349126765e+00
-3.42368147845e+00
-3.42378786455e+00
-3.42287465373e+00
-3.42182708263e+00
-3.42438794719e+00
-3.42252805028e+00
-3.42238254158e+00
-3.42368402875e+00
-3.42263750217e+00
-3.42273512041e+00
-3.42321924849e+00
-3.42345136634e+00
-3.42363364430e+00
-3.42408979042e+00
-3.42357012554e+00
-3.42416506124e+00
-3.42349745730e+00
-3.42396820617e+00
-3.42368545933e+00
-3.42367899560e+00
-3.42313599140e+00
-3.42246987278e+00
-3.42345499972e+00
-3.42270841965e+00
-3.42357862476e+00
-3.42306736701e+00
-3.42237475758e+00
-3.42304872440e+00
-3.42233382033e+00
-3.42306946369e+00
-3.42217221479e+00
-3.42367881878e+00
-3.42423069561e+00
-3.42362625851e+00
-3.42369856696e+00
-3.42461666530e+00
-3.42252820533e+00
-3.42415883375e+00
-3.42414516466e+00
-3.42498686303e+00
-3.42214030671e+00
-3.42264311832e+00
-3.42278855860e+00
-3.42341310167e+00
-3.42272314101e+00
-3.42467377210e+00
-3.42281966901e+00
-3.42310336218e+00
-3.42369086954e+00
-3.42386963029e+00
-3.42359995189e+00
-3.42274515645e+00
-3.42358764673e+00
-3.42422708879e+00
-3.42349423122e+00
-3.42263643966e+00
-3.42301319240e+00
-3.42393997552e+00
-3.42319203680e+00
-3.42272344385e+00
-3.42367345674e+00
-3.42356769792e+00
-3.42340077149e+00
-3.42422665517e+00
-3.42367725200e+00
-3.42252300038e+00
-3.42344966006e+00
-3.42245308993e+00
-3.42476143922e+00
-3.42334794765e+00
-3.42293961471e+00
-3.42378241941e+00
-3.42443998360e+00
-3.42475109754e+00
-3.42365390474e+00
-3.42431541515e+00
-3.42337719896e+00
-3.42398478220e+00
-3.42361921382e+00
-3.42318455131e+00
-3.42428983383e+00
-3.42189667795e+00
-3.42251615075e+00
-3.42357513485e+00
-3.42419698370e+00
-3.42322853983e+00
-3.42312166104e+00
-3.42463421554e+00
-3.42375257518e+00
-3.42305801977e+00
-3.42321125898e+00
-3.42438473637e+00
-3.42353756122e+00
-3.42351783140e+00
-3.42389065764e+00
-3.42363618406e+00
-3.42306891561e+00
-3.42406029207e+00
-3.42452242470e+00
-3.42161502605e+00
-3.42231980393e+00
-3.42238775579e+00
-3.42320550895e+00
-3.42296307602e+00
-3.42344095580e+00
-3.42200705723e+00
-3.42285612206e+00
-3.42374873297e+00
-3.42217185768e+00
-3.42170977410e+00
-3.42189575669e+00
-3.42368734141e+00
-3.42298173940e+00
-3.42427481660e+00
-3.42459648117e+00
-3.42324191143e+00
-3.42353903445e+00
-3.42433706038e+00
-3.42312429873e+00
-3.42343709251e+00
-3.42430464380e+00
-3.42330759175e+00
-3.42329811869e+00
-3.42423730373e+00
-3.42266699599e+00
-3.42250038384e+00
-3.42421700986e+00
-3.42372753846e+00
-3.42219576550e+00
-3.42413069688e+00
-3.42245004660e+00
-3.42286351170e+00
-3.42291779548e+00
-3.42311929370e+00
-3.42381670902e+00
-3.42349963977e+00
-3.42259288393e+00
-3.42162030394e+00
-3.42306811451e+00
-3.42199411576e+00
-3.42332614956e+00
-3.42400055000e+00
-3.42312897722e+00
-3.42386065429e+00
-3.42343266846e+00
-3.42249664187e+00
-3.42419510465e+00
-3.42240747729e+00
-3.42253009771e+00
-3.42312980016e+00
-3.42407844016e+00
-3.42391231599e+00
-3.42396551522e+00
-3.42301295934e+00
-3.42279441098e+00
-3.42367462359e+00
-3.42287180841e+00
-3.42296097739e+00
-3.42365068663e+00
-3.42506127062e+00
-3.42282584325e+00
-3.42282030220e+00
-3.42323315976e+00
-3.42324342706e+00
-3.42278785733e+00
-3.42323894395e+00
-3.42460589770e+00
-3.42273348883e+00
-3.42259711490e+00
-3.42269184734e+00
-3.42192384427e+00
-3.42338790591e+00
-3.42246935255e+00
-3.42170583883e+00
-3.42316300599e+00
-3.42433539017e+00
-3.42231080774e+00
-3.42359517514e+00
-3.42282898291e+00
-3.42400254905e+00
-3.42268110905e+00
-3.42565245935e+00
-3.42357036241e+00
-3.42232161639e+00
-3.42334379891e+00
-3.42514170535e+00
-3.42366291187e+00
-3.42201124736e+00
-3.42391240186e+00
-3.42212156325e+00
-3.42279042286e+00
-3.42410765974e+00
-3.42276357271e+00
-3.42479656840e+00
-3.42289159900e+00
-3.42227840644e+00
-3.42379855651e+00
-3.42364462996e+00
-3.42274730896e+00
-3.42431976374e+00
-3.42205237247e+00
-3.42183977958e+00
-3.42325473207e+00
-3.42192573290e+00
-3.42335508567e+00
-3.42357060764e+00
-3.42530757627e+00
-3.42350319004e+00
-3.42379866334e+00
-3.42426743368e+00
-3.42301612962e+00
-3.42345191910e+00
-3.42393354002e+00
-3.42310492871e+00
-3.42379238025e+00
-3.42498001564e+00
-3.42148029036e+00
-3.42287330327e+00
-3.42402165161e+00
-3.42202534722e+00
-3.42286833738e+00
-3.42276871795e+00
-3.42227342690e+00
-3.42493143864e+00
-3.42530550364e+00
-3.42241850711e+00
-3.42323470020e+00
-3.42364916352e+00
-3.42447645850e+00
-3.42413389999e+00
-3.42310824486e+00
-3.42283310444e+00
-3.42239434453e+00
-3.42266807899e+00
-3.42321542568e+00
-3.42427871012e+00
-3.42352605264e+00
-3.42313938990e+00
-3.42252063335e+00
-3.42291694563e+00
-3.42385894010e+00
-3.42377750533e+00
-3.42226299583e+00
-3.42405154724e+00
-3.42392980028e+00
-3.42346114232e+00
-3.42232789187e+00
-3.42375436155e+00
-3.42212465355e+00
-3.42244775975e+00
-3.42387353552e+00
-3.42182748612e+00
-3.42232525561e+00
-3.42445375470e+00
-3.42419126023e+00
-3.42282357451e+00
-3.42266983609e+00
-3.42313948049e+00
-3.42277154377e+00
-3.42199879832e+00
-3.42297355726e+00
-3.42307384825e+00
-3.42313639749e+00
-3.42402945269e+00
-3.42433598313e+00
-3.42337773540e+00
-3.42338969125e+00
-3.42312566071e+00
-3.42272934014e+00
-3.42236542195e+00
-3.42397734253e+00
-3.42301359312e+00
-3.42359520985e+00
-3.42387772525e+00
-3.42300292257e+00
-3.42389951387e+00
-3.42347721452e+00
-3.42392029683e+00
-3.42272696202e+00
-3.42277527070e+00
-3.42412850308e+00
-3.42449633658e+00
-3.42303200186e+00
-3.42430377846e+00
-3.42317533936e+00
-3.42317869299e+00
-3.42355255741e+00
-3.42417026159e+00
-3.42270047878e+00
-3.42211264759e+00
-3.42378252204e+00
-3.42406524454e+00
-3.42358759036e+00
-3.42422253578e+00
-3.42120355644e+00
-3.42310078121e+00
-3.42412105150e+00
-3.42344250534e+00
-3.42234427665e+00
-3.42336217360e+00
-3.42310548447e+00
-3.42519537094e+00
-3.42364382508e+00
-3.42450334569e+00
-3.42258869498e+00
-3.42327873776e+00
-3.42359422425e+00
-3.42269327128e+00
-3.42505843442e+00
-3.42374123997e+00
-3.42369397749e+00
-3.42230774844e+00
-3.42375364143e+00
-3.42383976585e+00
-3.42453266709e+00
-3.42427677077e+00
-3.42326608567e+00
-3.42404601979e+00
-3.42313290789e+00
-3.42309399275e+00
-3.42252778228e+00
-3.42423887476e+00
-3.42346579923e+00
-3.42436266438e+00
-3.42399927086e+00
-3.42412435172e+00
-3.42279863430e+00
-3.42448391478e+00
-3.42379697486e+00
-3.42589720673e+00
-3.42292685861e+00
-3.42333253187e+00
-3.42448144479e+00
-3.42266370347e+00
-3.42346404876e+00
-3.42332712519e+00