-3.71472786172e+00
-3.71411193590e+00
-3.72233199535e+00
-3.72700588567e+00
-3.72138087538e+00
-3.71907243609e+00
-3.71322029031e+00
-3.71839571811e+00
-3.71186944304e+00
-3.72483669313e+00
-3.71572920882e+00
-3.72466755514e+00
-3.71642055681e+00
-3.71399985248e+00
-3.71103671555e+00
-3.71351577219e+00
-3.72443692984e+00
-3.71180313000e+00
-3.71964703781e+00
-3.71332156062e+00
-3.70965494310e+00
-3.71523884878e+00
-3.71137533376e+00
-3.72060606185e+00
-3.71425037775e+00
-3.72146369894e+00
-3.71299476502e+00
-3.71956004329e+00
-3.71939841581e+00
-3.71433981097e+00
-3.71335942418e+00
-3.71360986016e+00
-3.71031341389e+00
-3.71482757575e+00
-3.72520539687e+00
-3.71708767773e+00
-3.72478933481e+00
-3.71526233488e+00
-3.71693792614e+00
-3.72327561446e+00
-3.71576995966e+00
-3.71907616875e+00
-3.71412837462e+00
-3.71912515601e+00
-3.72480122613e+00
-3.72176922252e+00
-3.71904077839e+00
-3.70894447822e+00
-3.71952357813e+00
-3.71948656757e+00
-3.72298883374e+00
-3.71622727728e+00
-3.72186155265e+00
-3.71664148030e+00
-3.71248300631e+00
-3.71669398203e+00
-3.71642998801e+00
-3.71259995713e+00
-3.71472690158e+00
-3.71364990034e+00
-3.72264339054e+00
-3.71735633850e+00
-3.72246430331e+00
-3.72497836095e+00
-3.71506832948e+00
-3.71374013957e+00
-3.72169266300e+00
-3.71828000166e+00
-3.71379594668e+00
-3.72660029237e+00
-3.71509487189e+00
-3.71137444188e+00
-3.71799458970e+00
-3.71925769331e+00
-3.71573588605e+00
-3.71303587162e+00
-3.71654306583e+00
-3.72772043223e+00
-3.71677231326e+00
-3.71771523705e+00
-3.71998908820e+00
-3.72671668442e+00
-3.71305827899e+00
-3.72032450899e+00
-3.71750630409e+00
-3.72001216702e+00
-3.72525747766e+00
-3.72266527381e+00
-3.72667013442e+00
-3.71430810657e+00
-3.71766051771e+00
-3.71773405510e+00
-3.71736130396e+00
-3.71693927693e+00
-3.72042865304e+00
-3.71913597119e+00
-3.72315798506e+00
-3.72089923111e+00
-3.71728558685e+00
-3.71004026737e+00
-3.70910280611e+00
-3.71033745437e+00
-3.71842730568e+00
-3.72473655868e+00
-3.71994235606e+00
-3.72183821884e+00
-3.71764529497e+00
-3.71459017544e+00
-3.71836780663e+00
-3.71723239733e+00
-3.71153633627e+00
-3.72527428973e+00
-3.72634824055e+00
-3.71244665896e+00
-3.71483687236e+00
-3.71502321445e+00
-3.72283994906e+00
-3.71480895067e+00
-3.71393077117e+00
-3.72101645697e+00
-3.71172262872e+00
-3.71361820072e+00
-3.72469146624e+00
-3.71887331592e+00
-3.72252352691e+00
-3.71660934255e+00
-3.71258734915e+00
-3.71767551878e+00
-3.72045005785e+00
-3.72285336412e+00
-3.71612700498e+00
-3.71769808844e+00
-3.71454394986e+00
-3.71968107761e+00
-3.71929570819e+00
-3.71959734016e+00
-3.72014556948e+00
-3.72219737542e+00
-3.71086378265e+00
-3.71137650657e+00
-3.71444854629e+00
-3.71203116897e+00
-3.71573146755e+00
-3.72382868078e+00
-3.71430728123e+00
-3.71239427207e+00
-3.72248858746e+00
-3.70864913434e+00
-3.71677997053e+00
-3.71481068723e+00
-3.71394981898e+00
-3.70934183308e+00
-3.71755361419e+00
-3.71353044658e+00
-3.71779895991e+00
-3.71895669090e+00
-3.71735404533e+00
-3.71524371379e+00
-3.71430495842e+00
-3.71770911314e+00
-3.71604443367e+00
-3.71828992152e+00
-3.71175201102e+00
-3.70878217956e+00
-3.70864002480e+00
-3.72294883173e+00
-3.71079714893e+00
-3.71531540050e+00
-3.71663401607e+00
-3.72196773833e+00
-3.72088297151e+00
-3.71636215037e+00
-3.71672619496e+00
-3.72083734100e+00
-3.71824948611e+00
-3.71526001080e+00
-3.71495890116e+00
-3.71542691408e+00
-3.71996928669e+00
-3.71856288619e+00
-3.71645337495e+00
-3.71799451268e+00
-3.71160580913e+00
-3.71328939680e+00
-3.71541786288e+00
-3.71513298802e+00
-3.71860679679e+00
-3.71529863498e+00
-3.72093580716e+00
-3.72304736552e+00
-3.72315148187e+00
-3.71224329899e+00
-3.71576641036e+00
-3.71857876393e+00
-3.72065654935e+00
-3.71218101094e+00
-3.71571319981e+00
-3.72547808605e+00
-3.71718606170e+00
-3.71227083918e+00
-3.71763485796e+00
-3.71803985054e+00
-3.72679259438e+00
-3.70956914503e+00
-3.71797526963e+00
-3.72022441814e+00
-3.70993783788e+00
-3.71779780033e+00
-3.70654822864e+00
-3.71859098558e+00
-3.71967794878e+00
-3.71619520890e+00
-3.71789935030e+00
-3.72120011381e+00
-3.72460627296e+00
-3.71675858870e+00
-3.72047555336e+00
-3.70957916105e+00
-3.71868158358e+00
-3.71388837079e+00
-3.71426131859e+00
-3.71851628776e+00
-3.71904160837e+00
-3.71669632676e+00
-3.71869577455e+00
-3.71772993616e+00
-3.72122929402e+00
-3.71243769375e+00
-3.71317637781e+00
-3.71769151120e+00
-3.71785418547e+00
-3.71707627315e+00
-3.72079213994e+00
-3.71705263726e+00
-3.71460699956e+00
-3.72299806764e+00
-3.70628353839e+00
-3.71513142791e+00
-3.71816931529e+00
-3.72622720082e+00
-3.71619965773e+00
-3.72548207265e+00
-3.72583877780e+00
-3.71103505587e+00
-3.72262280874e+00
-3.71622484872e+00
-3.71474015127e+00
-3.71594802434e+00
-3.72195838059e+00
-3.72007991258e+00
-3.72046133693e+00
-3.71344533825e+00
-3.71949374989e+00
-3.71252888141e+00
-3.71588335025e+00
-3.72064471402e+00
-3.71374021222e+00
-3.72056996912e+00
-3.72016793717e+00
-3.72030598252e+00
-3.71857600955e+00
-3.71432355676e+00
-3.72206049720e+00
-3.71969755786e+00
-3.71704677329e+00
-3.71891320677e+00
-3.71579818906e+00
-3.72470436814e+00
-3.71039010366e+00
-3.71455968850e+00
-3.71774186220e+00
-3.71526486689e+00
-3.72628821173e+00
-3.72243623155e+00
-3.71961796768e+00
-3.72442431090e+00
-3.72015677514e+00
-3.71410539030e+00
-3.71985060286e+00
-3.71051128607e+00
-3.72246417669e+00
-3.71347241361e+00
-3.71286774618e+00
-3.71501878612e+00
-3.71661810692e+00
-3.72143202080e+00
-3.71972492441e+00
-3.71853365368e+00
-3.72106514671e+00
-3.71518219801e+00
-3.72089164508e+00
-3.72302106419e+00
-3.71372288414e+00
-3.72115532757e+00
-3.71392278220e+00
-3.72290616494e+00
-3.71438680413e+00
-3.72054749162e+00
-3.72534976646e+00
-3.72246560075e+00
-3.71618265258e+00
-3.72295633138e+00
-3.71456053726e+00
-3.72047634368e+00
-3.71803535949e+00
-3.71815352376e+00
-3.71895774624e+00
-3.71430759304e+00
-3.72235057575e+00
-3.71698275557e+00
-3.72344959479e+00
-3.71607717437e+00
-3.71685058272e+00
-3.72341708513e+00
-3.71221030273e+00
-3.71738249925e+00
-3.72316088690e+00
-3.71395757198e+00
-3.71694597600e+00
-3.71424434743e+00
-3.71992493664e+00
-3.71662045264e+00
-3.72231950800e+00
-3.71568413279e+00
-3.71468395335e+00
-3.72223884036e+00
-3.71786993128e+00
-3.71778791573e+00
-3.71537961675e+00
-3.71541763968e+00
-3.71587624184e+00
-3.71813239321e+00
-3.71842560121e+00
-3.72399335192e+00
-3.72826822976e+00
-3.71651962256e+00
-3.71666654927e+00
-3.71780858675e+00
-3.71430237866e+00
-3.72188013999e+00
-3.70799172879e+00
-3.71727120261e+00
-3.71938409071e+00
-3.71258222808e+00
-3.71692738224e+00
-3.72322186473e+00
-3.72302486680e+00
-3.71745354855e+00
-3.71413263906e+00
-3.72807771656e+00
-3.71563091411e+00
-3.71827342145e+00
-3.71776855036e+00
-3.72185457686e+00
-3.71923768995e+00
-3.71812286248e+00
-3.71656248221e+00
-3.72035803594e+00
-3.71645448590e+00
-3.72313007018e+00
-3.71833173398e+00
-3.71245446308e+00
-3.71766004292e+00
-3.71150781682e+00
-3.71663371592e+00
-3.71665863798e+00
-3.71580313726e+00
-3.72235614319e+00
-3.71856254959e+00
-3.71162669021e+00
-3.72313310449e+00
-3.72499639589e+00
-3.72025258137e+00
-3.71380603840e+00
-3.72326209175e+00
-3.71704439633e+00
-3.71536700242e+00
-3.71598179733e+00
-3.72279175259e+00
-3.71885761302e+00
-3.71843825847e+00
-3.71288018290e+00
-3.71570942180e+00
-3.71825836319e+00
-3.71837639430e+00
-3.71395318149e+00
-3.71546367859e+00
-3.71622580576e+00
-3.72034771844e+00
-3.72521966572e+00
-3.71698067278e+00
-3.71803260314e+00
-3.72080199484e+00
-3.72000068323e+00
-3.71119702694e+00
-3.71484137149e+00
-3.71705656026e+00
-3.71681283175e+00
-3.71669135826e+00
-3.71879941671e+00
-3.71146304356e+00
-3.71863886248e+00
-3.72243815300e+00
-3.71692564235e+00
-3.72343825890e+00
-3.71011972439e+00
-3.72103665130e+00
-3.71594124303e+00
-3.72496270662e+00
-3.71971538112e+00
-3.71413706346e+00
-3.71576335348e+00
-3.71512312853e+00
-3.72002239461e+00
-3.72083468805e+00
-3.72184409783e+00
-3.72039393024e+00
-3.71578928951e+00
-3.71589737836e+00
-3.72595092394e+00
-3.71150806019e+00
-3.71978386747e+00
-3.71948175323e+00
-3.71388900318e+00
-3.72031638621e+00
-3.72244524197e+00
-3.71178628612e+00
-3.72012088909e+00
-3.71650552049e+00
-3.71915388358e+00
-3.71942135950e+00
-3.71994910080e+00
-3.71649947935e+00
-3.71551302859e+00
-3.71805081622e+00
-3.72166010164e+00
-3.71141690634e+00
-3.71585456299e+00
-3.70849917703e+00
-3.71996931859e+00
-3.71774025880e+00
-3.72132153718e+00
-3.71774295329e+00
-3.70692143786e+00
-3.72315660649e+00
-3.71794621240e+00
-3.71863540662e+00
-3.71675659839e+00
-3.71612327001e+00
-3.72210500113e+00
-3.72091538209e+00
-3.71801881826e+00
-3.71806259563e+00
-3.71770622876e+00
-3.72214052915e+00
-3.71756277882e+00
-3.71652813964e+00
-3.71992113098e+00
-3.72234767108e+00
-3.72236426745e+00
-3.70795845005e+00
-3.72034743452e+00
-3.71677220640e+00
-3.71204459430e+00
-3.72137279190e+00
-3.72482607149e+00
-3.72179969091e+00
-3.73028810266e+00
-3.72046357550e+00
-3.71792738095e+00
-3.71930284886e+00
-3.71516929736e+00
-3.71886103540e+00
-3.71310301582e+00
-3.71128741377e+00
-3.72095404067e+00
-3.72297463961e+00
-3.71976552558e+00
-3.72545114107e+00
-3.71395271277e+00
-3.71864503216e+00
-3.71887297701e+00
-3.72151404182e+00
-3.71596457505e+00
-3.71325425019e+00
-3.71685748040e+00
-3.71327949078e+00
-3.71192844874e+00
-3.71627777374e+00
-3.72180677749e+00
-3.72807233889e+00
-3.71596944818e+00
-3.71948830397e+00
-3.71430309196e+00
-3.71961947480e+00
-3.71627382340e+00
-3.71812398673e+00
-3.72070370557e+00
-3.72102766536e+00
-3.71399395360e+00
-3.71779531767e+00