-3.38916818071e+00
-3.38687416225e+00
-3.38703862715e+00
-3.38953175720e+00
-3.38737307378e+00
-3.38771162667e+00
-3.38748015899e+00
-3.38854690299e+00
-3.38828559101e+00
-3.38735163173e+00
-3.38920257710e+00
-3.38982239322e+00
-3.39010619938e+00
-3.38883466043e+00
-3.38772557486e+00
-3.38727425155e+00
-3.38643542577e+00
-3.38736311584e+00
-3.38950558278e+00
-3.38989405898e+00
-3.38814571562e+00
-3.38780418996e+00
-3.38912599985e+00
-3.38712156534e+00
-3.38852238617e+00
-3.38622904047e+00
-3.38841454059e+00
-3.38896178786e+00
-3.38697197530e+00
-3.38852168353e+00
-3.38986168084e+00
-3.38839655056e+00
-3.38861816895e+00
-3.38641743058e+00
-3.38832232031e+00
-3.38712232551e+00
-3.38903987290e+00
-3.38670507643e+00
-3.38721449527e+00
-3.38741027593e+00
-3.38725065619e+00
-3.38680537409e+00
-3.38856692329e+00
-3.38865929462e+00
-3.38781963753e+00
-3.38854231186e+00
-3.38839089416e+00
-3.38791259716e+00
-3.38853269558e+00
-3.38753489615e+00
-3.38772820838e+00
-3.39113236664e+00
-3.38576433841e+00
-3.38911294995e+00
-3.38826505103e+00
-3.38775896970e+00
-3.38956662461e+00
-3.38937295833e+00
-3.38954527157e+00
-3.38806532947e+00
-3.38725603734e+00
-3.38873833683e+00
-3.38869150201e+00
-3.38809804920e+00
-3.38913707681e+00
-3.38719160942e+00
-3.38726805404e+00
-3.39037569453e+00
-3.38874800796e+00
-3.38948885803e+00
-3.38819302179e+00
-3.38883352201e+00
-3.38816728299e+00
-3.38801319710e+00
-3.38769215411e+00
-3.38906138308e+00
-3.38814919022e+00
-3.39013040453e+00
-3.38896801695e+00
-3.38654112715e+00
-3.38770838569e+00
-3.38857505837e+00
-3.38576895852e+00
-3.38821649476e+00
-3.38858858854e+00
-3.38943548489e+00
-3.38945164576e+00
-3.38944884371e+00
-3.38862779458e+00
-3.38981923061e+00
-3.38690865551e+00
-3.38790519305e+00
-3.38782980113e+00
-3.38920669350e+00
-3.38830354832e+00
-3.38758516153e+00
-3.38835647090e+00
-3.38964984616e+00
-3.38877955847e+00
-3.38872534791e+00
-3.38892398524e+00
-3.38831987152e+00
-3.38847077409e+00
-3.38814307793e+00
-3.38895139810e+00
-3.38862173882e+00
-3.39049334216e+00
-3.38641166470e+00
-3.38972716084e+00
-3.38602914164e+00
-3.38710756587e+00
-3.38754045493e+00
-3.38861854949e+00
-3.38871734198e+00
-3.38795828481e+00
-3.39046638428e+00
-3.38705329064e+00
-3.38944528834e+00
-3.38855834063e+00
-3.38805179307e+00
-3.38695094428e+00
-3.38684688216e+00
-3.38677074121e+00
-3.39052748891e+00
-3.38646320190e+00
-3.39047458429e+00
-3.38748399220e+00
-3.38984307085e+00
-3.38868051814e+00
-3.38847189777e+00
-3.38621200958e+00
-3.39132492709e+00
-3.38865672866e+00
-3.38792653397e+00
-3.38941969829e+00
-3.38975062793e+00
-3.38863491319e+00
-3.38736422380e+00
-3.38744786657e+00
-3.38686445902e+00
-3.38805715984e+00
-3.38784476507e+00
-3.38756066073e+00
-3.38744621333e+00
-3.38825890904e+00
-3.38698960603e+00
-3.38802439679e+00
-3.38688350702e+00
-3.38870843258e+00
-3.38923428754e+00
-3.38847741955e+00
-3.38764406431e+00
-3.38863821557e+00
-3.38925185536e+00
-3.38851647700e+00
-3.38827962068e+00
-3.38418439723e+00
-3.38887352848e+00
-3.38979158974e+00
-3.38757076064e+00
-3.38847531266e+00
-3.38842723213e+00
-3.38769407649e+00
-3.38661565820e+00
-3.38798374241e+00
-3.39000935623e+00
-3.38992655606e+00
-3.38952941567e+00
-3.38793444467e+00
-3.38720715922e+00
-3.39013236544e+00
-3.38859781800e+00
-3.38766488747e+00
-3.38904604272e+00
-3.38865322624e+00
-3.39116873131e+00
-3.38858850961e+00
-3.38800591243e+00
-3.38675549123e+00
-3.38834820761e+00
-3.38821921201e+00
-3.38849720968e+00
-3.38819734032e+00
-3.38819827978e+00
-3.38627673086e+00
-3.38847868776e+00
-3.38921383068e+00
-3.38568636311e+00
-3.38810484360e+00
-3.38951549869e+00
-3.38943207820e+00
-3.38939317392e+00
-3.38783780051e+00
-3.38774119492e+00
-3.38727730761e+00
-3.38838270270e+00
-3.38918696069e+00
-3.38799778318e+00
-3.38702778996e+00
-3.38836961591e+00
-3.38930391207e+00
-3.38722837676e+00
-3.38886223621e+00
-3.38681761410e+00
-3.38662185600e+00
-3.38751662386e+00
-3.38820001819e+00
-3.38647479301e+00
-3.38654729226e+00
-3.39046580649e+00
-3.38908055744e+00
-3.38838828886e+00
-3.38803833089e+00
-3.38773517946e+00
-3.38784562990e+00
-3.38682756959e+00
-3.38642893262e+00
-3.38845726367e+00
-3.38671620302e+00
-3.38846642475e+00
-3.38768581375e+00
-3.38966454581e+00
-3.38594105032e+00
-3.38838346249e+00
-3.38910731422e+00
-3.38856311267e+00
-3.38658057052e+00
-3.38763918155e+00
-3.38729687199e+00
-3.38522818972e+00
-3.38645307974e+00
-3.38980766495e+00
-3.38981554605e+00
-3.38615231547e+00
-3.38713595829e+00
-3.39303654856e+00
-3.38863014156e+00
-3.38854540655e+00
-3.38692714265e+00
-3.38762646794e+00
-3.38911966538e+00
-3.38629151891e+00
-3.38853870659e+00
-3.38879347829e+00
-3.38773088056e+00
-3.39059313809e+00
-3.38879954017e+00
-3.38749450349e+00
-3.38839114827e+00
-3.38848757006e+00
-3.38729037826e+00
-3.38858662854e+00
-3.38958593042e+00
-3.38643846620e+00
-3.39038559868e+00
-3.39006446910e+00
-3.38747941292e+00
-3.38996919747e+00
-3.38843805226e+00
-3.38623558341e+00
-3.39017583081e+00
-3.38949128451e+00
-3.38619185536e+00
-3.38746229908e+00
-3.38884610538e+00
-3.38886283390e+00
-3.38675315057e+00
-3.38795507368e+00
-3.38906961488e+00
-3.38900706285e+00
-3.38789443867e+00
-3.38744781018e+00
-3.38768851361e+00
-3.38830759870e+00
-3.38858003657e+00
-3.38690064988e+00
-3.38754434404e+00
-3.38808141217e+00
-3.38821742096e+00
-3.38615821155e+00
-3.38911124606e+00
-3.38996943368e+00
-3.38596488431e+00
-3.38824074033e+00
-3.38845085360e+00
-3.38597703603e+00
-3.38802167325e+00
-3.38901648127e+00
-3.38872611835e+00
-3.38541254565e+00
-3.38796625188e+00
-3.38768397296e+00
-3.38814232282e+00
-3.38773352877e+00
-3.38922193220e+00
-3.38934354669e+00
-3.38794522645e+00
-3.38958459646e+00
-3.38804248784e+00
-3.38633249174e+00
-3.38858982344e+00
-3.38759684583e+00
-3.38948411966e+00
-3.38932611236e+00
-3.39078354309e+00
-3.38822438071e+00
-3.39098473360e+00
-3.38639519405e+00
-3.38724590670e+00
-3.38816253877e+00
-3.38735811321e+00
-3.38689287587e+00
-3.38840030923e+00
-3.38816614799e+00
-3.38670070349e+00
-3.39090256475e+00
-3.38820639724e+00
-3.38856584673e+00
-3.38833247322e+00
-3.38835497878e+00
-3.38900835545e+00
-3.38853471759e+00
-3.38771685890e+00
-3.38658301066e+00
-3.38941886775e+00
-3.38826352761e+00
-3.38916523948e+00
-3.38639385567e+00
-3.38680749917e+00
-3.38794729365e+00
-3.38999279560e+00
-3.38940884317e+00
-3.38759832732e+00
-3.38624491661e+00
-3.38834421040e+00
-3.38489662761e+00
-3.38649274794e+00
-3.38756464527e+00
-3.38681944608e+00
-3.38793212875e+00
-3.38793226357e+00
-3.38965629126e+00
-3.38771650236e+00
-3.38852134716e+00
-3.38408431221e+00
-3.38590558631e+00
-3.38836732544e+00
-3.38797272536e+00
-3.38897519908e+00
-3.38656711449e+00
-3.38914734785e+00
-3.38851532186e+00
-3.38850092771e+00
-3.39014686361e+00
-3.38989487689e+00
-3.38776087788e+00
-3.38625406054e+00
-3.38802471155e+00
-3.38715060510e+00
-3.38795328003e+00
-3.38931424707e+00
-3.38945379230e+00
-3.38764476298e+00
-3.38888071933e+00
-3.38887219358e+00
-3.38688148282e+00
-3.38707862664e+00
-3.38792555953e+00
-3.38975886065e+00
-3.38693117040e+00
-3.38871608790e+00
-3.38824260003e+00
-3.38978001092e+00
-3.38776917861e+00
-3.38818230911e+00
-3.38785664353e+00
-3.38848574117e+00
-3.38938211482e+00
-3.38986961338e+00
-3.38699519640e+00
-3.38730846783e+00
-3.38952816470e+00
-3.38946869486e+00
-3.38798347955e+00
-3.38600062645e+00
-3.38881295230e+00
-3.38788869032e+00
-3.38873294845e+00
-3.38831973690e+00
-3.39007435969e+00
-3.38958225150e+00
-3.38849383812e+00
-3.38751669266e+00
-3.38814428609e+00
-3.38820518590e+00
-3.38607728155e+00
-3.38829151599e+00
-3.38781780066e+00
-3.38826728412e+00
-3.38832842785e+00
-3.38728196204e+00
-3.38725528238e+00
-3.38854857384e+00
-3.38698020736e+00
-3.38715169982e+00
-3.38895281368e+00
-3.38789728374e+00
-3.38931262878e+00
-3.38896934327e+00
-3.38723348502e+00
-3.38779252431e+00
-3.38681221670e+00
-3.39051140684e+00
-3.38752194665e+00
-3.38768637170e+00
-3.38723305421e+00
-3.38864392174e+00
-3.39082522455e+00
-3.38913311651e+00
-3.38931343213e+00
-3.38813689081e+00
-3.38943768056e+00
-3.38656079899e+00
-3.38998768477e+00
-3.38840060158e+00
-3.38740061416e+00
-3.39051485488e+00
-3.38788229588e+00
-3.38892739547e+00
-3.38920503085e+00
-3.38927482511e+00
-3.38693735040e+00
-3.38906334254e+00
-3.39034505346e+00
-3.38725910706e+00
-3.38827449565e+00
-3.38939595681e+00
-3.38806659048e+00
-3.38715007419e+00
-3.39009487111e+00
-3.38870217338e+00
-3.38957612982e+00
-3.38926453751e+00
-3.38771812042e+00
-3.38999060707e+00
-3.38829978244e+00
-3.38778842106e+00
-3.38832157859e+00
-3.38972776352e+00
-3.38931205647e+00
-3.39047476906e+00
-3.38899002157e+00
-3.38693863895e+00
-3.38679675433e+00
-3.38770772701e+00
-3.38981359357e+00
-3.38865066380e+00
-3.38643564605e+00
-3.38772851023e+00
-3.38737765942e+00
-3.39122914346e+00
-3.38693700146e+00
-3.38926919771e+00
-3.38844821726e+00
-3.38756532903e+00
-3.38736361565e+00
-3.38931667070e+00
-3.38769862421e+00
-3.38880039433e+00
-3.38870103706e+00
-3.38779489422e+00
-3.38923265275e+00
-3.38830622462e+00
-3.38726696088e+00
-3.38832152671e+00
-3.38711683876e+00
-3.38709713180e+00
-3.38819924594e+00
-3.38750706321e+00
-3.38889770461e+00
-3.38683121918e+00
-3.38517221235e+00
-3.38907334341e+00
-3.38568265783e+00
-3.38772455776e+00
-3.38939100452e+00
-3.38861376786e+00
-3.38704889402e+00
-3.38936774489e+00
-3.39104452144e+00
-3.38837204633e+00
-3.38658720326e+00
-3.38895537225e+00
-3.38668375339e+00
-3.38920618685e+00
-3.38929738341e+00
-3.38903684014e+00
-3.38943104012e+00
-3.38625405331e+00
-3.38787959363e+00
-3.38832313901e+00