7.75683095838e-01
7.81701519786e-01
7.62062645259e-01
7.60185759341e-01
7.85294891940e-01
7.76147828274e-01
7.60519508088e-01
7.49899848447e-01
7.73140847327e-01
7.60448297245e-01
7.15549825284e-01
7.01012842563e-01
7.81623893969e-01
7.51836942757e-01
7.18395509156e-01
7.43535333018e-01
7.06113665792e-01
7.72473273010e-01
7.87955995786e-01
8.12022441042e-01
7.58409007332e-01
7.97108357596e-01
7.43746143287e-01
7.70885102379e-01
7.41815268826e-01
6.63211332344e-01
7.36820993026e-01
7.11950576092e-01
7.42353785957e-01
6.97764633580e-01
7.29196538192e-01
7.72519183026e-01
7.05175304918e-01
7.55886438365e-01
7.01388584213e-01
7.43287807564e-01
7.23005834579e-01
7.62298649573e-01
7.11597170192e-01
7.47477047804e-01
7.04189224055e-01
7.75901212806e-01
7.74157499179e-01
6.67469184548e-01
7.53237172721e-01
7.67105056053e-01
7.44719763466e-01
8.01032400404e-01
8.10217838255e-01
6.89092414985e-01
7.22312752797e-01
7.44337203569e-01
7.44846443636e-01
7.18798470964e-01
7.36414981854e-01
6.99626395404e-01
7.25341059645e-01
7.84068921352e-01
7.17053930816e-01
7.59767563236e-01
7.86279979498e-01
7.47594108281e-01
7.20235573014e-01
7.29810535312e-01
7.59379452632e-01
8.23245593744e-01
6.35536485206e-01
7.56996745001e-01
7.73320532118e-01
7.66317852160e-01
7.36325708330e-01
7.58620983757e-01
7.56011311423e-01
7.59556860670e-01
7.50133270913e-01
7.37541862753e-01
7.18862845850e-01
7.62068799564e-01
7.47909140316e-01
7.68413067236e-01
7.18878009736e-01
6.88310556548e-01
7.44364658738e-01
7.08379545791e-01
7.94807065185e-01
6.67407853052e-01
7.79665615900e-01
7.28376481202e-01
6.79110825832e-01
6.84283695748e-01
7.83557322960e-01
7.02120893394e-01
7.31756118815e-01
7.39895679304e-01
6.81569632550e-01
7.82817185470e-01
7.45807407104e-01
6.98066590533e-01
7.20697464860e-01
7.05879340485e-01
7.34667514934e-01
7.56888696092e-01
7.43106411218e-01
7.46837344997e-01
7.72356676478e-01
7.67299291322e-01
7.53831037569e-01
7.31521728342e-01
7.32419036360e-01
7.44432819998e-01
7.20000891915e-01
7.24711248695e-01
8.02513835710e-01
7.44344163129e-01
7.45887993165e-01
6.77367712180e-01
7.34658179198e-01
7.11380605925e-01
7.68079391190e-01
7.44634929995e-01
8.19463276633e-01
7.44150421354e-01
7.33056590112e-01
7.01089688542e-01
6.86107276900e-01
7.50956605336e-01
7.34464438680e-01
7.08993883682e-01
7.00125256549e-01
7.61126091424e-01
7.01128080828e-01
7.97644766247e-01
7.65528361194e-01
7.97356453596e-01
7.66256398302e-01
7.02641555517e-01
7.75436766752e-01
7.39239725420e-01
7.64705715408e-01
7.85183783480e-01
7.46090072635e-01
7.54609763701e-01
7.45010882281e-01
7.33594567355e-01
7.22747414571e-01
7.31219733266e-01
7.30717518520e-01
8.30433329044e-01
8.10580129047e-01
7.51527831221e-01
6.98322192017e-01
7.11387510373e-01
7.38473696948e-01
7.02466014073e-01
7.40167260415e-01
7.52034111507e-01
7.44948789740e-01
7.07820666788e-01
7.71471861336e-01
7.19249264872e-01
7.47499829303e-01
7.95997711869e-01
7.33132478314e-01
6.70680367284e-01
7.26007893792e-01
6.19435650554e-01
7.70011193416e-01
7.12629670507e-01
6.97727156587e-01
6.78090511673e-01
7.62378058946e-01
7.70825455424e-01
7.16315976206e-01
7.03621092588e-01
7.75497296808e-01
6.85297967670e-01
6.79859012804e-01
7.67555744438e-01
6.64496389161e-01
6.96293078623e-01
6.93137555406e-01
6.93400610265e-01
6.63575218682e-01
7.12927953045e-01
7.07735393739e-01
7.42773231118e-01
7.62660150007e-01
6.71629742488e-01
7.37181531957e-01
6.75355393193e-01
7.52178710989e-01
7.98275371035e-01
8.16056675063e-01
7.16585778506e-01
7.62766249386e-01
7.42081170803e-01
7.63329960823e-01
7.39648627948e-01
7.04638991389e-01
7.44885343784e-01
8.37848516526e-01
7.96209475876e-01
7.27814294563e-01
6.97466921006e-01
7.72670929271e-01
7.59909735456e-01
7.39172015803e-01
7.97295470356e-01
7.35693577323e-01
7.42364466240e-01
7.41340279403e-01
7.16222342477e-01
6.84374598304e-01
7.37346355973e-01
6.97525036211e-01
7.60091778485e-01
7.74033147743e-01
7.43196393196e-01
7.60893113682e-01
7.84168260417e-01
7.51439001254e-01
7.14232947526e-01
6.75013059680e-01
7.27398634561e-01
7.35630582320e-01
6.77960924012e-01
7.37966405143e-01
8.13110767765e-01
7.66228609924e-01
6.98676861343e-01
7.25321306139e-01
7.28276220950e-01
7.39185857901e-01
7.68745168793e-01
7.53913965176e-01
6.27399437552e-01
7.41578561647e-01
7.65875045424e-01
7.79217351437e-01
7.88077555153e-01
7.52515305907e-01
7.12588370631e-01
8.02459871435e-01
7.50440083373e-01
7.13751723417e-01
7.20537573886e-01
7.79531772625e-01
7.20815556021e-01
7.11232203382e-01
7.13055647922e-01
7.23779368324e-01
6.80709807757e-01
8.15478183187e-01
6.85308457366e-01
7.08673017115e-01
8.00805078341e-01
7.62753952934e-01
7.24182946200e-01
7.49034481474e-01
7.59848913557e-01
6.60630581210e-01
8.10851164579e-01
7.16417288897e-01
7.58041434731e-01
7.10389572798e-01
7.41017782051e-01
7.41842609183e-01
7.52897088483e-01
7.21796941728e-01
7.07440495834e-01
7.08500100237e-01
7.44813581198e-01
7.44323723889e-01
7.83136865836e-01
7.35105141195e-01
6.53167685163e-01
7.68292032413e-01
7.64731337193e-01
7.28072616234e-01
7.60437298331e-01
7.62309405178e-01
7.15802116232e-01
7.67472126600e-01
6.76345586928e-01
7.13692785052e-01
7.60085933667e-01
7.26818780623e-01
7.31424680626e-01
7.41766357654e-01
7.10589829096e-01
7.36294716393e-01
8.10560640583e-01
6.78804201814e-01
7.29727336811e-01
7.21362332607e-01
6.71758521183e-01
7.63268307955e-01
8.07134736216e-01
7.13453658272e-01
7.88589298270e-01
7.34693994270e-01
7.21037320389e-01
6.90913345568e-01
7.75244407953e-01
7.54476479715e-01
8.69644308700e-01
7.63043022703e-01
7.94188100227e-01
7.64235434288e-01
7.59075363846e-01
7.37790939283e-01
7.99072749744e-01
6.93896500719e-01
7.06807980252e-01
6.66294728689e-01
7.56692603186e-01
7.57769623143e-01
7.41212417280e-01
7.18102219756e-01
7.17994688090e-01
7.34363475301e-01
7.63273556970e-01
7.25086303415e-01
7.13273296324e-01
7.02770652918e-01
7.22962458440e-01
7.89947509827e-01
7.31495121286e-01
7.31782707118e-01
7.14063998261e-01
7.10865801367e-01
7.50319692044e-01
7.43636508029e-01
7.44278368639e-01
7.08908078810e-01
6.70105980478e-01
7.42239671487e-01
7.79713198467e-01
7.56151620741e-01
6.65732973732e-01
7.58710723242e-01
7.21957921147e-01
7.48006454395e-01
7.44651037059e-01
7.88283485915e-01
6.75135870046e-01
6.82978594288e-01
7.45272250347e-01
7.11344822727e-01
7.53281681169e-01
6.95071071058e-01
7.55959025097e-01
7.54736494282e-01
7.33256212401e-01
7.12519927912e-01
7.65536662235e-01
8.04861794595e-01
6.92732529308e-01
7.34457411454e-01
7.75252332085e-01
7.71308243929e-01
7.54566557489e-01
7.89023735442e-01
7.56902603223e-01
7.48525073149e-01
7.36819594631e-01
7.02535525507e-01
7.55777948663e-01
7.73773341229e-01
7.15191515050e-01
7.13932364362e-01
7.92705597711e-01
7.23540548573e-01
7.77356809587e-01
7.68093431116e-01
7.98159324505e-01
7.31365026671e-01
7.84226728996e-01
7.41582417795e-01
7.85746778860e-01
8.27741922992e-01
7.68299527913e-01
7.04441660547e-01
7.17781307571e-01
7.02342412752e-01
7.75076467197e-01
7.30369794523e-01
7.14719276885e-01
7.40456736974e-01
7.09748631901e-01
8.15576079565e-01
7.01227707519e-01
7.30016206030e-01
7.62674133849e-01
7.24777939006e-01
7.24962337847e-01
7.61589830041e-01
7.80449402005e-01
7.27734976251e-01
7.31545370792e-01
7.29161716747e-01
7.12121881546e-01
7.71952127359e-01
6.97016270518e-01
7.72488746292e-01
7.95504301094e-01
7.17425492334e-01
6.60746075770e-01
7.76662250042e-01
7.57982271666e-01
7.45059001714e-01
7.47590442027e-01
7.56450653845e-01
7.32800598402e-01
7.21540031488e-01
7.32426898052e-01
7.94846602251e-01
7.69872104865e-01
7.15494015361e-01
8.01370101255e-01
7.47798945646e-01
7.47291619340e-01
7.59183356191e-01
7.63788938181e-01
7.78631909756e-01
7.09557246789e-01
7.27059072232e-01
7.10987220953e-01
7.93710290465e-01
7.60116980247e-01
6.74103031051e-01
7.44630966751e-01
7.74116575283e-01
7.28137097295e-01
7.49596086530e-01
7.40072103790e-01
7.67326530935e-01
7.43938391664e-01
7.48688750917e-01
7.32456008603e-01
7.69460024893e-01
7.17217329293e-01
7.04455235210e-01
7.39446147546e-01
7.54294300829e-01
8.09148455196e-01
7.70839325046e-01
7.13675213401e-01
7.40122507006e-01
7.54746561168e-01
8.25810581242e-01
7.02654526494e-01
7.19391255892e-01
7.39088151548e-01
7.75592106806e-01
7.55583791495e-01
6.91908858893e-01
8.17022433140e-01
7.48534836047e-01
7.34974292081e-01
6.66916838669e-01
6.47722178142e-01
6.82137978044e-01
7.04278649254e-01
7.19347825067e-01
7.17926817816e-01
7.78489977085e-01
7.22056311064e-01
7.09142820589e-01
7.11231837474e-01
7.50647251237e-01
7.35146715066e-01
6.63491963788e-01
7.37285216506e-01
7.23596955376e-01
7.60258504618e-01
7.81199433214e-01
7.38920616252e-01
7.61340381117e-01
7.46625141172e-01
6.91871780367e-01
7.43934350512e-01
7.47362158297e-01
7.35029462924e-01
7.45132746328e-01
7.30706364862e-01
6.99026590706e-01
7.37983370850e-01
8.40133684824e-01
8.48707028997e-01
6.50663113095e-01
8.26129923050e-01
7.50177276453e-01
7.00367403304e-01
7.87813162821e-01
7.32061411436e-01
7.01160238619e-01
8.04825982645e-01
7.66348563488e-01
7.52222392855e-01
7.39049272360e-01