6.01224269240e+00
5.99590552427e+00
6.30175653192e+00
6.18440322150e+00
6.46891451279e+00
6.11845902266e+00
6.33233222762e+00
6.37851052710e+00
6.26302051821e+00
6.31111444800e+00
6.25224673323e+00
6.11446690728e+00
6.09682571414e+00
6.36151503318e+00
6.11472759561e+00
6.46278589607e+00
6.19082940259e+00
6.29301242740e+00
6.12628625230e+00
6.08340807519e+00
6.30239185216e+00
6.23240644813e+00
6.15119330566e+00
6.27243400880e+00
6.21991351140e+00
6.23985798155e+00
6.13226036884e+00
5.91260425023e+00
6.30504705295e+00
6.14873934119e+00
6.46028829555e+00
6.23198387238e+00
6.14989092917e+00
6.34915857824e+00
6.40658214143e+00
6.57455643200e+00
6.15579393804e+00
6.11340540271e+00
6.35244393979e+00
6.08951300992e+00
6.46745885441e+00
6.00195578389e+00
6.43643654797e+00
6.11723718071e+00
6.41752758635e+00
6.25986534338e+00
6.05653181815e+00
6.33531149806e+00
6.12590011031e+00
6.19836058282e+00
5.88964412803e+00
6.39707628536e+00
6.11599213512e+00
6.25599234890e+00
6.32608798732e+00
6.04461796468e+00
6.15158524669e+00
6.35157169741e+00
6.41882175897e+00
6.20057013127e+00
6.19651561653e+00
6.22455927075e+00
6.07766400069e+00
6.47469968161e+00
6.14508443693e+00
6.25871898571e+00
6.21379836482e+00
6.17584633728e+00
6.02175707741e+00
6.27852248710e+00
6.10943540397e+00
6.46750553986e+00
6.35877910226e+00
6.45145090998e+00
5.98558715400e+00
5.99822155339e+00
6.45983881004e+00
6.08951938701e+00
6.20372550275e+00
6.17078889671e+00
6.25723974323e+00
6.26118601358e+00
6.47345338824e+00
6.10192059258e+00
6.16205508945e+00
6.08167045772e+00
6.29818717167e+00
6.28963106989e+00
6.18275249907e+00
6.37561379729e+00
6.37284267254e+00
6.34350477085e+00
6.31447241022e+00
6.20943086009e+00
6.27269576416e+00
6.20309398044e+00
6.07434311678e+00
5.96377211984e+00
6.36468554614e+00
6.06411517598e+00
6.25665985167e+00
6.16459144687e+00
6.46594914810e+00
6.21303097403e+00
6.37021605747e+00
6.43355065514e+00
5.93202921265e+00
6.48189714026e+00
6.49224495747e+00
6.13610548556e+00
6.15336998079e+00
6.22334766178e+00
6.61002617017e+00
5.98202633196e+00
6.27868121263e+00
6.26976370507e+00
6.17696296316e+00
6.44416232075e+00
6.31376790367e+00
6.20280148087e+00
6.09943461138e+00
6.16151309771e+00
6.24648014591e+00
6.14277564116e+00
6.15006997361e+00
6.06056779105e+00
6.21992519515e+00
6.12520971657e+00
6.25064938417e+00
6.46272234204e+00
6.27575241597e+00
6.24967426393e+00
6.29877624817e+00
6.36876103507e+00
6.15165190301e+00
6.38549965948e+00
6.17747022612e+00
6.26948675864e+00
6.33886973812e+00
6.42897872597e+00
6.35890001218e+00
6.00320850913e+00
6.14828573752e+00
6.33491202537e+00
6.28516232088e+00
5.97342009892e+00
6.25958084012e+00
6.14701580818e+00
6.08291124195e+00
5.98990358960e+00
6.30853010370e+00
6.34921555029e+00
6.47365524246e+00
6.46539354412e+00
6.13206649566e+00
6.41173470955e+00
6.47432904747e+00
6.08329257965e+00
6.09653736038e+00
6.05750456946e+00
6.17377366830e+00
6.09913811474e+00
6.08946243008e+00
6.23776760248e+00
6.33101519138e+00
6.11936916472e+00
6.11049707528e+00
6.26278849776e+00
6.25643072585e+00
6.29713873919e+00
6.25204849173e+00
6.25593732638e+00
6.25615986185e+00
6.35161721991e+00
6.41160748628e+00
6.26646782873e+00
6.11299426550e+00
6.30922797199e+00
6.00544725071e+00
5.89072462163e+00
6.10640716828e+00
6.36172175434e+00
6.23311685653e+00
6.44300150918e+00
5.91019416156e+00
6.03610602201e+00
6.27546007329e+00
6.45792478279e+00
5.81461820843e+00
6.14778782535e+00
6.20194113087e+00
6.33698861968e+00
6.19711628692e+00
6.51980303386e+00
6.34740440726e+00
6.28862357051e+00
6.13496950386e+00
6.29420173260e+00
6.49322547179e+00
6.36206136329e+00
6.12869674795e+00
6.08605607523e+00
5.93355887231e+00
6.58511824450e+00
6.16553608644e+00
6.34471764359e+00
5.88325278687e+00
6.31358642229e+00
6.34324612825e+00
6.40379285749e+00
6.18232411866e+00
6.14696394457e+00
6.12840148690e+00
6.08033559928e+00
6.16638924479e+00
6.31996469896e+00
6.06133396663e+00
6.38014458534e+00
6.12017210144e+00
6.27070086096e+00
6.10144328273e+00
5.99052159508e+00
6.53238189412e+00
6.42921419971e+00
6.17385112513e+00
6.22674345624e+00
6.11551154166e+00
6.28874891363e+00
5.97902806982e+00
6.38443290069e+00
6.21731601490e+00
6.15084905158e+00
6.28419030149e+00
6.27958263360e+00
6.32603071715e+00
6.06418734496e+00
6.45059688773e+00
6.09502525273e+00
6.19331740170e+00
6.37060010932e+00
6.22080075271e+00
6.38933835837e+00
6.15181138158e+00
6.44355206496e+00
6.14970579077e+00
6.22634769894e+00
6.29225834051e+00
6.17290740905e+00
6.55359081380e+00
6.37146870212e+00
6.18958963429e+00
6.38496339894e+00
6.49427973865e+00
5.93274841440e+00
6.41366781953e+00
6.33162059051e+00
6.46289097038e+00
5.91267327647e+00
6.01531637827e+00
6.42864198110e+00
6.23590788948e+00
6.48829307001e+00
6.32442265464e+00
6.44335707056e+00
6.26120826183e+00
6.39683402667e+00
6.52429897265e+00
6.17237075339e+00
6.06282679307e+00
6.28995591343e+00
6.25459579633e+00
6.43369240685e+00
5.92298139115e+00
6.46561016865e+00
6.19211273737e+00
6.19287522426e+00
6.20999803654e+00
6.19215289499e+00
6.38375895389e+00
6.08127601845e+00
6.21141286716e+00
6.37095048044e+00
6.13284269114e+00
6.48671339129e+00
6.30885302453e+00
6.17538649460e+00
6.23472081840e+00
6.30452820295e+00
6.15822059485e+00
6.24414541312e+00
6.22733334805e+00
6.20697616326e+00
6.17842166225e+00
6.20855053911e+00
6.40388843939e+00
5.97349105283e+00
6.16535570946e+00
6.18508939567e+00
6.20784645152e+00
6.21767210344e+00
6.34300541678e+00
6.07874832012e+00
6.22710630756e+00
5.98855330971e+00
6.30539849364e+00
6.30166992255e+00
6.07619281874e+00
6.36576605349e+00
6.03335083695e+00
6.36560427490e+00
6.31415404251e+00
6.34133478333e+00
6.04596679816e+00
6.22696313717e+00
6.26020239430e+00
6.23489280543e+00
6.56782182714e+00
6.07427433236e+00
6.41368615342e+00
6.45849852570e+00
6.23510747945e+00
6.14194926832e+00
6.34964187108e+00
6.35939299759e+00
6.08175514258e+00
6.00445419029e+00
6.07841595575e+00
5.98523074904e+00
6.19914396222e+00
6.25994864874e+00
6.13236856885e+00
6.11863465826e+00
6.35739211309e+00
6.28412313715e+00
6.02671389669e+00
6.12592415197e+00
5.97620853131e+00
6.19661110834e+00
6.14962264988e+00
5.92624965239e+00
6.50711452942e+00
6.25469022077e+00
5.78913639704e+00
6.17984952208e+00
6.61546317208e+00
6.04484017943e+00
6.33390610858e+00
6.28763749375e+00
6.30488880225e+00
6.09077315043e+00
6.16560361978e+00
6.11842695369e+00
6.09106103723e+00
6.08343865069e+00
6.42593786086e+00
6.28902422590e+00
6.54458715778e+00
6.40302953045e+00
6.12933343152e+00
6.40924592797e+00
6.31696453506e+00
6.07345505394e+00
6.17362691020e+00
6.32507669568e+00
6.31527628339e+00
6.11563435850e+00
6.73200538727e+00
6.29170165025e+00
6.44065367018e+00
6.40982223965e+00
6.36375440390e+00
6.27424869789e+00
6.18640342674e+00
6.07262464549e+00
6.24437800150e+00
6.47326530708e+00
6.07764587858e+00
5.96259485426e+00
6.46674486742e+00
6.22277500143e+00
6.10409391882e+00
6.30515465131e+00
6.46491333752e+00
6.19945412012e+00
6.25111902687e+00
6.12835895609e+00
6.30439173909e+00
6.14851438697e+00
6.32273130788e+00
6.20949954044e+00
6.44815618196e+00
6.47765218558e+00
6.01176751026e+00
6.13043466625e+00
6.28503322262e+00
6.31012600524e+00
6.28221241289e+00
6.15268670516e+00
6.28744456083e+00
6.02259405792e+00
6.41723345674e+00
6.06804927248e+00
6.32532552035e+00
5.95578282502e+00
6.21956644117e+00
6.11602757838e+00
6.23025846260e+00
5.93234161427e+00
6.34743926047e+00
6.22083867663e+00
6.29862940054e+00
6.16495984653e+00
6.20284791510e+00
5.99752573051e+00
6.33246076411e+00
6.28334217123e+00
6.19526731776e+00
6.20141102135e+00
6.00123897819e+00
6.41926309197e+00
6.37541105168e+00
6.20603750086e+00
5.96994687734e+00
6.23738718823e+00
6.23135390194e+00
6.32260616668e+00
6.24684341821e+00
6.38181075496e+00
6.31997498705e+00
6.14895251108e+00
6.11166130557e+00
6.23708989845e+00
6.48346744715e+00
6.29075765693e+00
6.54593892291e+00
6.23778006310e+00
6.26644579926e+00
6.31628937249e+00
6.01752257529e+00
5.99169394530e+00
6.23592125559e+00
6.28093875050e+00
6.35066133877e+00
6.34815703177e+00
6.10116541954e+00
5.99545666054e+00
6.14726257276e+00
6.25265391836e+00
6.29391630441e+00
6.53532141481e+00
6.38588280684e+00
6.32412490126e+00
6.11573753862e+00
6.18249443264e+00
6.38684840353e+00
6.22454865302e+00
6.32040892777e+00
6.01210218876e+00
6.05994854398e+00
6.33788384373e+00
6.35945894895e+00
6.02605271816e+00
6.09070619608e+00
6.36864128561e+00
6.16874727938e+00
6.50386752318e+00
6.22570056141e+00
6.10065411212e+00
5.93422420443e+00
6.34660780475e+00
6.38327264015e+00
6.68451238563e+00
6.51364135701e+00
6.15843467425e+00
6.13301425369e+00
6.06663638772e+00
6.17436278784e+00
6.15881630603e+00
6.25447105789e+00
5.97225162502e+00
5.88480048061e+00
6.12332303978e+00
6.07335104324e+00
6.38343942098e+00
6.53367032930e+00
6.19137652634e+00
6.25803953758e+00
6.47170761755e+00
5.96830571499e+00
6.36478769136e+00
6.27772909984e+00
6.37555971995e+00
6.11705343708e+00
6.15153708203e+00
5.85151421441e+00
6.58451215212e+00
6.06938093589e+00
6.26831341536e+00
6.46293712941e+00
6.20785480279e+00
6.22912881386e+00