-3.16704330883e+00
-3.16609353907e+00
-3.16472427563e+00
-3.16708171248e+00
-3.16585009125e+00
-3.16591757539e+00
-3.16460932233e+00
-3.16456792319e+00
-3.16557166972e+00
-3.16687131339e+00
-3.16656014824e+00
-3.16604875116e+00
-3.16664065214e+00
-3.16706796779e+00
-3.16521358001e+00
-3.16577866708e+00
-3.16472087025e+00
-3.16631862032e+00
-3.16597529902e+00
-3.16505618967e+00
-3.16822173765e+00
-3.16612580913e+00
-3.16569913749e+00
-3.16525409926e+00
-3.16799895516e+00
-3.16624973145e+00
-3.16623852482e+00
-3.16656906373e+00
-3.16501569981e+00
-3.16614792322e+00
-3.16566975398e+00
-3.16730112290e+00
-3.16529454152e+00
-3.16574931433e+00
-3.16732776739e+00
-3.16653971578e+00
-3.16615731115e+00
-3.16578504120e+00
-3.16450009787e+00
-3.16488283499e+00
-3.16643915498e+00
-3.16475189052e+00
-3.16682079926e+00
-3.16625117704e+00
-3.16574484907e+00
-3.16601976467e+00
-3.16574070090e+00
-3.16691036170e+00
-3.16497496751e+00
-3.16665646233e+00
-3.16591638946e+00
-3.16713652508e+00
-3.16589731088e+00
-3.16503381944e+00
-3.16622737953e+00
-3.16610714578e+00
-3.16518005488e+00
-3.16569262706e+00
-3.16689944334e+00
-3.16732906071e+00
-3.16603208263e+00
-3.16616876186e+00
-3.16572991006e+00
-3.16612347003e+00
-3.16441997908e+00
-3.16401975192e+00
-3.16660523374e+00
-3.16658487755e+00
-3.16687400737e+00
-3.16493221154e+00
-3.16630092491e+00
-3.16542876984e+00
-3.16596815700e+00
-3.16660902858e+00
-3.16737520236e+00
-3.16643681311e+00
-3.16572992853e+00
-3.16539679658e+00
-3.16568951080e+00
-3.16436907228e+00
-3.16618608132e+00
-3.16688303318e+00
-3.16499424844e+00
-3.16534877782e+00
-3.16606826267e+00
-3.16653022718e+00
-3.16561269572e+00
-3.16572165421e+00
-3.16666236488e+00
-3.16606851838e+00
-3.16691883972e+00
-3.16463165907e+00
-3.16534703890e+00
-3.16576647458e+00
-3.16549293096e+00
-3.16494489542e+00
-3.16463162441e+00
-3.16501359580e+00
-3.16652570727e+00
-3.16488243455e+00
-3.16389098471e+00
-3.16699081702e+00
-3.16638142830e+00
-3.16594845050e+00
-3.16336738429e+00
-3.16531234253e+00
-3.16637425688e+00
-3.16605595834e+00
-3.16485112903e+00
-3.16571753777e+00
-3.16634217178e+00
-3.16654935047e+00
-3.16636544343e+00
-3.16627457656e+00
-3.16577470739e+00
-3.16617861848e+00
-3.16561784729e+00
-3.16723145803e+00
-3.16564700800e+00
-3.16589880553e+00
-3.16675471758e+00
-3.16516724041e+00
-3.16692863727e+00
-3.16643640210e+00
-3.16625656078e+00
-3.16557266433e+00
-3.16585349553e+00
-3.16539483102e+00
-3.16539949178e+00
-3.16540077529e+00
-3.16618338754e+00
-3.16543329258e+00
-3.16560062716e+00
-3.16571084598e+00
-3.16549384414e+00
-3.16588216085e+00
-3.16659686774e+00
-3.16511817456e+00
-3.16523331097e+00
-3.16472806415e+00
-3.16587519916e+00
-3.16568334890e+00
-3.16518041313e+00
-3.16576606161e+00
-3.16485380055e+00
-3.16698384565e+00
-3.16629221444e+00
-3.16816615027e+00
-3.16680335403e+00
-3.16570663131e+00
-3.16707301927e+00
-3.16558758482e+00
-3.16657003777e+00
-3.16565279600e+00
-3.16504522180e+00
-3.16527197092e+00
-3.16634928505e+00
-3.16588438863e+00
-3.16563878703e+00
-3.16573369436e+00
-3.16644454833e+00
-3.16607351782e+00
-3.16666919102e+00
-3.16704749705e+00
-3.16675857398e+00
-3.16649438590e+00
-3.16619022686e+00
-3.16544118055e+00
-3.16394821636e+00
-3.16703527497e+00
-3.16524890385e+00
-3.16440218058e+00
-3.16527465550e+00
-3.16505390533e+00
-3.16583964575e+00
-3.16578457939e+00
-3.16568037924e+00
-3.16624464727e+00
-3.16623678076e+00
-3.16636341962e+00
-3.16736472916e+00
-3.16624898967e+00
-3.16651716567e+00
-3.16691400910e+00
-3.16630541205e+00
-3.16526855108e+00
-3.16502783007e+00
-3.16612737924e+00
-3.16529478255e+00
-3.16578140757e+00
-3.16629669933e+00
-3.16407193921e+00
-3.16573453817e+00
-3.16500066513e+00
-3.16578668124e+00
-3.16467753022e+00
-3.16619395239e+00
-3.16662070726e+00
-3.16639783501e+00
-3.16602913845e+00
-3.16699905414e+00
-3.16430472820e+00
-3.16560680622e+00
-3.16660187670e+00
-3.16747341400e+00
-3.16478440769e+00
-3.16432549520e+00
-3.16545552260e+00
-3.16580936174e+00
-3.16489087152e+00
-3.16753395648e+00
-3.16591665874e+00
-3.16570754879e+00
-3.16597762349e+00
-3.16677961734e+00
-3.16645484174e+00
-3.16504208330e+00
-3.16643113147e+00
-3.16720759580e+00
-3.16552302623e+00
-3.16464548398e+00
-3.16537885029e+00
-3.16659354225e+00
-3.16642930133e+00
-3.16539078080e+00
-3.16658167013e+00
-3.16615754969e+00
-3.16556115823e+00
-3.16606296586e+00
-3.16664185628e+00
-3.16499460930e+00
-3.16596022014e+00
-3.16477579625e+00
-3.16654106595e+00
-3.16591849578e+00
-3.16549209903e+00
-3.16600848926e+00
-3.16677107769e+00
-3.16697046488e+00
-3.16655507053e+00
-3.16677356304e+00
-3.16601998395e+00
-3.16608854673e+00
-3.16583648860e+00
-3.16592718849e+00
-3.16650578186e+00
-3.16483754866e+00
-3.16524214883e+00
-3.16684820922e+00
-3.16678318846e+00
-3.16567092523e+00
-3.16570060054e+00
-3.16707359950e+00
-3.16668667480e+00
-3.16618485264e+00
-3.16552302701e+00
-3.16660341741e+00
-3.16612700931e+00
-3.16632320360e+00
-3.16640649517e+00
-3.16627286729e+00
-3.16509979724e+00
-3.16655740619e+00
-3.16717720092e+00
-3.16422315353e+00
-3.16526536399e+00
-3.16506079549e+00
-3.16582886172e+00
-3.16625146593e+00
-3.16561691391e+00
-3.16536205932e+00
-3.16538719500e+00
-3.16596949646e+00
-3.16515997264e+00
-3.16405304995e+00
-3.16503330168e+00
-3.16609150331e+00
-3.16591018333e+00
-3.16742867231e+00
-3.16717228701e+00
-3.16634637161e+00
-3.16551056684e+00
-3.16689518741e+00
-3.16567101854e+00
-3.16612612278e+00
-3.16694344116e+00
-3.16630784487e+00
-3.16595429609e+00
-3.16668571140e+00
-3.16613062825e+00
-3.16489241099e+00
-3.16667442305e+00
-3.16654623600e+00
-3.16537725488e+00
-3.16635855391e+00
-3.16510792429e+00
-3.16488175793e+00
-3.16591677700e+00
-3.16584681654e+00
-3.16640670607e+00
-3.16572689645e+00
-3.16552205694e+00
-3.16447897146e+00
-3.16547934718e+00
-3.16431612245e+00
-3.16602502116e+00
-3.16628514462e+00
-3.16561720120e+00
-3.16570394559e+00
-3.16524245733e+00
-3.16488125357e+00
-3.16709396156e+00
-3.16506858096e+00
-3.16552078721e+00
-3.16603949371e+00
-3.16608482293e+00
-3.16583800452e+00
-3.16657827462e+00
-3.16629705883e+00
-3.16497009447e+00
-3.16588635786e+00
-3.16528516937e+00
-3.16514418203e+00
-3.16624484701e+00
-3.16720313100e+00
-3.16527199710e+00
-3.16485869432e+00
-3.16550995302e+00
-3.16581384159e+00
-3.16503452215e+00
-3.16541669352e+00
-3.16681381606e+00
-3.16581055877e+00
-3.16507863532e+00
-3.16526284557e+00
-3.16480340109e+00
-3.16575952863e+00
-3.16489950862e+00
-3.16461774170e+00
-3.16599747350e+00
-3.16633480061e+00
-3.16523722527e+00
-3.16595189654e+00
-3.16618228458e+00
-3.16606739616e+00
-3.16539777705e+00
-3.16795190391e+00
-3.16637212757e+00
-3.16542135448e+00
-3.16563017460e+00
-3.16755400557e+00
-3.16541219950e+00
-3.16400295094e+00
-3.16610200305e+00
-3.16530415215e+00
-3.16564233207e+00
-3.16613554311e+00
-3.16539073048e+00
-3.16657623609e+00
-3.16558815950e+00
-3.16453822914e+00
-3.16591652544e+00
-3.16580111099e+00
-3.16502756855e+00
-3.16708991610e+00
-3.16471849170e+00
-3.16446925244e+00
-3.16553222534e+00
-3.16452781557e+00
-3.16607504651e+00
-3.16602725463e+00
-3.16805084378e+00
-3.16557369895e+00
-3.16629854582e+00
-3.16650904077e+00
-3.16574862948e+00
-3.16600554062e+00
-3.16654690378e+00
-3.16554218756e+00
-3.16573235341e+00
-3.16721200172e+00
-3.16421152201e+00
-3.16575075977e+00
-3.16646108361e+00
-3.16493254944e+00
-3.16481019167e+00
-3.16555748241e+00
-3.16517593827e+00
-3.16713781062e+00
-3.16798665165e+00
-3.16472782460e+00
-3.16634561725e+00
-3.16673223557e+00
-3.16681299113e+00
-3.16653189194e+00
-3.16638494067e+00
-3.16578256559e+00
-3.16477649345e+00
-3.16549118464e+00
-3.16605896073e+00
-3.16643449412e+00
-3.16526197162e+00
-3.16566093877e+00
-3.16541980095e+00
-3.16502819674e+00
-3.16655227446e+00
-3.16618385217e+00
-3.16484346050e+00
-3.16595089324e+00
-3.16621766732e+00
-3.16589226160e+00
-3.16502260289e+00
-3.16597797147e+00
-3.16475629389e+00
-3.16547338359e+00
-3.16676154896e+00
-3.16451330280e+00
-3.16479389657e+00
-3.16748560519e+00
-3.16586142707e+00
-3.16531612293e+00
-3.16509649992e+00
-3.16507305293e+00
-3.16504269618e+00
-3.16477452334e+00
-3.16590925336e+00
-3.16606659113e+00
-3.16581712368e+00
-3.16663768965e+00
-3.16706194218e+00
-3.16559373408e+00
-3.16593196727e+00
-3.16578746118e+00
-3.16569250901e+00
-3.16500235727e+00
-3.16599379409e+00
-3.16553934359e+00
-3.16588134106e+00
-3.16635924596e+00
-3.16508144774e+00
-3.16628686820e+00
-3.16611616112e+00
-3.16622046465e+00
-3.16543196363e+00
-3.16513490038e+00
-3.16658973519e+00
-3.16768719591e+00
-3.16526461247e+00
-3.16626643925e+00
-3.16562718454e+00
-3.16516289177e+00
-3.16617503765e+00
-3.16702304380e+00
-3.16437521314e+00
-3.16460723324e+00
-3.16636205997e+00
-3.16671541283e+00
-3.16625061174e+00
-3.16639672054e+00
-3.16406940048e+00
-3.16574704668e+00
-3.16653227872e+00
-3.16547755212e+00
-3.16533647993e+00
-3.16542370384e+00
-3.16609575018e+00
-3.16684306518e+00
-3.16608735120e+00
-3.16770133957e+00
-3.16546845357e+00
-3.16601572760e+00
-3.16639485252e+00
-3.16557725931e+00
-3.16693334927e+00
-3.16655704628e+00
-3.16568785630e+00
-3.16498982396e+00
-3.16624042664e+00
-3.16644171041e+00
-3.16651206131e+00
-3.16644228642e+00
-3.16623766009e+00
-3.16673554288e+00
-3.16547588525e+00
-3.16554641751e+00
-3.16482585910e+00
-3.16666517761e+00
-3.16655201009e+00
-3.16650058278e+00
-3.16595309575e+00
-3.16641129645e+00
-3.16484698886e+00
-3.16687703549e+00
-3.16650466874e+00
-3.16774742029e+00
-3.16588862399e+00
-3.16545554947e+00
-3.16639080293e+00
-3.16497236950e+00
-3.16654930019e+00
-3.16585223392e+00