-7.59038672257e+00
-7.58709195290e+00
-7.58787127944e+00
-7.59065439597e+00
-7.58912918002e+00
-7.58960709253e+00
-7.58842984519e+00
-7.58682870100e+00
-7.58851970701e+00
-7.59167920946e+00
-7.59070107405e+00
-7.59210794762e+00
-7.58935097642e+00
-7.59205813676e+00
-7.58830490835e+00
-7.58996354845e+00
-7.58705112383e+00
-7.58974301072e+00
-7.59006101550e+00
-7.58927721780e+00
-7.59227979555e+00
-7.58899453903e+00
-7.58942659644e+00
-7.58934057150e+00
-7.59226423264e+00
-7.59042352256e+00
-7.58949185455e+00
-7.59150985663e+00
-7.58730369320e+00
-7.58950562453e+00
-7.58937575132e+00
-7.59074993742e+00
-7.58902575514e+00
-7.59140238759e+00
-7.58992967878e+00
-7.59139282768e+00
-7.58962480288e+00
-7.58810646556e+00
-7.58957724306e+00
-7.58799831338e+00
-7.58953650264e+00
-7.59019308730e+00
-7.59005222712e+00
-7.59078676890e+00
-7.58816566570e+00
-7.58869351991e+00
-7.58855742796e+00
-7.58880396907e+00
-7.59156010105e+00
-7.59103301733e+00
-7.59005242781e+00
-7.59142883264e+00
-7.58974775480e+00
-7.58932309359e+00
-7.58947673532e+00
-7.59031546451e+00
-7.58982743726e+00
-7.58995774729e+00
-7.59025596880e+00
-7.59167380404e+00
-7.58867820454e+00
-7.58858833121e+00
-7.59020385372e+00
-7.58885786494e+00
-7.58736766242e+00
-7.58805536648e+00
-7.58957579132e+00
-7.58973987345e+00
-7.58937095576e+00
-7.58685471261e+00
-7.58970517576e+00
-7.58906066139e+00
-7.58602945937e+00
-7.58968105444e+00
-7.59056011322e+00
-7.59033503979e+00
-7.58954890026e+00
-7.58985387769e+00
-7.58946139930e+00
-7.58765644118e+00
-7.59091187998e+00
-7.58880645282e+00
-7.58854290796e+00
-7.58967775038e+00
-7.58994421057e+00
-7.59154422723e+00
-7.58837016083e+00
-7.58680571005e+00
-7.58867929926e+00
-7.59004060271e+00
-7.58943465014e+00
-7.58764407851e+00
-7.59052741292e+00
-7.58955355413e+00
-7.58984823927e+00
-7.58559750058e+00
-7.58582883555e+00
-7.58832447957e+00
-7.58967462087e+00
-7.58774014983e+00
-7.58783111385e+00
-7.59054204805e+00
-7.58855429527e+00
-7.59016063307e+00
-7.58511438249e+00
-7.58657236099e+00
-7.58966808635e+00
-7.58887606994e+00
-7.58849514794e+00
-7.58801183609e+00
-7.59263475392e+00
-7.58980771674e+00
-7.59035695181e+00
-7.58954519964e+00
-7.59121504708e+00
-7.59206936188e+00
-7.58824078131e+00
-7.58876305180e+00
-7.58736614132e+00
-7.58974437091e+00
-7.59017455750e+00
-7.58748308788e+00
-7.59155563177e+00
-7.58995501530e+00
-7.59054605261e+00
-7.58917485138e+00
-7.59007277135e+00
-7.58935072216e+00
-7.58998930892e+00
-7.58764698692e+00
-7.59038896405e+00
-7.58832086156e+00
-7.58753746343e+00
-7.58824985465e+00
-7.58859962824e+00
-7.58874295770e+00
-7.59123240796e+00
-7.59085969141e+00
-7.58891211180e+00
-7.58756630048e+00
-7.58876104733e+00
-7.59008133404e+00
-7.58625005672e+00
-7.58977677563e+00
-7.58779230505e+00
-7.59366784929e+00
-7.58926782237e+00
-7.59272297451e+00
-7.58905163976e+00
-7.59026911525e+00
-7.59303503540e+00
-7.58840913192e+00
-7.59025582585e+00
-7.58799744294e+00
-7.58979103727e+00
-7.58696365800e+00
-7.58920389364e+00
-7.59071090650e+00
-7.58768263232e+00
-7.58939438478e+00
-7.58886346048e+00
-7.59066761710e+00
-7.58902889295e+00
-7.59117688942e+00
-7.59125088074e+00
-7.59055917234e+00
-7.59340946341e+00
-7.59064332649e+00
-7.58718315988e+00
-7.59260578480e+00
-7.58745521674e+00
-7.58745731723e+00
-7.58821506752e+00
-7.58696560017e+00
-7.58984057375e+00
-7.58909827020e+00
-7.58872174040e+00
-7.58955782684e+00
-7.59218247527e+00
-7.58726558983e+00
-7.59108716964e+00
-7.58715221365e+00
-7.58999372407e+00
-7.59126850447e+00
-7.58978243184e+00
-7.58988636652e+00
-7.58896300842e+00
-7.59146417095e+00
-7.58878883615e+00
-7.58978049907e+00
-7.59108333805e+00
-7.58946520576e+00
-7.58948990198e+00
-7.58969813519e+00
-7.58908710923e+00
-7.58775572180e+00
-7.58922404160e+00
-7.59125941936e+00
-7.59116776380e+00
-7.58847009464e+00
-7.59296329579e+00
-7.58620847353e+00
-7.58785616926e+00
-7.59155669160e+00
-7.59088124991e+00
-7.58729350605e+00
-7.58912980574e+00
-7.58664256663e+00
-7.59168650626e+00
-7.58912062726e+00
-7.59164488231e+00
-7.59014734697e+00
-7.58920151581e+00
-7.58834921100e+00
-7.58891370371e+00
-7.59022229878e+00
-7.58997777266e+00
-7.58915041655e+00
-7.59162121320e+00
-7.58727375745e+00
-7.58695271346e+00
-7.58908364535e+00
-7.59003948019e+00
-7.59097096640e+00
-7.58745652053e+00
-7.59115034433e+00
-7.58960497397e+00
-7.58857922881e+00
-7.59059630371e+00
-7.59002758778e+00
-7.58846063555e+00
-7.58894806734e+00
-7.58647631666e+00
-7.59029637068e+00
-7.59244321279e+00
-7.59176651412e+00
-7.58965995422e+00
-7.59083269059e+00
-7.58892445593e+00
-7.58965162901e+00
-7.58942155053e+00
-7.58933524987e+00
-7.58949535762e+00
-7.58773007038e+00
-7.58710075993e+00
-7.59098617897e+00
-7.58717689525e+00
-7.59002338501e+00
-7.58966119626e+00
-7.59077088875e+00
-7.58893776133e+00
-7.58964234538e+00
-7.59258889457e+00
-7.58964560769e+00
-7.58750187145e+00
-7.58881454627e+00
-7.59055705596e+00
-7.59037611715e+00
-7.58838483453e+00
-7.58980098942e+00
-7.58966215719e+00
-7.58881792108e+00
-7.58747808256e+00
-7.59125780114e+00
-7.58682622519e+00
-7.58840911730e+00
-7.58973613174e+00
-7.58869705552e+00
-7.58969934535e+00
-7.58930377517e+00
-7.59129824754e+00
-7.59185370133e+00
-7.59000547133e+00
-7.58758560618e+00
-7.58911282716e+00
-7.58791566430e+00
-7.58990078169e+00
-7.59056221871e+00
-7.59308517055e+00
-7.58948300530e+00
-7.59147680229e+00
-7.58893166832e+00
-7.59012779043e+00
-7.58784840025e+00
-7.58868614520e+00
-7.59145937009e+00
-7.59069758929e+00
-7.58997843933e+00
-7.59029500090e+00
-7.58961433400e+00
-7.58591515952e+00
-7.59020537305e+00
-7.59020452720e+00
-7.59024732613e+00
-7.58892646668e+00
-7.58971855457e+00
-7.58994723820e+00
-7.59037138544e+00
-7.58836666860e+00
-7.59004743151e+00
-7.58961082901e+00
-7.58827533255e+00
-7.58922995676e+00
-7.58920272077e+00
-7.58737676621e+00
-7.59147947046e+00
-7.59056669090e+00
-7.59170739687e+00
-7.58751941344e+00
-7.58805690073e+00
-7.58866633697e+00
-7.58906657399e+00
-7.58945407110e+00
-7.58935880734e+00
-7.58988877219e+00
-7.58921908396e+00
-7.58958928528e+00
-7.59200417188e+00
-7.59062787634e+00
-7.58627399582e+00
-7.58941838464e+00
-7.59028285941e+00
-7.58866601909e+00
-7.58912363070e+00
-7.59116054614e+00
-7.59014225453e+00
-7.58849509064e+00
-7.58808380415e+00
-7.58866170243e+00
-7.58858233249e+00
-7.58961089454e+00
-7.59133198622e+00
-7.59019339493e+00
-7.58873479018e+00
-7.58813560843e+00
-7.58877432894e+00
-7.58834581757e+00
-7.58820060017e+00
-7.58797903264e+00
-7.59006864326e+00
-7.58960156577e+00
-7.58920030276e+00
-7.59045192296e+00
-7.59052407228e+00
-7.59126377947e+00
-7.58825276348e+00
-7.59246386682e+00
-7.59160300532e+00
-7.59037577295e+00
-7.58907025796e+00
-7.59152745353e+00
-7.58970537098e+00
-7.58885406500e+00
-7.59018077525e+00
-7.58793962775e+00
-7.58835339577e+00
-7.58715088846e+00
-7.58874549832e+00
-7.58942958601e+00
-7.58986417150e+00
-7.58594166542e+00
-7.59028348625e+00
-7.58917462012e+00
-7.58719724505e+00
-7.59218512642e+00
-7.58854121471e+00
-7.58802095753e+00
-7.58972320576e+00
-7.58760704744e+00
-7.58957507282e+00
-7.58985198863e+00
-7.59179740785e+00
-7.58944976355e+00
-7.59117735395e+00
-7.59157921383e+00
-7.59001118671e+00
-7.58934253781e+00
-7.58969665558e+00
-7.59048236331e+00
-7.59084332049e+00
-7.58947983423e+00
-7.58698057978e+00
-7.58973468541e+00
-7.58890565455e+00
-7.58764940711e+00
-7.58917470831e+00
-7.58963693465e+00
-7.58947454347e+00
-7.58890156667e+00
-7.59216561542e+00
-7.58646770327e+00
-7.59130284152e+00
-7.59101836234e+00
-7.58970309073e+00
-7.58944259437e+00
-7.58958397242e+00
-7.58969341681e+00
-7.58919479110e+00
-7.59055594747e+00
-7.58971691359e+00
-7.59038469556e+00
-7.58885726917e+00
-7.59016732389e+00
-7.58982381205e+00
-7.58753544162e+00
-7.59140850878e+00
-7.58984017461e+00
-7.58801214186e+00
-7.58974545851e+00
-7.59164630742e+00
-7.58875828655e+00
-7.58919792843e+00
-7.58992029976e+00
-7.58988718064e+00
-7.59046430866e+00
-7.59083009160e+00
-7.59001709305e+00
-7.58802168499e+00
-7.59207983882e+00
-7.58854029251e+00
-7.58904064689e+00
-7.58995772386e+00
-7.58746935932e+00
-7.58872095541e+00
-7.58943544685e+00
-7.58918833154e+00
-7.58920930315e+00
-7.59008963365e+00
-7.58932180926e+00
-7.58980174743e+00
-7.59092618686e+00
-7.58927496150e+00
-7.59021861892e+00
-7.58910686090e+00
-7.58805948561e+00
-7.59025273218e+00
-7.58930655418e+00
-7.58935635681e+00
-7.59057338930e+00
-7.58977301676e+00
-7.59022791766e+00
-7.58893531944e+00
-7.58896355765e+00
-7.58925406235e+00
-7.58886483999e+00
-7.59048151767e+00
-7.59133207992e+00
-7.58903192043e+00
-7.58977934312e+00
-7.59101248601e+00
-7.58944181688e+00
-7.59031745282e+00
-7.59060776418e+00
-7.58833686481e+00
-7.58824368271e+00
-7.58810816197e+00
-7.58969274798e+00
-7.59259858004e+00
-7.58971476250e+00
-7.59056097163e+00
-7.59078260563e+00
-7.59004035031e+00
-7.58832043716e+00
-7.59059111980e+00
-7.58959074805e+00
-7.59049021371e+00
-7.58988622465e+00
-7.58942930509e+00
-7.59192879344e+00
-7.58929395508e+00
-7.58862703972e+00
-7.59117863568e+00
-7.58928456907e+00
-7.59002243415e+00
-7.59055370344e+00
-7.58798950472e+00
-7.58904427334e+00
-7.59115181823e+00
-7.59017592272e+00
-7.59061545723e+00
-7.58947314143e+00
-7.58979558954e+00
-7.58918245611e+00
-7.58783835326e+00
-7.58890615708e+00
-7.58781669658e+00
-7.59076196292e+00
-7.59048213847e+00
-7.58949103120e+00
-7.58946008397e+00
-7.59274053462e+00
-7.58709029094e+00
-7.58890887795e+00
-7.58991624517e+00
-7.59293351911e+00
-7.59027257203e+00
-7.58934635984e+00
-7.59032038176e+00
-7.59034056972e+00
-7.59023940138e+00
-7.58950566746e+00