-4.41354654943e+00
-4.41432831018e+00
-4.41240959757e+00
-4.41377433985e+00
-4.41387072060e+00
-4.41331770888e+00
-4.41190613405e+00
-4.41243854168e+00
-4.41360346239e+00
-4.41365068219e+00
-4.41373260253e+00
-4.41397397479e+00
-4.41376533747e+00
-4.41117963538e+00
-4.41337848358e+00
-4.41338958822e+00
-4.41203081956e+00
-4.41346078105e+00
-4.41331729442e+00
-4.41215706347e+00
-4.41434155480e+00
-4.41246270313e+00
-4.41313841386e+00
-4.41267595761e+00
-4.41402425466e+00
-4.41268201575e+00
-4.41286786658e+00
-4.41418761876e+00
-4.41325504390e+00
-4.41284532147e+00
-4.41370850749e+00
-4.41297045455e+00
-4.41346533626e+00
-4.41399156457e+00
-4.41281180320e+00
-4.41229593579e+00
-4.41395289773e+00
-4.41327647300e+00
-4.41379376761e+00
-4.41253809156e+00
-4.41357323928e+00
-4.41323340501e+00
-4.41295244004e+00
-4.41276997331e+00
-4.41239492820e+00
-4.41239162444e+00
-4.41214661431e+00
-4.41349378579e+00
-4.41376166380e+00
-4.41466837770e+00
-4.41294357125e+00
-4.41447950684e+00
-4.41215200797e+00
-4.41317872121e+00
-4.41220823947e+00
-4.41228301413e+00
-4.41273758152e+00
-4.41265737168e+00
-4.41481488955e+00
-4.41356547543e+00
-4.41317932078e+00
-4.41229826397e+00
-4.41342923885e+00
-4.41253933825e+00
-4.41296311513e+00
-4.41370807386e+00
-4.41224607967e+00
-4.41398182544e+00
-4.41234145704e+00
-4.41340727718e+00
-4.41312583017e+00
-4.41395663760e+00
-4.41145150818e+00
-4.41355910637e+00
-4.41241716180e+00
-4.41344913678e+00
-4.41422167331e+00
-4.41366335502e+00
-4.41480739808e+00
-4.41442639397e+00
-4.41313255886e+00
-4.41284098295e+00
-4.41253248546e+00
-4.41235108223e+00
-4.41260851256e+00
-4.41396374632e+00
-4.41245240837e+00
-4.41212244427e+00
-4.41266910829e+00
-4.41316931918e+00
-4.41205192892e+00
-4.41171022086e+00
-4.41399909510e+00
-4.41320807258e+00
-4.41272156271e+00
-4.41178239538e+00
-4.41333830622e+00
-4.41272025835e+00
-4.41163360313e+00
-4.41228055605e+00
-4.41300346545e+00
-4.41333614457e+00
-4.41293658956e+00
-4.41346025859e+00
-4.41018456325e+00
-4.41190307691e+00
-4.41404338499e+00
-4.41206915255e+00
-4.41308525082e+00
-4.41281258406e+00
-4.41364705664e+00
-4.41369673787e+00
-4.41369359703e+00
-4.41097701176e+00
-4.41165461429e+00
-4.41464542180e+00
-4.41243009995e+00
-4.41287398465e+00
-4.41292858403e+00
-4.41279761805e+00
-4.41324141556e+00
-4.41365376732e+00
-4.41320708498e+00
-4.41307978316e+00
-4.41239704232e+00
-4.41185521527e+00
-4.41373080644e+00
-4.41326330382e+00
-4.41371197434e+00
-4.41226276228e+00
-4.41314013862e+00
-4.41341033888e+00
-4.41213512878e+00
-4.41216280128e+00
-4.41318049683e+00
-4.41291058919e+00
-4.41344262527e+00
-4.41418412939e+00
-4.41243406588e+00
-4.41292517442e+00
-4.41309966824e+00
-4.41342992067e+00
-4.41288827148e+00
-4.41262215852e+00
-4.41151582494e+00
-4.41341498990e+00
-4.41261694683e+00
-4.41305765494e+00
-4.41267432874e+00
-4.41358879001e+00
-4.41400061726e+00
-4.41318467773e+00
-4.41354379667e+00
-4.41180779048e+00
-4.41327663654e+00
-4.41351265695e+00
-4.41228084165e+00
-4.41306270881e+00
-4.41090997026e+00
-4.41258861082e+00
-4.41332735067e+00
-4.41332428922e+00
-4.41319718107e+00
-4.41426055564e+00
-4.41290352693e+00
-4.41343243163e+00
-4.41306591963e+00
-4.41361600516e+00
-4.41195217898e+00
-4.41307268274e+00
-4.41297192846e+00
-4.41226858459e+00
-4.41345852487e+00
-4.41185278420e+00
-4.41342214232e+00
-4.41303020838e+00
-4.41399299120e+00
-4.41391589201e+00
-4.41545254284e+00
-4.41191786909e+00
-4.41137686604e+00
-4.41059030130e+00
-4.41252264063e+00
-4.41416375179e+00
-4.41389494457e+00
-4.41352901229e+00
-4.41327946201e+00
-4.41384117311e+00
-4.41196467833e+00
-4.41322040745e+00
-4.41265705758e+00
-4.41415423615e+00
-4.41265670483e+00
-4.41234705929e+00
-4.41393247894e+00
-4.41161973509e+00
-4.41210390912e+00
-4.41273266816e+00
-4.41369800693e+00
-4.41217599982e+00
-4.41353782104e+00
-4.41436714371e+00
-4.41297797414e+00
-4.41523501603e+00
-4.41314330257e+00
-4.41306186611e+00
-4.41100136322e+00
-4.41133539481e+00
-4.41381292936e+00
-4.41322342461e+00
-4.41242916581e+00
-4.41341722479e+00
-4.41328544875e+00
-4.41267132017e+00
-4.41236876566e+00
-4.41350486782e+00
-4.41309706227e+00
-4.41370151547e+00
-4.41351422379e+00
-4.41179850425e+00
-4.41202886087e+00
-4.41205074561e+00
-4.41283943824e+00
-4.41348875290e+00
-4.41230846140e+00
-4.41286501066e+00
-4.41374689239e+00
-4.41298150229e+00
-4.41381087326e+00
-4.41157227127e+00
-4.41293691318e+00
-4.41282778814e+00
-4.41277508016e+00
-4.41336844607e+00
-4.41402944160e+00
-4.41450405526e+00
-4.41482456055e+00
-4.41310055186e+00
-4.41247891931e+00
-4.41325677471e+00
-4.41277588077e+00
-4.41267766032e+00
-4.41423085944e+00
-4.41233608279e+00
-4.41259696151e+00
-4.41242711182e+00
-4.41256337499e+00
-4.41329329497e+00
-4.41185028921e+00
-4.41301656240e+00
-4.41308111414e+00
-4.41259968384e+00
-4.41392945411e+00
-4.41120621836e+00
-4.41232916368e+00
-4.41400312455e+00
-4.41117145210e+00
-4.41466690582e+00
-4.41192369555e+00
-4.41398491199e+00
-4.41294901894e+00
-4.41198490690e+00
-4.41245005918e+00
-4.41284478159e+00
-4.41184755156e+00
-4.41238171169e+00
-4.41328744134e+00
-4.41254973151e+00
-4.41289420249e+00
-4.41495369463e+00
-4.41152906820e+00
-4.41341131195e+00
-4.41263161860e+00
-4.41285982343e+00
-4.41385078433e+00
-4.41123210002e+00
-4.41139769750e+00
-4.41399293567e+00
-4.41407152336e+00
-4.41223316781e+00
-4.41451028718e+00
-4.41316761451e+00
-4.41317890286e+00
-4.41179992938e+00
-4.41324500287e+00
-4.41194984472e+00
-4.41257114626e+00
-4.41271671909e+00
-4.41158987795e+00
-4.41293862108e+00
-4.41298059730e+00
-4.41305981643e+00
-4.41286140864e+00
-4.41401742724e+00
-4.41320262701e+00
-4.41343742144e+00
-4.41351534071e+00
-4.41346735693e+00
-4.41273924297e+00
-4.41337451540e+00
-4.41262546584e+00
-4.41322569685e+00
-4.41297447343e+00
-4.41370845537e+00
-4.41305572415e+00
-4.41332965009e+00
-4.41228881146e+00
-4.41350076012e+00
-4.41083765527e+00
-4.41291477065e+00
-4.41368855554e+00
-4.41357425034e+00
-4.41218109146e+00
-4.41289391690e+00
-4.41300772076e+00
-4.41423456435e+00
-4.41380186239e+00
-4.41294222496e+00
-4.41376947329e+00
-4.41153630036e+00
-4.41295113704e+00
-4.41385954583e+00
-4.41149954391e+00
-4.41141965975e+00
-4.41347756402e+00
-4.41267638162e+00
-4.41240116530e+00
-4.41236879535e+00
-4.41256520902e+00
-4.41332199967e+00
-4.41476826536e+00
-4.41323646796e+00
-4.41277712400e+00
-4.41340638140e+00
-4.41205083803e+00
-4.41345507285e+00
-4.41236490072e+00
-4.41335803845e+00
-4.41220537895e+00
-4.41326315970e+00
-4.41286470707e+00
-4.41245031075e+00
-4.41366261894e+00
-4.41320912368e+00
-4.41455563267e+00
-4.41317232965e+00
-4.41263544286e+00
-4.41175983270e+00
-4.41340982785e+00
-4.41273921385e+00
-4.41294923154e+00
-4.41348529615e+00
-4.41340297554e+00
-4.41441968964e+00
-4.41109625075e+00
-4.41330920835e+00
-4.41267931504e+00
-4.41140510150e+00
-4.41335534282e+00
-4.41302127609e+00
-4.41237909474e+00
-4.41457122752e+00
-4.41341673947e+00
-4.41201802702e+00
-4.41297645717e+00
-4.41356038927e+00
-4.41304980571e+00
-4.41352754577e+00
-4.41191003120e+00
-4.41280492171e+00
-4.41414757362e+00
-4.41223202615e+00
-4.41271967381e+00
-4.41253746431e+00
-4.41394808157e+00
-4.41304128172e+00
-4.41220396534e+00
-4.41396079096e+00
-4.41466095544e+00
-4.41242171819e+00
-4.41327499226e+00
-4.41234163793e+00
-4.41323127124e+00
-4.41274052780e+00
-4.41287297603e+00
-4.41248943573e+00
-4.41336457525e+00
-4.41299122887e+00
-4.41369443520e+00
-4.41397893201e+00
-4.41327701271e+00
-4.41399004369e+00
-4.41274024555e+00
-4.41222543761e+00
-4.41296032953e+00
-4.41196239218e+00
-4.41257104951e+00
-4.41139539482e+00
-4.41361750060e+00
-4.41209649084e+00
-4.41417487334e+00
-4.41173674716e+00
-4.41403000815e+00
-4.41245539077e+00
-4.41247680415e+00
-4.41322237854e+00
-4.41273943781e+00
-4.41288548563e+00
-4.41410165151e+00
-4.41345159552e+00
-4.41395648769e+00
-4.41191844441e+00
-4.41309574756e+00
-4.41230655721e+00
-4.41339086597e+00
-4.41423376006e+00
-4.41430994763e+00
-4.41208069537e+00
-4.41349993700e+00
-4.41368696438e+00
-4.41203094393e+00
-4.41367768164e+00
-4.41235578800e+00
-4.41284138590e+00
-4.41267220828e+00
-4.41234514385e+00
-4.41275456283e+00
-4.41222762014e+00
-4.41396352606e+00
-4.41263070473e+00
-4.41313147852e+00
-4.41268677285e+00
-4.41201299255e+00
-4.41312240416e+00
-4.41246441620e+00
-4.41308927585e+00
-4.41369144028e+00
-4.41268599990e+00
-4.41207931709e+00
-4.41351623218e+00
-4.41413537919e+00
-4.41271563361e+00
-4.41281434165e+00
-4.41258823033e+00
-4.41424362222e+00
-4.41270699168e+00
-4.41308890526e+00
-4.41243997356e+00
-4.41203110674e+00
-4.41272394349e+00
-4.41329571379e+00
-4.41229901278e+00
-4.41308422079e+00
-4.41278998870e+00
-4.41279105631e+00
-4.41215053414e+00
-4.41330513528e+00
-4.41344550927e+00
-4.41391984374e+00
-4.41425465258e+00
-4.41296176142e+00
-4.41287010976e+00
-4.41349264669e+00
-4.41194375312e+00
-4.41370600553e+00
-4.41408783698e+00
-4.41437111220e+00
-4.41218142324e+00
-4.41202722929e+00
-4.41240763421e+00
-4.41417821961e+00
-4.41289965699e+00
-4.41316797993e+00
-4.41337802673e+00
-4.41285092524e+00
-4.41289427398e+00
-4.41252555450e+00
-4.41342735061e+00
-4.41463911570e+00
-4.41383632257e+00
-4.41305919581e+00
-4.41277367243e+00
-4.41204287838e+00
-4.41307367650e+00
-4.41280782580e+00
-4.41287529115e+00
-4.41251627415e+00
-4.41161012580e+00
-4.41381024945e+00
-4.41298917810e+00
-4.41414424635e+00
-4.41154203079e+00
-4.41207185889e+00
-4.41425473689e+00
-4.41335164745e+00
-4.41239733104e+00
-4.41306976012e+00
-4.41427421079e+00
-4.41299587246e+00
-4.41243983008e+00
-4.41294737095e+00