2.34137835750e+00
2.34146305285e+00
2.34073211650e+00
2.34126945145e+00
2.34108993402e+00
2.34126537629e+00
2.34042645039e+00
2.34070576042e+00
2.34092321635e+00
2.34141602779e+00
2.34105860559e+00
2.34136284235e+00
2.34142078857e+00
2.34102839079e+00
2.34132109913e+00
2.34090127419e+00
2.34109033834e+00
2.34077455184e+00
2.34104874085e+00
2.34093263608e+00
2.34131820504e+00
2.34111038695e+00
2.34107686394e+00
2.34096371442e+00
2.34114165303e+00
2.34105418922e+00
2.34077327948e+00
2.34123582054e+00
2.34093764096e+00
2.34131698703e+00
2.34088285592e+00
2.34103199040e+00
2.34073187456e+00
2.34093031504e+00
2.34094552362e+00
2.34064891439e+00
2.34116255514e+00
2.34119201602e+00
2.34096716312e+00
2.34116148777e+00
2.34092242653e+00
2.34102740327e+00
2.34128556589e+00
2.34130871232e+00
2.34100981985e+00
2.34077151006e+00
2.34111559111e+00
2.34109770996e+00
2.34080772650e+00
2.34139389980e+00
2.34105443665e+00
2.34113280750e+00
2.34079839494e+00
2.34083870869e+00
2.34077862037e+00
2.34091296248e+00
2.34094927936e+00
2.34076726709e+00
2.34115685234e+00
2.34095002235e+00
2.34101799311e+00
2.34109476509e+00
2.34134996540e+00
2.34125907283e+00
2.34091104110e+00
2.34084767993e+00
2.34093341865e+00
2.34133954369e+00
2.34106686150e+00
2.34133412404e+00
2.34125205993e+00
2.34109121229e+00
2.34060626607e+00
2.34124943222e+00
2.34123616081e+00
2.34122651468e+00
2.34131311556e+00
2.34127180074e+00
2.34145477680e+00
2.34116326056e+00
2.34117071508e+00
2.34115667044e+00
2.34097854535e+00
2.34091645703e+00
2.34094420896e+00
2.34096140735e+00
2.34080718389e+00
2.34065535516e+00
2.34119253537e+00
2.34085215595e+00
2.34092789059e+00
2.34048213434e+00
2.34107659597e+00
2.34114905024e+00
2.34109739688e+00
2.34097552940e+00
2.34129130159e+00
2.34123001124e+00
2.34129954822e+00
2.34125222532e+00
2.34108157805e+00
2.34087208512e+00
2.34089953812e+00
2.34148305709e+00
2.34054123735e+00
2.34130769620e+00
2.34144992147e+00
2.34090311394e+00
2.34100775746e+00
2.34068734415e+00
2.34115361709e+00
2.34166103118e+00
2.34120117859e+00
2.34088158027e+00
2.34044231749e+00
2.34111352037e+00
2.34111054517e+00
2.34122256408e+00
2.34093222294e+00
2.34151161664e+00
2.34107498089e+00
2.34102414531e+00
2.34114108848e+00
2.34127753082e+00
2.34074283551e+00
2.34122424080e+00
2.34057789619e+00
2.34107374011e+00
2.34099992640e+00
2.34115041234e+00
2.34078951559e+00
2.34111704823e+00
2.34106719317e+00
2.34089977549e+00
2.34072829790e+00
2.34103673604e+00
2.34061922958e+00
2.34108287169e+00
2.34089374745e+00
2.34090220560e+00
2.34094337088e+00
2.34084680330e+00
2.34138736754e+00
2.34108470064e+00
2.34105225184e+00
2.34135269907e+00
2.34094537122e+00
2.34108685120e+00
2.34165112542e+00
2.34117150987e+00
2.34108628170e+00
2.34092813365e+00
2.34096440788e+00
2.34069070603e+00
2.34090686925e+00
2.34068818762e+00
2.34090426052e+00
2.34088541280e+00
2.34085552970e+00
2.34122451483e+00
2.34093566774e+00
2.34109609138e+00
2.34149462588e+00
2.34130680156e+00
2.34101902603e+00
2.34110758715e+00
2.34076930361e+00
2.34110159717e+00
2.34112751775e+00
2.34121325539e+00
2.34116895409e+00
2.34121797008e+00
2.34078240874e+00
2.34113268953e+00
2.34107944994e+00
2.34101330736e+00
2.34103396977e+00
2.34107157054e+00
2.34122830325e+00
2.34082988601e+00
2.34093804566e+00
2.34064559486e+00
2.34118506285e+00
2.34149456185e+00
2.34121523386e+00
2.34115640882e+00
2.34100260736e+00
2.34124812137e+00
2.34121340669e+00
2.34108006016e+00
2.34111535639e+00
2.34152702584e+00
2.34102755248e+00
2.34079559857e+00
2.34084652962e+00
2.34076086587e+00
2.34128778396e+00
2.34084346520e+00
2.34094761520e+00
2.34107897002e+00
2.34112167801e+00
2.34112264944e+00
2.34116978503e+00
2.34106917246e+00
2.34109221301e+00
2.34102912123e+00
2.34056028116e+00
2.34098341829e+00
2.34074706285e+00
2.34116937169e+00
2.34105067037e+00
2.34096019862e+00
2.34139414616e+00
2.34091929814e+00
2.34126126454e+00
2.34089895478e+00
2.34086672648e+00
2.34115082917e+00
2.34087671012e+00
2.34112625245e+00
2.34085778948e+00
2.34108963129e+00
2.34153189881e+00
2.34102833264e+00
2.34073860282e+00
2.34103807414e+00
2.34135732085e+00
2.34116191354e+00
2.34116932970e+00
2.34058023267e+00
2.34130646186e+00
2.34129671587e+00
2.34099602699e+00
2.34157430106e+00
2.34095622333e+00
2.34143752606e+00
2.34083248556e+00
2.34121901647e+00
2.34118927226e+00
2.34077343272e+00
2.34138220554e+00
2.34079014148e+00
2.34109953846e+00
2.34114256504e+00
2.34117784775e+00
2.34085763247e+00
2.34075049704e+00
2.34092550568e+00
2.34065793385e+00
2.34104302032e+00
2.34091903860e+00
2.34065584302e+00
2.34111098009e+00
2.34117972822e+00
2.34085737707e+00
2.34071935579e+00
2.34094764908e+00
2.34103313887e+00
2.34106125629e+00
2.34150547109e+00
2.34123339705e+00
2.34090737094e+00
2.34109355534e+00
2.34109577800e+00
2.34069495144e+00
2.34113670424e+00
2.34098764736e+00
2.34097686000e+00
2.34117380572e+00
2.34142181510e+00
2.34084742437e+00
2.34102164661e+00
2.34107059654e+00
2.34110112093e+00
2.34074653356e+00
2.34093658460e+00
2.34066504090e+00
2.34083585437e+00
2.34100657876e+00
2.34145011109e+00
2.34108217037e+00
2.34152288561e+00
2.34123402052e+00
2.34158517379e+00
2.34121413684e+00
2.34102145293e+00
2.34080677022e+00
2.34101383389e+00
2.34101906516e+00
2.34145050354e+00
2.34140173646e+00
2.34101998178e+00
2.34082974577e+00
2.34152463697e+00
2.34100805283e+00
2.34144674399e+00
2.34122062864e+00
2.34104193737e+00
2.34134088491e+00
2.34111622403e+00
2.34083718976e+00
2.34127356607e+00
2.34100489421e+00
2.34101068369e+00
2.34087346149e+00
2.34101781107e+00
2.34102513352e+00
2.34106937800e+00
2.34113962005e+00
2.34077901630e+00
2.34127812675e+00
2.34132395057e+00
2.34092182297e+00
2.34123134490e+00
2.34107806649e+00
2.34110586741e+00
2.34098821065e+00
2.34110252250e+00
2.34116644737e+00
2.34065891254e+00
2.34064667501e+00
2.34107586134e+00
2.34094150336e+00
2.34075199553e+00
2.34130364622e+00
2.34076078626e+00
2.34070801754e+00
2.34109283790e+00
2.34089976961e+00
2.34136446974e+00
2.34138559731e+00
2.34117644111e+00
2.34086710512e+00
2.34098851944e+00
2.34141410712e+00
2.34123535424e+00
2.34074970793e+00
2.34110863235e+00
2.34075036118e+00
2.34138171736e+00
2.34121850450e+00
2.34138305741e+00
2.34117395255e+00
2.34106454598e+00
2.34093932001e+00
2.34110617418e+00
2.34108201305e+00
2.34093373911e+00
2.34090413791e+00
2.34115285010e+00
2.34105110155e+00
2.34096532388e+00
2.34128037166e+00
2.34113305306e+00
2.34091731666e+00
2.34101708991e+00
2.34093784650e+00
2.34106881334e+00
2.34109727828e+00
2.34051934883e+00
2.34073750835e+00
2.34132282756e+00
2.34134758076e+00
2.34143446032e+00
2.34085375616e+00
2.34126406523e+00
2.34112666066e+00
2.34104551933e+00
2.34101071956e+00
2.34096466596e+00
2.34119563325e+00
2.34131272193e+00
2.34117533702e+00
2.34122581419e+00
2.34082347745e+00
2.34115158910e+00
2.34112525330e+00
2.34122107963e+00
2.34085350836e+00
2.34099636839e+00
2.34126371859e+00
2.34077715421e+00
2.34107143241e+00
2.34097809797e+00
2.34081460970e+00
2.34095097096e+00
2.34129963511e+00
2.34121840451e+00
2.34146353383e+00
2.34149670301e+00
2.34091697631e+00
2.34093426162e+00
2.34144753530e+00
2.34101961609e+00
2.34143086909e+00
2.34074898738e+00
2.34094416239e+00
2.34064158710e+00
2.34105217519e+00
2.34083248713e+00
2.34109833763e+00
2.34096219298e+00
2.34128900667e+00
2.34122819701e+00
2.34089293939e+00
2.34086369538e+00
2.34095989898e+00
2.34093059548e+00
2.34104084140e+00
2.34083038213e+00
2.34099437664e+00
2.34078493687e+00
2.34115557167e+00
2.34136518477e+00
2.34105620881e+00
2.34116023620e+00
2.34074537378e+00
2.34073600709e+00
2.34116556021e+00
2.34119580656e+00
2.34081369182e+00
2.34092171510e+00
2.34093829754e+00
2.34118969345e+00
2.34130597764e+00
2.34077151166e+00
2.34134479356e+00
2.34059894305e+00
2.34066710865e+00
2.34112839083e+00
2.34099608131e+00
2.34102582596e+00
2.34110753314e+00
2.34085490834e+00
2.34087140609e+00
2.34112265443e+00
2.34076735572e+00
2.34117791444e+00
2.34115449498e+00
2.34116868445e+00
2.34097363303e+00
2.34090933471e+00
2.34092641428e+00
2.34112166336e+00
2.34096861628e+00
2.34102832619e+00
2.34113624958e+00
2.34079576278e+00
2.34076098155e+00
2.34102971497e+00
2.34075341302e+00
2.34059964244e+00
2.34074013387e+00
2.34112385487e+00
2.34089662833e+00
2.34103208191e+00
2.34114382173e+00
2.34118044700e+00
2.34136881578e+00
2.34105390660e+00
2.34063410578e+00
2.34108330665e+00
2.34143380810e+00
2.34054703703e+00
2.34156839919e+00
2.34113039072e+00
2.34110076331e+00
2.34131009271e+00
2.34095616494e+00
2.34120426591e+00
2.34103824665e+00
2.34088123633e+00
2.34092256209e+00
2.34134181246e+00
2.34076065610e+00
2.34088079654e+00
2.34095003696e+00
2.34121904733e+00
2.34079956536e+00
2.34124884540e+00
2.34156795474e+00
2.34073607955e+00
2.34073576943e+00
2.34088627176e+00
2.34098312280e+00
2.34109799932e+00
2.34105999336e+00
2.34067341320e+00
2.34162668557e+00
2.34065167673e+00
2.34119463056e+00
2.34072548720e+00
2.34080123280e+00
2.34122962168e+00
2.34119919898e+00
2.34092812860e+00
2.34124032502e+00
2.34164194588e+00
2.34098593126e+00
2.34090188866e+00
2.34104935141e+00