-2.66572349579e+00
-2.66096437938e+00
-2.66226597825e+00
-2.66616665466e+00
-2.66508591933e+00
-2.66374331042e+00
-2.66417712682e+00
-2.66471812105e+00
-2.66601199848e+00
-2.66889885404e+00
-2.66300762300e+00
-2.66487917514e+00
-2.66511677833e+00
-2.66488864506e+00
-2.66125089557e+00
-2.66543046424e+00
-2.66661820383e+00
-2.66318445269e+00
-2.66584447724e+00
-2.66410977197e+00
-2.66716364235e+00
-2.66645622288e+00
-2.66503919351e+00
-2.66505777245e+00
-2.66604806072e+00
-2.66443485708e+00
-2.66445094229e+00
-2.66602210739e+00
-2.66337844155e+00
-2.66516447516e+00
-2.66578133872e+00
-2.66447563862e+00
-2.66140650070e+00
-2.66190926742e+00
-2.66687407555e+00
-2.66476660898e+00
-2.66455385165e+00
-2.66551779622e+00
-2.65969609474e+00
-2.66255471289e+00
-2.66499293811e+00
-2.66514318656e+00
-2.66403986108e+00
-2.66467427098e+00
-2.66526557986e+00
-2.66768265672e+00
-2.66821017622e+00
-2.66511394829e+00
-2.66344145078e+00
-2.66419493327e+00
-2.66127255709e+00
-2.66350579830e+00
-2.66510302316e+00
-2.66399532560e+00
-2.66527036780e+00
-2.66562796748e+00
-2.66547208564e+00
-2.66446003340e+00
-2.66307810905e+00
-2.66310284396e+00
-2.66428230158e+00
-2.66479683315e+00
-2.65998790148e+00
-2.66549965089e+00
-2.66402374019e+00
-2.66447820998e+00
-2.66656434188e+00
-2.66496009638e+00
-2.66582294891e+00
-2.66382743510e+00
-2.66755852392e+00
-2.66447205765e+00
-2.66691825419e+00
-2.66575580325e+00
-2.66497993114e+00
-2.66322058158e+00
-2.66230746232e+00
-2.66417719777e+00
-2.66208292839e+00
-2.66341810695e+00
-2.66605494971e+00
-2.66602957054e+00
-2.66384245540e+00
-2.66474192827e+00
-2.66630648865e+00
-2.66328421178e+00
-2.66227746676e+00
-2.66287810466e+00
-2.66546301058e+00
-2.66402912607e+00
-2.66713002051e+00
-2.66264116998e+00
-2.66384681671e+00
-2.66194832581e+00
-2.66439350892e+00
-2.66440717075e+00
-2.66442006340e+00
-2.66748617854e+00
-2.66450245549e+00
-2.66326997712e+00
-2.66651596569e+00
-2.66400781164e+00
-2.66396170149e+00
-2.66650247220e+00
-2.66469673611e+00
-2.66202016859e+00
-2.66582936032e+00
-2.66540281263e+00
-2.66119612926e+00
-2.66264347379e+00
-2.66193053962e+00
-2.66455605800e+00
-2.66638443084e+00
-2.66320793564e+00
-2.66514407983e+00
-2.66457526686e+00
-2.66658694666e+00
-2.66597379304e+00
-2.66324000368e+00
-2.66519743260e+00
-2.66557590746e+00
-2.66419273225e+00
-2.66467394318e+00
-2.66864090998e+00
-2.66330009851e+00
-2.66580440758e+00
-2.66633567232e+00
-2.66488105743e+00
-2.66504631460e+00
-2.66153973413e+00
-2.66573139596e+00
-2.66596733246e+00
-2.66357808873e+00
-2.66489728730e+00
-2.66480817359e+00
-2.66215284597e+00
-2.66494663815e+00
-2.66308501212e+00
-2.66454834544e+00
-2.66274951598e+00
-2.66500465840e+00
-2.66073362649e+00
-2.66461625871e+00
-2.66624609313e+00
-2.66345279111e+00
-2.66466624305e+00
-2.66456371465e+00
-2.66790774665e+00
-2.66413359624e+00
-2.66422873193e+00
-2.66688673238e+00
-2.66384851208e+00
-2.66311787299e+00
-2.66385720923e+00
-2.66543529303e+00
-2.66355690624e+00
-2.66516604442e+00
-2.66151226661e+00
-2.66402565876e+00
-2.66635648890e+00
-2.66468602065e+00
-2.66585778646e+00
-2.66468047218e+00
-2.66630979134e+00
-2.66548376961e+00
-2.66392131114e+00
-2.66582836064e+00
-2.66472239545e+00
-2.66054109172e+00
-2.66588703979e+00
-2.66545102516e+00
-2.66231680939e+00
-2.66374301645e+00
-2.66410286971e+00
-2.66347269545e+00
-2.66575714695e+00
-2.66538662198e+00
-2.66578967055e+00
-2.66295503575e+00
-2.66374837132e+00
-2.66624521724e+00
-2.66566549027e+00
-2.66439458419e+00
-2.66411050954e+00
-2.66637122514e+00
-2.66198468141e+00
-2.66251055796e+00
-2.66460377654e+00
-2.66404355787e+00
-2.66187886672e+00
-2.66139715828e+00
-2.66241780992e+00
-2.66377298327e+00
-2.66455876652e+00
-2.66513028504e+00
-2.66105491887e+00
-2.66452916163e+00
-2.66357781063e+00
-2.66429722027e+00
-2.66452581479e+00
-2.66487152761e+00
-2.65991183252e+00
-2.66488264743e+00
-2.66329599537e+00
-2.66581757388e+00
-2.66289143625e+00
-2.66591724982e+00
-2.66749444915e+00
-2.66267161423e+00
-2.66515128912e+00
-2.66692008188e+00
-2.66297244922e+00
-2.66511569258e+00
-2.66270008342e+00
-2.66763737130e+00
-2.66519550713e+00
-2.66506002344e+00
-2.66506169393e+00
-2.66549280034e+00
-2.66425249440e+00
-2.66477739495e+00
-2.66210835824e+00
-2.66473567857e+00
-2.66323410295e+00
-2.66394956022e+00
-2.66258087778e+00
-2.66181732034e+00
-2.66395923090e+00
-2.66350331258e+00
-2.66533767298e+00
-2.66310957719e+00
-2.66331766148e+00
-2.66584418985e+00
-2.66319749177e+00
-2.66504628634e+00
-2.66513610329e+00
-2.66304592623e+00
-2.66605190791e+00
-2.66600438506e+00
-2.66489546594e+00
-2.66564066883e+00
-2.66593379715e+00
-2.66356739463e+00
-2.66449149647e+00
-2.66670260642e+00
-2.66680171617e+00
-2.66458478907e+00
-2.66354494748e+00
-2.66634133835e+00
-2.66714131965e+00
-2.66624284470e+00
-2.66330462643e+00
-2.66453635836e+00
-2.66587313017e+00
-2.66328436935e+00
-2.66382927580e+00
-2.66506048879e+00
-2.66242876439e+00
-2.66468794327e+00
-2.66695809475e+00
-2.66892201846e+00
-2.66451178281e+00
-2.66430839726e+00
-2.66757816990e+00
-2.66248383130e+00
-2.66229026342e+00
-2.66208644633e+00
-2.66515208780e+00
-2.66320896159e+00
-2.66378066452e+00
-2.66333387587e+00
-2.66036400645e+00
-2.66292117093e+00
-2.66635384375e+00
-2.66250291711e+00
-2.66277764841e+00
-2.66527482296e+00
-2.66462649967e+00
-2.66597371668e+00
-2.66542816066e+00
-2.66671903252e+00
-2.66516971915e+00
-2.66459518899e+00
-2.66434748730e+00
-2.66514775020e+00
-2.66887486280e+00
-2.66509482007e+00
-2.66462350907e+00
-2.66642687752e+00
-2.66496910458e+00
-2.66451569709e+00
-2.66467955478e+00
-2.66327740717e+00
-2.66456369141e+00
-2.66167250555e+00
-2.66334049744e+00
-2.66165221153e+00
-2.66487402627e+00
-2.66509267600e+00
-2.66663213988e+00
-2.66480613146e+00
-2.66410300402e+00
-2.66272723224e+00
-2.66725105735e+00
-2.66129756875e+00
-2.66283311978e+00
-2.66521594851e+00
-2.66486297559e+00
-2.66332379779e+00
-2.66628886122e+00
-2.66245248757e+00
-2.66695292927e+00
-2.66200446180e+00
-2.66395403104e+00
-2.66381100361e+00
-2.66432670079e+00
-2.66485360981e+00
-2.66558087769e+00
-2.66284040648e+00
-2.66589330077e+00
-2.66709471699e+00
-2.66133674639e+00
-2.66595738944e+00
-2.66596092038e+00
-2.66705207743e+00
-2.66226968702e+00
-2.66424863780e+00
-2.66543793875e+00
-2.66685425766e+00
-2.66469089535e+00
-2.66599958501e+00
-2.66475299541e+00
-2.66292398283e+00
-2.66344046277e+00
-2.66155240307e+00
-2.66257765287e+00
-2.66600677435e+00
-2.66423027452e+00
-2.66664591496e+00
-2.66528776390e+00
-2.66456408447e+00
-2.66356679227e+00
-2.66454874974e+00
-2.66458093177e+00
-2.66531633123e+00
-2.66539132810e+00
-2.66604481292e+00
-2.66423062332e+00
-2.66399764718e+00
-2.66362907661e+00
-2.66358829036e+00
-2.66449312458e+00
-2.66416596075e+00
-2.66667606043e+00
-2.66543814663e+00
-2.66439993202e+00
-2.66692988287e+00
-2.66685320333e+00
-2.66563734827e+00
-2.66352238823e+00
-2.66259431606e+00
-2.66654386282e+00
-2.66528494809e+00
-2.66285097030e+00
-2.66633729289e+00
-2.66387483309e+00
-2.66171074644e+00
-2.66530946486e+00
-2.66403759760e+00
-2.66451836535e+00
-2.66509754383e+00
-2.66859913340e+00
-2.66469391332e+00
-2.66534034504e+00
-2.66611871558e+00
-2.66402860315e+00
-2.66624950992e+00
-2.66430490793e+00
-2.66311686669e+00
-2.66219390422e+00
-2.66563630710e+00
-2.66371970000e+00
-2.66259594200e+00
-2.66289099694e+00
-2.66249442262e+00
-2.66415545555e+00
-2.66580201541e+00
-2.66613978817e+00
-2.66542433856e+00
-2.66766501157e+00
-2.66297252451e+00
-2.66295113220e+00
-2.66630296035e+00
-2.66625443032e+00
-2.66609482019e+00
-2.66745367243e+00
-2.66550744210e+00
-2.66314522065e+00
-2.66575398127e+00
-2.66437788132e+00
-2.66275342848e+00
-2.66538712834e+00
-2.66244666253e+00
-2.66536572001e+00
-2.66490177885e+00
-2.66358970316e+00
-2.66656868359e+00
-2.66234326350e+00
-2.66494538978e+00
-2.66194571662e+00
-2.66171325432e+00
-2.66069849641e+00
-2.66423766564e+00
-2.66417642581e+00
-2.65912308797e+00
-2.66504513534e+00
-2.66608408085e+00
-2.66395385839e+00
-2.66349063115e+00
-2.66550460160e+00
-2.66251055476e+00
-2.66229391740e+00
-2.66210101105e+00
-2.66504661316e+00
-2.66393207140e+00
-2.66569954576e+00
-2.66536744163e+00
-2.66305615784e+00
-2.66543984164e+00
-2.66494161269e+00
-2.66361571644e+00
-2.66355980086e+00
-2.66126267978e+00
-2.66632386699e+00
-2.66075624792e+00
-2.66473968136e+00
-2.66341970332e+00
-2.66602737026e+00
-2.66560349984e+00
-2.66313801332e+00
-2.66374027509e+00
-2.66595151609e+00
-2.66591376811e+00
-2.66475017266e+00
-2.66603897856e+00
-2.66769276755e+00
-2.66602092774e+00
-2.66645155307e+00
-2.66533580851e+00
-2.66485572354e+00
-2.66417513179e+00
-2.66528747969e+00
-2.66566261540e+00
-2.66452163475e+00
-2.66374707375e+00
-2.66429010808e+00
-2.66482535335e+00
-2.66371491427e+00
-2.66610261732e+00
-2.66294119301e+00
-2.66506787181e+00
-2.66662819218e+00
-2.66361343934e+00
-2.66517066723e+00
-2.66514292367e+00
-2.66356412984e+00
-2.66208980575e+00
-2.66569664259e+00
-2.66697850536e+00
-2.66381227626e+00
-2.66282508126e+00
-2.66614232316e+00
-2.66305920338e+00
-2.66656856517e+00
-2.66169443599e+00
-2.66536737965e+00
-2.66812622597e+00
-2.66495119917e+00
-2.66239440514e+00
-2.66501069565e+00
-2.66468396366e+00
-2.66456135106e+00
-2.66590299449e+00
-2.66432177355e+00
-2.66275234035e+00
-2.66579913703e+00
-2.66372719248e+00
-2.66705755779e+00
-2.66493463200e+00
-2.66463825643e+00
-2.66394022972e+00
-2.66387262898e+00
-2.66706398801e+00
-2.66730885364e+00
-2.66777276523e+00
-2.66291844857e+00
-2.66472831272e+00
-2.66597615003e+00
-2.66527976880e+00
-2.66163234530e+00
-2.66447022305e+00