2.37687376398e+00
2.37677758766e+00
2.37958851520e+00
2.38612030160e+00
2.37549955933e+00
2.38055346362e+00
2.37353466572e+00
2.37335872771e+00
2.38024098823e+00
2.38437732935e+00
2.37402578042e+00
2.36286760428e+00
2.38701152325e+00
2.36712981594e+00
2.37544806656e+00
2.37987967019e+00
2.37207346396e+00
2.36987542330e+00
2.38266428279e+00
2.37502453827e+00
2.38327362865e+00
2.39672680501e+00
2.37373194543e+00
2.37731998834e+00
2.36920251587e+00
2.37514463038e+00
2.37429152853e+00
2.38142965263e+00
2.38414454894e+00
2.37771605553e+00
2.38037502589e+00
2.37051830262e+00
2.36859900640e+00
2.38237747226e+00
2.38266315331e+00
2.37161768974e+00
2.38007995984e+00
2.38068957083e+00
2.37482341269e+00
2.37335308510e+00
2.37312549339e+00
2.37174604466e+00
2.38323198218e+00
2.37531131523e+00
2.37793666337e+00
2.37511745378e+00
2.37688823694e+00
2.37567392340e+00
2.38198006354e+00
2.37910402417e+00
2.37877306273e+00
2.36749109899e+00
2.37815741023e+00
2.37313442528e+00
2.37661078394e+00
2.37693170758e+00
2.36502596508e+00
2.36482408420e+00
2.38468776886e+00
2.37436020167e+00
2.37452027256e+00
2.38249969450e+00
2.38542179835e+00
2.37102648601e+00
2.38258547729e+00
2.37452136283e+00
2.37992372651e+00
2.37521181066e+00
2.37075966682e+00
2.37132624826e+00
2.37930409719e+00
2.37397897297e+00
2.38223004600e+00
2.37623463696e+00
2.37827874283e+00
2.37901726789e+00
2.38722486202e+00
2.38280266293e+00
2.38207268200e+00
2.37379596180e+00
2.37926377712e+00
2.38107440038e+00
2.37506316615e+00
2.37331517079e+00
2.36935669544e+00
2.37344768319e+00
2.37697576084e+00
2.37792873337e+00
2.37933611881e+00
2.37108633347e+00
2.37060758521e+00
2.37153375941e+00
2.37768558987e+00
2.37895504132e+00
2.38280054659e+00
2.38219418133e+00
2.37451563261e+00
2.38155732857e+00
2.37960700248e+00
2.38252869863e+00
2.38038220553e+00
2.37554556136e+00
2.37460761885e+00
2.38383594257e+00
2.37282031422e+00
2.37766710748e+00
2.39281586950e+00
2.37669267724e+00
2.37268546001e+00
2.37951315807e+00
2.37904266934e+00
2.38080095612e+00
2.38078585335e+00
2.38452647278e+00
2.36567789552e+00
2.38015363895e+00
2.38003912847e+00
2.38149273332e+00
2.38135891090e+00
2.38633844125e+00
2.37092963512e+00
2.38615225034e+00
2.37095939733e+00
2.37677027747e+00
2.36981039321e+00
2.37579236534e+00
2.37225514350e+00
2.37707335581e+00
2.37783510451e+00
2.37503621780e+00
2.37300243837e+00
2.37885800512e+00
2.37777810949e+00
2.37578433659e+00
2.37639506155e+00
2.37237954469e+00
2.37746155382e+00
2.37274011892e+00
2.37839842717e+00
2.37595844703e+00
2.37608161962e+00
2.37261558394e+00
2.38073034055e+00
2.38243397883e+00
2.36974214694e+00
2.37121506810e+00
2.37176459667e+00
2.38045648110e+00
2.37448761072e+00
2.38298351284e+00
2.36782797188e+00
2.37714419721e+00
2.37553715921e+00
2.37720603520e+00
2.37762053010e+00
2.38596221598e+00
2.37279725610e+00
2.38000362876e+00
2.37896467588e+00
2.37441366268e+00
2.37906450992e+00
2.38938265919e+00
2.37470576912e+00
2.39029862418e+00
2.37222988665e+00
2.37453138906e+00
2.37471506125e+00
2.37383633357e+00
2.37846678333e+00
2.37778533309e+00
2.37294281717e+00
2.37744824575e+00
2.37836523307e+00
2.37285724075e+00
2.37898634144e+00
2.37588968439e+00
2.37729242043e+00
2.36975775481e+00
2.38130698091e+00
2.38111431355e+00
2.37533814043e+00
2.38181788521e+00
2.37651648055e+00
2.37370562126e+00
2.38381233939e+00
2.38544525392e+00
2.37377664056e+00
2.37710038583e+00
2.37638570407e+00
2.37348747601e+00
2.36957651407e+00
2.37719117808e+00
2.38243506411e+00
2.36379221480e+00
2.37415428654e+00
2.37360005300e+00
2.37395933770e+00
2.37568232233e+00
2.37661972063e+00
2.38250114462e+00
2.37437248158e+00
2.38752609607e+00
2.37395299106e+00
2.36830161768e+00
2.37525921608e+00
2.37444175607e+00
2.36494803992e+00
2.38584975210e+00
2.37610560746e+00
2.38300816026e+00
2.37152340230e+00
2.37487056099e+00
2.37252920046e+00
2.37874154010e+00
2.38098787251e+00
2.37379029053e+00
2.37384887111e+00
2.37732509582e+00
2.38023163237e+00
2.37506942445e+00
2.37310113111e+00
2.37683641672e+00
2.37251319464e+00
2.37574733293e+00
2.38390122533e+00
2.37212601824e+00
2.37122918575e+00
2.37160642030e+00
2.38239952180e+00
2.37104836705e+00
2.36197664370e+00
2.37820856488e+00
2.37661541535e+00
2.38783321255e+00
2.37276829051e+00
2.37448147316e+00
2.38155372383e+00
2.38005557039e+00
2.37350633427e+00
2.37762152160e+00
2.37780793126e+00
2.37652054217e+00
2.38007124361e+00
2.37644963638e+00
2.38107085781e+00
2.37003962437e+00
2.37438805218e+00
2.37749081498e+00
2.36565395123e+00
2.37840754207e+00
2.37097238495e+00
2.37383591502e+00
2.37197659265e+00
2.37071112323e+00
2.37551539051e+00
2.37963514098e+00
2.37506442995e+00
2.37191109730e+00
2.38142101409e+00
2.38657937511e+00
2.37968856558e+00
2.37767593532e+00
2.37847081469e+00
2.38676615030e+00
2.37815987870e+00
2.37537143325e+00
2.37181479815e+00
2.38759525730e+00
2.36884108770e+00
2.38896099848e+00
2.36421847974e+00
2.38246852001e+00
2.38011925883e+00
2.38385463968e+00
2.37889391070e+00
2.38067336116e+00
2.37564590868e+00
2.37180332761e+00
2.37486751723e+00
2.37765799354e+00
2.37660692405e+00
2.37272295123e+00
2.38541779618e+00
2.37537598900e+00
2.37639919070e+00
2.37533228753e+00
2.37320755814e+00
2.37187017118e+00
2.36933963328e+00
2.38683778026e+00
2.38075480284e+00
2.36980094453e+00
2.37958701128e+00
2.37596601545e+00
2.38176770117e+00
2.37269905716e+00
2.37954372733e+00
2.37360100249e+00
2.39221682040e+00
2.38299180123e+00
2.37142979962e+00
2.38446320771e+00
2.37074454153e+00
2.37408239761e+00
2.37364291416e+00
2.37253554346e+00
2.36232092345e+00
2.36979976350e+00
2.38443583410e+00
2.37491201651e+00
2.37321288844e+00
2.37354617364e+00
2.37552766733e+00
2.38130596271e+00
2.37707742790e+00
2.36606559247e+00
2.38058682159e+00
2.37691453939e+00
2.37235885761e+00
2.37720027589e+00
2.38394433732e+00
2.37106202762e+00
2.37075992433e+00
2.37966472062e+00
2.37570386455e+00
2.37410133245e+00
2.38125054791e+00
2.38268832141e+00
2.37136009734e+00
2.38316174914e+00
2.37328944869e+00
2.36970886847e+00
2.37190874479e+00
2.37713706928e+00
2.38123238481e+00
2.36492020996e+00
2.37833444118e+00
2.38050977398e+00
2.37445093884e+00
2.37462598747e+00
2.36747952098e+00
2.37357695159e+00
2.38571006326e+00
2.37680082006e+00
2.37990526416e+00
2.37380687584e+00
2.37980189273e+00
2.36481414958e+00
2.37433042207e+00
2.38385018229e+00
2.38109233176e+00
2.38347212835e+00
2.37968149131e+00
2.38274270327e+00
2.38039014544e+00
2.37757835820e+00
2.38275869959e+00
2.37652647083e+00
2.38126400241e+00
2.37355774265e+00
2.38322171495e+00
2.38140091541e+00
2.38847204410e+00
2.38941316225e+00
2.36662930635e+00
2.38042578756e+00
2.37561066240e+00
2.37337905397e+00
2.37495801429e+00
2.37260392261e+00
2.38153261553e+00
2.38449512109e+00
2.37004303570e+00
2.37335967864e+00
2.36990040220e+00
2.37410613491e+00
2.38250280038e+00
2.37664941424e+00
2.37051857484e+00
2.37610136479e+00
2.37177683426e+00
2.37445524188e+00
2.37478829571e+00
2.38821264969e+00
2.37920531907e+00
2.37385443017e+00
2.37587710353e+00
2.37264139356e+00
2.38814182840e+00
2.37830226805e+00
2.37040741550e+00
2.37891076518e+00
2.38137390443e+00
2.37216153702e+00
2.38061442407e+00
2.37481399758e+00
2.37662963596e+00
2.37639141025e+00
2.37332292130e+00
2.36537030534e+00
2.37465776733e+00
2.37095639507e+00
2.37923384796e+00
2.37412362352e+00
2.37653839794e+00
2.37591030145e+00
2.38036123560e+00
2.37271129477e+00
2.36846728179e+00
2.37198063957e+00
2.37826452973e+00
2.37749858541e+00
2.37144352305e+00
2.36892267185e+00
2.36612179953e+00
2.37072870056e+00
2.38785348617e+00
2.38099710049e+00
2.37670359488e+00
2.37322802613e+00
2.37723684589e+00
2.37023078157e+00
2.37497061433e+00
2.38014230594e+00
2.38232264954e+00
2.37804505954e+00
2.38572248805e+00
2.37931991244e+00
2.37604016656e+00
2.37881790490e+00
2.38011378664e+00
2.36527669966e+00
2.37590157558e+00
2.36640966455e+00
2.38323095542e+00
2.36960498838e+00
2.37476750037e+00
2.37627390806e+00
2.37175092755e+00
2.37098292760e+00
2.38516713492e+00
2.37009672075e+00
2.37459700847e+00
2.37955107422e+00
2.38235561285e+00
2.38150117866e+00
2.38438551236e+00
2.37995472230e+00
2.37061664017e+00
2.37255380228e+00
2.37298745594e+00
2.38253349364e+00
2.37443539419e+00
2.37999893564e+00
2.37442934006e+00
2.38186939457e+00
2.37539857374e+00
2.38451438042e+00
2.38019246729e+00
2.37201887533e+00
2.37421277293e+00
2.38309011006e+00
2.37617623884e+00
2.37350615799e+00
2.37834054195e+00
2.37681060120e+00
2.38565955130e+00
2.37410317571e+00
2.37656357719e+00
2.38345602297e+00
2.38251769488e+00
2.37813692412e+00
2.37709306806e+00
2.37619371046e+00
2.36897231521e+00
2.38205475362e+00
2.37890057321e+00
2.37197127274e+00
2.37562936569e+00
2.38072950758e+00
2.38047880740e+00
2.38185819263e+00
2.37601822211e+00
2.38253917389e+00
2.37177528702e+00
2.38586887244e+00
2.38001256879e+00
2.37493378612e+00
2.38174814494e+00
2.38377874106e+00
2.37138154300e+00
2.37453339575e+00
2.37923528139e+00
2.37169022146e+00
2.37662646036e+00
2.37408963376e+00
2.37695378995e+00
2.37486609136e+00
2.36333197791e+00
2.37543906561e+00
2.37681823817e+00