8.98989888779e-01
8.99153332864e-01
8.97662241225e-01
8.98292409709e-01
8.94606350870e-01
8.98456200681e-01
8.99051765384e-01
8.95574328851e-01
8.98462142614e-01
8.95662854510e-01
8.97179315623e-01
8.96583381980e-01
8.96013710960e-01
8.99563142179e-01
8.95155670721e-01
8.97375122021e-01
8.96095322349e-01
8.95955992782e-01
8.95874269252e-01
8.96000391110e-01
8.95645228573e-01
8.97683871916e-01
8.95586782001e-01
8.95802994037e-01
8.96159747353e-01
8.97095679472e-01
8.95789662885e-01
8.97686794137e-01
8.96635644825e-01
8.98120114152e-01
8.96643437049e-01
8.96039760638e-01
8.97622400168e-01
8.97666400689e-01
8.95814658044e-01
8.94895950178e-01
8.95977608549e-01
8.98159553290e-01
8.98969526569e-01
8.93260682249e-01
8.99167557554e-01
8.96532786417e-01
8.98403452159e-01
8.96914222038e-01
8.96710316260e-01
8.95793458144e-01
8.97091023616e-01
8.95722705010e-01
8.93908378959e-01
8.95464022433e-01
8.96042036364e-01
8.95701175782e-01
8.95616907749e-01
8.97345245493e-01
8.98610753879e-01
8.94622990417e-01
8.95496703210e-01
8.97919218740e-01
8.97284712892e-01
8.94560582284e-01
8.96224301186e-01
8.96878358303e-01
8.94959345187e-01
8.98082617959e-01
8.96963314893e-01
8.96441033595e-01
8.95360381177e-01
8.98415012766e-01
8.96061397185e-01
8.96051225805e-01
8.96112329161e-01
8.99001913775e-01
8.96286226984e-01
8.98262937661e-01
8.96750717426e-01
8.97156046419e-01
8.98633237102e-01
8.96929921955e-01
8.95831292743e-01
8.94165077021e-01
8.97307163645e-01
8.98273660108e-01
8.96111844053e-01
8.94662947336e-01
8.94425045626e-01
8.96351878971e-01
8.95200360143e-01
8.97066845479e-01
8.95712408212e-01
8.96300058268e-01
8.98590161217e-01
8.95087695013e-01
8.97961298941e-01
8.98143558076e-01
8.95480283108e-01
8.97499027648e-01
8.95686412264e-01
8.95381203913e-01
8.97209526820e-01
8.97923345420e-01
8.95805660490e-01
8.95224503211e-01
8.95964390167e-01
8.97049498393e-01
8.98145597033e-01
8.95675833005e-01
8.97146121258e-01
8.97290873437e-01
8.96698361323e-01
8.97048520213e-01
8.94984526660e-01
8.98322593098e-01
8.97152945943e-01
8.97988710649e-01
8.96235513926e-01
8.95679534359e-01
8.96912642061e-01
8.97949003261e-01
8.96520138143e-01
8.94815539432e-01
8.95518771681e-01
8.97857228679e-01
8.95140265922e-01
8.96621579362e-01
8.96231768829e-01
8.97346676152e-01
8.97702409530e-01
8.95051240542e-01
8.96367437520e-01
8.95918656896e-01
8.95603054377e-01
8.95911336111e-01
8.96315245201e-01
8.96330529566e-01
8.98482860172e-01
8.96599324109e-01
8.96334688695e-01
8.97105955686e-01
8.97370267229e-01
8.96781757969e-01
8.97162411861e-01
8.95889612413e-01
8.95672300344e-01
8.99766942340e-01
8.97637221883e-01
8.97478645944e-01
8.98916172053e-01
8.96500549551e-01
8.96217477800e-01
8.97609271511e-01
8.96398731883e-01
8.95521939127e-01
8.99090630305e-01
8.96654585860e-01
8.97288831032e-01
8.97987163645e-01
8.95264118983e-01
8.94896559054e-01
8.96772366924e-01
8.97313186082e-01
8.97637452854e-01
8.97014402236e-01
8.96728743939e-01
8.95987299611e-01
8.96553600266e-01
8.98471164641e-01
8.97808362171e-01
8.96587151940e-01
8.98296921664e-01
8.96763109532e-01
8.96523577317e-01
8.97599072336e-01
8.95478399953e-01
8.95797858516e-01
8.97389219718e-01
8.95409511686e-01
8.96064272810e-01
8.95313998644e-01
8.97674563036e-01
8.96016598827e-01
8.96253880685e-01
8.97050535656e-01
8.97433410065e-01
8.96739869580e-01
8.93690789111e-01
8.96903948215e-01
8.94477326071e-01
8.98944647429e-01
8.97402809079e-01
8.96260322704e-01
8.95864123530e-01
8.94526731104e-01
8.94623421609e-01
8.97673541765e-01
8.95048770921e-01
8.97692331062e-01
8.95078749985e-01
8.97411464352e-01
8.96688650111e-01
8.95661370776e-01
8.96056515741e-01
8.95657607259e-01
8.96893542978e-01
8.97709812382e-01
8.96930530902e-01
8.99649911520e-01
8.98252054060e-01
8.95549703143e-01
8.94809368814e-01
8.95488232476e-01
8.97567417539e-01
8.96113656411e-01
8.95989621458e-01
8.95321279638e-01
8.96176913201e-01
8.97585896983e-01
8.97101953754e-01
8.94731791535e-01
8.95396679075e-01
8.96608731330e-01
8.96566972212e-01
8.96790207006e-01
8.95748592753e-01
8.96648253892e-01
8.96664312910e-01
8.96438543042e-01
8.96056282040e-01
8.94161065680e-01
9.00421473476e-01
8.98019382874e-01
8.96236677703e-01
8.98762548378e-01
8.99932985086e-01
8.95633019119e-01
8.96927383728e-01
8.97675856378e-01
8.96705966671e-01
8.96167515115e-01
8.97059943966e-01
8.94728598791e-01
8.96839039224e-01
8.96423651629e-01
8.94387063956e-01
8.97669846078e-01
8.96217947579e-01
8.96634814464e-01
8.97811055170e-01
8.97340938140e-01
8.95148805016e-01
8.98799737112e-01
8.95797165292e-01
8.97317735939e-01
8.96784043245e-01
8.95162572392e-01
8.98631600331e-01
8.96382415887e-01
8.95777874514e-01
8.97265694168e-01
8.95878100815e-01
8.95492281301e-01
8.95658553674e-01
8.98375169096e-01
8.95703230917e-01
8.96693423796e-01
8.96150191401e-01
8.95020775847e-01
8.96644311662e-01
8.95382187249e-01
8.95877519997e-01
8.97333087714e-01
8.95866257053e-01
8.97003826925e-01
8.95528865131e-01
8.97697245763e-01
8.99806152856e-01
8.97506537020e-01
8.96542245096e-01
8.97237170711e-01
8.95025372989e-01
8.97525345941e-01
8.95906265993e-01
8.94285160308e-01
8.96202905410e-01
8.94955284893e-01
8.96179048314e-01
8.96085610294e-01
8.96835753182e-01
8.97671524078e-01
8.95721728001e-01
8.98424250322e-01
8.96928745084e-01
8.98687651930e-01
8.96250633414e-01
8.97018162216e-01
8.97014637032e-01
8.99090762921e-01
8.94572916814e-01
8.98203744975e-01
8.99119718909e-01
8.95129660877e-01
8.96421787308e-01
8.97044830079e-01
8.95683631331e-01
8.98948190253e-01
8.95657837866e-01
8.97375677685e-01
8.98622412014e-01
8.97513367738e-01
8.97095804079e-01
8.97508453315e-01
8.96187928640e-01
8.96909155350e-01
8.95031199868e-01
8.97293763334e-01
8.95575442042e-01
8.95559742771e-01
8.95177414223e-01
8.94427572374e-01
8.98114680848e-01
8.97645550090e-01
8.96668124691e-01
8.95419104865e-01
8.96161725030e-01
8.95407284681e-01
8.95507575823e-01
8.97452788672e-01
8.97662515815e-01
8.96839182768e-01
8.96688133209e-01
8.97571490871e-01
8.97194315734e-01
8.95867757877e-01
8.96160216810e-01
8.98875828654e-01
8.93935723018e-01
8.97971602367e-01
8.98561691161e-01
8.95629572417e-01
8.95741471782e-01
8.95661981695e-01
8.95654126984e-01
8.98129515516e-01
8.96942615338e-01
8.94337961498e-01
8.95711272271e-01
8.97143051123e-01
8.96641191610e-01
8.97073921096e-01
8.97822988843e-01
8.95612358314e-01
8.96081945393e-01
8.97626417207e-01
8.96822747563e-01
8.97926235626e-01
8.95123071588e-01
8.96710075143e-01
8.95592969236e-01
8.94999651057e-01
8.96644025818e-01
8.97909764126e-01
8.96348741426e-01
8.96714997554e-01
8.95162752361e-01
8.97378718288e-01
8.95640078984e-01
8.97188370144e-01
8.95866242647e-01
8.97870555279e-01
8.96361000277e-01
8.93833776991e-01
8.94197162353e-01
8.95170052685e-01
8.95490533570e-01
8.97277866810e-01
8.96177195734e-01
8.95502574893e-01
8.97364784655e-01
8.97213729698e-01
8.95344806902e-01
8.96691226460e-01
8.95626626773e-01
8.94245676581e-01
8.97031346267e-01
8.98970543253e-01
8.95390523173e-01
8.96545067295e-01
8.97187756734e-01
8.96722116840e-01
8.96653006709e-01
8.96928464182e-01
8.96542567432e-01
8.95366190715e-01
8.98139897303e-01
8.95697160849e-01
8.97439405404e-01
8.97025333818e-01
8.97245471041e-01
8.94601578834e-01
8.95955638532e-01
8.96148842660e-01
8.97609370741e-01
8.96094494268e-01
8.95658593143e-01
8.96920319758e-01
8.95692922822e-01
8.96270457399e-01
8.95629175400e-01
8.97383603964e-01
8.99012247855e-01
8.95913789148e-01
8.96445967018e-01
8.96676686765e-01
8.96702142482e-01
8.94323863953e-01
8.95244490895e-01
8.96388991003e-01
8.96856101206e-01
8.95818764381e-01
8.96411636881e-01
8.95264005168e-01
8.96012432568e-01
8.95938696590e-01
8.97626660026e-01
8.95418544578e-01
8.97101147345e-01
8.97239880782e-01
8.96028773967e-01
8.96651215077e-01
8.96956696624e-01
8.96962855269e-01
8.97105393372e-01
8.96457089746e-01
8.96322278639e-01
8.97010300710e-01
8.96716831344e-01
8.95677768293e-01
8.96203900190e-01
8.96892168221e-01
8.97341539307e-01
8.95309225319e-01
8.95514436970e-01
8.95416596732e-01
8.97649550199e-01
8.96437352124e-01
8.95647053478e-01
8.94889490002e-01
8.95648358007e-01
8.95964971409e-01
8.99606415857e-01
8.95564570668e-01
8.98171825272e-01
8.96702716336e-01
8.95399687152e-01
8.98868299529e-01
8.96864096671e-01
8.97570620760e-01
8.97175027129e-01
8.96829745349e-01
8.98600948732e-01
8.97233607765e-01
8.96444516811e-01
8.96083327797e-01
8.96100959070e-01
8.95711645560e-01
8.97304162542e-01
8.94742939366e-01
8.95875992307e-01
8.96568686542e-01
8.94291463183e-01
8.98356742935e-01
8.95384204405e-01
8.97900104861e-01
8.97769725642e-01
8.95653770251e-01
8.96671670063e-01
8.96465499456e-01
8.95900419392e-01
8.95792387108e-01
8.98956238190e-01
8.96963436186e-01
8.97955168978e-01
8.95885926564e-01
8.96545323102e-01
8.93292396740e-01
8.93719875084e-01
8.98851504238e-01
8.97990104009e-01
8.96716092809e-01
8.97226009264e-01
8.97896191037e-01
8.98217954183e-01
8.94708433622e-01
8.97396159422e-01
8.97767868035e-01
8.96133806200e-01
8.96367550144e-01
8.96385042408e-01
8.95178552096e-01
8.96074747386e-01
8.96726423440e-01
8.96563094903e-01