2.15349516386e+00
2.15286213084e+00
2.15310586401e+00
2.15476459317e+00
2.15505206033e+00
2.15275379089e+00
2.15352876113e+00
2.15369571783e+00
2.15338576187e+00
2.15435576023e+00
2.15292447070e+00
2.15421609752e+00
2.15357196939e+00
2.15266304542e+00
2.15260286295e+00
2.15375110462e+00
2.15391417611e+00
2.15238364076e+00
2.15365471992e+00
2.15302652556e+00
2.15468702592e+00
2.15352293807e+00
2.15301955311e+00
2.15378535274e+00
2.15361082955e+00
2.15305304466e+00
2.15312045940e+00
2.15407768003e+00
2.15320591995e+00
2.15426725860e+00
2.15507859165e+00
2.15312339108e+00
2.15259567977e+00
2.15349440104e+00
2.15420692412e+00
2.15292644067e+00
2.15315065058e+00
2.15454340067e+00
2.15295254510e+00
2.15269696696e+00
2.15323649299e+00
2.15356458474e+00
2.15295518249e+00
2.15466383316e+00
2.15446535976e+00
2.15381511978e+00
2.15434580924e+00
2.15261652702e+00
2.15352002669e+00
2.15326582596e+00
2.15274699842e+00
2.15347676047e+00
2.15321539441e+00
2.15333747334e+00
2.15352809203e+00
2.15440203155e+00
2.15387659382e+00
2.15332725061e+00
2.15348014902e+00
2.15209015709e+00
2.15277629160e+00
2.15297752001e+00
2.15124214727e+00
2.15446710645e+00
2.15322725116e+00
2.15375562931e+00
2.15469411120e+00
2.15366485589e+00
2.15324770987e+00
2.15257782592e+00
2.15433973297e+00
2.15367005737e+00
2.15443431244e+00
2.15445905956e+00
2.15316417468e+00
2.15317945818e+00
2.15233243877e+00
2.15319128410e+00
2.15335271948e+00
2.15417748009e+00
2.15378685365e+00
2.15420225565e+00
2.15421211072e+00
2.15369454403e+00
2.15322869483e+00
2.15327309436e+00
2.15258073810e+00
2.15261501877e+00
2.15411377958e+00
2.15344027590e+00
2.15341412338e+00
2.15369063318e+00
2.15374589119e+00
2.15275401839e+00
2.15393398882e+00
2.15406893274e+00
2.15350461651e+00
2.15347635513e+00
2.15408165924e+00
2.15322626177e+00
2.15358068229e+00
2.15376803724e+00
2.15419279001e+00
2.15423330558e+00
2.15375804650e+00
2.15340056435e+00
2.15445643763e+00
2.15404964368e+00
2.15138404947e+00
2.15350699083e+00
2.15194983550e+00
2.15337976539e+00
2.15505120930e+00
2.15284923478e+00
2.15195761077e+00
2.15396038035e+00
2.15387168713e+00
2.15501983325e+00
2.15288665566e+00
2.15452553594e+00
2.15369609289e+00
2.15391417922e+00
2.15406627752e+00
2.15601516188e+00
2.15204967006e+00
2.15328888642e+00
2.15380730775e+00
2.15454556931e+00
2.15441543176e+00
2.15331237502e+00
2.15399859220e+00
2.15386220565e+00
2.15364041322e+00
2.15357830598e+00
2.15327119449e+00
2.15222709321e+00
2.15276242098e+00
2.15392782182e+00
2.15357575385e+00
2.15377460053e+00
2.15350627131e+00
2.15327773327e+00
2.15430928663e+00
2.15306595949e+00
2.15330450000e+00
2.15308989209e+00
2.15443770962e+00
2.15387852866e+00
2.15359925997e+00
2.15325389486e+00
2.15397019602e+00
2.15318678066e+00
2.15324704657e+00
2.15330556520e+00
2.15345696005e+00
2.15373187915e+00
2.15361120271e+00
2.15218562356e+00
2.15274223275e+00
2.15361856386e+00
2.15287791368e+00
2.15328755740e+00
2.15366673089e+00
2.15543785672e+00
2.15369847435e+00
2.15434435161e+00
2.15418675700e+00
2.15330975304e+00
2.15295685564e+00
2.15517887313e+00
2.15289449779e+00
2.15493605452e+00
2.15344847322e+00
2.15294889153e+00
2.15341701323e+00
2.15366216375e+00
2.15411390175e+00
2.15475062656e+00
2.15345274316e+00
2.15314634774e+00
2.15371762539e+00
2.15449774888e+00
2.15239691946e+00
2.15359551870e+00
2.15411219772e+00
2.15271311090e+00
2.15326955207e+00
2.15382809987e+00
2.15386939399e+00
2.15398088993e+00
2.15293606931e+00
2.15306902260e+00
2.15167775430e+00
2.15456063208e+00
2.15438091220e+00
2.15307213049e+00
2.15325383234e+00
2.15286757020e+00
2.15331631866e+00
2.15288941337e+00
2.15328246719e+00
2.15378817893e+00
2.15429854912e+00
2.15415014892e+00
2.15426899944e+00
2.15310327940e+00
2.15417306590e+00
2.15416492381e+00
2.15294989224e+00
2.15403291178e+00
2.15463422547e+00
2.15342395918e+00
2.15410842389e+00
2.15181809129e+00
2.15487420294e+00
2.15360344230e+00
2.15326382492e+00
2.15413681435e+00
2.15340300801e+00
2.15251150177e+00
2.15418752692e+00
2.15287448036e+00
2.15444750745e+00
2.15249085242e+00
2.15354303998e+00
2.15328381453e+00
2.15246469139e+00
2.15345902686e+00
2.15327023168e+00
2.15249174018e+00
2.15357601736e+00
2.15299753354e+00
2.15488439431e+00
2.15293761113e+00
2.15387945809e+00
2.15372274516e+00
2.15311118749e+00
2.15319706121e+00
2.15422419098e+00
2.15265703463e+00
2.15387577601e+00
2.15403698443e+00
2.15303031413e+00
2.15403426460e+00
2.15428679233e+00
2.15301511712e+00
2.15331580748e+00
2.15298134664e+00
2.15328484815e+00
2.15418787060e+00
2.15383156128e+00
2.15267441812e+00
2.15383684728e+00
2.15438468961e+00
2.15320158347e+00
2.15296611365e+00
2.15286259858e+00
2.15165783440e+00
2.15376796607e+00
2.15526387028e+00
2.15593961651e+00
2.15374434474e+00
2.15350336846e+00
2.15433145024e+00
2.15292300422e+00
2.15192979750e+00
2.15232750949e+00
2.15347791533e+00
2.15332737878e+00
2.15469410108e+00
2.15310174788e+00
2.15329798097e+00
2.15303307087e+00
2.15388777627e+00
2.15302226673e+00
2.15370392337e+00
2.15283880477e+00
2.15314550498e+00
2.15312996198e+00
2.15388508504e+00
2.15426828667e+00
2.15463430642e+00
2.15421773998e+00
2.15491029444e+00
2.15496156376e+00
2.15468488503e+00
2.15290756935e+00
2.15402664761e+00
2.15356221111e+00
2.15389079349e+00
2.15315129449e+00
2.15364620767e+00
2.15419082421e+00
2.15349459995e+00
2.15329962874e+00
2.15369709650e+00
2.15316649644e+00
2.15312542491e+00
2.15447685289e+00
2.15455419314e+00
2.15306030885e+00
2.15399376077e+00
2.15281147072e+00
2.15395206989e+00
2.15240207162e+00
2.15284299936e+00
2.15221291234e+00
2.15286935665e+00
2.15359819502e+00
2.15435994980e+00
2.15368395257e+00
2.15409963700e+00
2.15233093116e+00
2.15470242148e+00
2.15368851134e+00
2.15396120611e+00
2.15291146255e+00
2.15306291178e+00
2.15234987618e+00
2.15471882848e+00
2.15532852467e+00
2.15285446370e+00
2.15351347895e+00
2.15496291934e+00
2.15432844902e+00
2.15288022168e+00
2.15295223233e+00
2.15330182091e+00
2.15371374644e+00
2.15413900801e+00
2.15412673597e+00
2.15308521177e+00
2.15283983874e+00
2.15283467103e+00
2.15368190363e+00
2.15408950251e+00
2.15317208263e+00
2.15294921035e+00
2.15486624335e+00
2.15370730766e+00
2.15428928795e+00
2.15354236884e+00
2.15259543096e+00
2.15373702047e+00
2.15329320225e+00
2.15390065923e+00
2.15441420322e+00
2.15254329457e+00
2.15427366620e+00
2.15322543430e+00
2.15338588236e+00
2.15376274622e+00
2.15240040638e+00
2.15412465767e+00
2.15331449623e+00
2.15296470907e+00
2.15458183491e+00
2.15431094172e+00
2.15346372201e+00
2.15312737448e+00
2.15225442204e+00
2.15351113682e+00
2.15368841901e+00
2.15378100063e+00
2.15277034622e+00
2.15316373911e+00
2.15346605338e+00
2.15244295481e+00
2.15387702816e+00
2.15374068282e+00
2.15418853060e+00
2.15495759078e+00
2.15467961970e+00
2.15395348056e+00
2.15379617075e+00
2.15377790731e+00
2.15367742035e+00
2.15282618225e+00
2.15343832474e+00
2.15244464881e+00
2.15362902194e+00
2.15309486462e+00
2.15309136216e+00
2.15213772393e+00
2.15383090029e+00
2.15272876279e+00
2.15405475751e+00
2.15319496993e+00
2.15292302221e+00
2.15519472900e+00
2.15299266077e+00
2.15300531638e+00
2.15354716002e+00
2.15366568750e+00
2.15404087951e+00
2.15406347240e+00
2.15330540739e+00
2.15239117261e+00
2.15398262685e+00
2.15250968396e+00
2.15289126733e+00
2.15382376181e+00
2.15196424843e+00
2.15337666924e+00
2.15343638788e+00
2.15307944349e+00
2.15350551509e+00
2.15279236605e+00
2.15374401781e+00
2.15271920711e+00
2.15305950359e+00
2.15237037671e+00
2.15350480530e+00
2.15330800193e+00
2.15117944463e+00
2.15468074018e+00
2.15306978132e+00
2.15308522538e+00
2.15169807884e+00
2.15452850225e+00
2.15278539987e+00
2.15264608569e+00
2.15183720437e+00
2.15448940149e+00
2.15290696420e+00
2.15401580233e+00
2.15389539664e+00
2.15246772168e+00
2.15384592974e+00
2.15256323088e+00
2.15298822212e+00
2.15270367173e+00
2.15320738622e+00
2.15428658570e+00
2.15192657921e+00
2.15402425686e+00
2.15299673927e+00
2.15362957930e+00
2.15205031428e+00
2.15238471528e+00
2.15388709104e+00
2.15356541331e+00
2.15461371324e+00
2.15496852428e+00
2.15469369067e+00
2.15459956497e+00
2.15364756443e+00
2.15437036433e+00
2.15366873360e+00
2.15452469199e+00
2.15418246354e+00
2.15300514992e+00
2.15314878048e+00
2.15453942288e+00
2.15400553465e+00
2.15426175455e+00
2.15415714848e+00
2.15277612448e+00
2.15465595071e+00
2.15347121867e+00
2.15330463562e+00
2.15415509020e+00
2.15322505946e+00
2.15391356853e+00
2.15440187481e+00
2.15335350069e+00
2.15229335891e+00
2.15382673242e+00
2.15343642824e+00
2.15367477632e+00
2.15363770454e+00
2.15534992040e+00
2.15249798526e+00
2.15369857413e+00
2.15337344939e+00
2.15307579642e+00
2.15501364403e+00
2.15441501048e+00
2.15243539332e+00
2.15365397635e+00
2.15281985136e+00
2.15304841644e+00
2.15336497854e+00
2.15375029173e+00
2.15248011603e+00
2.15372900554e+00
2.15310047789e+00
2.15309839063e+00
2.15275652556e+00
2.15330841621e+00
2.15342787538e+00
2.15335666237e+00
2.15423978947e+00
2.15313229281e+00
2.15405848811e+00
2.15343941169e+00
2.15353275099e+00
2.15299464155e+00
2.15437235181e+00
2.15204569450e+00
2.15346487655e+00