1.07149386937e+01
1.07244140053e+01
1.07097763772e+01
1.06988970842e+01
1.06779797635e+01
1.07024411649e+01
1.06728296458e+01
1.07241608969e+01
1.06440726360e+01
1.07166006993e+01
1.07382350689e+01
1.06293007257e+01
1.06939147243e+01
1.06676895836e+01
1.06826761652e+01
1.07073293726e+01
1.06987228785e+01
1.07184993070e+01
1.06282495094e+01
1.06711529032e+01
1.06262306643e+01
1.06937224381e+01
1.06755318494e+01
1.06765270121e+01
1.06332151174e+01
1.07006837244e+01
1.06770802153e+01
1.07278396415e+01
1.07010325465e+01
1.07358180961e+01
1.07055475290e+01
1.07098929298e+01
1.06641668562e+01
1.07136317563e+01
1.06351220090e+01
1.06400260640e+01
1.06839656133e+01
1.07012800413e+01
1.07191947200e+01
1.06964049726e+01
1.06881127689e+01
1.06911802401e+01
1.06699033591e+01
1.06819989655e+01
1.06444683066e+01
1.06242653087e+01
1.07346052670e+01
1.07186443826e+01
1.07097422701e+01
1.07032737216e+01
1.06977761618e+01
1.06813971843e+01
1.06910088533e+01
1.07034464315e+01
1.06956792319e+01
1.07054790511e+01
1.06302781337e+01
1.06996908875e+01
1.07155258116e+01
1.06697232042e+01
1.06505371709e+01
1.06638758755e+01
1.06663032704e+01
1.06942490854e+01
1.07129566573e+01
1.07404515996e+01
1.06809740407e+01
1.07168136111e+01
1.06879729636e+01
1.06966205742e+01
1.07037173115e+01
1.07608166925e+01
1.07149714687e+01
1.07540139880e+01
1.06749405173e+01
1.06253861609e+01
1.06964247876e+01
1.06506530226e+01
1.07138754666e+01
1.06429150178e+01
1.07313819323e+01
1.06731894886e+01
1.07056375653e+01
1.07237083981e+01
1.06886379667e+01
1.07137695298e+01
1.06745372050e+01
1.07053436180e+01
1.06460298262e+01
1.06985693016e+01
1.06731802704e+01
1.06865420083e+01
1.06782934783e+01
1.06752806946e+01
1.07266181565e+01
1.06624724290e+01
1.06629555299e+01
1.06924230038e+01
1.07222252162e+01
1.06679796448e+01
1.06826542753e+01
1.07370153474e+01
1.07087884367e+01
1.07310300232e+01
1.06177114471e+01
1.06984318167e+01
1.07037972798e+01
1.07038545397e+01
1.06825304912e+01
1.07491938770e+01
1.06412004151e+01
1.06898791608e+01
1.07177126002e+01
1.06872660931e+01
1.06736665031e+01
1.06910047024e+01
1.06996135388e+01
1.07045012842e+01
1.06594553359e+01
1.07018555846e+01
1.07237332721e+01
1.06992803856e+01
1.06126041921e+01
1.07238541733e+01
1.07118785759e+01
1.06685570961e+01
1.07284209113e+01
1.06555823426e+01
1.06908930919e+01
1.06986246844e+01
1.06790308804e+01
1.06754877987e+01
1.07152089352e+01
1.07161378476e+01
1.06224341872e+01
1.07058412673e+01
1.07250124828e+01
1.06752942384e+01
1.07384963111e+01
1.06872376342e+01
1.07094535427e+01
1.06856176339e+01
1.07090842526e+01
1.06977573927e+01
1.06720940640e+01
1.07026849211e+01
1.06986240053e+01
1.06846037828e+01
1.06803017149e+01
1.06663547170e+01
1.07210144315e+01
1.07081616997e+01
1.06865271390e+01
1.06910688159e+01
1.07476659918e+01
1.07028126245e+01
1.06462515047e+01
1.06556324577e+01
1.06534460715e+01
1.07123144166e+01
1.07299515888e+01
1.06792023619e+01
1.06677792567e+01
1.07254000150e+01
1.06414408044e+01
1.07251416354e+01
1.07318415374e+01
1.06811413732e+01
1.07032302888e+01
1.06731174074e+01
1.06881590644e+01
1.06896544610e+01
1.06903129385e+01
1.07086349998e+01
1.07222968198e+01
1.07029120697e+01
1.06720486020e+01
1.07054984741e+01
1.06973612113e+01
1.07072254660e+01
1.06700419177e+01
1.07014217780e+01
1.07050828535e+01
1.06725363830e+01
1.06975254148e+01
1.07384994430e+01
1.06881309022e+01
1.07468089640e+01
1.07188256993e+01
1.06475782778e+01
1.07228822881e+01
1.06781735210e+01
1.06557169561e+01
1.06109575920e+01
1.06706388724e+01
1.06889289820e+01
1.07268051807e+01
1.06808814618e+01
1.06928707733e+01
1.07085284674e+01
1.07329965677e+01
1.06730214700e+01
1.07522460446e+01
1.06765086933e+01
1.06645893076e+01
1.06665108527e+01
1.06991800258e+01
1.06814161828e+01
1.06642427066e+01
1.07040871862e+01
1.07041674174e+01
1.07160329819e+01
1.06604536036e+01
1.06906240121e+01
1.06811459773e+01
1.07169449806e+01
1.06846937525e+01
1.06851867472e+01
1.06868138958e+01
1.06560473327e+01
1.06987531829e+01
1.06884624243e+01
1.07234512226e+01
1.06861830263e+01
1.06931949159e+01
1.07031286180e+01
1.06943643248e+01
1.07386602184e+01
1.07413445019e+01
1.07649894453e+01
1.06828029617e+01
1.06530649305e+01
1.06768532795e+01
1.06783803744e+01
1.07493758807e+01
1.06761132179e+01
1.07525062306e+01
1.07056922319e+01
1.07162726142e+01
1.07252142212e+01
1.07074180110e+01
1.06391118860e+01
1.06501182049e+01
1.06988743284e+01
1.07250974063e+01
1.07556519822e+01
1.06534429266e+01
1.06770049940e+01
1.07098136873e+01
1.07231416014e+01
1.07383129256e+01
1.07160892756e+01
1.07111488409e+01
1.07136432780e+01
1.06914289069e+01
1.06525026908e+01
1.06616916278e+01
1.07260030070e+01
1.06907238280e+01
1.06724044521e+01
1.07199150271e+01
1.07383819430e+01
1.06718628506e+01
1.07203252885e+01
1.07526950911e+01
1.06874833048e+01
1.07306034856e+01
1.07162075904e+01
1.06606220791e+01
1.06539057085e+01
1.06603161187e+01
1.06955790194e+01
1.06790130400e+01
1.06499255661e+01
1.06993491290e+01
1.06852805640e+01
1.06720499740e+01
1.06827134081e+01
1.06617713875e+01
1.06734219690e+01
1.06543216056e+01
1.06905887759e+01
1.07168969832e+01
1.06897397381e+01
1.06863271169e+01
1.07196204896e+01
1.06543956382e+01
1.06564107228e+01
1.07222910704e+01
1.07511588332e+01
1.06453623151e+01
1.06562895742e+01
1.07161956842e+01
1.06248203261e+01
1.06945558806e+01
1.06364460313e+01
1.06934961447e+01
1.07118116484e+01
1.06852349467e+01
1.06553841558e+01
1.07045919228e+01
1.06721182251e+01
1.07383491013e+01
1.07238629524e+01
1.07105650399e+01
1.07337946378e+01
1.07161484742e+01
1.06649738530e+01
1.06856741491e+01
1.06659487072e+01
1.06530274047e+01
1.07090605919e+01
1.07042317639e+01
1.06919923932e+01
1.07037328907e+01
1.06643218213e+01
1.07098869778e+01
1.06648664835e+01
1.06573007011e+01
1.06973362261e+01
1.06579562989e+01
1.07025580313e+01
1.07133853218e+01
1.06673264278e+01
1.06760828733e+01
1.06596847130e+01
1.07083816674e+01
1.07140115750e+01
1.06925613521e+01
1.06865867863e+01
1.06829459228e+01
1.06660918468e+01
1.07032900095e+01
1.07186928167e+01
1.06847734280e+01
1.07146015297e+01
1.06610767185e+01
1.06615054317e+01
1.06974185030e+01
1.06127872648e+01
1.07107794834e+01
1.07545784338e+01
1.06278634097e+01
1.06455854712e+01
1.06814763720e+01
1.07041244656e+01
1.06734376137e+01
1.07728917010e+01
1.06941821779e+01
1.06877291397e+01
1.06800338728e+01
1.07090443721e+01
1.06974782558e+01
1.07157214372e+01
1.06865554128e+01
1.06581747214e+01
1.06716233941e+01
1.06607067152e+01
1.07703843790e+01
1.07160749096e+01
1.07284711898e+01
1.07069197840e+01
1.06622864201e+01
1.07080690255e+01
1.06450408280e+01
1.06951061373e+01
1.06905125689e+01
1.06914288554e+01
1.06374508866e+01
1.07025686150e+01
1.06798580934e+01
1.06269695546e+01
1.06627382384e+01
1.07005597493e+01
1.06415057571e+01
1.06738805026e+01
1.06829512532e+01
1.06801610069e+01
1.06709408562e+01
1.06288689865e+01
1.06685089283e+01
1.06857044331e+01
1.07015391641e+01
1.06771011632e+01
1.06845852772e+01
1.07167540675e+01
1.06966881952e+01
1.06338552589e+01
1.07174940143e+01
1.07446812924e+01
1.06829651357e+01
1.07433929737e+01
1.07568448028e+01
1.06747109346e+01
1.06832522009e+01
1.07166030111e+01
1.07096173495e+01
1.07245912396e+01
1.06723512436e+01
1.06844584426e+01
1.07049215790e+01
1.06913786767e+01
1.07047585084e+01
1.06897917866e+01
1.06841827730e+01
1.07160270329e+01
1.06603040209e+01
1.07225401752e+01
1.07143644398e+01
1.07234083165e+01
1.07005486883e+01
1.06884683524e+01
1.06582805748e+01
1.07019906987e+01
1.06592433988e+01
1.06772440981e+01
1.06861177435e+01
1.06096775201e+01
1.06966786634e+01
1.06808538971e+01
1.06987388660e+01
1.06646091132e+01
1.06916176307e+01
1.07118748206e+01
1.06793629384e+01
1.07788509191e+01
1.07232697167e+01
1.06230954132e+01
1.06814173053e+01
1.07220842964e+01
1.06392834076e+01
1.06469076600e+01
1.06967670277e+01
1.06919831508e+01
1.07100417618e+01
1.06539960597e+01
1.06473474158e+01
1.07311159116e+01
1.06649514733e+01
1.06843524153e+01
1.06521656768e+01
1.06428322165e+01
1.06483102654e+01
1.07488878125e+01
1.06749466697e+01
1.06640204396e+01
1.06646369556e+01
1.07140970700e+01
1.06886555371e+01
1.06295836493e+01
1.07208234941e+01
1.06880817337e+01
1.06759347455e+01
1.07544600593e+01
1.06582278764e+01
1.06925780146e+01
1.07228020229e+01
1.06683874461e+01
1.07414303754e+01
1.06388859204e+01
1.07423892905e+01
1.06788597216e+01
1.07086441116e+01
1.07045906835e+01
1.06861710866e+01
1.06380636035e+01
1.07297375694e+01
1.06294323258e+01
1.06955960176e+01
1.06849242213e+01
1.06863292239e+01
1.07123492415e+01
1.07174624695e+01
1.07092040348e+01
1.07060327736e+01
1.06896434855e+01
1.06720482921e+01
1.06881084452e+01
1.06908015544e+01
1.06808834585e+01
1.07119049313e+01
1.06207541834e+01
1.06974721605e+01
1.06568604019e+01
1.07059225804e+01
1.06855965076e+01
1.07485754785e+01
1.07103463128e+01
1.07044138110e+01
1.06890070786e+01
1.07065366890e+01
1.07099636373e+01
1.07390047338e+01
1.06872122967e+01
1.06592585007e+01
1.06148250714e+01
1.06572473962e+01
1.06940809568e+01
1.06433635792e+01
1.06664399843e+01
1.06913148130e+01