2.93633100811e+00
2.93380055313e+00
2.93352795960e+00
2.93587738712e+00
2.93433510989e+00
2.93430865842e+00
2.93383393886e+00
2.93497046010e+00
2.93507911632e+00
2.93554851971e+00
2.93543560663e+00
2.93596466348e+00
2.93580209235e+00
2.93623301482e+00
2.93377764099e+00
2.93405405753e+00
2.93405490244e+00
2.93361630413e+00
2.93673454614e+00
2.93640587344e+00
2.93387620911e+00
2.93350589033e+00
2.93448203367e+00
2.93290125430e+00
2.93411108288e+00
2.93257557435e+00
2.93481496666e+00
2.93604604594e+00
2.93355943350e+00
2.93445324478e+00
2.93491187134e+00
2.93615284585e+00
2.93561614733e+00
2.93303094050e+00
2.93470510489e+00
2.93447910972e+00
2.93625188689e+00
2.93298822069e+00
2.93332794958e+00
2.93453993148e+00
2.93361486235e+00
2.93266949964e+00
2.93438203427e+00
2.93538237643e+00
2.93477634947e+00
2.93518833378e+00
2.93469754221e+00
2.93479162390e+00
2.93495093995e+00
2.93434175534e+00
2.93389797446e+00
2.93789548356e+00
2.93154537369e+00
2.93562100576e+00
2.93409215147e+00
2.93492445692e+00
2.93467035528e+00
2.93586245737e+00
2.93560373526e+00
2.93401655616e+00
2.93340958927e+00
2.93498203590e+00
2.93442648340e+00
2.93586985001e+00
2.93453732128e+00
2.93460458548e+00
2.93363658804e+00
2.93596219782e+00
2.93428361019e+00
2.93602690850e+00
2.93373245454e+00
2.93463725438e+00
2.93584904291e+00
2.93405394599e+00
2.93340466530e+00
2.93663100560e+00
2.93538573423e+00
2.93624364624e+00
2.93485441520e+00
2.93340743087e+00
2.93432281176e+00
2.93446777684e+00
2.93214142561e+00
2.93475149953e+00
2.93581876087e+00
2.93527556968e+00
2.93524623805e+00
2.93697481136e+00
2.93407399262e+00
2.93617732052e+00
2.93487777221e+00
2.93421370906e+00
2.93379162397e+00
2.93615143270e+00
2.93422769548e+00
2.93354679988e+00
2.93429051272e+00
2.93559951813e+00
2.93572722396e+00
2.93481592848e+00
2.93580951039e+00
2.93477581734e+00
2.93450791890e+00
2.93429955377e+00
2.93409402714e+00
2.93585241585e+00
2.93692335106e+00
2.93394865570e+00
2.93501322285e+00
2.93255413307e+00
2.93370483553e+00
2.93430256277e+00
2.93501874073e+00
2.93592809607e+00
2.93522519657e+00
2.93726681462e+00
2.93240808964e+00
2.93563090371e+00
2.93550177438e+00
2.93501792506e+00
2.93293307464e+00
2.93381345979e+00
2.93287180152e+00
2.93640485298e+00
2.93394540252e+00
2.93654526914e+00
2.93521436982e+00
2.93635441143e+00
2.93408970234e+00
2.93674550749e+00
2.93413254849e+00
2.93747781026e+00
2.93610452829e+00
2.93499834554e+00
2.93627220859e+00
2.93654471620e+00
2.93623652964e+00
2.93379632621e+00
2.93341852239e+00
2.93307116488e+00
2.93457300095e+00
2.93464319785e+00
2.93351602302e+00
2.93449161504e+00
2.93496871119e+00
2.93329882840e+00
2.93484088067e+00
2.93384601557e+00
2.93595075109e+00
2.93619447773e+00
2.93473503227e+00
2.93453116494e+00
2.93446745839e+00
2.93607800745e+00
2.93546825711e+00
2.93538056327e+00
2.93145521934e+00
2.93518531532e+00
2.93638930324e+00
2.93377782897e+00
2.93416388520e+00
2.93452228757e+00
2.93411053701e+00
2.93491353823e+00
2.93455494467e+00
2.93649186424e+00
2.93614881386e+00
2.93574723856e+00
2.93495900913e+00
2.93303606830e+00
2.93611823223e+00
2.93544911331e+00
2.93454398881e+00
2.93474255859e+00
2.93641625499e+00
2.93781729285e+00
2.93569442764e+00
2.93499553353e+00
2.93364865723e+00
2.93574433157e+00
2.93352174714e+00
2.93428785366e+00
2.93502506895e+00
2.93413698022e+00
2.93286516827e+00
2.93470230595e+00
2.93658653468e+00
2.93254517293e+00
2.93457388427e+00
2.93557557096e+00
2.93580065768e+00
2.93460981150e+00
2.93542101438e+00
2.93340492062e+00
2.93436879804e+00
2.93555806529e+00
2.93462888784e+00
2.93374000653e+00
2.93366746416e+00
2.93437278941e+00
2.93572702493e+00
2.93385513607e+00
2.93607557791e+00
2.93344102765e+00
2.93299261810e+00
2.93471815839e+00
2.93394942095e+00
2.93324533831e+00
2.93421511196e+00
2.93685811491e+00
2.93454204982e+00
2.93534224077e+00
2.93326333654e+00
2.93456723798e+00
2.93489978456e+00
2.93412745139e+00
2.93327071840e+00
2.93640713127e+00
2.93332343869e+00
2.93468675064e+00
2.93357118005e+00
2.93587623644e+00
2.93178553081e+00
2.93432007461e+00
2.93602852630e+00
2.93495605639e+00
2.93288376962e+00
2.93412390265e+00
2.93356009343e+00
2.93227147546e+00
2.93287947860e+00
2.93508723246e+00
2.93671482052e+00
2.93192744124e+00
2.93511203855e+00
2.93933933267e+00
2.93422267202e+00
2.93587546556e+00
2.93388548991e+00
2.93513510653e+00
2.93610989540e+00
2.93138194642e+00
2.93431702771e+00
2.93549303044e+00
2.93499876443e+00
2.93724197124e+00
2.93637977719e+00
2.93392203689e+00
2.93476042546e+00
2.93475567205e+00
2.93289456080e+00
2.93409070578e+00
2.93598926995e+00
2.93431286819e+00
2.93627253715e+00
2.93556574419e+00
2.93299112932e+00
2.93779834667e+00
2.93528423739e+00
2.93361283933e+00
2.93653769741e+00
2.93642567909e+00
2.93337730451e+00
2.93324840312e+00
2.93613031513e+00
2.93447333275e+00
2.93441123554e+00
2.93398256461e+00
2.93610479801e+00
2.93602492683e+00
2.93498155218e+00
2.93333867498e+00
2.93384854041e+00
2.93475520322e+00
2.93594338729e+00
2.93431124043e+00
2.93377555848e+00
2.93556764555e+00
2.93526013142e+00
2.93244723940e+00
2.93741744138e+00
2.93644753550e+00
2.93283951681e+00
2.93563542247e+00
2.93635795111e+00
2.93254133729e+00
2.93457180504e+00
2.93711174757e+00
2.93508541858e+00
2.93241487053e+00
2.93410315669e+00
2.93444600552e+00
2.93454195928e+00
2.93450020419e+00
2.93513486809e+00
2.93705779322e+00
2.93516625444e+00
2.93509456511e+00
2.93380158128e+00
2.93360407814e+00
2.93430353322e+00
2.93481495399e+00
2.93690142415e+00
2.93611722011e+00
2.93662706180e+00
2.93471275707e+00
2.93820474352e+00
2.93233733204e+00
2.93430038700e+00
2.93543657123e+00
2.93439009614e+00
2.93370562947e+00
2.93379594964e+00
2.93480782475e+00
2.93506786485e+00
2.93670851964e+00
2.93452053025e+00
2.93515124989e+00
2.93433536964e+00
2.93398981465e+00
2.93497974861e+00
2.93544953672e+00
2.93459911979e+00
2.93286540395e+00
2.93653919494e+00
2.93465997874e+00
2.93691501529e+00
2.93321667033e+00
2.93455368490e+00
2.93436130016e+00
2.93568975729e+00
2.93591136413e+00
2.93434395984e+00
2.93341910441e+00
2.93505967206e+00
2.93185194998e+00
2.93470462608e+00
2.93360840384e+00
2.93357692676e+00
2.93471077768e+00
2.93453428365e+00
2.93520057887e+00
2.93405074766e+00
2.93452942192e+00
2.93154623104e+00
2.93282519168e+00
2.93421818952e+00
2.93499046512e+00
2.93426904092e+00
2.93401100222e+00
2.93554238843e+00
2.93513504580e+00
2.93536189289e+00
2.93662790825e+00
2.93674314214e+00
2.93477911511e+00
2.93278236102e+00
2.93492280943e+00
2.93501467494e+00
2.93458203523e+00
2.93561412089e+00
2.93509857130e+00
2.93522008898e+00
2.93585658628e+00
2.93384460390e+00
2.93336213488e+00
2.93440416768e+00
2.93411928877e+00
2.93634466398e+00
2.93446716297e+00
2.93705692432e+00
2.93485718436e+00
2.93649643123e+00
2.93519513016e+00
2.93488659037e+00
2.93386691070e+00
2.93521307175e+00
2.93528741479e+00
2.93665509278e+00
2.93448008782e+00
2.93349865319e+00
2.93686827814e+00
2.93619228918e+00
2.93403646523e+00
2.93307536074e+00
2.93616979988e+00
2.93498922167e+00
2.93483314744e+00
2.93467462375e+00
2.93741453962e+00
2.93490278567e+00
2.93558968380e+00
2.93413496861e+00
2.93523886094e+00
2.93488002192e+00
2.93407403854e+00
2.93482588776e+00
2.93566516890e+00
2.93519067172e+00
2.93293729699e+00
2.93390616472e+00
2.93393227826e+00
2.93530157754e+00
2.93268527145e+00
2.93344894561e+00
2.93581712204e+00
2.93566035497e+00
2.93536290974e+00
2.93466662263e+00
2.93468067731e+00
2.93490754805e+00
2.93444157626e+00
2.93661528598e+00
2.93492619768e+00
2.93338773945e+00
2.93427166528e+00
2.93633552831e+00
2.93743165385e+00
2.93592480222e+00
2.93637451693e+00
2.93336845123e+00
2.93588949008e+00
2.93407534699e+00
2.93542599471e+00
2.93656289299e+00
2.93370156181e+00
2.93634893189e+00
2.93439543608e+00
2.93541751728e+00
2.93569700973e+00
2.93439880812e+00
2.93348068637e+00
2.93497473884e+00
2.93606381448e+00
2.93484487492e+00
2.93483640555e+00
2.93723596219e+00
2.93450353628e+00
2.93599205751e+00
2.93660809008e+00
2.93621066052e+00
2.93577951320e+00
2.93578880749e+00
2.93418085752e+00
2.93608420697e+00
2.93541907982e+00
2.93560984789e+00
2.93480246198e+00
2.93608376164e+00
2.93568852030e+00
2.93665791719e+00
2.93532593182e+00
2.93397191041e+00
2.93350680578e+00
2.93380578162e+00
2.93612613336e+00
2.93563048131e+00
2.93408884834e+00
2.93426949832e+00
2.93389239693e+00
2.93812631948e+00
2.93485326973e+00
2.93608095229e+00
2.93489104688e+00
2.93464520123e+00
2.93388001660e+00
2.93639374263e+00
2.93425077243e+00
2.93640739450e+00
2.93477717074e+00
2.93434187488e+00
2.93587004435e+00
2.93554544819e+00
2.93495188207e+00
2.93492512598e+00
2.93489317431e+00
2.93445887670e+00
2.93446527356e+00
2.93503032809e+00
2.93387517190e+00
2.93296589808e+00
2.93161567409e+00
2.93551258587e+00
2.93219078995e+00
2.93420817463e+00
2.93658496206e+00
2.93478112751e+00
2.93369730303e+00
2.93557658537e+00
2.93698911729e+00
2.93383632612e+00
2.93353776043e+00
2.93503582867e+00
2.93210689700e+00
2.93392768766e+00
2.93636144150e+00
2.93561551643e+00
2.93502827885e+00
2.93236545287e+00
2.93557999332e+00
2.93486886220e+00