8.05932707297e-02
8.04783046406e-02
8.05221906561e-02
8.06038582216e-02
8.06743772254e-02
8.04082386942e-02
8.04455645621e-02
8.04087336796e-02
8.04985260031e-02
8.05952390684e-02
8.06646740240e-02
8.06275076549e-02
8.04932590420e-02
8.04220889794e-02
8.06895726013e-02
8.04414591734e-02
8.02356789162e-02
8.04116285933e-02
8.05021123196e-02
8.04137989524e-02
8.04916745599e-02
8.05070767466e-02
8.05829857462e-02
8.04033444338e-02
8.04801034686e-02
8.05692620164e-02
8.07434253877e-02
8.04187587044e-02
8.03261504678e-02
8.05486001114e-02
8.04263503727e-02
8.04804367641e-02
8.05871451970e-02
8.05046385598e-02
8.04907984995e-02
8.04608355742e-02
8.05769184306e-02
8.06504493589e-02
8.06769364298e-02
8.04880670477e-02
8.03330072662e-02
8.05114801841e-02
8.04507508415e-02
8.03408440526e-02
8.05238640800e-02
8.03288118406e-02
8.05739414479e-02
8.03941574202e-02
8.05341874566e-02
8.05662135015e-02
8.06163063526e-02
8.05433068122e-02
8.05445721152e-02
8.04492780616e-02
8.03916718284e-02
8.03491333505e-02
8.06499352422e-02
8.05528835644e-02
8.06592463791e-02
8.05663653753e-02
8.04285838068e-02
8.06555456044e-02
8.05339059983e-02
8.05383681528e-02
8.05769130390e-02
8.04576475935e-02
8.04483364747e-02
8.05678112935e-02
8.05195034148e-02
8.03315807344e-02
8.05094233880e-02
8.04086924271e-02
8.02352216324e-02
8.06143899638e-02
8.04215473511e-02
8.06507351790e-02
8.06378847111e-02
8.05022210786e-02
8.05727640670e-02
8.06582534861e-02
8.03243131903e-02
8.04569017505e-02
8.03467365684e-02
8.04332796143e-02
8.03484050276e-02
8.06793307122e-02
8.04410010329e-02
8.05330017491e-02
8.05456320538e-02
8.04059364201e-02
8.03831443331e-02
8.05436498005e-02
8.06150109800e-02
8.06782849176e-02
8.04686493063e-02
8.03795946081e-02
8.04670206287e-02
8.01894996582e-02
8.01370404423e-02
8.04619683620e-02
8.04035227249e-02
8.07344923859e-02
8.05311470318e-02
8.03837444396e-02
8.03245162567e-02
8.03821975225e-02
8.04897513177e-02
8.05032182871e-02
8.06265738027e-02
8.05612630377e-02
8.05163340234e-02
8.04377450969e-02
8.06148537390e-02
8.05419911206e-02
8.03641220919e-02
8.05318658317e-02
8.04141479334e-02
8.05577512050e-02
8.05406864201e-02
8.04804424177e-02
8.04162107724e-02
8.06926939593e-02
8.05956318208e-02
8.06175350030e-02
8.04258331240e-02
8.06037059901e-02
8.05683998554e-02
8.05654459497e-02
8.04412080879e-02
8.04275906434e-02
8.03450539702e-02
8.05863883182e-02
8.04934439278e-02
8.03231220374e-02
8.05080531500e-02
8.05144445688e-02
8.05340891734e-02
8.07031389940e-02
8.05643370397e-02
8.03944984461e-02
8.04253742763e-02
8.05661560523e-02
8.04025838767e-02
8.05043496948e-02
8.03932697869e-02
8.03964634861e-02
8.06028493837e-02
8.05406171624e-02
8.04321255641e-02
8.06646681385e-02
8.05281528532e-02
8.03994233838e-02
8.05812793691e-02
8.04873517713e-02
8.04900606337e-02
8.03794389072e-02
8.03535712723e-02
8.05953816532e-02
8.04730507310e-02
8.04909803193e-02
8.04680919884e-02
8.04340832007e-02
8.04906900490e-02
8.05872646117e-02
8.07185897037e-02
8.05763451041e-02
8.06620258106e-02
8.04509037595e-02
8.04479612200e-02
8.06256851468e-02
8.02991732616e-02
8.04248295825e-02
8.05270955859e-02
8.04264759956e-02
8.05595744757e-02
8.04053260864e-02
8.04083966504e-02
8.05166618512e-02
8.04698191262e-02
8.03026755578e-02
8.04188971273e-02
8.06619951907e-02
8.01939805617e-02
8.04914128055e-02
8.05874866740e-02
8.05812887414e-02
8.04277920347e-02
8.03204312829e-02
8.07439770791e-02
8.04715132303e-02
8.06538729922e-02
8.05839957187e-02
8.06676404997e-02
8.03080863018e-02
8.02334318482e-02
8.05633651169e-02
8.05353639493e-02
8.05100087776e-02
8.06144733532e-02
8.06015736124e-02
8.05200735782e-02
8.06427838723e-02
8.06167342574e-02
8.06649764156e-02
8.05412000226e-02
8.04280999485e-02
8.05965019499e-02
8.04848476323e-02
8.05016314212e-02
8.06760686489e-02
8.05738049844e-02
8.06823955064e-02
8.04690083863e-02
8.05589190049e-02
8.05993386955e-02
8.04747605925e-02
8.04068143444e-02
8.03456862972e-02
8.07226640472e-02
8.03570187015e-02
8.03803330136e-02
8.06145982390e-02
8.03229857034e-02
8.03442086522e-02
8.06201612575e-02
8.06046135245e-02
8.05320097265e-02
8.06457562470e-02
8.04279053621e-02
8.04737470568e-02
8.05738687557e-02
8.06232467733e-02
8.04859658163e-02
8.06517026120e-02
8.05364844634e-02
8.04819832288e-02
8.06312528078e-02
8.05926667297e-02
8.04599648187e-02
8.05168203009e-02
8.05046116147e-02
8.06708327067e-02
8.07327147325e-02
8.06690940280e-02
8.05577369651e-02
8.02830270733e-02
8.05099074248e-02
8.05634326387e-02
8.04247492375e-02
8.04642954580e-02
8.03305836283e-02
8.04594858561e-02
8.04124858316e-02
8.04522573325e-02
8.07297329176e-02
8.05024886158e-02
8.02218893071e-02
8.07044074390e-02
8.05598445479e-02
8.04804026040e-02
8.05295528413e-02
8.04205649797e-02
8.05422000571e-02
8.03697681546e-02
8.04715314319e-02
8.05440738529e-02
8.04246089579e-02
8.06203914840e-02
8.05512774151e-02
8.04131576459e-02
8.02910445644e-02
8.08965576564e-02
8.03187034378e-02
8.05503981074e-02
8.03619259616e-02
8.03896113491e-02
8.02663632253e-02
8.06910612803e-02
8.06067185205e-02
8.04486048283e-02
8.05625350500e-02
8.05444702602e-02
8.03862110624e-02
8.03915698957e-02
8.05649736789e-02
8.06020784376e-02
8.04624294439e-02
8.03691178033e-02
8.04803637904e-02
8.05791505524e-02
8.04755842822e-02
8.05978124004e-02
8.06400551940e-02
8.04182473757e-02
8.05738456952e-02
8.05650582153e-02
8.05706324370e-02
8.05000180868e-02
8.04886148462e-02
8.03649951507e-02
8.04410029779e-02
8.04165060778e-02
8.02036529321e-02
8.04044438725e-02
8.04527205358e-02
8.06880779450e-02
8.05188840489e-02
8.06987645223e-02
8.07015306179e-02
8.06077992436e-02
8.06197639889e-02
8.04558727108e-02
8.06507587437e-02
8.05184735832e-02
8.04658151626e-02
8.06592525984e-02
8.03997140671e-02
8.05673513324e-02
8.05404395497e-02
8.04788853676e-02
8.05306219845e-02
8.05896487251e-02
8.02850622767e-02
8.04595881009e-02
8.05823173119e-02
8.06754424604e-02
8.05000653802e-02
8.05349221096e-02
8.02613176619e-02
8.05385627232e-02
8.04933139422e-02
8.05134479214e-02
8.05117384868e-02
8.07642015773e-02
8.04267074228e-02
8.04476573261e-02
8.05100348167e-02
8.05329284880e-02
8.04797327797e-02
8.04953393454e-02
8.03136876524e-02
8.05919146907e-02
8.06009254008e-02
8.04944176885e-02
8.03843893661e-02
8.03851301388e-02
8.03629666060e-02
8.05217648836e-02
8.05449438318e-02
8.06281764778e-02
8.06275753013e-02
8.05806443285e-02
8.04469713058e-02
8.04203913934e-02
8.04580513908e-02
8.04705567489e-02
8.03514489745e-02
8.06154525504e-02
8.05205447569e-02
8.05422480444e-02
8.04592017725e-02
8.04336623878e-02
8.07491469946e-02
8.05562717761e-02
8.05898440865e-02
8.04076610618e-02
8.05351061816e-02
8.03957867134e-02
8.04266089518e-02
8.06205272216e-02
8.03409362456e-02
8.03666481806e-02
8.05451418617e-02
8.07773133209e-02
8.04462997231e-02
8.04725688621e-02
8.04851082386e-02
8.04456409818e-02
8.05030441038e-02
8.04563658453e-02
8.06227345705e-02
8.06237396487e-02
8.03977338566e-02
8.04739042065e-02
8.07474305958e-02
8.05119077199e-02
8.04384638151e-02
8.05402586177e-02
8.04569058990e-02
8.04208578810e-02
8.05983325765e-02
8.04868570952e-02
8.04339231144e-02
8.07051524855e-02
8.04527435940e-02
8.03256476725e-02
8.05922880298e-02
8.04880778926e-02
8.02948710541e-02
8.06471631312e-02
8.07341432421e-02
8.04070881216e-02
8.04139495530e-02
8.03882915626e-02
8.04225587164e-02
8.06652271513e-02
8.06126739800e-02
8.07015780525e-02
8.05455489586e-02
8.05616803721e-02
8.05467022516e-02
8.05435976202e-02
8.05264147975e-02
8.03016747364e-02
8.06156736917e-02
8.06495195654e-02
8.04937859079e-02
8.04574915769e-02
8.05702335413e-02
8.04662561846e-02
8.05995420908e-02
8.06418922035e-02
8.04649957535e-02
8.03661247601e-02
8.05655011382e-02
8.07778246245e-02
8.05190331653e-02
8.06400641242e-02
8.04984895204e-02
8.04035890028e-02
8.05369926361e-02
8.06215845887e-02
8.04942395748e-02
8.05470161706e-02
8.03502356244e-02
8.06291179634e-02
8.04057648470e-02
8.03884453671e-02
8.04944062371e-02
8.05441503497e-02
8.06344781052e-02
8.05184327395e-02
8.05009697826e-02
8.05767388211e-02
8.06116363802e-02
8.04155336640e-02
8.06064315411e-02
8.02133121958e-02
8.03634216573e-02
8.06662084843e-02
8.04840777598e-02
8.07132777472e-02
8.05147450084e-02
8.05745914075e-02
8.06115066754e-02
8.05930079348e-02
8.04387370120e-02
8.06399371053e-02
8.06091002030e-02
8.05861810816e-02
8.01723306810e-02
8.04446770407e-02
8.06369343652e-02
8.04547926455e-02
8.03569491987e-02
8.06434194539e-02
8.07296713728e-02
8.07482196710e-02
8.05583106886e-02
8.05859003293e-02
8.05524275471e-02
8.04962459842e-02
8.03833942529e-02
8.05010848888e-02
8.07310622905e-02
8.03148913459e-02
8.03750342099e-02
8.04695273346e-02
8.06787319316e-02
8.06304449188e-02
8.06314114842e-02
8.06694228014e-02
8.06393041397e-02
8.06622300975e-02
8.05431122267e-02
8.05629401255e-02
8.06874777087e-02
8.04757551646e-02
8.04765546693e-02
8.03128410742e-02
8.07786232262e-02
8.03617098285e-02
8.05352663917e-02
8.05006525279e-02
8.06930124069e-02
8.03640568490e-02
8.04882524737e-02
8.04624618949e-02
8.04204890073e-02
8.05209088156e-02
8.04966848028e-02