-3.48550682755e+01
-3.48656746337e+01
-3.48648414532e+01
-3.48956347308e+01
-3.48666810539e+01
-3.48748956770e+01
-3.48401617109e+01
-3.48450481987e+01
-3.48931056771e+01
-3.49047322145e+01
-3.48680113585e+01
-3.48889831631e+01
-3.48849004706e+01
-3.48600932483e+01
-3.48559845035e+01
-3.48782910266e+01
-3.48502811157e+01
-3.48866084419e+01
-3.49020665142e+01
-3.48437429950e+01
-3.48732867581e+01
-3.48941399346e+01
-3.48621776405e+01
-3.48675719061e+01
-3.48621646656e+01
-3.48855489074e+01
-3.48589705229e+01
-3.48937732094e+01
-3.48234150717e+01
-3.49167856483e+01
-3.48672575631e+01
-3.48508436873e+01
-3.49076633626e+01
-3.48657765856e+01
-3.49008375186e+01
-3.48250036917e+01
-3.48650527335e+01
-3.49047443218e+01
-3.48714204757e+01
-3.48933736951e+01
-3.48728809955e+01
-3.48982206116e+01
-3.48770428499e+01
-3.48798365043e+01
-3.48944266926e+01
-3.49129289616e+01
-3.48785550719e+01
-3.48790821314e+01
-3.48806735285e+01
-3.48910680758e+01
-3.49233496848e+01
-3.48434377580e+01
-3.48798309806e+01
-3.48861234745e+01
-3.48884159394e+01
-3.48660748743e+01
-3.48763177780e+01
-3.48473111043e+01
-3.49074367549e+01
-3.48975489859e+01
-3.48368319033e+01
-3.48710735545e+01
-3.48756301138e+01
-3.49055514887e+01
-3.48905327710e+01
-3.48688296437e+01
-3.48424714771e+01
-3.48810077321e+01
-3.48678429150e+01
-3.48743162728e+01
-3.49054315913e+01
-3.48572743974e+01
-3.48737412730e+01
-3.49165281310e+01
-3.48707120763e+01
-3.48580560538e+01
-3.48799445003e+01
-3.48700048242e+01
-3.48983749218e+01
-3.48537867776e+01
-3.48142300139e+01
-3.48948718244e+01
-3.48413887807e+01
-3.48731122355e+01
-3.48688983715e+01
-3.48725903357e+01
-3.48333687939e+01
-3.48904179227e+01
-3.49120820982e+01
-3.48779475200e+01
-3.48432898219e+01
-3.48496918586e+01
-3.49137679900e+01
-3.49017640039e+01
-3.48858075928e+01
-3.48592571854e+01
-3.48510325899e+01
-3.48944241778e+01
-3.48524638588e+01
-3.48783647214e+01
-3.48847351509e+01
-3.49043332660e+01
-3.48729933780e+01
-3.48402131425e+01
-3.48206660454e+01
-3.48833253937e+01
-3.48582116662e+01
-3.48910907891e+01
-3.48718361768e+01
-3.48912839121e+01
-3.48483976640e+01
-3.49123367009e+01
-3.49137543657e+01
-3.48563885952e+01
-3.48078564162e+01
-3.49449720444e+01
-3.48908851635e+01
-3.49277040255e+01
-3.48688425006e+01
-3.49147124463e+01
-3.48323309988e+01
-3.48754755338e+01
-3.48680862198e+01
-3.49099120394e+01
-3.48505719530e+01
-3.48861490105e+01
-3.48361755039e+01
-3.48897350111e+01
-3.48919887241e+01
-3.48445926565e+01
-3.48581102419e+01
-3.48907840569e+01
-3.48551262405e+01
-3.48455598649e+01
-3.48147193008e+01
-3.48264871693e+01
-3.48651531420e+01
-3.48523895505e+01
-3.48394290493e+01
-3.48775280901e+01
-3.48725560362e+01
-3.48484560297e+01
-3.48941800822e+01
-3.48698086469e+01
-3.48324629275e+01
-3.48749958384e+01
-3.48747283115e+01
-3.48808963015e+01
-3.48841028533e+01
-3.48590902145e+01
-3.48704553178e+01
-3.48477152590e+01
-3.48786279804e+01
-3.48275218503e+01
-3.48762406904e+01
-3.48719109254e+01
-3.48566110577e+01
-3.48757356214e+01
-3.48257819679e+01
-3.48787073195e+01
-3.48693009359e+01
-3.48563743826e+01
-3.48708530185e+01
-3.48970567255e+01
-3.48851890560e+01
-3.48598496035e+01
-3.48719123816e+01
-3.48639404575e+01
-3.48690384567e+01
-3.48869276682e+01
-3.48498203506e+01
-3.49054005650e+01
-3.48869905863e+01
-3.48548167116e+01
-3.48847603907e+01
-3.48683078138e+01
-3.48539050550e+01
-3.48668592582e+01
-3.48625974164e+01
-3.48988246480e+01
-3.48742079222e+01
-3.48866109771e+01
-3.48307694713e+01
-3.48617241037e+01
-3.49216791287e+01
-3.48696765475e+01
-3.48547713044e+01
-3.48817980921e+01
-3.48716864017e+01
-3.49013562028e+01
-3.49079316602e+01
-3.48240279470e+01
-3.48649094835e+01
-3.48466620266e+01
-3.48474050111e+01
-3.48573706115e+01
-3.48827977602e+01
-3.49275822351e+01
-3.48654143392e+01
-3.49290483766e+01
-3.48613189281e+01
-3.48761143744e+01
-3.49434603630e+01
-3.48689063549e+01
-3.49142758490e+01
-3.48743057109e+01
-3.48625753432e+01
-3.48851159620e+01
-3.49211215926e+01
-3.48910234442e+01
-3.49113670042e+01
-3.49118630577e+01
-3.48826284587e+01
-3.48340852032e+01
-3.48769406455e+01
-3.48429161112e+01
-3.48563273513e+01
-3.49058720892e+01
-3.48915940357e+01
-3.48503041054e+01
-3.48719728296e+01
-3.48365104421e+01
-3.49074721835e+01
-3.48489247374e+01
-3.48355152133e+01
-3.49143894403e+01
-3.48732322605e+01
-3.48924935816e+01
-3.48567682838e+01
-3.49012262889e+01
-3.48667599997e+01
-3.49185515850e+01
-3.48740987501e+01
-3.49147748946e+01
-3.49095015082e+01
-3.49090113278e+01
-3.48932645573e+01
-3.48880340448e+01
-3.48820999210e+01
-3.48400781961e+01
-3.48763511370e+01
-3.49001254913e+01
-3.48535130427e+01
-3.49061727840e+01
-3.48533154564e+01
-3.48269363127e+01
-3.48408344056e+01
-3.48431997318e+01
-3.48560464780e+01
-3.49165925879e+01
-3.48576003331e+01
-3.48972142922e+01
-3.48652594091e+01
-3.48835931940e+01
-3.48506514980e+01
-3.48823181753e+01
-3.48456893286e+01
-3.48706235603e+01
-3.49073835263e+01
-3.49146619441e+01
-3.49307475379e+01
-3.48609788251e+01
-3.48951532612e+01
-3.48538551231e+01
-3.48849071494e+01
-3.48634529293e+01
-3.48606464315e+01
-3.48797678226e+01
-3.48598539653e+01
-3.48858994172e+01
-3.48282921226e+01
-3.49267849258e+01
-3.48656256707e+01
-3.48524887397e+01
-3.48782061516e+01
-3.48605878467e+01
-3.48441172234e+01
-3.48826752699e+01
-3.49046327755e+01
-3.48947425495e+01
-3.48659375141e+01
-3.48853105568e+01
-3.48842423224e+01
-3.48897599998e+01
-3.48930441262e+01
-3.48947459732e+01
-3.48829402018e+01
-3.48547133502e+01
-3.48746607328e+01
-3.48533973262e+01
-3.48713961126e+01
-3.49069041452e+01
-3.48952546957e+01
-3.48755613946e+01
-3.48815887117e+01
-3.48652594582e+01
-3.48968045103e+01
-3.48666642036e+01
-3.49103699695e+01
-3.48785070291e+01
-3.48794020681e+01
-3.48645450274e+01
-3.48443210188e+01
-3.48438427208e+01
-3.48164574195e+01
-3.48756722074e+01
-3.48150241086e+01
-3.49020113005e+01
-3.49228805996e+01
-3.48974222386e+01
-3.48945969589e+01
-3.48415108457e+01
-3.49244208154e+01
-3.48585547714e+01
-3.48837641602e+01
-3.48698965949e+01
-3.48700833166e+01
-3.49123767669e+01
-3.48620603461e+01
-3.48416993286e+01
-3.48814882831e+01
-3.48477479150e+01
-3.48702884103e+01
-3.49005563275e+01
-3.48736568680e+01
-3.49001137264e+01
-3.48474500188e+01
-3.49239984426e+01
-3.48466503639e+01
-3.49027773038e+01
-3.48729012187e+01
-3.49127375624e+01
-3.48530882737e+01
-3.48694033839e+01
-3.48494139845e+01
-3.48396243987e+01
-3.48838390597e+01
-3.48969388930e+01
-3.48444301761e+01
-3.48838246931e+01
-3.48979176387e+01
-3.48411536828e+01
-3.48704809973e+01
-3.48701962197e+01
-3.48796844054e+01
-3.48546786694e+01
-3.49079169369e+01
-3.48415456708e+01
-3.48593103422e+01
-3.48804259310e+01
-3.48905175062e+01
-3.48654741653e+01
-3.48771383926e+01
-3.49277352767e+01
-3.48536474557e+01
-3.48588180322e+01
-3.48731198306e+01
-3.48793625205e+01
-3.48724229522e+01
-3.48390101503e+01
-3.48585515556e+01
-3.49500333296e+01
-3.48855244042e+01
-3.49020189877e+01
-3.48683695054e+01
-3.48670145686e+01
-3.48831436451e+01
-3.48656285276e+01
-3.48813082473e+01
-3.48808854129e+01
-3.48493171749e+01
-3.48669530837e+01
-3.48918624048e+01
-3.48861826042e+01
-3.48696979193e+01
-3.48568925641e+01
-3.49039786649e+01
-3.49059212394e+01
-3.48843995004e+01
-3.48885462575e+01
-3.48793088827e+01
-3.48769602404e+01
-3.48953991863e+01
-3.49079947809e+01
-3.49221846032e+01
-3.49188488327e+01
-3.48721246080e+01
-3.48388949260e+01
-3.49089432783e+01
-3.49226101468e+01
-3.48468152841e+01
-3.48542975542e+01
-3.48796426201e+01
-3.48624834221e+01
-3.48873435889e+01
-3.48261465289e+01
-3.48760912417e+01
-3.48767085879e+01
-3.48290716256e+01
-3.48197326685e+01
-3.48922798752e+01
-3.48696855731e+01
-3.48472451737e+01
-3.48422850779e+01
-3.48275830639e+01
-3.48661197355e+01
-3.49161624599e+01
-3.49034106031e+01
-3.48605545017e+01
-3.48954978525e+01
-3.48716783015e+01
-3.48967044108e+01
-3.49261877077e+01
-3.48292945275e+01
-3.48618371538e+01
-3.48528645413e+01
-3.48470724216e+01
-3.48698102189e+01
-3.49134061832e+01
-3.48948043621e+01
-3.48793610843e+01
-3.48752721232e+01
-3.48297903761e+01
-3.48830480582e+01
-3.48520134967e+01
-3.48787613746e+01
-3.49083871073e+01
-3.49182197244e+01
-3.48596260020e+01
-3.48841622403e+01
-3.48897890890e+01
-3.48183275199e+01
-3.48815499976e+01
-3.48842674371e+01
-3.48610123400e+01
-3.49061999335e+01
-3.48720418284e+01
-3.48887933931e+01
-3.48660111206e+01
-3.48777852493e+01
-3.48982342265e+01
-3.48690491269e+01
-3.48669250992e+01
-3.48953912769e+01
-3.48396344266e+01
-3.48650995412e+01
-3.48539871123e+01
-3.48784325436e+01
-3.48569758776e+01
-3.48910201365e+01
-3.48665311714e+01
-3.49271574222e+01
-3.48739907738e+01
-3.49350418555e+01
-3.48877719445e+01
-3.48742822512e+01
-3.48379065246e+01
-3.48679318275e+01
-3.48646230962e+01
-3.48262884320e+01
-3.48443045082e+01
-3.48673068248e+01
-3.48925941009e+01
-3.48720366042e+01
-3.48947732210e+01
-3.48633411661e+01
-3.49151791301e+01
-3.49034342900e+01
-3.48786356654e+01
-3.48398308638e+01
-3.48701330779e+01
-3.48743624944e+01
-3.48561297694e+01
-3.49158784447e+01
-3.48949045762e+01
-3.48778210680e+01
-3.48705034661e+01
-3.48657941352e+01
-3.48921900054e+01
-3.48977841869e+01
-3.49029237739e+01
-3.49028458899e+01
-3.48748124160e+01
-3.49266214079e+01
-3.48778010807e+01
-3.48577068842e+01
-3.48876419832e+01
-3.48649037801e+01
-3.48579139072e+01
-3.48510277378e+01
-3.49235978521e+01
-3.48781826276e+01
-3.49003514184e+01
-3.49116462116e+01
-3.49194715466e+01
-3.48577296881e+01
-3.49077411098e+01
-3.48297793728e+01
-3.48718427672e+01
-3.48739487677e+01
-3.48739758404e+01