5.23822502755e+01
5.24009611184e+01
5.23980241994e+01
5.24456457121e+01
5.23936766677e+01
5.24155840096e+01
5.23497173372e+01
5.23575033378e+01
5.24373711951e+01
5.24566114006e+01
5.24005626686e+01
5.24342394535e+01
5.24214103139e+01
5.23856412653e+01
5.23854975490e+01
5.24123468090e+01
5.23702700912e+01
5.24295468870e+01
5.24531091990e+01
5.23600542678e+01
5.24036813308e+01
5.24407945071e+01
5.23914981776e+01
5.23998521549e+01
5.23962144395e+01
5.24297090746e+01
5.23879634774e+01
5.24340875664e+01
5.23259373857e+01
5.24752566458e+01
5.23966380124e+01
5.23727501548e+01
5.24692831585e+01
5.23964740854e+01
5.24494513774e+01
5.23320698107e+01
5.23964466200e+01
5.24622184922e+01
5.23984489759e+01
5.24394982976e+01
5.24064540322e+01
5.24450088592e+01
5.24123730020e+01
5.24222050039e+01
5.24472801055e+01
5.24705483234e+01
5.24154630050e+01
5.24145972768e+01
5.24156631153e+01
5.24356488402e+01
5.24904955720e+01
5.23635650905e+01
5.24189773427e+01
5.24245770910e+01
5.24311810278e+01
5.23965015340e+01
5.24059881064e+01
5.23565827503e+01
5.24602529843e+01
5.24460207029e+01
5.23510597134e+01
5.24086837630e+01
5.24109546969e+01
5.24604176969e+01
5.24374757752e+01
5.23981994949e+01
5.23588930969e+01
5.24154530514e+01
5.23969650051e+01
5.24135320528e+01
5.24583119528e+01
5.23817550084e+01
5.24060568376e+01
5.24730891851e+01
5.24056391716e+01
5.23866136136e+01
5.24267530186e+01
5.23993945728e+01
5.24481610592e+01
5.23776788925e+01
5.23203604076e+01
5.24405463447e+01
5.23593494433e+01
5.24107638778e+01
5.23978743957e+01
5.24085229117e+01
5.23461037584e+01
5.24341520142e+01
5.24632904368e+01
5.24137588972e+01
5.23567817795e+01
5.23623887500e+01
5.24735672256e+01
5.24493625342e+01
5.24320009729e+01
5.23866647590e+01
5.23779031932e+01
5.24445127730e+01
5.23685154780e+01
5.24159125005e+01
5.24265773881e+01
5.24561113624e+01
5.24043857436e+01
5.23594296881e+01
5.23207101177e+01
5.24216154784e+01
5.23872284264e+01
5.24380255153e+01
5.24120817427e+01
5.24411046487e+01
5.23707930873e+01
5.24681400236e+01
5.24650595927e+01
5.23775487004e+01
5.23015079566e+01
5.25218024349e+01
5.24375209264e+01
5.24900472279e+01
5.24010126614e+01
5.24737602189e+01
5.23430611537e+01
5.24211109733e+01
5.23996772681e+01
5.24651172339e+01
5.23712531801e+01
5.24251756044e+01
5.23469367942e+01
5.24325302461e+01
5.24384951983e+01
5.23596221279e+01
5.23893553868e+01
5.24370613090e+01
5.23823280921e+01
5.23665498190e+01
5.23177340989e+01
5.23332380852e+01
5.23923554374e+01
5.23725177510e+01
5.23509562762e+01
5.24129576673e+01
5.24004142550e+01
5.23703301938e+01
5.24391612909e+01
5.24032534061e+01
5.23383284805e+01
5.24070428848e+01
5.24098497929e+01
5.24143490101e+01
5.24297294034e+01
5.23870626200e+01
5.24037971745e+01
5.23734898467e+01
5.24200795292e+01
5.23286421947e+01
5.24174543542e+01
5.24082669682e+01
5.23813783735e+01
5.24104307447e+01
5.23275106571e+01
5.24129286772e+01
5.24046958167e+01
5.23837830094e+01
5.24013840008e+01
5.24488606171e+01
5.24224172064e+01
5.23889778598e+01
5.23993689178e+01
5.23908461699e+01
5.24074194880e+01
5.24250395357e+01
5.23711906573e+01
5.24566783978e+01
5.24338307671e+01
5.23823744219e+01
5.24327917946e+01
5.23994193683e+01
5.23759107164e+01
5.23977044537e+01
5.23952446890e+01
5.24508328779e+01
5.24076749979e+01
5.24301120383e+01
5.23411041424e+01
5.23915374552e+01
5.24864725757e+01
5.24024543137e+01
5.23802300042e+01
5.24221085875e+01
5.24076392161e+01
5.24544120219e+01
5.24694753315e+01
5.23341347379e+01
5.23984690400e+01
5.23665298781e+01
5.23698673323e+01
5.23862385630e+01
5.24257577391e+01
5.24955948378e+01
5.23992668651e+01
5.24907683478e+01
5.23878701928e+01
5.24156028356e+01
5.25180057725e+01
5.24014605914e+01
5.24758273647e+01
5.24144979303e+01
5.23956526997e+01
5.24162476119e+01
5.24881839341e+01
5.24366225057e+01
5.24711394303e+01
5.24615579840e+01
5.24169943200e+01
5.23509425813e+01
5.24107375743e+01
5.23641317614e+01
5.23818540421e+01
5.24602630104e+01
5.24340557246e+01
5.23655010341e+01
5.24073843797e+01
5.23517748276e+01
5.24595079814e+01
5.23688984250e+01
5.23578703096e+01
5.24759486200e+01
5.24084612745e+01
5.24394270430e+01
5.23833432778e+01
5.24482714826e+01
5.23988826518e+01
5.24822405811e+01
5.24106810540e+01
5.24734689009e+01
5.24684494341e+01
5.24683907236e+01
5.24413736360e+01
5.24330514832e+01
5.24198186750e+01
5.23547878253e+01
5.24082571491e+01
5.24455791026e+01
5.23769050637e+01
5.24655552574e+01
5.23779181847e+01
5.23296253243e+01
5.23589664164e+01
5.23613483477e+01
5.23794513494e+01
5.24761897294e+01
5.23823535416e+01
5.24431221009e+01
5.23968682071e+01
5.24261288808e+01
5.23754481730e+01
5.24280034325e+01
5.23634169057e+01
5.24105055171e+01
5.24567095920e+01
5.24693051516e+01
5.25003591637e+01
5.23878277680e+01
5.24433617219e+01
5.23808316537e+01
5.24241998454e+01
5.23956360440e+01
5.23816369235e+01
5.24162385479e+01
5.23902410065e+01
5.24318426283e+01
5.23377524895e+01
5.24959506762e+01
5.24008481084e+01
5.23776975689e+01
5.24183264637e+01
5.23782619238e+01
5.23611714885e+01
5.24240044780e+01
5.24560091157e+01
5.24379255488e+01
5.23967803705e+01
5.24263701570e+01
5.24260167633e+01
5.24354408630e+01
5.24406303563e+01
5.24348920314e+01
5.24175073105e+01
5.23802590245e+01
5.24193272221e+01
5.23760655825e+01
5.23993165412e+01
5.24643866215e+01
5.24403331017e+01
5.24078854553e+01
5.24158895390e+01
5.23964768260e+01
5.24393990602e+01
5.23974335118e+01
5.24674357420e+01
5.24192775476e+01
5.24159185091e+01
5.23999806597e+01
5.23635974648e+01
5.23622797222e+01
5.23180912250e+01
5.24075104061e+01
5.23181404990e+01
5.24514315824e+01
5.24855582628e+01
5.24418804063e+01
5.24454772858e+01
5.23618477166e+01
5.24838209846e+01
5.23894642173e+01
5.24266559562e+01
5.24044051019e+01
5.23992121755e+01
5.24691992722e+01
5.23889883336e+01
5.23561617040e+01
5.24228701984e+01
5.23637666142e+01
5.24026465744e+01
5.24445072410e+01
5.24064386595e+01
5.24490478166e+01
5.23706962463e+01
5.24858513285e+01
5.23664158064e+01
5.24565055303e+01
5.24080973300e+01
5.24705375549e+01
5.23796244161e+01
5.24032108741e+01
5.23796003472e+01
5.23523866336e+01
5.24243643006e+01
5.24391919032e+01
5.23634301282e+01
5.24251544734e+01
5.24393123412e+01
5.23597081915e+01
5.24067624058e+01
5.23983841152e+01
5.24096195280e+01
5.23853759949e+01
5.24620304287e+01
5.23557254952e+01
5.23865288160e+01
5.24203032763e+01
5.24286810229e+01
5.23957333203e+01
5.24168937863e+01
5.24939057073e+01
5.23764735121e+01
5.23854398884e+01
5.24074630866e+01
5.24120701886e+01
5.24064736509e+01
5.23548781598e+01
5.23836771218e+01
5.25282458387e+01
5.24269945535e+01
5.24453673878e+01
5.24008725890e+01
5.24005257360e+01
5.24233023318e+01
5.23977504694e+01
5.24164487757e+01
5.24193301069e+01
5.23649162055e+01
5.23921689768e+01
5.24374724432e+01
5.24311979165e+01
5.23988571652e+01
5.23805439166e+01
5.24517823932e+01
5.24588050677e+01
5.24226638707e+01
5.24359158652e+01
5.24124620586e+01
5.24157167605e+01
5.24419467775e+01
5.24646278925e+01
5.24896305974e+01
5.24792368866e+01
5.24060007549e+01
5.23543410019e+01
5.24754541200e+01
5.24856605595e+01
5.23651061748e+01
5.23840981797e+01
5.24179368870e+01
5.23914297679e+01
5.24246672015e+01
5.23305643716e+01
5.24127373591e+01
5.24044364025e+01
5.23318245952e+01
5.23277768906e+01
5.24375820670e+01
5.24048639844e+01
5.23641204993e+01
5.23597898614e+01
5.23344959233e+01
5.23986811132e+01
5.24760191829e+01
5.24597160880e+01
5.23883036201e+01
5.24417565086e+01
5.24092519381e+01
5.24449641764e+01
5.24946735601e+01
5.23347950475e+01
5.23895103024e+01
5.23752177061e+01
5.23690388375e+01
5.24054324546e+01
5.24670725649e+01
5.24430903461e+01
5.24189652136e+01
5.24143746060e+01
5.23403082178e+01
5.24189317688e+01
5.23719521930e+01
5.24154295494e+01
5.24629124254e+01
5.24816017733e+01
5.23868862828e+01
5.24180990380e+01
5.24298902066e+01
5.23250044873e+01
5.24221409206e+01
5.24271536990e+01
5.23919026991e+01
5.24532956218e+01
5.24071327861e+01
5.24345696222e+01
5.23974576195e+01
5.24156364320e+01
5.24392200701e+01
5.23959672248e+01
5.23963890842e+01
5.24408990234e+01
5.23605170079e+01
5.23978089687e+01
5.23768467329e+01
5.24207169171e+01
5.23758253217e+01
5.24364971214e+01
5.23968677121e+01
5.24878850914e+01
5.24104147454e+01
5.25060848280e+01
5.24345278106e+01
5.24130337062e+01
5.23512337516e+01
5.24005625302e+01
5.23929535046e+01
5.23355901628e+01
5.23562113445e+01
5.24012726418e+01
5.24434454643e+01
5.24055962344e+01
5.24401171454e+01
5.23955354297e+01
5.24756332236e+01
5.24578066553e+01
5.24215043840e+01
5.23533335987e+01
5.24091201431e+01
5.24155002052e+01
5.23798837248e+01
5.24800604433e+01
5.24476747284e+01
5.24146816313e+01
5.23995511175e+01
5.23953158802e+01
5.24428056369e+01
5.24439204103e+01
5.24561469391e+01
5.24573129266e+01
5.24106846745e+01
5.24931889535e+01
5.24143119012e+01
5.23927116211e+01
5.24329443449e+01
5.23879366681e+01
5.23828125696e+01
5.23763084837e+01
5.24843220668e+01
5.24137614383e+01
5.24513567596e+01
5.24626248874e+01
5.24842136677e+01
5.23767268916e+01
5.24575877693e+01
5.23402076511e+01
5.24005919169e+01
5.24085828077e+01
5.24091411809e+01