7.88000967136e-01
7.88020862252e-01
7.87983621939e-01
7.88271143673e-01
7.88338490302e-01
7.88035846845e-01
7.88075410051e-01
7.88042268353e-01
7.88213235159e-01
7.88174018025e-01
7.87909980819e-01
7.88176982695e-01
7.88159698638e-01
7.88129688549e-01
7.87928450090e-01
7.88360688866e-01
7.87936088959e-01
7.87992948257e-01
7.87987777495e-01
7.88004101465e-01
7.88230468676e-01
7.88034226515e-01
7.88134118890e-01
7.88114642021e-01
7.88104396564e-01
7.87996767251e-01
7.88409458152e-01
7.87847231986e-01
7.88087759661e-01
7.88062821616e-01
7.88305728037e-01
7.88381055879e-01
7.88280580783e-01
7.88247833465e-01
7.88116958344e-01
7.88066342680e-01
7.88301295543e-01
7.88477481790e-01
7.88153672408e-01
7.88248177526e-01
7.88379649167e-01
7.88093033695e-01
7.88097092222e-01
7.88253467261e-01
7.88298309620e-01
7.88059797897e-01
7.88206387050e-01
7.88110372468e-01
7.88089797808e-01
7.87878627327e-01
7.88308961292e-01
7.88194179701e-01
7.87981605523e-01
7.88326641763e-01
7.88367633098e-01
7.88298660910e-01
7.88317544184e-01
7.88084795034e-01
7.88288948913e-01
7.88298850731e-01
7.88038492357e-01
7.88077559517e-01
7.88127275570e-01
7.87966468594e-01
7.88171800864e-01
7.87918555930e-01
7.88148351127e-01
7.88063341718e-01
7.87978201063e-01
7.87998403692e-01
7.88059414202e-01
7.88080166903e-01
7.88280331269e-01
7.88146300089e-01
7.88357174436e-01
7.88205349861e-01
7.88016731915e-01
7.88103010480e-01
7.87771449582e-01
7.88144737454e-01
7.87739946948e-01
7.87897799331e-01
7.88130074177e-01
7.88321369417e-01
7.88084605599e-01
7.87967761704e-01
7.88138617979e-01
7.87917742997e-01
7.88312431587e-01
7.88459925353e-01
7.88218104242e-01
7.88247880214e-01
7.87873840004e-01
7.88246238829e-01
7.88071609420e-01
7.88343218586e-01
7.88012603446e-01
7.88016353687e-01
7.88078851604e-01
7.88207551405e-01
7.87858454307e-01
7.88238395477e-01
7.88231604680e-01
7.88218337059e-01
7.88036811009e-01
7.88146424526e-01
7.88320423196e-01
7.88116440634e-01
7.88151294709e-01
7.88165459212e-01
7.88318570126e-01
7.87971953537e-01
7.87932855658e-01
7.88199267345e-01
7.87923358101e-01
7.88074778900e-01
7.87950423857e-01
7.88098199878e-01
7.88286683507e-01
7.88428057273e-01
7.87953476686e-01
7.87899939558e-01
7.88133059627e-01
7.87948559232e-01
7.87899474347e-01
7.87841702760e-01
7.88084275612e-01
7.88194344424e-01
7.88153037874e-01
7.88114310868e-01
7.87915822843e-01
7.87959699229e-01
7.87946807431e-01
7.88113095159e-01
7.88135192356e-01
7.88013050846e-01
7.88159111889e-01
7.88076099686e-01
7.87941545234e-01
7.88368385930e-01
7.88090081203e-01
7.88260366585e-01
7.88245161576e-01
7.87963431263e-01
7.87979652414e-01
7.88102129554e-01
7.88196901017e-01
7.88122441434e-01
7.88341549677e-01
7.87746322749e-01
7.87821714233e-01
7.87961448448e-01
7.87996433666e-01
7.87926432755e-01
7.87957081415e-01
7.88172361605e-01
7.88012930540e-01
7.88145021249e-01
7.88265194477e-01
7.87937894433e-01
7.87899870711e-01
7.88157522315e-01
7.88011782579e-01
7.88323243598e-01
7.88168564560e-01
7.87975813008e-01
7.88231994798e-01
7.87912971071e-01
7.88027495050e-01
7.88404952855e-01
7.87842486476e-01
7.88269117282e-01
7.88123511231e-01
7.88276708197e-01
7.88225842969e-01
7.88371980979e-01
7.88224038347e-01
7.88489225356e-01
7.88056068119e-01
7.88006228288e-01
7.88115863077e-01
7.88069425240e-01
7.88119132505e-01
7.88033048288e-01
7.88409739756e-01
7.88187495432e-01
7.87626730842e-01
7.87775654478e-01
7.88207609607e-01
7.88381086222e-01
7.87945916088e-01
7.87732299092e-01
7.88042725987e-01
7.88040317445e-01
7.88212195321e-01
7.88261416206e-01
7.87955839923e-01
7.88197057657e-01
7.88287495113e-01
7.88199898992e-01
7.88108306277e-01
7.88178476623e-01
7.88303682456e-01
7.88164407173e-01
7.88299524399e-01
7.87980673355e-01
7.88019862888e-01
7.88260413530e-01
7.88330231984e-01
7.87852061547e-01
7.88410066383e-01
7.88166151498e-01
7.88053931127e-01
7.88004618218e-01
7.87815860739e-01
7.87810382679e-01
7.87826089012e-01
7.88204158127e-01
7.87970017867e-01
7.87878961420e-01
7.88092944850e-01
7.88180296489e-01
7.87765152055e-01
7.87849296188e-01
7.88126092692e-01
7.88191808616e-01
7.87959456977e-01
7.88372817643e-01
7.87999746967e-01
7.88040716501e-01
7.87863638568e-01
7.88167403339e-01
7.88221078151e-01
7.88112022843e-01
7.88026584661e-01
7.87953284587e-01
7.87993587664e-01
7.88106665399e-01
7.88119443839e-01
7.87969858063e-01
7.88300840305e-01
7.87999726015e-01
7.88028049468e-01
7.88221791647e-01
7.88167060167e-01
7.87855073105e-01
7.88180255883e-01
7.87844347078e-01
7.88041681110e-01
7.88243673156e-01
7.88184228289e-01
7.87968309247e-01
7.87973681578e-01
7.88049872791e-01
7.88436025524e-01
7.88213903439e-01
7.88277957419e-01
7.88012859278e-01
7.88192012922e-01
7.88239487918e-01
7.88180129570e-01
7.88200841664e-01
7.88477428288e-01
7.87881940526e-01
7.88155415523e-01
7.88175727119e-01
7.87997467964e-01
7.88123695123e-01
7.87938891563e-01
7.88352577039e-01
7.88083647495e-01
7.88109644345e-01
7.88221730466e-01
7.87998789742e-01
7.88280298614e-01
7.88344806039e-01
7.87989236427e-01
7.87910829007e-01
7.88031807311e-01
7.88291998096e-01
7.87859476445e-01
7.88145081842e-01
7.88297929917e-01
7.88146074553e-01
7.88222324439e-01
7.88369268589e-01
7.88065948858e-01
7.88119312926e-01
7.88163696815e-01
7.87881476083e-01
7.88049313007e-01
7.88210180726e-01
7.88163602461e-01
7.88102457811e-01
7.88076460257e-01
7.88006055755e-01
7.87996420138e-01
7.87905886911e-01
7.88270329797e-01
7.88327073458e-01
7.88080630740e-01
7.87953563832e-01
7.88059655829e-01
7.88312368086e-01
7.87923070624e-01
7.87929263505e-01
7.88034747056e-01
7.87943026987e-01
7.88119716517e-01
7.88098608114e-01
7.88031162387e-01
7.88257527407e-01
7.88236745995e-01
7.88010919624e-01
7.87862897365e-01
7.88192083341e-01
7.87937956837e-01
7.88046253964e-01
7.88076867088e-01
7.88078797587e-01
7.88172597674e-01
7.88140339724e-01
7.87740597866e-01
7.88323362629e-01
7.88082240221e-01
7.88178068486e-01
7.88084887281e-01
7.88097709389e-01
7.88006340783e-01
7.88293199444e-01
7.87905992882e-01
7.88099417877e-01
7.88204091391e-01
7.88196748332e-01
7.88191709460e-01
7.87961441869e-01
7.88139563700e-01
7.88002117252e-01
7.87793756771e-01
7.88497798393e-01
7.87961394263e-01
7.88082796715e-01
7.88107535594e-01
7.88125066954e-01
7.88071238044e-01
7.88339661726e-01
7.88261732904e-01
7.88299805969e-01
7.88330364221e-01
7.88125699600e-01
7.88202142308e-01
7.88242966823e-01
7.87725122783e-01
7.88267158064e-01
7.87951311223e-01
7.87755405642e-01
7.88025751207e-01
7.88101814903e-01
7.87894279480e-01
7.88041977056e-01
7.87775372804e-01
7.88063649297e-01
7.88285408116e-01
7.88202933299e-01
7.88005607081e-01
7.87795859009e-01
7.88152362645e-01
7.87973169460e-01
7.88153932651e-01
7.88110580799e-01
7.88213985115e-01
7.88240863412e-01
7.88057693193e-01
7.88026428808e-01
7.87995253578e-01
7.87946992530e-01
7.88098681222e-01
7.87986369895e-01
7.87959380873e-01
7.87958569634e-01
7.87767460072e-01
7.87905702093e-01
7.87885542189e-01
7.87941195859e-01
7.88359961506e-01
7.88004310181e-01
7.87898004450e-01
7.87943845434e-01
7.88151378840e-01
7.88218080661e-01
7.88168505964e-01
7.88094385499e-01
7.88035717850e-01
7.88183302563e-01
7.88217294730e-01
7.88014497356e-01
7.88273786197e-01
7.87789371985e-01
7.87943294645e-01
7.88198503109e-01
7.88123340859e-01
7.88113573082e-01
7.87738226381e-01
7.87933231387e-01
7.87869592329e-01
7.88031064566e-01
7.88500030244e-01
7.87949508506e-01
7.88228146935e-01
7.87888149488e-01
7.88265700971e-01
7.88340626628e-01
7.87762490912e-01
7.87888901202e-01
7.88270604567e-01
7.88143428766e-01
7.88135240957e-01
7.87925669852e-01
7.88012843354e-01
7.88515777452e-01
7.88303221284e-01
7.88066527678e-01
7.87949694916e-01
7.88039033839e-01
7.88040537639e-01
7.88251709562e-01
7.88037780271e-01
7.88240829277e-01
7.88191398069e-01
7.88331621347e-01
7.88115089117e-01
7.88611012088e-01
7.88075580946e-01
7.88115296360e-01
7.88286432665e-01
7.88089521536e-01
7.88148196537e-01
7.88033190010e-01
7.88104205981e-01
7.88151043367e-01
7.88135759650e-01
7.88132412777e-01
7.88319762445e-01
7.88167785284e-01
7.88129336534e-01
7.88271748945e-01
7.87929143764e-01
7.88202917162e-01
7.88103592190e-01
7.88013527497e-01
7.87950231150e-01
7.88222351540e-01
7.88264270321e-01
7.88211084224e-01
7.87966490729e-01
7.88162365599e-01
7.88195077216e-01
7.88156453657e-01
7.88261023469e-01
7.87943394181e-01
7.88138576122e-01
7.88472790580e-01
7.88131053050e-01
7.88366180160e-01
7.87850295553e-01
7.87824105587e-01
7.88005872881e-01
7.88044855862e-01
7.88092835716e-01
7.87943344012e-01
7.88200458638e-01
7.88212873333e-01
7.88099373647e-01
7.88259598938e-01
7.88138680762e-01
7.88005112251e-01
7.88183432290e-01
7.88191780439e-01
7.88213953888e-01
7.87945812129e-01
7.88131653585e-01
7.88239767634e-01
7.88387768696e-01
7.88260000288e-01
7.87734311073e-01
7.87870449072e-01
7.88431997423e-01
7.87955183782e-01
7.88007423286e-01
7.88011329397e-01
7.87745570416e-01
7.87848375120e-01
7.88087090147e-01
7.88309287075e-01
7.88423673515e-01
7.88154221192e-01
7.88033213751e-01
7.88068463254e-01
7.88032143282e-01
7.88284578323e-01
7.88104929238e-01