8.34086790802e-01
8.34434240444e-01
8.34375785559e-01
8.34771985936e-01
8.34498583169e-01
8.34309219820e-01
8.34268270347e-01
8.34336344593e-01
8.34758726720e-01
8.34149873195e-01
8.33943960065e-01
8.34189858335e-01
8.34264406814e-01
8.34923319564e-01
8.33568015080e-01
8.34746016146e-01
8.33965218939e-01
8.33939664265e-01
8.34206977947e-01
8.33788284632e-01
8.34591959355e-01
8.33590588159e-01
8.34398958238e-01
8.34634912186e-01
8.34026111284e-01
8.35143468585e-01
8.34829419617e-01
8.33482848916e-01
8.34248148231e-01
8.35217047758e-01
8.34137039344e-01
8.34796946303e-01
8.34262835622e-01
8.33923360943e-01
8.34600110988e-01
8.34615954889e-01
8.34490677666e-01
8.34742878468e-01
8.33975347945e-01
8.34136583189e-01
8.34519732744e-01
8.33892058441e-01
8.34339731084e-01
8.35228564626e-01
8.34967232117e-01
8.34436888615e-01
8.34981288244e-01
8.34798156749e-01
8.34271626920e-01
8.34508705880e-01
8.33973939067e-01
8.34503256432e-01
8.33835235641e-01
8.33379452399e-01
8.34186972620e-01
8.34762991716e-01
8.33966958504e-01
8.35076460338e-01
8.34853432228e-01
8.34471761611e-01
8.34147314916e-01
8.34593052777e-01
8.34147029578e-01
8.34203907528e-01
8.34562299295e-01
8.34379449228e-01
8.34826171790e-01
8.34313813051e-01
8.34329980188e-01
8.34069161788e-01
8.34434133677e-01
8.34445177463e-01
8.35277204914e-01
8.34765788964e-01
8.35035278173e-01
8.34337351706e-01
8.34063105954e-01
8.34533063375e-01
8.33926821742e-01
8.33939808454e-01
8.34053788538e-01
8.34392097932e-01
8.34972166409e-01
8.34328141763e-01
8.33791987290e-01
8.34303101407e-01
8.34485101186e-01
8.34003180632e-01
8.34341881748e-01
8.34152489967e-01
8.34452793396e-01
8.34232078268e-01
8.34360877171e-01
8.34253407027e-01
8.34051825650e-01
8.34658394066e-01
8.34279519555e-01
8.33868729806e-01
8.34656964887e-01
8.34215447203e-01
8.34237959666e-01
8.34779405172e-01
8.35036014145e-01
8.34662054517e-01
8.33365761066e-01
8.34103379588e-01
8.34573826219e-01
8.34762488631e-01
8.34080876787e-01
8.33426276172e-01
8.35095330890e-01
8.34173081959e-01
8.34688303487e-01
8.34990738378e-01
8.34383032366e-01
8.34895119515e-01
8.34079295560e-01
8.34234504445e-01
8.34108293311e-01
8.34593574080e-01
8.34519991692e-01
8.33948005191e-01
8.34494555075e-01
8.34133114994e-01
8.33983287247e-01
8.33827956799e-01
8.33899871100e-01
8.34396019207e-01
8.35002498660e-01
8.34300001425e-01
8.34730829522e-01
8.34241337898e-01
8.34873774301e-01
8.35324769629e-01
8.34208566982e-01
8.34456101278e-01
8.33627052203e-01
8.34538766663e-01
8.34290765857e-01
8.34620696250e-01
8.34489736206e-01
8.34589227769e-01
8.34320018146e-01
8.34616286172e-01
8.34030362223e-01
8.34470762743e-01
8.34104345780e-01
8.34705539819e-01
8.35049819640e-01
8.33892287513e-01
8.34618363798e-01
8.34837782371e-01
8.34787202377e-01
8.33913092808e-01
8.33619700762e-01
8.34727659231e-01
8.34685566778e-01
8.33887067403e-01
8.34608964036e-01
8.34354267962e-01
8.34181907666e-01
8.34769371378e-01
8.34594164741e-01
8.35302875091e-01
8.34660431343e-01
8.34446178922e-01
8.33952540603e-01
8.33450642218e-01
8.34528441536e-01
8.34668470720e-01
8.34260153665e-01
8.34700105237e-01
8.34107309150e-01
8.34397692936e-01
8.34820953464e-01
8.34611284921e-01
8.34603523347e-01
8.34626869185e-01
8.34275914664e-01
8.34540156712e-01
8.34193408703e-01
8.34795725196e-01
8.34155825650e-01
8.35292629203e-01
8.34605512653e-01
8.33993403301e-01
8.34005918229e-01
8.34529652629e-01
8.33978525875e-01
8.34992897965e-01
8.34284695512e-01
8.33990405789e-01
8.34574118619e-01
8.34668131667e-01
8.34472722090e-01
8.34128544648e-01
8.33300816262e-01
8.34753319239e-01
8.33999933846e-01
8.34620511289e-01
8.34693537621e-01
8.34213121774e-01
8.34004400258e-01
8.34616099327e-01
8.34771825978e-01
8.34086780343e-01
8.34231328894e-01
8.34736103167e-01
8.34174963631e-01
8.34183075100e-01
8.34570650495e-01
8.34558069524e-01
8.33856354104e-01
8.34135671442e-01
8.33719895135e-01
8.34354069528e-01
8.33767993722e-01
8.34407303982e-01
8.33902591121e-01
8.34063154136e-01
8.34592026962e-01
8.34361798606e-01
8.34774431997e-01
8.34098410150e-01
8.33942205067e-01
8.34835743058e-01
8.34160715566e-01
8.34594767808e-01
8.34657056030e-01
8.34529521876e-01
8.33895971341e-01
8.34176411457e-01
8.34063720414e-01
8.34113796122e-01
8.34698191991e-01
8.34115841545e-01
8.34096434882e-01
8.34095238670e-01
8.34350619287e-01
8.33419714944e-01
8.34752993633e-01
8.34371159667e-01
8.34161179484e-01
8.34161122780e-01
8.34808884082e-01
8.33815024169e-01
8.34378817244e-01
8.34756853116e-01
8.33933179268e-01
8.34525489834e-01
8.34058328958e-01
8.34209362073e-01
8.34402555346e-01
8.34349267206e-01
8.34222401440e-01
8.34643222025e-01
8.34557404835e-01
8.33122227603e-01
8.34510730073e-01
8.34746161035e-01
8.34728040286e-01
8.35277605063e-01
8.34983179458e-01
8.35211291861e-01
8.33707530961e-01
8.34117769761e-01
8.33856358056e-01
8.34964282098e-01
8.34503221423e-01
8.34495347278e-01
8.34312916895e-01
8.34540851618e-01
8.34020935788e-01
8.34203890181e-01
8.34216494317e-01
8.34342944654e-01
8.33923022238e-01
8.34944856794e-01
8.34101453668e-01
8.34455079092e-01
8.34388417404e-01
8.34863736752e-01
8.34906055009e-01
8.34782333485e-01
8.34765909767e-01
8.34928961446e-01
8.34191642440e-01
8.34242987566e-01
8.34372127636e-01
8.34257698687e-01
8.34190442872e-01
8.34570910088e-01
8.34299406645e-01
8.34604835661e-01
8.33944122258e-01
8.33986899599e-01
8.34430250517e-01
8.34825101088e-01
8.34672998015e-01
8.35177093925e-01
8.34494388423e-01
8.34751047728e-01
8.33764409680e-01
8.34953565595e-01
8.34037787202e-01
8.34312767148e-01
8.33898521675e-01
8.33707668375e-01
8.34612051630e-01
8.35005663132e-01
8.34464870179e-01
8.33735526271e-01
8.34531169692e-01
8.34584433890e-01
8.34666418214e-01
8.34105255672e-01
8.33697971023e-01
8.34602982841e-01
8.34632553509e-01
8.34687766037e-01
8.34926687042e-01
8.33453542552e-01
8.34517380444e-01
8.34607835016e-01
8.34257790311e-01
8.33683494963e-01
8.34173674569e-01
8.34022844133e-01
8.33976129569e-01
8.34481352826e-01
8.34880648730e-01
8.34142775559e-01
8.34525545791e-01
8.33679638389e-01
8.34558372436e-01
8.33888581727e-01
8.34095267783e-01
8.33825915464e-01
8.33431985410e-01
8.34652843783e-01
8.34320300963e-01
8.34747653301e-01
8.33640429896e-01
8.34385664292e-01
8.34409171301e-01
8.34602941543e-01
8.35653533910e-01
8.34657122126e-01
8.34123654860e-01
8.34142239004e-01
8.34312047137e-01
8.34526509244e-01
8.33970127662e-01
8.34064925808e-01
8.34474879109e-01
8.34791836025e-01
8.35045596599e-01
8.34733203559e-01
8.33626802733e-01
8.34239112165e-01
8.33671138363e-01
8.34044713128e-01
8.34545518222e-01
8.34604733179e-01
8.34677752317e-01
8.33545551362e-01
8.34405033655e-01
8.34008894593e-01
8.33992017703e-01
8.34282413254e-01
8.34673866186e-01
8.34757431585e-01
8.34631461685e-01
8.33963681266e-01
8.34536699914e-01
8.33785767751e-01
8.34858495458e-01
8.34077761678e-01
8.34269691512e-01
8.33914027349e-01
8.34408147029e-01
8.33773369893e-01
8.33536253981e-01
8.34120722777e-01
8.33350415908e-01
8.33467734897e-01
8.34309765886e-01
8.34549315931e-01
8.34263722287e-01
8.34698070233e-01
8.34058387781e-01
8.34395587864e-01
8.34521754842e-01
8.34194003268e-01
8.34095286429e-01
8.35178463828e-01
8.34123553727e-01
8.34761227658e-01
8.34624612151e-01
8.33710460741e-01
8.33708144126e-01
8.34095363843e-01
8.34094656760e-01
8.34392076154e-01
8.34726179328e-01
8.33645769855e-01
8.34881870463e-01
8.34081465780e-01
8.34482276022e-01
8.34450589924e-01
8.34477961621e-01
8.34194176012e-01
8.33842267132e-01
8.34157737328e-01
8.33649153437e-01
8.34204418746e-01
8.33963608962e-01
8.34130974274e-01
8.33901889322e-01
8.34157516904e-01
8.34696624426e-01
8.33895595031e-01
8.34320329566e-01
8.34352307735e-01
8.33534290581e-01
8.34751181879e-01
8.34345465782e-01
8.34224962656e-01
8.34857939299e-01
8.34904708968e-01
8.34280568048e-01
8.34422117203e-01
8.34324777408e-01
8.34607732567e-01
8.34305174272e-01
8.34089250737e-01
8.34233480726e-01
8.34376349067e-01
8.33992216613e-01
8.34001885525e-01
8.34116329614e-01
8.33553648431e-01
8.35052414988e-01
8.34886101682e-01
8.34361839974e-01
8.34351968978e-01
8.34304213484e-01
8.34159581961e-01
8.34138694335e-01
8.34926910886e-01
8.34377492605e-01
8.34603004293e-01
8.34252780728e-01
8.34738341213e-01
8.35119319590e-01
8.34900747052e-01
8.34324906954e-01
8.34146140922e-01
8.34638527809e-01
8.34049165028e-01
8.34286755503e-01
8.34968885900e-01
8.34376132420e-01
8.34487887418e-01
8.34886264445e-01
8.34198940447e-01
8.34210041073e-01
8.34668148937e-01
8.33996967342e-01
8.34747318125e-01
8.33991801780e-01
8.34412858225e-01
8.34171468484e-01
8.34674760506e-01
8.34144608114e-01
8.34389796716e-01
8.35088463105e-01
8.34424384593e-01
8.34399746965e-01
8.34851316275e-01
8.34319867535e-01
8.34167035159e-01
8.34984936973e-01
8.34871185865e-01
8.34036511756e-01
8.34389544753e-01
8.34686751750e-01
8.34585041820e-01
8.34373929791e-01
8.34190664709e-01
8.34795411433e-01
8.34505346071e-01
8.34522595620e-01
8.34844228275e-01
8.34721848508e-01
8.34767801208e-01
8.34075002535e-01
8.34041875348e-01
8.34614669179e-01
8.34172315969e-01
8.34352002439e-01