1.07681522232e+00
1.07667097622e+00
1.07960878651e+00
1.08053373226e+00
1.07842926756e+00
1.07811428357e+00
1.07659388216e+00
1.07787328596e+00
1.07591545080e+00
1.08000905747e+00
1.07716403067e+00
1.08007308067e+00
1.07715677064e+00
1.07689607803e+00
1.07562075114e+00
1.07627912994e+00
1.08017427881e+00
1.07585079070e+00
1.07835561736e+00
1.07691570629e+00
1.07544766153e+00
1.07690282692e+00
1.07621353332e+00
1.07827442679e+00
1.07711528775e+00
1.07895300602e+00
1.07625165307e+00
1.07830679714e+00
1.07798248180e+00
1.07666724596e+00
1.07674354384e+00
1.07645505589e+00
1.07509325669e+00
1.07683026662e+00
1.08004851133e+00
1.07765629654e+00
1.07990274952e+00
1.07742324087e+00
1.07786952925e+00
1.07948861282e+00
1.07746126801e+00
1.07837123300e+00
1.07678966931e+00
1.07818435947e+00
1.07984549446e+00
1.07985477672e+00
1.07844905900e+00
1.07465285130e+00
1.07835216496e+00
1.07833900080e+00
1.07901744735e+00
1.07777350709e+00
1.07875790938e+00
1.07741729296e+00
1.07602807930e+00
1.07731551244e+00
1.07771151472e+00
1.07651523880e+00
1.07692750235e+00
1.07649237723e+00
1.07934959442e+00
1.07773673183e+00
1.07921455053e+00
1.08023855954e+00
1.07743688207e+00
1.07650815745e+00
1.07873892310e+00
1.07806825357e+00
1.07705877433e+00
1.08021253233e+00
1.07731835331e+00
1.07580438016e+00
1.07842461062e+00
1.07839862931e+00
1.07737315181e+00
1.07687229714e+00
1.07808263378e+00
1.08078451973e+00
1.07753429919e+00
1.07756817270e+00
1.07866578224e+00
1.08068947008e+00
1.07618148867e+00
1.07876619581e+00
1.07733864543e+00
1.07842321385e+00
1.07971640788e+00
1.07959402058e+00
1.08050162382e+00
1.07677848793e+00
1.07789838380e+00
1.07747999529e+00
1.07757549965e+00
1.07750801410e+00
1.07860953056e+00
1.07818450800e+00
1.07965056406e+00
1.07869292890e+00
1.07804166518e+00
1.07550226161e+00
1.07502400189e+00
1.07558712070e+00
1.07798002653e+00
1.08015210713e+00
1.07857470029e+00
1.07901455712e+00
1.07814421714e+00
1.07679805355e+00
1.07804213654e+00
1.07761127566e+00
1.07622117576e+00
1.08009857167e+00
1.08025404197e+00
1.07626830215e+00
1.07714808446e+00
1.07674320593e+00
1.07877583742e+00
1.07681308650e+00
1.07663004588e+00
1.07847980307e+00
1.07615265721e+00
1.07643738704e+00
1.08025786336e+00
1.07826968577e+00
1.07930388811e+00
1.07759234295e+00
1.07640694253e+00
1.07771474609e+00
1.07841686516e+00
1.07926934098e+00
1.07720975665e+00
1.07796667267e+00
1.07709517857e+00
1.07855146816e+00
1.07812830512e+00
1.07823240757e+00
1.07886993358e+00
1.07902206323e+00
1.07567949213e+00
1.07615294645e+00
1.07702622469e+00
1.07608074740e+00
1.07736128754e+00
1.07984704873e+00
1.07678553858e+00
1.07652490099e+00
1.07938291550e+00
1.07507890812e+00
1.07778455647e+00
1.07672458227e+00
1.07643738381e+00
1.07489553352e+00
1.07807173995e+00
1.07628286952e+00
1.07769034934e+00
1.07821073588e+00
1.07795672863e+00
1.07747833241e+00
1.07683004082e+00
1.07735546914e+00
1.07749851254e+00
1.07785798539e+00
1.07600100039e+00
1.07511107905e+00
1.07491473391e+00
1.07992240059e+00
1.07598882404e+00
1.07700087692e+00
1.07746296120e+00
1.07922442253e+00
1.07907762228e+00
1.07753183010e+00
1.07765918989e+00
1.07896591053e+00
1.07755917273e+00
1.07712369184e+00
1.07667062933e+00
1.07745935336e+00
1.07875555902e+00
1.07786881556e+00
1.07734319778e+00
1.07815099179e+00
1.07600624183e+00
1.07637953011e+00
1.07694092289e+00
1.07693192245e+00
1.07799470412e+00
1.07696212227e+00
1.07899880290e+00
1.07931498099e+00
1.07922625649e+00
1.07630688606e+00
1.07732899224e+00
1.07811713519e+00
1.07879475714e+00
1.07648398816e+00
1.07740205434e+00
1.07985191638e+00
1.07801129202e+00
1.07549634572e+00
1.07762714812e+00
1.07797721588e+00
1.08045826023e+00
1.07527367836e+00
1.07854861311e+00
1.07896833712e+00
1.07555783673e+00
1.07793569778e+00
1.07481020584e+00
1.07793066625e+00
1.07835188628e+00
1.07746441654e+00
1.07786043385e+00
1.07874537062e+00
1.08005030199e+00
1.07781305264e+00
1.07879052885e+00
1.07517248581e+00
1.07832670962e+00
1.07691737050e+00
1.07705136121e+00
1.07836507540e+00
1.07862360903e+00
1.07767806958e+00
1.07847749688e+00
1.07791321086e+00
1.07883377717e+00
1.07546039630e+00
1.07662207478e+00
1.07833784491e+00
1.07777579966e+00
1.07770634311e+00
1.07914218400e+00
1.07735016364e+00
1.07708448898e+00
1.07968148984e+00
1.07399661933e+00
1.07730286649e+00
1.07789216011e+00
1.08063975450e+00
1.07763807060e+00
1.07984367932e+00
1.08043738558e+00
1.07587638355e+00
1.07930428269e+00
1.07747843055e+00
1.07693616540e+00
1.07723461470e+00
1.07961043695e+00
1.07852147695e+00
1.07876201988e+00
1.07616267828e+00
1.07866081637e+00
1.07563438164e+00
1.07751007595e+00
1.07895425620e+00
1.07648223643e+00
1.07828500180e+00
1.07819528886e+00
1.07888322928e+00
1.07776029586e+00
1.07692166011e+00
1.07897828900e+00
1.07850366831e+00
1.07761515039e+00
1.07798736790e+00
1.07674728949e+00
1.08018086472e+00
1.07561985936e+00
1.07703502807e+00
1.07786346517e+00
1.07710175183e+00
1.08027648506e+00
1.07911285865e+00
1.07800199335e+00
1.07970981558e+00
1.07858286785e+00
1.07670178245e+00
1.07849760709e+00
1.07582511543e+00
1.07958819668e+00
1.07666050076e+00
1.07667924601e+00
1.07724812001e+00
1.07765767774e+00
1.07872999478e+00
1.07816310555e+00
1.07821685116e+00
1.07853274728e+00
1.07679695653e+00
1.07836602639e+00
1.07936116378e+00
1.07644446595e+00
1.07901064818e+00
1.07656579765e+00
1.07961063241e+00
1.07714596843e+00
1.07854662006e+00
1.08026217635e+00
1.07895231863e+00
1.07744449412e+00
1.07945225409e+00
1.07681356754e+00
1.07886437686e+00
1.07766828789e+00
1.07789175702e+00
1.07846413361e+00
1.07694353058e+00
1.07896407571e+00
1.07810254392e+00
1.08028146341e+00
1.07716920414e+00
1.07806867854e+00
1.07973580917e+00
1.07601028621e+00
1.07701768149e+00
1.07909324452e+00
1.07675645035e+00
1.07762656432e+00
1.07656331189e+00
1.07845202288e+00
1.07701008585e+00
1.07912305610e+00
1.07747380975e+00
1.07728007613e+00
1.07948868903e+00
1.07763998861e+00
1.07789515146e+00
1.07695637395e+00
1.07756699802e+00
1.07744938243e+00
1.07805156008e+00
1.07802920685e+00
1.07946060367e+00
1.08106949072e+00
1.07750360852e+00
1.07762964021e+00
1.07769901277e+00
1.07711486130e+00
1.07923565738e+00
1.07495318004e+00
1.07805362925e+00
1.07829188653e+00
1.07654013531e+00
1.07724539984e+00
1.07933708283e+00
1.07947841330e+00
1.07792774456e+00
1.07669503888e+00
1.08117869122e+00
1.07729884817e+00
1.07797647047e+00
1.07794425441e+00
1.07890112014e+00
1.07745804736e+00
1.07817110271e+00
1.07755717203e+00
1.07842901346e+00
1.07777525018e+00
1.07982323319e+00
1.07790736470e+00
1.07655134297e+00
1.07779189137e+00
1.07598194863e+00
1.07758109877e+00
1.07723453416e+00
1.07729981008e+00
1.07887831556e+00
1.07842748274e+00
1.07559760988e+00
1.07966301711e+00
1.08012035462e+00
1.07847779014e+00
1.07650804836e+00
1.07976835933e+00
1.07795958751e+00
1.07743946783e+00
1.07726018910e+00
1.07930913714e+00
1.07811968799e+00
1.07827463242e+00
1.07634214034e+00
1.07743435338e+00
1.07781781513e+00
1.07810205967e+00
1.07665925897e+00
1.07724857789e+00
1.07734762772e+00
1.07813892855e+00
1.08001756305e+00
1.07769245350e+00
1.07811282361e+00
1.07850170717e+00
1.07826637181e+00
1.07621030892e+00
1.07675377500e+00
1.07764306566e+00
1.07736470788e+00
1.07720052641e+00
1.07825153255e+00
1.07646265929e+00
1.07782928896e+00
1.07933630148e+00
1.07768763546e+00
1.07963014231e+00
1.07554729490e+00
1.07936636741e+00
1.07728017567e+00
1.08001832818e+00
1.07829479985e+00
1.07677593209e+00
1.07746041973e+00
1.07697708274e+00
1.07861040430e+00
1.07847716456e+00
1.07896509689e+00
1.07866651251e+00
1.07729928332e+00
1.07709589054e+00
1.07992107219e+00
1.07587327797e+00
1.07838025151e+00
1.07899440721e+00
1.07646449957e+00
1.07874828373e+00
1.07918615702e+00
1.07610292440e+00
1.07869165353e+00
1.07760045701e+00
1.07811625844e+00
1.07874127277e+00
1.07892108303e+00
1.07756316904e+00
1.07728248574e+00
1.07816887017e+00
1.07918111488e+00
1.07555061398e+00
1.07737156378e+00
1.07512449131e+00
1.07869685414e+00
1.07806545535e+00
1.07892052270e+00
1.07750366465e+00
1.07398832109e+00
1.07965831075e+00
1.07781460621e+00
1.07781562458e+00
1.07733567323e+00
1.07765122770e+00
1.07914145569e+00
1.07884248963e+00
1.07826980894e+00
1.07780509726e+00
1.07829092380e+00
1.07933550250e+00
1.07770836859e+00
1.07758273988e+00
1.07834848920e+00
1.07908802735e+00
1.07914800625e+00
1.07468522786e+00
1.07880008659e+00
1.07773464927e+00
1.07600044509e+00
1.07928120067e+00
1.08003766906e+00
1.07917918354e+00
1.08154286303e+00
1.07867272225e+00
1.07796124189e+00
1.07840806743e+00
1.07749913680e+00
1.07808909133e+00
1.07664846727e+00
1.07572723782e+00
1.07923271325e+00
1.07972225324e+00
1.07815109752e+00
1.08041381989e+00
1.07659926420e+00
1.07805999179e+00
1.07844036081e+00
1.07862272524e+00
1.07741741589e+00
1.07630392017e+00
1.07770520124e+00
1.07613896992e+00
1.07588588274e+00
1.07765694505e+00
1.07956776658e+00
1.08104663535e+00
1.07714784986e+00
1.07842189439e+00
1.07711472830e+00
1.07838147965e+00
1.07711237541e+00
1.07754662841e+00
1.07876697975e+00
1.07868396126e+00
1.07651681444e+00
1.07786058723e+00