1.08107571329e+00
1.09498640339e+00
1.07216764458e+00
1.09043808357e+00
1.06235619433e+00
1.08220357696e+00
1.06904734178e+00
1.08008352985e+00
1.07441842158e+00
1.08146438384e+00
1.09533966051e+00
1.06549317605e+00
1.07302952904e+00
1.06957145971e+00
1.09098406695e+00
1.08068896606e+00
1.08052493114e+00
1.08876027292e+00
1.08205942960e+00
1.06718951832e+00
1.07253741522e+00
1.07971434016e+00
1.07113368382e+00
1.08048172733e+00
1.07002761850e+00
1.08056797421e+00
1.07454122433e+00
1.07974733715e+00
1.07886611774e+00
1.07761097536e+00
1.07404499654e+00
1.07895223475e+00
1.06625354581e+00
1.08293635560e+00
1.07601277176e+00
1.07567813786e+00
1.07721170910e+00
1.08056994399e+00
1.07530625885e+00
1.07634532217e+00
1.08360302473e+00
1.07387228851e+00
1.07156257945e+00
1.08018199985e+00
1.07402839297e+00
1.07027590142e+00
1.08025434958e+00
1.08346929070e+00
1.08027464736e+00
1.08773282894e+00
1.07616676783e+00
1.08651908080e+00
1.08963987904e+00
1.06605736527e+00
1.06334746331e+00
1.07297427192e+00
1.07435060424e+00
1.07634246635e+00
1.08355272550e+00
1.07015506255e+00
1.07176414805e+00
1.07168384452e+00
1.06746515556e+00
1.08920879557e+00
1.08686100544e+00
1.07767760587e+00
1.06801848018e+00
1.07239976420e+00
1.07308187061e+00
1.07236044508e+00
1.07774283574e+00
1.08575553455e+00
1.09203147609e+00
1.07331509116e+00
1.07478995437e+00
1.07821305665e+00
1.08209664354e+00
1.07424232939e+00
1.07652599607e+00
1.07247490512e+00
1.07802607830e+00
1.08822248883e+00
1.07306438947e+00
1.07836458725e+00
1.07133829691e+00
1.08886938261e+00
1.06099718401e+00
1.06944464727e+00
1.06765651467e+00
1.06551564087e+00
1.06668525250e+00
1.07717120199e+00
1.07385428995e+00
1.07834027778e+00
1.07421266036e+00
1.07963766668e+00
1.07511309554e+00
1.07273709246e+00
1.08389431446e+00
1.07712082253e+00
1.05587942756e+00
1.07907358544e+00
1.07684100473e+00
1.08609407476e+00
1.06700722834e+00
1.07399341779e+00
1.08015922247e+00
1.06931486033e+00
1.07764025603e+00
1.08974934620e+00
1.07180580983e+00
1.07218258718e+00
1.07767752300e+00
1.06185746823e+00
1.06279563302e+00
1.07300509373e+00
1.07790702134e+00
1.08721009852e+00
1.07476974956e+00
1.06619898583e+00
1.07908619392e+00
1.07958264051e+00
1.06522155316e+00
1.08568346507e+00
1.07192948495e+00
1.06363241382e+00
1.07744711901e+00
1.07009418966e+00
1.07074158277e+00
1.07259936839e+00
1.07673225477e+00
1.08852420903e+00
1.08036107427e+00
1.07470753334e+00
1.06454690786e+00
1.08060343096e+00
1.08976383770e+00
1.07534154211e+00
1.08817247407e+00
1.07304291720e+00
1.07539231724e+00
1.06447364333e+00
1.08155530571e+00
1.07685975202e+00
1.08116215604e+00
1.09170671002e+00
1.07169766147e+00
1.06550649888e+00
1.08006026518e+00
1.07697196848e+00
1.08972463587e+00
1.06732832133e+00
1.08963415006e+00
1.07860845069e+00
1.08703729979e+00
1.07507844211e+00
1.07773353428e+00
1.06745650609e+00
1.06963915651e+00
1.08112245206e+00
1.08195666520e+00
1.07596348319e+00
1.07135155737e+00
1.08452998007e+00
1.06057717486e+00
1.08325407104e+00
1.07461744440e+00
1.07547133760e+00
1.07919130671e+00
1.07898332559e+00
1.07955567661e+00
1.09133662158e+00
1.07814942140e+00
1.07595326975e+00
1.08450910663e+00
1.08464517527e+00
1.06179848218e+00
1.07976564058e+00
1.08677001110e+00
1.06673863123e+00
1.06732758620e+00
1.07067386813e+00
1.06922215256e+00
1.07261799762e+00
1.07185890287e+00
1.09323571631e+00
1.07638819254e+00
1.08498262942e+00
1.06809348984e+00
1.06164541498e+00
1.08784745165e+00
1.06107063478e+00
1.07373867248e+00
1.08358398788e+00
1.06959230249e+00
1.09561094591e+00
1.08340764665e+00
1.07690396278e+00
1.07590113252e+00
1.08003263784e+00
1.08387838996e+00
1.08059063354e+00
1.09457420220e+00
1.07522227065e+00
1.08527518633e+00
1.07440755381e+00
1.08036314150e+00
1.05870664654e+00
1.08158934253e+00
1.06982605149e+00
1.07996374966e+00
1.07569829268e+00
1.07181639115e+00
1.07679224648e+00
1.07877822719e+00
1.07745015113e+00
1.07774112322e+00
1.07822099352e+00
1.08803899044e+00
1.06493973077e+00
1.07049228333e+00
1.05769442591e+00
1.08105831353e+00
1.08263013365e+00
1.08338854963e+00
1.08611078653e+00
1.06530726217e+00
1.08606155660e+00
1.09287831336e+00
1.08759064812e+00
1.07680940272e+00
1.07998421398e+00
1.08111113861e+00
1.06942830863e+00
1.08376530515e+00
1.07006191059e+00
1.07475367344e+00
1.08357443973e+00
1.08310536083e+00
1.09734228346e+00
1.08130394968e+00
1.07200630211e+00
1.06039762056e+00
1.07166347209e+00
1.07594975130e+00
1.08128175539e+00
1.07132766310e+00
1.08032953414e+00
1.08072522349e+00
1.07924271970e+00
1.08467514736e+00
1.07799533550e+00
1.07233929120e+00
1.06798241353e+00
1.07707080243e+00
1.07280004590e+00
1.07057258056e+00
1.08581701909e+00
1.06436163160e+00
1.07384979738e+00
1.07289713943e+00
1.08550137239e+00
1.08054900009e+00
1.09536312690e+00
1.08459037339e+00
1.08740083038e+00
1.08720924846e+00
1.07654483565e+00
1.05753998688e+00
1.07969637851e+00
1.07708434991e+00
1.07678308229e+00
1.06882059789e+00
1.06798527949e+00
1.08876565742e+00
1.07806288108e+00
1.06788797284e+00
1.07647333857e+00
1.07043061391e+00
1.08172653264e+00
1.07193151164e+00
1.08771150842e+00
1.08700311392e+00
1.06543392617e+00
1.07904793346e+00
1.08125994342e+00
1.07650757293e+00
1.06828162840e+00
1.08558757234e+00
1.07477502214e+00
1.05994170388e+00
1.06397257219e+00
1.08904146609e+00
1.06261283874e+00
1.06067676627e+00
1.07106865695e+00
1.08084668459e+00
1.06776584998e+00
1.08352292750e+00
1.06527013678e+00
1.07391174552e+00
1.07146688650e+00
1.07121477548e+00
1.08592643825e+00
1.08158997298e+00
1.07128226183e+00
1.09493266819e+00
1.06734113565e+00
1.08260387595e+00
1.07317403005e+00
1.08207674057e+00
1.07871325607e+00
1.08123389028e+00
1.07622506113e+00
1.08695221537e+00
1.06750348272e+00
1.07491085606e+00
1.08169341488e+00
1.07363138765e+00
1.07788904989e+00
1.07524569758e+00
1.07283760620e+00
1.08366445398e+00
1.06820044626e+00
1.06271318002e+00
1.06842824753e+00
1.07846529133e+00
1.07341142828e+00
1.07845790814e+00
1.07788962890e+00
1.07252898287e+00
1.06789717154e+00
1.08648287731e+00
1.07563385309e+00
1.06982031283e+00
1.07796414499e+00
1.07905043875e+00
1.09050538624e+00
1.07843162357e+00
1.06976815843e+00
1.07883145099e+00
1.08747513401e+00
1.06529379122e+00
1.06642097141e+00
1.07594778282e+00
1.07322544446e+00
1.08686782822e+00
1.09278678109e+00
1.06991372893e+00
1.07391612382e+00
1.07699079525e+00
1.06973240261e+00
1.08721596379e+00
1.07078984378e+00
1.07713544833e+00
1.07428346314e+00
1.07819811936e+00
1.06561777795e+00
1.08666980352e+00
1.06719523274e+00
1.06939070194e+00
1.08553231696e+00
1.07101078379e+00
1.07668779308e+00
1.07826692757e+00
1.09070878114e+00
1.08346555318e+00
1.07638446069e+00
1.06314779829e+00
1.07401472636e+00
1.07476917127e+00
1.06044744553e+00
1.06480050060e+00
1.07954200217e+00
1.07263463612e+00
1.08781988916e+00
1.07585100807e+00
1.08095342623e+00
1.06681442782e+00
1.07670465645e+00
1.09583526795e+00
1.07557409823e+00
1.07878305606e+00
1.06982992326e+00
1.07368999217e+00
1.08450758873e+00
1.07345398542e+00
1.07161190846e+00
1.07452315211e+00
1.08349028484e+00
1.08695854372e+00
1.07676353951e+00
1.08940202404e+00
1.06353888178e+00
1.07463398648e+00
1.07377874433e+00
1.06782720394e+00
1.07781021435e+00
1.06946801434e+00
1.07491527757e+00
1.08758840998e+00
1.08201646655e+00
1.07339347661e+00
1.07912304432e+00
1.06677129351e+00
1.08077119348e+00
1.07030168415e+00
1.08565308884e+00
1.07883252410e+00
1.08211538726e+00
1.07534308096e+00
1.06997044139e+00
1.05847330902e+00
1.08484204424e+00
1.06728691049e+00
1.08356930313e+00
1.08232639418e+00
1.06874235232e+00
1.06015991048e+00
1.06762922491e+00
1.08198936933e+00
1.07342044614e+00
1.08322838010e+00
1.07354321393e+00
1.06746572942e+00
1.08818722284e+00
1.07623681779e+00
1.06091368763e+00
1.08482142043e+00
1.08447810510e+00
1.08226646067e+00
1.06740721735e+00
1.07087419261e+00
1.08473060325e+00
1.09267393613e+00
1.07864328508e+00
1.07397165728e+00
1.07141640710e+00
1.08415757048e+00
1.07898832865e+00
1.07659385665e+00
1.07255951951e+00
1.06803673568e+00
1.08235049518e+00
1.07666211264e+00
1.06945812416e+00
1.06970049659e+00
1.08613575478e+00
1.07913808439e+00
1.07558153314e+00
1.09288543851e+00
1.07841291053e+00
1.07820737577e+00
1.08496854083e+00
1.06945811875e+00
1.07811753299e+00
1.07943046030e+00
1.07494111162e+00
1.08568778025e+00
1.06739933198e+00
1.07990487948e+00
1.08872882963e+00
1.07709437743e+00
1.07542005096e+00
1.06983695624e+00
1.07057413566e+00
1.08170917779e+00
1.05363362108e+00
1.07816618303e+00
1.07933182559e+00
1.07795353236e+00
1.08319392635e+00
1.07353883774e+00
1.08803400753e+00
1.07566034025e+00
1.06459218250e+00
1.05863348590e+00
1.07319764023e+00
1.07199261823e+00
1.07804142300e+00
1.07348987887e+00
1.06875131972e+00
1.07387851264e+00
1.07342391716e+00
1.08043756136e+00
1.07873381995e+00
1.07474505080e+00
1.06881737528e+00
1.07913365662e+00
1.08393382511e+00
1.07419495170e+00
1.08631576360e+00
1.08000205956e+00
1.07497031022e+00
1.07180892695e+00
1.06439653862e+00
1.06178237010e+00
1.07130902408e+00
1.07344541846e+00
1.06933046568e+00
1.07598674747e+00