1.07183118433e+00
1.06799070564e+00
1.05652857131e+00
1.07328519091e+00
1.06843600103e+00
1.05979905154e+00
1.06944116830e+00
1.07797065914e+00
1.06767097794e+00
1.07222163574e+00
1.07770977776e+00
1.07860950407e+00
1.06997378166e+00
1.07052707550e+00
1.06479069576e+00
1.08111376441e+00
1.06430470709e+00
1.07276155025e+00
1.07409648380e+00
1.06915083624e+00
1.06097341619e+00
1.07348634688e+00
1.05828695595e+00
1.06328026308e+00
1.06270077068e+00
1.05673885639e+00
1.06883551924e+00
1.06969232172e+00
1.07631715989e+00
1.08021707621e+00
1.07123254114e+00
1.06744294543e+00
1.06461671461e+00
1.06442243643e+00
1.06385178399e+00
1.06840539398e+00
1.07787095354e+00
1.07025546790e+00
1.06320442762e+00
1.07626222429e+00
1.07222305398e+00
1.07668726898e+00
1.07586140534e+00
1.06596775177e+00
1.06233105111e+00
1.06471501291e+00
1.07373439569e+00
1.07207308112e+00
1.06887758352e+00
1.07097774633e+00
1.06374898049e+00
1.07828756669e+00
1.06806524189e+00
1.07170604805e+00
1.06910255106e+00
1.07705720213e+00
1.06001388223e+00
1.07634914151e+00
1.06304201824e+00
1.07190221524e+00
1.06314590423e+00
1.07450296458e+00
1.07533481584e+00
1.07103544948e+00
1.07930647662e+00
1.06860799069e+00
1.06464009948e+00
1.07262085237e+00
1.06882931432e+00
1.06814095713e+00
1.07660664332e+00
1.06482756002e+00
1.08292029200e+00
1.07040793079e+00
1.07091760069e+00
1.07138836879e+00
1.06830783911e+00
1.06673082373e+00
1.07435155395e+00
1.06528995819e+00
1.08245692238e+00
1.06285714609e+00
1.07098503096e+00
1.06470006838e+00
1.06862559809e+00
1.06804128852e+00
1.07289638160e+00
1.06393989426e+00
1.07223042965e+00
1.07855188999e+00
1.06886159609e+00
1.07309901955e+00
1.06353378678e+00
1.07263923606e+00
1.07237164151e+00
1.06283201148e+00
1.06972370519e+00
1.06292137030e+00
1.07352762241e+00
1.08381570307e+00
1.07019643876e+00
1.07210017168e+00
1.06626003730e+00
1.06764201395e+00
1.06096577583e+00
1.06712605965e+00
1.07361788300e+00
1.06290669729e+00
1.06800694912e+00
1.07688291312e+00
1.06838163218e+00
1.06006393266e+00
1.06681965022e+00
1.07260344543e+00
1.07359793997e+00
1.06637800605e+00
1.06235916532e+00
1.05949423951e+00
1.07803866180e+00
1.07681489963e+00
1.07547877469e+00
1.06323805530e+00
1.07186639776e+00
1.07276986616e+00
1.07173662110e+00
1.07943426832e+00
1.06688863080e+00
1.07228654349e+00
1.05968400102e+00
1.06731684860e+00
1.07054452712e+00
1.06877563283e+00
1.07256826453e+00
1.07480854315e+00
1.07634299430e+00
1.06531217100e+00
1.06854326038e+00
1.07412616743e+00
1.07712715719e+00
1.07214163932e+00
1.06854443040e+00
1.07630380747e+00
1.07033714652e+00
1.06823720931e+00
1.06695474850e+00
1.06594205339e+00
1.07973708336e+00
1.07419990075e+00
1.06031001630e+00
1.07651534848e+00
1.06862897157e+00
1.07744694278e+00
1.08141510936e+00
1.07891279449e+00
1.06440266835e+00
1.07388965719e+00
1.07503263863e+00
1.07425502823e+00
1.07902528802e+00
1.07178388619e+00
1.07388177101e+00
1.07146263651e+00
1.06741819814e+00
1.07281262645e+00
1.07122571613e+00
1.07952630951e+00
1.06505585912e+00
1.06289589432e+00
1.07306147244e+00
1.07590170846e+00
1.07206145564e+00
1.05954453358e+00
1.06808336917e+00
1.07363710551e+00
1.07336460665e+00
1.07732807100e+00
1.07831839360e+00
1.07551958321e+00
1.07424601658e+00
1.07292319046e+00
1.07811360191e+00
1.06957961814e+00
1.06069119394e+00
1.07550764103e+00
1.07154497914e+00
1.06440196594e+00
1.06577966883e+00
1.06487069378e+00
1.07029776028e+00
1.07784868605e+00
1.07284897385e+00
1.07845179556e+00
1.07156349446e+00
1.06151671529e+00
1.06864861988e+00
1.07860100349e+00
1.07275190432e+00
1.06958192580e+00
1.08001048662e+00
1.07575766968e+00
1.07429296994e+00
1.08081619981e+00
1.06278620578e+00
1.05738556995e+00
1.07095831258e+00
1.07529652770e+00
1.06858023260e+00
1.05245979923e+00
1.08122985560e+00
1.07452995696e+00
1.06301682205e+00
1.07103306700e+00
1.06295632175e+00
1.07420778801e+00
1.06966094681e+00
1.06379437048e+00
1.07734630381e+00
1.07237003312e+00
1.06558409049e+00
1.06929441466e+00
1.06672450379e+00
1.07540132013e+00
1.07356916408e+00
1.07365957631e+00
1.07276245542e+00
1.08018401714e+00
1.07644931205e+00
1.07290143545e+00
1.06993531021e+00
1.06847871726e+00
1.07226933708e+00
1.07382451498e+00
1.06212357873e+00
1.06625699746e+00
1.07259593322e+00
1.06780648061e+00
1.06960760386e+00
1.05660005991e+00
1.07125406066e+00
1.07900813563e+00
1.07870812083e+00
1.06893631406e+00
1.07103169234e+00
1.06457844289e+00
1.06745719405e+00
1.07369498418e+00
1.07537062737e+00
1.07310698527e+00
1.06716050362e+00
1.07447863027e+00
1.07012383563e+00
1.07731477361e+00
1.07161859401e+00
1.06167670956e+00
1.07818825869e+00
1.07522381727e+00
1.06484463603e+00
1.07444387253e+00
1.05966327778e+00
1.06537547571e+00
1.06899670892e+00
1.06496545692e+00
1.06719195015e+00
1.07047931885e+00
1.07346386156e+00
1.07339486435e+00
1.06603196320e+00
1.06771217814e+00
1.08183255280e+00
1.07515427730e+00
1.06728005943e+00
1.07298412517e+00
1.07983947118e+00
1.06808477840e+00
1.06991737384e+00
1.06735764173e+00
1.06776290872e+00
1.07358291187e+00
1.07434097327e+00
1.06805191995e+00
1.06847436495e+00
1.07153217800e+00
1.07733233440e+00
1.07501584072e+00
1.07532031093e+00
1.07090841129e+00
1.07001325313e+00
1.07827666087e+00
1.07516263517e+00
1.07928335429e+00
1.07497324413e+00
1.07302296597e+00
1.07472426340e+00
1.07020393043e+00
1.07040402307e+00
1.07329340068e+00
1.06273697945e+00
1.07090171632e+00
1.06795152802e+00
1.07123694390e+00
1.06556670262e+00
1.06743152510e+00
1.07028412206e+00
1.07390489466e+00
1.07922438622e+00
1.06830424465e+00
1.07441809226e+00
1.07266103290e+00
1.07024501760e+00
1.06781081377e+00
1.06881080640e+00
1.07607374795e+00
1.06909827759e+00
1.06663355327e+00
1.06965968258e+00
1.07565000479e+00
1.07562258093e+00
1.07326696632e+00
1.07364796364e+00
1.06851765458e+00
1.08106314403e+00
1.07456118816e+00
1.07491159855e+00
1.06540469933e+00
1.07868214481e+00
1.07007456877e+00
1.07127052769e+00
1.06111989408e+00
1.06551891918e+00
1.07257883811e+00
1.07816529384e+00
1.06836196715e+00
1.08427977270e+00
1.07024869695e+00
1.07007328397e+00
1.07416434620e+00
1.07146637538e+00
1.06346682941e+00
1.07121659555e+00
1.08461515563e+00
1.07766384323e+00
1.07452585875e+00
1.06433443575e+00
1.06874254308e+00
1.06515809235e+00
1.07239016813e+00
1.07396304313e+00
1.06481942601e+00
1.07529771692e+00
1.06821753342e+00
1.06551075941e+00
1.06851206035e+00
1.07845063107e+00
1.07395560182e+00
1.07343479496e+00
1.06795153003e+00
1.06422214544e+00
1.07791024742e+00
1.07586883068e+00
1.07119972086e+00
1.07333653132e+00
1.06500001036e+00
1.07129123583e+00
1.06797403430e+00
1.07055274292e+00
1.06959443589e+00
1.06326006847e+00
1.06865507344e+00
1.07444605471e+00
1.07393882408e+00
1.07813025405e+00
1.07259281387e+00
1.07114452179e+00
1.06654123197e+00
1.07172495504e+00
1.06114285688e+00
1.07101751410e+00
1.07133100746e+00
1.07425644058e+00
1.07262138456e+00
1.07684629300e+00
1.06105579299e+00
1.07802743719e+00
1.07648463431e+00
1.07250514601e+00
1.06881431206e+00
1.07168551190e+00
1.06857255344e+00
1.07823404219e+00
1.07315464283e+00
1.05615376347e+00
1.08163578786e+00
1.06793021047e+00
1.07168680312e+00
1.06909438776e+00
1.06916717840e+00
1.06929443938e+00
1.07617007623e+00
1.07063888686e+00
1.07484475571e+00
1.06731610230e+00
1.07171710087e+00
1.08299038125e+00
1.07032726600e+00
1.07267772051e+00
1.07301075670e+00
1.07845983409e+00
1.06927043344e+00
1.05971303936e+00
1.07390451455e+00
1.06294066130e+00
1.07871505905e+00
1.08274452656e+00
1.07099068083e+00
1.06826697307e+00
1.07009892861e+00
1.07217222008e+00
1.07175964392e+00
1.06651399575e+00
1.07897714658e+00
1.06545016018e+00
1.05948519661e+00
1.07615590319e+00
1.07615323926e+00
1.07618053836e+00
1.07609526937e+00
1.07344555075e+00
1.07744194728e+00
1.06918416668e+00
1.07070708484e+00
1.07245095320e+00
1.06921942618e+00
1.07705450103e+00
1.06979131104e+00
1.06698568645e+00
1.07135824796e+00
1.08473023136e+00
1.07974204661e+00
1.08166899513e+00
1.07511033964e+00
1.07542452383e+00
1.07378701969e+00
1.06823213479e+00
1.06768747880e+00
1.07041480219e+00
1.07421843892e+00
1.06976987314e+00
1.07067523719e+00
1.07029337185e+00
1.06053947255e+00
1.07188802691e+00
1.07504435828e+00
1.06266480765e+00
1.06613636793e+00
1.06932642869e+00
1.06551486633e+00
1.07218700563e+00
1.07719764264e+00
1.07952440983e+00
1.06637518418e+00
1.08397269885e+00
1.06990495128e+00
1.06828917964e+00
1.07270107168e+00
1.06791381636e+00
1.06131367812e+00
1.07485680928e+00
1.07098934084e+00
1.06057527986e+00
1.07354177291e+00
1.07332845766e+00
1.07702172576e+00
1.06926929125e+00
1.07347685385e+00
1.06968599997e+00
1.06656600309e+00
1.07260942726e+00
1.07745042526e+00
1.07149890969e+00
1.06813190071e+00
1.06420940143e+00
1.07462868427e+00
1.06372816987e+00
1.06432885275e+00
1.07009994711e+00
1.07596048877e+00
1.06323714926e+00
1.06795044950e+00
1.07222023892e+00
1.07261165931e+00
1.06343732291e+00
1.07055983945e+00
1.06622043116e+00
1.07473618436e+00
1.06525269649e+00
1.06909898237e+00
1.06945341502e+00
1.06953905841e+00
1.06802507874e+00
1.07519698839e+00
1.07032238435e+00