-7.34489355769e+00
-7.42802999373e+00
-7.39145805745e+00
-7.45844048541e+00
-7.42068170603e+00
-7.42986342542e+00
-7.35184067114e+00
-7.37557458983e+00
-7.40163961710e+00
-7.39163850441e+00
-7.41087196545e+00
-7.41305210395e+00
-7.38130551401e+00
-7.40051260863e+00
-7.41526700292e+00
-7.43697416285e+00
-7.40351180130e+00
-7.45266204674e+00
-7.43935995500e+00
-7.42692066717e+00
-7.42068323647e+00
-7.39608560476e+00
-7.40306675306e+00
-7.40786052079e+00
-7.35862305431e+00
-7.41723936568e+00
-7.41809910345e+00
-7.41850299347e+00
-7.44272603257e+00
-7.43151908959e+00
-7.40386300428e+00
-7.43255288180e+00
-7.38192815105e+00
-7.37636947889e+00
-7.39871058709e+00
-7.45592546254e+00
-7.39279676015e+00
-7.39621312945e+00
-7.36658936244e+00
-7.43221642786e+00
-7.36930215587e+00
-7.39725093986e+00
-7.40176279422e+00
-7.42994261168e+00
-7.39342597359e+00
-7.40014883439e+00
-7.42370953845e+00
-7.37420645600e+00
-7.39173642988e+00
-7.38465667445e+00
-7.40246841384e+00
-7.40343442516e+00
-7.34793351621e+00
-7.40610573334e+00
-7.47757761919e+00
-7.32747286648e+00
-7.44270763058e+00
-7.42536790509e+00
-7.42773648933e+00
-7.40449553134e+00
-7.40506533365e+00
-7.42406677286e+00
-7.41075894739e+00
-7.41543095783e+00
-7.39163038927e+00
-7.38775177209e+00
-7.41900622187e+00
-7.40693517930e+00
-7.42647370370e+00
-7.39965677168e+00
-7.42702101135e+00
-7.45581252657e+00
-7.38475217069e+00
-7.40851966759e+00
-7.37149922718e+00
-7.36145062477e+00
-7.40940713718e+00
-7.40646457638e+00
-7.38454824186e+00
-7.40732171674e+00
-7.40502128449e+00
-7.40573754304e+00
-7.35307357800e+00
-7.37857805468e+00
-7.37356904189e+00
-7.39942226094e+00
-7.39053446897e+00
-7.42250750609e+00
-7.44119028478e+00
-7.40880655285e+00
-7.39335214209e+00
-7.40422709026e+00
-7.42462560036e+00
-7.41428197447e+00
-7.39149601820e+00
-7.44299828078e+00
-7.37465905146e+00
-7.44327704443e+00
-7.37745524138e+00
-7.39144007073e+00
-7.43218738173e+00
-7.35989726118e+00
-7.42396728771e+00
-7.44300156899e+00
-7.43918756115e+00
-7.43694166719e+00
-7.40504762689e+00
-7.40990596596e+00
-7.44483286160e+00
-7.44375860875e+00
-7.41027174823e+00
-7.38469842163e+00
-7.40727850598e+00
-7.44960430882e+00
-7.40526184469e+00
-7.41214776021e+00
-7.37092016141e+00
-7.37691858140e+00
-7.43364511297e+00
-7.41716286324e+00
-7.39718664033e+00
-7.40248915973e+00
-7.38125190796e+00
-7.41449910771e+00
-7.42423764522e+00
-7.37760116443e+00
-7.40452613333e+00
-7.41005354067e+00
-7.36912528385e+00
-7.37651182206e+00
-7.41835042001e+00
-7.44180496780e+00
-7.41358177817e+00
-7.43135659374e+00
-7.39125893101e+00
-7.41804125664e+00
-7.40811791166e+00
-7.43161429867e+00
-7.34814940335e+00
-7.37740262129e+00
-7.41606384969e+00
-7.41706143214e+00
-7.36873944778e+00
-7.40215891990e+00
-7.38995424058e+00
-7.34671174407e+00
-7.41212125161e+00
-7.41128843588e+00
-7.37527556060e+00
-7.41646827361e+00
-7.41702393769e+00
-7.42367916292e+00
-7.45582251741e+00
-7.40328215688e+00
-7.39893687673e+00
-7.36782794265e+00
-7.41160415662e+00
-7.47365517678e+00
-7.42854792116e+00
-7.40790033858e+00
-7.39570476106e+00
-7.45374474332e+00
-7.41578262381e+00
-7.40036960606e+00
-7.38377943206e+00
-7.43749229986e+00
-7.38146436998e+00
-7.37412906280e+00
-7.35867593300e+00
-7.40736213448e+00
-7.40270992881e+00
-7.37222251060e+00
-7.37019606317e+00
-7.43096808836e+00
-7.41300305536e+00
-7.39641366675e+00
-7.36652740982e+00
-7.45457820963e+00
-7.41009062952e+00
-7.35755695439e+00
-7.39579842392e+00
-7.41990766683e+00
-7.37436581716e+00
-7.36709246555e+00
-7.42282201246e+00
-7.39213565745e+00
-7.39355607836e+00
-7.43008235359e+00
-7.41103672851e+00
-7.41163312966e+00
-7.39045857889e+00
-7.39448713989e+00
-7.37916124977e+00
-7.38804113365e+00
-7.41883728220e+00
-7.38469261680e+00
-7.38460370856e+00
-7.41443310248e+00
-7.43184592485e+00
-7.35112028413e+00
-7.47274976825e+00
-7.42309635053e+00
-7.35148623729e+00
-7.35900490149e+00
-7.44335568679e+00
-7.41102590290e+00
-7.44233113867e+00
-7.38673008755e+00
-7.39654225813e+00
-7.41849031942e+00
-7.42620230210e+00
-7.42332930477e+00
-7.36595949635e+00
-7.39713946727e+00
-7.41526152232e+00
-7.37970185785e+00
-7.43256034623e+00
-7.42368965127e+00
-7.34412850886e+00
-7.44500900718e+00
-7.41825340094e+00
-7.37676407802e+00
-7.38827825834e+00
-7.40660388000e+00
-7.37309228156e+00
-7.40998304456e+00
-7.38958818194e+00
-7.39005322634e+00
-7.44673477034e+00
-7.40473956845e+00
-7.41286751977e+00
-7.37773979203e+00
-7.40970870191e+00
-7.40037294520e+00
-7.38638491763e+00
-7.38089466496e+00
-7.38101615585e+00
-7.39665698005e+00
-7.42727498249e+00
-7.47200062861e+00
-7.43708820044e+00
-7.46552571087e+00
-7.40770153358e+00
-7.39447032646e+00
-7.38624915522e+00
-7.42600534097e+00
-7.43750552104e+00
-7.43163044894e+00
-7.44137970025e+00
-7.42821778640e+00
-7.42619688856e+00
-7.43371522728e+00
-7.39619291553e+00
-7.44882408409e+00
-7.42486798290e+00
-7.39874383091e+00
-7.40879237000e+00
-7.43147204559e+00
-7.38270508476e+00
-7.42687437956e+00
-7.38725781255e+00
-7.35693437404e+00
-7.41325221644e+00
-7.39866772090e+00
-7.42518735394e+00
-7.43983961737e+00
-7.37999509125e+00
-7.43247564831e+00
-7.37514150592e+00
-7.41310135727e+00
-7.34725845848e+00
-7.40645827800e+00
-7.37681040859e+00
-7.43382519272e+00
-7.45218835443e+00
-7.38352677992e+00
-7.37886490549e+00
-7.44630609319e+00
-7.40547604488e+00
-7.41788043202e+00
-7.40648042313e+00
-7.41878267892e+00
-7.44272147825e+00
-7.37843660622e+00
-7.36892477088e+00
-7.35778100706e+00
-7.39952703222e+00
-7.39692401287e+00
-7.41604962481e+00
-7.37601225873e+00
-7.43961891450e+00
-7.44213496884e+00
-7.40798383492e+00
-7.42823705194e+00
-7.38825737406e+00
-7.46386527847e+00
-7.42689791632e+00
-7.38292192735e+00
-7.43337634047e+00
-7.38818158885e+00
-7.37917552971e+00
-7.48834998182e+00
-7.36377369861e+00
-7.43086320641e+00
-7.38572542353e+00
-7.40082646010e+00
-7.38368728128e+00
-7.46154873301e+00
-7.37218427449e+00
-7.41147072647e+00
-7.37997875410e+00
-7.44875003358e+00
-7.38527568135e+00
-7.39558890569e+00
-7.37351680974e+00
-7.42961945457e+00
-7.40117173477e+00
-7.39233821464e+00
-7.43805226354e+00
-7.36962432692e+00
-7.44397116475e+00
-7.39822045629e+00
-7.36267803883e+00
-7.38250427264e+00
-7.41290174526e+00
-7.38654046537e+00
-7.37065187412e+00
-7.39290624570e+00
-7.44098004859e+00
-7.43049224230e+00
-7.40449606541e+00
-7.41742754472e+00
-7.39105677607e+00
-7.40162258759e+00
-7.42333897088e+00
-7.38406410735e+00
-7.39098167062e+00
-7.33180328585e+00
-7.41148788666e+00
-7.41662166762e+00
-7.33749683668e+00
-7.42247790645e+00
-7.40637444660e+00
-7.46117730716e+00
-7.38241351008e+00
-7.39691271917e+00
-7.39781622992e+00
-7.33223027778e+00
-7.41003291522e+00
-7.38338847004e+00
-7.39013265191e+00
-7.37085667297e+00
-7.46469137302e+00
-7.37909762207e+00
-7.45618390638e+00
-7.42563745189e+00
-7.41960820588e+00
-7.37913400421e+00
-7.39782663806e+00
-7.39893510897e+00
-7.42400941747e+00
-7.38259344480e+00
-7.44742441475e+00
-7.44316958637e+00
-7.39318633356e+00
-7.46033368276e+00
-7.38032754829e+00
-7.39753343097e+00
-7.39834082416e+00
-7.44104159450e+00
-7.42292015116e+00
-7.37992984568e+00
-7.41997003938e+00
-7.43392398826e+00
-7.39060094109e+00
-7.43606289233e+00
-7.44365937296e+00
-7.40031935098e+00
-7.37111981271e+00
-7.38014268981e+00
-7.37616143157e+00
-7.37984160242e+00
-7.39701954953e+00
-7.43986620589e+00
-7.42578939041e+00
-7.39601993266e+00
-7.38097373788e+00
-7.45293509900e+00
-7.41305642584e+00
-7.39442064803e+00
-7.40978460961e+00
-7.38296253854e+00
-7.38395784053e+00
-7.40883533080e+00
-7.44851220080e+00
-7.40321699511e+00
-7.38456391761e+00
-7.40410930313e+00
-7.40751544107e+00
-7.37704289456e+00
-7.34848359642e+00
-7.39231734916e+00
-7.43852164564e+00
-7.37561491879e+00
-7.37551070133e+00
-7.41571303697e+00
-7.42515339891e+00
-7.37072941199e+00
-7.36079081007e+00
-7.40147172910e+00
-7.40250219355e+00
-7.40171145249e+00
-7.44508725109e+00
-7.38039572737e+00
-7.41326729324e+00
-7.43575399076e+00
-7.35754705271e+00
-7.42777536575e+00
-7.39735474989e+00
-7.43433527345e+00
-7.38597550321e+00
-7.42874006909e+00
-7.43597543435e+00
-7.40875464799e+00
-7.47973297571e+00
-7.40111880022e+00
-7.38422220234e+00
-7.44829835668e+00
-7.40013797129e+00
-7.45914785393e+00
-7.36892701980e+00
-7.41056710805e+00
-7.40861125629e+00
-7.42663540362e+00
-7.41414783799e+00
-7.43280600600e+00
-7.42944591005e+00
-7.41583601795e+00
-7.40797252350e+00
-7.44101836420e+00
-7.43037975927e+00
-7.41691456481e+00
-7.39875306703e+00
-7.39637742542e+00
-7.37030699980e+00
-7.39170685820e+00
-7.42444853399e+00
-7.38557669219e+00
-7.43820934583e+00
-7.37732894701e+00
-7.36380371195e+00
-7.37551126297e+00
-7.37621254174e+00
-7.38092952812e+00
-7.36793695705e+00
-7.37088812601e+00
-7.41696142168e+00
-7.41955597274e+00
-7.40512619387e+00
-7.42232313508e+00
-7.46977665833e+00
-7.40981859115e+00
-7.36300172167e+00
-7.40013465554e+00
-7.39507380525e+00
-7.39190833256e+00
-7.42018686863e+00
-7.35386648449e+00
-7.38920100236e+00
-7.40280414248e+00
-7.39786318555e+00
-7.42434125733e+00
-7.39236203620e+00
-7.42703304564e+00
-7.41145715721e+00
-7.38648456845e+00
-7.40148042893e+00
-7.44335214024e+00
-7.38914264042e+00
-7.41060772056e+00
-7.43544986948e+00
-7.43229099719e+00
-7.43490643769e+00
-7.38417544520e+00
-7.37416141458e+00
-7.40545751710e+00
-7.41114503858e+00
-7.38387442764e+00
-7.38545907588e+00
-7.41805131649e+00
-7.39238841599e+00
-7.38604942979e+00
-7.38477077981e+00
-7.42982575921e+00
-7.41424305833e+00
-7.39656988240e+00
-7.43816686242e+00
-7.42600470330e+00
-7.41147112460e+00
-7.38355998024e+00
-7.40423180253e+00