9.41600468294e+00
9.41542422784e+00
9.41695081133e+00
9.41961066570e+00
9.41839543783e+00
9.41292347346e+00
9.41468312884e+00
9.41333770827e+00
9.41657182618e+00
9.41941591781e+00
9.41726199971e+00
9.41428867917e+00
9.41936496581e+00
9.41428116301e+00
9.41423462272e+00
9.41658238942e+00
9.41150966738e+00
9.41836170909e+00
9.41373222558e+00
9.41596044430e+00
9.42193644279e+00
9.41823305938e+00
9.41866234280e+00
9.41812284276e+00
9.42078737938e+00
9.41583927198e+00
9.42259253084e+00
9.41659074016e+00
9.41464763424e+00
9.41497976140e+00
9.41469108244e+00
9.42117945263e+00
9.41817562020e+00
9.42174755712e+00
9.41968269004e+00
9.41997004154e+00
9.42305698709e+00
9.41710848293e+00
9.41650006909e+00
9.41129628179e+00
9.41894258965e+00
9.41638256254e+00
9.41921434613e+00
9.41889102187e+00
9.41371580137e+00
9.41392103517e+00
9.41742073058e+00
9.41204090779e+00
9.41822720548e+00
9.41097612614e+00
9.41841528162e+00
9.42361168770e+00
9.41228992915e+00
9.41737978915e+00
9.42023544593e+00
9.42432891431e+00
9.41676926382e+00
9.41289330511e+00
9.41997744573e+00
9.42172569056e+00
9.41406158379e+00
9.41682204441e+00
9.41159794732e+00
9.41173011726e+00
9.41209871124e+00
9.41304444418e+00
9.41458879407e+00
9.41754446728e+00
9.41782946469e+00
9.41245496090e+00
9.41714654879e+00
9.41558333851e+00
9.41702486104e+00
9.41438144611e+00
9.41918236363e+00
9.41692841213e+00
9.41282390667e+00
9.41434601482e+00
9.41362229822e+00
9.41200615579e+00
9.41478820619e+00
9.41427735218e+00
9.41403204543e+00
9.41668380522e+00
9.41725979949e+00
9.41732167972e+00
9.41846013993e+00
9.41146311317e+00
9.41519114604e+00
9.41894873287e+00
9.41617996166e+00
9.41592123183e+00
9.41256610901e+00
9.41327497839e+00
9.41746654942e+00
9.41280095452e+00
9.41209551669e+00
9.41137687053e+00
9.41876790835e+00
9.41348053786e+00
9.41182715638e+00
9.41766477635e+00
9.41700567725e+00
9.41218408899e+00
9.41130275477e+00
9.41488563730e+00
9.41874806621e+00
9.41572761288e+00
9.41034475033e+00
9.41541554969e+00
9.41762110395e+00
9.41309630547e+00
9.41402926850e+00
9.41424274151e+00
9.41806792169e+00
9.41616004130e+00
9.41335391762e+00
9.41691439265e+00
9.41391605964e+00
9.41943509892e+00
9.41334888492e+00
9.41343079385e+00
9.41993311248e+00
9.41562400991e+00
9.41461990213e+00
9.40705869458e+00
9.41780709327e+00
9.41550976620e+00
9.41309484428e+00
9.41344238499e+00
9.41784330130e+00
9.41198177188e+00
9.41316312814e+00
9.41568611790e+00
9.41707907935e+00
9.41576297655e+00
9.42084326145e+00
9.41359289267e+00
9.41704363499e+00
9.41417907053e+00
9.41789270972e+00
9.41917729860e+00
9.41255154944e+00
9.41727819565e+00
9.41315530938e+00
9.42116724036e+00
9.41429465764e+00
9.41874614464e+00
9.41936070337e+00
9.41345183423e+00
9.41986787822e+00
9.41683910279e+00
9.41713149760e+00
9.41420084617e+00
9.41739656203e+00
9.41539097916e+00
9.41742490118e+00
9.41468502253e+00
9.41755072522e+00
9.41308111885e+00
9.41724366053e+00
9.41588064555e+00
9.40990865373e+00
9.41980059739e+00
9.41243847158e+00
9.41929986095e+00
9.42279891900e+00
9.41281705107e+00
9.41062638174e+00
9.41953594651e+00
9.41405875658e+00
9.41051652378e+00
9.41366802840e+00
9.41217430714e+00
9.41504004596e+00
9.41801878642e+00
9.41736976321e+00
9.42257438233e+00
9.42539797356e+00
9.41306510408e+00
9.41328084836e+00
9.41171227948e+00
9.41801022942e+00
9.41875644425e+00
9.41794312915e+00
9.41923374368e+00
9.41293630873e+00
9.41655302941e+00
9.41133062020e+00
9.41814571962e+00
9.41521471829e+00
9.40876898379e+00
9.41434209168e+00
9.41320352524e+00
9.42188425089e+00
9.41268374668e+00
9.41370735401e+00
9.42134336448e+00
9.41689963680e+00
9.41242993989e+00
9.41738574210e+00
9.41943052385e+00
9.41360723656e+00
9.41830275092e+00
9.41863267938e+00
9.40934943028e+00
9.41017952522e+00
9.41278845706e+00
9.41879922606e+00
9.41279955275e+00
9.42066269838e+00
9.41454917443e+00
9.41481338345e+00
9.41535286372e+00
9.41342163137e+00
9.41575393119e+00
9.41848925991e+00
9.41926153303e+00
9.41565859518e+00
9.41325792696e+00
9.41212497037e+00
9.41589993707e+00
9.41449947551e+00
9.41523533770e+00
9.41051535731e+00
9.41394551206e+00
9.41688320026e+00
9.41339541086e+00
9.41676933504e+00
9.41303937309e+00
9.41187002172e+00
9.41237052829e+00
9.41247998315e+00
9.41731190702e+00
9.41613549125e+00
9.41351730604e+00
9.41594268590e+00
9.41601791019e+00
9.41710979787e+00
9.41582693460e+00
9.41651962463e+00
9.41455339193e+00
9.41712120917e+00
9.41344813077e+00
9.41576646686e+00
9.41771212218e+00
9.41273289767e+00
9.41703758210e+00
9.41855007964e+00
9.41801419148e+00
9.41576196421e+00
9.41324093120e+00
9.42056064901e+00
9.41199117748e+00
9.41709423799e+00
9.41929156123e+00
9.42268802064e+00
9.41719215290e+00
9.41453415262e+00
9.41436443061e+00
9.41478859173e+00
9.41438071971e+00
9.41520993969e+00
9.41718845263e+00
9.41228686532e+00
9.41176734628e+00
9.41383494552e+00
9.41019395966e+00
9.41376006024e+00
9.42012870457e+00
9.41456024862e+00
9.41218025199e+00
9.41651999426e+00
9.41583681468e+00
9.41660344363e+00
9.41331865053e+00
9.41713859805e+00
9.41492945471e+00
9.41947511473e+00
9.41797652994e+00
9.41810280974e+00
9.41509730560e+00
9.41679957667e+00
9.41085202773e+00
9.42059275370e+00
9.42003145227e+00
9.41842120811e+00
9.41842603925e+00
9.41420754728e+00
9.41326828637e+00
9.40762073330e+00
9.42172257020e+00
9.41567158545e+00
9.41494523158e+00
9.41784306727e+00
9.41620270410e+00
9.41355272149e+00
9.40996912540e+00
9.41299479555e+00
9.41768108255e+00
9.41719658782e+00
9.41421893669e+00
9.41304116973e+00
9.42175539741e+00
9.41246183489e+00
9.41641897510e+00
9.41515670788e+00
9.41515600708e+00
9.41094315089e+00
9.41233453540e+00
9.41174869952e+00
9.41894170992e+00
9.41201415374e+00
9.41709240447e+00
9.40905965845e+00
9.41670333832e+00
9.41726004151e+00
9.41852389485e+00
9.41462667644e+00
9.41131322586e+00
9.41891990233e+00
9.41510769222e+00
9.41058404547e+00
9.42107464541e+00
9.41958338297e+00
9.41468223277e+00
9.41717931050e+00
9.41598566312e+00
9.41730874656e+00
9.41513987389e+00
9.41180317603e+00
9.41673699706e+00
9.41806373720e+00
9.41861823030e+00
9.41105641261e+00
9.41240921743e+00
9.41430919822e+00
9.41293040544e+00
9.41481706321e+00
9.41772057617e+00
9.41319449193e+00
9.41150351006e+00
9.41595841277e+00
9.41567472722e+00
9.42074441181e+00
9.41584299283e+00
9.42181533706e+00
9.41935458786e+00
9.41637431035e+00
9.41383679867e+00
9.41785096842e+00
9.41819277673e+00
9.40770936861e+00
9.41883728389e+00
9.41412004174e+00
9.41625297109e+00
9.41468756840e+00
9.41231785839e+00
9.41590888232e+00
9.41517536487e+00
9.41235473469e+00
9.41648629517e+00
9.41506929651e+00
9.41219208141e+00
9.41526447529e+00
9.40941364387e+00
9.41159014433e+00
9.41450849473e+00
9.41079085409e+00
9.41147981012e+00
9.41380592384e+00
9.42342878794e+00
9.41408419226e+00
9.41249557091e+00
9.41882558448e+00
9.41863783813e+00
9.41233309021e+00
9.41692606538e+00
9.41800982762e+00
9.41201810497e+00
9.41241195594e+00
9.40980418304e+00
9.41599321091e+00
9.41247492434e+00
9.41322459583e+00
9.41455634921e+00
9.41617753463e+00
9.41339327078e+00
9.41759473207e+00
9.42482117561e+00
9.41004411465e+00
9.41602403802e+00
9.41466953839e+00
9.41625823411e+00
9.41735350091e+00
9.41601531770e+00
9.41685270360e+00
9.41438839242e+00
9.41776044036e+00
9.41765259943e+00
9.41422902522e+00
9.41614861442e+00
9.41436703860e+00
9.41045479298e+00
9.41123932371e+00
9.41820748628e+00
9.41697340373e+00
9.40888215068e+00
9.41881925464e+00
9.41611249824e+00
9.41609331650e+00
9.41396948547e+00
9.41469915524e+00
9.41315292597e+00
9.41672038055e+00
9.42311278099e+00
9.42036229511e+00
9.40986734710e+00
9.41593373602e+00
9.41941302582e+00
9.41368946911e+00
9.41167611489e+00
9.41152858590e+00
9.41261562989e+00
9.40831955179e+00
9.41319097527e+00
9.41462642071e+00
9.41652879860e+00
9.42423666843e+00
9.41641898906e+00
9.41759008880e+00
9.41627545906e+00
9.41044482331e+00
9.41100394878e+00
9.41831128775e+00
9.41324742747e+00
9.41837524299e+00
9.41315379615e+00
9.41418935183e+00
9.41966748632e+00
9.42028033428e+00
9.41853797598e+00
9.41757785179e+00
9.41426462636e+00
9.41755788021e+00
9.41825190502e+00
9.41734604528e+00
9.41864360201e+00
9.41711339270e+00
9.41515941585e+00
9.41124752749e+00
9.41237719798e+00
9.42099501140e+00
9.41393500712e+00
9.41400493004e+00
9.41406559908e+00
9.41984400960e+00
9.41832601533e+00
9.41437354130e+00
9.41727212895e+00
9.42053348809e+00
9.42198908810e+00
9.41619658017e+00
9.41700782856e+00
9.41297235566e+00
9.41584506485e+00
9.41756985201e+00
9.41256970855e+00
9.41863110751e+00
9.41452532139e+00
9.41904503267e+00
9.42121241170e+00
9.41551668236e+00
9.41743101006e+00
9.41784204203e+00
9.41572769893e+00
9.41332527060e+00
9.42022983848e+00
9.41802383541e+00
9.41820237737e+00
9.41228393488e+00
9.41618425120e+00
9.41860283179e+00
9.41464054331e+00
9.40928049820e+00
9.41058838205e+00
9.41670429416e+00
9.41584961787e+00
9.41681558387e+00
9.41771319843e+00
9.41527650085e+00
9.41126203195e+00
9.41490249793e+00
9.41489689082e+00
9.42142084611e+00
9.41938832980e+00
9.41444108739e+00
9.41642951352e+00
9.41684163923e+00
9.42011262818e+00
9.41567893974e+00