-3.19985391192e+01
-3.19994259788e+01
-3.19802271347e+01
-3.20779687878e+01
-3.19555381597e+01
-3.19845839254e+01
-3.19678786993e+01
-3.19778236288e+01
-3.20305800847e+01
-3.20506172012e+01
-3.20036191781e+01
-3.20021919425e+01
-3.20517131768e+01
-3.20043363505e+01
-3.19880106299e+01
-3.20088181198e+01
-3.19597032552e+01
-3.19968010172e+01
-3.19882379800e+01
-3.19854732729e+01
-3.20406911939e+01
-3.20251508846e+01
-3.20315904866e+01
-3.19170555690e+01
-3.20543262237e+01
-3.20573696591e+01
-3.20905514974e+01
-3.19647645683e+01
-3.19241370104e+01
-3.20247447901e+01
-3.20388203572e+01
-3.20052533976e+01
-3.20321304796e+01
-3.19763875452e+01
-3.20547600242e+01
-3.20222747137e+01
-3.20797473099e+01
-3.20219528358e+01
-3.19939168726e+01
-3.20374973397e+01
-3.20157269457e+01
-3.19766629301e+01
-3.19910685641e+01
-3.19376166009e+01
-3.20167002163e+01
-3.19766653075e+01
-3.20353844995e+01
-3.20060843162e+01
-3.19408023329e+01
-3.20164984038e+01
-3.19986963099e+01
-3.20690106534e+01
-3.19945303604e+01
-3.20057571627e+01
-3.20379225469e+01
-3.20174908528e+01
-3.19944981302e+01
-3.19725412664e+01
-3.20114736666e+01
-3.20532086670e+01
-3.20642871513e+01
-3.20301551086e+01
-3.19842213150e+01
-3.19863919391e+01
-3.20709004723e+01
-3.19531674672e+01
-3.19374684142e+01
-3.19751876139e+01
-3.20204865789e+01
-3.19718676789e+01
-3.19766628730e+01
-3.20143973223e+01
-3.20097055451e+01
-3.20325570152e+01
-3.20109384025e+01
-3.19863040597e+01
-3.20338481310e+01
-3.19343282752e+01
-3.20214934715e+01
-3.19522670717e+01
-3.19549889468e+01
-3.20085393510e+01
-3.19554952366e+01
-3.19959322967e+01
-3.19788892803e+01
-3.19906790353e+01
-3.20101143658e+01
-3.20309235143e+01
-3.20750288432e+01
-3.20453048953e+01
-3.19624553656e+01
-3.20099021121e+01
-3.20153591314e+01
-3.20117357353e+01
-3.20943858450e+01
-3.19798174409e+01
-3.19755030224e+01
-3.19674685453e+01
-3.19711599169e+01
-3.19780752799e+01
-3.19900196204e+01
-3.20852644006e+01
-3.19903324783e+01
-3.20030403323e+01
-3.19541007146e+01
-3.19965847900e+01
-3.20120710268e+01
-3.19868217512e+01
-3.19940990443e+01
-3.20568552733e+01
-3.20141601279e+01
-3.20712576632e+01
-3.19721970921e+01
-3.19859634456e+01
-3.19315244413e+01
-3.20422957161e+01
-3.20514994922e+01
-3.20770378447e+01
-3.20514833929e+01
-3.20265090302e+01
-3.19690752190e+01
-3.19842993823e+01
-3.20340216059e+01
-3.20513024255e+01
-3.19928985323e+01
-3.19761397555e+01
-3.20218496423e+01
-3.20487172868e+01
-3.19576597670e+01
-3.20258983018e+01
-3.19722025497e+01
-3.20297304669e+01
-3.19694135314e+01
-3.19466546551e+01
-3.19620995163e+01
-3.19788916875e+01
-3.20361721694e+01
-3.19845161209e+01
-3.19638395963e+01
-3.19904709726e+01
-3.20318986938e+01
-3.19600024251e+01
-3.20836939713e+01
-3.19814601838e+01
-3.19512963452e+01
-3.19826297328e+01
-3.19772582929e+01
-3.20262471756e+01
-3.20193246943e+01
-3.20040446414e+01
-3.19774380265e+01
-3.19916016978e+01
-3.19960929598e+01
-3.19757566733e+01
-3.19465759971e+01
-3.19843471731e+01
-3.20008102455e+01
-3.20121022181e+01
-3.20022463612e+01
-3.19601166640e+01
-3.20178729717e+01
-3.19637801134e+01
-3.20408730074e+01
-3.20295718046e+01
-3.20615932469e+01
-3.20184183328e+01
-3.19473098416e+01
-3.20305658684e+01
-3.19801739199e+01
-3.20141321309e+01
-3.19625679874e+01
-3.19771873047e+01
-3.20323488174e+01
-3.20727237860e+01
-3.20343456726e+01
-3.20147359944e+01
-3.20278127862e+01
-3.20046932095e+01
-3.20221041925e+01
-3.20189556274e+01
-3.20217291416e+01
-3.20319241716e+01
-3.19632560956e+01
-3.19618992320e+01
-3.20750478319e+01
-3.20484981253e+01
-3.18903459564e+01
-3.19444366607e+01
-3.20083352545e+01
-3.20027639621e+01
-3.20070975698e+01
-3.19267158277e+01
-3.20224604989e+01
-3.19163184886e+01
-3.19449223889e+01
-3.19634563368e+01
-3.19768703377e+01
-3.20470674813e+01
-3.20343176325e+01
-3.20038847817e+01
-3.19650608476e+01
-3.19716639624e+01
-3.20790320891e+01
-3.20432061755e+01
-3.20565297035e+01
-3.19522844298e+01
-3.19881599376e+01
-3.19929508584e+01
-3.19532028792e+01
-3.19508362883e+01
-3.20342492270e+01
-3.20435092094e+01
-3.19887278185e+01
-3.19923265396e+01
-3.20374219658e+01
-3.20371804026e+01
-3.19319511867e+01
-3.20254730170e+01
-3.20370586799e+01
-3.19966097346e+01
-3.20081476118e+01
-3.19997649151e+01
-3.20234959588e+01
-3.19469724618e+01
-3.19720976549e+01
-3.20081061739e+01
-3.20041942029e+01
-3.20467712973e+01
-3.20260809436e+01
-3.20380913743e+01
-3.19323106521e+01
-3.20428808462e+01
-3.19923701913e+01
-3.21054833230e+01
-3.19760558628e+01
-3.20152368125e+01
-3.20284643963e+01
-3.20380223204e+01
-3.20725779611e+01
-3.20511600279e+01
-3.20120124492e+01
-3.20585438123e+01
-3.20539796703e+01
-3.20668857432e+01
-3.19924101422e+01
-3.19118676580e+01
-3.20021023334e+01
-3.19810118050e+01
-3.20595574254e+01
-3.20366915749e+01
-3.20173346613e+01
-3.20235512019e+01
-3.19755888724e+01
-3.20648187928e+01
-3.20867503518e+01
-3.20153021650e+01
-3.20089158247e+01
-3.20411552519e+01
-3.20013837440e+01
-3.20088136427e+01
-3.19868781328e+01
-3.19758964212e+01
-3.20504466096e+01
-3.19753102589e+01
-3.20016087449e+01
-3.19669993320e+01
-3.20267625277e+01
-3.19861625682e+01
-3.20378654035e+01
-3.19946902862e+01
-3.19344424157e+01
-3.20193387226e+01
-3.19660746689e+01
-3.19992164125e+01
-3.19860471344e+01
-3.20516941302e+01
-3.19735272792e+01
-3.19951163957e+01
-3.20097794461e+01
-3.20515985988e+01
-3.19734053175e+01
-3.19872624020e+01
-3.20044483421e+01
-3.19582774494e+01
-3.20292579034e+01
-3.20421386226e+01
-3.20691848266e+01
-3.19836810015e+01
-3.20607568322e+01
-3.19691272712e+01
-3.20203038808e+01
-3.20226212768e+01
-3.20236318256e+01
-3.19920077755e+01
-3.19904710827e+01
-3.19760715828e+01
-3.19760882361e+01
-3.19449921542e+01
-3.20640495100e+01
-3.20176219733e+01
-3.20365042477e+01
-3.19805758741e+01
-3.20156785446e+01
-3.19709910512e+01
-3.19343208714e+01
-3.20048708718e+01
-3.20244523026e+01
-3.20265394908e+01
-3.20685290811e+01
-3.19893381834e+01
-3.20116922141e+01
-3.20516725852e+01
-3.20080085090e+01
-3.19766862548e+01
-3.19978948950e+01
-3.20150883046e+01
-3.19536711722e+01
-3.20107785086e+01
-3.19625843900e+01
-3.19784071684e+01
-3.20185359138e+01
-3.19753912279e+01
-3.19231978298e+01
-3.19871345103e+01
-3.20661660093e+01
-3.20162590416e+01
-3.19877361394e+01
-3.20772107640e+01
-3.20141568278e+01
-3.20229277195e+01
-3.19994670003e+01
-3.20294272280e+01
-3.20231427751e+01
-3.20275195541e+01
-3.19606413873e+01
-3.19412829687e+01
-3.19911872981e+01
-3.20303786154e+01
-3.19476046574e+01
-3.19892834611e+01
-3.19857954888e+01
-3.19959053178e+01
-3.19959794623e+01
-3.20152722013e+01
-3.20087101920e+01
-3.20432200126e+01
-3.20411591425e+01
-3.19982976537e+01
-3.20280454597e+01
-3.20588002338e+01
-3.20219951379e+01
-3.20244662066e+01
-3.19675984978e+01
-3.21085371959e+01
-3.20164862463e+01
-3.19681978786e+01
-3.19975220154e+01
-3.20319019382e+01
-3.20555849917e+01
-3.20160238747e+01
-3.19679019246e+01
-3.19996721927e+01
-3.20711405074e+01
-3.19810585214e+01
-3.20285520878e+01
-3.20132737736e+01
-3.19729621557e+01
-3.20547970152e+01
-3.19851691667e+01
-3.19932341831e+01
-3.19597907975e+01
-3.20152525836e+01
-3.19521618029e+01
-3.20161894907e+01
-3.20184858044e+01
-3.19829488458e+01
-3.19794159869e+01
-3.19635920360e+01
-3.19860424209e+01
-3.19718722307e+01
-3.19934351280e+01
-3.19538842445e+01
-3.19967847350e+01
-3.20156085408e+01
-3.20525559123e+01
-3.20200949930e+01
-3.19837824011e+01
-3.20457407251e+01
-3.20656721432e+01
-3.20420977356e+01
-3.20226393597e+01
-3.20520289823e+01
-3.20117636617e+01
-3.20109018703e+01
-3.20307109464e+01
-3.19784305644e+01
-3.20254711824e+01
-3.19794638943e+01
-3.19445019935e+01
-3.20519384763e+01
-3.20352143874e+01
-3.19927012731e+01
-3.19354353247e+01
-3.19390195687e+01
-3.19857787082e+01
-3.20175075210e+01
-3.20271244459e+01
-3.20469327143e+01
-3.20444528824e+01
-3.20139343237e+01
-3.20162845119e+01
-3.20207076824e+01
-3.20348329156e+01
-3.19221914913e+01
-3.19758974495e+01
-3.19953876626e+01
-3.19896301986e+01
-3.19533199222e+01
-3.20341273018e+01
-3.20297478735e+01
-3.20552172655e+01
-3.19835529401e+01
-3.19985380820e+01
-3.19667453397e+01
-3.20363951834e+01
-3.20625486052e+01
-3.20278653417e+01
-3.20153312287e+01
-3.20057277453e+01
-3.19956717410e+01
-3.20299944564e+01
-3.20401587793e+01
-3.19654444170e+01
-3.20043337059e+01
-3.19950077965e+01
-3.20320377817e+01
-3.20214105239e+01
-3.19662506423e+01
-3.19770529890e+01
-3.20578536837e+01
-3.20185264499e+01
-3.20515565144e+01
-3.20515004571e+01
-3.19945396434e+01
-3.20355624182e+01
-3.20067982975e+01
-3.19699286599e+01
-3.19970298669e+01
-3.19564337448e+01
-3.19971489359e+01
-3.19534879966e+01
-3.19961779888e+01
-3.20193065371e+01
-3.19872298511e+01
-3.20034972270e+01
-3.20383660486e+01
-3.19950227132e+01
-3.19624512466e+01
-3.20612538508e+01
-3.19338909794e+01
-3.19480088504e+01
-3.20267349204e+01
-3.20526359480e+01
-3.20276709823e+01
-3.19445388343e+01
-3.19977427503e+01
-3.20658845689e+01
-3.20301220338e+01
-3.20667507964e+01
-3.20145018321e+01
-3.20149526300e+01
-3.20421771579e+01
-3.19826478208e+01
-3.20617796913e+01
-3.20181835104e+01
-3.19731569814e+01
-3.19440244767e+01
-3.19670010708e+01
-3.20597831746e+01
-3.19460677142e+01
-3.20804695457e+01
-3.20343195902e+01
-3.20435620733e+01
-3.20543093260e+01
-3.20046014602e+01
-3.19849459085e+01
-3.20732479647e+01
-3.20181098224e+01
-3.20149118572e+01
-3.19449606803e+01
-3.20027980615e+01
-3.19833348441e+01
-3.19800211924e+01
-3.20973814489e+01
-3.20374665513e+01
-3.19990564155e+01
-3.19691683302e+01
-3.20012064131e+01
-3.19777181530e+01
-3.19823437756e+01
-3.20024652740e+01