2.17180068660e+00
2.18199805151e+00
2.18861605430e+00
2.18723830419e+00
2.16485263636e+00
2.18887062106e+00
2.19456541219e+00
2.19321506838e+00
2.20713752633e+00
2.19115940456e+00
2.20567130494e+00
2.17587315860e+00
2.17794848973e+00
2.18478182183e+00
2.19197429325e+00
2.17119298697e+00
2.19803662238e+00
2.19172915935e+00
2.18306193586e+00
2.19405399449e+00
2.17711797613e+00
2.17391373029e+00
2.19839009792e+00
2.17748843967e+00
2.18602128933e+00
2.19506087628e+00
2.20186872225e+00
2.18722200079e+00
2.18752845733e+00
2.18726699096e+00
2.20192937154e+00
2.16867589825e+00
2.18873685476e+00
2.20465613835e+00
2.19615492032e+00
2.19273113513e+00
2.19943381863e+00
2.19130787214e+00
2.19268720930e+00
2.19113599830e+00
2.20353086535e+00
2.18313641376e+00
2.19823098011e+00
2.17882018143e+00
2.18970978595e+00
2.19202045459e+00
2.17130946649e+00
2.20284777081e+00
2.18199790431e+00
2.18758233743e+00
2.18547151542e+00
2.19630255439e+00
2.19978275435e+00
2.20327221738e+00
2.17634566073e+00
2.17840933018e+00
2.16290214687e+00
2.17776521975e+00
2.20333756625e+00
2.19707853194e+00
2.20891835544e+00
2.17428075274e+00
2.22686352265e+00
2.18791290017e+00
2.21117817466e+00
2.19531060354e+00
2.18090284448e+00
2.19739794484e+00
2.20772169723e+00
2.19773191993e+00
2.18466845654e+00
2.18681836792e+00
2.19292916474e+00
2.17488571935e+00
2.19282137405e+00
2.19299085323e+00
2.18755999103e+00
2.18644152548e+00
2.18650476879e+00
2.19480380616e+00
2.18308182286e+00
2.18568055276e+00
2.17985005425e+00
2.16257251966e+00
2.20262925050e+00
2.19603233953e+00
2.18009657996e+00
2.20402660690e+00
2.19398347917e+00
2.18818180396e+00
2.18978634047e+00
2.17607683031e+00
2.20655495172e+00
2.18940990596e+00
2.18044521738e+00
2.20754335137e+00
2.19454598661e+00
2.19573829511e+00
2.18771241357e+00
2.18791036567e+00
2.19568532184e+00
2.19972294848e+00
2.15910818227e+00
2.18854679630e+00
2.17558137194e+00
2.18905837402e+00
2.18458506309e+00
2.19466469074e+00
2.18054417289e+00
2.21057355056e+00
2.19585393228e+00
2.20885943498e+00
2.18905710720e+00
2.20047531105e+00
2.19422533028e+00
2.20247799468e+00
2.18485286798e+00
2.16552090928e+00
2.18173455759e+00
2.18778095964e+00
2.19092756865e+00
2.18731645279e+00
2.17826872445e+00
2.16945962040e+00
2.18470206769e+00
2.19478804967e+00
2.20148432329e+00
2.18191726119e+00
2.18130262637e+00
2.19618549988e+00
2.18794145815e+00
2.18558445005e+00
2.17055354431e+00
2.17251835583e+00
2.18612207112e+00
2.19097447845e+00
2.18153908075e+00
2.17920081485e+00
2.17892830554e+00
2.18637970897e+00
2.19188242406e+00
2.19767715036e+00
2.19502958336e+00
2.20383534166e+00
2.17159749364e+00
2.18418629284e+00
2.19159084437e+00
2.20228560687e+00
2.17505740585e+00
2.20773109651e+00
2.18007299017e+00
2.19064545865e+00
2.19789180723e+00
2.19200974023e+00
2.18216019326e+00
2.20944525619e+00
2.17759891411e+00
2.18630514673e+00
2.19262320114e+00
2.17496657599e+00
2.19576222784e+00
2.18559343218e+00
2.19107405965e+00
2.19225214274e+00
2.19238757992e+00
2.18291150322e+00
2.19272125729e+00
2.19989579325e+00
2.19050652967e+00
2.17657200203e+00
2.18301413897e+00
2.19777612592e+00
2.18729100590e+00
2.19984578878e+00
2.18357833279e+00
2.18663871342e+00
2.18227695955e+00
2.18649583667e+00
2.20018496906e+00
2.22614527140e+00
2.18423992332e+00
2.17982906216e+00
2.19885283472e+00
2.18642545967e+00
2.18272658057e+00
2.20126250376e+00
2.19516257858e+00
2.17352723016e+00
2.17523141978e+00
2.18169566177e+00
2.17121892197e+00
2.18856699582e+00
2.21099161476e+00
2.18526052749e+00
2.18202256496e+00
2.19254145704e+00
2.19142515964e+00
2.18600877594e+00
2.17901392373e+00
2.20914707825e+00
2.17794490522e+00
2.17999983671e+00
2.20336924312e+00
2.19846693731e+00
2.19826223893e+00
2.17172494883e+00
2.18962181454e+00
2.20073980552e+00
2.18727470341e+00
2.17086812872e+00
2.19456228992e+00
2.19250780285e+00
2.18438049687e+00
2.22992827265e+00
2.18268069445e+00
2.21145296186e+00
2.19218913741e+00
2.19717194997e+00
2.18261663159e+00
2.18758592748e+00
2.18383347815e+00
2.17940209582e+00
2.17541103754e+00
2.19888836430e+00
2.19247730318e+00
2.18140236411e+00
2.19780756306e+00
2.18333190440e+00
2.18738402695e+00
2.21639632467e+00
2.16851346653e+00
2.18277986787e+00
2.19156908778e+00
2.18948297293e+00
2.17271364296e+00
2.19831473193e+00
2.18489567906e+00
2.19356437747e+00
2.20190467648e+00
2.18653438579e+00
2.19763220894e+00
2.19604619344e+00
2.20302885569e+00
2.18016441062e+00
2.19143162382e+00
2.19446922316e+00
2.18672637353e+00
2.19555439005e+00
2.18321280572e+00
2.19207493165e+00
2.19317382042e+00
2.19437619719e+00
2.19404470055e+00
2.18820696021e+00
2.18100838832e+00
2.20281600036e+00
2.16773657057e+00
2.20699193462e+00
2.18397585295e+00
2.18597123239e+00
2.17141611122e+00
2.17440437044e+00
2.18515702868e+00
2.18149474710e+00
2.18419175600e+00
2.17568759834e+00
2.21287152581e+00
2.17855092143e+00
2.18220714111e+00
2.18280437853e+00
2.18029179680e+00
2.19887671160e+00
2.18421712943e+00
2.18531682638e+00
2.18613304823e+00
2.19269282254e+00
2.19936762403e+00
2.19125824276e+00
2.17810763133e+00
2.18909271916e+00
2.17304239736e+00
2.16272092468e+00
2.19832283470e+00
2.19009845966e+00
2.16732175799e+00
2.18620802633e+00
2.18271014256e+00
2.17704658671e+00
2.20516318846e+00
2.20426494296e+00
2.19578443313e+00
2.16258884055e+00
2.20969926153e+00
2.19110770028e+00
2.19489359360e+00
2.17823185796e+00
2.19651691419e+00
2.18769487827e+00
2.20743781992e+00
2.20585841515e+00
2.17747103098e+00
2.19018618658e+00
2.20022982014e+00
2.17388410087e+00
2.19449808538e+00
2.19714102688e+00
2.20344916971e+00
2.16818487110e+00
2.18461911304e+00
2.18917382837e+00
2.18152625241e+00
2.20768332694e+00
2.20060670057e+00
2.17434093419e+00
2.19729683496e+00
2.18338263844e+00
2.19325934033e+00
2.18358189095e+00
2.17571980221e+00
2.18313464499e+00
2.17943209271e+00
2.20106785514e+00
2.18772878757e+00
2.17702813813e+00
2.20129799311e+00
2.17900283386e+00
2.21097711626e+00
2.18539178189e+00
2.18673955016e+00
2.17794700262e+00
2.17447921590e+00
2.18787603573e+00
2.18400329947e+00
2.18621718870e+00
2.18857431347e+00
2.18205253653e+00
2.17165489754e+00
2.20189802968e+00
2.16395410743e+00
2.18445107521e+00
2.19227753353e+00
2.18469556673e+00
2.18665393628e+00
2.16374456076e+00
2.20172802680e+00
2.16898418264e+00
2.18941884668e+00
2.18551969655e+00
2.18314663386e+00
2.21598017728e+00
2.17149235259e+00
2.19815928542e+00
2.19976501225e+00
2.19964385148e+00
2.19701244685e+00
2.18737841003e+00
2.18407946232e+00
2.16368160212e+00
2.21053012630e+00
2.20288399592e+00
2.18322815582e+00
2.19181523854e+00
2.18841387481e+00
2.17152985640e+00
2.20673441350e+00
2.20086718339e+00
2.17999662360e+00
2.21204561955e+00
2.17399136715e+00
2.19418395011e+00
2.19023481609e+00
2.17403057379e+00
2.17587107407e+00
2.17777038855e+00
2.18645460799e+00
2.19843733609e+00
2.17744467006e+00
2.19210927014e+00
2.19250923333e+00
2.19555742625e+00
2.19625006729e+00
2.19911179993e+00
2.19577129678e+00
2.20597613329e+00
2.17162546187e+00
2.19206850367e+00
2.19022941258e+00
2.19234289990e+00
2.20348253488e+00
2.17872090644e+00
2.18088794076e+00
2.19477877705e+00
2.18269076278e+00
2.18549288223e+00
2.19754382493e+00
2.19397904899e+00
2.18476448693e+00
2.19785033197e+00
2.18915190197e+00
2.17648965522e+00
2.19054698589e+00
2.18182910652e+00
2.18743254745e+00
2.17544021438e+00
2.18881997465e+00
2.18348088479e+00
2.18858748918e+00
2.17441982941e+00
2.17571271786e+00
2.18628907103e+00
2.19448335404e+00
2.17841743570e+00
2.18194770624e+00
2.21505913355e+00
2.17455277328e+00
2.19119152871e+00
2.18304552037e+00
2.17963659658e+00
2.19532728439e+00
2.17500621770e+00
2.18954747788e+00
2.21135098869e+00
2.18905472544e+00
2.19532076056e+00
2.19591324027e+00
2.18988721189e+00
2.20267437967e+00
2.19301186145e+00
2.19818674773e+00
2.19635505649e+00
2.20748184717e+00
2.19142347328e+00
2.17509785555e+00
2.19028206420e+00
2.20584075528e+00
2.17537435672e+00
2.21669152807e+00
2.18431589449e+00
2.17920616271e+00
2.16835209214e+00
2.18392093942e+00
2.20052115822e+00
2.19986591985e+00
2.15362167697e+00
2.18185458599e+00
2.17708442527e+00
2.19434339579e+00
2.21110128296e+00
2.18458510324e+00
2.17507063846e+00
2.17213848633e+00
2.18705889159e+00
2.20785053115e+00
2.18570318853e+00
2.20466932329e+00
2.17577945460e+00
2.18215566075e+00
2.18824681329e+00
2.20851486623e+00
2.17207375330e+00
2.20136254087e+00
2.19548383793e+00
2.17112778159e+00
2.19768531902e+00
2.18278903971e+00
2.17361014191e+00
2.20395366565e+00
2.17786332910e+00
2.20229624695e+00
2.19443945095e+00
2.18900688553e+00
2.17997840703e+00
2.19181842920e+00
2.18018889523e+00
2.19695391249e+00
2.19122092910e+00
2.18708430094e+00
2.17553917932e+00
2.19560897785e+00
2.18766486036e+00
2.19911708994e+00
2.18564457829e+00
2.19367856325e+00
2.18820326557e+00
2.18980354561e+00
2.19380409027e+00
2.20365523659e+00
2.21318105405e+00
2.22014229644e+00
2.19748279392e+00
2.19647987590e+00
2.18443947799e+00
2.17492907101e+00
2.20891733224e+00
2.18245979214e+00
2.18963202347e+00
2.19219534109e+00
2.18856814948e+00
2.16941626966e+00
2.18723418981e+00
2.18964422883e+00