1.03539613582e+01
1.03523885621e+01
1.03514309341e+01
1.03553188122e+01
1.03517945007e+01
1.03527713056e+01
1.03506400751e+01
1.03506563750e+01
1.03515722045e+01
1.03540210456e+01
1.03545160964e+01
1.03537364416e+01
1.03555189061e+01
1.03537783721e+01
1.03524950914e+01
1.03509555466e+01
1.03517441189e+01
1.03528889196e+01
1.03533288549e+01
1.03552247227e+01
1.03571123848e+01
1.03527035344e+01
1.03525598177e+01
1.03523772207e+01
1.03560856564e+01
1.03520252912e+01
1.03519732812e+01
1.03542144256e+01
1.03487309490e+01
1.03538787276e+01
1.03525664452e+01
1.03546702133e+01
1.03537894499e+01
1.03542254989e+01
1.03543646547e+01
1.03544601645e+01
1.03537524399e+01
1.03520761164e+01
1.03523861600e+01
1.03522279982e+01
1.03535763548e+01
1.03519670656e+01
1.03517704843e+01
1.03531972382e+01
1.03522083049e+01
1.03519262949e+01
1.03513408980e+01
1.03517762064e+01
1.03550302743e+01
1.03546690881e+01
1.03528460303e+01
1.03563875372e+01
1.03530330048e+01
1.03530023853e+01
1.03529766893e+01
1.03536166220e+01
1.03511244186e+01
1.03519215799e+01
1.03535759418e+01
1.03554113349e+01
1.03536132764e+01
1.03519268342e+01
1.03530196947e+01
1.03524558743e+01
1.03504897710e+01
1.03510188084e+01
1.03507297664e+01
1.03528045109e+01
1.03551032533e+01
1.03497486983e+01
1.03527210346e+01
1.03516283892e+01
1.03502718087e+01
1.03539799533e+01
1.03534117364e+01
1.03537871444e+01
1.03513952647e+01
1.03508181342e+01
1.03528288594e+01
1.03500529814e+01
1.03546163384e+01
1.03527796416e+01
1.03509326882e+01
1.03524177419e+01
1.03538800908e+01
1.03546025479e+01
1.03533045237e+01
1.03531516217e+01
1.03529389801e+01
1.03547654648e+01
1.03531610768e+01
1.03505352075e+01
1.03541938504e+01
1.03519516045e+01
1.03541476096e+01
1.03491039840e+01
1.03489155911e+01
1.03510597740e+01
1.03536203294e+01
1.03511239413e+01
1.03504498802e+01
1.03536995996e+01
1.03523444081e+01
1.03506245768e+01
1.03485304981e+01
1.03521397820e+01
1.03531882952e+01
1.03524603087e+01
1.03520045778e+01
1.03531468762e+01
1.03527265927e+01
1.03527846801e+01
1.03521800965e+01
1.03501250515e+01
1.03528399682e+01
1.03547214594e+01
1.03531284409e+01
1.03533082922e+01
1.03519971719e+01
1.03522979319e+01
1.03532895493e+01
1.03511299663e+01
1.03563747142e+01
1.03543838027e+01
1.03512879235e+01
1.03512819278e+01
1.03525092638e+01
1.03529528312e+01
1.03526285616e+01
1.03492767578e+01
1.03542599645e+01
1.03524658300e+01
1.03514003680e+01
1.03518078681e+01
1.03505819085e+01
1.03508198090e+01
1.03556717591e+01
1.03520359551e+01
1.03519034813e+01
1.03519555939e+01
1.03510595127e+01
1.03552504633e+01
1.03528335085e+01
1.03512775112e+01
1.03497540016e+01
1.03570228397e+01
1.03526165811e+01
1.03564734594e+01
1.03529448665e+01
1.03534913326e+01
1.03561384795e+01
1.03520939005e+01
1.03537969030e+01
1.03525245360e+01
1.03536933759e+01
1.03498046583e+01
1.03521279557e+01
1.03538185119e+01
1.03514815956e+01
1.03508347577e+01
1.03525896887e+01
1.03533291068e+01
1.03530137043e+01
1.03548744051e+01
1.03525691081e+01
1.03548146509e+01
1.03558159018e+01
1.03527803593e+01
1.03508448742e+01
1.03540935116e+01
1.03509144827e+01
1.03503803187e+01
1.03532842940e+01
1.03506535825e+01
1.03527857225e+01
1.03522074811e+01
1.03531131329e+01
1.03526623470e+01
1.03562956455e+01
1.03518363620e+01
1.03530792365e+01
1.03509678722e+01
1.03546466376e+01
1.03539350736e+01
1.03532256270e+01
1.03546760203e+01
1.03505676527e+01
1.03544144948e+01
1.03517561879e+01
1.03548654457e+01
1.03525847120e+01
1.03506645769e+01
1.03524015935e+01
1.03527031298e+01
1.03514750204e+01
1.03498543562e+01
1.03512245071e+01
1.03540713467e+01
1.03534374184e+01
1.03514241419e+01
1.03551177601e+01
1.03526493911e+01
1.03536787473e+01
1.03545646247e+01
1.03544986182e+01
1.03481075433e+01
1.03518341251e+01
1.03485414978e+01
1.03528786396e+01
1.03530388688e+01
1.03549443083e+01
1.03520634857e+01
1.03529682241e+01
1.03516396183e+01
1.03532293031e+01
1.03539847263e+01
1.03536819358e+01
1.03541524824e+01
1.03560405461e+01
1.03524000394e+01
1.03509126558e+01
1.03522263706e+01
1.03531157393e+01
1.03525093978e+01
1.03497304912e+01
1.03539366633e+01
1.03532967497e+01
1.03521409034e+01
1.03542170384e+01
1.03536227861e+01
1.03497204708e+01
1.03530092713e+01
1.03496673626e+01
1.03557851415e+01
1.03557225813e+01
1.03529621803e+01
1.03547682228e+01
1.03546707307e+01
1.03551385146e+01
1.03542327394e+01
1.03530543493e+01
1.03538207266e+01
1.03536227942e+01
1.03549008518e+01
1.03503023101e+01
1.03537006903e+01
1.03498274921e+01
1.03523471284e+01
1.03526760417e+01
1.03540882714e+01
1.03528855230e+01
1.03535333382e+01
1.03565280637e+01
1.03541080646e+01
1.03515929994e+01
1.03535749244e+01
1.03554647994e+01
1.03538512009e+01
1.03523749008e+01
1.03532455965e+01
1.03522751047e+01
1.03512979913e+01
1.03519786494e+01
1.03537853267e+01
1.03504698277e+01
1.03509352601e+01
1.03524826191e+01
1.03519969331e+01
1.03505707585e+01
1.03533855916e+01
1.03532770706e+01
1.03520025543e+01
1.03537893780e+01
1.03482248907e+01
1.03511518299e+01
1.03513417807e+01
1.03539179107e+01
1.03528596302e+01
1.03558755307e+01
1.03539370155e+01
1.03517251534e+01
1.03516074773e+01
1.03552701131e+01
1.03505270188e+01
1.03530307724e+01
1.03543193420e+01
1.03521231432e+01
1.03536285307e+01
1.03533544824e+01
1.03506528844e+01
1.03484881164e+01
1.03560452453e+01
1.03547139115e+01
1.03518052114e+01
1.03548390285e+01
1.03521635185e+01
1.03542905719e+01
1.03517757950e+01
1.03529859600e+01
1.03533316028e+01
1.03527924801e+01
1.03508082303e+01
1.03521957864e+01
1.03526902958e+01
1.03499408651e+01
1.03529120312e+01
1.03532113321e+01
1.03537847905e+01
1.03547238360e+01
1.03533018760e+01
1.03520673879e+01
1.03533254571e+01
1.03504241906e+01
1.03516987026e+01
1.03523584723e+01
1.03527014103e+01
1.03546616629e+01
1.03552455732e+01
1.03521955443e+01
1.03492924060e+01
1.03529711097e+01
1.03537273069e+01
1.03527542408e+01
1.03519297926e+01
1.03559072953e+01
1.03534189333e+01
1.03509230203e+01
1.03532227078e+01
1.03524187654e+01
1.03530544911e+01
1.03514117104e+01
1.03553460894e+01
1.03535288801e+01
1.03522371693e+01
1.03504815612e+01
1.03492598661e+01
1.03526733061e+01
1.03520296005e+01
1.03500850862e+01
1.03522620825e+01
1.03541771725e+01
1.03490442934e+01
1.03527621338e+01
1.03508989957e+01
1.03542466047e+01
1.03515672345e+01
1.03571285588e+01
1.03527302371e+01
1.03522896910e+01
1.03530637681e+01
1.03559061979e+01
1.03533947979e+01
1.03512506841e+01
1.03551982560e+01
1.03486381794e+01
1.03508613510e+01
1.03522265176e+01
1.03512159780e+01
1.03552526851e+01
1.03534839598e+01
1.03499809408e+01
1.03551675244e+01
1.03520532143e+01
1.03496533616e+01
1.03565771537e+01
1.03500909002e+01
1.03498884384e+01
1.03531437373e+01
1.03500491648e+01
1.03523803334e+01
1.03531125144e+01
1.03554275018e+01
1.03531561818e+01
1.03535692974e+01
1.03573510560e+01
1.03536264031e+01
1.03510180571e+01
1.03523936635e+01
1.03545131559e+01
1.03556016642e+01
1.03555270501e+01
1.03493329080e+01
1.03527774326e+01
1.03532047725e+01
1.03516749333e+01
1.03528563371e+01
1.03539976912e+01
1.03508247752e+01
1.03534465202e+01
1.03558752017e+01
1.03514122875e+01
1.03528626416e+01
1.03540451039e+01
1.03535204738e+01
1.03533786620e+01
1.03510055184e+01
1.03508592866e+01
1.03527580270e+01
1.03524936397e+01
1.03531437174e+01
1.03551922791e+01
1.03519036974e+01
1.03522508047e+01
1.03500021886e+01
1.03506273474e+01
1.03559130918e+01
1.03523243666e+01
1.03519098985e+01
1.03553632769e+01
1.03557454211e+01
1.03523988995e+01
1.03519549900e+01
1.03546672746e+01
1.03520273987e+01
1.03516238963e+01
1.03546053828e+01
1.03509513154e+01
1.03499873694e+01
1.03566274987e+01
1.03545938716e+01
1.03509525974e+01
1.03528949949e+01
1.03512858339e+01
1.03499416169e+01
1.03496109807e+01
1.03522416296e+01
1.03508430707e+01
1.03536999144e+01
1.03554239180e+01
1.03537191864e+01
1.03564656366e+01
1.03496082910e+01
1.03525200198e+01
1.03514771396e+01
1.03511396871e+01
1.03548811018e+01
1.03550799590e+01
1.03530971573e+01
1.03528591769e+01
1.03532901903e+01
1.03541232382e+01
1.03538106872e+01
1.03541092910e+01
1.03523253390e+01
1.03518479321e+01
1.03538288657e+01
1.03536510444e+01
1.03522941288e+01
1.03539295457e+01
1.03527574849e+01
1.03524680398e+01
1.03523297608e+01
1.03544620014e+01
1.03521069679e+01
1.03513063096e+01
1.03526266534e+01
1.03535967775e+01
1.03552092211e+01
1.03533279555e+01
1.03518401418e+01
1.03546357969e+01
1.03540126404e+01
1.03530041410e+01
1.03513885554e+01
1.03527598300e+01
1.03540799995e+01
1.03560594822e+01
1.03528834947e+01
1.03561047852e+01
1.03509585163e+01
1.03521371653e+01
1.03540049439e+01
1.03528585080e+01
1.03550349057e+01
1.03544518495e+01
1.03521725764e+01
1.03495119145e+01
1.03557676720e+01
1.03553741191e+01
1.03553325061e+01
1.03537552857e+01
1.03530986744e+01
1.03525863798e+01
1.03519678088e+01
1.03524112189e+01
1.03500807240e+01
1.03534552004e+01
1.03527704716e+01
1.03536776255e+01
1.03539862790e+01
1.03565632867e+01
1.03516778726e+01
1.03526437101e+01
1.03523709772e+01
1.03581892558e+01
1.03534741439e+01
1.03531945497e+01
1.03542105984e+01
1.03529615041e+01
1.03520231778e+01
1.03526704569e+01