-2.86236119585e+01
-2.86284017268e+01
-2.86092941369e+01
-2.86955166113e+01
-2.85638942834e+01
-2.86135153139e+01
-2.85902357783e+01
-2.85810372622e+01
-2.86437447583e+01
-2.86707522158e+01
-2.86330034215e+01
-2.86110572229e+01
-2.86844021159e+01
-2.86272910634e+01
-2.86344024863e+01
-2.86341469701e+01
-2.85796237931e+01
-2.86046753537e+01
-2.86229470696e+01
-2.86128799781e+01
-2.86858562483e+01
-2.86641727110e+01
-2.86536381250e+01
-2.85449100712e+01
-2.86988828025e+01
-2.87077169255e+01
-2.87079431916e+01
-2.85696421983e+01
-2.85561246900e+01
-2.86566500306e+01
-2.86691993723e+01
-2.86521477448e+01
-2.86555465344e+01
-2.86021996549e+01
-2.86901543534e+01
-2.86747878646e+01
-2.87168713794e+01
-2.86624127564e+01
-2.86179013668e+01
-2.86611220005e+01
-2.86526795999e+01
-2.85933800822e+01
-2.86277040388e+01
-2.85617752154e+01
-2.86565970486e+01
-2.86153398525e+01
-2.86576798928e+01
-2.86427120665e+01
-2.85679708300e+01
-2.86537941372e+01
-2.86209672958e+01
-2.86958317045e+01
-2.86278476144e+01
-2.86076333812e+01
-2.86604190164e+01
-2.86488180863e+01
-2.86312190370e+01
-2.85797126988e+01
-2.86444592387e+01
-2.86797632015e+01
-2.86933381372e+01
-2.86628011838e+01
-2.86142087586e+01
-2.86069686272e+01
-2.86740783574e+01
-2.85665305791e+01
-2.85757353106e+01
-2.86009473317e+01
-2.86497406945e+01
-2.85891374463e+01
-2.86027872352e+01
-2.86539993895e+01
-2.86383629721e+01
-2.86579185995e+01
-2.86596051181e+01
-2.86247473083e+01
-2.86589533381e+01
-2.85599730828e+01
-2.86509365173e+01
-2.85982946156e+01
-2.85948605267e+01
-2.86288662045e+01
-2.85935034822e+01
-2.86235520227e+01
-2.86137942170e+01
-2.86196902067e+01
-2.86342905408e+01
-2.86537021276e+01
-2.86897983050e+01
-2.86593881598e+01
-2.85865540220e+01
-2.86466236509e+01
-2.86416645556e+01
-2.86240506647e+01
-2.87172939266e+01
-2.86122081930e+01
-2.86058458435e+01
-2.85861879982e+01
-2.86093581979e+01
-2.85931275524e+01
-2.86105966047e+01
-2.87022629260e+01
-2.86184962209e+01
-2.86422432897e+01
-2.85769617713e+01
-2.86168343940e+01
-2.86620507459e+01
-2.86138487028e+01
-2.86185971487e+01
-2.86758012883e+01
-2.86562919587e+01
-2.87012502388e+01
-2.85999710376e+01
-2.86271292678e+01
-2.85595866866e+01
-2.86795908494e+01
-2.86635365952e+01
-2.87017445108e+01
-2.86840433775e+01
-2.86579596529e+01
-2.86135058125e+01
-2.86124864893e+01
-2.86737858458e+01
-2.86684517004e+01
-2.86252313287e+01
-2.86064226565e+01
-2.86532146919e+01
-2.86816931717e+01
-2.85882060413e+01
-2.86501370892e+01
-2.86073568908e+01
-2.86407629230e+01
-2.85914526309e+01
-2.85965122458e+01
-2.86081032343e+01
-2.86220705918e+01
-2.86629709434e+01
-2.86065328082e+01
-2.85840891262e+01
-2.86044079359e+01
-2.86352254472e+01
-2.85654658422e+01
-2.87035120833e+01
-2.85889315162e+01
-2.85602878143e+01
-2.86083398940e+01
-2.86086865027e+01
-2.86689042727e+01
-2.86617104208e+01
-2.86314979717e+01
-2.86112046428e+01
-2.86289657924e+01
-2.86396882266e+01
-2.86194474071e+01
-2.85732069244e+01
-2.86048121478e+01
-2.86389062345e+01
-2.86504054192e+01
-2.86330446138e+01
-2.85731918666e+01
-2.86451880460e+01
-2.86106567972e+01
-2.86824510503e+01
-2.86666191005e+01
-2.86794433172e+01
-2.86457454515e+01
-2.85719821632e+01
-2.86670006602e+01
-2.86205667405e+01
-2.86472340191e+01
-2.86027021378e+01
-2.85997452112e+01
-2.86536589182e+01
-2.87023796055e+01
-2.86808297757e+01
-2.86380737242e+01
-2.86508581515e+01
-2.86361271581e+01
-2.86457190190e+01
-2.86398098189e+01
-2.86466723416e+01
-2.86457813235e+01
-2.85936973233e+01
-2.86025671741e+01
-2.86975509330e+01
-2.86709389283e+01
-2.85213394116e+01
-2.85762817617e+01
-2.86439589889e+01
-2.86269202523e+01
-2.86497832644e+01
-2.85439328953e+01
-2.86543273282e+01
-2.85506896770e+01
-2.85551885927e+01
-2.85887290161e+01
-2.85903024561e+01
-2.86693728587e+01
-2.86756514530e+01
-2.86314792605e+01
-2.85938478083e+01
-2.85964293708e+01
-2.86945309855e+01
-2.86680708793e+01
-2.86881934111e+01
-2.85696313015e+01
-2.86183525918e+01
-2.86161367140e+01
-2.85732344395e+01
-2.85826768637e+01
-2.86624026188e+01
-2.86643244069e+01
-2.86200196585e+01
-2.86254654057e+01
-2.86606969399e+01
-2.86648961247e+01
-2.85582409294e+01
-2.86554668933e+01
-2.86615344139e+01
-2.86223999781e+01
-2.86432211473e+01
-2.86483955932e+01
-2.86665034710e+01
-2.85733360926e+01
-2.86093943526e+01
-2.86354926765e+01
-2.86399860445e+01
-2.86639449690e+01
-2.86476713461e+01
-2.86693542939e+01
-2.85669000073e+01
-2.86768794171e+01
-2.86035848449e+01
-2.87347088044e+01
-2.86175824238e+01
-2.86369673056e+01
-2.86580659745e+01
-2.86496980298e+01
-2.87128987258e+01
-2.86874948255e+01
-2.86582017423e+01
-2.86729397018e+01
-2.86907943142e+01
-2.86853717945e+01
-2.86184228810e+01
-2.85386299933e+01
-2.86438918349e+01
-2.86091973210e+01
-2.86952625534e+01
-2.86805184491e+01
-2.86547797018e+01
-2.86470683717e+01
-2.86083638909e+01
-2.86937441242e+01
-2.87134467083e+01
-2.86378548021e+01
-2.86351398855e+01
-2.86498606352e+01
-2.86331268422e+01
-2.86521675787e+01
-2.86153946746e+01
-2.86138925696e+01
-2.86833410834e+01
-2.86121895012e+01
-2.86268701517e+01
-2.86038636886e+01
-2.86374026484e+01
-2.86131832558e+01
-2.86780751091e+01
-2.86200570822e+01
-2.85619751927e+01
-2.86376437459e+01
-2.85881504418e+01
-2.86325738133e+01
-2.86180324630e+01
-2.86640347524e+01
-2.85977371706e+01
-2.86337963260e+01
-2.86311620833e+01
-2.86840498324e+01
-2.85857507915e+01
-2.86126157654e+01
-2.86485635283e+01
-2.85834346524e+01
-2.86458586493e+01
-2.86757294984e+01
-2.86964933441e+01
-2.86054090324e+01
-2.87051353123e+01
-2.86165673856e+01
-2.86540753317e+01
-2.86487178063e+01
-2.86492103140e+01
-2.86270566998e+01
-2.86164786625e+01
-2.85871764377e+01
-2.85992576773e+01
-2.85810257083e+01
-2.86820678853e+01
-2.86578033629e+01
-2.86576240284e+01
-2.86219135678e+01
-2.86504847417e+01
-2.86093220553e+01
-2.85587963160e+01
-2.86296441188e+01
-2.86517488358e+01
-2.86573669390e+01
-2.87114674510e+01
-2.85999970618e+01
-2.86397118629e+01
-2.86979451055e+01
-2.86290137676e+01
-2.86094582191e+01
-2.86299472919e+01
-2.86389753893e+01
-2.85683337511e+01
-2.86425607428e+01
-2.86055184312e+01
-2.86109650338e+01
-2.86495373789e+01
-2.86065085971e+01
-2.85496282666e+01
-2.86098831147e+01
-2.87006041680e+01
-2.86481740940e+01
-2.86150144712e+01
-2.87187160772e+01
-2.86454836184e+01
-2.86457436648e+01
-2.86280549286e+01
-2.86613078101e+01
-2.86633240462e+01
-2.86664656433e+01
-2.86044965349e+01
-2.85578143286e+01
-2.86001630578e+01
-2.86521466487e+01
-2.85677904722e+01
-2.86209117483e+01
-2.85918606800e+01
-2.86374450377e+01
-2.86327849292e+01
-2.86485513370e+01
-2.86215559253e+01
-2.86561325905e+01
-2.86708356631e+01
-2.86299741495e+01
-2.86530397965e+01
-2.86982599379e+01
-2.86482129305e+01
-2.86547561252e+01
-2.85945411263e+01
-2.87166437165e+01
-2.86395786269e+01
-2.86016001952e+01
-2.86311112325e+01
-2.86725522782e+01
-2.86824148616e+01
-2.86426640661e+01
-2.85990299671e+01
-2.86124875937e+01
-2.87034012604e+01
-2.86274802237e+01
-2.86702499410e+01
-2.86362532904e+01
-2.86134073099e+01
-2.86916320790e+01
-2.85948394304e+01
-2.86174369192e+01
-2.85987460038e+01
-2.86633887517e+01
-2.85769171436e+01
-2.86489480079e+01
-2.86500017889e+01
-2.86129918328e+01
-2.86080269789e+01
-2.85952869513e+01
-2.86071098243e+01
-2.86041612515e+01
-2.86395380238e+01
-2.85674185727e+01
-2.86278221999e+01
-2.86388570869e+01
-2.86795921956e+01
-2.86315459664e+01
-2.86201841300e+01
-2.86795171417e+01
-2.86968022112e+01
-2.86797996488e+01
-2.86651869495e+01
-2.86980007784e+01
-2.86427116682e+01
-2.86547476418e+01
-2.86446713523e+01
-2.86174015052e+01
-2.86668391944e+01
-2.86173660772e+01
-2.85546840711e+01
-2.86987678312e+01
-2.86751942680e+01
-2.85914133579e+01
-2.85564145680e+01
-2.85720108013e+01
-2.86128128587e+01
-2.86475586063e+01
-2.86403340683e+01
-2.86826747639e+01
-2.86835396072e+01
-2.86491825622e+01
-2.86454229836e+01
-2.86409345048e+01
-2.86479168979e+01
-2.85565051749e+01
-2.86076126039e+01
-2.86208187867e+01
-2.86056530925e+01
-2.85758782235e+01
-2.86707108050e+01
-2.86411398279e+01
-2.86810183606e+01
-2.86115502318e+01
-2.86339051427e+01
-2.85837919732e+01
-2.86718648418e+01
-2.86915910684e+01
-2.86696343250e+01
-2.86560714665e+01
-2.86407112764e+01
-2.86317850796e+01
-2.86575020009e+01
-2.86731012662e+01
-2.85943795524e+01
-2.86434374619e+01
-2.86202022047e+01
-2.86618153609e+01
-2.86628356188e+01
-2.85830329448e+01
-2.85994609090e+01
-2.86725279165e+01
-2.86396488308e+01
-2.86726043318e+01
-2.86820958243e+01
-2.86193972846e+01
-2.86746108000e+01
-2.86417101491e+01
-2.85929103636e+01
-2.86184515438e+01
-2.85777379713e+01
-2.86200403684e+01
-2.85790446392e+01
-2.86256547410e+01
-2.86616865147e+01
-2.86020573363e+01
-2.86343781327e+01
-2.86839215237e+01
-2.86201615034e+01
-2.86028603668e+01
-2.86798784791e+01
-2.85507998212e+01
-2.85877787911e+01
-2.86423322827e+01
-2.86626028701e+01
-2.86613216870e+01
-2.85611988094e+01
-2.86407783490e+01
-2.86872340546e+01
-2.86554749464e+01
-2.87049522037e+01
-2.86570536764e+01
-2.86485297715e+01
-2.86754852253e+01
-2.86114717919e+01
-2.86828730159e+01
-2.86521451342e+01
-2.85970504253e+01
-2.85781975998e+01
-2.86015541488e+01
-2.86994828986e+01
-2.85678403723e+01
-2.86930779783e+01
-2.86811766509e+01
-2.86816401746e+01
-2.86754085830e+01
-2.86266458512e+01
-2.86044174658e+01
-2.86899906808e+01
-2.86460444201e+01
-2.86466901283e+01
-2.85909316134e+01
-2.86192999956e+01
-2.86025658956e+01
-2.86018081631e+01
-2.87370845309e+01
-2.86705672962e+01
-2.86334495264e+01
-2.85820523217e+01
-2.86332449343e+01
-2.85883036731e+01
-2.86108281838e+01
-2.86314545420e+01