-2.92920372157e+00
-2.91069250872e+00
-2.91184846712e+00
-2.90455078765e+00
-2.91455023786e+00
-2.91103180967e+00
-2.92014901604e+00
-2.91566876186e+00
-2.93137587036e+00
-2.89695341794e+00
-2.91262328684e+00
-2.88943956819e+00
-2.92511290068e+00
-2.91443434310e+00
-2.92539420012e+00
-2.90303542679e+00
-2.91176077426e+00
-2.91994139059e+00
-2.93101389379e+00
-2.92143822292e+00
-2.87648870238e+00
-2.89455245597e+00
-2.90975532847e+00
-2.90880245201e+00
-2.89700436602e+00
-2.90881413010e+00
-2.93814662406e+00
-2.93104574172e+00
-2.89583141713e+00
-2.89968729056e+00
-2.89636292713e+00
-2.91541861674e+00
-2.92293080238e+00
-2.92471240825e+00
-2.88494590105e+00
-2.92132932260e+00
-2.92107625920e+00
-2.92596706507e+00
-2.93516777058e+00
-2.89372264536e+00
-2.94143989687e+00
-2.90303564394e+00
-2.92028498605e+00
-2.90831180364e+00
-2.95272223190e+00
-2.92982305984e+00
-2.89411790232e+00
-2.92130964226e+00
-2.93208088125e+00
-2.90095374285e+00
-2.88840494444e+00
-2.92236804074e+00
-2.91195027501e+00
-2.92027509883e+00
-2.91994930917e+00
-2.93360565552e+00
-2.91299752951e+00
-2.90592400655e+00
-2.90839024174e+00
-2.91092950269e+00
-2.88848874995e+00
-2.92606299431e+00
-2.90508069145e+00
-2.93729467063e+00
-2.90626623021e+00
-2.90503614391e+00
-2.92045221840e+00
-2.94599214371e+00
-2.90340111210e+00
-2.92778029280e+00
-2.90406957757e+00
-2.92184506313e+00
-2.93563175377e+00
-2.90745382996e+00
-2.90888784974e+00
-2.91202010988e+00
-2.93338008708e+00
-2.90011178731e+00
-2.88636226852e+00
-2.90466244597e+00
-2.93809870610e+00
-2.92081779177e+00
-2.89361887812e+00
-2.92398652802e+00
-2.90237392345e+00
-2.92990013867e+00
-2.91388033661e+00
-2.93847712595e+00
-2.90440388133e+00
-2.90429847340e+00
-2.87639970942e+00
-2.90351268853e+00
-2.92502601032e+00
-2.93977132725e+00
-2.90543905318e+00
-2.90210238750e+00
-2.91023360641e+00
-2.92863363855e+00
-2.93766891530e+00
-2.92315262648e+00
-2.91560825912e+00
-2.92454638160e+00
-2.92542549156e+00
-2.93117929117e+00
-2.92965839740e+00
-2.91445376910e+00
-2.91623786074e+00
-2.92922057452e+00
-2.90068233593e+00
-2.92057016098e+00
-2.89681085554e+00
-2.90554386452e+00
-2.95243735287e+00
-2.92267304031e+00
-2.91105113503e+00
-2.91202582920e+00
-2.89409800778e+00
-2.92210428329e+00
-2.90426779915e+00
-2.90342722179e+00
-2.91135865807e+00
-2.90068409788e+00
-2.92197970660e+00
-2.90048281512e+00
-2.87863354789e+00
-2.89271417644e+00
-2.89611384938e+00
-2.90377238973e+00
-2.91617389242e+00
-2.90901861564e+00
-2.93492522001e+00
-2.92627182158e+00
-2.89795594409e+00
-2.91764882906e+00
-2.91353434869e+00
-2.91694531592e+00
-2.91977639486e+00
-2.91528467119e+00
-2.92786865581e+00
-2.88522107411e+00
-2.90798518217e+00
-2.90575888378e+00
-2.92048650955e+00
-2.93134189240e+00
-2.91241812387e+00
-2.90263842317e+00
-2.93853008761e+00
-2.90240448471e+00
-2.92405392327e+00
-2.91128615781e+00
-2.93560403289e+00
-2.90350417617e+00
-2.94624019909e+00
-2.92692572344e+00
-2.92534175117e+00
-2.92066075255e+00
-2.90550841927e+00
-2.88230826711e+00
-2.92525192373e+00
-2.90752503970e+00
-2.92187806852e+00
-2.92281960553e+00
-2.88581798158e+00
-2.91784728352e+00
-2.90001850974e+00
-2.93543639740e+00
-2.91918127851e+00
-2.90482761098e+00
-2.89161418231e+00
-2.93836572624e+00
-2.93372391385e+00
-2.95773650804e+00
-2.90473290592e+00
-2.91374767180e+00
-2.92522716051e+00
-2.88782294331e+00
-2.90350708103e+00
-2.90692597964e+00
-2.92307613237e+00
-2.91863311068e+00
-2.91641061522e+00
-2.94190174595e+00
-2.89759621660e+00
-2.87356249684e+00
-2.92456391765e+00
-2.93034357574e+00
-2.90750143035e+00
-2.90223323507e+00
-2.92018633324e+00
-2.91513949451e+00
-2.92078153047e+00
-2.87562862369e+00
-2.90861022883e+00
-2.92465383393e+00
-2.91349812319e+00
-2.91704949392e+00
-2.90603755609e+00
-2.91851218416e+00
-2.91615718159e+00
-2.90382367163e+00
-2.94546067265e+00
-2.90472397429e+00
-2.91118444185e+00
-2.90584136572e+00
-2.89795844201e+00
-2.91688344279e+00
-2.91682592894e+00
-2.90725574090e+00
-2.90650828515e+00
-2.92003483762e+00
-2.89733056230e+00
-2.90942262151e+00
-2.91183265095e+00
-2.89917166821e+00
-2.88477622247e+00
-2.90929342290e+00
-2.90061008274e+00
-2.90060601061e+00
-2.93187266123e+00
-2.90418961915e+00
-2.92856683914e+00
-2.92703929381e+00
-2.94715037966e+00
-2.92374094024e+00
-2.92937854214e+00
-2.89895975636e+00
-2.91129625408e+00
-2.90622504700e+00
-2.92181819258e+00
-2.91429369804e+00
-2.91199134588e+00
-2.91828049363e+00
-2.92121067844e+00
-2.91572045332e+00
-2.91135993687e+00
-2.92138054779e+00
-2.91152342194e+00
-2.92211867957e+00
-2.92495160184e+00
-2.91514607097e+00
-2.89338314799e+00
-2.89044098007e+00
-2.90326820106e+00
-2.92254947604e+00
-2.93269832232e+00
-2.93889591698e+00
-2.90942820771e+00
-2.91238777956e+00
-2.90798191671e+00
-2.91129746578e+00
-2.89873815368e+00
-2.91616911751e+00
-2.91595568460e+00
-2.87467501712e+00
-2.90668302503e+00
-2.93308719747e+00
-2.92570386548e+00
-2.92683609462e+00
-2.90982306518e+00
-2.91927266228e+00
-2.90168529046e+00
-2.93685489673e+00
-2.91756745106e+00
-2.90755804195e+00
-2.90416503063e+00
-2.92359661485e+00
-2.90680342020e+00
-2.91971723187e+00
-2.88637438555e+00
-2.92524759482e+00
-2.92264713834e+00
-2.91737262420e+00
-2.88142036971e+00
-2.92873051358e+00
-2.96801727779e+00
-2.91265168090e+00
-2.94173935749e+00
-2.92914614777e+00
-2.90110848712e+00
-2.93359760127e+00
-2.89571882547e+00
-2.94219316641e+00
-2.89577459801e+00
-2.93557701743e+00
-2.92239006416e+00
-2.92819383820e+00
-2.90105204475e+00
-2.92474023771e+00
-2.91373191904e+00
-2.96858488012e+00
-2.87467265297e+00
-2.93576921671e+00
-2.92351808107e+00
-2.91346781027e+00
-2.89749550982e+00
-2.93851035689e+00
-2.90719392903e+00
-2.92572862117e+00
-2.91480572524e+00
-2.90140625120e+00
-2.89080451632e+00
-2.89802493868e+00
-2.91217985410e+00
-2.91616472900e+00
-2.93239128687e+00
-2.89990522269e+00
-2.92588483450e+00
-2.91537022486e+00
-2.91628818068e+00
-2.91833439013e+00
-2.92460705922e+00
-2.89610765112e+00
-2.90107438249e+00
-2.91831941411e+00
-2.91474972666e+00
-2.91220089267e+00
-2.91786901407e+00
-2.94408283467e+00
-2.89838014992e+00
-2.92684310536e+00
-2.91180124346e+00
-2.88237036496e+00
-2.91111820947e+00
-2.91122098750e+00
-2.87802773299e+00
-2.90249719475e+00
-2.92531278213e+00
-2.91985805058e+00
-2.91581468771e+00
-2.90823071350e+00
-2.90020455331e+00
-2.90769197169e+00
-2.92677237826e+00
-2.91889838382e+00
-2.89167551292e+00
-2.92716630794e+00
-2.94956549046e+00
-2.91364692779e+00
-2.91309949310e+00
-2.90619824990e+00
-2.92220824046e+00
-2.91867317416e+00
-2.90868102653e+00
-2.89934561653e+00
-2.91552634261e+00
-2.93033886775e+00
-2.93959791894e+00
-2.91866469240e+00
-2.94089835699e+00
-2.91245103559e+00
-2.92405439941e+00
-2.95421879953e+00
-2.90856809890e+00
-2.89424012523e+00
-2.89133319598e+00
-2.94666895207e+00
-2.89543852519e+00
-2.90902516191e+00
-2.95053631477e+00
-2.91946095753e+00
-2.92796475895e+00
-2.90214518537e+00
-2.91660034043e+00
-2.92871546961e+00
-2.93296582251e+00
-2.93523372187e+00
-2.90287759430e+00
-2.92408694503e+00
-2.92700847656e+00
-2.91229426585e+00
-2.90538471743e+00
-2.90620582794e+00
-2.89883355707e+00
-2.89782104971e+00
-2.93650469859e+00
-2.90417316205e+00
-2.91701890796e+00
-2.92667005174e+00
-2.90155555677e+00
-2.91637939355e+00
-2.93323018565e+00
-2.89772975958e+00
-2.92915627444e+00
-2.90939743073e+00
-2.91420282060e+00
-2.90938777871e+00
-2.90248998364e+00
-2.91906701424e+00
-2.90818732534e+00
-2.90054968225e+00
-2.92048427387e+00
-2.91040455549e+00
-2.93149770794e+00
-2.89699957941e+00
-2.91770566897e+00
-2.89844215862e+00
-2.92159112518e+00
-2.92251800608e+00
-2.89029722287e+00
-2.91234535711e+00
-2.91900700372e+00
-2.89200359005e+00
-2.90730810550e+00
-2.91083961797e+00
-2.91046820813e+00
-2.91854889166e+00
-2.91459723281e+00
-2.91895171985e+00
-2.91109893148e+00
-2.93296895566e+00
-2.92165365220e+00
-2.94496628591e+00
-2.90027634437e+00
-2.91523120938e+00
-2.93203285789e+00
-2.92799297611e+00
-2.91909084084e+00
-2.88593049052e+00
-2.89304399776e+00
-2.89743018099e+00
-2.91465737583e+00
-2.90243604796e+00
-2.91540772077e+00
-2.91258775703e+00
-2.89942929041e+00
-2.90968830835e+00
-2.91980872329e+00
-2.89679299519e+00
-2.92222685116e+00
-2.90767233085e+00
-2.92339095399e+00
-2.89827499050e+00
-2.90692482272e+00
-2.89483490588e+00
-2.92666692127e+00
-2.92628602185e+00
-2.88425770971e+00
-2.92976976414e+00
-2.92869266525e+00
-2.88820752616e+00
-2.94283106037e+00
-2.92078156564e+00
-2.92271751515e+00
-2.88043637061e+00
-2.90844145008e+00
-2.89473468001e+00
-2.90423856473e+00
-2.90037936549e+00
-2.93133180319e+00
-2.92997224552e+00
-2.92331060354e+00
-2.91196246686e+00
-2.90233730732e+00
-2.90504708831e+00
-2.90899855929e+00
-2.89637946525e+00
-2.92222970978e+00
-2.90241898545e+00
-2.95759470661e+00
-2.93347603402e+00
-2.91133226012e+00
-2.92146888321e+00
-2.92728276151e+00
-2.93417032384e+00
-2.94184274987e+00
-2.89634569710e+00
-2.88691423158e+00
-2.91476337266e+00
-2.89158676223e+00
-2.90815433721e+00
-2.93053608174e+00
-2.90415945543e+00
-2.92768601903e+00
-2.89373807580e+00
-2.92089635503e+00
-2.91695800277e+00
-2.91990286904e+00
-2.91490721168e+00
-2.93321949166e+00
-2.91848251355e+00
-2.93680523150e+00
-2.89293821167e+00
-2.91632038528e+00
-2.87977640040e+00
-2.91533741720e+00
-2.93264103909e+00
-2.89065458536e+00
-2.92321310129e+00
-2.93071059405e+00
-2.92059412721e+00
-2.92090120606e+00
-2.90343247880e+00
-2.93197644550e+00
-2.92814461422e+00
-2.93779059942e+00
-2.91837053466e+00
-2.90695871509e+00
-2.91704551381e+00
-2.88584941734e+00
-2.92440350311e+00
-2.91356435147e+00