7.08147900389e-01
7.01369956267e-01
6.99898387283e-01
7.07384060334e-01
7.03222127405e-01
7.05614295101e-01
7.08450723144e-01
7.08617859178e-01
7.02279247256e-01
7.06361435948e-01
7.07028927532e-01
7.03416901542e-01
6.95583343216e-01
7.01385888536e-01
6.97831637179e-01
7.06732455823e-01
7.02463410063e-01
7.05099271495e-01
7.02979915573e-01
6.92995830792e-01
6.96766247267e-01
7.00703107929e-01
6.91618328518e-01
6.98162163012e-01
6.96758843043e-01
6.98155837279e-01
7.00146168753e-01
7.04220309661e-01
7.07546523579e-01
7.13014402248e-01
7.02032334650e-01
7.01023298478e-01
6.93548107976e-01
7.08347615422e-01
7.06881597169e-01
6.99498466093e-01
7.07438160513e-01
7.00467550479e-01
6.99229144012e-01
7.05020824415e-01
7.05880720605e-01
6.95311008062e-01
6.98809751684e-01
7.04543859030e-01
6.98311243691e-01
6.97008092275e-01
7.04355829972e-01
7.02152589397e-01
7.04123409377e-01
7.01141866011e-01
6.97065079789e-01
6.96392012620e-01
7.10811260540e-01
7.07549367305e-01
7.03247810664e-01
7.09330472624e-01
6.98288715533e-01
7.02027404352e-01
6.99938718722e-01
7.08502227446e-01
7.00974113139e-01
6.91666138913e-01
7.02090407334e-01
7.05051287747e-01
7.07879633261e-01
7.12104662636e-01
6.98264540674e-01
7.02195464825e-01
6.96772656351e-01
6.97036501540e-01
7.07265095635e-01
7.01604502729e-01
7.05322012737e-01
7.06531097293e-01
7.07162650439e-01
7.02110386983e-01
7.01038876811e-01
7.01426020596e-01
7.04406104409e-01
6.99268903615e-01
7.07986302842e-01
7.06593972329e-01
7.04196254106e-01
6.94845162666e-01
7.07982000657e-01
7.05597194590e-01
6.94779622333e-01
7.01241965191e-01
6.99392652931e-01
7.13208976791e-01
7.01104226307e-01
7.05065267239e-01
7.07838869047e-01
6.98547473270e-01
7.04281818679e-01
7.04684488165e-01
6.95319457947e-01
7.00899235117e-01
7.01678111970e-01
7.02383187591e-01
7.03380211590e-01
7.02647280586e-01
6.93869762776e-01
7.08162803674e-01
7.01765758751e-01
6.89108965025e-01
7.02491325267e-01
7.04726503401e-01
7.05506309417e-01
7.06835236654e-01
7.01161103560e-01
6.92717153793e-01
7.02561411830e-01
7.00993679354e-01
6.95079521634e-01
7.05973764340e-01
6.96652005562e-01
6.98612062196e-01
7.03192516339e-01
6.99455348930e-01
7.03462693488e-01
7.10643383079e-01
6.89709933726e-01
6.96061562572e-01
7.00785202873e-01
6.99174435428e-01
7.09495361449e-01
6.98644594231e-01
6.98854033631e-01
7.07905122518e-01
6.99595878754e-01
7.07372444884e-01
7.06888492841e-01
6.96803264062e-01
6.99199147825e-01
6.94871650264e-01
7.09135799416e-01
6.97581187079e-01
7.07993713675e-01
6.97054398003e-01
6.99951681497e-01
6.95868297985e-01
7.02517037758e-01
7.09932159379e-01
7.00679188800e-01
7.12395728383e-01
7.09311597921e-01
6.95083148404e-01
7.00711952410e-01
7.03970506090e-01
7.05318969966e-01
7.08554786252e-01
6.99286996389e-01
7.06609304266e-01
7.01763216449e-01
6.98865498638e-01
6.98295620917e-01
7.01682991514e-01
6.96131921220e-01
7.02212821708e-01
7.04517092902e-01
7.00317508589e-01
7.06607114666e-01
7.02279028500e-01
7.01123325785e-01
7.01907085444e-01
7.02633236677e-01
7.04244608657e-01
7.03937408173e-01
6.95189587732e-01
6.98283757779e-01
7.01098107321e-01
6.98138898326e-01
6.98329843969e-01
7.10173238986e-01
6.98859808664e-01
7.01571145436e-01
6.97779197527e-01
6.98992152920e-01
7.01362906878e-01
7.00343233134e-01
6.90781986670e-01
7.03030059977e-01
6.99537323940e-01
7.03451365692e-01
7.00017445960e-01
7.05477864855e-01
7.07553201537e-01
7.00580114474e-01
6.96373252383e-01
6.96788137788e-01
7.02692434368e-01
6.99116819360e-01
7.01537226567e-01
6.98626686856e-01
6.99202588728e-01
6.97809075479e-01
6.99408066970e-01
6.98839971021e-01
6.97207990392e-01
7.02139008278e-01
7.01663916722e-01
7.09559020203e-01
7.12159105050e-01
7.03754217826e-01
7.11564712319e-01
7.08205284081e-01
6.97992825957e-01
7.09716158225e-01
7.10847863701e-01
7.08335981037e-01
6.93924506184e-01
6.99369867587e-01
7.02383200865e-01
6.98851979242e-01
7.08320715319e-01
6.99022754338e-01
7.03827753302e-01
7.03032085373e-01
6.94300223166e-01
6.98652653594e-01
7.01948726401e-01
6.98485677715e-01
6.99394766099e-01
7.00369438991e-01
7.05671761984e-01
6.90776272793e-01
7.08535032636e-01
7.07228327543e-01
7.07507190051e-01
6.95040080286e-01
6.99528035697e-01
7.06483728996e-01
6.99886061633e-01
7.07514767992e-01
6.99193185814e-01
7.08129607220e-01
6.96846729491e-01
7.04612451751e-01
7.03804785725e-01
7.05235152481e-01
7.05748149569e-01
6.93438973685e-01
7.04175826882e-01
7.06268106524e-01
7.00466172192e-01
6.96910658840e-01
7.06824617829e-01
7.05316835887e-01
7.07137630173e-01
7.04793116106e-01
7.04832587748e-01
6.96225062451e-01
7.03240943748e-01
7.00103087749e-01
6.97418811231e-01
7.09821235835e-01
7.13074572466e-01
6.99153580207e-01
6.98188061498e-01
6.98135398790e-01
7.07323728656e-01
6.98379954976e-01
7.13034642396e-01
7.08899039356e-01
7.00127834699e-01
7.03794418552e-01
7.01938516567e-01
7.03667874359e-01
6.97594076152e-01
6.95183241564e-01
7.01461370391e-01
7.02046082927e-01
6.94759941840e-01
6.99216766722e-01
7.07117772392e-01
6.96808499433e-01
7.02669601235e-01
7.00693508070e-01
7.01015406184e-01
7.05316511645e-01
7.04921534955e-01
7.01037625661e-01
6.94525484493e-01
7.03467444979e-01
7.03488017416e-01
6.99911941967e-01
6.97518923598e-01
6.99269994014e-01
6.95927245791e-01
6.96274376982e-01
7.02769535942e-01
7.05373349347e-01
6.99849378183e-01
6.96326088287e-01
6.94813641291e-01
6.96272527659e-01
7.01421878137e-01
6.91542458059e-01
7.12003123364e-01
7.03051080263e-01
6.96116938550e-01
7.00948402738e-01
7.00365761771e-01
6.97791024059e-01
7.04028932871e-01
7.01333777386e-01
7.03034874373e-01
7.15735677077e-01
6.91776182077e-01
7.01060778847e-01
6.99471669025e-01
7.01830410199e-01
6.96828135739e-01
6.99531214109e-01
6.96555208983e-01
7.06628858247e-01
6.97244942151e-01
6.96082842793e-01
7.07809723278e-01
7.03210749789e-01
7.05583787110e-01
7.03976061261e-01
6.95596788019e-01
7.09073774605e-01
6.94648581990e-01
7.00984373328e-01
7.00548297627e-01
7.06615536419e-01
7.00234819543e-01
7.09233889567e-01
6.98719061063e-01
7.05060034883e-01
7.04738521461e-01
7.05598826094e-01
7.06235374987e-01
6.95618392016e-01
7.08107014408e-01
7.05990486596e-01
7.01532084660e-01
6.99383565172e-01
6.97829362978e-01
7.02085482828e-01
6.96503832965e-01
6.99036066920e-01
7.02949385680e-01
7.01495302463e-01
7.17615557408e-01
6.96827920228e-01
6.94090823667e-01
6.95642792532e-01
6.99402244308e-01
7.13397059731e-01
7.11345047346e-01
7.09625531935e-01
6.98557612721e-01
7.00807883366e-01
7.00810309219e-01
7.04442955531e-01
7.02637852885e-01
6.99036125986e-01
7.03401568611e-01
7.01633998489e-01
7.02092638841e-01
6.97150362183e-01
7.00139069436e-01
7.01165386691e-01
6.98460854502e-01
7.13574353517e-01
7.01799229771e-01
6.93145594273e-01
6.98867649227e-01
7.03222581727e-01
7.05263156619e-01
7.01447946181e-01
6.95918517470e-01
7.04029598371e-01
6.97158231108e-01
7.02690514855e-01
6.94338992421e-01
7.03178222106e-01
6.96090479966e-01
7.02026965103e-01
7.01489190205e-01
7.01700672308e-01
7.10873501959e-01
6.98856024131e-01
6.93839885653e-01
7.11493377074e-01
7.04152611730e-01
7.10058819559e-01
7.07346883976e-01
7.07149528125e-01
7.07932130381e-01
7.07099934715e-01
7.03949651748e-01
7.05917190996e-01
7.02380472775e-01
7.09931091294e-01
6.98936229965e-01
7.01884556250e-01
6.93521805478e-01
6.94910839189e-01
7.00133106210e-01
6.92438600901e-01
7.12593818575e-01
6.99316340705e-01
7.08980067590e-01
7.02546674173e-01
6.91315064802e-01
7.03783990333e-01
6.96659570190e-01
6.97227875050e-01
6.98444227404e-01
6.99673351600e-01
7.00897749589e-01
7.02624927982e-01
6.98393453599e-01
6.95733606630e-01
6.95739933666e-01
7.03181167180e-01
6.97184221703e-01
7.01623519848e-01
7.06624663272e-01
6.98462028434e-01
7.12974426170e-01
7.01920969005e-01
6.97951508276e-01
7.04549198778e-01
7.10883253281e-01
6.98189841196e-01
6.95136020237e-01
6.97926986604e-01
7.12585525309e-01
6.99138403777e-01
7.01583296197e-01
6.99055723395e-01
7.02976015593e-01
6.95697547732e-01
7.06973594987e-01
6.97603836302e-01
7.06173470298e-01
6.94151790256e-01
7.11589004191e-01
7.04086194781e-01
7.09612349430e-01
7.02168115493e-01
7.03972415453e-01
7.08991745284e-01
6.94462212309e-01
7.06569662277e-01
7.01226732672e-01
7.17087362716e-01
7.04234269613e-01
7.02907923565e-01
7.11316255661e-01
7.02125369431e-01
6.97258308735e-01
7.05536821806e-01
6.95478254418e-01
7.07158242482e-01
7.01844575880e-01
6.96693255974e-01
7.05272289552e-01
6.88782751324e-01
7.07501546662e-01
7.04996749010e-01
6.91660490670e-01
7.05565539261e-01
7.10568564247e-01
6.93064366381e-01
6.99847891930e-01
7.07912925694e-01
7.09352553711e-01
7.11748181587e-01
7.04220849633e-01
6.93023229556e-01
7.09085227231e-01
7.04554874245e-01
7.04156852799e-01
6.89463885719e-01
6.96873803480e-01
7.01430931584e-01
7.00293110481e-01
7.00642076314e-01
7.04174273835e-01
7.07032461937e-01
7.05781834283e-01
6.97538203742e-01
6.93674507868e-01
7.01467358649e-01
7.01821891247e-01
6.98152266540e-01
7.06905860160e-01
6.87353028058e-01
6.97098986260e-01
7.01870801522e-01
7.02140321206e-01
7.00485282036e-01
6.99176394113e-01
7.02413699348e-01