6.08675613185e+01
6.08807209056e+01
6.08754957260e+01
6.09260665748e+01
6.08779264963e+01
6.08985214364e+01
6.08289418003e+01
6.08640881653e+01
6.09150948747e+01
6.09665209955e+01
6.08987690952e+01
6.09142888557e+01
6.08836844547e+01
6.08852852108e+01
6.08728518543e+01
6.08924253892e+01
6.08520537134e+01
6.09454307188e+01
6.09134415842e+01
6.08597924210e+01
6.08899118926e+01
6.09126534347e+01
6.08508756372e+01
6.08860136903e+01
6.08925065006e+01
6.09459911448e+01
6.08829815677e+01
6.09317277779e+01
6.07907991961e+01
6.09550148334e+01
6.08798293176e+01
6.08654965146e+01
6.09907416960e+01
6.09150242163e+01
6.09610899761e+01
6.08248226186e+01
6.08701207059e+01
6.09339775936e+01
6.08841750811e+01
6.09406030165e+01
6.08952160649e+01
6.09348323343e+01
6.08797153096e+01
6.08978822863e+01
6.09380923873e+01
6.09336175366e+01
6.09152262914e+01
6.08995356410e+01
6.09097899892e+01
6.09375447095e+01
6.09480743037e+01
6.08584397876e+01
6.08958759176e+01
6.09328143311e+01
6.09380490651e+01
6.08678252658e+01
6.08783866220e+01
6.08478695980e+01
6.09379645149e+01
6.09669415221e+01
6.08098687589e+01
6.08940101301e+01
6.09022989087e+01
6.09282809425e+01
6.09476080202e+01
6.08898066109e+01
6.08361093464e+01
6.09063669360e+01
6.09039463136e+01
6.08906368763e+01
6.09365449140e+01
6.08654020964e+01
6.08823429249e+01
6.09753914988e+01
6.08845963512e+01
6.08254166041e+01
6.09325003477e+01
6.08530630822e+01
6.09440540944e+01
6.08415562293e+01
6.08219673713e+01
6.09347322591e+01
6.08546452071e+01
6.09153819105e+01
6.08898699457e+01
6.08876362755e+01
6.08385385415e+01
6.09027461199e+01
6.09468587057e+01
6.09297039856e+01
6.08500939167e+01
6.08357087692e+01
6.09781765753e+01
6.09294168168e+01
6.09205655935e+01
6.08294460832e+01
6.08436415588e+01
6.09209128622e+01
6.08689708240e+01
6.08969000332e+01
6.09329713518e+01
6.09513604188e+01
6.09140368595e+01
6.08045979525e+01
6.08081778531e+01
6.08912760895e+01
6.08786052198e+01
6.09324158645e+01
6.09065136523e+01
6.09040837258e+01
6.08267772664e+01
6.09781599657e+01
6.09596557248e+01
6.08222586023e+01
6.07973218306e+01
6.10278694791e+01
6.09433486415e+01
6.09850822992e+01
6.08903251814e+01
6.09445429323e+01
6.08017693812e+01
6.09017568913e+01
6.08844583925e+01
6.09780016194e+01
6.08463371964e+01
6.09238148678e+01
6.08317962641e+01
6.09310582926e+01
6.08968821742e+01
6.08327826471e+01
6.08852313777e+01
6.09250583372e+01
6.08740766565e+01
6.08473157134e+01
6.07971301989e+01
6.07919476643e+01
6.08693727303e+01
6.08436275812e+01
6.08399555694e+01
6.09104306066e+01
6.08984537711e+01
6.08604087084e+01
6.09307251053e+01
6.09011816875e+01
6.08356130044e+01
6.08972476277e+01
6.09067967783e+01
6.09012309404e+01
6.09211700469e+01
6.08792994816e+01
6.08944486577e+01
6.08735317927e+01
6.09046829461e+01
6.08022783067e+01
6.09070009333e+01
6.08909641249e+01
6.08691806881e+01
6.08939828155e+01
6.07772412413e+01
6.08942678188e+01
6.08903629862e+01
6.08557900831e+01
6.08972966733e+01
6.09289642084e+01
6.09315555452e+01
6.09210481930e+01
6.08582947442e+01
6.08775951849e+01
6.08928883143e+01
6.09260371654e+01
6.08493017934e+01
6.09542984922e+01
6.09072263778e+01
6.08611169648e+01
6.09259162716e+01
6.08876528247e+01
6.08537928730e+01
6.08909210085e+01
6.08945187114e+01
6.09148024934e+01
6.08678778211e+01
6.08986382839e+01
6.08491499216e+01
6.08826403603e+01
6.09566170021e+01
6.08924083553e+01
6.08560525959e+01
6.09129722152e+01
6.08819368436e+01
6.09453712722e+01
6.09772606460e+01
6.07995246901e+01
6.08938291346e+01
6.08755538249e+01
6.08691510554e+01
6.08833780685e+01
6.09106049917e+01
6.09883277941e+01
6.08874229425e+01
6.09789992309e+01
6.08499854040e+01
6.09130835792e+01
6.09984411642e+01
6.09066149916e+01
6.09726404296e+01
6.08779179969e+01
6.08761875459e+01
6.08786293813e+01
6.09537791290e+01
6.09559485293e+01
6.09685566798e+01
6.09490704954e+01
6.08932215822e+01
6.08256946471e+01
6.09062248030e+01
6.08658145741e+01
6.08667754534e+01
6.09631619194e+01
6.09317250083e+01
6.08457569848e+01
6.08943150811e+01
6.08123837889e+01
6.09587891924e+01
6.08731736432e+01
6.08500801388e+01
6.09800312218e+01
6.09102851808e+01
6.09467188915e+01
6.08803277209e+01
6.09737920133e+01
6.08823889887e+01
6.09839728685e+01
6.08885506191e+01
6.09543040197e+01
6.09665585012e+01
6.09953799112e+01
6.09660689761e+01
6.09053679371e+01
6.09222671213e+01
6.08382457255e+01
6.08674031204e+01
6.09512943467e+01
6.08476265241e+01
6.09714199706e+01
6.08769754852e+01
6.08148793858e+01
6.08379748960e+01
6.08578921002e+01
6.08554823918e+01
6.09746658514e+01
6.08760714235e+01
6.09317920303e+01
6.09002946907e+01
6.09207998084e+01
6.08722686493e+01
6.09129753338e+01
6.08480562573e+01
6.08884278430e+01
6.09546668201e+01
6.09395616244e+01
6.09957624023e+01
6.08435176931e+01
6.09282066140e+01
6.08926462188e+01
6.09281207116e+01
6.08642700755e+01
6.08897761697e+01
6.08772209563e+01
6.08736613062e+01
6.09131253734e+01
6.08473925411e+01
6.10064352185e+01
6.08775049632e+01
6.08576322335e+01
6.08945608466e+01
6.08342373593e+01
6.08392753464e+01
6.09489974637e+01
6.09303317835e+01
6.09341613529e+01
6.09037910764e+01
6.09251710327e+01
6.09090715739e+01
6.09104146789e+01
6.09465694447e+01
6.09322006262e+01
6.09306156298e+01
6.08908357900e+01
6.09044968549e+01
6.08426099439e+01
6.08927774626e+01
6.09866274440e+01
6.09501644592e+01
6.08961352030e+01
6.08932060759e+01
6.08651363115e+01
6.09351623129e+01
6.08675094536e+01
6.09893004701e+01
6.09124273030e+01
6.09257251733e+01
6.08799997797e+01
6.08668876342e+01
6.08163799659e+01
6.07875990333e+01
6.08800987247e+01
6.07926434768e+01
6.09274726941e+01
6.09720676833e+01
6.09375541760e+01
6.09491658399e+01
6.08249981839e+01
6.09610313355e+01
6.08626016562e+01
6.09259346330e+01
6.09002406704e+01
6.08969232343e+01
6.09845567859e+01
6.08787170990e+01
6.08374657455e+01
6.08967993337e+01
6.08494385147e+01
6.08741006405e+01
6.09328853779e+01
6.09151508551e+01
6.09435857109e+01
6.08436374165e+01
6.09625654688e+01
6.08771505729e+01
6.09511354225e+01
6.08825475155e+01
6.09731673540e+01
6.08937159849e+01
6.09059918776e+01
6.08392532508e+01
6.08499499413e+01
6.09075681768e+01
6.09142541484e+01
6.08636062172e+01
6.09015403454e+01
6.09544723642e+01
6.08386713687e+01
6.08578474012e+01
6.08964203003e+01
6.09141173023e+01
6.08690406364e+01
6.09749126574e+01
6.08386340305e+01
6.08891753146e+01
6.09020163215e+01
6.09383846360e+01
6.08822458966e+01
6.09268161414e+01
6.10071352828e+01
6.08534575991e+01
6.08632765682e+01
6.09037639890e+01
6.09159375396e+01
6.09081502400e+01
6.08431792246e+01
6.08820182536e+01
6.09884288637e+01
6.08941419235e+01
6.09170543448e+01
6.09100125730e+01
6.08744990938e+01
6.09287241807e+01
6.08945195390e+01
6.09025085432e+01
6.09006391450e+01
6.08559065713e+01
6.08682872223e+01
6.09217184093e+01
6.09116999344e+01
6.09122627434e+01
6.08871968837e+01
6.09394305934e+01
6.09312899836e+01
6.09339472682e+01
6.09340627128e+01
6.09155449818e+01
6.08891464947e+01
6.09337371696e+01
6.09416683944e+01
6.09911773119e+01
6.09700720964e+01
6.09226045904e+01
6.08719196025e+01
6.09763413727e+01
6.09861024177e+01
6.08543365455e+01
6.08653731035e+01
6.09001432822e+01
6.08798783391e+01
6.08920087358e+01
6.08083258157e+01
6.09086770120e+01
6.09364005758e+01
6.08329706678e+01
6.08400687106e+01
6.09351286248e+01
6.09085692145e+01
6.08535287911e+01
6.08226834063e+01
6.08045071494e+01
6.09158524866e+01
6.09513771335e+01
6.09630327060e+01
6.08804436870e+01
6.09919914462e+01
6.09168594963e+01
6.09214359108e+01
6.10116661901e+01
6.07972390566e+01
6.08684462116e+01
6.08517064688e+01
6.08550421449e+01
6.08558693339e+01
6.09634198069e+01
6.09299022362e+01
6.08905637215e+01
6.08945917073e+01
6.08213873267e+01
6.09080524812e+01
6.08599781702e+01
6.08749527499e+01
6.09418320091e+01
6.09872612245e+01
6.08860105765e+01
6.09014095085e+01
6.09236860901e+01
6.08116197605e+01
6.09275917359e+01
6.09143542469e+01
6.08762959717e+01
6.09521872344e+01
6.09324915739e+01
6.09189581682e+01
6.08556906662e+01
6.09220881387e+01
6.09239388131e+01
6.08920269793e+01
6.09044289579e+01
6.09134686230e+01
6.08515249189e+01
6.09065985555e+01
6.08276541955e+01
6.09150868322e+01
6.08554681488e+01
6.09458400569e+01
6.08953931253e+01
6.09787030829e+01
6.08901852777e+01
6.10142683277e+01
6.09475752104e+01
6.09062260547e+01
6.08597229258e+01
6.08906100013e+01
6.08717775808e+01
6.08295252668e+01
6.08574549979e+01
6.08801810727e+01
6.09239214057e+01
6.09333150504e+01
6.09396135809e+01
6.08932551071e+01
6.09762352734e+01
6.09501500217e+01
6.08944231788e+01
6.08621627906e+01
6.09249869336e+01
6.09155501805e+01
6.08730741057e+01
6.09809403569e+01
6.09381881724e+01
6.09005756404e+01
6.08960496601e+01
6.09101874894e+01
6.09231217812e+01
6.09563583138e+01
6.09641879720e+01
6.09347751981e+01
6.09332881674e+01
6.09940545768e+01
6.09158737006e+01
6.08671472530e+01
6.09456935327e+01
6.08858450922e+01
6.08528186519e+01
6.08850508766e+01
6.09939076229e+01
6.09115056749e+01
6.09476773266e+01
6.09497488586e+01
6.09827005726e+01
6.08950659310e+01
6.09408054998e+01
6.08390637688e+01
6.09012180372e+01
6.08882527964e+01
6.08972065863e+01