-3.99488077823e+01
-3.99585819311e+01
-3.99551462295e+01
-3.99905898291e+01
-3.99625223525e+01
-3.99712759170e+01
-3.99332495654e+01
-3.99516634891e+01
-3.99852937654e+01
-4.00184112425e+01
-3.99712111099e+01
-3.99797591722e+01
-3.99643760566e+01
-3.99662290043e+01
-3.99541451349e+01
-3.99711244196e+01
-3.99473931770e+01
-4.00015394161e+01
-3.99811332482e+01
-3.99473864653e+01
-3.99693229593e+01
-3.99802710763e+01
-3.99402385436e+01
-3.99626012334e+01
-3.99661574017e+01
-3.99972936056e+01
-3.99614287180e+01
-3.99980739828e+01
-3.99013662111e+01
-4.00084550932e+01
-3.99641177277e+01
-3.99528709830e+01
-4.00255881009e+01
-3.99798338183e+01
-4.00148143862e+01
-3.99238163230e+01
-3.99511017815e+01
-3.99910278769e+01
-3.99622684489e+01
-3.99994903812e+01
-3.99703639085e+01
-3.99972440332e+01
-3.99611360473e+01
-3.99679024273e+01
-3.99903592412e+01
-3.99921506484e+01
-3.99806104588e+01
-3.99742031189e+01
-3.99815364055e+01
-3.99965558012e+01
-3.99995671189e+01
-3.99467440906e+01
-3.99702969688e+01
-3.99954064600e+01
-3.99956641744e+01
-3.99476531056e+01
-3.99603878726e+01
-3.99464235315e+01
-3.99981276565e+01
-4.00165686389e+01
-3.99175913911e+01
-3.99670476261e+01
-3.99742461092e+01
-3.99908584768e+01
-3.99993027202e+01
-3.99716647328e+01
-3.99326230535e+01
-3.99797115262e+01
-3.99764462658e+01
-3.99656975355e+01
-3.99969707061e+01
-3.99502665744e+01
-3.99644212922e+01
-4.00217472714e+01
-3.99629438276e+01
-3.99260094025e+01
-3.99912954075e+01
-3.99411765662e+01
-3.99974453709e+01
-3.99339386331e+01
-3.99199446228e+01
-3.99967271973e+01
-3.99426992323e+01
-3.99804203181e+01
-3.99681019710e+01
-3.99648698080e+01
-3.99345334165e+01
-3.99715705120e+01
-4.00052046253e+01
-3.99910166941e+01
-3.99449950837e+01
-3.99340428588e+01
-4.00232153733e+01
-3.99921613174e+01
-3.99838548888e+01
-3.99282882956e+01
-3.99363025334e+01
-3.99822817497e+01
-3.99568768815e+01
-3.99702063043e+01
-3.99919091608e+01
-4.00066966411e+01
-3.99836746450e+01
-3.99136396547e+01
-3.99197407600e+01
-3.99720880488e+01
-3.99562185503e+01
-3.99906877622e+01
-3.99737233673e+01
-3.99724254232e+01
-3.99264806566e+01
-4.00263881779e+01
-4.00168506886e+01
-3.99259031015e+01
-3.99089023138e+01
-4.00541548884e+01
-3.99991427606e+01
-4.00304274855e+01
-3.99668835510e+01
-4.00041522894e+01
-3.99109169492e+01
-3.99695342772e+01
-3.99650121565e+01
-4.00224511522e+01
-3.99376612566e+01
-3.99907846466e+01
-3.99323240137e+01
-3.99918401796e+01
-3.99693691243e+01
-3.99372914075e+01
-3.99614897404e+01
-3.99912712895e+01
-3.99547285285e+01
-3.99402167128e+01
-3.99046264147e+01
-3.99011804656e+01
-3.99517191224e+01
-3.99409014178e+01
-3.99376015777e+01
-3.99829688517e+01
-3.99735570292e+01
-3.99472874478e+01
-3.99934657455e+01
-3.99756629566e+01
-3.99351898598e+01
-3.99728428593e+01
-3.99740674905e+01
-3.99813855247e+01
-3.99868458871e+01
-3.99581056931e+01
-3.99693508732e+01
-3.99521263373e+01
-3.99746203771e+01
-3.99167450478e+01
-3.99734964120e+01
-3.99648500020e+01
-3.99526183995e+01
-3.99663268720e+01
-3.98961932876e+01
-3.99717108829e+01
-3.99612000333e+01
-3.99438723852e+01
-3.99735602991e+01
-3.99909856222e+01
-3.99964066798e+01
-3.99853608271e+01
-3.99489779291e+01
-3.99593842463e+01
-3.99670845909e+01
-3.99929210516e+01
-3.99416307622e+01
-4.00141536642e+01
-3.99767937365e+01
-3.99440535546e+01
-3.99854655457e+01
-3.99653073663e+01
-3.99421821329e+01
-3.99654571754e+01
-3.99647528484e+01
-3.99778623886e+01
-3.99533738992e+01
-3.99740304249e+01
-3.99427819062e+01
-3.99583063726e+01
-4.00048116078e+01
-3.99665438453e+01
-3.99469579326e+01
-3.99791788797e+01
-3.99584416733e+01
-4.00022946377e+01
-4.00167046970e+01
-3.99133621358e+01
-3.99664626688e+01
-3.99590521746e+01
-3.99535353680e+01
-3.99643566676e+01
-3.99796741879e+01
-4.00284171809e+01
-3.99634978969e+01
-4.00269327477e+01
-3.99412902974e+01
-3.99784094684e+01
-4.00343096788e+01
-3.99791802375e+01
-4.00189355435e+01
-3.99579535111e+01
-3.99555725570e+01
-3.99659785144e+01
-4.00049143011e+01
-4.00101385263e+01
-4.00163023838e+01
-4.00051088187e+01
-3.99721603284e+01
-3.99228329015e+01
-3.99778547535e+01
-3.99509964039e+01
-3.99518461733e+01
-4.00124719639e+01
-3.99945491950e+01
-3.99412666211e+01
-3.99678219960e+01
-3.99154280700e+01
-4.00110050428e+01
-3.99573464172e+01
-3.99382238901e+01
-4.00210739439e+01
-3.99795470522e+01
-4.00024827228e+01
-3.99606476082e+01
-4.00220976484e+01
-3.99602456534e+01
-4.00246472392e+01
-3.99654115536e+01
-4.00076043694e+01
-4.00150263564e+01
-4.00348739135e+01
-4.00112472692e+01
-3.99751144660e+01
-3.99907804014e+01
-3.99335237083e+01
-3.99559335024e+01
-4.00081867605e+01
-3.99411946413e+01
-4.00146517472e+01
-3.99561972597e+01
-3.99223307450e+01
-3.99301154362e+01
-3.99438569575e+01
-3.99425124869e+01
-4.00201292956e+01
-3.99550164244e+01
-3.99924099200e+01
-3.99746017606e+01
-3.99844222711e+01
-3.99526061632e+01
-3.99780223010e+01
-3.99409882861e+01
-3.99607650051e+01
-4.00094713069e+01
-4.00019995419e+01
-4.00320455461e+01
-3.99385686495e+01
-3.99904439214e+01
-3.99686138934e+01
-3.99908005324e+01
-3.99457397819e+01
-3.99709589588e+01
-3.99595713549e+01
-3.99564653027e+01
-3.99816318125e+01
-3.99428509332e+01
-4.00389874284e+01
-3.99553342908e+01
-3.99461669710e+01
-3.99671105291e+01
-3.99376849008e+01
-3.99368627195e+01
-4.00025198992e+01
-3.99936386585e+01
-3.99984392099e+01
-3.99762421908e+01
-3.99895583977e+01
-3.99823435971e+01
-3.99843966041e+01
-4.00016712847e+01
-3.99964854984e+01
-3.99930832613e+01
-3.99687132996e+01
-3.99729509327e+01
-3.99399121984e+01
-3.99731991459e+01
-4.00262397813e+01
-4.00063818185e+01
-3.99696212116e+01
-3.99693888926e+01
-3.99479063978e+01
-3.99979837163e+01
-3.99530905166e+01
-4.00274969583e+01
-3.99802387216e+01
-3.99888174101e+01
-3.99541974684e+01
-3.99520763724e+01
-3.99169704533e+01
-3.99024530124e+01
-3.99620350475e+01
-3.99053394549e+01
-3.99911038169e+01
-4.00204234627e+01
-3.99966491315e+01
-4.00033163667e+01
-3.99249289142e+01
-4.00115206319e+01
-3.99480998046e+01
-3.99893702724e+01
-3.99750891529e+01
-3.99717235107e+01
-4.00285161521e+01
-3.99619950097e+01
-3.99363406169e+01
-3.99728705617e+01
-3.99419139097e+01
-3.99566274988e+01
-4.00002143676e+01
-3.99854103423e+01
-3.99980086449e+01
-3.99368012635e+01
-4.00124874245e+01
-3.99595066052e+01
-4.00067881660e+01
-3.99612341309e+01
-4.00184584902e+01
-3.99632391166e+01
-3.99747783542e+01
-3.99330736878e+01
-3.99427694667e+01
-3.99748348559e+01
-3.99835733938e+01
-3.99500848363e+01
-3.99710361544e+01
-4.00128796592e+01
-3.99337548377e+01
-3.99404224984e+01
-3.99700056190e+01
-3.99887110146e+01
-3.99466517719e+01
-4.00217894835e+01
-3.99370181463e+01
-3.99630169696e+01
-3.99780642205e+01
-3.99980448807e+01
-3.99646253475e+01
-3.99877375124e+01
-4.00378141309e+01
-3.99479773143e+01
-3.99470525816e+01
-3.99781707883e+01
-3.99859948937e+01
-3.99774249924e+01
-3.99373278184e+01
-3.99612737591e+01
-4.00265823481e+01
-3.99731457128e+01
-3.99928875636e+01
-3.99786376803e+01
-3.99538708868e+01
-3.99918490980e+01
-3.99686957002e+01
-3.99781647474e+01
-3.99751833006e+01
-3.99494576536e+01
-3.99578532961e+01
-3.99859545339e+01
-3.99823698957e+01
-3.99816056342e+01
-3.99678585185e+01
-4.00006131162e+01
-3.99938062834e+01
-3.99936622655e+01
-3.99945070117e+01
-3.99854816175e+01
-3.99658850152e+01
-3.99962671067e+01
-3.99960574804e+01
-4.00291475558e+01
-4.00172553017e+01
-3.99879641049e+01
-3.99552406363e+01
-4.00172496521e+01
-4.00259488865e+01
-3.99456795029e+01
-3.99474655944e+01
-3.99747261884e+01
-3.99602255557e+01
-3.99715427529e+01
-3.99152160685e+01
-3.99793250495e+01
-3.99997788449e+01
-3.99345881320e+01
-3.99331728330e+01
-3.99936254079e+01
-3.99777238260e+01
-3.99450730946e+01
-3.99219992203e+01
-3.99144249567e+01
-3.99826900814e+01
-4.00050982420e+01
-4.00060177512e+01
-3.99613423392e+01
-4.00270244938e+01
-3.99821126163e+01
-3.99875122091e+01
-4.00408100680e+01
-3.99086036963e+01
-3.99522273816e+01
-3.99418007988e+01
-3.99420576928e+01
-3.99466468320e+01
-4.00132688244e+01
-3.99919297881e+01
-3.99642456001e+01
-3.99684671347e+01
-3.99234552432e+01
-3.99825962516e+01
-3.99489781112e+01
-3.99586150286e+01
-3.99993364171e+01
-4.00241477406e+01
-3.99643439354e+01
-3.99750094490e+01
-3.99868258496e+01
-3.99178874270e+01
-3.99902124085e+01
-3.99828934602e+01
-3.99597229008e+01
-4.00094618499e+01
-3.99939519303e+01
-3.99850128159e+01
-3.99454358055e+01
-3.99839853198e+01
-3.99938039057e+01
-3.99711872657e+01
-3.99773016730e+01
-3.99828657990e+01
-3.99400194189e+01
-3.99757871349e+01
-3.99310626653e+01
-3.99795173381e+01
-3.99492850047e+01
-4.00013857624e+01
-3.99710646501e+01
-4.00241277417e+01
-3.99644547228e+01
-4.00459438603e+01
-4.00003943613e+01
-3.99742932037e+01
-3.99462654471e+01
-3.99676273717e+01
-3.99570703738e+01
-3.99313877837e+01
-3.99469982102e+01
-3.99567368863e+01
-3.99857942737e+01
-3.99963266787e+01
-4.00006019130e+01
-3.99690933542e+01
-4.00190594651e+01
-4.00012515065e+01
-3.99659081545e+01
-3.99496977574e+01
-3.99886129297e+01
-3.99831621838e+01
-3.99547759445e+01
-4.00213751459e+01
-3.99944825727e+01
-3.99710651296e+01
-3.99733067832e+01
-3.99797873826e+01
-3.99810690906e+01
-4.00093876932e+01
-4.00143079999e+01
-3.99921121840e+01
-3.99918171539e+01
-4.00269702764e+01
-3.99839344363e+01
-3.99501224725e+01
-3.99986789690e+01
-3.99680709981e+01
-3.99468465892e+01
-3.99633139255e+01
-4.00333469916e+01
-3.99821072820e+01
-4.00030371686e+01
-4.00045541075e+01
-4.00221369782e+01
-3.99712086245e+01
-3.99997975579e+01
-3.99366498500e+01
-3.99768243368e+01
-3.99671236387e+01
-3.99711965860e+01