-8.71593201852e+00
-8.62526989265e+00
-8.58195315942e+00
-8.62953571197e+00
-8.58187783816e+00
-8.62428521120e+00
-8.65748344666e+00
-8.71768314073e+00
-8.58911330122e+00
-8.56022149455e+00
-8.63550038922e+00
-8.58370055354e+00
-8.61528179787e+00
-8.69724448311e+00
-8.71967780579e+00
-8.66863958745e+00
-8.58434960103e+00
-8.67390536990e+00
-8.59453958514e+00
-8.62103777723e+00
-8.59549503190e+00
-8.60221402992e+00
-8.61706761992e+00
-8.60906202446e+00
-8.53091739298e+00
-8.67249412236e+00
-8.63433364795e+00
-8.64421322842e+00
-8.67989575446e+00
-8.58825400126e+00
-8.58305437558e+00
-8.69030881325e+00
-8.57736595978e+00
-8.68006414742e+00
-8.68102049479e+00
-8.63058704303e+00
-8.69273308112e+00
-8.70516635609e+00
-8.67174044573e+00
-8.70896048446e+00
-8.73387826503e+00
-8.62405699390e+00
-8.56247815224e+00
-8.60967412368e+00
-8.74758259359e+00
-8.67777740554e+00
-8.56484864557e+00
-8.69753810753e+00
-8.68167708643e+00
-8.59944929455e+00
-8.62129523648e+00
-8.62651853392e+00
-8.62958868433e+00
-8.72436758198e+00
-8.63879536403e+00
-8.63846280701e+00
-8.67595888524e+00
-8.65906035108e+00
-8.56826071359e+00
-8.61207417429e+00
-8.57491582423e+00
-8.70055222799e+00
-8.59285804788e+00
-8.65022003604e+00
-8.67746896803e+00
-8.56479210389e+00
-8.67874890382e+00
-8.70804523389e+00
-8.64119503542e+00
-8.64805173869e+00
-8.70975225228e+00
-8.62224808528e+00
-8.68749183156e+00
-8.63410876370e+00
-8.55747048048e+00
-8.56492657385e+00
-8.65950923215e+00
-8.66046027054e+00
-8.63531484805e+00
-8.60856087166e+00
-8.74396354070e+00
-8.69540918156e+00
-8.62483791641e+00
-8.75875426812e+00
-8.65326565579e+00
-8.63307988380e+00
-8.60246731383e+00
-8.76549144849e+00
-8.70056369689e+00
-8.61471860242e+00
-8.49758786619e+00
-8.65647693932e+00
-8.60845124702e+00
-8.60743924611e+00
-8.60651752464e+00
-8.61873479756e+00
-8.59773619262e+00
-8.61900840066e+00
-8.59068509353e+00
-8.54775627190e+00
-8.52042206074e+00
-8.62085919945e+00
-8.61543211880e+00
-8.75053576382e+00
-8.68350405629e+00
-8.64679608497e+00
-8.57852761539e+00
-8.59102708022e+00
-8.59530698812e+00
-8.71499090085e+00
-8.61164472859e+00
-8.58332041600e+00
-8.75838974457e+00
-8.60017641953e+00
-8.64377622761e+00
-8.63037626314e+00
-8.57925163689e+00
-8.66001181277e+00
-8.64077508493e+00
-8.57745463929e+00
-8.65441979116e+00
-8.66136117722e+00
-8.63737109890e+00
-8.70533182931e+00
-8.57575254495e+00
-8.63121617894e+00
-8.67695817241e+00
-8.59910371761e+00
-8.59289639977e+00
-8.69856309708e+00
-8.68382238158e+00
-8.66834637492e+00
-8.54104006617e+00
-8.67493934672e+00
-8.58385895808e+00
-8.58416744428e+00
-8.69815476875e+00
-8.63234752781e+00
-8.62428720553e+00
-8.68202213164e+00
-8.53514097604e+00
-8.53987962425e+00
-8.60814965794e+00
-8.73682939387e+00
-8.64541513820e+00
-8.61281658009e+00
-8.63771518228e+00
-8.57596159028e+00
-8.67210205191e+00
-8.69150370691e+00
-8.68760763585e+00
-8.57216745740e+00
-8.66422611826e+00
-8.73262767258e+00
-8.65370140557e+00
-8.63561843781e+00
-8.63382013403e+00
-8.52661692065e+00
-8.60944084531e+00
-8.64685179165e+00
-8.67829474168e+00
-8.64786203987e+00
-8.58515674993e+00
-8.69200857210e+00
-8.54308521560e+00
-8.72246602747e+00
-8.56391893607e+00
-8.60891337087e+00
-8.64232375397e+00
-8.71702272395e+00
-8.55288989847e+00
-8.73672539377e+00
-8.67502534720e+00
-8.56163353776e+00
-8.64978219078e+00
-8.55781830456e+00
-8.67776375657e+00
-8.60943517677e+00
-8.75105892088e+00
-8.60796928431e+00
-8.57432296190e+00
-8.65430723680e+00
-8.58713466880e+00
-8.53589421701e+00
-8.61663160198e+00
-8.68448180094e+00
-8.57073324179e+00
-8.71368574459e+00
-8.59975132512e+00
-8.55257320556e+00
-8.65554262682e+00
-8.58067822793e+00
-8.64546069204e+00
-8.66541628752e+00
-8.54419698349e+00
-8.61472266933e+00
-8.63468326799e+00
-8.64762765651e+00
-8.61396580643e+00
-8.59063954454e+00
-8.70958431715e+00
-8.65898249825e+00
-8.65584761561e+00
-8.62362306805e+00
-8.61065844693e+00
-8.67052918020e+00
-8.72317261394e+00
-8.63106527136e+00
-8.65498436111e+00
-8.70689097966e+00
-8.67136681764e+00
-8.58659859817e+00
-8.52800657905e+00
-8.60883175012e+00
-8.59995146716e+00
-8.61991304783e+00
-8.62013131048e+00
-8.58188367911e+00
-8.73945869738e+00
-8.54097532663e+00
-8.67551442485e+00
-8.54024740098e+00
-8.71554015398e+00
-8.57349566135e+00
-8.69549347101e+00
-8.62862545698e+00
-8.61156934914e+00
-8.54288912738e+00
-8.61952546655e+00
-8.63835034470e+00
-8.64583708028e+00
-8.51143486253e+00
-8.66009636869e+00
-8.68214806444e+00
-8.63145957489e+00
-8.72340133102e+00
-8.65533569311e+00
-8.63240506928e+00
-8.69937433345e+00
-8.76011511873e+00
-8.59683360867e+00
-8.69538500710e+00
-8.59697120294e+00
-8.67022879669e+00
-8.75997119229e+00
-8.63626488947e+00
-8.61421531533e+00
-8.52111255252e+00
-8.64159391346e+00
-8.71505562081e+00
-8.64710624165e+00
-8.63798025265e+00
-8.58364469062e+00
-8.59818508809e+00
-8.60525594066e+00
-8.61523055829e+00
-8.72372896028e+00
-8.63036170899e+00
-8.53979963690e+00
-8.65728406429e+00
-8.53193282301e+00
-8.59378937977e+00
-8.74156633651e+00
-8.68799124495e+00
-8.56426494637e+00
-8.63227503575e+00
-8.69094310143e+00
-8.69084863983e+00
-8.52412815934e+00
-8.58680350084e+00
-8.66305591546e+00
-8.57759454105e+00
-8.64874093913e+00
-8.63053908881e+00
-8.76087353493e+00
-8.62737679078e+00
-8.71217272799e+00
-8.67445932107e+00
-8.59745736384e+00
-8.64692604711e+00
-8.56726943205e+00
-8.74288322804e+00
-8.57303434389e+00
-8.60638115139e+00
-8.57974746223e+00
-8.71608792913e+00
-8.62007472232e+00
-8.63098974733e+00
-8.64956886004e+00
-8.78102449732e+00
-8.54816711368e+00
-8.66231692709e+00
-8.62561925836e+00
-8.57634289672e+00
-8.59491574904e+00
-8.66862309616e+00
-8.55039964194e+00
-8.65839661089e+00
-8.57534333616e+00
-8.57993608542e+00
-8.66382302286e+00
-8.53608964480e+00
-8.61813516020e+00
-8.75234810320e+00
-8.68267592995e+00
-8.63791541791e+00
-8.69465454260e+00
-8.63642317271e+00
-8.74941904066e+00
-8.69296353186e+00
-8.68840464387e+00
-8.62145227283e+00
-8.65873640797e+00
-8.63959929579e+00
-8.63918446773e+00
-8.59923566450e+00
-8.64606923757e+00
-8.64221153188e+00
-8.64071952321e+00
-8.69151132052e+00
-8.61719958007e+00
-8.63629975656e+00
-8.57978834914e+00
-8.61619607205e+00
-8.53426334184e+00
-8.59515674474e+00
-8.68347639431e+00
-8.60576072366e+00
-8.67287231113e+00
-8.59344750721e+00
-8.54134046827e+00
-8.62765684089e+00
-8.73820056229e+00
-8.64601752382e+00
-8.58313038524e+00
-8.53795992718e+00
-8.68931532151e+00
-8.63886519678e+00
-8.63483732097e+00
-8.57527941969e+00
-8.59249071603e+00
-8.60990002792e+00
-8.64003745613e+00
-8.53759102313e+00
-8.54804842026e+00
-8.68681714200e+00
-8.62704173919e+00
-8.66904960974e+00
-8.67602020916e+00
-8.58620911739e+00
-8.59191733103e+00
-8.65106535772e+00
-8.68259622021e+00
-8.64694010800e+00
-8.66308717222e+00
-8.70351814918e+00
-8.54306922256e+00
-8.59744022089e+00
-8.70197563934e+00
-8.69072873117e+00
-8.55489457807e+00
-8.73114326811e+00
-8.55632048508e+00
-8.58836002575e+00
-8.63843138585e+00
-8.69133926379e+00
-8.64505639232e+00
-8.58260684929e+00
-8.68835099357e+00
-8.61885416943e+00
-8.62944220986e+00
-8.73295072970e+00
-8.59023763929e+00
-8.58155593934e+00
-8.70333581157e+00
-8.64155805403e+00
-8.64403598785e+00
-8.65888635459e+00
-8.66020605797e+00
-8.70651184393e+00
-8.70753157942e+00
-8.60496103818e+00
-8.68256827455e+00
-8.66694886917e+00
-8.65027280403e+00
-8.75325298449e+00
-8.71163596272e+00
-8.54710106388e+00
-8.64023289186e+00
-8.65848324613e+00
-8.65809680920e+00
-8.66473778925e+00
-8.71662650032e+00
-8.66234877638e+00
-8.64408354606e+00
-8.58194218268e+00
-8.60348725944e+00
-8.66394486346e+00
-8.46576387540e+00
-8.60337065839e+00
-8.62153371306e+00
-8.60487782044e+00
-8.60771882762e+00
-8.63899072244e+00
-8.60593104351e+00
-8.66673257691e+00
-8.59919017579e+00
-8.70196832980e+00
-8.64095282915e+00
-8.64212839763e+00
-8.69552947392e+00
-8.60586334220e+00
-8.55421691871e+00
-8.64416842645e+00
-8.62775166717e+00
-8.66217493840e+00
-8.67017413502e+00
-8.59859209326e+00
-8.53201020992e+00
-8.53759709532e+00
-8.64691083967e+00
-8.61671368073e+00
-8.63700095825e+00
-8.59100745085e+00
-8.61279350763e+00
-8.64359629915e+00
-8.74020119937e+00
-8.63379971723e+00
-8.78114170292e+00
-8.66520821899e+00
-8.70380918436e+00
-8.59550509178e+00
-8.58783952002e+00
-8.65107828672e+00
-8.64677217864e+00
-8.74838829720e+00
-8.50158804676e+00
-8.67865531737e+00
-8.60869809295e+00
-8.54916688736e+00
-8.76042066639e+00
-8.63779655024e+00
-8.68240255474e+00
-8.60045067878e+00
-8.57046380549e+00
-8.74585347506e+00
-8.54847295297e+00
-8.62164065113e+00
-8.63649817328e+00
-8.64485931271e+00
-8.71390036081e+00
-8.64522857065e+00
-8.55185872808e+00
-8.64130436651e+00
-8.62001951316e+00
-8.61923730838e+00
-8.60807992159e+00
-8.62651071357e+00
-8.85460938797e+00
-8.60614442532e+00
-8.61279287241e+00
-8.69683868021e+00
-8.59500633384e+00
-8.63001999547e+00
-8.64652211252e+00
-8.53442887072e+00
-8.57626000766e+00
-8.58710515833e+00
-8.65165491331e+00
-8.61638828896e+00
-8.65220824133e+00
-8.53020619097e+00
-8.67844290582e+00
-8.58022819266e+00
-8.61862113015e+00
-8.64334324247e+00
-8.66308521041e+00
-8.67118867365e+00
-8.71424893943e+00
-8.70306007527e+00
-8.67480120951e+00
-8.54239900273e+00
-8.67263790257e+00
-8.59893167003e+00
-8.56222812745e+00
-8.69666818486e+00
-8.56565067582e+00
-8.62204690366e+00
-8.66943422904e+00
-8.71060792404e+00
-8.65228590212e+00
-8.52502544521e+00
-8.63589741602e+00
-8.57905217638e+00
-8.62381549003e+00
-8.57223564774e+00
-8.61758068668e+00
-8.54359136475e+00
-8.53819271696e+00
-8.54551882147e+00
-8.63436711285e+00