5.82948766439e-01
5.82932346036e-01
5.82871196589e-01
5.83888494045e-01
5.82429558194e-01
5.83025281038e-01
5.85200520346e-01
5.83790547646e-01
5.83671653886e-01
5.83895203935e-01
5.82907106408e-01
5.82517031858e-01
5.83975196049e-01
5.83340921617e-01
5.82719605539e-01
5.83117204973e-01
5.83567824688e-01
5.82487165987e-01
5.83225315777e-01
5.82729972940e-01
5.84014353878e-01
5.83844121468e-01
5.83767054960e-01
5.83173310680e-01
5.83948299641e-01
5.82796655918e-01
5.84802768600e-01
5.83546863014e-01
5.83232009306e-01
5.83281091883e-01
5.83166321684e-01
5.83433270395e-01
5.83307455171e-01
5.84495177826e-01
5.84149393763e-01
5.83359714915e-01
5.83633202278e-01
5.83534812277e-01
5.83550461433e-01
5.84328944537e-01
5.83139583799e-01
5.83223028122e-01
5.82670264221e-01
5.82938371456e-01
5.83951781326e-01
5.83690663770e-01
5.84462398756e-01
5.84417740212e-01
5.82905823828e-01
5.83638321450e-01
5.81381946695e-01
5.83624921549e-01
5.82987937003e-01
5.83681776347e-01
5.83956348479e-01
5.83047661061e-01
5.83084321126e-01
5.82904640001e-01
5.83837070262e-01
5.83470575095e-01
5.83627056379e-01
5.83986324213e-01
5.83101121730e-01
5.82264667396e-01
5.84407857550e-01
5.82958164374e-01
5.83314255830e-01
5.84513552878e-01
5.83787181425e-01
5.82791940054e-01
5.83315584409e-01
5.84667570373e-01
5.82890809001e-01
5.83723265292e-01
5.83413401435e-01
5.82200553525e-01
5.84131823118e-01
5.82890250544e-01
5.83709759734e-01
5.83567954276e-01
5.83385964992e-01
5.84040104009e-01
5.83508556068e-01
5.82625599917e-01
5.83366845487e-01
5.83406496236e-01
5.83811472137e-01
5.83706954358e-01
5.83543315232e-01
5.83806589020e-01
5.82737641204e-01
5.82729885618e-01
5.83510739879e-01
5.82720387839e-01
5.84470173560e-01
5.83044795150e-01
5.82882212674e-01
5.83140734243e-01
5.84848754878e-01
5.82285074658e-01
5.84454076254e-01
5.83371954832e-01
5.83723170069e-01
5.83326492540e-01
5.84299795507e-01
5.83024971096e-01
5.83609715773e-01
5.83454963575e-01
5.84184193260e-01
5.83691047838e-01
5.83153256692e-01
5.84958480705e-01
5.83291634720e-01
5.83855934577e-01
5.84041710240e-01
5.84273124480e-01
5.84257855701e-01
5.84221619859e-01
5.83107825959e-01
5.83693567729e-01
5.84165416190e-01
5.83276022650e-01
5.83593560073e-01
5.83390038766e-01
5.83028790475e-01
5.82881715408e-01
5.83751215412e-01
5.83169430196e-01
5.83454160617e-01
5.82980953689e-01
5.83765792972e-01
5.83097461280e-01
5.84023389708e-01
5.84015169819e-01
5.83366905631e-01
5.81809812730e-01
5.83368310116e-01
5.82920440998e-01
5.83757716921e-01
5.83664876738e-01
5.83783892664e-01
5.82763916516e-01
5.85133761238e-01
5.82991375147e-01
5.83078385019e-01
5.83528923347e-01
5.82042517761e-01
5.83682075870e-01
5.84761889577e-01
5.83126879897e-01
5.83358190907e-01
5.84115126078e-01
5.83802817914e-01
5.83732688730e-01
5.82704130460e-01
5.83814789301e-01
5.83761475241e-01
5.83526461436e-01
5.84756567597e-01
5.82397798005e-01
5.83904497446e-01
5.83198115843e-01
5.83861523119e-01
5.83755598668e-01
5.83452565894e-01
5.83222469505e-01
5.82338557814e-01
5.83545503748e-01
5.84318995137e-01
5.83817034324e-01
5.83173822436e-01
5.83148181451e-01
5.83090875426e-01
5.83399987070e-01
5.84223998032e-01
5.82730848281e-01
5.83953815565e-01
5.83022168546e-01
5.83778092178e-01
5.83969657352e-01
5.82073759752e-01
5.82479001147e-01
5.84120235594e-01
5.83439382351e-01
5.83348161989e-01
5.84646278559e-01
5.82654075448e-01
5.83528470739e-01
5.83595482769e-01
5.83398502328e-01
5.85031821961e-01
5.83436442297e-01
5.84197082815e-01
5.83180663430e-01
5.82879048198e-01
5.83762292790e-01
5.83054024150e-01
5.83896005597e-01
5.82481262650e-01
5.83624780887e-01
5.83091527185e-01
5.83789594314e-01
5.83602967993e-01
5.83114315506e-01
5.83814184376e-01
5.82403316966e-01
5.83254387066e-01
5.82541375065e-01
5.83252135593e-01
5.83200048435e-01
5.83400445305e-01
5.82549232364e-01
5.83347139117e-01
5.83717257644e-01
5.84183564083e-01
5.84208562868e-01
5.83733385510e-01
5.83499642137e-01
5.83869812510e-01
5.84376806487e-01
5.84244840769e-01
5.84664391013e-01
5.84033005299e-01
5.82462128962e-01
5.82795391209e-01
5.82842771484e-01
5.83313789360e-01
5.83249292491e-01
5.83862333162e-01
5.82934813402e-01
5.83269777178e-01
5.83218779385e-01
5.82470033155e-01
5.84036215845e-01
5.82525399344e-01
5.82721458871e-01
5.83779881327e-01
5.83037351876e-01
5.83551453873e-01
5.83564994396e-01
5.83206226113e-01
5.83712016865e-01
5.84030378675e-01
5.83396600452e-01
5.84312003360e-01
5.82986261980e-01
5.83606981952e-01
5.83050169733e-01
5.84196374048e-01
5.83789821938e-01
5.83955303270e-01
5.83005471047e-01
5.84082814942e-01
5.83696427873e-01
5.83461287244e-01
5.83168024716e-01
5.83182494995e-01
5.82887494636e-01
5.82665875527e-01
5.83627554449e-01
5.82962744431e-01
5.84081251464e-01
5.82354774028e-01
5.83297149830e-01
5.83137953737e-01
5.82908176261e-01
5.83444912069e-01
5.82978016262e-01
5.83117897911e-01
5.83021683295e-01
5.82595947835e-01
5.82859088660e-01
5.83754139358e-01
5.83430774424e-01
5.81774542435e-01
5.82486846022e-01
5.82833083992e-01
5.84880494510e-01
5.82727888362e-01
5.83590578267e-01
5.83709492352e-01
5.84145754281e-01
5.83054840547e-01
5.83051974639e-01
5.84036805808e-01
5.82964904044e-01
5.83654708688e-01
5.83569571075e-01
5.82764575557e-01
5.82742337368e-01
5.83226345267e-01
5.83205644702e-01
5.81796058225e-01
5.84080982737e-01
5.82771477185e-01
5.83635388662e-01
5.84502054159e-01
5.83481757838e-01
5.84265600643e-01
5.85343519634e-01
5.83975112042e-01
5.83866492588e-01
5.84401248892e-01
5.83080867360e-01
5.82735187546e-01
5.83297958266e-01
5.83547133947e-01
5.83392393003e-01
5.84756811482e-01
5.83674571993e-01
5.83366974616e-01
5.82797264324e-01
5.83170386188e-01
5.83094226875e-01
5.83921457172e-01
5.83748655077e-01
5.82751481500e-01
5.84022632652e-01
5.82805335287e-01
5.83409558417e-01
5.82500500834e-01
5.83323999171e-01
5.82962235805e-01
5.83182640509e-01
5.83458702384e-01
5.83257190697e-01
5.83345226574e-01
5.84467073929e-01
5.83631905635e-01
5.84091694527e-01
5.82839045670e-01
5.83675881601e-01
5.83825076738e-01
5.84161031852e-01
5.83593063370e-01
5.82751991245e-01
5.83532439356e-01
5.83670427185e-01
5.82275574828e-01
5.83778923875e-01
5.83530781705e-01
5.83754648296e-01
5.84250314017e-01
5.83463882729e-01
5.83627132370e-01
5.83224574248e-01
5.83924219318e-01
5.83049764147e-01
5.83738492847e-01
5.83982877654e-01
5.83828809511e-01
5.84224739500e-01
5.84223652423e-01
5.84071194283e-01
5.83111501235e-01
5.84348947363e-01
5.83497207508e-01
5.83890185689e-01
5.83364020923e-01
5.82835852281e-01
5.84253110431e-01
5.83190264381e-01
5.83353046756e-01
5.83253847349e-01
5.82782549288e-01
5.83950610651e-01
5.83674072868e-01
5.84886986288e-01
5.82578754748e-01
5.83664236007e-01
5.83277350038e-01
5.83584599866e-01
5.83069608609e-01
5.83236181540e-01
5.83768192102e-01
5.82942234932e-01
5.83171762337e-01
5.83812241281e-01
5.84037176528e-01
5.83789504106e-01
5.83725662767e-01
5.83420561177e-01
5.83062358102e-01
5.82425331839e-01
5.82789624248e-01
5.83513424633e-01
5.83163536864e-01
5.83971809929e-01
5.83797945352e-01
5.83712114730e-01
5.82967024017e-01
5.83029137211e-01
5.82786786910e-01
5.82915428404e-01
5.82982739922e-01
5.84314361882e-01
5.82417246947e-01
5.84239784380e-01
5.83462766796e-01
5.85060350056e-01
5.84130505499e-01
5.82858742177e-01
5.83752003120e-01
5.83310735811e-01
5.82725340587e-01
5.83752758021e-01
5.82107259722e-01
5.83264959056e-01
5.83071640405e-01
5.84878845715e-01
5.82869550695e-01
5.82624309088e-01
5.84616786443e-01
5.83337898417e-01
5.82266923379e-01
5.82318967200e-01
5.83168080887e-01
5.82071904997e-01
5.83225533910e-01
5.82910407714e-01
5.82887813781e-01
5.83234776155e-01
5.84130911280e-01
5.83240158297e-01
5.84740219579e-01
5.83491808747e-01
5.82970356830e-01
5.83779008075e-01
5.84253086079e-01
5.83101166296e-01
5.83961237900e-01
5.83478523216e-01
5.83001247642e-01
5.83428448995e-01
5.82304839101e-01
5.83750048622e-01
5.83531399926e-01
5.83150559433e-01
5.82534622374e-01
5.83146911164e-01
5.83632687869e-01
5.82704565707e-01
5.84362592592e-01
5.83454013236e-01
5.84360340684e-01
5.83193211240e-01
5.82320335652e-01
5.84511566038e-01
5.82784119265e-01
5.83130976856e-01
5.83152688695e-01
5.81998368629e-01
5.83663999552e-01
5.84180545884e-01
5.84863207101e-01
5.84108954992e-01
5.83652517221e-01
5.82957986599e-01
5.84834700737e-01
5.82517407450e-01
5.82895663566e-01
5.83742307629e-01
5.83061598744e-01
5.83503886670e-01
5.84084869189e-01
5.83672853454e-01
5.84573318245e-01
5.84211411609e-01
5.84655330217e-01
5.85810383005e-01
5.84448877018e-01
5.82918737860e-01
5.83100024919e-01
5.83760518461e-01
5.83674014817e-01
5.84113783706e-01
5.84226742666e-01
5.83510941421e-01
5.83157265469e-01
5.83436114587e-01
5.84417065438e-01
5.82736340376e-01
5.84207496185e-01
5.83757648483e-01
5.82948040079e-01
5.84352436778e-01
5.83821696860e-01
5.83202935139e-01
5.84604841840e-01
5.83306802500e-01
5.84803390700e-01
5.83764852676e-01
5.82452286380e-01
5.83914507878e-01
5.82635414457e-01
5.84247863896e-01
5.82805890185e-01
5.84201478757e-01
5.84669731430e-01
5.83000408209e-01
5.83490371995e-01