9.32807787178e-01
9.33359900850e-01
9.32701875851e-01
9.32180515518e-01
9.33460557363e-01
9.33228555142e-01
9.33162216328e-01
9.32493717882e-01
9.32233123111e-01
9.32183234878e-01
9.32405536094e-01
9.33092486618e-01
9.31260397728e-01
9.32288260635e-01
9.32633646089e-01
9.32814271110e-01
9.32241002163e-01
9.33185366885e-01
9.33161525894e-01
9.32597081644e-01
9.32191188012e-01
9.32715377538e-01
9.31843328110e-01
9.33807044666e-01
9.31491461022e-01
9.31488115828e-01
9.30871992434e-01
9.33676712410e-01
9.33176065747e-01
9.33685438259e-01
9.31772484637e-01
9.32152143894e-01
9.33087502454e-01
9.33413999752e-01
9.31898453323e-01
9.31385476511e-01
9.31288924202e-01
9.32109936573e-01
9.32370480895e-01
9.33189512184e-01
9.32637990943e-01
9.33221552600e-01
9.32479161538e-01
9.33673066014e-01
9.32669260492e-01
9.32566704891e-01
9.31628387489e-01
9.32552802117e-01
9.33926288865e-01
9.33286909212e-01
9.33407644772e-01
9.31504222598e-01
9.32283340146e-01
9.32986741863e-01
9.32739847127e-01
9.32016114951e-01
9.32528972011e-01
9.33242180743e-01
9.32928334403e-01
9.32451014948e-01
9.31210679346e-01
9.32708067443e-01
9.32931028516e-01
9.33747356889e-01
9.31647970034e-01
9.34106661437e-01
9.33146258601e-01
9.32788987969e-01
9.32138129967e-01
9.32264239906e-01
9.33351767091e-01
9.32042011233e-01
9.32341654126e-01
9.33531100190e-01
9.32419618829e-01
9.32459576021e-01
9.32112655432e-01
9.33570046371e-01
9.32519057684e-01
9.32596187060e-01
9.31987275551e-01
9.33253559248e-01
9.33432915170e-01
9.33074206308e-01
9.32325918619e-01
9.32889767326e-01
9.32058772314e-01
9.32447849155e-01
9.32094776865e-01
9.31771699913e-01
9.32838668535e-01
9.31871081515e-01
9.33003086765e-01
9.32941062581e-01
9.31372110554e-01
9.32268290709e-01
9.31957407938e-01
9.33573285472e-01
9.32187351593e-01
9.33273845956e-01
9.32787483666e-01
9.31863373659e-01
9.32897577063e-01
9.31832338863e-01
9.32990947526e-01
9.33179980757e-01
9.32632876345e-01
9.32868107012e-01
9.32753634803e-01
9.31379354643e-01
9.31857230287e-01
9.32081113672e-01
9.33725682397e-01
9.32280961968e-01
9.32715834559e-01
9.32674036841e-01
9.31490605684e-01
9.32146290697e-01
9.32065628875e-01
9.33073882934e-01
9.32812587892e-01
9.32437807442e-01
9.32183030983e-01
9.33025657293e-01
9.32131443396e-01
9.33103638042e-01
9.31328114210e-01
9.32628941342e-01
9.33608583811e-01
9.32243098001e-01
9.33472393149e-01
9.32930459812e-01
9.32964074130e-01
9.32696220838e-01
9.32642486333e-01
9.32528861623e-01
9.31571936381e-01
9.32900969626e-01
9.32486440372e-01
9.32958261465e-01
9.32475442716e-01
9.33417886633e-01
9.31644006206e-01
9.32850267449e-01
9.33134819755e-01
9.32809939402e-01
9.33239616396e-01
9.31995878690e-01
9.33112889798e-01
9.32441730026e-01
9.32310986138e-01
9.32267473285e-01
9.32916274043e-01
9.31856785181e-01
9.33727611565e-01
9.32334478741e-01
9.32132120122e-01
9.32281326841e-01
9.31942377343e-01
9.33061639999e-01
9.32139279344e-01
9.32614081512e-01
9.32478206898e-01
9.32324671079e-01
9.31576347892e-01
9.32509427339e-01
9.33651967824e-01
9.32096014231e-01
9.33050273501e-01
9.32836543974e-01
9.32414196861e-01
9.34332258728e-01
9.32620674356e-01
9.31137973481e-01
9.32476141717e-01
9.32387987490e-01
9.32190452622e-01
9.32595808481e-01
9.32408403383e-01
9.31720614058e-01
9.32075029275e-01
9.32389733587e-01
9.31975372044e-01
9.33231572761e-01
9.32424387853e-01
9.31681213688e-01
9.34161791389e-01
9.33386936040e-01
9.33321164476e-01
9.33368177926e-01
9.33854896905e-01
9.33309383105e-01
9.32009347168e-01
9.33935712004e-01
9.32951728136e-01
9.33544754762e-01
9.33068149384e-01
9.32455457825e-01
9.31692865481e-01
9.32621876733e-01
9.33168689863e-01
9.33679338921e-01
9.32995693790e-01
9.31270904982e-01
9.32458962930e-01
9.33442597545e-01
9.33155579124e-01
9.33041714987e-01
9.34248519162e-01
9.34072815732e-01
9.32981568312e-01
9.32319042948e-01
9.32907755723e-01
9.31893652896e-01
9.32251288059e-01
9.31714017831e-01
9.32924730592e-01
9.32355666780e-01
9.32283517303e-01
9.31889863453e-01
9.32373228354e-01
9.31996689040e-01
9.32767925205e-01
9.33666539543e-01
9.32814947092e-01
9.33774806736e-01
9.32674776031e-01
9.32418864928e-01
9.32954591631e-01
9.32654685248e-01
9.33958473507e-01
9.32991097130e-01
9.32622274638e-01
9.31510214492e-01
9.33582855498e-01
9.33370855642e-01
9.32383859047e-01
9.32193319407e-01
9.31706474063e-01
9.31157111374e-01
9.32732938930e-01
9.32000898111e-01
9.30648955210e-01
9.32947428911e-01
9.32659309476e-01
9.32435777213e-01
9.31602756829e-01
9.32336911218e-01
9.30872666639e-01
9.32775474060e-01
9.32154801876e-01
9.32777527248e-01
9.33449313549e-01
9.31815305557e-01
9.31185542613e-01
9.32506028589e-01
9.31520865212e-01
9.31835680239e-01
9.33556157014e-01
9.32496093138e-01
9.33839061846e-01
9.33000062193e-01
9.31840169878e-01
9.32374019343e-01
9.32919345457e-01
9.32776918584e-01
9.32502495145e-01
9.32808411773e-01
9.31690749195e-01
9.32660030672e-01
9.33891116066e-01
9.33354355490e-01
9.34012205252e-01
9.32135365785e-01
9.32437557218e-01
9.31764465171e-01
9.32605889482e-01
9.32774142309e-01
9.32719301573e-01
9.32684818257e-01
9.33019621865e-01
9.33393091001e-01
9.33206326398e-01
9.33852326437e-01
9.32517569422e-01
9.32274566697e-01
9.31783834441e-01
9.33735413255e-01
9.31552465121e-01
9.32714486385e-01
9.31942671260e-01
9.33780774685e-01
9.33293546903e-01
9.33489788958e-01
9.32602370577e-01
9.32863257788e-01
9.34187952476e-01
9.32968154383e-01
9.32498100219e-01
9.32428463170e-01
9.32632856679e-01
9.32832717254e-01
9.32411372850e-01
9.32422927120e-01
9.32927491164e-01
9.32548738945e-01
9.31707849085e-01
9.32672083884e-01
9.32805670488e-01
9.32935363061e-01
9.33381031325e-01
9.30627051039e-01
9.32996785409e-01
9.32591609053e-01
9.33661548349e-01
9.32099548072e-01
9.33402745839e-01
9.33214533545e-01
9.33437307356e-01
9.32051859985e-01
9.32351175709e-01
9.32683254471e-01
9.33550517636e-01
9.32106166615e-01
9.31573110841e-01
9.33375952394e-01
9.32509047611e-01
9.32068506470e-01
9.31371761269e-01
9.32990122986e-01
9.32526013923e-01
9.32724996773e-01
9.32617662820e-01
9.32433552597e-01
9.33442738883e-01
9.33466355147e-01
9.33246887775e-01
9.32469542875e-01
9.33193772700e-01
9.32047800276e-01
9.33674529824e-01
9.32428648431e-01
9.32281071928e-01
9.32237821789e-01
9.32290343784e-01
9.31733805287e-01
9.32679198431e-01
9.32580097116e-01
9.32408003251e-01
9.31720866580e-01
9.33201835339e-01
9.32293126401e-01
9.33863349947e-01
9.31836742973e-01
9.31732269062e-01
9.32329361319e-01
9.32165467167e-01
9.31816113486e-01
9.31525683713e-01
9.31745795573e-01
9.32737238524e-01
9.34223555330e-01
9.31205587995e-01
9.33472237385e-01
9.32680136313e-01
9.32623000061e-01
9.33431654707e-01
9.31703437103e-01
9.33023993218e-01
9.32805739475e-01
9.32411276620e-01
9.32018930225e-01
9.34463018673e-01
9.32962514737e-01
9.32673797835e-01
9.32521953635e-01
9.33068661804e-01
9.33810543577e-01
9.33209805105e-01
9.34666515214e-01
9.32976099637e-01
9.33119650124e-01
9.33127823684e-01
9.32977094356e-01
9.32863278319e-01
9.33741045347e-01
9.33624838196e-01
9.31726653534e-01
9.32140382189e-01
9.32621371887e-01
9.31969200267e-01
9.31860661681e-01
9.32047346553e-01
9.32101952808e-01
9.32360891274e-01
9.31960873212e-01
9.31749829913e-01
9.33253835119e-01
9.32549841722e-01
9.30718610750e-01
9.32506519233e-01
9.33069662545e-01
9.33450139106e-01
9.32927923947e-01
9.32045045170e-01
9.33173985959e-01
9.32584210041e-01
9.32563643906e-01
9.31788025176e-01
9.33920869469e-01
9.32539725593e-01
9.33114104925e-01
9.33797003120e-01
9.33756278603e-01
9.32832546862e-01
9.31748884685e-01
9.32252604436e-01
9.32813468051e-01
9.32505684359e-01
9.32219421076e-01
9.32200862824e-01
9.32590250320e-01
9.32356829487e-01
9.33901328953e-01
9.31499122676e-01
9.31821893647e-01
9.33108289378e-01
9.32777735871e-01
9.32087505450e-01
9.32805305828e-01
9.32301815808e-01
9.30977494196e-01
9.33835334713e-01
9.32612894493e-01
9.32791716444e-01
9.32682322218e-01
9.32644756921e-01
9.34207041361e-01
9.33002506575e-01
9.32477047315e-01
9.32772944888e-01
9.31253022832e-01
9.32061055903e-01
9.33673663586e-01
9.31973015275e-01
9.32958369521e-01
9.32735114725e-01
9.32719101232e-01
9.33808112443e-01
9.33316173542e-01
9.33301245466e-01
9.33649509846e-01
9.31922393259e-01
9.34366223101e-01
9.32676610903e-01
9.32274858251e-01
9.31568328219e-01
9.33466278899e-01
9.31028337895e-01
9.32936241539e-01
9.32892224818e-01
9.31979646140e-01
9.32629006407e-01
9.32580986724e-01
9.34464467534e-01
9.32602767548e-01
9.31733122948e-01
9.33427720453e-01
9.31286651905e-01
9.31763755318e-01
9.32774082419e-01
9.32522230905e-01
9.32389183005e-01
9.33184745222e-01
9.33014815994e-01
9.33230806216e-01
9.33606484694e-01
9.33910153490e-01
9.31655927228e-01
9.33642555229e-01
9.31944305485e-01
9.32297424866e-01
9.32110226657e-01
9.33104004464e-01
9.32690765051e-01
9.32845532022e-01
9.31812121460e-01
9.31768512577e-01
9.31885613985e-01
9.33619861336e-01
9.33484975629e-01
9.33335843840e-01
9.33675968772e-01
9.31677227012e-01
9.32875849478e-01
9.32481735231e-01
9.33838026017e-01
9.31701308279e-01
9.33347133989e-01
9.33273143622e-01
9.32655208244e-01