-8.93909910843e+00
-8.95592669758e+00
-8.95353364492e+00
-8.94581740864e+00
-8.95800915829e+00
-8.94777318413e+00
-8.92561064920e+00
-8.93413210295e+00
-8.94382747441e+00
-8.92149356158e+00
-8.95824530670e+00
-8.94221866523e+00
-8.93790334854e+00
-8.91846648944e+00
-8.97696078905e+00
-8.96553134160e+00
-8.93732083415e+00
-8.94771134859e+00
-8.94929392269e+00
-8.93628426824e+00
-9.00334394331e+00
-8.92667272955e+00
-8.93312615855e+00
-8.96141047242e+00
-8.97171690985e+00
-8.96782311921e+00
-8.93719830272e+00
-8.95229840544e+00
-8.94820173317e+00
-8.94297590273e+00
-8.95184915512e+00
-8.95962995225e+00
-8.96880996860e+00
-8.92568998543e+00
-8.94837116824e+00
-8.95462614479e+00
-8.94347836371e+00
-8.95962273104e+00
-8.92559974190e+00
-8.94272283810e+00
-8.93274257586e+00
-8.94297288545e+00
-8.93314255115e+00
-8.97736767421e+00
-8.95710244183e+00
-8.96098743871e+00
-8.92666819925e+00
-8.96229578175e+00
-8.95104150675e+00
-8.97720388644e+00
-8.97478848445e+00
-8.93952564757e+00
-8.95901767387e+00
-8.94020405569e+00
-8.94055288295e+00
-8.94711647820e+00
-8.96023967526e+00
-8.92992264036e+00
-8.95859580396e+00
-8.94448734327e+00
-8.94751068859e+00
-8.93592220132e+00
-8.95470242635e+00
-8.98045711544e+00
-8.95318690588e+00
-8.93916961462e+00
-8.96423543185e+00
-8.94607733262e+00
-8.93741122114e+00
-8.95179540726e+00
-8.96084105895e+00
-8.94894772724e+00
-8.95102378103e+00
-8.94098842593e+00
-8.97143472810e+00
-8.96198226925e+00
-8.94384815686e+00
-8.96582474117e+00
-8.94506132267e+00
-8.95482710785e+00
-8.95771070355e+00
-8.96920077581e+00
-8.97457943275e+00
-8.95647088682e+00
-8.93729248831e+00
-8.94275513740e+00
-8.91275044752e+00
-8.94133171590e+00
-8.95729564949e+00
-8.93408495147e+00
-8.93382463867e+00
-8.96244165253e+00
-8.95156171668e+00
-8.96483509092e+00
-8.94124444787e+00
-8.93572872373e+00
-8.94586167360e+00
-8.96407335111e+00
-8.93910073590e+00
-8.95676744514e+00
-8.95294878700e+00
-8.95891152173e+00
-8.95814394938e+00
-8.95050517571e+00
-8.94217109366e+00
-8.96489268062e+00
-8.92598472050e+00
-8.95199823348e+00
-8.95133844772e+00
-8.95132926734e+00
-8.94860924131e+00
-8.93165774624e+00
-8.94716454572e+00
-8.97443960881e+00
-8.93206212574e+00
-8.98334560925e+00
-8.96206112077e+00
-8.95391932429e+00
-8.94089869591e+00
-8.95847406211e+00
-8.97262454136e+00
-8.94373444197e+00
-8.94497269188e+00
-8.95122481473e+00
-8.94301534866e+00
-8.95428062772e+00
-8.94130701513e+00
-8.96413255509e+00
-8.96614771930e+00
-8.95281163979e+00
-8.93719913407e+00
-8.94389206740e+00
-8.94749068964e+00
-8.95618411903e+00
-8.95088808935e+00
-8.95867657320e+00
-8.93944926752e+00
-8.96796161885e+00
-8.95324894891e+00
-8.96195729078e+00
-8.91435437185e+00
-8.95462895599e+00
-8.94637429000e+00
-8.93616411521e+00
-8.96147715033e+00
-8.96175264061e+00
-8.94906337181e+00
-8.94849042450e+00
-8.95411074116e+00
-8.93677894657e+00
-8.95167927051e+00
-8.94919600955e+00
-8.97792814678e+00
-8.94601814275e+00
-8.96694101779e+00
-8.95065927820e+00
-8.96096863211e+00
-8.96416696143e+00
-8.93988271239e+00
-8.95055636824e+00
-8.93526700667e+00
-8.95063100474e+00
-8.97585074458e+00
-8.95208437487e+00
-8.96599357255e+00
-8.94420329338e+00
-8.94368876816e+00
-8.94973928211e+00
-8.94937376035e+00
-8.94972101465e+00
-8.96855948373e+00
-8.95603749338e+00
-8.94502179341e+00
-8.95000987199e+00
-8.96344983473e+00
-8.95124233272e+00
-8.94151820173e+00
-8.93930365801e+00
-8.95068278304e+00
-8.94479658147e+00
-8.97735293972e+00
-8.95410566328e+00
-8.94965805922e+00
-8.96344271521e+00
-8.95764382550e+00
-8.94383600830e+00
-8.93490422031e+00
-8.97416551185e+00
-8.96491058764e+00
-8.96918070419e+00
-8.97114162140e+00
-8.96212867898e+00
-8.92227356542e+00
-8.94995575077e+00
-8.94725059590e+00
-8.94931374191e+00
-8.95302586557e+00
-8.96677260653e+00
-8.97360998544e+00
-8.96202608371e+00
-8.96332540726e+00
-8.93614106851e+00
-8.94027957927e+00
-8.95744631047e+00
-8.95973935737e+00
-8.93320485712e+00
-8.92034003999e+00
-8.95672280508e+00
-8.96362653983e+00
-8.92218729926e+00
-8.96257924354e+00
-8.95892276589e+00
-8.93123986930e+00
-8.94250441676e+00
-8.94329922381e+00
-8.92042233062e+00
-8.94596897539e+00
-8.95972335494e+00
-8.94902571332e+00
-8.94580693570e+00
-8.94237369560e+00
-8.97998573931e+00
-8.95833239593e+00
-8.94307656609e+00
-8.96036831774e+00
-8.94545952672e+00
-8.91674316263e+00
-8.94989780316e+00
-8.96715895881e+00
-8.95201318970e+00
-8.96244595136e+00
-8.94682175233e+00
-8.95801782140e+00
-8.97277166423e+00
-8.95755441656e+00
-8.93868120716e+00
-8.94377271641e+00
-8.94178841350e+00
-8.92416387609e+00
-8.93203545034e+00
-8.94685439236e+00
-8.94557652934e+00
-8.95656528132e+00
-8.94661560396e+00
-8.93339508522e+00
-8.93832998054e+00
-8.95180190911e+00
-8.95072271898e+00
-8.95720175702e+00
-8.97053107083e+00
-8.93413592873e+00
-8.94458743636e+00
-8.94713881273e+00
-8.96941672134e+00
-8.91837851511e+00
-8.92360522074e+00
-8.95567529934e+00
-8.93474304642e+00
-8.95490051815e+00
-8.98337151097e+00
-8.97111013397e+00
-8.97207896929e+00
-8.94754540585e+00
-8.95192260326e+00
-8.94677864521e+00
-8.95925919165e+00
-8.93003342316e+00
-8.94531099634e+00
-8.96516230679e+00
-8.96710024866e+00
-8.94750400286e+00
-8.95752547360e+00
-8.94810308069e+00
-8.95884796687e+00
-8.94702191310e+00
-8.96253627804e+00
-8.95598394334e+00
-8.93758697232e+00
-8.96612388342e+00
-8.95740446964e+00
-8.92386438490e+00
-8.97105003572e+00
-8.95880333146e+00
-8.96706450554e+00
-8.94739177808e+00
-8.94017724019e+00
-8.93754832274e+00
-8.95893359067e+00
-8.95006162538e+00
-8.95564380151e+00
-8.94653331116e+00
-8.94542940210e+00
-8.95474361940e+00
-8.94546209416e+00
-8.94726492723e+00
-8.96673879565e+00
-8.95247593027e+00
-8.96702014719e+00
-8.94413294111e+00
-8.95309095102e+00
-8.95456526063e+00
-8.96824066183e+00
-8.93339080731e+00
-8.94916637062e+00
-8.93103063075e+00
-8.96604799843e+00
-8.94457722674e+00
-8.98362134096e+00
-8.95470355248e+00
-8.95183223315e+00
-8.95614290634e+00
-8.94469069865e+00
-8.94352133442e+00
-8.95137087646e+00
-8.94725472981e+00
-8.95369872038e+00
-8.93381632231e+00
-8.94726932036e+00
-8.97751748415e+00
-8.94274993056e+00
-8.95575318352e+00
-8.94171819742e+00
-8.96272504653e+00
-8.96083902362e+00
-8.94134191808e+00
-8.96488362412e+00
-8.93097365869e+00
-8.94080369997e+00
-8.94903022809e+00
-8.95846215661e+00
-8.96450475411e+00
-8.93323252077e+00
-8.93020712402e+00
-8.95194068276e+00
-8.98974349452e+00
-8.93977251099e+00
-8.93438781353e+00
-8.94906664439e+00
-8.94267376948e+00
-8.95520458278e+00
-8.93981316075e+00
-8.96044925386e+00
-8.94918252839e+00
-8.97401213693e+00
-8.93290947652e+00
-8.93503630074e+00
-8.94972059424e+00
-8.94339330172e+00
-8.94756851500e+00
-8.92820130417e+00
-8.95574422545e+00
-8.92157427317e+00
-8.93610046119e+00
-8.94697149639e+00
-8.95096721723e+00
-8.93748825169e+00
-8.93371526932e+00
-8.94761914535e+00
-8.95851335843e+00
-8.96080237719e+00
-8.95732530022e+00
-8.96315945030e+00
-8.95356610926e+00
-8.96125198614e+00
-8.95030521071e+00
-8.95023128963e+00
-8.94607407502e+00
-8.94414273548e+00
-8.98370417449e+00
-8.97603114712e+00
-8.94709265453e+00
-8.96858937555e+00
-8.97540256469e+00
-8.96884742347e+00
-8.93310508920e+00
-8.91585673601e+00
-8.94921971982e+00
-8.93933944224e+00
-8.92728997518e+00
-8.94745706838e+00
-8.95250558649e+00
-8.95214731907e+00
-8.92796907947e+00
-8.96893306173e+00
-8.97061949569e+00
-8.94183689877e+00
-8.96766395641e+00
-8.93997443750e+00
-8.92461933636e+00
-8.96161475812e+00
-8.95727441174e+00
-8.94366923446e+00
-8.95458655992e+00
-8.94980593995e+00
-8.92921787572e+00
-8.94502528096e+00
-8.93885274258e+00
-8.96943075267e+00
-8.93758332204e+00
-8.92122550566e+00
-8.95128493680e+00
-8.95141716605e+00
-8.93610080773e+00
-8.94572291264e+00
-8.94520363212e+00
-8.93141798249e+00
-8.95959504952e+00
-8.97672223858e+00
-8.94333951796e+00
-8.94618749077e+00
-8.94345365431e+00
-8.94187755938e+00
-8.94832012199e+00
-8.93726617323e+00
-8.95922864863e+00
-8.95967470406e+00
-8.92824540354e+00
-8.96657785658e+00
-8.96070721665e+00
-8.93763672914e+00
-8.95183457832e+00
-8.93095297238e+00
-8.95522439672e+00
-8.92774135041e+00
-8.95717795211e+00
-8.94853593913e+00
-8.93639788781e+00
-8.96131114531e+00
-8.93972446653e+00
-8.93212983736e+00
-8.93518146582e+00
-8.96257955151e+00
-8.98729421590e+00
-8.96500227273e+00
-8.93455657069e+00
-8.96793773319e+00
-8.93012282242e+00
-8.94926308798e+00
-8.95937679186e+00
-8.94147793522e+00
-8.92636099003e+00
-8.92280136899e+00
-8.93428674518e+00
-8.98644688476e+00
-8.95598606065e+00
-8.95147207112e+00
-8.93788069947e+00
-8.93583235000e+00
-8.95180577920e+00
-8.95030378197e+00
-8.95198007541e+00
-8.94929115651e+00
-8.94455184209e+00
-8.94837974156e+00
-8.96820408684e+00
-8.96664614306e+00
-8.93396274325e+00
-8.94798593210e+00
-8.96881963301e+00
-8.93207764144e+00
-8.94599382120e+00
-8.93157824360e+00
-8.96066671522e+00
-8.95549374164e+00
-8.94610239756e+00
-8.96803978176e+00
-8.93656443573e+00
-8.96727301680e+00
-8.96057775974e+00
-8.95764962553e+00
-8.92764150479e+00
-8.95962067589e+00
-8.93600007972e+00
-8.95444126747e+00
-8.97169079170e+00
-8.92407282390e+00
-8.95391752887e+00
-8.94429761895e+00
-8.93142791877e+00
-8.93646012376e+00
-8.95538920387e+00
-8.95696402928e+00
-8.95072414267e+00
-8.96557648431e+00
-8.95545409008e+00
-8.94453103687e+00
-8.93856367187e+00
-8.95437916873e+00
-8.93713968905e+00
-8.94391497370e+00
-8.94087659204e+00
-8.93929130266e+00
-8.95344465353e+00
-8.95633676714e+00
-8.95065851193e+00
-8.95572078660e+00
-8.93856566274e+00
-8.95022125027e+00
-8.96433838827e+00
-8.96387935640e+00
-8.95080996779e+00