9.48872022488e+00
9.48708504661e+00
9.48643305144e+00
9.49030437285e+00
9.48718274405e+00
9.48731888930e+00
9.48609980216e+00
9.48549620316e+00
9.48638474308e+00
9.48918134206e+00
9.48942600620e+00
9.48901353035e+00
9.49013455535e+00
9.48878411001e+00
9.48744388916e+00
9.48658394532e+00
9.48698777529e+00
9.48732635678e+00
9.48794086355e+00
9.49039165880e+00
9.49184725014e+00
9.48785411848e+00
9.48711481632e+00
9.48742979442e+00
9.49072539828e+00
9.48704445179e+00
9.48686543423e+00
9.48923629889e+00
9.48402905293e+00
9.48841715033e+00
9.48780126566e+00
9.48977472443e+00
9.48853314043e+00
9.48919178879e+00
9.48931086864e+00
9.48931235649e+00
9.48864701174e+00
9.48695296755e+00
9.48726603641e+00
9.48766999391e+00
9.48874568236e+00
9.48725522924e+00
9.48679938432e+00
9.48860264733e+00
9.48707763469e+00
9.48676095221e+00
9.48710217404e+00
9.48643549648e+00
9.48999822374e+00
9.48945285597e+00
9.48742992072e+00
9.49130845454e+00
9.48797889838e+00
9.48837260921e+00
9.48805223005e+00
9.48854965430e+00
9.48650784285e+00
9.48769360365e+00
9.48827116535e+00
9.49040950651e+00
9.48891492379e+00
9.48716747682e+00
9.48830520974e+00
9.48764760405e+00
9.48558013875e+00
9.48612637849e+00
9.48569472878e+00
9.48785032339e+00
9.48986452616e+00
9.48485117771e+00
9.48785433597e+00
9.48673383670e+00
9.48512489035e+00
9.48883983332e+00
9.48826183857e+00
9.48870874430e+00
9.48631374904e+00
9.48618748058e+00
9.48728174848e+00
9.48523022164e+00
9.48911356350e+00
9.48790147779e+00
9.48597170893e+00
9.48755193191e+00
9.48888554115e+00
9.48959260781e+00
9.48806323866e+00
9.48791471519e+00
9.48828715240e+00
9.49001334446e+00
9.48790885129e+00
9.48582297410e+00
9.48867798956e+00
9.48698321966e+00
9.48903027465e+00
9.48453742543e+00
9.48379406406e+00
9.48639046119e+00
9.48877363911e+00
9.48659748570e+00
9.48557835532e+00
9.48848158200e+00
9.48750473686e+00
9.48572156528e+00
9.48425457169e+00
9.48720525017e+00
9.48803503648e+00
9.48712379254e+00
9.48712216321e+00
9.48778296041e+00
9.48752223360e+00
9.48786079806e+00
9.48690159778e+00
9.48543972285e+00
9.48812871551e+00
9.48952406869e+00
9.48817300272e+00
9.48802205607e+00
9.48729023921e+00
9.48728834489e+00
9.48814522011e+00
9.48579747535e+00
9.49096094988e+00
9.48888385907e+00
9.48622691172e+00
9.48654291868e+00
9.48757091554e+00
9.48782957105e+00
9.48783800874e+00
9.48441469923e+00
9.48921775392e+00
9.48737126330e+00
9.48669095562e+00
9.48635751904e+00
9.48545199352e+00
9.48580131623e+00
9.49031398294e+00
9.48709448969e+00
9.48716113584e+00
9.48700207448e+00
9.48573178236e+00
9.49033778673e+00
9.48797123719e+00
9.48640244776e+00
9.48522097921e+00
9.49188760603e+00
9.48731344685e+00
9.49082768610e+00
9.48770352343e+00
9.48836905629e+00
9.49043229988e+00
9.48692923907e+00
9.48869902169e+00
9.48781794683e+00
9.48900525928e+00
9.48483134856e+00
9.48708186530e+00
9.48906678113e+00
9.48678946688e+00
9.48600128004e+00
9.48749060540e+00
9.48813978529e+00
9.48826561836e+00
9.48968149596e+00
9.48726384451e+00
9.48973380863e+00
9.49048987940e+00
9.48771901288e+00
9.48581831614e+00
9.48938373583e+00
9.48589164289e+00
9.48612898303e+00
9.48832054543e+00
9.48562479446e+00
9.48785151621e+00
9.48738025154e+00
9.48838385209e+00
9.48730012323e+00
9.49123676217e+00
9.48675337594e+00
9.48841177216e+00
9.48586819101e+00
9.49029277712e+00
9.48899790931e+00
9.48829195744e+00
9.48943290070e+00
9.48514602855e+00
9.48951851431e+00
9.48726551927e+00
9.48989398758e+00
9.48725526623e+00
9.48630508354e+00
9.48747161947e+00
9.48794046689e+00
9.48663062756e+00
9.48554377104e+00
9.48630502847e+00
9.48875266817e+00
9.48821630055e+00
9.48605631722e+00
9.48989553507e+00
9.48748637911e+00
9.48874867104e+00
9.48939662208e+00
9.48902313964e+00
9.48330652795e+00
9.48677368788e+00
9.48377427235e+00
9.48761262540e+00
9.48826679064e+00
9.48920358793e+00
9.48716029864e+00
9.48813555386e+00
9.48674764221e+00
9.48860110712e+00
9.48899703448e+00
9.48887435551e+00
9.48877440338e+00
9.49078383556e+00
9.48765014047e+00
9.48602554277e+00
9.48752416527e+00
9.48811245186e+00
9.48712059483e+00
9.48463776044e+00
9.48836837081e+00
9.48775492012e+00
9.48724291772e+00
9.48937041871e+00
9.48861805123e+00
9.48470731717e+00
9.48784221022e+00
9.48484611479e+00
9.49024332277e+00
9.49047766875e+00
9.48767455472e+00
9.48958061187e+00
9.48995682408e+00
9.48977271477e+00
9.48899977170e+00
9.48804448391e+00
9.48890765432e+00
9.48834643712e+00
9.48961305076e+00
9.48582182926e+00
9.48887158940e+00
9.48512617255e+00
9.48717845906e+00
9.48775630418e+00
9.48900219052e+00
9.48776391096e+00
9.48854531233e+00
9.49107620011e+00
9.48900854442e+00
9.48655167768e+00
9.48863473901e+00
9.49045165428e+00
9.48820641451e+00
9.48740089474e+00
9.48815171588e+00
9.48727088072e+00
9.48642173683e+00
9.48713226260e+00
9.48863170628e+00
9.48565138490e+00
9.48619905559e+00
9.48783411453e+00
9.48692927126e+00
9.48539653663e+00
9.48838378201e+00
9.48845825863e+00
9.48674320942e+00
9.48874774144e+00
9.48293399292e+00
9.48617372630e+00
9.48675651265e+00
9.48894740643e+00
9.48788962213e+00
9.49047602770e+00
9.48904337820e+00
9.48703514570e+00
9.48668907434e+00
9.49014971448e+00
9.48575890743e+00
9.48819948809e+00
9.48925553839e+00
9.48705584571e+00
9.48906474882e+00
9.48779330534e+00
9.48582450042e+00
9.48376816040e+00
9.49053513463e+00
9.48963082512e+00
9.48679093533e+00
9.48941731374e+00
9.48743782904e+00
9.48944958959e+00
9.48682104791e+00
9.48800923800e+00
9.48810451093e+00
9.48794287445e+00
9.48588958806e+00
9.48722037628e+00
9.48738449568e+00
9.48519026787e+00
9.48759602628e+00
9.48818643324e+00
9.48872198335e+00
9.48970771219e+00
9.48834342534e+00
9.48720453846e+00
9.48780251260e+00
9.48595560870e+00
9.48659264916e+00
9.48745390475e+00
9.48762085130e+00
9.48974759671e+00
9.48996297741e+00
9.48739136113e+00
9.48452717498e+00
9.48778606702e+00
9.48847782407e+00
9.48759055677e+00
9.48678421473e+00
9.49024571243e+00
9.48832138925e+00
9.48628229228e+00
9.48819205509e+00
9.48721328081e+00
9.48823459154e+00
9.48631645406e+00
9.48992908071e+00
9.48856145018e+00
9.48733256841e+00
9.48544015289e+00
9.48436995256e+00
9.48789925057e+00
9.48698566405e+00
9.48546336706e+00
9.48772730793e+00
9.48884402557e+00
9.48418887948e+00
9.48779875433e+00
9.48578163697e+00
9.48885621427e+00
9.48691036181e+00
9.49187614105e+00
9.48833706092e+00
9.48762215312e+00
9.48793993468e+00
9.49060773111e+00
9.48851546262e+00
9.48630493860e+00
9.48985162612e+00
9.48361045522e+00
9.48583147353e+00
9.48687459546e+00
9.48611388098e+00
9.49002029085e+00
9.48863409554e+00
9.48485575691e+00
9.48988401134e+00
9.48696362782e+00
9.48457854208e+00
9.49126642712e+00
9.48524547752e+00
9.48466723296e+00
9.48772920283e+00
9.48521968528e+00
9.48749274705e+00
9.48832309912e+00
9.49017403235e+00
9.48858463395e+00
9.48869706725e+00
9.49192492941e+00
9.48808553586e+00
9.48589714475e+00
9.48725522557e+00
9.48906960411e+00
9.49092697905e+00
9.49041072381e+00
9.48424571525e+00
9.48753571016e+00
9.48810501133e+00
9.48657946466e+00
9.48751068473e+00
9.48870617882e+00
9.48611213491e+00
9.48831967021e+00
9.49063216341e+00
9.48630447853e+00
9.48759039189e+00
9.48908464639e+00
9.48826104915e+00
9.48844905655e+00
9.48609164958e+00
9.48556876024e+00
9.48800233461e+00
9.48783390036e+00
9.48785865764e+00
9.48992806361e+00
9.48726021381e+00
9.48684934310e+00
9.48516235218e+00
9.48590150956e+00
9.49095894908e+00
9.48758697264e+00
9.48703508123e+00
9.49051375491e+00
9.49032511881e+00
9.48749897022e+00
9.48688968113e+00
9.48921800140e+00
9.48739465465e+00
9.48701953509e+00
9.48913299424e+00
9.48630576973e+00
9.48477266038e+00
9.49152212429e+00
9.48931852937e+00
9.48596846375e+00
9.48792190851e+00
9.48621716001e+00
9.48503854244e+00
9.48486886544e+00
9.48722600603e+00
9.48594521058e+00
9.48803057523e+00
9.49023066696e+00
9.48876182034e+00
9.49148905100e+00
9.48498583083e+00
9.48718236477e+00
9.48644943866e+00
9.48596465324e+00
9.48963333937e+00
9.48941414731e+00
9.48822648081e+00
9.48802000265e+00
9.48819743450e+00
9.48873251716e+00
9.48897912826e+00
9.48895485584e+00
9.48759925183e+00
9.48699478534e+00
9.48875370105e+00
9.48836872666e+00
9.48747516015e+00
9.48934441371e+00
9.48759937726e+00
9.48767759268e+00
9.48713670493e+00
9.48918962376e+00
9.48734879504e+00
9.48630282432e+00
9.48777792504e+00
9.48820208280e+00
9.48989794709e+00
9.48841137794e+00
9.48728739672e+00
9.48981448228e+00
9.48907554209e+00
9.48831536354e+00
9.48623785085e+00
9.48756238508e+00
9.48910813902e+00
9.49039969624e+00
9.48815360166e+00
9.49107413491e+00
9.48618315468e+00
9.48687689488e+00
9.48876513524e+00
9.48798819893e+00
9.48977756037e+00
9.48886154507e+00
9.48698244683e+00
9.48477107427e+00
9.49069700454e+00
9.48987690294e+00
9.49019267856e+00
9.48905165509e+00
9.48769051796e+00
9.48733630919e+00
9.48716877767e+00
9.48760300380e+00
9.48533727297e+00
9.48846276744e+00
9.48778001980e+00
9.48862277535e+00
9.48860909790e+00
9.49126315259e+00
9.48659050577e+00
9.48762937617e+00
9.48717695104e+00
9.49298361592e+00
9.48842866024e+00
9.48851136827e+00
9.48922611550e+00
9.48851043127e+00
9.48682679930e+00
9.48768219903e+00