1.48995766787e+00
1.49010387626e+00
1.48960816957e+00
1.49072185258e+00
1.49045629847e+00
1.48983892119e+00
1.48943236291e+00
1.49036986090e+00
1.49067171486e+00
1.48957889000e+00
1.49014306731e+00
1.49046914348e+00
1.48891478759e+00
1.48999689942e+00
1.48959155760e+00
1.48983226683e+00
1.48920514183e+00
1.49066350207e+00
1.48924327673e+00
1.49093228013e+00
1.49129834458e+00
1.48956675092e+00
1.49011914509e+00
1.49080523876e+00
1.49001459397e+00
1.48970727781e+00
1.48983333150e+00
1.49004270871e+00
1.49007572096e+00
1.48943887655e+00
1.48962723747e+00
1.48980510032e+00
1.49115771471e+00
1.48891480091e+00
1.49094820712e+00
1.48990625902e+00
1.48989554255e+00
1.49130304916e+00
1.48946630543e+00
1.49039677455e+00
1.48919673439e+00
1.48967047833e+00
1.49061916215e+00
1.48963589979e+00
1.48934361602e+00
1.48889666768e+00
1.48990032855e+00
1.48844747957e+00
1.49045852062e+00
1.49113246898e+00
1.49175704767e+00
1.48949272626e+00
1.49106200289e+00
1.48887105077e+00
1.49009789605e+00
1.48901565932e+00
1.48998492046e+00
1.49039194090e+00
1.48988418632e+00
1.49007052898e+00
1.49055917132e+00
1.48948723143e+00
1.48805940577e+00
1.48949151176e+00
1.48922473264e+00
1.48997276151e+00
1.49047638851e+00
1.48957162139e+00
1.49046032003e+00
1.49068508813e+00
1.48939820235e+00
1.48964036411e+00
1.48860383196e+00
1.48965369318e+00
1.49035406466e+00
1.49004696696e+00
1.49024707002e+00
1.49024438371e+00
1.49109457494e+00
1.49050730989e+00
1.48947920640e+00
1.48991570430e+00
1.49012068774e+00
1.48990442699e+00
1.48878142399e+00
1.48969350368e+00
1.49084169648e+00
1.48808688418e+00
1.48938303145e+00
1.48960444161e+00
1.49108558787e+00
1.49003883088e+00
1.48961721238e+00
1.49047056356e+00
1.49007966556e+00
1.49007226662e+00
1.49044853222e+00
1.49041336903e+00
1.48986878487e+00
1.49022636820e+00
1.48960114103e+00
1.49004879193e+00
1.49108597570e+00
1.48954803584e+00
1.48897284992e+00
1.49040453521e+00
1.48992873805e+00
1.49049665233e+00
1.49015736711e+00
1.48857893163e+00
1.49009354722e+00
1.49021831254e+00
1.48973292657e+00
1.48914287670e+00
1.49061695958e+00
1.49001407432e+00
1.49119230179e+00
1.49106372146e+00
1.48924166907e+00
1.49088769724e+00
1.48996269407e+00
1.49066673295e+00
1.49068097036e+00
1.49068265789e+00
1.49188159401e+00
1.49050232292e+00
1.49018611644e+00
1.49127776037e+00
1.49058450716e+00
1.48918953309e+00
1.49113052486e+00
1.49002229293e+00
1.48886275420e+00
1.48863098399e+00
1.48926842878e+00
1.49113170656e+00
1.48954842102e+00
1.48961456651e+00
1.48928204248e+00
1.49182997991e+00
1.49127842098e+00
1.49093799548e+00
1.49042884147e+00
1.48945066409e+00
1.48991794073e+00
1.49009498087e+00
1.48905477646e+00
1.48930231810e+00
1.48996408596e+00
1.49066765192e+00
1.48828681499e+00
1.49061313688e+00
1.48998345332e+00
1.49079817343e+00
1.48924161784e+00
1.49074515509e+00
1.49122362681e+00
1.49014903259e+00
1.49068424027e+00
1.48951841607e+00
1.48998249454e+00
1.49071292906e+00
1.49040827652e+00
1.49088736466e+00
1.49088098789e+00
1.48896658319e+00
1.48986773426e+00
1.49053462015e+00
1.49104238751e+00
1.49083852822e+00
1.49009070118e+00
1.48972436991e+00
1.49049122781e+00
1.49009245861e+00
1.49003021247e+00
1.48955082467e+00
1.48952747819e+00
1.49038859525e+00
1.49018914697e+00
1.48888964204e+00
1.48948641675e+00
1.49074196367e+00
1.49185092404e+00
1.49141302673e+00
1.48995917596e+00
1.48998445008e+00
1.48962297697e+00
1.49011057948e+00
1.49042252060e+00
1.48853171437e+00
1.48899980151e+00
1.49043329252e+00
1.48934527795e+00
1.49035402304e+00
1.48962465277e+00
1.49027782050e+00
1.49162867529e+00
1.48983667088e+00
1.48892132129e+00
1.49080379639e+00
1.48982174050e+00
1.49041359767e+00
1.49033346019e+00
1.49034959691e+00
1.48938309281e+00
1.49017441791e+00
1.49069702831e+00
1.48972000703e+00
1.49105238078e+00
1.48993148456e+00
1.49028304909e+00
1.48941887835e+00
1.49100567685e+00
1.49004507250e+00
1.49064631804e+00
1.48862663311e+00
1.49036131270e+00
1.48991240932e+00
1.48903995834e+00
1.49084635562e+00
1.49003235219e+00
1.49061087828e+00
1.49019701191e+00
1.48832673276e+00
1.48951946277e+00
1.49028449907e+00
1.48961839671e+00
1.49029770726e+00
1.49034565304e+00
1.49017657775e+00
1.49019754449e+00
1.49019349607e+00
1.49000687791e+00
1.48901346877e+00
1.48978585033e+00
1.48913062022e+00
1.49033445211e+00
1.48996938088e+00
1.48993965508e+00
1.48979628109e+00
1.48997017269e+00
1.49086883364e+00
1.48960685290e+00
1.48927073292e+00
1.48993145079e+00
1.49013045791e+00
1.48947941511e+00
1.49020366593e+00
1.48950378100e+00
1.48947340753e+00
1.49002319696e+00
1.49046537612e+00
1.49031082935e+00
1.49036633154e+00
1.49051760966e+00
1.48964289427e+00
1.49035454628e+00
1.48908089503e+00
1.49048704618e+00
1.49025901163e+00
1.48927671977e+00
1.49069324572e+00
1.48946922511e+00
1.49005350391e+00
1.48936609559e+00
1.48928073294e+00
1.49024346276e+00
1.48999190378e+00
1.49069512468e+00
1.48965548212e+00
1.48970969493e+00
1.48919167876e+00
1.49013362486e+00
1.48954785248e+00
1.48944659314e+00
1.49016531532e+00
1.49073260086e+00
1.49075085685e+00
1.49077801312e+00
1.49055613663e+00
1.49054269226e+00
1.48982446177e+00
1.48988598358e+00
1.48915990684e+00
1.48986980432e+00
1.48855614802e+00
1.48986160620e+00
1.49012343489e+00
1.48892991607e+00
1.49033812042e+00
1.49068979444e+00
1.49005218143e+00
1.48960412029e+00
1.48992596712e+00
1.49012446579e+00
1.48993252556e+00
1.48973770376e+00
1.48943079126e+00
1.49044391872e+00
1.49025865836e+00
1.48952274973e+00
1.48840235755e+00
1.49060446741e+00
1.48911803742e+00
1.48908500596e+00
1.49007573030e+00
1.49006373762e+00
1.49029568812e+00
1.48918856577e+00
1.49043385937e+00
1.48943746776e+00
1.49069589547e+00
1.49019452222e+00
1.48967431185e+00
1.48995555060e+00
1.48959414277e+00
1.48991262914e+00
1.48962439860e+00
1.49013102281e+00
1.49003103396e+00
1.49083938664e+00
1.49007870229e+00
1.49068752248e+00
1.48959798784e+00
1.49002684791e+00
1.49017398549e+00
1.49088811574e+00
1.48966781173e+00
1.48965828852e+00
1.48966947677e+00
1.48958171978e+00
1.49078224005e+00
1.48840574398e+00
1.48981803325e+00
1.48976049988e+00
1.48964260911e+00
1.49078156490e+00
1.48992597192e+00
1.48962116033e+00
1.49022326265e+00
1.48909777216e+00
1.48974434165e+00
1.48927857468e+00
1.49062224674e+00
1.48922553518e+00
1.49090467161e+00
1.48987762310e+00
1.48899521285e+00
1.49008782767e+00
1.48989178805e+00
1.49096348615e+00
1.48926087163e+00
1.48964260492e+00
1.48997737523e+00
1.48899554827e+00
1.49050891455e+00
1.49054665629e+00
1.48954268997e+00
1.48903738663e+00
1.48890001860e+00
1.49096027934e+00
1.48953135257e+00
1.48932580260e+00
1.49055220497e+00
1.49023214663e+00
1.49111910777e+00
1.49170071951e+00
1.49094311792e+00
1.48971826078e+00
1.48912828566e+00
1.49079301744e+00
1.48985627737e+00
1.49027497789e+00
1.49018654889e+00
1.49054472360e+00
1.48971479530e+00
1.48787055477e+00
1.48998217506e+00
1.49063940695e+00
1.49074547088e+00
1.48945917502e+00
1.49038246484e+00
1.48933245253e+00
1.48877441727e+00
1.49045909255e+00
1.48975881378e+00
1.48929643716e+00
1.49019189571e+00
1.49082574368e+00
1.48901243423e+00
1.48919194283e+00
1.48867353764e+00
1.48933833304e+00
1.48991355669e+00
1.48991966434e+00
1.48967560126e+00
1.48817055681e+00
1.48907262896e+00
1.49069391831e+00
1.48932861899e+00
1.48975735472e+00
1.49088100018e+00
1.48991100753e+00
1.48949697733e+00
1.49008071340e+00
1.48976956875e+00
1.48896090672e+00
1.48989547608e+00
1.48975368599e+00
1.48979101562e+00
1.48985149740e+00
1.49084304999e+00
1.48906433550e+00
1.48901830321e+00
1.48925512555e+00
1.48824875117e+00
1.48911677942e+00
1.49151027150e+00
1.48989890190e+00
1.49020592289e+00
1.48919888515e+00
1.49065680694e+00
1.49098582762e+00
1.48879790945e+00
1.49053753862e+00
1.49057996138e+00
1.48960877266e+00
1.49029054043e+00
1.49013959626e+00
1.49029377018e+00
1.48968394532e+00
1.48988233723e+00
1.48990134443e+00
1.49045776047e+00
1.49020204855e+00
1.49063813057e+00
1.48993706587e+00
1.48943734121e+00
1.49008372576e+00
1.48863384822e+00
1.49055734006e+00
1.48943524168e+00
1.48989365674e+00
1.48931568815e+00
1.49073404062e+00
1.48855467758e+00
1.48918819660e+00
1.49046301064e+00
1.48872007910e+00
1.48953820768e+00
1.49020428907e+00
1.48945061483e+00
1.48994480399e+00
1.48964733509e+00
1.49026303449e+00
1.48983976314e+00
1.48986949475e+00
1.49039285261e+00
1.48859509895e+00
1.48942974689e+00
1.49015009593e+00
1.49137141664e+00
1.48933540701e+00
1.49049710365e+00
1.48967659223e+00
1.48856283463e+00
1.48939794327e+00
1.48952868171e+00
1.48858138301e+00
1.48815854301e+00
1.48915897512e+00
1.49023829523e+00
1.48963067485e+00
1.48988692808e+00
1.49008503705e+00
1.49019209102e+00
1.48946800063e+00
1.49031594055e+00
1.48978476824e+00
1.49067946739e+00
1.48903313277e+00
1.49084896197e+00
1.48869590755e+00
1.49043124943e+00
1.48973004920e+00
1.49085382131e+00
1.49063304969e+00
1.48905177511e+00
1.48923102366e+00
1.48905624130e+00
1.48891306470e+00
1.49093911489e+00
1.49027553008e+00
1.48986796958e+00
1.49070212391e+00
1.49097598292e+00
1.48880592611e+00
1.49086171127e+00
1.49080740316e+00
1.49114126104e+00
1.48990912448e+00