7.39860872710e-01
7.39390341485e-01
7.41423855434e-01
7.42199566775e-01
7.41822608537e-01
7.41445762699e-01
7.40986349368e-01
7.41326921785e-01
7.43219843509e-01
7.43107603523e-01
7.40763670381e-01
7.43908517817e-01
7.42278700695e-01
7.42561605795e-01
7.37974628799e-01
7.41443078054e-01
7.39760509136e-01
7.42271130856e-01
7.44214868286e-01
7.41934353598e-01
7.41425564493e-01
7.41295291564e-01
7.39890854141e-01
7.40402320048e-01
7.42272317622e-01
7.41128011298e-01
7.41447635432e-01
7.42540369084e-01
7.42672065743e-01
7.42239442344e-01
7.40433618510e-01
7.37758989488e-01
7.41903407298e-01
7.39965684598e-01
7.41045848259e-01
7.40902249728e-01
7.38193992530e-01
7.41875248655e-01
7.41149738737e-01
7.41311034882e-01
7.41196126492e-01
7.41841898304e-01
7.40225136455e-01
7.41548473967e-01
7.42596068286e-01
7.41259983357e-01
7.41617466541e-01
7.38736946726e-01
7.42175788116e-01
7.40647157697e-01
7.43141809136e-01
7.40501997569e-01
7.41745577154e-01
7.43364490717e-01
7.43248740408e-01
7.40421493969e-01
7.41414687784e-01
7.39700042412e-01
7.43265951465e-01
7.41984024861e-01
7.40506859269e-01
7.42647360913e-01
7.41643667932e-01
7.41668910679e-01
7.39431086726e-01
7.41198033799e-01
7.41701852107e-01
7.42565713588e-01
7.40430754304e-01
7.39557141279e-01
7.40767533183e-01
7.40671112788e-01
7.39437232490e-01
7.42292211894e-01
7.42454867009e-01
7.41146033879e-01
7.41115814077e-01
7.40603684998e-01
7.40698299089e-01
7.43018895516e-01
7.40238926672e-01
7.42469397562e-01
7.42107098345e-01
7.41103383798e-01
7.39379482673e-01
7.41154215513e-01
7.40638995119e-01
7.41157975531e-01
7.39662712025e-01
7.40180612577e-01
7.42143289827e-01
7.39919333528e-01
7.42730156898e-01
7.40110863275e-01
7.38068274897e-01
7.42778255998e-01
7.40654077063e-01
7.44242988980e-01
7.42421971684e-01
7.40082996366e-01
7.41201175035e-01
7.41090072594e-01
7.44044879653e-01
7.41793754324e-01
7.42632526522e-01
7.39388304822e-01
7.41496132392e-01
7.40617131154e-01
7.42642725250e-01
7.42432344590e-01
7.39102300951e-01
7.44130246702e-01
7.39548296688e-01
7.40284749856e-01
7.42379047711e-01
7.43034987140e-01
7.43068521994e-01
7.41896988366e-01
7.40712606988e-01
7.42150296101e-01
7.38826731341e-01
7.40936097984e-01
7.41515112366e-01
7.41840924839e-01
7.43892994331e-01
7.41797091514e-01
7.40248957599e-01
7.42499388530e-01
7.41996590242e-01
7.41883182206e-01
7.43100940044e-01
7.41248994814e-01
7.41537718945e-01
7.39663321909e-01
7.41046656631e-01
7.40843850279e-01
7.39721820047e-01
7.43011271378e-01
7.37069093899e-01
7.44551718742e-01
7.40219933606e-01
7.41003877560e-01
7.42320295428e-01
7.42634623426e-01
7.40045667223e-01
7.39745852804e-01
7.41865412240e-01
7.40976990202e-01
7.42222753222e-01
7.41831535649e-01
7.42641882632e-01
7.41536628386e-01
7.41734034648e-01
7.41165434263e-01
7.42211538069e-01
7.42582454161e-01
7.40967581648e-01
7.40740983470e-01
7.43277809332e-01
7.43661953463e-01
7.42712962950e-01
7.40844739957e-01
7.41758791467e-01
7.42695134211e-01
7.42656019883e-01
7.42991461464e-01
7.42841985129e-01
7.42320393124e-01
7.41163420983e-01
7.42557964884e-01
7.42905664290e-01
7.39306222774e-01
7.40456745397e-01
7.40661166348e-01
7.42729208114e-01
7.39336579787e-01
7.39650943181e-01
7.42343102910e-01
7.40293140539e-01
7.41635948042e-01
7.40741276396e-01
7.44407707036e-01
7.41712988525e-01
7.42671312026e-01
7.40498709938e-01
7.39555612691e-01
7.42828040846e-01
7.42689875590e-01
7.41588197099e-01
7.43616052259e-01
7.39824198834e-01
7.40511383013e-01
7.40605513815e-01
7.42302671221e-01
7.40597326217e-01
7.39103350167e-01
7.40427450075e-01
7.43481122954e-01
7.41626125253e-01
7.40296584749e-01
7.41069871875e-01
7.38534811128e-01
7.42737971918e-01
7.38726322791e-01
7.40230152758e-01
7.42192619399e-01
7.40265611837e-01
7.41861653097e-01
7.41627678075e-01
7.41956351434e-01
7.41461967036e-01
7.41832920642e-01
7.41138504144e-01
7.40660845396e-01
7.43242503281e-01
7.40797924074e-01
7.39437562646e-01
7.38480679821e-01
7.40101650618e-01
7.41869024665e-01
7.41616246238e-01
7.42373613438e-01
7.40652788030e-01
7.41030555754e-01
7.40965881378e-01
7.39375088546e-01
7.40461413541e-01
7.40472687464e-01
7.42041848797e-01
7.40148716010e-01
7.40546659049e-01
7.43951424071e-01
7.39640284007e-01
7.39283756858e-01
7.42672602885e-01
7.42534170430e-01
7.41803116055e-01
7.39581302190e-01
7.42545851861e-01
7.40682787278e-01
7.41826352412e-01
7.42667087796e-01
7.42721388327e-01
7.39840064210e-01
7.44087377311e-01
7.42827869346e-01
7.40207625844e-01
7.40405349749e-01
7.41269392835e-01
7.41775737081e-01
7.39106354552e-01
7.41469759456e-01
7.41711008921e-01
7.40781243220e-01
7.41946956545e-01
7.41291376892e-01
7.40644947810e-01
7.39324263274e-01
7.41422043900e-01
7.42595199012e-01
7.41157733378e-01
7.42775118908e-01
7.41985683506e-01
7.39973873892e-01
7.38549030294e-01
7.39773677318e-01
7.41630333787e-01
7.39625490519e-01
7.40700612725e-01
7.43675665584e-01
7.42903405398e-01
7.39760367880e-01
7.41412868734e-01
7.42443321457e-01
7.41240699318e-01
7.39749056744e-01
7.42724989828e-01
7.43761406483e-01
7.40849384294e-01
7.42841790659e-01
7.42805584093e-01
7.40659756045e-01
7.38888318968e-01
7.42348090288e-01
7.41550157018e-01
7.38280913318e-01
7.43093956631e-01
7.42661566905e-01
7.41252082545e-01
7.41838674132e-01
7.43090980697e-01
7.42107005016e-01
7.41623863499e-01
7.43228017850e-01
7.40948599657e-01
7.43111956146e-01
7.38960640894e-01
7.40248768078e-01
7.40568654889e-01
7.43610885770e-01
7.39615784037e-01
7.40686050453e-01
7.44223677347e-01
7.41241797942e-01
7.43511849513e-01
7.41913177659e-01
7.41354682839e-01
7.41426638939e-01
7.38540721767e-01
7.40968658030e-01
7.42094121646e-01
7.39746677691e-01
7.39235879063e-01
7.41333213327e-01
7.40558585882e-01
7.40769591652e-01
7.41628833376e-01
7.40880003892e-01
7.39949994747e-01
7.39292857906e-01
7.45265212892e-01
7.43127711298e-01
7.41197239729e-01
7.44731841787e-01
7.41064413501e-01
7.41688878865e-01
7.42333361850e-01
7.39851480676e-01
7.40486498333e-01
7.41703658277e-01
7.41998702887e-01
7.40684176731e-01
7.42051012974e-01
7.40956669071e-01
7.40208884271e-01
7.42483499119e-01
7.42423999024e-01
7.41026949477e-01
7.41674195214e-01
7.43161430663e-01
7.41636260066e-01
7.40507381661e-01
7.42270125907e-01
7.43145860872e-01
7.41336406894e-01
7.42738562530e-01
7.42616421780e-01
7.40576540799e-01
7.41141019924e-01
7.40983821877e-01
7.41665357760e-01
7.45029902252e-01
7.39345462568e-01
7.38582108926e-01
7.39907161991e-01
7.43387816338e-01
7.41128093490e-01
7.41243238541e-01
7.42750680712e-01
7.42853645723e-01
7.41067151412e-01
7.41220392317e-01
7.42143958192e-01
7.41429136467e-01
7.42423982443e-01
7.42405794777e-01
7.40506581477e-01
7.41809289089e-01
7.40680974469e-01
7.41555753762e-01
7.41224929025e-01
7.43580954373e-01
7.39791606917e-01
7.40023887316e-01
7.43963530769e-01
7.40552282317e-01
7.40586127627e-01
7.40282512322e-01
7.41246415368e-01
7.40994555296e-01
7.40211519907e-01
7.40669171042e-01
7.42365662689e-01
7.42029953757e-01
7.40969267079e-01
7.41058834822e-01
7.40862866081e-01
7.41925180418e-01
7.42929324903e-01
7.44298237570e-01
7.41165825039e-01
7.41077505270e-01
7.40725980362e-01
7.42200603528e-01
7.40591323038e-01
7.41424840169e-01
7.42327769211e-01
7.40942595106e-01
7.40900754156e-01
7.40990746242e-01
7.42339840626e-01
7.42011333549e-01
7.41200260633e-01
7.42856168848e-01
7.42974619578e-01
7.41838828605e-01
7.41403972225e-01
7.42587937309e-01
7.40705049725e-01
7.41463157903e-01
7.41576862937e-01
7.45742019802e-01
7.42740180673e-01
7.41932098099e-01
7.42351068980e-01
7.40078165652e-01
7.40486757812e-01
7.40832260659e-01
7.42741305633e-01
7.42199425098e-01
7.39509907794e-01
7.42432101940e-01
7.42024569464e-01
7.40480021860e-01
7.40924860204e-01
7.41978525193e-01
7.38367029881e-01
7.40207664423e-01
7.40921360586e-01
7.39721755837e-01
7.40355083628e-01
7.41332412025e-01
7.43098125017e-01
7.41700729889e-01
7.41649268003e-01
7.41539781895e-01
7.40642698700e-01
7.42660224394e-01
7.39131596386e-01
7.38983126463e-01
7.43457498819e-01
7.41791830320e-01
7.42179103120e-01
7.39621711608e-01
7.43809260740e-01
7.41217344108e-01
7.40598896886e-01
7.41932869910e-01
7.42105879405e-01
7.42361300647e-01
7.41908379148e-01
7.41624332863e-01
7.41445880095e-01
7.41789561514e-01
7.44073134599e-01
7.40633902920e-01
7.40521157892e-01
7.43839189084e-01
7.40772052413e-01
7.41883060240e-01
7.42205487788e-01
7.41509832985e-01
7.41138908743e-01
7.42190564316e-01
7.42352448341e-01
7.40705698599e-01
7.39036841154e-01
7.42921600349e-01
7.41656053077e-01
7.40575086111e-01
7.43365805008e-01
7.41949009545e-01
7.41096500170e-01
7.42608956420e-01
7.41199337690e-01
7.41093865157e-01
7.42468778626e-01
7.43657479109e-01
7.42393031922e-01
7.42273021675e-01
7.39976353122e-01
7.42372045517e-01
7.40987051437e-01
7.42370118752e-01
7.39648156638e-01
7.41109864406e-01
7.41387524628e-01
7.43773719893e-01
7.42443770359e-01
7.39651528200e-01
7.41921396608e-01
7.42608671369e-01
7.43366235567e-01
7.43869998524e-01
7.43108844484e-01
7.40140220038e-01
7.39659303478e-01
7.42862522379e-01
7.41364947185e-01
7.43705277832e-01
7.41471297475e-01