7.92994064100e-01
7.92843561667e-01
7.93220155981e-01
7.93495330928e-01
7.93480638874e-01
7.93011291461e-01
7.92695312136e-01
7.92829619664e-01
7.93176414008e-01
7.93539060902e-01
7.93538989258e-01
7.93098146522e-01
7.92445159452e-01
7.92904344474e-01
7.92967710266e-01
7.93231789275e-01
7.92952251165e-01
7.92674297377e-01
7.92870018498e-01
7.93401575505e-01
7.93331535989e-01
7.93078722090e-01
7.92916338572e-01
7.93095414309e-01
7.92310874892e-01
7.92598852303e-01
7.93419301651e-01
7.93530555908e-01
7.93352190749e-01
7.93090310566e-01
7.93000839576e-01
7.92450629887e-01
7.93639137401e-01
7.92668336666e-01
7.93105920576e-01
7.92551440679e-01
7.93084458214e-01
7.93322716724e-01
7.93097759973e-01
7.93428365160e-01
7.92550502991e-01
7.92609692372e-01
7.92963526608e-01
7.92653928085e-01
7.93307776128e-01
7.92757005102e-01
7.92796433117e-01
7.92462481796e-01
7.92813609068e-01
7.92316574506e-01
7.92945628287e-01
7.92689345388e-01
7.93102277526e-01
7.92939061989e-01
7.93412807227e-01
7.92814830166e-01
7.92367283793e-01
7.93220244985e-01
7.93006884056e-01
7.93081122308e-01
7.93218650444e-01
7.92260238118e-01
7.92450467035e-01
7.93029389124e-01
7.92605671570e-01
7.92563494298e-01
7.92877173016e-01
7.93218951305e-01
7.92961882456e-01
7.93536497546e-01
7.92388050407e-01
7.93102180227e-01
7.92322124623e-01
7.92640477555e-01
7.93203266579e-01
7.93249957788e-01
7.93335142248e-01
7.92568745256e-01
7.92684193519e-01
7.93031265035e-01
7.92929339408e-01
7.93235264970e-01
7.92837893991e-01
7.93348769228e-01
7.93132363600e-01
7.92601056169e-01
7.93385684885e-01
7.92475875776e-01
7.93375418779e-01
7.92847493950e-01
7.93613563973e-01
7.92721019134e-01
7.93298451123e-01
7.93101814837e-01
7.92766651245e-01
7.93031972716e-01
7.93010892158e-01
7.93095021107e-01
7.92940590897e-01
7.92930007514e-01
7.92920092770e-01
7.92780578489e-01
7.93216622968e-01
7.93011847888e-01
7.93137654697e-01
7.92997595690e-01
7.92671012483e-01
7.93048345644e-01
7.93026016459e-01
7.92308041718e-01
7.92863040387e-01
7.93660468207e-01
7.93304373791e-01
7.92374893894e-01
7.93174274072e-01
7.92691239459e-01
7.93144079896e-01
7.93659939204e-01
7.92389158562e-01
7.93035865338e-01
7.92456181705e-01
7.93036505061e-01
7.93373885940e-01
7.93522472938e-01
7.93692412548e-01
7.92646511332e-01
7.92189528480e-01
7.93053597068e-01
7.92774833095e-01
7.93106619801e-01
7.93197941488e-01
7.92640666565e-01
7.92529040264e-01
7.92543953857e-01
7.92684784705e-01
7.93278732029e-01
7.93175092848e-01
7.93076462899e-01
7.93147309600e-01
7.93483948945e-01
7.93181071499e-01
7.92616017325e-01
7.92516068284e-01
7.92884243839e-01
7.92966174556e-01
7.92145249274e-01
7.93052900743e-01
7.92926850813e-01
7.92673494314e-01
7.93335458796e-01
7.92737751937e-01
7.92754409308e-01
7.93021594424e-01
7.93130451807e-01
7.93001318126e-01
7.93758249956e-01
7.92977761456e-01
7.92823229612e-01
7.93584269009e-01
7.93490698211e-01
7.92978080604e-01
7.92968969568e-01
7.93224567536e-01
7.92927356149e-01
7.93247228553e-01
7.92838015481e-01
7.93141874443e-01
7.93263989893e-01
7.93210266540e-01
7.93272777532e-01
7.93091739991e-01
7.93006629353e-01
7.93016555994e-01
7.93179950884e-01
7.92949413791e-01
7.92823609282e-01
7.93023683754e-01
7.93175845439e-01
7.93520453241e-01
7.92863661174e-01
7.92923979721e-01
7.93444732908e-01
7.93359686496e-01
7.93190231919e-01
7.92946574712e-01
7.93050456136e-01
7.92385824642e-01
7.93336830046e-01
7.92918355759e-01
7.92855425919e-01
7.92873682541e-01
7.92878167930e-01
7.92310792761e-01
7.92683970465e-01
7.92795618535e-01
7.92859287975e-01
7.93081775687e-01
7.92917080452e-01
7.93416664569e-01
7.93285402871e-01
7.93038723255e-01
7.92774499603e-01
7.92508832731e-01
7.92724848756e-01
7.92580531931e-01
7.93210955592e-01
7.93134686894e-01
7.92620933489e-01
7.92586744899e-01
7.92594446229e-01
7.93457084483e-01
7.93392803289e-01
7.93108495449e-01
7.93243870619e-01
7.93230662681e-01
7.92613506816e-01
7.92328029549e-01
7.92441477047e-01
7.92467165836e-01
7.93246424867e-01
7.93163288871e-01
7.93188475545e-01
7.92803863905e-01
7.93044008821e-01
7.92883163187e-01
7.92896715774e-01
7.93013192797e-01
7.92801688488e-01
7.93047991330e-01
7.92802586990e-01
7.92737918950e-01
7.93034516047e-01
7.92816141398e-01
7.92608803996e-01
7.92965670179e-01
7.93347955235e-01
7.93034576987e-01
7.92908218825e-01
7.93167948861e-01
7.92550049665e-01
7.93470592057e-01
7.93400990246e-01
7.93595930189e-01
7.92719370619e-01
7.92883486780e-01
7.93416871588e-01
7.92658482112e-01
7.92723589680e-01
7.92485214999e-01
7.92947686914e-01
7.92836349959e-01
7.93349252475e-01
7.93489350559e-01
7.92932053039e-01
7.93034139400e-01
7.93060460398e-01
7.92798505380e-01
7.92634477822e-01
7.93482226291e-01
7.93285925970e-01
7.93208465152e-01
7.93602946519e-01
7.93181698146e-01
7.92747644592e-01
7.92644274922e-01
7.93043877346e-01
7.93673189027e-01
7.92690907483e-01
7.92743677313e-01
7.92938208685e-01
7.93001819809e-01
7.92654441750e-01
7.93123197893e-01
7.93207883514e-01
7.93665310457e-01
7.93010986474e-01
7.93151573921e-01
7.93493541309e-01
7.93274574079e-01
7.92763251573e-01
7.92611234424e-01
7.92771804155e-01
7.92679909314e-01
7.92054596114e-01
7.93193380890e-01
7.92467206062e-01
7.92786612512e-01
7.92505626030e-01
7.92516883838e-01
7.93050965607e-01
7.93380946875e-01
7.92939327350e-01
7.93059087974e-01
7.92341153786e-01
7.93000198764e-01
7.93397118683e-01
7.92636185352e-01
7.92696325440e-01
7.93352586301e-01
7.93110994392e-01
7.92791680940e-01
7.92932968875e-01
7.93361404368e-01
7.93123096025e-01
7.92963177683e-01
7.93220515778e-01
7.92806910731e-01
7.92951350637e-01
7.92343237155e-01
7.92702534841e-01
7.92784548035e-01
7.93046944518e-01
7.92645838002e-01
7.93130902376e-01
7.92611121159e-01
7.93079138711e-01
7.92387285570e-01
7.92816325500e-01
7.93400655569e-01
7.92846980884e-01
7.93232280814e-01
7.93429539761e-01
7.92929897517e-01
7.92591789743e-01
7.92586663313e-01
7.92763136211e-01
7.93344017870e-01
7.93115441450e-01
7.92484242653e-01
7.92424547119e-01
7.93029968396e-01
7.92772200315e-01
7.92728110174e-01
7.93315286594e-01
7.93309119830e-01
7.93107209484e-01
7.93170639399e-01
7.93167881097e-01
7.93036233938e-01
7.92947420448e-01
7.92719377387e-01
7.93039554584e-01
7.92776014829e-01
7.92967264895e-01
7.92202654837e-01
7.93555038018e-01
7.93058412994e-01
7.92404976122e-01
7.93129517781e-01
7.92999204514e-01
7.92639970162e-01
7.93184580149e-01
7.92470355843e-01
7.92980728373e-01
7.92573045608e-01
7.92624812765e-01
7.93057257382e-01
7.93183459234e-01
7.92469647298e-01
7.92483403324e-01
7.93395205783e-01
7.92909178012e-01
7.92509499516e-01
7.93189803254e-01
7.92971286753e-01
7.93282468739e-01
7.93176213755e-01
7.93472939577e-01
7.92633306838e-01
7.92447450232e-01
7.93022766067e-01
7.93087845427e-01
7.92723343434e-01
7.92545013200e-01
7.92997887655e-01
7.93071976237e-01
7.92444283223e-01
7.93049117184e-01
7.93024947249e-01
7.93347916663e-01
7.92913517637e-01
7.92854425618e-01
7.93024489614e-01
7.92510466770e-01
7.93193428687e-01
7.92708882615e-01
7.92903639153e-01
7.93154512703e-01
7.93187548668e-01
7.93186797398e-01
7.92248135061e-01
7.92769041658e-01
7.93619828035e-01
7.93111660894e-01
7.92934398047e-01
7.93237524361e-01
7.92895397146e-01
7.92987629415e-01
7.92904017567e-01
7.92727102795e-01
7.92777859078e-01
7.93242270680e-01
7.93139262932e-01
7.92649949384e-01
7.93247089474e-01
7.92922619980e-01
7.92252009251e-01
7.93131763865e-01
7.93193676330e-01
7.93134784943e-01
7.92580768606e-01
7.93400680745e-01
7.93291293404e-01
7.92113219457e-01
7.92916361686e-01
7.92915434470e-01
7.92935059511e-01
7.93632119657e-01
7.93618375712e-01
7.93527960106e-01
7.92205559955e-01
7.93574036348e-01
7.92691424194e-01
7.92577970460e-01
7.92657875381e-01
7.92872829234e-01
7.92969203343e-01
7.92765415414e-01
7.93030457630e-01
7.93030193102e-01
7.92227072037e-01
7.93322259166e-01
7.92760191599e-01
7.93365458076e-01
7.93215013554e-01
7.93146075974e-01
7.92777842238e-01
7.93082061434e-01
7.93242036861e-01
7.92763287947e-01
7.92825226727e-01
7.92936364221e-01
7.93297630122e-01
7.92942426402e-01
7.93164606738e-01
7.92173446296e-01
7.92634838596e-01
7.92663698008e-01
7.92269078985e-01
7.93161220380e-01
7.92544517727e-01
7.92811720559e-01
7.92428724383e-01
7.92571559404e-01
7.93084104768e-01
7.92678623568e-01
7.92593005098e-01
7.93296597501e-01
7.92704204731e-01
7.92946127748e-01
7.92813806192e-01
7.93095720862e-01
7.92658392571e-01
7.92904675106e-01
7.93079241322e-01
7.92223036642e-01
7.92657042683e-01
7.93494476391e-01
7.92535325108e-01
7.92291826254e-01
7.93166920673e-01
7.93418763275e-01
7.93156631648e-01
7.93165560172e-01
7.92898642466e-01
7.93095103327e-01
7.93035817419e-01
7.93199945954e-01
7.93033702104e-01
7.92848530177e-01
7.93063741694e-01
7.93133976976e-01
7.92949086404e-01
7.92689480457e-01
7.92473566096e-01
7.92721508347e-01
7.93456020578e-01
7.92289099634e-01
7.92730156553e-01
7.92650592156e-01
7.93034494368e-01
7.93315089481e-01
7.93158789353e-01
7.92769437653e-01
7.93211096306e-01
7.93015051628e-01
7.92831530900e-01
7.93165058125e-01
7.92875584906e-01
7.93092514874e-01
7.92949344835e-01