1.22943447478e+01
1.23023652311e+01
1.22821605219e+01
1.23003025063e+01
1.23026081508e+01
1.23130940873e+01
1.22812447747e+01
1.23031775824e+01
1.22968557816e+01
1.23024694842e+01
1.23009071188e+01
1.22993735040e+01
1.23003124543e+01
1.23132244720e+01
1.23064430715e+01
1.23004962003e+01
1.23048196031e+01
1.23051694557e+01
1.23053394991e+01
1.23098600114e+01
1.23049799118e+01
1.22977022034e+01
1.23148340828e+01
1.22939460512e+01
1.23058484650e+01
1.22864930158e+01
1.23036242311e+01
1.23007383583e+01
1.22944143632e+01
1.22950890422e+01
1.23038553389e+01
1.23158786963e+01
1.22953588429e+01
1.22949584618e+01
1.22956010017e+01
1.23020953703e+01
1.23190083653e+01
1.22947047109e+01
1.23057061414e+01
1.22916432787e+01
1.23011559796e+01
1.23071883541e+01
1.22875502933e+01
1.22947636091e+01
1.23079400670e+01
1.23167506114e+01
1.22962923886e+01
1.23144376616e+01
1.22878589384e+01
1.22866043283e+01
1.23008553157e+01
1.23074027877e+01
1.22870612609e+01
1.22989715942e+01
1.22850155843e+01
1.22926455241e+01
1.23156873272e+01
1.23148185487e+01
1.23025478230e+01
1.23049378665e+01
1.23014047484e+01
1.23124203649e+01
1.23016718312e+01
1.23059582831e+01
1.22982482919e+01
1.23018465606e+01
1.23026980095e+01
1.23154434393e+01
1.23042740888e+01
1.23229089412e+01
1.23034962431e+01
1.23125765343e+01
1.23026407752e+01
1.23119217951e+01
1.22857041920e+01
1.22971716688e+01
1.23017835145e+01
1.22969017570e+01
1.23236185935e+01
1.23058026112e+01
1.22990153758e+01
1.23037199740e+01
1.22884720546e+01
1.23182789717e+01
1.22896000656e+01
1.22819329212e+01
1.23064095859e+01
1.23186871141e+01
1.22989863576e+01
1.23051591653e+01
1.22983872029e+01
1.23011364582e+01
1.22986848931e+01
1.22961309604e+01
1.22850929952e+01
1.23009171777e+01
1.23157805096e+01
1.23108143669e+01
1.22698269824e+01
1.22851471396e+01
1.22985076021e+01
1.23073194551e+01
1.22935323653e+01
1.22937622534e+01
1.23016816383e+01
1.23032060532e+01
1.23197186767e+01
1.22968333665e+01
1.23151075524e+01
1.22870560391e+01
1.22981128132e+01
1.22879302301e+01
1.23075560749e+01
1.23067289149e+01
1.23072288413e+01
1.23123992178e+01
1.22882011467e+01
1.23160922969e+01
1.23177479911e+01
1.23047767311e+01
1.23024343618e+01
1.22790650968e+01
1.22831002272e+01
1.23206343840e+01
1.22842764141e+01
1.23102378640e+01
1.23082832161e+01
1.23117742786e+01
1.23134508344e+01
1.22871754311e+01
1.23046569451e+01
1.23173500368e+01
1.22905177433e+01
1.23068296867e+01
1.23020330466e+01
1.23055466355e+01
1.23118190664e+01
1.22867237089e+01
1.22964911600e+01
1.23063264964e+01
1.23390475620e+01
1.22940996850e+01
1.22930022726e+01
1.23035408579e+01
1.23120278337e+01
1.22944422969e+01
1.23089717891e+01
1.22879632527e+01
1.23041957671e+01
1.23105227129e+01
1.22936966388e+01
1.23119339375e+01
1.23150215969e+01
1.23020119314e+01
1.23012907017e+01
1.22983354272e+01
1.22845524232e+01
1.23010592468e+01
1.23071560584e+01
1.23014184120e+01
1.22906692172e+01
1.23154860869e+01
1.23113460908e+01
1.22766976495e+01
1.22893517683e+01
1.23117445719e+01
1.23015933246e+01
1.23020772510e+01
1.22888785616e+01
1.22819150335e+01
1.22884886049e+01
1.23028340382e+01
1.23080336971e+01
1.23145390135e+01
1.22922011195e+01
1.23076479933e+01
1.22990775834e+01
1.23162999623e+01
1.22985359365e+01
1.22911263137e+01
1.22943490113e+01
1.23030408778e+01
1.22886081548e+01
1.23226120985e+01
1.23104736802e+01
1.23063291528e+01
1.22991052567e+01
1.23038150435e+01
1.22772722763e+01
1.23090490241e+01
1.23018161001e+01
1.22931180710e+01
1.23140485294e+01
1.22993665378e+01
1.23089449408e+01
1.23056065585e+01
1.23005908174e+01
1.22903592582e+01
1.23071193357e+01
1.23064003471e+01
1.23175440467e+01
1.22940126033e+01
1.23065000256e+01
1.22970298880e+01
1.23133551166e+01
1.22923349270e+01
1.22962176815e+01
1.22737306942e+01
1.23145352721e+01
1.23163841548e+01
1.22831633139e+01
1.23367057185e+01
1.23077968606e+01
1.22888651900e+01
1.23026321972e+01
1.22846804942e+01
1.23046876791e+01
1.22965576291e+01
1.22836371184e+01
1.22999606268e+01
1.23063798155e+01
1.23051249010e+01
1.22873092489e+01
1.23129446527e+01
1.22991738534e+01
1.22895707871e+01
1.23060063010e+01
1.23059243471e+01
1.23082027202e+01
1.22788510761e+01
1.23015387069e+01
1.23043426469e+01
1.23004370720e+01
1.22860025718e+01
1.23035752192e+01
1.23069237267e+01
1.23204795839e+01
1.22984595098e+01
1.23003072665e+01
1.23002276447e+01
1.22877164413e+01
1.22870982107e+01
1.23214873412e+01
1.22934151933e+01
1.22989092447e+01
1.22952567613e+01
1.22905172616e+01
1.23055516874e+01
1.22961600176e+01
1.23041113938e+01
1.22849650029e+01
1.22986157923e+01
1.23008935466e+01
1.22991996157e+01
1.23147840301e+01
1.23098166934e+01
1.23224648758e+01
1.23098858325e+01
1.22925779135e+01
1.22963877425e+01
1.23137767322e+01
1.22975517563e+01
1.22956836103e+01
1.22955283993e+01
1.23023939847e+01
1.23099690759e+01
1.22858374860e+01
1.23036221112e+01
1.23098810267e+01
1.23117902548e+01
1.22960156479e+01
1.23001503942e+01
1.22860264477e+01
1.23050255789e+01
1.23041651795e+01
1.23034771088e+01
1.22864482270e+01
1.23265837360e+01
1.23062659481e+01
1.23000598978e+01
1.22899171451e+01
1.23011652638e+01
1.22934731666e+01
1.22921967435e+01
1.22980357613e+01
1.22688358270e+01
1.22811745350e+01
1.23007660114e+01
1.22967903776e+01
1.22818849047e+01
1.23100704667e+01
1.23023339858e+01
1.23049894032e+01
1.23093160285e+01
1.22990649057e+01
1.23217293128e+01
1.22947951846e+01
1.22878983909e+01
1.22968233151e+01
1.22822234461e+01
1.23073664594e+01
1.23119929198e+01
1.22890917987e+01
1.23065128407e+01
1.23042246956e+01
1.22948944969e+01
1.23180802328e+01
1.23057397057e+01
1.23037239726e+01
1.23135657819e+01
1.22944033557e+01
1.22841882511e+01
1.23064094053e+01
1.23045712537e+01
1.22830798149e+01
1.23159187211e+01
1.23045429241e+01
1.23063319135e+01
1.23227800350e+01
1.22928561151e+01
1.23043781427e+01
1.22921647029e+01
1.22832255178e+01
1.22838557052e+01
1.22907479273e+01
1.23062742458e+01
1.23046669924e+01
1.22997887740e+01
1.22958930731e+01
1.22989319893e+01
1.23062422755e+01
1.22994557727e+01
1.23095134786e+01
1.23110108862e+01
1.22988415250e+01
1.23119877725e+01
1.22899088590e+01
1.23023339731e+01
1.22994114082e+01
1.22895532842e+01
1.22885011034e+01
1.23078257268e+01
1.22967996605e+01
1.23172779797e+01
1.22812275318e+01
1.22952707718e+01
1.23099619604e+01
1.22934107842e+01
1.23007184031e+01
1.23078191777e+01
1.22999991798e+01
1.22972345347e+01
1.23116716027e+01
1.23095872661e+01
1.23254058174e+01
1.23069268892e+01
1.23019385717e+01
1.22836179029e+01
1.22838521985e+01
1.23015112924e+01
1.22932080343e+01
1.23001116698e+01
1.23105316261e+01
1.23056780703e+01
1.22984046423e+01
1.22935532701e+01
1.22752157344e+01
1.23030814769e+01
1.22878685971e+01
1.23072860070e+01
1.22893423773e+01
1.22798660284e+01
1.23087908293e+01
1.23025988311e+01
1.23034182873e+01
1.23174744049e+01
1.23167814741e+01
1.23110586901e+01
1.23059784148e+01
1.23121307246e+01
1.22949380556e+01
1.22994514340e+01
1.22932007858e+01
1.23209392348e+01
1.22927237465e+01
1.23085393629e+01
1.22901879409e+01
1.22993207808e+01
1.23011347837e+01
1.22986312531e+01
1.23142796500e+01
1.22999390143e+01
1.23065814892e+01
1.23038906974e+01
1.23245649297e+01
1.22960921997e+01
1.23018544867e+01
1.23201092304e+01
1.23024188754e+01
1.23016291799e+01
1.22748298150e+01
1.22949850800e+01
1.23027060799e+01
1.22943270384e+01
1.22990322971e+01
1.23068806948e+01
1.22963815642e+01
1.23078035933e+01
1.23019192923e+01
1.22911747332e+01
1.23092055504e+01
1.22980740241e+01
1.23179001163e+01
1.23022585018e+01
1.23057433488e+01
1.23083560247e+01
1.23042925309e+01
1.23139030262e+01
1.23030998659e+01
1.22957633789e+01
1.22945997809e+01
1.23146967647e+01
1.22848456268e+01
1.22973773637e+01
1.23116744791e+01
1.22974362344e+01
1.22983533762e+01
1.23097874096e+01
1.23088642935e+01
1.23055171054e+01
1.23172322632e+01
1.23185034780e+01
1.22950354083e+01
1.23055044757e+01
1.23037737145e+01
1.23140346619e+01
1.23070844887e+01
1.23037785827e+01
1.22959150131e+01
1.23176259546e+01
1.23092608221e+01
1.23105915131e+01
1.23052628970e+01
1.22906130619e+01
1.22912773432e+01
1.22950702539e+01
1.23054523130e+01
1.23016590085e+01
1.22959017928e+01
1.22876745544e+01
1.23100069935e+01
1.23121337443e+01
1.22917660561e+01
1.22937543445e+01
1.22989856933e+01
1.23082967761e+01
1.23073708535e+01
1.22671370965e+01
1.23092106356e+01
1.22972374792e+01
1.23088363915e+01
1.22940457767e+01
1.23134585263e+01
1.23012561284e+01
1.23104237641e+01
1.23155886361e+01
1.23038634055e+01
1.22844887510e+01
1.22978326654e+01
1.22888557006e+01
1.22952732940e+01
1.23268573293e+01
1.23067287672e+01
1.22887531885e+01
1.22928027295e+01
1.23063479459e+01
1.22853923268e+01
1.22917858410e+01
1.22910739321e+01
1.22985087056e+01
1.22963466670e+01
1.22966033423e+01
1.23105939506e+01
1.22980708838e+01
1.23014257679e+01
1.23005252308e+01
1.23010253093e+01
1.22913660885e+01
1.23159859097e+01
1.23117890830e+01
1.22904803436e+01
1.23016269335e+01
1.22946625415e+01
1.22977593858e+01
1.23071454626e+01
1.22955352794e+01
1.23242282988e+01
1.23119507112e+01
1.22988604707e+01
1.22925764580e+01
1.23013613813e+01