-5.40614692965e+00
-5.40641950841e+00
-5.40373057503e+00
-5.40848074749e+00
-5.40449619431e+00
-5.40598222911e+00
-5.40188517274e+00
-5.40384386879e+00
-5.40451790019e+00
-5.40732502495e+00
-5.40640059923e+00
-5.40645598378e+00
-5.40685412628e+00
-5.40579253357e+00
-5.40544808700e+00
-5.40473341893e+00
-5.40506187959e+00
-5.40657078327e+00
-5.40521944709e+00
-5.40424169983e+00
-5.40935802360e+00
-5.40589689409e+00
-5.40518140454e+00
-5.40295538032e+00
-5.40738502558e+00
-5.40392558102e+00
-5.40454356301e+00
-5.40589120761e+00
-5.40241187568e+00
-5.40576919667e+00
-5.40448493451e+00
-5.40603286698e+00
-5.40504319219e+00
-5.40394988713e+00
-5.40735379241e+00
-5.40537018415e+00
-5.40613043198e+00
-5.40480490024e+00
-5.40196476083e+00
-5.40452067977e+00
-5.40425361648e+00
-5.40327616808e+00
-5.40469468097e+00
-5.40536867362e+00
-5.40506072095e+00
-5.40513850407e+00
-5.40595540837e+00
-5.40744035605e+00
-5.40406379873e+00
-5.40619736676e+00
-5.40480479039e+00
-5.40776183963e+00
-5.40555852730e+00
-5.40530251009e+00
-5.40587337437e+00
-5.40452110294e+00
-5.40411684238e+00
-5.40506507778e+00
-5.40684248030e+00
-5.40732842724e+00
-5.40547463798e+00
-5.40566383640e+00
-5.40412107174e+00
-5.40613916522e+00
-5.40420848430e+00
-5.40357606792e+00
-5.40589820611e+00
-5.40672789100e+00
-5.40546499156e+00
-5.40365613631e+00
-5.40582532270e+00
-5.40473890764e+00
-5.40545160183e+00
-5.40621395803e+00
-5.40634561561e+00
-5.40583221014e+00
-5.40449340988e+00
-5.40310686240e+00
-5.40529233593e+00
-5.40282023107e+00
-5.40494301362e+00
-5.40669367766e+00
-5.40184434697e+00
-5.40420993518e+00
-5.40424480230e+00
-5.40588452523e+00
-5.40395778769e+00
-5.40474571447e+00
-5.40774247181e+00
-5.40539778284e+00
-5.40625628404e+00
-5.40364726569e+00
-5.40382289135e+00
-5.40513519163e+00
-5.40457005297e+00
-5.40296325208e+00
-5.40286352270e+00
-5.40405649471e+00
-5.40640471588e+00
-5.40325321117e+00
-5.40347799663e+00
-5.40703763720e+00
-5.40419892444e+00
-5.40419955909e+00
-5.40111792802e+00
-5.40428463781e+00
-5.40623846492e+00
-5.40412192322e+00
-5.40302286244e+00
-5.40462201314e+00
-5.40554795001e+00
-5.40661749178e+00
-5.40575502634e+00
-5.40557771140e+00
-5.40480072707e+00
-5.40582771059e+00
-5.40617054911e+00
-5.40514662297e+00
-5.40568912413e+00
-5.40527660525e+00
-5.40600834322e+00
-5.40296745983e+00
-5.40606117353e+00
-5.40573532886e+00
-5.40476566655e+00
-5.40507943142e+00
-5.40507652232e+00
-5.40361335364e+00
-5.40597038389e+00
-5.40356043549e+00
-5.40512253022e+00
-5.40486819101e+00
-5.40430125870e+00
-5.40463222371e+00
-5.40464877189e+00
-5.40410141486e+00
-5.40607832731e+00
-5.40446257924e+00
-5.40438278659e+00
-5.40455298128e+00
-5.40460656023e+00
-5.40562980023e+00
-5.40482062890e+00
-5.40421030743e+00
-5.40416392969e+00
-5.40768046827e+00
-5.40423959246e+00
-5.40780145396e+00
-5.40554292561e+00
-5.40540783378e+00
-5.40506774198e+00
-5.40371770685e+00
-5.40605869891e+00
-5.40482430149e+00
-5.40451756924e+00
-5.40547849401e+00
-5.40444490832e+00
-5.40651332329e+00
-5.40531254659e+00
-5.40502265683e+00
-5.40675497093e+00
-5.40526350805e+00
-5.40578772609e+00
-5.40805504718e+00
-5.40424654594e+00
-5.40568368494e+00
-5.40543615362e+00
-5.40421796065e+00
-5.40155134445e+00
-5.40814708201e+00
-5.40410873067e+00
-5.40380222403e+00
-5.40526760908e+00
-5.40414592695e+00
-5.40307542789e+00
-5.40512002446e+00
-5.40496990631e+00
-5.40527674374e+00
-5.40768768637e+00
-5.40504779072e+00
-5.40693479725e+00
-5.40460660162e+00
-5.40590013688e+00
-5.40534853637e+00
-5.40558434605e+00
-5.40459669049e+00
-5.40366861220e+00
-5.40497546501e+00
-5.40436884491e+00
-5.40522838853e+00
-5.40462186237e+00
-5.40415505651e+00
-5.40432307426e+00
-5.40357408409e+00
-5.40427534732e+00
-5.40348167936e+00
-5.40583010431e+00
-5.40655661964e+00
-5.40614992592e+00
-5.40652622947e+00
-5.40625302755e+00
-5.40279048008e+00
-5.40663696336e+00
-5.40677205774e+00
-5.40681034357e+00
-5.40232851654e+00
-5.40447994111e+00
-5.40400148579e+00
-5.40468317488e+00
-5.40280285335e+00
-5.40642913711e+00
-5.40566620488e+00
-5.40425417074e+00
-5.40625819641e+00
-5.40615302800e+00
-5.40524944168e+00
-5.40402820409e+00
-5.40508660639e+00
-5.40560207040e+00
-5.40581980469e+00
-5.40333040773e+00
-5.40479234305e+00
-5.40548102846e+00
-5.40380280539e+00
-5.40454514998e+00
-5.40428249647e+00
-5.40482940484e+00
-5.40401764979e+00
-5.40620093881e+00
-5.40601491454e+00
-5.40426743227e+00
-5.40526402806e+00
-5.40413370325e+00
-5.40718529938e+00
-5.40525214913e+00
-5.40346534002e+00
-5.40562234201e+00
-5.40699819486e+00
-5.40719804126e+00
-5.40489582147e+00
-5.40572817777e+00
-5.40568831041e+00
-5.40573765975e+00
-5.40418800496e+00
-5.40526220812e+00
-5.40722365965e+00
-5.40348525419e+00
-5.40294736238e+00
-5.40486338311e+00
-5.40697206757e+00
-5.40421959698e+00
-5.40556227645e+00
-5.40734841822e+00
-5.40536871239e+00
-5.40399992844e+00
-5.40448232671e+00
-5.40649496155e+00
-5.40390250232e+00
-5.40502740204e+00
-5.40610869780e+00
-5.40642054277e+00
-5.40397272428e+00
-5.40727730279e+00
-5.40767603430e+00
-5.40227602330e+00
-5.40393926739e+00
-5.40300827340e+00
-5.40438496248e+00
-5.40439503126e+00
-5.40533668796e+00
-5.40284535987e+00
-5.40373642198e+00
-5.40610612220e+00
-5.40296419869e+00
-5.40304704912e+00
-5.40322051680e+00
-5.40470899466e+00
-5.40496227780e+00
-5.40555523156e+00
-5.40643872470e+00
-5.40398538268e+00
-5.40559914328e+00
-5.40630486262e+00
-5.40444101595e+00
-5.40513278312e+00
-5.40701541105e+00
-5.40526032104e+00
-5.40517528341e+00
-5.40586724892e+00
-5.40362371264e+00
-5.40360213142e+00
-5.40556253337e+00
-5.40658811206e+00
-5.40295927552e+00
-5.40517631299e+00
-5.40341874167e+00
-5.40482762072e+00
-5.40443087409e+00
-5.40496698614e+00
-5.40568220988e+00
-5.40547258508e+00
-5.40475949950e+00
-5.40235360064e+00
-5.40421013699e+00
-5.40287184360e+00
-5.40379228175e+00
-5.40586680533e+00
-5.40483822772e+00
-5.40503353797e+00
-5.40523812002e+00
-5.40335605053e+00
-5.40595597825e+00
-5.40459265301e+00
-5.40311967352e+00
-5.40447413788e+00
-5.40609210835e+00
-5.40716749914e+00
-5.40603012884e+00
-5.40451235938e+00
-5.40497173252e+00
-5.40544585255e+00
-5.40472077581e+00
-5.40407801773e+00
-5.40476424560e+00
-5.40765516523e+00
-5.40433281347e+00
-5.40528326609e+00
-5.40516528678e+00
-5.40520751609e+00
-5.40363211782e+00
-5.40406248674e+00
-5.40677274291e+00
-5.40416514042e+00
-5.40418758716e+00
-5.40405304989e+00
-5.40333735108e+00
-5.40524231475e+00
-5.40320918580e+00
-5.40305959547e+00
-5.40531494525e+00
-5.40601389968e+00
-5.40373318729e+00
-5.40549236192e+00
-5.40432412012e+00
-5.40585181168e+00
-5.40433798282e+00
-5.40876501187e+00
-5.40627059791e+00
-5.40411391094e+00
-5.40510908277e+00
-5.40799410757e+00
-5.40543264450e+00
-5.40272389225e+00
-5.40626192169e+00
-5.40232029384e+00
-5.40360411858e+00
-5.40529784253e+00
-5.40435574321e+00
-5.40712571731e+00
-5.40459386824e+00
-5.40335032027e+00
-5.40582796234e+00
-5.40507603845e+00
-5.40347202206e+00
-5.40729411643e+00
-5.40340059077e+00
-5.40242514140e+00
-5.40428976395e+00
-5.40174191201e+00
-5.40529109591e+00
-5.40430696367e+00
-5.40814173349e+00
-5.40582251823e+00
-5.40582739542e+00
-5.40607593563e+00
-5.40356290231e+00
-5.40497354388e+00
-5.40552334192e+00
-5.40378900289e+00
-5.40555167053e+00
-5.40801466695e+00
-5.40154619594e+00
-5.40422131957e+00
-5.40685903893e+00
-5.40342840468e+00
-5.40345662185e+00
-5.40406050840e+00
-5.40448664502e+00
-5.40745808785e+00
-5.40834690059e+00
-5.40167680736e+00
-5.40552348558e+00
-5.40565371190e+00
-5.40671734411e+00
-5.40641698169e+00
-5.40415383191e+00
-5.40462613804e+00
-5.40402383326e+00
-5.40464911561e+00
-5.40471478783e+00
-5.40671645064e+00
-5.40527236101e+00
-5.40368869700e+00
-5.40400303347e+00
-5.40468155885e+00
-5.40558358945e+00
-5.40622534341e+00
-5.40386973057e+00
-5.40651174620e+00
-5.40580343857e+00
-5.40546182955e+00
-5.40294516927e+00
-5.40443241088e+00
-5.40344605905e+00
-5.40444155989e+00
-5.40582768872e+00
-5.40273254908e+00
-5.40273317271e+00
-5.40664860044e+00
-5.40559639442e+00
-5.40394716899e+00
-5.40404396795e+00
-5.40470364452e+00
-5.40341606529e+00
-5.40352490252e+00
-5.40380998356e+00
-5.40438800848e+00
-5.40474944168e+00
-5.40516863956e+00
-5.40731061752e+00
-5.40573837864e+00
-5.40505988368e+00
-5.40457143645e+00
-5.40396115716e+00
-5.40304127944e+00
-5.40609548249e+00
-5.40398075421e+00
-5.40548291032e+00
-5.40643924937e+00
-5.40443089292e+00
-5.40487107967e+00
-5.40612412830e+00
-5.40554239504e+00
-5.40315022305e+00
-5.40478289962e+00
-5.40672853052e+00
-5.40654557724e+00
-5.40573634755e+00
-5.40695981435e+00
-5.40409380449e+00
-5.40471014527e+00
-5.40558444898e+00
-5.40634620090e+00
-5.40437357201e+00
-5.40293005918e+00
-5.40594968207e+00
-5.40664446555e+00
-5.40581645122e+00
-5.40689858506e+00
-5.40048986699e+00
-5.40551304702e+00
-5.40708030182e+00
-5.40582215565e+00
-5.40352396333e+00
-5.40460121102e+00
-5.40437774715e+00
-5.40783490382e+00
-5.40580584231e+00
-5.40666874995e+00
-5.40454358058e+00
-5.40533041379e+00
-5.40517415677e+00
-5.40444446124e+00
-5.40683782841e+00
-5.40510126263e+00
-5.40476100705e+00
-5.40437505141e+00
-5.40610421424e+00
-5.40618595934e+00
-5.40759212656e+00
-5.40753608658e+00
-5.40467512521e+00
-5.40639661649e+00
-5.40565601531e+00
-5.40444834455e+00
-5.40339188183e+00
-5.40698796769e+00
-5.40613344922e+00
-5.40654072486e+00
-5.40523071258e+00
-5.40704986117e+00
-5.40350287001e+00
-5.40667519891e+00
-5.40691073196e+00
-5.40891850430e+00
-5.40446207116e+00
-5.40532330076e+00
-5.40660676555e+00
-5.40405718758e+00
-5.40434264414e+00
-5.40496160247e+00