8.27782772930e+00
8.27625511457e+00
8.27709813140e+00
8.28060627196e+00
8.27758399277e+00
8.27629930068e+00
8.27692743113e+00
8.27522685577e+00
8.27634979003e+00
8.27957127649e+00
8.27979151193e+00
8.27942356820e+00
8.27950956584e+00
8.27921750356e+00
8.27767348799e+00
8.27790737618e+00
8.27753929987e+00
8.27660549590e+00
8.27706868684e+00
8.28079041066e+00
8.28161559418e+00
8.27813787782e+00
8.27622828614e+00
8.27755959828e+00
8.28025103773e+00
8.27733480276e+00
8.27650825899e+00
8.27925103487e+00
8.27434056931e+00
8.27745572576e+00
8.27800708709e+00
8.27983454484e+00
8.27821130082e+00
8.27913115574e+00
8.27952305630e+00
8.27917973668e+00
8.27847344907e+00
8.27650760741e+00
8.27672851110e+00
8.27871109054e+00
8.27917382582e+00
8.27767920488e+00
8.27638565046e+00
8.27910089536e+00
8.27691930060e+00
8.27667746928e+00
8.27902538956e+00
8.27580530175e+00
8.28019857252e+00
8.27933597649e+00
8.27671444068e+00
8.28122628062e+00
8.27815637079e+00
8.27961680249e+00
8.27850911963e+00
8.27823726868e+00
8.27765236111e+00
8.27926433347e+00
8.27804865021e+00
8.28047996708e+00
8.27947011257e+00
8.27821712982e+00
8.27898151842e+00
8.27850913108e+00
8.27578322007e+00
8.27607829855e+00
8.27570120444e+00
8.27820261594e+00
8.27921677192e+00
8.27492888194e+00
8.27787850569e+00
8.27679051728e+00
8.27453565718e+00
8.27890570553e+00
8.27768248193e+00
8.27824942119e+00
8.27646489997e+00
8.27672154448e+00
8.27655584214e+00
8.27508820123e+00
8.27800941954e+00
8.27826934426e+00
8.27557434506e+00
8.27777713380e+00
8.27889860009e+00
8.27970584668e+00
8.27740380703e+00
8.27836838608e+00
8.27934796481e+00
8.28065192415e+00
8.27742889808e+00
8.27643551762e+00
8.27773455642e+00
8.27697336322e+00
8.27897331427e+00
8.27502736942e+00
8.27333566942e+00
8.27760385972e+00
8.27907828172e+00
8.27701342877e+00
8.27595632047e+00
8.27829029623e+00
8.27749704043e+00
8.27619066133e+00
8.27528368005e+00
8.27738960260e+00
8.27751453955e+00
8.27652737476e+00
8.27743582748e+00
8.27756014536e+00
8.27712287978e+00
8.27809895783e+00
8.27596995023e+00
8.27589594256e+00
8.27905800854e+00
8.27944941776e+00
8.27887383480e+00
8.27766045101e+00
8.27745543573e+00
8.27740985154e+00
8.27764825012e+00
8.27491021315e+00
8.28029817578e+00
8.27793501015e+00
8.27651175835e+00
8.27741803638e+00
8.27787764271e+00
8.27735854848e+00
8.27840067996e+00
8.27435548697e+00
8.28001509598e+00
8.27697288540e+00
8.27667479999e+00
8.27546179318e+00
8.27489358107e+00
8.27532709292e+00
8.27958633994e+00
8.27726854958e+00
8.27777668411e+00
8.27720702080e+00
8.27544760173e+00
8.28027505993e+00
8.27847521899e+00
8.27658553399e+00
8.27609400939e+00
8.28202569604e+00
8.27629485250e+00
8.27982193468e+00
8.27735759741e+00
8.27819383361e+00
8.27923223288e+00
8.27695320549e+00
8.27851772978e+00
8.27846958468e+00
8.27940264361e+00
8.27469037472e+00
8.27646544130e+00
8.27991678257e+00
8.27714856608e+00
8.27643281075e+00
8.27745906636e+00
8.27732648506e+00
8.27846382970e+00
8.27930183465e+00
8.27683037684e+00
8.27956213427e+00
8.27944871358e+00
8.27778555809e+00
8.27530904089e+00
8.28007415647e+00
8.27601268802e+00
8.27706931949e+00
8.27866537582e+00
8.27552159202e+00
8.27761101789e+00
8.27801105469e+00
8.27903612551e+00
8.27625726737e+00
8.28128331681e+00
8.27685563766e+00
8.27908179133e+00
8.27558292047e+00
8.28144311096e+00
8.27872108439e+00
8.27808151767e+00
8.27888085102e+00
8.27446618627e+00
8.28002883929e+00
8.27774659048e+00
8.28009598861e+00
8.27680218295e+00
8.27757794746e+00
8.27704861904e+00
8.27838314931e+00
8.27682348638e+00
8.27638697402e+00
8.27628680523e+00
8.27823465419e+00
8.27762609348e+00
8.27547431372e+00
8.27943188917e+00
8.27667780898e+00
8.27925658035e+00
8.27924899944e+00
8.27837751187e+00
8.27335231188e+00
8.27688696516e+00
8.27402302880e+00
8.27712834784e+00
8.27819997027e+00
8.27808604731e+00
8.27763593639e+00
8.27821095045e+00
8.27689528199e+00
8.27856551165e+00
8.27928229622e+00
8.27938255614e+00
8.27811481398e+00
8.28048303036e+00
8.27791648254e+00
8.27590931012e+00
8.27781890714e+00
8.27825593514e+00
8.27608520209e+00
8.27400522238e+00
8.27743744725e+00
8.27677664198e+00
8.27671876954e+00
8.27947116586e+00
8.27927088199e+00
8.27469925683e+00
8.27746500160e+00
8.27487584674e+00
8.27937456602e+00
8.28033652596e+00
8.27703521661e+00
8.27933610094e+00
8.28069744189e+00
8.27926339778e+00
8.27879668943e+00
8.27780162242e+00
8.27919819422e+00
8.27805388804e+00
8.27925225908e+00
8.27639947352e+00
8.27956595565e+00
8.27531459496e+00
8.27681522277e+00
8.27818251777e+00
8.27898038269e+00
8.27789384307e+00
8.27897857351e+00
8.28053851242e+00
8.27913936301e+00
8.27626710427e+00
8.27822583349e+00
8.28057719231e+00
8.27708338726e+00
8.27747295750e+00
8.27783311235e+00
8.27770116740e+00
8.27678123665e+00
8.27763919275e+00
8.27845451958e+00
8.27557217988e+00
8.27675719382e+00
8.27883501518e+00
8.27668065765e+00
8.27515503550e+00
8.27831863734e+00
8.27859560378e+00
8.27651668370e+00
8.27844146135e+00
8.27193344179e+00
8.27608181511e+00
8.27696120592e+00
8.27915585275e+00
8.27784291310e+00
8.28009306659e+00
8.27954822402e+00
8.27720421019e+00
8.27643723199e+00
8.27985968128e+00
8.27555540440e+00
8.27815645381e+00
8.27970220400e+00
8.27735367386e+00
8.28019783286e+00
8.27732369400e+00
8.27534186490e+00
8.27394475448e+00
8.27992891548e+00
8.27953838978e+00
8.27647747151e+00
8.27876265800e+00
8.27767933638e+00
8.27964346198e+00
8.27671340279e+00
8.27817342018e+00
8.27779590669e+00
8.27855321039e+00
8.27568366704e+00
8.27715939586e+00
8.27679732391e+00
8.27518082649e+00
8.27734373817e+00
8.27834014716e+00
8.27893745952e+00
8.27994713937e+00
8.27827336656e+00
8.27738694891e+00
8.27662002081e+00
8.27728321608e+00
8.27585486688e+00
8.27777089390e+00
8.27756898259e+00
8.28018353119e+00
8.27978098361e+00
8.27751078704e+00
8.27544141203e+00
8.27747452966e+00
8.27798222550e+00
8.27783119696e+00
8.27669942458e+00
8.27888964607e+00
8.27821829346e+00
8.27718017277e+00
8.27837833222e+00
8.27696637581e+00
8.27857498062e+00
8.27615847021e+00
8.27944857342e+00
8.27892585796e+00
8.27741774365e+00
8.27517373527e+00
8.27445129506e+00
8.27899832116e+00
8.27724426882e+00
8.27589773175e+00
8.27870787163e+00
8.27852034332e+00
8.27421567764e+00
8.27802309527e+00
8.27546684570e+00
8.27833134339e+00
8.27771748351e+00
8.28194293393e+00
8.27971263581e+00
8.27819310955e+00
8.27777556789e+00
8.28017896773e+00
8.27883053740e+00
8.27644432858e+00
8.27984376691e+00
8.27307533814e+00
8.27608205571e+00
8.27610641563e+00
8.27614336432e+00
8.27988292356e+00
8.27907195561e+00
8.27428256404e+00
8.27955329677e+00
8.27681793544e+00
8.27434503760e+00
8.28135141082e+00
8.27527221202e+00
8.27411950563e+00
8.27707436654e+00
8.27535826380e+00
8.27766483479e+00
8.27827183626e+00
8.27986672957e+00
8.27955789044e+00
8.27909338177e+00
8.28150649780e+00
8.27688790844e+00
8.27542694150e+00
8.27698850841e+00
8.27881704774e+00
8.28198454762e+00
8.28065805892e+00
8.27452992612e+00
8.27735204182e+00
8.27841875023e+00
8.27637910465e+00
8.27704377293e+00
8.27854070234e+00
8.27652764263e+00
8.27828085545e+00
8.28031425397e+00
8.27582068525e+00
8.27679120507e+00
8.27876239326e+00
8.27815818829e+00
8.27828923834e+00
8.27629602814e+00
8.27515614151e+00
8.27840151392e+00
8.27845950203e+00
8.27760398748e+00
8.27994401321e+00
8.27759859123e+00
8.27583847227e+00
8.27503209768e+00
8.27656060579e+00
8.28122083380e+00
8.27868893356e+00
8.27754430273e+00
8.28059721477e+00
8.28029559585e+00
8.27762464148e+00
8.27705370198e+00
8.27869703314e+00
8.27794077798e+00
8.27768334829e+00
8.27817283843e+00
8.27672832326e+00
8.27442514800e+00
8.28146876202e+00
8.27878524426e+00
8.27572047186e+00
8.27817276497e+00
8.27610864348e+00
8.27458119256e+00
8.27513646908e+00
8.27680477257e+00
8.27583601061e+00
8.27699905329e+00
8.27990364492e+00
8.27877556006e+00
8.28166466559e+00
8.27531922384e+00
8.27624406954e+00
8.27662615011e+00
8.27548760447e+00
8.27964334019e+00
8.27824071419e+00
8.27916458162e+00
8.27873958756e+00
8.27816229686e+00
8.27797109801e+00
8.27944002711e+00
8.27874771402e+00
8.27824403033e+00
8.27728265595e+00
8.27869966592e+00
8.27784828325e+00
8.27805969577e+00
8.28051692307e+00
8.27740355691e+00
8.27842464834e+00
8.27704326163e+00
8.27898599095e+00
8.27789128840e+00
8.27654927728e+00
8.27789593666e+00
8.27793150483e+00
8.27924151094e+00
8.27815369786e+00
8.27783219039e+00
8.28019904481e+00
8.27940734094e+00
8.27870762194e+00
8.27616886876e+00
8.27706486548e+00
8.27911023594e+00
8.27948142232e+00
8.27865245867e+00
8.28146352418e+00
8.27666666980e+00
8.27601111241e+00
8.27815602937e+00
8.27819746437e+00
8.27979451571e+00
8.27771197063e+00
8.27658247450e+00
8.27488704460e+00
8.28073585405e+00
8.27933550901e+00
8.28005138454e+00
8.27985236406e+00
8.27686125885e+00
8.27667240821e+00
8.27792560152e+00
8.27842648217e+00
8.27579164804e+00
8.27845442349e+00
8.27801793157e+00
8.27791474589e+00
8.27781548113e+00
8.28084173123e+00
8.27670935109e+00
8.27781823262e+00
8.27716723208e+00
8.28310239895e+00
8.27850809236e+00
8.27931096234e+00
8.27918001389e+00
8.27994707420e+00
8.27624555085e+00
8.27774135349e+00