3.17253997306e+00
3.16834726791e+00
3.15465717847e+00
3.16522568651e+00
3.17237631991e+00
3.16127667537e+00
3.14705527299e+00
3.18075184168e+00
3.15401431767e+00
3.16092975467e+00
3.14054944013e+00
3.15718191364e+00
3.16966612289e+00
3.13814694136e+00
3.14591865300e+00
3.16322929883e+00
3.17148479427e+00
3.15425064004e+00
3.16258938523e+00
3.15328267539e+00
3.16953884654e+00
3.15519207554e+00
3.17127968199e+00
3.15952327004e+00
3.15208991292e+00
3.17211296685e+00
3.15504991665e+00
3.15270141532e+00
3.16081988843e+00
3.16045981436e+00
3.15421242565e+00
3.16280572017e+00
3.14464365615e+00
3.17704699432e+00
3.15860859330e+00
3.14830547373e+00
3.16006011600e+00
3.15078119716e+00
3.14504074052e+00
3.15885015597e+00
3.16277674355e+00
3.14515588163e+00
3.14985560172e+00
3.14360847096e+00
3.16386583180e+00
3.15590831459e+00
3.16286942212e+00
3.15252291343e+00
3.18109632645e+00
3.18132782336e+00
3.17616265204e+00
3.16826880861e+00
3.17133362004e+00
3.16653744742e+00
3.16206349347e+00
3.18570430147e+00
3.15532732759e+00
3.15849857379e+00
3.18247878345e+00
3.17416009261e+00
3.13416843511e+00
3.16405460748e+00
3.19266125543e+00
3.16838981464e+00
3.15377617226e+00
3.15617154381e+00
3.17456548584e+00
3.16762677802e+00
3.15511867506e+00
3.16190340396e+00
3.18705219108e+00
3.18369125096e+00
3.16861850592e+00
3.18043120374e+00
3.18396058154e+00
3.14971171402e+00
3.16428057396e+00
3.16176305181e+00
3.17089046452e+00
3.16003225864e+00
3.17531376997e+00
3.18011835908e+00
3.18799263190e+00
3.15836516613e+00
3.14936175221e+00
3.17468081794e+00
3.15863809868e+00
3.18329597286e+00
3.16177727478e+00
3.14584154051e+00
3.17014781567e+00
3.17265903551e+00
3.16327646955e+00
3.15101140898e+00
3.17822820534e+00
3.16962931875e+00
3.17459609759e+00
3.15144738083e+00
3.13908016370e+00
3.13733254855e+00
3.17737258200e+00
3.17089768971e+00
3.14984849370e+00
3.16636770564e+00
3.13747292543e+00
3.16307795963e+00
3.14955964243e+00
3.15171768556e+00
3.16126982858e+00
3.16874816474e+00
3.15293007020e+00
3.16721133152e+00
3.18005927028e+00
3.15337470437e+00
3.17795636015e+00
3.16382896538e+00
3.18282446557e+00
3.16550808376e+00
3.16016748145e+00
3.14945074089e+00
3.17962775432e+00
3.14599759100e+00
3.15741269693e+00
3.15678930986e+00
3.16266130867e+00
3.16389408541e+00
3.18889971268e+00
3.14688517223e+00
3.15593743883e+00
3.17550851097e+00
3.17041349081e+00
3.16617836838e+00
3.17031585405e+00
3.17188517205e+00
3.16185509741e+00
3.15973040156e+00
3.17785037740e+00
3.16133310329e+00
3.16814899289e+00
3.18724639529e+00
3.14748949664e+00
3.15927070869e+00
3.17358264165e+00
3.14761563625e+00
3.16337258982e+00
3.18664600025e+00
3.16482214194e+00
3.15699063897e+00
3.17034752671e+00
3.15148554942e+00
3.18511679660e+00
3.16646298516e+00
3.15311827711e+00
3.17196982983e+00
3.14894401510e+00
3.17867957851e+00
3.14803023550e+00
3.14643061606e+00
3.14503958569e+00
3.16763267114e+00
3.17681640422e+00
3.15602665738e+00
3.12434785765e+00
3.15699371384e+00
3.15565855859e+00
3.16923452734e+00
3.14957963347e+00
3.16500618590e+00
3.16861384019e+00
3.16032082941e+00
3.17432587122e+00
3.15630885809e+00
3.16306434181e+00
3.16454432120e+00
3.17549418007e+00
3.17802560141e+00
3.16782187647e+00
3.16711367933e+00
3.16174633977e+00
3.16149454815e+00
3.16311656900e+00
3.15837306122e+00
3.14042124797e+00
3.14820177137e+00
3.16341336722e+00
3.16192991718e+00
3.17287677192e+00
3.16142408116e+00
3.14907509617e+00
3.16407162876e+00
3.19021260862e+00
3.16024306823e+00
3.15985914771e+00
3.15299518143e+00
3.16935763993e+00
3.13224252429e+00
3.18220386631e+00
3.18706739522e+00
3.15293621151e+00
3.16131932977e+00
3.17692361669e+00
3.14149517682e+00
3.18399506849e+00
3.14086895108e+00
3.16145893141e+00
3.14674630798e+00
3.16185870248e+00
3.17026326557e+00
3.14767079827e+00
3.18383402192e+00
3.15765537545e+00
3.15184032143e+00
3.16227092312e+00
3.17966464136e+00
3.14426535133e+00
3.15673309347e+00
3.17861871696e+00
3.14393963754e+00
3.17900054576e+00
3.15060857370e+00
3.16283929872e+00
3.18325556019e+00
3.16325554908e+00
3.16501903363e+00
3.17387442186e+00
3.15293166489e+00
3.16844977629e+00
3.17720811095e+00
3.17612690104e+00
3.17625736498e+00
3.16860756234e+00
3.14553708825e+00
3.14149968770e+00
3.14802179964e+00
3.16488732555e+00
3.15454401464e+00
3.16714926747e+00
3.14208125119e+00
3.14476975396e+00
3.17161106820e+00
3.19088710343e+00
3.15807630557e+00
3.17304139677e+00
3.15335251029e+00
3.16685957941e+00
3.17525969580e+00
3.15540973015e+00
3.15402043091e+00
3.17451218101e+00
3.17189968663e+00
3.18589973443e+00
3.15392829376e+00
3.18467330042e+00
3.18125209479e+00
3.13768221987e+00
3.14711934526e+00
3.14950361543e+00
3.17061303496e+00
3.13103344873e+00
3.15376182594e+00
3.15937626578e+00
3.15612347262e+00
3.16344667200e+00
3.16734883798e+00
3.15775409144e+00
3.15002247048e+00
3.16880984215e+00
3.19545674279e+00
3.15409952483e+00
3.19338114722e+00
3.13693877323e+00
3.17716237702e+00
3.18223775375e+00
3.16321365199e+00
3.15961627990e+00
3.17778291887e+00
3.13789779453e+00
3.16549733138e+00
3.16649182333e+00
3.14688078779e+00
3.15355529747e+00
3.16587934810e+00
3.14891357700e+00
3.16589763347e+00
3.16473527083e+00
3.16289950223e+00
3.16773509575e+00
3.15798023050e+00
3.15685696178e+00
3.15954619245e+00
3.15101409723e+00
3.15513252335e+00
3.16566062375e+00
3.16508094086e+00
3.16080060334e+00
3.16851295777e+00
3.14824970842e+00
3.15463178160e+00
3.16403907756e+00
3.17522080961e+00
3.13934787125e+00
3.17238759625e+00
3.17088565389e+00
3.16632908851e+00
3.17844844657e+00
3.17710092328e+00
3.17857556273e+00
3.16566993109e+00
3.16287540093e+00
3.16965817644e+00
3.15708067742e+00
3.17669006066e+00
3.15360039022e+00
3.17341293193e+00
3.16899802783e+00
3.17202013908e+00
3.16708764533e+00
3.16219586521e+00
3.15812204245e+00
3.17107272847e+00
3.15055283182e+00
3.15394543148e+00
3.16930014340e+00
3.17295589616e+00
3.13752038868e+00
3.17756188829e+00
3.16247152296e+00
3.17525879974e+00
3.16480087347e+00
3.17315741080e+00
3.16681139455e+00
3.17296237841e+00
3.15631192943e+00
3.17230292371e+00
3.17321428665e+00
3.17484956979e+00
3.13709837384e+00
3.16480571025e+00
3.16773031540e+00
3.16843013368e+00
3.16059966173e+00
3.17024104127e+00
3.14824240762e+00
3.14318283379e+00
3.18930582688e+00
3.16381678190e+00
3.16885378163e+00
3.19385476457e+00
3.17686007555e+00
3.17510600636e+00
3.15356594087e+00
3.17060142729e+00
3.16210657008e+00
3.18223546518e+00
3.16736348105e+00
3.16270912809e+00
3.16114182416e+00
3.16993327407e+00
3.16471176170e+00
3.20070061252e+00
3.15930069156e+00
3.17182329907e+00
3.17808896537e+00
3.14854391562e+00
3.15300665362e+00
3.17101811488e+00
3.18262114861e+00
3.16626391022e+00
3.16111213362e+00
3.14501830112e+00
3.16584896610e+00
3.16019776920e+00
3.16052965806e+00
3.16949328005e+00
3.17083500682e+00
3.14981735926e+00
3.16625922367e+00
3.16444368178e+00
3.15834552161e+00
3.15517033071e+00
3.15854186681e+00
3.17532439625e+00
3.17133513743e+00
3.18744000945e+00
3.15880547009e+00
3.18337773351e+00
3.16684073931e+00
3.16869861042e+00
3.16594927761e+00
3.17049291598e+00
3.17554977589e+00
3.17093572540e+00
3.18132389919e+00
3.17614294549e+00
3.16019560375e+00
3.15113652602e+00
3.18174631056e+00
3.16701459175e+00
3.15234704425e+00
3.15877715344e+00
3.16894067265e+00
3.18613168019e+00
3.17281816158e+00
3.18729890682e+00
3.17520243643e+00
3.15144323285e+00
3.15822140265e+00
3.17606778926e+00
3.16342358522e+00
3.18888241682e+00
3.16386941043e+00
3.14519845271e+00
3.12359154820e+00
3.15457820513e+00
3.15913626257e+00
3.14938949437e+00
3.18914041266e+00
3.18104615012e+00
3.14904198218e+00
3.17060633910e+00
3.16840910364e+00
3.15049412438e+00
3.15855722386e+00
3.16063268401e+00
3.16112019575e+00
3.17865971719e+00
3.16032283388e+00
3.14432743725e+00
3.17129094575e+00
3.18817680825e+00
3.15136346088e+00
3.14036343007e+00
3.16762574565e+00
3.16771790042e+00
3.15593422093e+00
3.16270600995e+00
3.15005185008e+00
3.17447813014e+00
3.14733440104e+00
3.16067382111e+00
3.16833735604e+00
3.15423259352e+00
3.16376338814e+00
3.16803285867e+00
3.17530628081e+00
3.18153687531e+00
3.15851092390e+00
3.17215057694e+00
3.15911551630e+00
3.16157772845e+00
3.18442176260e+00
3.16503142649e+00
3.13619220015e+00
3.16409332986e+00
3.15206089294e+00
3.16534789469e+00
3.16283653914e+00
3.16205003399e+00
3.18102757093e+00
3.15859496816e+00
3.17081997571e+00
3.17931203262e+00
3.15712815809e+00
3.15632274112e+00
3.18594427709e+00
3.16292477661e+00
3.16372033212e+00
3.16827699540e+00
3.17377466002e+00
3.15013927582e+00
3.18436293485e+00
3.15940040389e+00
3.16468028738e+00
3.18699613430e+00
3.15366338209e+00
3.16536057110e+00
3.17491831284e+00
3.17670327734e+00
3.19629550759e+00
3.15145023462e+00
3.18017782216e+00
3.15865313293e+00
3.16151237083e+00
3.17628872065e+00
3.17056939301e+00
3.15773013811e+00
3.15622599780e+00
3.17969438543e+00
3.17440508990e+00
3.15663912884e+00
3.17077216172e+00
3.14468319248e+00
3.15596267193e+00
3.14977405170e+00
3.16131802788e+00
3.14881416056e+00
3.16534417658e+00
3.15244324370e+00
3.14663404866e+00
3.15504670261e+00
3.16369316060e+00