9.54583533343e+00
9.54040740786e+00
9.54307372105e+00
9.54839456358e+00
9.54381865595e+00
9.54547444979e+00
9.54307844953e+00
9.54391939033e+00
9.54402179859e+00
9.54816727322e+00
9.54599312959e+00
9.54679888616e+00
9.54609607143e+00
9.54488234604e+00
9.54303946482e+00
9.54437196501e+00
9.54349818891e+00
9.54551742325e+00
9.54602934606e+00
9.54769284867e+00
9.54871128671e+00
9.54468820768e+00
9.54399121717e+00
9.54329580297e+00
9.54691725264e+00
9.54524264754e+00
9.54584499711e+00
9.54592291905e+00
9.54251128752e+00
9.54612113266e+00
9.54766565686e+00
9.54586040742e+00
9.54306927978e+00
9.54761150713e+00
9.54601557637e+00
9.54669893158e+00
9.54658889987e+00
9.54379522433e+00
9.54516331621e+00
9.54190003782e+00
9.54410347994e+00
9.54444143996e+00
9.54538654732e+00
9.54641278581e+00
9.54346760888e+00
9.54242098343e+00
9.54451930259e+00
9.54280024479e+00
9.54750668340e+00
9.54687827981e+00
9.54403014145e+00
9.54652743742e+00
9.54441911682e+00
9.54422769572e+00
9.54555941347e+00
9.54654023633e+00
9.54423243975e+00
9.54307309310e+00
9.54520253329e+00
9.54717670207e+00
9.54362579093e+00
9.54293656890e+00
9.54413663757e+00
9.54437006853e+00
9.54244807212e+00
9.54415037715e+00
9.54507369738e+00
9.54476244020e+00
9.54658623983e+00
9.54136086305e+00
9.54572878664e+00
9.54357745036e+00
9.54208600584e+00
9.54370827844e+00
9.54341490556e+00
9.54524271303e+00
9.54224731591e+00
9.54205098688e+00
9.54428353601e+00
9.54216804857e+00
9.54810239241e+00
9.54342210708e+00
9.54378208519e+00
9.54407013820e+00
9.54547266498e+00
9.54700915589e+00
9.54431811781e+00
9.54183389412e+00
9.54446236447e+00
9.54686363387e+00
9.54651051454e+00
9.54152828953e+00
9.54648934548e+00
9.54343659885e+00
9.54500915419e+00
9.54052140780e+00
9.54242148210e+00
9.54380776742e+00
9.54356343303e+00
9.54173345854e+00
9.54140774880e+00
9.54500877318e+00
9.54407594271e+00
9.54178768237e+00
9.53832604799e+00
9.54108702204e+00
9.54657169110e+00
9.54535838856e+00
9.54231904364e+00
9.54445861504e+00
9.54551652449e+00
9.54429064730e+00
9.54462064123e+00
9.54135914157e+00
9.54334001232e+00
9.54567533615e+00
9.54581448100e+00
9.54409690468e+00
9.54244252136e+00
9.54556598840e+00
9.54609248539e+00
9.54360826729e+00
9.54896860887e+00
9.54754609372e+00
9.54358535355e+00
9.54322748597e+00
9.54517836871e+00
9.54402578310e+00
9.54687267942e+00
9.53995283350e+00
9.54845034572e+00
9.54338273216e+00
9.54277868264e+00
9.54529052855e+00
9.54205972833e+00
9.54165797749e+00
9.54856053814e+00
9.54519490901e+00
9.54446324798e+00
9.54307732797e+00
9.54440607672e+00
9.54482960221e+00
9.54205354567e+00
9.54500046586e+00
9.54304911252e+00
9.54932300833e+00
9.54491127989e+00
9.54974585409e+00
9.54415154159e+00
9.54575212135e+00
9.54903157886e+00
9.54461973922e+00
9.54504385982e+00
9.54343051884e+00
9.54292958912e+00
9.54397769542e+00
9.54512450141e+00
9.54601042194e+00
9.54317281290e+00
9.54434292594e+00
9.54379288329e+00
9.54485216314e+00
9.54278687077e+00
9.54727858939e+00
9.54649648784e+00
9.54898682934e+00
9.54929807268e+00
9.54463731210e+00
9.54204004507e+00
9.54884463625e+00
9.54372502057e+00
9.54097812796e+00
9.54389288318e+00
9.54127642801e+00
9.54568490865e+00
9.54361659140e+00
9.54428330033e+00
9.54644141680e+00
9.54826807104e+00
9.54500131404e+00
9.54515962217e+00
9.54261724126e+00
9.54420438108e+00
9.54743939428e+00
9.54465782539e+00
9.54731749576e+00
9.54402248153e+00
9.54812754608e+00
9.54304519721e+00
9.54529053601e+00
9.54411660200e+00
9.54208911042e+00
9.54342964496e+00
9.54611450624e+00
9.54454943836e+00
9.54089808554e+00
9.54367934705e+00
9.54609279299e+00
9.54491877509e+00
9.54366300403e+00
9.54709438109e+00
9.54260879222e+00
9.54381833630e+00
9.54764014764e+00
9.54598820895e+00
9.54001349871e+00
9.54470407782e+00
9.54157794247e+00
9.54478234672e+00
9.54564188390e+00
9.54920171733e+00
9.54530314277e+00
9.54318132685e+00
9.54240143251e+00
9.54359148552e+00
9.54782466287e+00
9.54602451993e+00
9.54433897605e+00
9.54795707308e+00
9.54242375689e+00
9.54257640508e+00
9.54240672727e+00
9.54592462000e+00
9.54642363638e+00
9.54256611609e+00
9.54543084882e+00
9.54601244657e+00
9.54320378094e+00
9.54571508991e+00
9.54531960665e+00
9.54319205837e+00
9.54429309192e+00
9.54293534088e+00
9.54532089980e+00
9.54829100674e+00
9.54460737730e+00
9.54467750037e+00
9.54532443043e+00
9.54624338650e+00
9.54559250922e+00
9.54565545559e+00
9.54551434534e+00
9.54539871395e+00
9.54538744094e+00
9.54264618079e+00
9.54584332397e+00
9.54175394160e+00
9.54448383869e+00
9.54501656071e+00
9.54554171479e+00
9.54267382021e+00
9.54303695860e+00
9.54942657660e+00
9.54643482398e+00
9.54220875228e+00
9.54538517137e+00
9.54609168832e+00
9.54465623692e+00
9.54309428855e+00
9.54595715678e+00
9.54701496383e+00
9.54387551876e+00
9.54326888844e+00
9.54741932381e+00
9.54332136939e+00
9.54349169081e+00
9.54535438429e+00
9.54377057978e+00
9.54404114364e+00
9.54584868897e+00
9.54761735641e+00
9.54497469548e+00
9.54711681760e+00
9.54161784088e+00
9.54462608592e+00
9.54200272102e+00
9.54455627765e+00
9.54712730696e+00
9.54693737277e+00
9.54456206179e+00
9.54722751179e+00
9.54392130836e+00
9.54528669617e+00
9.54382115211e+00
9.54527862127e+00
9.54766890836e+00
9.54363976945e+00
9.54470182263e+00
9.54536488332e+00
9.54327984404e+00
9.54056638589e+00
9.54627358865e+00
9.54695046333e+00
9.54537805432e+00
9.54521783541e+00
9.54271753458e+00
9.54398288515e+00
9.54578326611e+00
9.54504918834e+00
9.54737510795e+00
9.54209778101e+00
9.54447861088e+00
9.54406396760e+00
9.54523608681e+00
9.53988978819e+00
9.54454742652e+00
9.54399736218e+00
9.54655626890e+00
9.54416307077e+00
9.54467245586e+00
9.54351294849e+00
9.54594585109e+00
9.54264284915e+00
9.54516116627e+00
9.54466304219e+00
9.54362021978e+00
9.54445540130e+00
9.54697000375e+00
9.54391575718e+00
9.53970264853e+00
9.54565572435e+00
9.54541324557e+00
9.54344982783e+00
9.54448383013e+00
9.54611917716e+00
9.54279359203e+00
9.54230911451e+00
9.54438405710e+00
9.54349568349e+00
9.54343446715e+00
9.54491984862e+00
9.54698788100e+00
9.54646682637e+00
9.54259339427e+00
9.54117852340e+00
9.54307282493e+00
9.54436600245e+00
9.54229376815e+00
9.54196947148e+00
9.54624850647e+00
9.54411845588e+00
9.54137002078e+00
9.54399529539e+00
9.54436387633e+00
9.54826613220e+00
9.54249160617e+00
9.55032775063e+00
9.54624562569e+00
9.54574005115e+00
9.54371213367e+00
9.54545525518e+00
9.54461804019e+00
9.54275495589e+00
9.54623199733e+00
9.54077537489e+00
9.54276232855e+00
9.54487577876e+00
9.54369881349e+00
9.54597099666e+00
9.54617395128e+00
9.53861937618e+00
9.54585091825e+00
9.54351215405e+00
9.54190048431e+00
9.54801560179e+00
9.54153461851e+00
9.54157931578e+00
9.54390191585e+00
9.54131699876e+00
9.54348884517e+00
9.54557296006e+00
9.54740891793e+00
9.54309492962e+00
9.54455172291e+00
9.55007285296e+00
9.54583918640e+00
9.54305288441e+00
9.54518660279e+00
9.54782787734e+00
9.54425459680e+00
9.54795902454e+00
9.54069775122e+00
9.54676777214e+00
9.54292068591e+00
9.54408777847e+00
9.54288429154e+00
9.54534221503e+00
9.54539334473e+00
9.54424273254e+00
9.54699600402e+00
9.54193130934e+00
9.54717311183e+00
9.54604765854e+00
9.54563356133e+00
9.54483801569e+00
9.54613239470e+00
9.54462143881e+00
9.54256996201e+00
9.54727703004e+00
9.54539491647e+00
9.54516776338e+00
9.54323597270e+00
9.54415152879e+00
9.54424461992e+00
9.54298242412e+00
9.54928418778e+00
9.54536717478e+00
9.54113480543e+00
9.54586482646e+00
9.54634993579e+00
9.54469808008e+00
9.54238355054e+00
9.54830113532e+00
9.54519657820e+00
9.54378831313e+00
9.54793306490e+00
9.54372072534e+00
9.54213534786e+00
9.54644698277e+00
9.54529883390e+00
9.54226513808e+00
9.54429620880e+00
9.54091710628e+00
9.54343603475e+00
9.54278811829e+00
9.54589035002e+00
9.54212590606e+00
9.54453030400e+00
9.54805708800e+00
9.54452065457e+00
9.54713838809e+00
9.54158763665e+00
9.54360819934e+00
9.54521189764e+00
9.54212639847e+00
9.54558605979e+00
9.54925569535e+00
9.54452172714e+00
9.54374009213e+00
9.54426340149e+00
9.54483556450e+00
9.54551169422e+00
9.54703319065e+00
9.54334845833e+00
9.54575692912e+00
9.54470997383e+00
9.54713332551e+00
9.54700798012e+00
9.54485786759e+00
9.54579081615e+00
9.54466302127e+00
9.54454191983e+00
9.54616869382e+00
9.54307813432e+00
9.54312514325e+00
9.54233408549e+00
9.54684866000e+00
9.54601128967e+00
9.54511016500e+00
9.54562757692e+00
9.54796718695e+00
9.54744030818e+00
9.54227406262e+00
9.54495483719e+00
9.54543721472e+00
9.54710462028e+00
9.54578318415e+00
9.54409833351e+00
9.54664203818e+00
9.54272509805e+00
9.54429063768e+00
9.54661473384e+00
9.54409389700e+00
9.54502360567e+00
9.54436004268e+00
9.54200592883e+00
9.54410741800e+00
9.54661661885e+00
9.54652139310e+00
9.54813056562e+00
9.54506352407e+00
9.54416906510e+00
9.54375533287e+00
9.54237471143e+00
9.54379398064e+00
9.54170930676e+00
9.54453137173e+00
9.54570638168e+00
9.54627074044e+00
9.54431878863e+00
9.54990528958e+00
9.54290442582e+00
9.54310560811e+00
9.54571817976e+00
9.54830792513e+00
9.54468898530e+00
9.54409549013e+00
9.54532202014e+00
9.54520519079e+00
9.54241909524e+00
9.54445937976e+00