-2.42510556406e+00
-2.43588138082e+00
-2.39828112640e+00
-2.43904630505e+00
-2.41504234107e+00
-2.42930518451e+00
-2.41425729302e+00
-2.41485398120e+00
-2.41619057733e+00
-2.42433975117e+00
-2.42310908129e+00
-2.42428528948e+00
-2.41754959810e+00
-2.42718082887e+00
-2.42550936390e+00
-2.42154745186e+00
-2.40065416762e+00
-2.40773507978e+00
-2.40773104781e+00
-2.43017326551e+00
-2.42535626849e+00
-2.43822592021e+00
-2.44809910602e+00
-2.39724180177e+00
-2.40927839861e+00
-2.41573142699e+00
-2.42514100374e+00
-2.42199408488e+00
-2.40512599907e+00
-2.38737313418e+00
-2.41630567185e+00
-2.41710986983e+00
-2.40482959002e+00
-2.37941812183e+00
-2.42330464507e+00
-2.42491182144e+00
-2.44104614058e+00
-2.39422698588e+00
-2.39743080458e+00
-2.38385307835e+00
-2.41549183611e+00
-2.41688218483e+00
-2.36755047765e+00
-2.41393106763e+00
-2.41669104258e+00
-2.42978328392e+00
-2.41406978955e+00
-2.43572616718e+00
-2.45406570191e+00
-2.41058247860e+00
-2.44002484020e+00
-2.41813064693e+00
-2.41785675743e+00
-2.39631949099e+00
-2.47506057264e+00
-2.42511613370e+00
-2.42692054639e+00
-2.41501468002e+00
-2.41720389206e+00
-2.43145839438e+00
-2.42045539959e+00
-2.41765749909e+00
-2.42407772822e+00
-2.43597230704e+00
-2.42318060532e+00
-2.41657129291e+00
-2.43632551818e+00
-2.41575113605e+00
-2.38458116975e+00
-2.42539627490e+00
-2.40980831372e+00
-2.43619236455e+00
-2.38599164093e+00
-2.39897922120e+00
-2.37426377260e+00
-2.40592559587e+00
-2.43232611642e+00
-2.38461150246e+00
-2.44941499011e+00
-2.40054702252e+00
-2.39561806295e+00
-2.42302150841e+00
-2.39540692377e+00
-2.40054050030e+00
-2.39371306068e+00
-2.38083706658e+00
-2.42533248262e+00
-2.45645863096e+00
-2.40479542849e+00
-2.41236159635e+00
-2.44166994995e+00
-2.41616226422e+00
-2.45213596701e+00
-2.43010810110e+00
-2.41497225133e+00
-2.42335661685e+00
-2.42648022161e+00
-2.40017204809e+00
-2.43952360136e+00
-2.41082035143e+00
-2.42741333215e+00
-2.41438865809e+00
-2.43833252965e+00
-2.40780261484e+00
-2.43293386508e+00
-2.44105939710e+00
-2.40744776712e+00
-2.41633354941e+00
-2.40245297380e+00
-2.41623547394e+00
-2.45054141665e+00
-2.44483164156e+00
-2.42620598941e+00
-2.43554309483e+00
-2.42852081476e+00
-2.40205102568e+00
-2.41161145628e+00
-2.42953891619e+00
-2.44311918854e+00
-2.43061090100e+00
-2.44335668578e+00
-2.41002580870e+00
-2.39180309869e+00
-2.43062485736e+00
-2.38542186068e+00
-2.45813299697e+00
-2.38967334334e+00
-2.43447516390e+00
-2.47112077571e+00
-2.40184112752e+00
-2.40220643480e+00
-2.41860236640e+00
-2.43003816727e+00
-2.45213613601e+00
-2.41731334550e+00
-2.40629260345e+00
-2.40744332361e+00
-2.39812749037e+00
-2.38965011378e+00
-2.41371158990e+00
-2.45889613656e+00
-2.42454595165e+00
-2.40893177949e+00
-2.42689456451e+00
-2.41163129676e+00
-2.39966330324e+00
-2.41195438051e+00
-2.38433608809e+00
-2.38433079060e+00
-2.40448219201e+00
-2.42378693079e+00
-2.41318398869e+00
-2.44223370125e+00
-2.40786828238e+00
-2.39258186541e+00
-2.42240450440e+00
-2.39775512999e+00
-2.43038744611e+00
-2.39206275083e+00
-2.40262697684e+00
-2.42178540917e+00
-2.42476370796e+00
-2.43016450140e+00
-2.43215053575e+00
-2.40466509237e+00
-2.41741440284e+00
-2.40660510183e+00
-2.41046811963e+00
-2.38730934035e+00
-2.42043177759e+00
-2.43883228115e+00
-2.43615805767e+00
-2.42687839726e+00
-2.42421542891e+00
-2.44032159204e+00
-2.41869729462e+00
-2.41967146056e+00
-2.42435406409e+00
-2.41440043113e+00
-2.42181118564e+00
-2.38378857276e+00
-2.39279963939e+00
-2.41316176843e+00
-2.41901909302e+00
-2.39534364987e+00
-2.40489439392e+00
-2.42388953133e+00
-2.38949841021e+00
-2.41186836506e+00
-2.41609691913e+00
-2.44008208550e+00
-2.38061111464e+00
-2.38260318890e+00
-2.36256921202e+00
-2.42788073619e+00
-2.43817771176e+00
-2.40510831229e+00
-2.41525337930e+00
-2.38542823888e+00
-2.44042381430e+00
-2.39363627566e+00
-2.43723491222e+00
-2.39606600034e+00
-2.42246007975e+00
-2.39272563424e+00
-2.41678554214e+00
-2.41811695472e+00
-2.39611660051e+00
-2.40452437789e+00
-2.42037848304e+00
-2.42109849515e+00
-2.42974218138e+00
-2.41251358512e+00
-2.39680761347e+00
-2.39492328248e+00
-2.41062580098e+00
-2.40654828344e+00
-2.38600401653e+00
-2.40896068134e+00
-2.39646604537e+00
-2.42757686551e+00
-2.43804398367e+00
-2.40061914505e+00
-2.42976814780e+00
-2.44883699729e+00
-2.41126587090e+00
-2.41187824468e+00
-2.43779553064e+00
-2.39195759690e+00
-2.42822997314e+00
-2.40398627899e+00
-2.40427725749e+00
-2.43028293891e+00
-2.36800577475e+00
-2.40733399689e+00
-2.42652029333e+00
-2.41898131087e+00
-2.44600851115e+00
-2.43417247712e+00
-2.39661254725e+00
-2.42225032161e+00
-2.43092056142e+00
-2.46249792771e+00
-2.42619712481e+00
-2.44266309094e+00
-2.42795277735e+00
-2.41432007321e+00
-2.42474470894e+00
-2.39213264623e+00
-2.41818552633e+00
-2.42960302270e+00
-2.42907716731e+00
-2.40418660812e+00
-2.39601968728e+00
-2.41638122448e+00
-2.42713063128e+00
-2.44524415660e+00
-2.42435238297e+00
-2.38687679858e+00
-2.41452159488e+00
-2.42024529877e+00
-2.41079375258e+00
-2.45494612807e+00
-2.43934214227e+00
-2.39596181630e+00
-2.42108627534e+00
-2.41113360624e+00
-2.47325089058e+00
-2.41188716842e+00
-2.41547185054e+00
-2.39923188606e+00
-2.40384395780e+00
-2.40611244249e+00
-2.45689307472e+00
-2.40372462183e+00
-2.40653949444e+00
-2.44057155676e+00
-2.45612844343e+00
-2.43052952534e+00
-2.39736694218e+00
-2.39859981845e+00
-2.46872639529e+00
-2.38429245306e+00
-2.39217575780e+00
-2.44780687917e+00
-2.37637693641e+00
-2.41770635179e+00
-2.39687650902e+00
-2.36696350610e+00
-2.39352894229e+00
-2.41619113568e+00
-2.41701610517e+00
-2.41033017297e+00
-2.41781028989e+00
-2.44544069269e+00
-2.42730098798e+00
-2.41494727613e+00
-2.40948423262e+00
-2.38693754817e+00
-2.40878511583e+00
-2.39764878494e+00
-2.44280987029e+00
-2.39300445822e+00
-2.41509649770e+00
-2.41209951544e+00
-2.42873005050e+00
-2.43127781509e+00
-2.43902063057e+00
-2.38841303088e+00
-2.39689777100e+00
-2.43262950625e+00
-2.43637674834e+00
-2.43666183275e+00
-2.41466437739e+00
-2.40444007749e+00
-2.41854837258e+00
-2.42056035840e+00
-2.41502613310e+00
-2.45415025998e+00
-2.43603084080e+00
-2.41795403643e+00
-2.45340172338e+00
-2.39413850749e+00
-2.41627995561e+00
-2.43005878636e+00
-2.43282524133e+00
-2.39990657895e+00
-2.39986794904e+00
-2.40696806019e+00
-2.40718400223e+00
-2.39662463449e+00
-2.41060763857e+00
-2.41292601782e+00
-2.42475246385e+00
-2.45902916891e+00
-2.43951089863e+00
-2.41345829517e+00
-2.40331924316e+00
-2.39276011342e+00
-2.41594546225e+00
-2.41151438616e+00
-2.41697203037e+00
-2.40224444538e+00
-2.41997537448e+00
-2.39833859547e+00
-2.39927168596e+00
-2.47098688166e+00
-2.42549413862e+00
-2.40824783855e+00
-2.44506493395e+00
-2.42878192462e+00
-2.41238604651e+00
-2.44794124468e+00
-2.42952293352e+00
-2.41914877848e+00
-2.42609502358e+00
-2.41245324157e+00
-2.39866208146e+00
-2.44444107039e+00
-2.44801607640e+00
-2.42677294708e+00
-2.43112034893e+00
-2.43110773869e+00
-2.43469710112e+00
-2.41512904730e+00
-2.41324345492e+00
-2.38767123146e+00
-2.44659227748e+00
-2.40640520315e+00
-2.41072539618e+00
-2.41224417484e+00
-2.42328646895e+00
-2.42256343896e+00
-2.40428049869e+00
-2.41743657085e+00
-2.45082212899e+00
-2.40845171020e+00
-2.41142124772e+00
-2.44545230918e+00
-2.43017784018e+00
-2.40974261175e+00
-2.43681489751e+00
-2.38875357087e+00
-2.40522342900e+00
-2.41864600947e+00
-2.43957929321e+00
-2.41386571835e+00
-2.41784381478e+00
-2.39687484275e+00
-2.40173476939e+00
-2.38282436636e+00
-2.43348112422e+00
-2.45399565587e+00
-2.43131705288e+00
-2.44464167030e+00
-2.42637980493e+00
-2.43075339354e+00
-2.44833338623e+00
-2.39998026075e+00
-2.42859382281e+00
-2.39599182886e+00
-2.44982198458e+00
-2.44073067796e+00
-2.40821148470e+00
-2.42899493412e+00
-2.41370982431e+00
-2.45211551971e+00
-2.41432052650e+00
-2.44190920788e+00
-2.42333040834e+00
-2.39651686129e+00
-2.44369278887e+00
-2.42745022962e+00
-2.40226566052e+00
-2.41246896256e+00
-2.41836818858e+00
-2.39271259781e+00
-2.41210051405e+00
-2.40883362926e+00
-2.39873455698e+00
-2.43736159768e+00
-2.41332997947e+00
-2.39411880124e+00
-2.38010317569e+00
-2.41659892295e+00
-2.44579759221e+00
-2.40920142981e+00
-2.42610067427e+00
-2.44423785106e+00
-2.42540019587e+00
-2.44822796267e+00
-2.41238703940e+00
-2.41065328242e+00
-2.45586013062e+00
-2.43341442913e+00
-2.42776394892e+00
-2.40972912999e+00
-2.40614741184e+00
-2.40108346435e+00
-2.43623766600e+00
-2.44114342534e+00
-2.46814740455e+00
-2.44196981604e+00
-2.42431511232e+00
-2.42737378109e+00
-2.42443614382e+00
-2.39089724704e+00
-2.43905160876e+00
-2.41755973192e+00
-2.42625208238e+00
-2.42670367040e+00
-2.42767750399e+00
-2.43266041088e+00
-2.40172792061e+00
-2.43997463238e+00
-2.40935557706e+00
-2.43643528211e+00
-2.39325241661e+00
-2.42470940008e+00
-2.40678360925e+00
-2.43457637836e+00
-2.38000137869e+00
-2.37884000378e+00
-2.40444195787e+00
-2.42589859118e+00
-2.43499598117e+00
-2.38755294890e+00
-2.40115508465e+00
-2.41842938164e+00
-2.41184921320e+00
-2.39481262247e+00
-2.45385981332e+00
-2.39377966580e+00
-2.40716382284e+00
-2.40698906626e+00
-2.40239010875e+00
-2.41358829621e+00
-2.38331853805e+00
-2.40934765721e+00
-2.43155931387e+00
-2.42083508198e+00
-2.44222264409e+00
-2.42154664877e+00
-2.43078908316e+00
-2.43095466802e+00
-2.40965763956e+00
-2.43656782535e+00
-2.43067975850e+00
-2.39397193334e+00
-2.39410890150e+00
-2.41410778082e+00
-2.38345217724e+00
-2.40926343713e+00
-2.42512159561e+00
-2.44187043919e+00
-2.44495693384e+00
-2.44204964695e+00
-2.42251065935e+00
-2.44874096606e+00
-2.40909332711e+00
-2.41659759606e+00