4.17182952642e+00
4.16747696318e+00
4.16525786533e+00
4.16806439319e+00
4.17185307946e+00
4.17248491291e+00
4.16455109334e+00
4.17143484441e+00
4.16844050283e+00
4.17049457970e+00
4.16763430404e+00
4.17689505839e+00
4.17375113180e+00
4.17683438130e+00
4.16401520632e+00
4.16939579131e+00
4.17229099874e+00
4.17320133792e+00
4.17594791983e+00
4.17234442785e+00
4.17002287096e+00
4.17177238134e+00
4.17382229642e+00
4.16272080276e+00
4.16980080373e+00
4.16223530166e+00
4.17034751360e+00
4.17417625790e+00
4.16996428631e+00
4.16482018010e+00
4.17382009719e+00
4.16914897558e+00
4.16938333882e+00
4.16341207550e+00
4.16574491096e+00
4.16652014366e+00
4.17066497310e+00
4.16838010219e+00
4.16830327841e+00
4.16871490241e+00
4.16498679377e+00
4.17075995478e+00
4.16560208502e+00
4.16630326658e+00
4.17127865445e+00
4.17469702347e+00
4.16832556901e+00
4.17316417075e+00
4.16744325820e+00
4.16574000681e+00
4.16895658587e+00
4.17470235993e+00
4.16724487071e+00
4.16718918621e+00
4.16363518359e+00
4.16833083588e+00
4.16802437413e+00
4.17210038347e+00
4.16848668381e+00
4.16890391647e+00
4.16499569054e+00
4.17641330860e+00
4.17487209418e+00
4.17243476590e+00
4.17083547215e+00
4.16962140669e+00
4.16846238650e+00
4.17683425756e+00
4.16658061332e+00
4.17708016486e+00
4.17048932668e+00
4.16964790590e+00
4.17321602780e+00
4.16498876949e+00
4.16524088046e+00
4.17147304581e+00
4.16936527154e+00
4.17503999797e+00
4.17608683857e+00
4.16733160173e+00
4.16891356887e+00
4.17129042500e+00
4.16634666721e+00
4.16949553823e+00
4.16664315347e+00
4.16715945709e+00
4.17275745804e+00
4.17025140828e+00
4.16690602468e+00
4.17065399380e+00
4.17242553906e+00
4.17234655465e+00
4.16879177820e+00
4.17281312237e+00
4.16695561166e+00
4.16860117744e+00
4.17527728992e+00
4.16939818350e+00
4.16329807160e+00
4.16751008457e+00
4.17260999611e+00
4.17238163559e+00
4.16968908017e+00
4.16064836527e+00
4.16455329977e+00
4.17262703867e+00
4.17912535287e+00
4.16520999250e+00
4.17358199434e+00
4.16372898648e+00
4.16974176800e+00
4.16701989142e+00
4.17182910714e+00
4.16977245283e+00
4.17135569614e+00
4.17088909111e+00
4.16701285195e+00
4.17270635943e+00
4.17236440996e+00
4.16954866618e+00
4.16991783154e+00
4.16496510543e+00
4.16191782151e+00
4.17684180375e+00
4.16713952744e+00
4.17981635771e+00
4.16880977557e+00
4.17333109288e+00
4.17407620134e+00
4.16687593407e+00
4.16923894758e+00
4.17378028074e+00
4.16653421320e+00
4.16992575719e+00
4.16994117311e+00
4.16928243128e+00
4.16972404883e+00
4.16419910276e+00
4.16767433113e+00
4.16698634825e+00
4.17917110997e+00
4.16888880643e+00
4.16957075581e+00
4.17095404100e+00
4.17193473879e+00
4.16918876051e+00
4.17189491575e+00
4.16786832202e+00
4.17075983296e+00
4.17607221047e+00
4.16656363295e+00
4.17420874759e+00
4.16981827335e+00
4.17718141366e+00
4.16744560193e+00
4.17077941722e+00
4.16209987181e+00
4.17091746005e+00
4.16906078710e+00
4.16685871263e+00
4.16517644982e+00
4.16986611080e+00
4.17283463198e+00
4.16310992650e+00
4.16550392124e+00
4.17407283756e+00
4.17349966678e+00
4.17535796390e+00
4.17084293828e+00
4.16391464286e+00
4.17027789390e+00
4.16919040949e+00
4.17416012180e+00
4.17181440599e+00
4.17208359260e+00
4.17644705263e+00
4.17380546228e+00
4.17036059499e+00
4.17120680128e+00
4.17071763370e+00
4.16694770896e+00
4.17030279354e+00
4.16945779600e+00
4.17417730861e+00
4.16460023618e+00
4.17119783743e+00
4.16559478087e+00
4.16643385677e+00
4.16936493507e+00
4.16815780922e+00
4.16754295730e+00
4.17114490305e+00
4.17079378291e+00
4.16580672946e+00
4.17121460757e+00
4.17196482259e+00
4.16961053618e+00
4.16937766823e+00
4.17184831248e+00
4.16774684808e+00
4.17366677580e+00
4.16794522123e+00
4.16792686313e+00
4.16274374990e+00
4.16767943922e+00
4.17028209784e+00
4.16552049907e+00
4.15779346337e+00
4.17581266646e+00
4.17409045572e+00
4.16287347235e+00
4.17339141650e+00
4.16687598552e+00
4.16513265730e+00
4.16967849543e+00
4.16460693674e+00
4.16532993368e+00
4.16992531155e+00
4.16078318595e+00
4.16904825066e+00
4.16868484878e+00
4.17239179587e+00
4.15945654221e+00
4.17234071911e+00
4.17156872174e+00
4.16754125208e+00
4.16683557012e+00
4.16925833339e+00
4.16744533301e+00
4.16166321802e+00
4.17069139843e+00
4.17248965711e+00
4.17295401103e+00
4.16353493153e+00
4.17063394153e+00
4.18180665982e+00
4.17375320045e+00
4.16763044584e+00
4.16451746328e+00
4.17082198892e+00
4.16765995716e+00
4.15812701517e+00
4.17382498169e+00
4.17253371761e+00
4.16612703939e+00
4.17246689823e+00
4.16994447095e+00
4.16579932125e+00
4.16237913367e+00
4.17088410029e+00
4.17041555872e+00
4.16455973738e+00
4.16735356996e+00
4.16809825477e+00
4.17465019169e+00
4.17186352180e+00
4.17244587686e+00
4.17197247185e+00
4.16866601687e+00
4.16533164637e+00
4.17460846989e+00
4.16854259617e+00
4.17003595124e+00
4.16995921883e+00
4.16844223546e+00
4.16639755002e+00
4.16215105656e+00
4.16916828805e+00
4.17263093217e+00
4.17425665991e+00
4.16972292192e+00
4.16669075643e+00
4.16744961746e+00
4.16944698359e+00
4.17180878466e+00
4.17282597145e+00
4.16838565299e+00
4.17508719817e+00
4.17301238789e+00
4.16491566388e+00
4.17304973918e+00
4.17376802308e+00
4.16374718838e+00
4.17036459632e+00
4.17215816613e+00
4.15663033021e+00
4.16319459882e+00
4.17224198131e+00
4.16786648053e+00
4.16660893348e+00
4.16823638386e+00
4.17058473305e+00
4.16522813106e+00
4.16786447994e+00
4.16881426027e+00
4.17886864001e+00
4.16293961400e+00
4.17295595358e+00
4.16862314527e+00
4.16951194991e+00
4.16848356727e+00
4.16982843092e+00
4.17442774834e+00
4.17451435717e+00
4.17775972773e+00
4.16873401562e+00
4.17669900910e+00
4.16925107441e+00
4.17157514507e+00
4.16933930794e+00
4.17279523754e+00
4.16799744140e+00
4.16924909323e+00
4.16596195215e+00
4.16832696486e+00
4.17100874766e+00
4.16651491331e+00
4.17078642677e+00
4.16814602758e+00
4.16470899847e+00
4.16854114730e+00
4.17434962069e+00
4.16706776872e+00
4.16930186795e+00
4.17042370709e+00
4.17169331852e+00
4.17475573973e+00
4.16368784745e+00
4.16773971782e+00
4.16865502400e+00
4.17095551148e+00
4.17339180959e+00
4.17896259383e+00
4.16919103734e+00
4.16806376601e+00
4.16717849205e+00
4.16694013206e+00
4.17054716302e+00
4.16826233065e+00
4.16434304105e+00
4.17089392903e+00
4.17286642941e+00
4.16320442019e+00
4.16754969336e+00
4.15600989154e+00
4.16528993978e+00
4.17207733758e+00
4.17128179382e+00
4.16866493103e+00
4.16862613138e+00
4.16801752041e+00
4.16539996407e+00
4.17027061559e+00
4.17138066892e+00
4.17947326142e+00
4.17135929012e+00
4.16838148482e+00
4.16805064838e+00
4.16549296650e+00
4.17447907177e+00
4.16992392003e+00
4.16738197895e+00
4.17160060522e+00
4.17338414883e+00
4.16753915492e+00
4.16790318748e+00
4.16429900560e+00
4.17391978279e+00
4.16811716720e+00
4.17124837949e+00
4.16812454897e+00
4.16573445238e+00
4.17425322896e+00
4.16987159014e+00
4.16854252510e+00
4.16930495545e+00
4.17305495508e+00
4.17341945426e+00
4.17562150014e+00
4.17547101440e+00
4.16873250898e+00
4.17311074403e+00
4.16891010063e+00
4.17009435402e+00
4.16865052016e+00
4.17196178764e+00
4.16910460342e+00
4.16794514886e+00
4.16943199693e+00
4.16902295262e+00
4.16975903228e+00
4.17081548220e+00
4.17444870071e+00
4.16748456497e+00
4.17554315957e+00
4.16449507067e+00
4.17200780938e+00
4.17457969175e+00
4.16860253277e+00
4.16685211619e+00
4.16180632193e+00
4.16948781811e+00
4.17022673124e+00
4.16610996709e+00
4.16559268391e+00
4.17184121520e+00
4.17136598293e+00
4.17160860793e+00
4.17246831453e+00
4.16932325415e+00
4.16595486205e+00
4.17517248446e+00
4.17436946164e+00
4.17031632880e+00
4.16773914665e+00
4.17035952583e+00
4.17383886689e+00
4.16996530345e+00
4.17450233233e+00
4.17174767288e+00
4.16685229825e+00
4.17100044281e+00
4.16763998079e+00
4.16783729685e+00
4.17456573810e+00
4.16586686231e+00
4.17231329624e+00
4.16951562067e+00
4.17805155160e+00
4.17274017346e+00
4.17434070602e+00
4.17313589580e+00
4.16472856889e+00
4.17274532640e+00
4.17181497767e+00
4.16421414222e+00
4.17476364958e+00
4.17023611616e+00
4.16774391227e+00
4.17475943849e+00
4.17209179932e+00
4.17495147515e+00
4.17152933137e+00
4.16632493520e+00
4.17269649073e+00
4.16999862705e+00
4.16963195239e+00
4.16947307206e+00
4.16902597775e+00
4.16578791873e+00
4.17132267604e+00
4.17656306114e+00
4.16999838417e+00
4.16802438727e+00
4.17117794986e+00
4.17250324348e+00
4.17377578022e+00
4.15932279165e+00
4.17024606877e+00
4.16778851874e+00
4.18064833844e+00
4.17082852608e+00
4.17438173269e+00
4.17061275773e+00
4.17101794897e+00
4.17325102660e+00
4.17284211702e+00
4.16985898531e+00
4.16906685481e+00
4.16922137824e+00
4.16374564287e+00
4.17266055250e+00
4.17025390987e+00
4.16930025645e+00
4.16827948580e+00
4.17267975942e+00
4.17003420187e+00
4.16228695651e+00
4.16880515652e+00
4.16575094435e+00
4.16638307586e+00
4.16394817038e+00
4.17112057918e+00
4.16509039092e+00
4.17337736131e+00
4.16906967584e+00
4.16934716040e+00
4.16716534532e+00
4.17451053465e+00
4.17573354789e+00
4.16490371784e+00
4.16927020902e+00
4.16941336687e+00
4.16326141018e+00
4.16792578368e+00
4.17218852488e+00
4.17722322940e+00
4.17699398235e+00
4.16711702719e+00
4.17162241886e+00
4.16972139282e+00