-1.13557274889e+01
-1.13600464332e+01
-1.13446988038e+01
-1.13595017587e+01
-1.13592956741e+01
-1.13688917637e+01
-1.13467255363e+01
-1.13601296368e+01
-1.13527954873e+01
-1.13598109871e+01
-1.13584997221e+01
-1.13602882889e+01
-1.13582474052e+01
-1.13660247284e+01
-1.13664325903e+01
-1.13606186126e+01
-1.13587575557e+01
-1.13639796865e+01
-1.13630682935e+01
-1.13661145105e+01
-1.13611935920e+01
-1.13549344028e+01
-1.13705221126e+01
-1.13522186279e+01
-1.13625735426e+01
-1.13470866016e+01
-1.13628169478e+01
-1.13567277503e+01
-1.13549020777e+01
-1.13555081454e+01
-1.13624009075e+01
-1.13708337053e+01
-1.13549202291e+01
-1.13570931290e+01
-1.13561754943e+01
-1.13564491523e+01
-1.13729353639e+01
-1.13549686959e+01
-1.13623303201e+01
-1.13505334636e+01
-1.13597207015e+01
-1.13659236452e+01
-1.13499525191e+01
-1.13540782662e+01
-1.13627190426e+01
-1.13736491380e+01
-1.13570727195e+01
-1.13712141429e+01
-1.13494212565e+01
-1.13487750196e+01
-1.13577939646e+01
-1.13682294417e+01
-1.13487746468e+01
-1.13573014757e+01
-1.13419404343e+01
-1.13531080839e+01
-1.13714115289e+01
-1.13728611471e+01
-1.13610920937e+01
-1.13589136983e+01
-1.13590928170e+01
-1.13663901918e+01
-1.13586297338e+01
-1.13664222848e+01
-1.13540968089e+01
-1.13628143938e+01
-1.13532545434e+01
-1.13715052618e+01
-1.13624477528e+01
-1.13759499151e+01
-1.13633270857e+01
-1.13678821773e+01
-1.13635692894e+01
-1.13655330447e+01
-1.13477004109e+01
-1.13551928720e+01
-1.13628713349e+01
-1.13599166379e+01
-1.13770042397e+01
-1.13622631161e+01
-1.13627122479e+01
-1.13644924906e+01
-1.13499419590e+01
-1.13739155147e+01
-1.13533609786e+01
-1.13440918580e+01
-1.13644444461e+01
-1.13721564035e+01
-1.13548903698e+01
-1.13644904548e+01
-1.13579178694e+01
-1.13583632093e+01
-1.13603329381e+01
-1.13587240699e+01
-1.13469923807e+01
-1.13593927750e+01
-1.13714327188e+01
-1.13676637763e+01
-1.13314528962e+01
-1.13493947294e+01
-1.13567195265e+01
-1.13694296243e+01
-1.13526897888e+01
-1.13564481961e+01
-1.13586219615e+01
-1.13599165925e+01
-1.13756253403e+01
-1.13565931756e+01
-1.13726737121e+01
-1.13476802595e+01
-1.13591300123e+01
-1.13427244641e+01
-1.13681599723e+01
-1.13650779338e+01
-1.13673689845e+01
-1.13706002447e+01
-1.13473700669e+01
-1.13724992482e+01
-1.13729306898e+01
-1.13651291841e+01
-1.13624187518e+01
-1.13418370052e+01
-1.13448995626e+01
-1.13768042745e+01
-1.13428855146e+01
-1.13682102474e+01
-1.13688153740e+01
-1.13713332122e+01
-1.13716075123e+01
-1.13441663070e+01
-1.13645007150e+01
-1.13751572537e+01
-1.13511215119e+01
-1.13604592713e+01
-1.13628423184e+01
-1.13670838060e+01
-1.13675943394e+01
-1.13476469610e+01
-1.13547969493e+01
-1.13670737446e+01
-1.13886245037e+01
-1.13517809272e+01
-1.13514853696e+01
-1.13598367994e+01
-1.13612349980e+01
-1.13514901433e+01
-1.13705507747e+01
-1.13475537953e+01
-1.13645963247e+01
-1.13662733183e+01
-1.13486103683e+01
-1.13677834962e+01
-1.13693676834e+01
-1.13631833617e+01
-1.13624924777e+01
-1.13578567091e+01
-1.13487110890e+01
-1.13572798460e+01
-1.13624483760e+01
-1.13601014237e+01
-1.13507164029e+01
-1.13756119342e+01
-1.13689676708e+01
-1.13385751674e+01
-1.13472457417e+01
-1.13670618847e+01
-1.13625862352e+01
-1.13632791751e+01
-1.13509319284e+01
-1.13447060054e+01
-1.13467375488e+01
-1.13590184420e+01
-1.13669427833e+01
-1.13691320855e+01
-1.13571411212e+01
-1.13657445006e+01
-1.13575404126e+01
-1.13690904521e+01
-1.13604575260e+01
-1.13528389244e+01
-1.13524705211e+01
-1.13636274567e+01
-1.13541506509e+01
-1.13792149153e+01
-1.13664041691e+01
-1.13647644457e+01
-1.13583839252e+01
-1.13596804100e+01
-1.13390864784e+01
-1.13613961114e+01
-1.13588987468e+01
-1.13565648393e+01
-1.13704684920e+01
-1.13573030875e+01
-1.13670616839e+01
-1.13685101052e+01
-1.13573488054e+01
-1.13512084157e+01
-1.13593604204e+01
-1.13683555446e+01
-1.13729259941e+01
-1.13520239035e+01
-1.13695564498e+01
-1.13548220069e+01
-1.13693465819e+01
-1.13515093250e+01
-1.13579684709e+01
-1.13359294537e+01
-1.13690758707e+01
-1.13735574914e+01
-1.13416421800e+01
-1.13861462480e+01
-1.13647814903e+01
-1.13447668407e+01
-1.13625714842e+01
-1.13463255994e+01
-1.13654753529e+01
-1.13536017873e+01
-1.13482704717e+01
-1.13572290475e+01
-1.13606485215e+01
-1.13671353701e+01
-1.13466999491e+01
-1.13674550501e+01
-1.13600261011e+01
-1.13565570376e+01
-1.13606114958e+01
-1.13613068547e+01
-1.13648529471e+01
-1.13392670317e+01
-1.13595370095e+01
-1.13673471035e+01
-1.13596882080e+01
-1.13459663259e+01
-1.13635325566e+01
-1.13677765827e+01
-1.13825976639e+01
-1.13616574572e+01
-1.13580308430e+01
-1.13587720499e+01
-1.13479041348e+01
-1.13408250589e+01
-1.13767190329e+01
-1.13532496178e+01
-1.13561776921e+01
-1.13555090914e+01
-1.13504402930e+01
-1.13629699394e+01
-1.13563301644e+01
-1.13657558690e+01
-1.13449553427e+01
-1.13624011598e+01
-1.13611338063e+01
-1.13582970243e+01
-1.13714633512e+01
-1.13692806199e+01
-1.13727672521e+01
-1.13699571511e+01
-1.13476331646e+01
-1.13538576578e+01
-1.13698551993e+01
-1.13556558826e+01
-1.13589845693e+01
-1.13542254198e+01
-1.13620665559e+01
-1.13627507309e+01
-1.13446880816e+01
-1.13584074383e+01
-1.13676922598e+01
-1.13720872317e+01
-1.13574886018e+01
-1.13531996462e+01
-1.13443227011e+01
-1.13627053658e+01
-1.13641299695e+01
-1.13625550356e+01
-1.13476467737e+01
-1.13791893956e+01
-1.13623752154e+01
-1.13539125770e+01
-1.13485425333e+01
-1.13592722353e+01
-1.13556969039e+01
-1.13521746930e+01
-1.13644765500e+01
-1.13377133566e+01
-1.13434067820e+01
-1.13620876609e+01
-1.13490691760e+01
-1.13443312102e+01
-1.13636199198e+01
-1.13629962763e+01
-1.13620902429e+01
-1.13620459778e+01
-1.13584155122e+01
-1.13772795736e+01
-1.13553700483e+01
-1.13506575366e+01
-1.13586165172e+01
-1.13428604526e+01
-1.13661443247e+01
-1.13626251162e+01
-1.13484350111e+01
-1.13678450716e+01
-1.13619638885e+01
-1.13551104559e+01
-1.13715628743e+01
-1.13584958662e+01
-1.13578058486e+01
-1.13732152525e+01
-1.13551352539e+01
-1.13421017832e+01
-1.13661251286e+01
-1.13598137385e+01
-1.13456210040e+01
-1.13716003215e+01
-1.13658427712e+01
-1.13623308810e+01
-1.13779486761e+01
-1.13521446387e+01
-1.13673763625e+01
-1.13510891328e+01
-1.13483414875e+01
-1.13504801962e+01
-1.13494624707e+01
-1.13627105152e+01
-1.13602938593e+01
-1.13572489175e+01
-1.13516798111e+01
-1.13567112921e+01
-1.13620033269e+01
-1.13553918666e+01
-1.13691661013e+01
-1.13684063478e+01
-1.13604912379e+01
-1.13728239844e+01
-1.13514176862e+01
-1.13590513184e+01
-1.13579450415e+01
-1.13496635631e+01
-1.13524591746e+01
-1.13652976851e+01
-1.13532469697e+01
-1.13682057981e+01
-1.13387776283e+01
-1.13567883868e+01
-1.13669892210e+01
-1.13569653892e+01
-1.13584049613e+01
-1.13615896341e+01
-1.13567607440e+01
-1.13553268168e+01
-1.13722863235e+01
-1.13686651296e+01
-1.13747075373e+01
-1.13644455925e+01
-1.13585704666e+01
-1.13459014762e+01
-1.13455788462e+01
-1.13577357939e+01
-1.13566675139e+01
-1.13563861839e+01
-1.13686151172e+01
-1.13613244824e+01
-1.13530255570e+01
-1.13551965057e+01
-1.13372430665e+01
-1.13649631512e+01
-1.13512606870e+01
-1.13665383132e+01
-1.13452636238e+01
-1.13374749066e+01
-1.13657551821e+01
-1.13611150223e+01
-1.13604568554e+01
-1.13718864051e+01
-1.13682656311e+01
-1.13690744884e+01
-1.13646536450e+01
-1.13647819891e+01
-1.13535239524e+01
-1.13608154551e+01
-1.13498137750e+01
-1.13728756085e+01
-1.13538896234e+01
-1.13674038314e+01
-1.13512184289e+01
-1.13571773228e+01
-1.13573931692e+01
-1.13581045676e+01
-1.13714181926e+01
-1.13553957214e+01
-1.13637713767e+01
-1.13633934531e+01
-1.13769807082e+01
-1.13543378473e+01
-1.13666264691e+01
-1.13761927437e+01
-1.13574468831e+01
-1.13618470354e+01
-1.13378027953e+01
-1.13573785328e+01
-1.13630638593e+01
-1.13545622849e+01
-1.13556154296e+01
-1.13669597011e+01
-1.13595400344e+01
-1.13672423302e+01
-1.13597571566e+01
-1.13538987341e+01
-1.13661730379e+01
-1.13560021860e+01
-1.13731281817e+01
-1.13589799963e+01
-1.13628552954e+01
-1.13650064617e+01
-1.13615788880e+01
-1.13710524462e+01
-1.13613628476e+01
-1.13544699127e+01
-1.13543161666e+01
-1.13657103674e+01
-1.13457834686e+01
-1.13593708193e+01
-1.13658141615e+01
-1.13569863535e+01
-1.13604849944e+01
-1.13632022023e+01
-1.13687539643e+01
-1.13638964660e+01
-1.13715283242e+01
-1.13705201770e+01
-1.13562941903e+01
-1.13621066629e+01
-1.13629822147e+01
-1.13700818739e+01
-1.13695121701e+01
-1.13618429627e+01
-1.13599871969e+01
-1.13751367196e+01
-1.13679637326e+01
-1.13667737824e+01
-1.13652529673e+01
-1.13514283964e+01
-1.13522149885e+01
-1.13538999048e+01
-1.13629504735e+01
-1.13533200885e+01
-1.13581507880e+01
-1.13573882787e+01
-1.13669568049e+01
-1.13682193563e+01
-1.13506635350e+01
-1.13522368977e+01
-1.13570088514e+01
-1.13680372278e+01
-1.13679287775e+01
-1.13305715791e+01
-1.13691594723e+01
-1.13573847977e+01
-1.13662100466e+01
-1.13559057331e+01
-1.13750527628e+01
-1.13579234108e+01
-1.13668139410e+01
-1.13709588912e+01
-1.13644861534e+01
-1.13477237017e+01
-1.13575604760e+01
-1.13465496869e+01
-1.13529193801e+01
-1.13842620394e+01
-1.13613058553e+01
-1.13434753410e+01
-1.13512127758e+01
-1.13636981170e+01
-1.13449811150e+01
-1.13516347859e+01
-1.13527736903e+01
-1.13576070131e+01
-1.13549371585e+01
-1.13558117191e+01
-1.13716358145e+01
-1.13554947851e+01
-1.13624022650e+01
-1.13604531705e+01
-1.13606521802e+01
-1.13520102966e+01
-1.13738884381e+01
-1.13675014585e+01
-1.13503275409e+01
-1.13609595490e+01
-1.13544114992e+01
-1.13582135431e+01
-1.13651536931e+01
-1.13537840397e+01
-1.13793513691e+01
-1.13667279966e+01
-1.13564351108e+01
-1.13507986766e+01
-1.13596257981e+01