-4.23346047193e+01
-4.22124079866e+01
-4.22710010919e+01
-4.22308395742e+01
-4.22253362168e+01
-4.22311369368e+01
-4.21672258139e+01
-4.22841462665e+01
-4.21480228050e+01
-4.22958228505e+01
-4.23072420552e+01
-4.22604308665e+01
-4.22938356681e+01
-4.22874356499e+01
-4.22175655325e+01
-4.22152604427e+01
-4.22898766136e+01
-4.22234953696e+01
-4.22293636616e+01
-4.22947768990e+01
-4.22092232138e+01
-4.21508137479e+01
-4.22987485899e+01
-4.21568441428e+01
-4.23803289411e+01
-4.21722518621e+01
-4.21997039835e+01
-4.22961888199e+01
-4.21952146908e+01
-4.21887880404e+01
-4.22524191016e+01
-4.23947156121e+01
-4.22387389766e+01
-4.22785176924e+01
-4.22664476210e+01
-4.22826172461e+01
-4.23610736534e+01
-4.20670851030e+01
-4.21550937486e+01
-4.21926253301e+01
-4.22808729424e+01
-4.22090673316e+01
-4.20838838695e+01
-4.21756270508e+01
-4.23593875486e+01
-4.21879834773e+01
-4.22495775172e+01
-4.22809177581e+01
-4.21948791776e+01
-4.21407307722e+01
-4.22587486967e+01
-4.23369602134e+01
-4.21563337136e+01
-4.21745006638e+01
-4.21327548244e+01
-4.21682510645e+01
-4.21824332326e+01
-4.22851650681e+01
-4.22641614356e+01
-4.22151872244e+01
-4.22293344265e+01
-4.21925500421e+01
-4.22481187087e+01
-4.22740211173e+01
-4.22777465682e+01
-4.22572449897e+01
-4.22723069679e+01
-4.23147892517e+01
-4.21474941355e+01
-4.22706120710e+01
-4.22230264583e+01
-4.23050357967e+01
-4.22898287952e+01
-4.22379967599e+01
-4.22981985763e+01
-4.22007978749e+01
-4.22043092414e+01
-4.22300256446e+01
-4.24147639627e+01
-4.22538900754e+01
-4.21265499104e+01
-4.21477489468e+01
-4.21281866238e+01
-4.23367138130e+01
-4.22804895572e+01
-4.21595777572e+01
-4.22449875649e+01
-4.24267561932e+01
-4.20745745025e+01
-4.23578362948e+01
-4.21887289642e+01
-4.22104793474e+01
-4.22103543345e+01
-4.22160968934e+01
-4.20952825265e+01
-4.21435005222e+01
-4.23980869189e+01
-4.22544512776e+01
-4.22758664536e+01
-4.21662718837e+01
-4.22510603945e+01
-4.21988241005e+01
-4.22011479182e+01
-4.21358963694e+01
-4.22484004397e+01
-4.22330676843e+01
-4.22847454710e+01
-4.22246579937e+01
-4.22825677942e+01
-4.20684132013e+01
-4.22641078837e+01
-4.22466856082e+01
-4.22400840740e+01
-4.22571689497e+01
-4.23165169579e+01
-4.23862412061e+01
-4.21816305570e+01
-4.22757996841e+01
-4.22873231001e+01
-4.22782417622e+01
-4.22317931576e+01
-4.21179770780e+01
-4.21773687217e+01
-4.23851807390e+01
-4.22002832783e+01
-4.24039101717e+01
-4.22314684225e+01
-4.23010136947e+01
-4.23239151328e+01
-4.21815642220e+01
-4.22105544076e+01
-4.24208051145e+01
-4.22049160756e+01
-4.22858090395e+01
-4.22946608335e+01
-4.22845597552e+01
-4.23401236564e+01
-4.22359509192e+01
-4.21905632171e+01
-4.22412773353e+01
-4.22982275155e+01
-4.22029710719e+01
-4.21828735218e+01
-4.22250927319e+01
-4.22955615646e+01
-4.21674862206e+01
-4.22532026612e+01
-4.20873433539e+01
-4.22347746500e+01
-4.23037016801e+01
-4.22833563340e+01
-4.22189702130e+01
-4.21603801480e+01
-4.22687533040e+01
-4.22752052721e+01
-4.22780211906e+01
-4.21802770169e+01
-4.22324083825e+01
-4.23381679346e+01
-4.22780261726e+01
-4.21050746962e+01
-4.21956546717e+01
-4.22709244409e+01
-4.21931522282e+01
-4.22299684517e+01
-4.24185705593e+01
-4.22165895897e+01
-4.21452419101e+01
-4.22590412939e+01
-4.20990671072e+01
-4.22822061044e+01
-4.23201970680e+01
-4.22257560570e+01
-4.23205100277e+01
-4.22246964205e+01
-4.22609047843e+01
-4.22646416112e+01
-4.23464645864e+01
-4.22311367067e+01
-4.21905987963e+01
-4.21378380579e+01
-4.21657198204e+01
-4.22439313781e+01
-4.22451777749e+01
-4.21597148644e+01
-4.22600032966e+01
-4.22816437899e+01
-4.21039652442e+01
-4.21857451269e+01
-4.22442539248e+01
-4.22920591036e+01
-4.22693772587e+01
-4.23629500746e+01
-4.21937555381e+01
-4.21911471561e+01
-4.22709665423e+01
-4.22133714884e+01
-4.22330867335e+01
-4.22387672381e+01
-4.21856066065e+01
-4.23251828453e+01
-4.22414149569e+01
-4.23016427960e+01
-4.22407338324e+01
-4.21928107606e+01
-4.22504922435e+01
-4.21410944643e+01
-4.22134799050e+01
-4.22105163699e+01
-4.24192051215e+01
-4.21959148097e+01
-4.23979464586e+01
-4.22511320113e+01
-4.22370046917e+01
-4.21245808756e+01
-4.22143028902e+01
-4.22382449291e+01
-4.23042864663e+01
-4.21536394321e+01
-4.22486667933e+01
-4.22013890921e+01
-4.22872963993e+01
-4.21943827761e+01
-4.22314938650e+01
-4.23695935702e+01
-4.22743426807e+01
-4.21537079025e+01
-4.21398052623e+01
-4.22364396699e+01
-4.21199543633e+01
-4.21016370665e+01
-4.22495039646e+01
-4.22809188673e+01
-4.21111651810e+01
-4.22325310466e+01
-4.23156125692e+01
-4.23232994452e+01
-4.22622075033e+01
-4.22033654501e+01
-4.22428061325e+01
-4.22237150811e+01
-4.21269047641e+01
-4.23343471100e+01
-4.23088373997e+01
-4.23673242141e+01
-4.23035164832e+01
-4.21911276406e+01
-4.22476586287e+01
-4.23173939350e+01
-4.22666544461e+01
-4.21694922067e+01
-4.21531141609e+01
-4.22197734938e+01
-4.22322511554e+01
-4.21935090157e+01
-4.23174188363e+01
-4.22227475746e+01
-4.23547877938e+01
-4.22665186803e+01
-4.22012971718e+01
-4.23011760769e+01
-4.23186643992e+01
-4.21480820266e+01
-4.22571563673e+01
-4.23719180797e+01
-4.22469814188e+01
-4.21446326903e+01
-4.21853219956e+01
-4.22727541499e+01
-4.22753955521e+01
-4.21989972948e+01
-4.21537552495e+01
-4.22757359095e+01
-4.22540419565e+01
-4.22570303514e+01
-4.22964050514e+01
-4.21514159660e+01
-4.22903466651e+01
-4.23244143304e+01
-4.20961930256e+01
-4.23708978440e+01
-4.23285381975e+01
-4.21226493087e+01
-4.22649809153e+01
-4.21738187221e+01
-4.21488473193e+01
-4.22853474753e+01
-4.23282188379e+01
-4.21992453278e+01
-4.20854079230e+01
-4.21853695109e+01
-4.22555502595e+01
-4.21512960911e+01
-4.22381732780e+01
-4.22422005921e+01
-4.23051480443e+01
-4.22331657159e+01
-4.21326696911e+01
-4.22231025696e+01
-4.21702004080e+01
-4.22068778830e+01
-4.22533106877e+01
-4.22543189143e+01
-4.22360656089e+01
-4.22977130591e+01
-4.22707988559e+01
-4.24414068369e+01
-4.22435141543e+01
-4.22508108072e+01
-4.23046939541e+01
-4.21569682182e+01
-4.21066309683e+01
-4.22882816470e+01
-4.22183446905e+01
-4.21058603367e+01
-4.24056536496e+01
-4.22677041660e+01
-4.22428738194e+01
-4.23510699711e+01
-4.22882704802e+01
-4.21984020586e+01
-4.21449025635e+01
-4.21961966291e+01
-4.22266893898e+01
-4.23106168532e+01
-4.23008374224e+01
-4.23189922993e+01
-4.21570406667e+01
-4.23365357297e+01
-4.22100928762e+01
-4.23202759466e+01
-4.22602951112e+01
-4.22054464064e+01
-4.23164328431e+01
-4.22230369095e+01
-4.22269055148e+01
-4.22459398429e+01
-4.21635431223e+01
-4.21712987358e+01
-4.22130963893e+01
-4.23428744137e+01
-4.22963809736e+01
-4.21924857443e+01
-4.22184794358e+01
-4.21048314284e+01
-4.21647481495e+01
-4.22168759008e+01
-4.22321138582e+01
-4.20863622660e+01
-4.22844498851e+01
-4.22634408007e+01
-4.22575347780e+01
-4.23315082249e+01
-4.23340112943e+01
-4.23133763743e+01
-4.23659333022e+01
-4.21953033909e+01
-4.22440943385e+01
-4.22098915398e+01
-4.22474397856e+01
-4.21145054896e+01
-4.21469932752e+01
-4.23092253592e+01
-4.22093221791e+01
-4.22585255049e+01
-4.22159684454e+01
-4.21545509259e+01
-4.20920888007e+01
-4.22854815890e+01
-4.22404645822e+01
-4.23205433310e+01
-4.21870962083e+01
-4.23989977295e+01
-4.22893925716e+01
-4.22658809691e+01
-4.23714257584e+01
-4.22840562858e+01
-4.22379718544e+01
-4.22988124808e+01
-4.22380296177e+01
-4.23022097191e+01
-4.23363890023e+01
-4.22088350161e+01
-4.23246577306e+01
-4.22277235268e+01
-4.23764113455e+01
-4.22315344567e+01
-4.22730265760e+01
-4.21461791806e+01
-4.22736592871e+01
-4.23076401411e+01
-4.22863757813e+01
-4.22105962563e+01
-4.23191445046e+01
-4.22795801115e+01
-4.22717103340e+01
-4.22347185920e+01
-4.22620637206e+01
-4.22552090029e+01
-4.21578888184e+01
-4.21520165687e+01
-4.22404357408e+01
-4.21981642767e+01
-4.21497931339e+01
-4.21343909398e+01
-4.23579971331e+01
-4.22761838332e+01
-4.22391836205e+01
-4.23087312188e+01
-4.21869156620e+01
-4.22949045987e+01
-4.22577765553e+01
-4.23126567768e+01
-4.21730324087e+01
-4.21676643764e+01
-4.23982690097e+01
-4.22774025306e+01
-4.23583729430e+01
-4.23228938299e+01
-4.23227356463e+01
-4.21130991949e+01
-4.23698419460e+01
-4.21103513346e+01
-4.21478468891e+01
-4.22099883764e+01
-4.22250305314e+01
-4.22720928264e+01
-4.22531292014e+01
-4.22583275775e+01
-4.23240774668e+01
-4.24092057060e+01
-4.23015007840e+01
-4.21781760392e+01
-4.22738183150e+01
-4.23015422583e+01
-4.21831913015e+01
-4.23082577667e+01
-4.22071425918e+01
-4.22389496318e+01
-4.22749065577e+01
-4.22209691924e+01
-4.22183867292e+01
-4.23606008539e+01
-4.22023145087e+01
-4.23018874228e+01
-4.22418742929e+01
-4.23463313206e+01
-4.22838574819e+01
-4.22256941900e+01
-4.23446464612e+01
-4.22378870056e+01
-4.22991832127e+01
-4.22119488825e+01
-4.21920952769e+01
-4.21984757712e+01
-4.22735014713e+01
-4.22172124710e+01
-4.21763407912e+01
-4.22798084814e+01
-4.22668230139e+01
-4.24017367636e+01
-4.22841767226e+01
-4.23089896980e+01
-4.22438053940e+01
-4.21981459513e+01
-4.21963773475e+01
-4.22562163412e+01
-4.21735514406e+01
-4.22835184314e+01
-4.21743538980e+01
-4.21388503379e+01
-4.23301944070e+01
-4.23489139444e+01
-4.21373251056e+01
-4.22507186704e+01
-4.22409724765e+01
-4.20688715192e+01
-4.22095481314e+01
-4.22344914811e+01
-4.22980285317e+01
-4.22531478867e+01
-4.21252771478e+01
-4.22214860714e+01
-4.22020795256e+01
-4.22408068370e+01
-4.22389681107e+01
-4.22273329847e+01
-4.21555777778e+01
-4.22875998949e+01
-4.23944316516e+01
-4.22267424550e+01
-4.21432046709e+01
-4.22158218005e+01
-4.21592423830e+01
-4.22787007831e+01
-4.22461693420e+01
-4.22963306150e+01
-4.22629750213e+01
-4.21071082652e+01
-4.23007791585e+01
-4.22436719882e+01