-9.00560435250e+00
-8.99675048987e+00
-9.00599478504e+00
-8.96297065081e+00
-8.98226756820e+00
-9.01799502845e+00
-8.98144692651e+00
-8.97891026330e+00
-8.98704108367e+00
-9.00701462452e+00
-9.01252474216e+00
-8.99930019842e+00
-8.95624934098e+00
-8.94226534982e+00
-9.02314760143e+00
-8.96048083405e+00
-8.99524190730e+00
-8.98956175866e+00
-9.01211706208e+00
-8.97673209966e+00
-9.00248122141e+00
-9.00544825179e+00
-8.95278295734e+00
-9.02118748817e+00
-8.95070341718e+00
-9.02341356442e+00
-8.97415995158e+00
-8.97816900366e+00
-8.95455963123e+00
-9.01498158910e+00
-8.98949192305e+00
-8.99101966434e+00
-8.94938886523e+00
-8.96157430736e+00
-8.99852777753e+00
-9.04756304842e+00
-8.93219986650e+00
-9.01704661916e+00
-8.99512309031e+00
-8.98293200777e+00
-8.96276782663e+00
-9.01896701535e+00
-8.97925421825e+00
-9.01214794997e+00
-8.97470228120e+00
-9.01058982468e+00
-8.99963415236e+00
-9.00054965905e+00
-8.97535401845e+00
-8.98429440378e+00
-8.96181168344e+00
-8.97719445952e+00
-8.99171453951e+00
-8.94769840971e+00
-8.98712856347e+00
-9.01116590271e+00
-8.94200817039e+00
-8.98738935422e+00
-9.00595426704e+00
-9.03294021554e+00
-8.97226493846e+00
-8.99113855193e+00
-8.98803543815e+00
-8.99083026241e+00
-8.98601648954e+00
-8.99711355720e+00
-8.96213046449e+00
-9.00221925607e+00
-9.01833450800e+00
-8.97480149224e+00
-9.03672128862e+00
-8.98722724697e+00
-8.99863004233e+00
-8.99400661053e+00
-8.93486575774e+00
-8.97067881315e+00
-9.00447879215e+00
-9.00252018512e+00
-9.00036886940e+00
-8.95809604428e+00
-9.01582221286e+00
-9.01463141700e+00
-9.02136139816e+00
-8.99652807974e+00
-8.95455312876e+00
-8.98065868962e+00
-8.99197968684e+00
-8.94545702922e+00
-9.00536391326e+00
-8.96666252440e+00
-8.98240438658e+00
-9.00792420394e+00
-9.03045494412e+00
-8.97553240509e+00
-8.96411225545e+00
-8.98575754810e+00
-8.99291609645e+00
-8.96024855531e+00
-9.00880360234e+00
-8.98803981429e+00
-9.02388569289e+00
-8.97737658922e+00
-8.97670228867e+00
-8.98426745881e+00
-9.02498373865e+00
-8.99920963482e+00
-8.97447872936e+00
-8.99518307941e+00
-9.01053952219e+00
-8.95487249315e+00
-8.99788485695e+00
-9.01266234894e+00
-9.04526531057e+00
-9.00041075904e+00
-9.00761907033e+00
-9.07331297645e+00
-9.00597196615e+00
-9.01727696558e+00
-8.95606713272e+00
-8.99588453333e+00
-8.94004320337e+00
-8.98935955541e+00
-8.96844508179e+00
-8.99212807372e+00
-8.97063111737e+00
-8.99228966093e+00
-8.98689481371e+00
-8.97087358624e+00
-9.01162562862e+00
-8.98107933089e+00
-8.95304679318e+00
-9.02243112511e+00
-9.00048852560e+00
-9.00536991034e+00
-8.96123591145e+00
-8.98651264273e+00
-9.01345832328e+00
-8.97580759290e+00
-8.99718985306e+00
-8.97297386375e+00
-8.98856726887e+00
-8.98650527338e+00
-8.98569024931e+00
-9.04212558429e+00
-8.96527170799e+00
-8.98221271515e+00
-8.98315120869e+00
-9.02148324178e+00
-8.93979957039e+00
-8.98160838541e+00
-8.96531738019e+00
-8.98060838501e+00
-8.97424529444e+00
-9.00227310096e+00
-8.96560448035e+00
-9.01384417466e+00
-8.99562667047e+00
-9.01408902278e+00
-8.96368642818e+00
-9.00339226872e+00
-8.98729388905e+00
-8.99745324548e+00
-9.00983445533e+00
-9.00549501477e+00
-8.96911750081e+00
-8.99702937000e+00
-8.99294397952e+00
-8.97346024876e+00
-8.99010305690e+00
-9.00845761663e+00
-9.00414457426e+00
-9.01597355765e+00
-9.00815094347e+00
-8.95774162726e+00
-9.00688742438e+00
-8.95534902558e+00
-8.94952103435e+00
-9.02539828405e+00
-8.99065790672e+00
-8.96731785002e+00
-9.00723143452e+00
-8.99740813943e+00
-8.99802225368e+00
-8.98982316754e+00
-8.99308729788e+00
-8.96697355932e+00
-8.98354402731e+00
-9.01004204592e+00
-8.97363959879e+00
-8.94192264817e+00
-8.95526997069e+00
-9.01765336101e+00
-8.98555165912e+00
-9.00912580056e+00
-8.95389273050e+00
-9.01902557923e+00
-8.96525748061e+00
-9.04322031237e+00
-9.02115218813e+00
-8.98930645345e+00
-8.95411361619e+00
-8.99303455066e+00
-8.98429374573e+00
-8.99240237965e+00
-9.01689099069e+00
-8.96078496006e+00
-9.00351677552e+00
-9.01335169895e+00
-8.99148088932e+00
-9.01317634565e+00
-8.97188518437e+00
-8.99787264527e+00
-8.98442785738e+00
-9.01651757902e+00
-8.98121491299e+00
-8.95740923910e+00
-8.98571165534e+00
-9.02414752739e+00
-9.00639281990e+00
-8.98563159538e+00
-8.99976467730e+00
-8.97947185214e+00
-8.99359428484e+00
-8.97805698732e+00
-9.00230850979e+00
-8.98094665113e+00
-9.01199427502e+00
-8.97013514086e+00
-8.99289205523e+00
-8.97385570329e+00
-8.97766579617e+00
-8.98564305626e+00
-8.94614859510e+00
-9.01048012087e+00
-9.00578501603e+00
-8.98202900639e+00
-9.02364658131e+00
-8.98765721766e+00
-8.98880737598e+00
-8.98171027167e+00
-8.99459809376e+00
-8.97677503409e+00
-8.99412579405e+00
-9.00055960669e+00
-9.01259180267e+00
-8.99957540522e+00
-8.98193444794e+00
-9.02276443507e+00
-9.00003938502e+00
-9.02105625736e+00
-8.97235914762e+00
-8.97084047084e+00
-8.97599954905e+00
-8.94814144803e+00
-8.95365519619e+00
-9.00136961187e+00
-8.96792677310e+00
-8.96773598285e+00
-8.98810786002e+00
-9.00039269338e+00
-8.96689006928e+00
-8.98826553973e+00
-8.99622120949e+00
-9.00135841923e+00
-9.01628198946e+00
-8.97620825524e+00
-9.00378456650e+00
-9.02646417999e+00
-9.00351987757e+00
-9.02814128817e+00
-8.99939501277e+00
-8.98917347750e+00
-8.95952593997e+00
-9.01423890785e+00
-9.00959184793e+00
-8.97989079463e+00
-9.01386449123e+00
-8.98931954611e+00
-8.98199937300e+00
-8.97175711913e+00
-8.99474881466e+00
-8.97686348897e+00
-9.02253145138e+00
-9.02621202459e+00
-8.97496417769e+00
-8.98956818420e+00
-8.99246303834e+00
-9.00557002300e+00
-8.99234692064e+00
-8.98527857883e+00
-9.02405812997e+00
-8.99732438341e+00
-8.98469157490e+00
-8.99187314329e+00
-8.98474251306e+00
-8.98649028472e+00
-9.02872444109e+00
-8.98378274146e+00
-8.95822549594e+00
-8.96066041910e+00
-8.96380615874e+00
-8.98222898085e+00
-8.96539769160e+00
-8.98816444599e+00
-8.99736491719e+00
-8.99771549579e+00
-8.98785575751e+00
-8.99139042963e+00
-9.03236258968e+00
-9.01061862896e+00
-8.99231056567e+00
-8.98619735398e+00
-8.97969601139e+00
-8.99020904572e+00
-8.99799320262e+00
-8.95603057467e+00
-8.99057487793e+00
-8.99629615279e+00
-8.99350000893e+00
-9.02380981110e+00
-8.96658391735e+00
-8.93758535533e+00
-8.98415643212e+00
-8.98297027632e+00
-9.01935922676e+00
-8.99251735772e+00
-8.99757598262e+00
-8.99756456797e+00
-8.97078230824e+00
-8.98684602811e+00
-9.01369257295e+00
-9.00748617011e+00
-8.96812545900e+00
-9.00625648511e+00
-8.94276722314e+00
-8.97134545529e+00
-8.96270704450e+00
-8.98853441428e+00
-9.00318323822e+00
-8.96492650214e+00
-8.98451140647e+00
-8.96742998559e+00
-8.97862390731e+00
-8.98134691018e+00
-8.97283720063e+00
-8.97599405573e+00
-8.98135335400e+00
-8.99071527534e+00
-8.97167405251e+00
-9.01250353731e+00
-8.96461261654e+00
-9.00721690577e+00
-8.97671740633e+00
-8.98778360530e+00
-8.98023539170e+00
-9.00955227879e+00
-8.99644313407e+00
-9.00156464607e+00
-9.02081948185e+00
-8.98595890780e+00
-9.01235865668e+00
-8.96341903385e+00
-8.98496063276e+00
-8.99518884612e+00
-8.95892511585e+00
-8.97326931580e+00
-8.98221502243e+00
-8.97618908576e+00
-9.02055126330e+00
-8.98418105165e+00
-8.96756679384e+00
-9.00507728463e+00
-8.98972357860e+00
-9.00494665933e+00
-8.99252130132e+00
-8.97746880964e+00
-9.02159920268e+00
-9.03208290340e+00
-9.00052540257e+00
-8.96231118747e+00
-8.98337264456e+00
-8.96969861518e+00
-8.99855378350e+00
-9.00561747701e+00
-8.96821752391e+00
-8.96867027477e+00
-8.95029678033e+00
-8.98047135607e+00
-8.97772338919e+00
-9.02354434566e+00
-8.98676625990e+00
-8.97731123922e+00
-9.01772075326e+00
-9.01404421071e+00
-8.96986488638e+00
-8.98857909906e+00
-8.98806789312e+00
-9.04038284152e+00
-8.96840274764e+00
-8.99145987427e+00
-9.00763670117e+00
-9.02413980116e+00
-8.99406355940e+00
-8.97062234384e+00
-9.02339552476e+00
-9.02507956382e+00
-9.00393399982e+00
-8.99642607203e+00
-9.01960786321e+00
-8.94904758706e+00
-8.99354076533e+00
-8.96104235999e+00
-8.94733164856e+00
-9.00600349830e+00
-8.99115912920e+00
-8.99997743881e+00
-8.95654223180e+00
-9.01202379079e+00
-8.96567317898e+00
-9.01825983245e+00
-8.99600396609e+00
-8.99427344930e+00
-8.98598864790e+00
-9.00971958351e+00
-8.97395610950e+00
-9.02156661110e+00
-9.01162838969e+00
-8.98685745269e+00
-8.97410734859e+00
-8.97503570362e+00
-8.97336505697e+00
-9.00555885353e+00
-9.00476632171e+00
-8.97029995565e+00
-8.94663543739e+00
-8.99917504613e+00
-8.99138864287e+00
-8.94804596582e+00
-8.98305896667e+00
-8.97518684267e+00
-8.98150376307e+00
-8.99226816210e+00
-8.97617414708e+00
-8.97346203989e+00
-8.99004352168e+00
-8.97277266621e+00
-8.95106128795e+00
-8.99191145123e+00
-8.99874171154e+00
-8.98373418516e+00
-8.98391149776e+00
-8.99650019462e+00
-8.96702337622e+00
-9.00482863683e+00
-9.02294288841e+00
-9.00128265793e+00
-8.97292342413e+00
-8.96974813160e+00
-8.97508698266e+00
-8.96890768837e+00
-9.04123540393e+00
-8.97732500253e+00
-9.02558196219e+00
-9.02358400175e+00
-8.98005121109e+00
-9.01448978965e+00
-8.97064249965e+00
-9.00491667474e+00
-8.95627271289e+00
-9.01180794167e+00
-8.99254818763e+00
-8.99404238614e+00
-8.97939313086e+00
-8.99747867599e+00
-8.98744621895e+00
-8.96056580814e+00
-9.00134242897e+00
-8.98420536621e+00
-8.98068159823e+00
-8.97794911108e+00
-8.97009944145e+00
-8.98716508485e+00
-9.02311663430e+00
-8.99280284464e+00
-8.99311265749e+00
-8.98865982504e+00
-8.97761423619e+00
-8.99839295204e+00
-8.98424372467e+00
-9.00175213600e+00
-9.01667170265e+00
-8.98974808623e+00
-9.00438453584e+00
-8.95539324689e+00
-8.98386399065e+00
-8.96456126977e+00
-8.96960592263e+00
-8.95702456045e+00
-8.97879261537e+00
-9.01050264650e+00
-8.98935106222e+00