-6.33373459285e+00
-6.33323922360e+00
-6.33166167868e+00
-6.36953335831e+00
-6.34707669912e+00
-6.32354654750e+00
-6.32555821547e+00
-6.33293836742e+00
-6.34924943274e+00
-6.36034919203e+00
-6.37818042361e+00
-6.33764936763e+00
-6.35399426910e+00
-6.34022064795e+00
-6.33775866078e+00
-6.36288944821e+00
-6.35175082456e+00
-6.34578148353e+00
-6.35563132832e+00
-6.34538228328e+00
-6.37450164518e+00
-6.34521440396e+00
-6.30545397390e+00
-6.33682297751e+00
-6.36369035748e+00
-6.37341807927e+00
-6.35125349419e+00
-6.37139677816e+00
-6.32885546676e+00
-6.34346275194e+00
-6.37064378020e+00
-6.36031059203e+00
-6.33312407109e+00
-6.34070286751e+00
-6.36340318132e+00
-6.35881821971e+00
-6.35331487547e+00
-6.35668552938e+00
-6.33119254091e+00
-6.34672601738e+00
-6.36462516436e+00
-6.33808886923e+00
-6.34707083169e+00
-6.33239729962e+00
-6.32907998953e+00
-6.34111716994e+00
-6.38136796615e+00
-6.34892987917e+00
-6.33787069234e+00
-6.37220226448e+00
-6.32519080587e+00
-6.34954370769e+00
-6.34045013266e+00
-6.34548176162e+00
-6.34300068825e+00
-6.33964007657e+00
-6.35837688486e+00
-6.34849942557e+00
-6.33697428928e+00
-6.35111226667e+00
-6.35394871293e+00
-6.35525018966e+00
-6.39621728335e+00
-6.33828701156e+00
-6.34721880321e+00
-6.33723871104e+00
-6.34233667586e+00
-6.36494671431e+00
-6.35934400261e+00
-6.33794290375e+00
-6.35638407231e+00
-6.35222715545e+00
-6.37650366295e+00
-6.35024814055e+00
-6.38656732029e+00
-6.33855294096e+00
-6.36654573625e+00
-6.34003540857e+00
-6.35891444760e+00
-6.36403124983e+00
-6.34964837319e+00
-6.36132275652e+00
-6.35219459249e+00
-6.34223897973e+00
-6.35481852697e+00
-6.37448775222e+00
-6.34065396231e+00
-6.35812093956e+00
-6.37366025503e+00
-6.36671636496e+00
-6.34105363485e+00
-6.37427176528e+00
-6.34108982814e+00
-6.36179867162e+00
-6.32684723111e+00
-6.31685256279e+00
-6.37028089548e+00
-6.36214760693e+00
-6.35246721851e+00
-6.33880033305e+00
-6.37064225276e+00
-6.35394754584e+00
-6.35583134505e+00
-6.36137745792e+00
-6.33005628846e+00
-6.37320233385e+00
-6.37329686270e+00
-6.35036916394e+00
-6.34324661964e+00
-6.35427249596e+00
-6.35863497924e+00
-6.37344979772e+00
-6.34083421285e+00
-6.35231119411e+00
-6.34201662052e+00
-6.37814627795e+00
-6.35202686433e+00
-6.35139426194e+00
-6.36273529778e+00
-6.34420598121e+00
-6.32437758071e+00
-6.34490776971e+00
-6.34291836600e+00
-6.35523300884e+00
-6.34616028335e+00
-6.35694187279e+00
-6.37879337981e+00
-6.32156337452e+00
-6.34448825364e+00
-6.35073737582e+00
-6.35681134693e+00
-6.35004376952e+00
-6.33337801645e+00
-6.33220444586e+00
-6.33353416640e+00
-6.35460689075e+00
-6.34001169881e+00
-6.34665776208e+00
-6.32754358379e+00
-6.32966622096e+00
-6.32830164911e+00
-6.33503958922e+00
-6.37175315010e+00
-6.33988702396e+00
-6.32421091560e+00
-6.35534333709e+00
-6.32077324197e+00
-6.37058203494e+00
-6.34530293434e+00
-6.33761134952e+00
-6.33927641113e+00
-6.33110100943e+00
-6.38261892619e+00
-6.39637121211e+00
-6.33965470339e+00
-6.32110380968e+00
-6.32388241968e+00
-6.37070045956e+00
-6.33843146433e+00
-6.34804584413e+00
-6.36432133539e+00
-6.33590564486e+00
-6.36145525961e+00
-6.35238034158e+00
-6.34998806129e+00
-6.35256793977e+00
-6.32500487193e+00
-6.36398866845e+00
-6.31086709703e+00
-6.37903195694e+00
-6.35530794056e+00
-6.36395334913e+00
-6.35892383431e+00
-6.34398669312e+00
-6.34664843922e+00
-6.35260519754e+00
-6.36383441259e+00
-6.34483575577e+00
-6.32807718136e+00
-6.35873591234e+00
-6.36775077610e+00
-6.35868511114e+00
-6.37465752739e+00
-6.33702207147e+00
-6.36075385311e+00
-6.31907981924e+00
-6.32716670611e+00
-6.34342045461e+00
-6.34576591247e+00
-6.35262740954e+00
-6.33300919985e+00
-6.34375102715e+00
-6.32300821081e+00
-6.33403357396e+00
-6.32987330005e+00
-6.35531003979e+00
-6.33021098682e+00
-6.33482809942e+00
-6.36556000198e+00
-6.35097731440e+00
-6.33401904609e+00
-6.35149283172e+00
-6.33828633011e+00
-6.34488697929e+00
-6.32299898989e+00
-6.31721133280e+00
-6.31312561002e+00
-6.35949107928e+00
-6.30401766129e+00
-6.35773757445e+00
-6.33856689158e+00
-6.36095763769e+00
-6.34625235845e+00
-6.33503542354e+00
-6.35090452491e+00
-6.36513167204e+00
-6.33093295346e+00
-6.34026965463e+00
-6.35175337740e+00
-6.34256808898e+00
-6.33632284302e+00
-6.33747763530e+00
-6.32799369285e+00
-6.32300739556e+00
-6.35070622693e+00
-6.33988669845e+00
-6.32649060524e+00
-6.34221678441e+00
-6.35412388460e+00
-6.35691473520e+00
-6.33070000690e+00
-6.33657695438e+00
-6.33466681067e+00
-6.37269724897e+00
-6.32633953760e+00
-6.34210110598e+00
-6.37471669896e+00
-6.36965622560e+00
-6.35379438857e+00
-6.35868058411e+00
-6.36245813361e+00
-6.35875716253e+00
-6.34144229872e+00
-6.35701157766e+00
-6.36083418299e+00
-6.36308129611e+00
-6.35429287287e+00
-6.35810959450e+00
-6.35720778881e+00
-6.35145527167e+00
-6.35530041627e+00
-6.33398391424e+00
-6.32330497640e+00
-6.35636342090e+00
-6.38569902990e+00
-6.36370882964e+00
-6.33506603110e+00
-6.33810417661e+00
-6.33762241668e+00
-6.35617207734e+00
-6.35629435293e+00
-6.35446673899e+00
-6.38429881255e+00
-6.35313386482e+00
-6.36868639369e+00
-6.34653925177e+00
-6.37026622739e+00
-6.35554416781e+00
-6.35297732681e+00
-6.34020256198e+00
-6.34254578009e+00
-6.32591948645e+00
-6.31655349013e+00
-6.35052764833e+00
-6.33044212878e+00
-6.35964032118e+00
-6.35070872693e+00
-6.36689995192e+00
-6.34451063356e+00
-6.36718587643e+00
-6.33990073802e+00
-6.34624509828e+00
-6.38428662344e+00
-6.35571385437e+00
-6.35909358367e+00
-6.36449548203e+00
-6.38010564036e+00
-6.36356255955e+00
-6.33585454241e+00
-6.36125476078e+00
-6.36687571059e+00
-6.34519292925e+00
-6.37704097797e+00
-6.33662823871e+00
-6.34635372290e+00
-6.32691986758e+00
-6.34879164037e+00
-6.34318147250e+00
-6.34060216120e+00
-6.33900626925e+00
-6.37088177843e+00
-6.36808085239e+00
-6.32736921939e+00
-6.32398954259e+00
-6.33815193624e+00
-6.34502450550e+00
-6.33003548356e+00
-6.35140851700e+00
-6.36038394447e+00
-6.35125175471e+00
-6.32516721363e+00
-6.34064006911e+00
-6.35858195099e+00
-6.34809422663e+00
-6.38701918776e+00
-6.35748132895e+00
-6.35501713718e+00
-6.33748481007e+00
-6.37242717853e+00
-6.37787055412e+00
-6.33909851957e+00
-6.34515793349e+00
-6.34084201483e+00
-6.33511831788e+00
-6.35459960712e+00
-6.34213329800e+00
-6.32686166693e+00
-6.34594825196e+00
-6.33899980066e+00
-6.38621708049e+00
-6.36694551296e+00
-6.34749654359e+00
-6.33193730498e+00
-6.36247883775e+00
-6.32214422008e+00
-6.32859111930e+00
-6.33733789552e+00
-6.35289235034e+00
-6.35318421953e+00
-6.36307745047e+00
-6.34263754407e+00
-6.34913137873e+00
-6.33834027749e+00
-6.35827691970e+00
-6.36297349942e+00
-6.35937662305e+00
-6.37055958530e+00
-6.37555587681e+00
-6.34857767358e+00
-6.36871973344e+00
-6.37025126341e+00
-6.34587861560e+00
-6.32324377201e+00
-6.37441842005e+00
-6.34807883300e+00
-6.34542592724e+00
-6.34417526639e+00
-6.36584653913e+00
-6.37873336658e+00
-6.34602107974e+00
-6.36987187784e+00
-6.33602480527e+00
-6.37591536935e+00
-6.36686805498e+00
-6.35026807128e+00
-6.31864108490e+00
-6.34853508388e+00
-6.32314401691e+00
-6.33894007800e+00
-6.36590495359e+00
-6.36045383233e+00
-6.34962015746e+00
-6.33518407116e+00
-6.35527072156e+00
-6.37905067199e+00
-6.30864437198e+00
-6.36603694579e+00
-6.34284903426e+00
-6.33507001714e+00
-6.35280093940e+00
-6.36922068000e+00
-6.33882292144e+00
-6.33539278772e+00
-6.36182769189e+00
-6.35261137215e+00
-6.30990032422e+00
-6.34249222519e+00
-6.35053862738e+00
-6.35148284291e+00
-6.35481638542e+00
-6.34230129017e+00
-6.34960151821e+00
-6.34811359998e+00
-6.35428673343e+00
-6.35544514947e+00
-6.35135360235e+00
-6.37453813783e+00
-6.35705963757e+00
-6.31990327840e+00
-6.35385640586e+00
-6.35880006922e+00
-6.34002119835e+00
-6.32859135769e+00
-6.31873195323e+00
-6.36073409526e+00
-6.35871371985e+00
-6.34746783662e+00
-6.33776475380e+00
-6.37908459331e+00
-6.33247712709e+00
-6.35731593400e+00
-6.32304824149e+00
-6.30286590679e+00
-6.32788348878e+00
-6.36268641569e+00
-6.33571874561e+00
-6.35276128951e+00
-6.35954873175e+00
-6.35739508473e+00
-6.33821787329e+00
-6.34626691659e+00
-6.32855438163e+00
-6.34734601453e+00
-6.33745645455e+00
-6.35862234491e+00
-6.35493908796e+00
-6.35877440372e+00
-6.35177828102e+00
-6.33227553383e+00
-6.37971060463e+00
-6.34973400445e+00
-6.36088551178e+00
-6.32322297240e+00
-6.35553568565e+00
-6.34787293593e+00
-6.35964611634e+00
-6.34457136081e+00
-6.33699287398e+00
-6.34082189816e+00
-6.33495572328e+00
-6.33626264573e+00
-6.36768111505e+00
-6.34175618282e+00
-6.35453427903e+00
-6.33650490558e+00
-6.35204712858e+00
-6.36080422242e+00
-6.34514330764e+00
-6.35773647097e+00
-6.34275893435e+00
-6.35245594788e+00
-6.34854857044e+00
-6.34144877233e+00
-6.34907723707e+00
-6.34056630844e+00
-6.34777461325e+00
-6.36358564302e+00
-6.34468579427e+00
-6.33068260125e+00
-6.33205856738e+00
-6.38220131691e+00
-6.35664465285e+00
-6.34014000672e+00
-6.39075932614e+00
-6.33540388130e+00
-6.35634887169e+00
-6.36065002622e+00
-6.35484276136e+00
-6.32831302907e+00
-6.36234831497e+00
-6.34260666964e+00
-6.33681219788e+00
-6.35169226079e+00
-6.34415542440e+00
-6.35733460347e+00
-6.32965271325e+00
-6.35484831971e+00
-6.34308171138e+00
-6.36323724441e+00
-6.36832189844e+00
-6.35722967443e+00
-6.34744926593e+00
-6.36562419865e+00
-6.38048079945e+00
-6.35346476150e+00
-6.32339044280e+00
-6.34932940408e+00
-6.35528464285e+00
-6.33765785400e+00
-6.32957962299e+00
-6.32994547314e+00
-6.33590879748e+00
-6.33881208516e+00
-6.37478422353e+00
-6.37037892840e+00
-6.34697204506e+00
-6.35095497685e+00
-6.34716808517e+00
-6.32504054862e+00
-6.34890528832e+00
-6.34844181364e+00