-4.63889043753e+00
-4.71553920657e+00
-4.70559234181e+00
-4.77801485418e+00
-4.70372552827e+00
-4.67388884370e+00
-4.85075508975e+00
-4.55553579876e+00
-4.67079898595e+00
-4.71009665544e+00
-4.45892585025e+00
-4.94618200593e+00
-4.71523596655e+00
-4.74679515804e+00
-4.89662888543e+00
-4.82263826236e+00
-4.57591409021e+00
-4.98955355593e+00
-4.96163063665e+00
-4.69248599271e+00
-4.93604162080e+00
-4.70450386369e+00
-4.83539551256e+00
-4.62342985076e+00
-4.76819676669e+00
-4.86133298419e+00
-4.65144880912e+00
-4.44716684352e+00
-4.66864555332e+00
-4.84497110647e+00
-4.70122400148e+00
-4.86107577870e+00
-4.66358145770e+00
-4.84504389138e+00
-4.97943762669e+00
-4.79748498478e+00
-4.93759293814e+00
-5.10099288962e+00
-4.32383876211e+00
-4.77533119152e+00
-4.95706927847e+00
-4.66029567891e+00
-4.81083272202e+00
-4.88636219951e+00
-4.75655947534e+00
-4.99351370312e+00
-4.76943380403e+00
-4.80645437551e+00
-4.50963190762e+00
-4.82151437044e+00
-4.57249746447e+00
-4.75529953192e+00
-4.79232347040e+00
-4.75990748528e+00
-4.80771941295e+00
-5.04815166377e+00
-4.56179422385e+00
-4.58990286004e+00
-4.96489939215e+00
-4.85562066667e+00
-4.78050943486e+00
-4.95336666937e+00
-4.67150368389e+00
-4.58919356634e+00
-4.56806717537e+00
-4.71746524260e+00
-5.03071812047e+00
-4.97481746047e+00
-4.52444467386e+00
-4.74491890290e+00
-4.74879376577e+00
-4.74860907629e+00
-4.85206653375e+00
-4.53651795855e+00
-4.69893595468e+00
-4.83099558151e+00
-5.09647437147e+00
-4.86963681274e+00
-4.54391456618e+00
-4.60019525932e+00
-4.75773921532e+00
-4.90922750501e+00
-4.64889132043e+00
-4.66036412986e+00
-4.54749283600e+00
-4.82840786452e+00
-4.45471226120e+00
-4.60072581253e+00
-4.97364254897e+00
-4.88429838522e+00
-4.74913845964e+00
-4.58493740939e+00
-4.70578368864e+00
-4.64246622220e+00
-4.78033909618e+00
-4.61279102939e+00
-4.67936373894e+00
-5.05954116559e+00
-4.73929422286e+00
-4.54428386040e+00
-4.81048285714e+00
-4.68839076713e+00
-4.70296269613e+00
-4.81932376386e+00
-4.63238383534e+00
-4.60508031396e+00
-4.92997867338e+00
-4.68566726320e+00
-4.78256766336e+00
-4.65586706944e+00
-4.96047226485e+00
-4.92567595561e+00
-4.74401511385e+00
-4.69731762805e+00
-4.51221098734e+00
-5.20024645523e+00
-4.80993530133e+00
-4.79843821221e+00
-4.77589930119e+00
-4.89079647871e+00
-4.51103988310e+00
-4.62937348807e+00
-4.57561003038e+00
-4.52317959475e+00
-4.73866465060e+00
-4.79066684563e+00
-4.83813910274e+00
-4.87908242302e+00
-4.96461158859e+00
-4.41277415549e+00
-4.92297959329e+00
-4.54869806487e+00
-4.66581477775e+00
-4.73874098252e+00
-4.85859253159e+00
-4.71101907270e+00
-4.56540181301e+00
-4.74652724276e+00
-4.56952140355e+00
-4.90899442882e+00
-4.99153605148e+00
-4.15912094549e+00
-4.74116156161e+00
-4.68053623135e+00
-4.55235787217e+00
-4.83994941091e+00
-4.86911326848e+00
-4.73182583990e+00
-5.02403202314e+00
-4.76122709227e+00
-4.57935213250e+00
-4.97731124747e+00
-4.70224448128e+00
-4.64580926814e+00
-4.68512935842e+00
-4.89479632113e+00
-4.89389523650e+00
-4.62089580075e+00
-4.65117658718e+00
-4.64981368685e+00
-4.74370420357e+00
-4.83643600305e+00
-4.88394899331e+00
-4.91754150667e+00
-4.59027390068e+00
-4.99340441627e+00
-4.41740818224e+00
-4.55887326350e+00
-4.68271840700e+00
-4.78797490755e+00
-4.60170493515e+00
-4.63039043383e+00
-4.61299272585e+00
-4.78023786256e+00
-4.91069948382e+00
-4.89386349554e+00
-4.82979144193e+00
-4.88530519337e+00
-5.03890164134e+00
-4.73767546417e+00
-4.79254866797e+00
-4.40514916017e+00
-4.92436102202e+00
-4.84828926712e+00
-4.85548163335e+00
-4.80558812334e+00
-4.69949911394e+00
-4.67910227730e+00
-4.85404443546e+00
-4.78345012412e+00
-4.78736699373e+00
-4.71046759863e+00
-4.80321473642e+00
-4.60623840745e+00
-4.69955550585e+00
-4.63602069020e+00
-4.84857899911e+00
-4.76501716584e+00
-4.63129719642e+00
-4.75610230706e+00
-4.73237251262e+00
-4.50465345176e+00
-4.65889799088e+00
-4.43520441931e+00
-4.89598651976e+00
-4.48363165847e+00
-4.65901846597e+00
-4.66792130194e+00
-4.92259102284e+00
-4.35378570378e+00
-4.70036694820e+00
-4.90455102837e+00
-4.93579185600e+00
-4.74102095147e+00
-4.74353277715e+00
-4.68466293270e+00
-4.49535570756e+00
-4.68336440701e+00
-4.35624861597e+00
-4.71777660542e+00
-4.74614375993e+00
-4.87557005832e+00
-4.97136647836e+00
-4.99975333863e+00
-4.77812565129e+00
-4.64303346915e+00
-4.88046688907e+00
-4.62454501008e+00
-4.65415073431e+00
-4.77413601941e+00
-4.65572968263e+00
-4.84032195175e+00
-4.81205868939e+00
-4.83805468259e+00
-4.63191860111e+00
-4.97862052373e+00
-4.80663287274e+00
-4.64116027475e+00
-4.82382927510e+00
-4.55639152492e+00
-4.86691355726e+00
-4.76632762567e+00
-4.74693927941e+00
-4.59927631181e+00
-4.82258778978e+00
-4.75755829473e+00
-4.65336551932e+00
-4.64614521722e+00
-4.86633860612e+00
-5.00344490654e+00
-4.66279834828e+00
-4.82189912760e+00
-4.75907513222e+00
-4.75175849489e+00
-4.78849760213e+00
-4.57491790281e+00
-4.39737469272e+00
-4.57289987063e+00
-4.62095963795e+00
-4.70863951891e+00
-4.86801276514e+00
-4.79793188026e+00
-4.68152113685e+00
-4.80896739522e+00
-4.61682157689e+00
-4.85717656058e+00
-4.76339775842e+00
-4.59850347355e+00
-4.82283833537e+00
-4.98168222811e+00
-4.73524162426e+00
-4.60093749567e+00
-4.95759944790e+00
-4.70082973374e+00
-4.85292025445e+00
-4.64869984747e+00
-4.46533622438e+00
-4.77298016536e+00
-4.49266995494e+00
-4.73478691590e+00
-4.60620821785e+00
-4.74194546074e+00
-4.73164125309e+00
-4.79090835723e+00
-4.76939368559e+00
-4.79575177799e+00
-4.87317846944e+00
-4.94236117919e+00
-4.86265552037e+00
-4.77507323405e+00
-4.74811526526e+00
-4.71715192589e+00
-4.59395582013e+00
-4.96034259341e+00
-4.56114314837e+00
-4.68688039155e+00
-4.87024419680e+00
-4.76568772049e+00
-4.99519459725e+00
-4.94027899627e+00
-4.75149428751e+00
-4.97942328349e+00
-4.69675612800e+00
-4.88139708651e+00
-4.60409859463e+00
-4.43073404675e+00
-4.66886646744e+00
-4.61279152666e+00
-4.80635470828e+00
-4.68666094629e+00
-4.71829598754e+00
-4.78063244536e+00
-4.77240216075e+00
-4.79596725113e+00
-4.87266800898e+00
-4.75250114234e+00
-4.72619333166e+00
-5.01816562539e+00
-4.85894004653e+00
-4.65249474898e+00
-4.67957062364e+00
-4.69074228013e+00
-4.72208429576e+00
-4.71251962143e+00
-4.62615563924e+00
-4.61418809702e+00
-4.99967340121e+00
-4.81656928863e+00
-4.74281615779e+00
-4.83926863407e+00
-4.62707359042e+00
-4.60167198284e+00
-5.04247595596e+00
-4.40309030089e+00
-5.06910593511e+00
-4.77269677213e+00
-4.65660553568e+00
-4.82786489209e+00
-4.75578305560e+00
-5.01922921420e+00
-4.67616094204e+00
-4.79419663082e+00
-4.63826393866e+00
-4.89333086799e+00
-4.38849912497e+00
-4.75290090823e+00
-4.58835135873e+00
-4.92799465568e+00
-4.76443972861e+00
-4.90878016700e+00
-4.58232251680e+00
-4.55808416065e+00
-4.88346975114e+00
-4.70513109938e+00
-4.44719117301e+00
-4.98045353942e+00
-4.59887403224e+00
-4.86689191750e+00
-4.41780833092e+00
-4.59863746643e+00
-4.60242803716e+00
-4.76828402204e+00
-4.70022598465e+00
-4.63204999821e+00
-4.88509138367e+00
-4.81524375307e+00
-4.83045139958e+00
-4.73261296268e+00
-4.56412745822e+00
-4.71746058660e+00
-4.46128244412e+00
-4.77536771540e+00
-5.03574345834e+00
-4.73320715364e+00
-4.77297175043e+00
-4.51038439269e+00
-4.79887071831e+00
-4.98142139243e+00
-4.74772357729e+00
-4.82511691223e+00
-4.76559820478e+00
-4.57465633548e+00
-4.99399616092e+00
-4.84817905743e+00
-4.60031302168e+00
-4.74281382547e+00
-4.74577023538e+00
-4.86800669146e+00
-5.10474415207e+00
-4.84215322512e+00
-4.38325067111e+00
-5.03602708482e+00
-4.78051685491e+00
-4.67490980720e+00
-4.62444151394e+00
-4.60979191023e+00
-5.17747342578e+00
-4.57152404208e+00
-4.81071450135e+00
-4.67497987132e+00
-4.61790065735e+00
-4.48633390604e+00
-4.71454796174e+00
-4.69675635086e+00
-4.67485293594e+00
-4.63044339744e+00
-4.75892224905e+00
-4.84704011998e+00
-4.75406358256e+00
-5.11451774032e+00
-4.87311447741e+00
-4.52931980047e+00
-4.80752215035e+00
-4.90644210113e+00
-4.77318486909e+00
-4.72949414085e+00
-4.92958636345e+00
-4.58486029885e+00
-4.73516950839e+00
-4.50539117130e+00
-4.71228028906e+00
-4.66786274627e+00
-4.64665172261e+00
-4.74991370413e+00
-4.89478320719e+00
-4.61141031233e+00
-4.79084212844e+00
-4.75962936153e+00
-4.83464995167e+00
-4.79496217650e+00
-4.65280173832e+00
-4.71966069399e+00
-4.29869369951e+00
-4.65382825309e+00
-4.62294575413e+00
-4.69873530528e+00
-4.87385948823e+00
-4.80957382951e+00
-4.78047017778e+00
-4.65344337386e+00
-4.74962910165e+00
-4.52711341019e+00
-4.87985179277e+00
-4.57867089465e+00
-4.88111930015e+00
-4.80609103366e+00
-4.58251440217e+00
-4.80611265522e+00
-4.64919894866e+00
-4.48016326768e+00
-4.58453194108e+00
-4.69653650297e+00
-4.92139355055e+00
-4.66990651096e+00
-4.93447454965e+00
-4.64549804099e+00
-4.73167051419e+00
-4.70378534185e+00
-4.78762361070e+00
-4.53613232034e+00
-4.77123277989e+00
-4.94569686129e+00
-4.66033091912e+00
-4.67369463159e+00
-4.90637575888e+00
-4.81230046482e+00
-4.80465543200e+00
-5.06468339561e+00
-4.79784444728e+00
-4.68455912214e+00
-4.83701860937e+00
-4.87646941520e+00
-4.70314858661e+00
-5.03559780664e+00
-4.48301023337e+00
-4.71082329124e+00
-4.91538940292e+00
-4.76417989853e+00
-4.98492912246e+00
-4.64760814398e+00
-4.73547838447e+00
-4.76497979525e+00
-4.80880766899e+00
-4.78341274658e+00
-4.60761085597e+00
-4.97895345462e+00
-4.70932594515e+00
-4.57225454246e+00
-4.93726023253e+00
-4.84999021816e+00
-4.77249579372e+00
-4.84328059302e+00
-4.52788008095e+00
-5.08407708582e+00
-5.10514597144e+00
-4.63048030865e+00
-4.70792497621e+00
-4.84017728790e+00
-4.63643234020e+00
-4.82066986379e+00
-4.75134594364e+00