8.40564972762e+00
8.80043752646e+00
9.15659737616e+00
8.60456480038e+00
8.57051018571e+00
8.61802905954e+00
8.78920372875e+00
8.71404710964e+00
8.84978982642e+00
8.69561522155e+00
8.30454721417e+00
8.49942430739e+00
8.67134398223e+00
8.76405805356e+00
9.02037679466e+00
8.86156510740e+00
8.42945851328e+00
8.59223047952e+00
8.95948013341e+00
9.00034980409e+00
8.91488212020e+00
8.48023431448e+00
9.14224542362e+00
8.16803726505e+00
8.78900928056e+00
8.86512109984e+00
8.87913922129e+00
8.87044505747e+00
8.17861766998e+00
8.12045204605e+00
8.90308551514e+00
8.34755546839e+00
8.09752925446e+00
8.88422097168e+00
8.41518085426e+00
9.40713446634e+00
8.97924258508e+00
8.61116871239e+00
8.91223025694e+00
8.14979408958e+00
8.46301275885e+00
8.78779936295e+00
8.73254788167e+00
8.51581105613e+00
8.11821120440e+00
8.20921291656e+00
8.62669251636e+00
8.72795443679e+00
8.86382966865e+00
8.78243914687e+00
8.73342232582e+00
8.42341991763e+00
8.78724252701e+00
8.69176477768e+00
8.78630911547e+00
8.59705578690e+00
8.40224121683e+00
8.42895964048e+00
8.82002031009e+00
9.03462569699e+00
8.91090842173e+00
9.09242134161e+00
8.36288941307e+00
8.61968827924e+00
8.57025906128e+00
8.91239905538e+00
8.61450776291e+00
8.74546698550e+00
8.76332862808e+00
8.30952045296e+00
8.48862637765e+00
8.62172742212e+00
8.41514679198e+00
8.69417219570e+00
8.42039110761e+00
8.31094126195e+00
8.65664038144e+00
8.69816598636e+00
8.95027917825e+00
8.35431528744e+00
8.74468518012e+00
8.57377327774e+00
8.26848895807e+00
8.30182864262e+00
8.26652254295e+00
8.84386061996e+00
8.39933143825e+00
7.72781346157e+00
8.32570017456e+00
8.50912567860e+00
8.70503350817e+00
9.27966005292e+00
8.88006043714e+00
8.82102669682e+00
8.91498254441e+00
8.62190736142e+00
8.79343402159e+00
8.45654527635e+00
8.93674761051e+00
8.39507397786e+00
8.55068416868e+00
8.57661750253e+00
8.69586215914e+00
8.57230547244e+00
8.86027751595e+00
8.80679257607e+00
8.44042912413e+00
8.77244056945e+00
8.52408257426e+00
8.91253221400e+00
9.04769829267e+00
8.53852310680e+00
8.66471371676e+00
8.78143234756e+00
8.95071526491e+00
8.66426180426e+00
8.43725235679e+00
8.96307070305e+00
8.44721972669e+00
8.88515071530e+00
7.74165079563e+00
8.91473445538e+00
8.85536787232e+00
8.46854916758e+00
8.53376840112e+00
8.64771892775e+00
9.28472106134e+00
8.37892524123e+00
8.66156324444e+00
8.67006535504e+00
8.64360573115e+00
8.52880518208e+00
8.50793775352e+00
8.72691502676e+00
8.07382386587e+00
8.50697477459e+00
8.96336895592e+00
9.14634317158e+00
8.66649791985e+00
8.99267292112e+00
8.55348817373e+00
8.30726409806e+00
8.37711684845e+00
8.98543636424e+00
8.62004124869e+00
9.04371667987e+00
8.52523289217e+00
9.36820209612e+00
8.39566243552e+00
8.75515932417e+00
8.78508189545e+00
8.85768006259e+00
8.41124598493e+00
8.88962270334e+00
8.11314892533e+00
9.23500533220e+00
8.73761802032e+00
8.45544457615e+00
8.97810590550e+00
8.22625275927e+00
8.84978673357e+00
8.58776947017e+00
8.24166201594e+00
9.07284303818e+00
8.33992271536e+00
8.56666472894e+00
8.93445987143e+00
8.48176546139e+00
8.56243613103e+00
8.73191143284e+00
8.45912685925e+00
8.76121909454e+00
8.63149833956e+00
8.32095698144e+00
8.40824872107e+00
7.74435623261e+00
8.66894110531e+00
8.85098070846e+00
8.66893711210e+00
8.34006512136e+00
8.84479887078e+00
8.62604571795e+00
8.37665232979e+00
8.43982106398e+00
8.42089624156e+00
9.18553265003e+00
8.65371295993e+00
8.89671546517e+00
8.24142831110e+00
8.41349506905e+00
8.37297897459e+00
8.78922186514e+00
8.32085594952e+00
8.40420614836e+00
8.65176596071e+00
8.58802451744e+00
8.37079801819e+00
9.44860302608e+00
8.58893299536e+00
8.69202659091e+00
8.75641687494e+00
8.40475288596e+00
8.17385471874e+00
8.69892820756e+00
9.00364709097e+00
8.06850237302e+00
8.65797328093e+00
9.15829764816e+00
8.66032957832e+00
8.67107256131e+00
8.67177433051e+00
8.75858802186e+00
8.43247287714e+00
8.62738251881e+00
7.96870030226e+00
8.86200019141e+00
8.89114238984e+00
9.46037835277e+00
8.90118040067e+00
8.57009104820e+00
8.79263140240e+00
8.92176916234e+00
8.88913317108e+00
8.43215697810e+00
8.18299197626e+00
8.38986782550e+00
8.83221148728e+00
8.52461273564e+00
8.62758577169e+00
8.92877587540e+00
8.33166235804e+00
8.46345105012e+00
8.03276711999e+00
8.49476301888e+00
8.89046983019e+00
9.07093430321e+00
8.23506312207e+00
8.74646066471e+00
8.38565845408e+00
9.01000763739e+00
8.47713768594e+00
8.50295550561e+00
8.78790996933e+00
8.63889188525e+00
8.47569330776e+00
8.71620022285e+00
8.70169619770e+00
8.94283346519e+00
8.54577029457e+00
8.83593038640e+00
8.30391747000e+00
8.15249320329e+00
8.73027471460e+00
8.03039837353e+00
8.69966112324e+00
8.29401219225e+00
8.92579582980e+00
8.20803735299e+00
8.33737618125e+00
8.16894941725e+00
8.65219084293e+00
8.70956765308e+00
8.58266567994e+00
9.09088198203e+00
8.55956625172e+00
8.35862492381e+00
8.37536428499e+00
8.60704447159e+00
8.76038260911e+00
8.81473940930e+00
8.51801272488e+00
8.81336593786e+00
8.30699057661e+00
8.98751641179e+00
8.85625341059e+00
9.17975620145e+00
8.79378998631e+00
8.52533092169e+00
8.79284489694e+00
8.31729210188e+00
8.87807249403e+00
8.46567717386e+00
8.94006081864e+00
8.57281491834e+00
8.74062675611e+00
8.87304292573e+00
9.35795360481e+00
8.54419270989e+00
9.11912438155e+00
8.80964436523e+00
8.58917257835e+00
8.44062252778e+00
8.32080733862e+00
8.51487596351e+00
8.83227282208e+00
8.23988063414e+00
8.55752625671e+00
8.31511739376e+00
8.91446545508e+00
8.57627673688e+00
8.33740179994e+00
8.40144328225e+00
8.61827799221e+00
8.69179195827e+00
8.99263342358e+00
8.85660202887e+00
8.50082142143e+00
9.35623096666e+00
8.84282752766e+00
8.16186391190e+00
8.76975647782e+00
8.53814716398e+00
8.63898193834e+00
8.33607929502e+00
8.57926837025e+00
8.11614893151e+00
7.87647824178e+00
9.11583618211e+00
9.20356080317e+00
8.76531069959e+00
8.64675919079e+00
8.82432439830e+00
8.38157817918e+00
9.26572703388e+00
8.30267499444e+00
8.18569273693e+00
8.87278133246e+00
8.48449362597e+00
8.52889826109e+00
8.53263128470e+00
8.61241641374e+00
8.56041390734e+00
8.08502925795e+00
8.64906843299e+00
8.43111765871e+00
8.85164406817e+00
8.27489298443e+00
8.36216320927e+00
9.09161063740e+00
8.20344115033e+00
8.83619595298e+00
8.35679240726e+00
8.59623515230e+00
8.96339002679e+00
8.85457999241e+00
8.57616206380e+00
8.74514393343e+00
9.14133845481e+00
8.94840794963e+00
8.64206167314e+00
8.30922613158e+00
8.90430605391e+00
8.40616514100e+00
8.64443089682e+00
9.15553093738e+00
9.01143978658e+00
8.61600793519e+00
8.72472553780e+00
8.88283640953e+00
8.53838264490e+00
8.66163123038e+00
8.22858613088e+00
9.01302680651e+00
8.91119391690e+00
8.48771544578e+00
8.51260585975e+00
8.72213574910e+00
8.39265391898e+00
8.97160925432e+00
8.13047400514e+00
8.48232176236e+00
8.92460751950e+00
8.68579128669e+00
8.54976354063e+00
8.42327144878e+00
9.30340129790e+00
8.61073654196e+00
8.78424794836e+00
8.77911485095e+00
8.64120436398e+00
8.56358619951e+00
8.48617942148e+00
9.14745994092e+00
8.83334581053e+00
8.32325712991e+00
8.29150065982e+00
8.31839850743e+00
9.01501128967e+00
8.31106682318e+00
9.05625464237e+00
8.26344647676e+00
8.47592586056e+00
8.46455856854e+00
8.65447145061e+00
8.53950372984e+00
8.61120048862e+00
8.52114369064e+00
9.08747218803e+00
8.73836965789e+00
8.78303298466e+00
8.58458810347e+00
8.49179263220e+00
8.64752517316e+00
8.53236491629e+00
8.78882419753e+00
8.70252899722e+00
8.84258539633e+00
8.14189321404e+00
8.66175945080e+00
8.37414583787e+00
8.54380753739e+00
8.43552519432e+00
8.83219648797e+00
8.69911142406e+00
8.38771516060e+00
8.99085765077e+00
8.44278385361e+00
8.73360738699e+00
8.49265314053e+00
8.45602603149e+00
8.46436853129e+00
8.68190404921e+00
8.72358633953e+00
8.56751112175e+00
9.07492631477e+00
8.96431295197e+00
8.66238857019e+00
8.78030547448e+00
8.42417037573e+00
8.68524368695e+00
8.31883775205e+00
8.28638797296e+00
8.47679662635e+00
8.47389462893e+00
7.87138737614e+00
8.38291191698e+00
8.40029403188e+00
8.01880353467e+00
8.91740214103e+00
8.81919575337e+00
8.57342357137e+00
9.04457230568e+00
8.50656137683e+00
8.68264265052e+00
8.82200431569e+00
8.78902303991e+00
8.71279506741e+00
8.69159814049e+00
8.21657681069e+00
8.60589975316e+00
8.73980585022e+00
8.68980415882e+00
8.36590413503e+00
8.99488861014e+00
9.04012274051e+00
8.36207346865e+00
8.73656140269e+00
8.62162958842e+00
8.73536511476e+00
8.87080205128e+00
8.76556270386e+00
8.86562624099e+00
8.61035464546e+00
8.71107124133e+00
8.60944080772e+00
8.56676993665e+00
8.71339544240e+00
8.42242005908e+00
8.94806627658e+00
8.68438242161e+00
8.41550993131e+00
8.92648860780e+00
8.43816404813e+00
8.62852470690e+00
8.56739488952e+00
8.47797126327e+00
8.40825571660e+00
8.69518889071e+00
8.31823585467e+00
8.05845949761e+00
8.27690844502e+00
8.65712795855e+00
8.46242740888e+00
8.44854401776e+00
8.48845428243e+00
8.76611046806e+00
8.54654536348e+00
9.02902580387e+00
8.75480214904e+00
8.60912630864e+00
9.09788866933e+00
8.50542450940e+00
8.44132647320e+00
8.61054551593e+00
8.07968358032e+00
9.07297292110e+00
8.03618351054e+00
8.41843756589e+00
8.59168079904e+00
8.71618821414e+00
8.63781789082e+00