-3.64787468720e+01
-3.64860545610e+01
-3.64995190248e+01
-3.64877741370e+01
-3.64738832608e+01
-3.64921073583e+01
-3.64536818141e+01
-3.64583619295e+01
-3.65068690957e+01
-3.65191608357e+01
-3.64709845055e+01
-3.65064211137e+01
-3.65101411898e+01
-3.64676431623e+01
-3.64971893296e+01
-3.64880248893e+01
-3.64197806837e+01
-3.65368729310e+01
-3.64962893196e+01
-3.64990327698e+01
-3.65280974885e+01
-3.65408998397e+01
-3.64558778992e+01
-3.64840767920e+01
-3.64922239353e+01
-3.65318902476e+01
-3.64699560967e+01
-3.65073678089e+01
-3.64360411487e+01
-3.65361917339e+01
-3.64796151897e+01
-3.65049744599e+01
-3.65429991637e+01
-3.65192277603e+01
-3.65581181011e+01
-3.64778110723e+01
-3.64879629175e+01
-3.65189151176e+01
-3.64694225811e+01
-3.65121376860e+01
-3.64927890914e+01
-3.64976448569e+01
-3.64899767682e+01
-3.64923496718e+01
-3.65069469883e+01
-3.65204208239e+01
-3.64850116797e+01
-3.65004741828e+01
-3.65214003142e+01
-3.65047246219e+01
-3.65055714297e+01
-3.64649110363e+01
-3.64552027203e+01
-3.64914152365e+01
-3.65087442635e+01
-3.64836136759e+01
-3.64658611536e+01
-3.64481555381e+01
-3.65416149150e+01
-3.65531817257e+01
-3.64512603101e+01
-3.65071704375e+01
-3.64908136705e+01
-3.65058819798e+01
-3.65134293022e+01
-3.64676354304e+01
-3.64833881220e+01
-3.65177158945e+01
-3.65119057686e+01
-3.64627817175e+01
-3.65183559271e+01
-3.64481412697e+01
-3.64894547368e+01
-3.65273425932e+01
-3.64775499373e+01
-3.64615063927e+01
-3.65017894875e+01
-3.64663069721e+01
-3.65170994736e+01
-3.64338095917e+01
-3.64440233923e+01
-3.65229051231e+01
-3.64799474961e+01
-3.64916000404e+01
-3.64869787681e+01
-3.64748551629e+01
-3.64658393905e+01
-3.64783111001e+01
-3.65268709265e+01
-3.65047354553e+01
-3.64895259385e+01
-3.64731424974e+01
-3.65408827234e+01
-3.65238210156e+01
-3.64908969578e+01
-3.64583485053e+01
-3.64700625585e+01
-3.64952944911e+01
-3.65135619117e+01
-3.64716664554e+01
-3.65108816339e+01
-3.65221092072e+01
-3.65201186641e+01
-3.64381007875e+01
-3.64417662028e+01
-3.65061033828e+01
-3.64977685648e+01
-3.65160213500e+01
-3.64815602568e+01
-3.64639951522e+01
-3.64775429225e+01
-3.65590481735e+01
-3.65183177263e+01
-3.64651627241e+01
-3.64273920304e+01
-3.65705445013e+01
-3.65089850804e+01
-3.65593199828e+01
-3.64725201127e+01
-3.65448289923e+01
-3.64408593343e+01
-3.64801724126e+01
-3.65018678942e+01
-3.65430045581e+01
-3.64333149353e+01
-3.64833974826e+01
-3.64419672996e+01
-3.65253714308e+01
-3.64910583451e+01
-3.64665088165e+01
-3.64962120528e+01
-3.64812574022e+01
-3.64762586538e+01
-3.64753549443e+01
-3.64380950554e+01
-3.64342907538e+01
-3.64707983034e+01
-3.64668888588e+01
-3.64564933461e+01
-3.65106617428e+01
-3.64932483200e+01
-3.64728805889e+01
-3.65045840660e+01
-3.64865361083e+01
-3.64638222312e+01
-3.64880450050e+01
-3.65014783516e+01
-3.65202511097e+01
-3.65347548591e+01
-3.64940389540e+01
-3.64761644851e+01
-3.64955262500e+01
-3.65119319832e+01
-3.64382774642e+01
-3.64666283530e+01
-3.65235554663e+01
-3.64762769569e+01
-3.64861862352e+01
-3.64378957254e+01
-3.64750879267e+01
-3.64798296310e+01
-3.64513957829e+01
-3.65089975635e+01
-3.65121236544e+01
-3.64912565854e+01
-3.65068871803e+01
-3.64713715155e+01
-3.64734462345e+01
-3.64899074351e+01
-3.65210219030e+01
-3.65000590747e+01
-3.65275760764e+01
-3.64709925682e+01
-3.64521707118e+01
-3.65210788636e+01
-3.64834003255e+01
-3.64547318723e+01
-3.64998743813e+01
-3.65027750849e+01
-3.64895794329e+01
-3.64811858296e+01
-3.64684257710e+01
-3.64608939617e+01
-3.65122382826e+01
-3.65178486334e+01
-3.65150677967e+01
-3.64837747473e+01
-3.65109610251e+01
-3.64827541582e+01
-3.65132603736e+01
-3.65373344657e+01
-3.64311084868e+01
-3.64981415631e+01
-3.65116102252e+01
-3.64762577715e+01
-3.64791973843e+01
-3.64976604762e+01
-3.65776076080e+01
-3.64788457321e+01
-3.65376415211e+01
-3.64556093271e+01
-3.65083883141e+01
-3.65588927882e+01
-3.64831120873e+01
-3.65468696361e+01
-3.64797082642e+01
-3.64377997384e+01
-3.64803721749e+01
-3.65182390128e+01
-3.65188402688e+01
-3.65438938936e+01
-3.65376683786e+01
-3.65005352607e+01
-3.64539066289e+01
-3.64867628329e+01
-3.64584702895e+01
-3.64526846639e+01
-3.65529419563e+01
-3.65007762997e+01
-3.64635174715e+01
-3.64954584919e+01
-3.64417231773e+01
-3.65419815910e+01
-3.64842875155e+01
-3.64782110949e+01
-3.65442894878e+01
-3.65372548488e+01
-3.65139453568e+01
-3.65023535187e+01
-3.65410963793e+01
-3.64811338197e+01
-3.65162556543e+01
-3.64817168330e+01
-3.65185068390e+01
-3.65388144551e+01
-3.65282600470e+01
-3.65055704752e+01
-3.64808375180e+01
-3.65320572994e+01
-3.64522274549e+01
-3.65271189669e+01
-3.65140958701e+01
-3.64745461401e+01
-3.65310213202e+01
-3.64859608508e+01
-3.64195635611e+01
-3.64460619160e+01
-3.64720493292e+01
-3.64652903318e+01
-3.65599158407e+01
-3.64807026759e+01
-3.65027916125e+01
-3.65096691368e+01
-3.64863965608e+01
-3.64549241006e+01
-3.64963084566e+01
-3.64573287002e+01
-3.64704339411e+01
-3.65359960270e+01
-3.65139978415e+01
-3.65564907517e+01
-3.64804163971e+01
-3.65037399761e+01
-3.64956160832e+01
-3.65041407050e+01
-3.64744674927e+01
-3.64933374865e+01
-3.64812933964e+01
-3.65099127016e+01
-3.65116427229e+01
-3.64889190488e+01
-3.65462437406e+01
-3.65075220300e+01
-3.64819723954e+01
-3.64787081928e+01
-3.64557562912e+01
-3.64433350776e+01
-3.65045596950e+01
-3.65066581499e+01
-3.65048856469e+01
-3.64902708513e+01
-3.65231305102e+01
-3.65103163101e+01
-3.65105285334e+01
-3.65272225236e+01
-3.65188527692e+01
-3.65461521649e+01
-3.64934216458e+01
-3.64973175280e+01
-3.64783975138e+01
-3.64868627167e+01
-3.65645349560e+01
-3.64883257982e+01
-3.65292800385e+01
-3.65017030649e+01
-3.64604995705e+01
-3.65234286891e+01
-3.64774542617e+01
-3.65544189937e+01
-3.65350110472e+01
-3.64953424357e+01
-3.64992310657e+01
-3.64771688058e+01
-3.64733995307e+01
-3.64201278401e+01
-3.64940938950e+01
-3.64150059357e+01
-3.65115763199e+01
-3.65615984795e+01
-3.65133644236e+01
-3.65102803494e+01
-3.64683011974e+01
-3.65165747342e+01
-3.64607279658e+01
-3.64952871187e+01
-3.64743766228e+01
-3.64808267717e+01
-3.65814592340e+01
-3.65111699422e+01
-3.64553934276e+01
-3.64979314946e+01
-3.64684136566e+01
-3.64587895165e+01
-3.65140603935e+01
-3.65067369019e+01
-3.65093226401e+01
-3.64381636111e+01
-3.65203580384e+01
-3.64756943664e+01
-3.65184603946e+01
-3.64695547656e+01
-3.65382458900e+01
-3.65064482937e+01
-3.64924107845e+01
-3.64605527615e+01
-3.64512555440e+01
-3.65012987661e+01
-3.65084838471e+01
-3.64461758663e+01
-3.64901781657e+01
-3.65134578372e+01
-3.64559068989e+01
-3.64390385625e+01
-3.65106524645e+01
-3.64882653094e+01
-3.64445256587e+01
-3.65247465447e+01
-3.64793004015e+01
-3.64872067077e+01
-3.64941306224e+01
-3.65254981952e+01
-3.65047648129e+01
-3.64951318579e+01
-3.65296571554e+01
-3.64675381743e+01
-3.64974879010e+01
-3.65100903828e+01
-3.64831730057e+01
-3.64949619677e+01
-3.64656163012e+01
-3.64760450720e+01
-3.65357878631e+01
-3.64826771521e+01
-3.65190390895e+01
-3.64940763416e+01
-3.64648244461e+01
-3.65109165847e+01
-3.64971880264e+01
-3.65029388626e+01
-3.64881540812e+01
-3.64628396932e+01
-3.65048432372e+01
-3.64948635381e+01
-3.65118612030e+01
-3.64871734854e+01
-3.64736680576e+01
-3.65342577195e+01
-3.65492902173e+01
-3.65153969195e+01
-3.65089158311e+01
-3.65263819758e+01
-3.64821560128e+01
-3.65328541927e+01
-3.65042122708e+01
-3.65405672500e+01
-3.65246232837e+01
-3.65097154904e+01
-3.64927306118e+01
-3.65334977220e+01
-3.65582243326e+01
-3.64681059581e+01
-3.64798527398e+01
-3.64815838283e+01
-3.64890657166e+01
-3.65086465142e+01
-3.64577959622e+01
-3.65008093514e+01
-3.65409574252e+01
-3.64577794296e+01
-3.64678571837e+01
-3.65201406823e+01
-3.64589041295e+01
-3.64727205547e+01
-3.64224647479e+01
-3.64080289056e+01
-3.65034721974e+01
-3.65021398171e+01
-3.65177137137e+01
-3.64863512838e+01
-3.65565947371e+01
-3.65090197068e+01
-3.65077929784e+01
-3.65611725947e+01
-3.64365080557e+01
-3.64932823891e+01
-3.64614211553e+01
-3.64787539508e+01
-3.64697755410e+01
-3.65525929605e+01
-3.65094881294e+01
-3.64751249380e+01
-3.64777078558e+01
-3.64711262922e+01
-3.64865274201e+01
-3.64656172388e+01
-3.64772939227e+01
-3.65184340500e+01
-3.65265905878e+01
-3.65015607104e+01
-3.65187465024e+01
-3.64784240302e+01
-3.64312763595e+01
-3.65191622964e+01
-3.65037143723e+01
-3.64793787474e+01
-3.65151905614e+01
-3.65448323259e+01
-3.64819288091e+01
-3.64421177458e+01
-3.64923124368e+01
-3.65214434676e+01
-3.64796199829e+01
-3.64824864224e+01
-3.64952762669e+01
-3.64900775958e+01
-3.64906806274e+01
-3.64230868897e+01
-3.65226649658e+01
-3.64583273439e+01
-3.64926185949e+01
-3.64585574035e+01
-3.65102264946e+01
-3.64983135599e+01
-3.65548405713e+01
-3.65264217925e+01
-3.64994791593e+01
-3.64792736082e+01
-3.64816108447e+01
-3.65010993828e+01
-3.64289443584e+01
-3.64775412535e+01
-3.64735892188e+01
-3.65076366527e+01
-3.65151511358e+01
-3.65249289025e+01
-3.64910226909e+01
-3.65180697048e+01
-3.65355381912e+01
-3.64882746457e+01
-3.64866833947e+01
-3.65033308791e+01
-3.64998752977e+01
-3.64695790348e+01
-3.65398899097e+01
-3.65305182273e+01
-3.64985095474e+01
-3.65119041927e+01
-3.65133794787e+01
-3.64798720189e+01
-3.65079417163e+01
-3.65225524660e+01
-3.64825007882e+01
-3.65200690309e+01
-3.65252310906e+01
-3.64880645910e+01
-3.64428470580e+01
-3.65228006474e+01
-3.64828987520e+01
-3.65000772032e+01
-3.64937592574e+01
-3.65472864378e+01
-3.65061573798e+01
-3.65280048525e+01
-3.65260780171e+01
-3.65453117640e+01
-3.65175762740e+01
-3.64952885243e+01
-3.64543071179e+01
-3.65159240737e+01
-3.65198011007e+01
-3.64932497932e+01