1.02427397165e+00
9.66146506122e-01
1.11667857541e+00
1.11719904186e+00
1.25313712461e+00
1.04953323754e+00
1.17189677164e+00
1.12241980961e+00
1.09409630401e+00
1.21092395440e+00
1.08962774241e+00
1.08637463416e+00
1.12344444748e+00
1.11384313383e+00
1.01245205291e+00
1.18913840653e+00
1.07291978376e+00
1.03024751350e+00
1.05646022544e+00
1.02634685579e+00
1.21148884796e+00
1.12147718251e+00
1.11017040296e+00
1.14278033708e+00
1.08075863300e+00
1.11705318469e+00
1.10627513243e+00
9.99273160324e-01
1.09609962418e+00
1.15251129078e+00
1.17265475921e+00
1.16911477291e+00
1.14046713840e+00
1.20424544564e+00
1.24064348696e+00
1.27761634440e+00
1.14805285735e+00
1.11857087380e+00
1.09872369900e+00
1.00451115794e+00
1.14764775268e+00
1.01051292967e+00
1.21733362002e+00
1.14152504582e+00
1.22755859969e+00
1.22624169059e+00
1.11559257838e+00
1.19270569724e+00
1.06735235442e+00
1.12627151982e+00
9.42490648825e-01
1.16452009991e+00
1.01303874374e+00
1.11883851154e+00
1.01781516659e+00
1.01414813688e+00
1.03731323067e+00
1.08533123238e+00
1.14663070386e+00
1.08332357446e+00
1.13750936474e+00
1.19040745100e+00
1.02138723610e+00
1.22186062919e+00
1.11947904295e+00
1.07102976916e+00
1.13815740334e+00
1.14609097440e+00
1.10308920246e+00
1.04077810938e+00
1.13060484171e+00
1.19212849841e+00
1.13980016482e+00
1.16826960763e+00
1.07106959490e+00
1.03430219742e+00
1.24933641357e+00
1.05557265252e+00
1.08131792148e+00
1.07962244587e+00
1.07353739645e+00
1.17304439154e+00
1.22988416919e+00
1.04182682048e+00
1.06327847257e+00
1.13300809324e+00
1.05935414796e+00
1.18541282141e+00
1.08099670235e+00
1.20845726239e+00
1.13572729893e+00
1.20184835747e+00
1.15251502690e+00
9.94890269940e-01
1.11701330445e+00
1.07243285158e+00
1.15253579854e+00
9.90193881817e-01
1.22935326861e+00
9.66039856389e-01
1.18294392539e+00
1.05455615946e+00
1.23878948511e+00
1.14452030836e+00
1.05479003213e+00
1.17844685085e+00
1.05449761572e+00
1.27657024460e+00
1.25593526337e+00
1.02789440622e+00
1.09005306009e+00
1.15114142576e+00
1.17858310285e+00
1.04351279503e+00
1.16095353146e+00
1.19400135128e+00
1.08506296215e+00
1.21118589742e+00
1.07245987834e+00
1.03533836978e+00
1.11298281297e+00
1.09513595033e+00
1.14160777075e+00
1.17758507005e+00
1.09709543353e+00
1.02301070774e+00
1.10257370025e+00
1.08082404268e+00
1.11591775489e+00
1.11624945229e+00
1.13956687178e+00
1.08589135442e+00
1.16853613785e+00
1.20767516589e+00
1.08685150657e+00
1.11816909267e+00
1.01317668850e+00
1.14754161440e+00
1.19590650967e+00
1.15146158224e+00
1.13730434265e+00
1.02225629388e+00
1.09665915999e+00
1.16990294599e+00
1.08689858112e+00
9.79094657658e-01
1.12781410134e+00
1.09547951422e+00
1.10670713074e+00
1.03379145946e+00
1.19574703832e+00
1.16476152224e+00
1.19978819448e+00
1.20889809436e+00
1.11347249262e+00
1.19108119351e+00
1.22058540936e+00
1.02211250672e+00
1.05594724825e+00
1.01197763764e+00
1.11315410218e+00
1.09634705706e+00
1.05549309467e+00
1.25360134056e+00
1.15264690126e+00
1.14523228438e+00
1.07960722079e+00
1.06494940873e+00
1.08083508454e+00
1.18739599590e+00
1.15749774845e+00
1.07658246513e+00
1.13481881163e+00
1.12438541759e+00
1.18432238042e+00
1.12734452073e+00
1.06208696595e+00
1.11007981581e+00
1.02220016496e+00
9.99906693269e-01
1.02391583215e+00
1.15350009222e+00
1.06134486152e+00
1.25941642203e+00
1.06419951385e+00
1.04049256465e+00
1.06988175165e+00
1.16319066498e+00
9.90293687102e-01
1.09485899540e+00
1.06362208680e+00
1.13654788581e+00
1.13610522055e+00
1.22400776360e+00
1.16967212641e+00
1.06035001236e+00
1.05885162951e+00
1.16245747799e+00
1.23929363355e+00
1.17515437976e+00
1.13687968751e+00
1.05760355200e+00
1.03467277124e+00
1.35511368449e+00
1.16761362881e+00
1.13925941333e+00
9.44010919246e-01
1.13425199427e+00
1.08189239834e+00
1.20684982445e+00
1.15285828087e+00
1.10705526082e+00
1.12241152371e+00
1.09991568903e+00
1.18561950730e+00
1.15935259329e+00
1.00148360176e+00
1.16836370278e+00
1.04243191161e+00
1.10327416601e+00
1.03970381809e+00
9.82460970012e-01
1.11630432537e+00
1.11794320199e+00
1.15440467015e+00
1.08630835029e+00
1.08613751681e+00
1.16152423291e+00
9.62997489809e-01
1.17230263109e+00
1.03823591112e+00
1.01387072388e+00
1.08471746931e+00
1.09843379960e+00
1.17576593164e+00
1.03672253662e+00
1.15682047434e+00
1.09618756842e+00
1.08751259718e+00
1.21633135024e+00
1.11108510365e+00
1.20346323881e+00
1.09535561463e+00
1.25600781869e+00
1.19852735306e+00
1.13097195996e+00
1.17964102105e+00
1.05971174199e+00
1.14743861971e+00
1.12319390585e+00
1.06103910936e+00
1.21932442825e+00
1.18514785922e+00
1.04246694816e+00
1.20338005799e+00
1.21812217067e+00
1.13728801799e+00
9.61299571344e-01
1.02587134615e+00
1.21069738279e+00
1.17308116222e+00
1.18676764908e+00
1.15368421441e+00
1.12726543506e+00
1.04231809041e+00
1.15417609898e+00
1.20606822011e+00
1.18068713672e+00
1.06231945689e+00
1.14880126875e+00
1.04629937302e+00
1.18209863509e+00
9.24726826442e-01
1.21141291028e+00
1.16211683381e+00
1.02110701913e+00
9.67046119445e-01
1.18270708129e+00
1.18684984580e+00
9.96340601303e-01
1.12823809180e+00
1.15124215112e+00
1.10741847647e+00
1.13750306990e+00
1.16083234699e+00
1.08299952807e+00
1.03743245917e+00
1.09243189035e+00
1.09412620043e+00
1.04929876943e+00
1.04510587768e+00
1.12560588813e+00
1.01868584869e+00
1.09969996263e+00
1.15899351766e+00
1.05932583340e+00
1.14191952051e+00
1.12589381127e+00
1.14607600220e+00
1.17194324552e+00
1.08123461732e+00
1.10122892794e+00
1.06383676837e+00
1.10294782496e+00
1.09976893641e+00
1.13664131610e+00
9.99917532470e-01
1.17255502388e+00
1.01829985651e+00
1.21313769133e+00
1.14906824025e+00
1.22872361090e+00
1.04631560952e+00
1.08631870585e+00
1.13560250065e+00
1.20073997392e+00
1.15062009636e+00
1.08200887615e+00
1.19154432108e+00
1.22729043912e+00
1.07374452298e+00
1.02462017145e+00
1.15059305234e+00
1.18508478911e+00
1.09469375099e+00
1.02929140026e+00
1.11263812796e+00
1.07599921490e+00
1.07136670984e+00
1.17912166605e+00
1.10273287905e+00
1.10527150465e+00
1.19828329192e+00
1.13913357130e+00
1.06181281638e+00
9.78358737065e-01
1.09644097729e+00
1.15725020527e+00
1.08362793175e+00
1.04880407094e+00
1.07697241548e+00
1.17239294074e+00
1.00956605882e+00
1.02342628357e+00
1.17595706747e+00
9.77784754320e-01
1.13577978159e+00
1.05403013353e+00
1.13926493817e+00
1.10798467731e+00
1.11563274394e+00
1.14319946068e+00
9.71182753584e-01
1.04365549382e+00
1.15826839773e+00
1.16050068961e+00
1.28213752299e+00
1.19485477006e+00
1.06419904988e+00
1.23141037058e+00
1.12693355033e+00
1.02451435293e+00
1.12462857124e+00
1.09932137030e+00
1.21824024928e+00
1.06005289295e+00
1.37408913003e+00
1.15386011410e+00
1.12578041109e+00
1.21032439616e+00
1.15038156430e+00
1.07283663239e+00
1.07367281942e+00
1.07504667780e+00
1.08621315258e+00
1.12330437267e+00
1.07111618484e+00
9.58639486773e-01
1.14671456035e+00
1.10572183078e+00
1.08696779985e+00
1.08051914397e+00
1.17494532018e+00
1.09187340174e+00
1.04348607277e+00
1.00713219754e+00
1.18910807699e+00
1.13931687886e+00
1.22076227438e+00
1.16678487807e+00
1.18216219190e+00
1.22005311242e+00
1.01067660676e+00
1.05962634704e+00
1.12430768799e+00
1.21291676625e+00
1.09782739334e+00
1.15692742750e+00
1.11293006916e+00
1.11483523225e+00
1.19124092374e+00
1.08474786741e+00
1.12824970974e+00
1.01475951011e+00
1.13577728185e+00
1.06260250136e+00
1.09364834172e+00
1.07648015329e+00
1.20887985625e+00
1.09925927294e+00
1.17987797022e+00
1.06610722025e+00
1.09020980099e+00
9.15584443353e-01
1.15632840182e+00
1.17119084114e+00
1.05780325578e+00
1.05829587438e+00
1.02829447302e+00
1.18461061791e+00
1.12654482373e+00
1.09895702695e+00
9.61988827274e-01
1.05018978543e+00
1.09624611256e+00
1.19563678691e+00
1.00840534026e+00
1.22962199881e+00
1.24807084930e+00
1.16605001906e+00
1.08632248616e+00
1.11333461971e+00
1.31625081494e+00
1.15599890074e+00
1.14002076987e+00
1.11919003375e+00
1.14365901970e+00
1.10860301267e+00
1.00929698004e+00
9.77285747812e-01
1.12141782803e+00
1.09351626901e+00
1.15589286646e+00
1.14559408744e+00
1.13422961596e+00
1.01151898101e+00
1.06955738787e+00
1.12600313776e+00
1.03123460830e+00
1.25256677551e+00
1.15871161266e+00
1.16747696154e+00
1.14045542613e+00
1.11000616701e+00
1.25459185767e+00
1.11016616832e+00
1.19407885872e+00
1.03372766003e+00
1.14764618912e+00
1.14536382314e+00
1.14574483370e+00
1.11892167350e+00
1.07285261062e+00
1.14821455660e+00
1.10720278577e+00
1.24687388035e+00
1.16603696735e+00
1.15725401897e+00
1.05911599474e+00
1.25133427280e+00
1.26193187680e+00
1.35697795738e+00
1.24214473028e+00
1.05087941134e+00
1.15611383295e+00
1.04373565945e+00
1.18160801941e+00
1.05807128033e+00
1.12662938963e+00
1.02881788476e+00
1.04963531142e+00
1.07041301248e+00
1.12784046167e+00
1.17375912544e+00
1.24460955537e+00
1.17260593800e+00
1.20633826104e+00
1.18526382329e+00
1.11826225856e+00
1.15230955855e+00
1.24276783119e+00
1.19024918346e+00
1.12040256050e+00
1.12994512066e+00
9.71804004536e-01
1.21252193251e+00
1.06085350695e+00
1.17226488221e+00
1.22906709500e+00
1.10873657136e+00
1.11356990275e+00