1.02985753915e+00
1.02906713821e+00
1.02922113940e+00
1.03006843995e+00
1.02934228766e+00
1.02937313847e+00
1.02889808566e+00
1.02977333151e+00
1.02972510724e+00
1.03003574320e+00
1.02947348263e+00
1.02970657538e+00
1.02979395760e+00
1.02965426033e+00
1.02921657518e+00
1.02947584038e+00
1.02918108621e+00
1.02944019120e+00
1.02967699019e+00
1.02977695188e+00
1.02944568109e+00
1.02921286738e+00
1.02916827665e+00
1.02884792021e+00
1.02977202823e+00
1.02955172059e+00
1.02995842631e+00
1.03004586665e+00
1.02912115664e+00
1.02938843663e+00
1.02958244463e+00
1.02908266056e+00
1.02983973182e+00
1.02893110822e+00
1.02947602801e+00
1.02966088894e+00
1.02941984028e+00
1.02911893757e+00
1.02900576737e+00
1.02926608017e+00
1.02898709587e+00
1.02898251006e+00
1.02922512159e+00
1.02957211869e+00
1.02946449788e+00
1.02952864349e+00
1.02994455708e+00
1.02951907232e+00
1.02983103048e+00
1.02938899970e+00
1.02960604335e+00
1.02993768084e+00
1.02882487269e+00
1.03009169545e+00
1.02978573781e+00
1.02952563895e+00
1.02973086475e+00
1.02948982196e+00
1.02949980774e+00
1.02914259038e+00
1.02953876280e+00
1.02929663475e+00
1.02978520284e+00
1.02962527655e+00
1.02946434632e+00
1.02917504833e+00
1.02952129719e+00
1.03007825895e+00
1.02932397110e+00
1.02923576601e+00
1.02951122756e+00
1.02960848254e+00
1.02981564662e+00
1.02898261859e+00
1.02864970851e+00
1.03002266242e+00
1.02954234306e+00
1.02944490966e+00
1.03029558177e+00
1.02914710210e+00
1.02909547062e+00
1.02925492179e+00
1.02937169721e+00
1.02938011158e+00
1.02972191479e+00
1.02926081162e+00
1.02969592406e+00
1.02958994887e+00
1.02916124348e+00
1.02999718470e+00
1.02960949832e+00
1.02921383585e+00
1.03001258364e+00
1.02999036308e+00
1.02913715748e+00
1.02923149380e+00
1.02984416907e+00
1.03002298672e+00
1.02992946194e+00
1.02991777623e+00
1.02976315197e+00
1.02959335210e+00
1.02949397435e+00
1.02959935279e+00
1.02934122641e+00
1.02957288862e+00
1.02936155073e+00
1.02895759599e+00
1.02941078114e+00
1.02935616686e+00
1.02916752153e+00
1.02932795127e+00
1.02942732356e+00
1.02987540159e+00
1.02967565962e+00
1.03046683833e+00
1.02884513736e+00
1.02948046835e+00
1.02937888532e+00
1.02989770535e+00
1.02957996820e+00
1.02945942902e+00
1.02902224631e+00
1.03066671083e+00
1.02907005468e+00
1.03007011240e+00
1.02956636539e+00
1.02955046656e+00
1.02953557502e+00
1.02977371786e+00
1.02919078597e+00
1.02981340916e+00
1.02998766597e+00
1.02953297974e+00
1.02987589509e+00
1.02946900975e+00
1.02988663898e+00
1.02988372593e+00
1.02859220055e+00
1.02939779893e+00
1.02966614181e+00
1.02914269050e+00
1.02908962638e+00
1.02901396540e+00
1.02958760983e+00
1.02939622581e+00
1.02941244479e+00
1.02934961759e+00
1.02962258796e+00
1.02956666696e+00
1.02976528270e+00
1.02963473767e+00
1.02944271384e+00
1.02992621960e+00
1.02935014335e+00
1.02966627695e+00
1.02886453394e+00
1.02962081731e+00
1.03027429964e+00
1.02968539299e+00
1.02937547805e+00
1.02912665672e+00
1.02893989074e+00
1.03009230004e+00
1.02928360282e+00
1.03015760004e+00
1.02969573450e+00
1.02961279422e+00
1.02964450943e+00
1.02906109741e+00
1.02976407896e+00
1.02930739197e+00
1.02956080582e+00
1.02900695285e+00
1.03030783063e+00
1.02999386916e+00
1.02931696994e+00
1.02957249853e+00
1.02910387172e+00
1.02971656454e+00
1.02883834457e+00
1.02891341476e+00
1.02944209970e+00
1.02953064843e+00
1.02843573108e+00
1.02986080939e+00
1.03006401426e+00
1.02836465868e+00
1.02971335911e+00
1.02955058567e+00
1.02948391380e+00
1.02891026749e+00
1.02895806932e+00
1.02927905813e+00
1.03005078069e+00
1.03041799206e+00
1.02952602186e+00
1.02935783646e+00
1.02889455337e+00
1.02928695571e+00
1.02941337490e+00
1.02930026350e+00
1.02894245825e+00
1.02851280698e+00
1.02897286504e+00
1.02904600399e+00
1.02896768427e+00
1.02905015367e+00
1.02947156444e+00
1.03021544619e+00
1.03005337514e+00
1.02975007676e+00
1.02931478195e+00
1.03022114424e+00
1.02969303793e+00
1.02907868118e+00
1.02896976914e+00
1.02949873933e+00
1.02878305335e+00
1.02958831932e+00
1.02936993354e+00
1.02951403218e+00
1.02917914999e+00
1.02940631205e+00
1.03013895157e+00
1.02977803192e+00
1.02899019108e+00
1.02935032388e+00
1.02906792854e+00
1.02932389211e+00
1.02915111571e+00
1.02942189066e+00
1.02930304196e+00
1.02890899602e+00
1.02919997791e+00
1.03064524125e+00
1.02916194072e+00
1.02983872862e+00
1.02963390177e+00
1.02976631025e+00
1.02983386451e+00
1.02913104815e+00
1.02994517247e+00
1.02945744446e+00
1.02926726301e+00
1.02986930536e+00
1.03006430173e+00
1.02949414460e+00
1.02916608397e+00
1.02974419559e+00
1.02921288149e+00
1.02876725784e+00
1.02986803052e+00
1.02910780626e+00
1.03010341633e+00
1.02973907679e+00
1.02873403646e+00
1.03023235308e+00
1.02937822911e+00
1.02918892673e+00
1.02971776916e+00
1.02921437878e+00
1.02960562041e+00
1.02914035202e+00
1.02963789873e+00
1.02929951132e+00
1.02916222635e+00
1.02984419702e+00
1.02941228483e+00
1.02936030070e+00
1.02940320008e+00
1.02928776569e+00
1.02958011785e+00
1.02944839742e+00
1.02964689745e+00
1.02901847387e+00
1.02972181307e+00
1.02941418851e+00
1.03021822937e+00
1.02869101342e+00
1.03098162628e+00
1.03027414525e+00
1.02892179222e+00
1.02967369778e+00
1.02932193301e+00
1.02846619041e+00
1.02956801489e+00
1.02934271401e+00
1.02944682739e+00
1.02895533109e+00
1.02944153299e+00
1.02916613269e+00
1.02933196779e+00
1.02936962419e+00
1.02936889183e+00
1.02992622996e+00
1.02945330894e+00
1.02991226852e+00
1.02944619602e+00
1.02916221795e+00
1.02896265949e+00
1.02948440111e+00
1.02979048845e+00
1.02978946800e+00
1.03008968993e+00
1.02984484003e+00
1.03003923560e+00
1.02932405931e+00
1.02917151942e+00
1.02926833744e+00
1.02931186617e+00
1.02940454436e+00
1.02884779169e+00
1.02959184533e+00
1.02984807142e+00
1.02945135595e+00
1.02955829907e+00
1.02934420064e+00
1.02937406700e+00
1.02923721450e+00
1.02955825410e+00
1.02997307197e+00
1.02943965084e+00
1.02951996261e+00
1.03017761697e+00
1.02948528233e+00
1.02943783630e+00
1.02927756169e+00
1.02926978598e+00
1.02979344481e+00
1.02918080478e+00
1.02934729295e+00
1.02938668570e+00
1.02900599292e+00
1.02928349312e+00
1.02862885364e+00
1.02921963034e+00
1.02919925161e+00
1.02884158023e+00
1.02897991453e+00
1.02966139988e+00
1.02998585473e+00
1.02909847957e+00
1.02948165261e+00
1.02836684305e+00
1.02908645520e+00
1.02980807612e+00
1.02970524670e+00
1.02927732739e+00
1.02936043142e+00
1.02984260499e+00
1.02976435820e+00
1.02944373159e+00
1.03057200049e+00
1.02958898345e+00
1.02970484326e+00
1.02897022556e+00
1.02922846991e+00
1.02997088864e+00
1.02960951132e+00
1.02932751056e+00
1.02933539671e+00
1.02948604199e+00
1.02990971115e+00
1.02957850257e+00
1.02943818343e+00
1.02935222686e+00
1.02926907707e+00
1.02944618793e+00
1.02923044501e+00
1.03001073276e+00
1.02969678428e+00
1.02954657716e+00
1.02953499517e+00
1.02932206944e+00
1.02940407699e+00
1.02955731202e+00
1.02921540222e+00
1.03011458423e+00
1.02948333171e+00
1.02973265848e+00
1.02977044764e+00
1.02988518041e+00
1.02922122646e+00
1.02919668304e+00
1.02975325729e+00
1.02929800109e+00
1.02944783122e+00
1.02941949541e+00
1.02991048438e+00
1.02918399088e+00
1.02949633304e+00
1.02892209169e+00
1.02978100901e+00
1.02972258696e+00
1.02881708835e+00
1.02976801750e+00
1.03021040993e+00
1.02905290466e+00
1.02897150820e+00
1.02941916309e+00
1.02928774623e+00
1.02979920798e+00
1.02906263999e+00
1.02945279889e+00
1.02952158187e+00
1.02964544936e+00
1.02939713030e+00
1.02963688545e+00
1.02952589915e+00
1.02916549358e+00
1.02964942120e+00
1.02962790350e+00
1.02916810709e+00
1.02943960582e+00
1.02935557822e+00
1.02956720321e+00
1.03006601600e+00
1.02956568298e+00
1.02945038898e+00
1.02945126649e+00
1.03031380347e+00
1.02902373391e+00
1.03006302852e+00
1.02968712548e+00
1.02921938317e+00
1.03012703907e+00
1.02924140496e+00
1.02995001780e+00
1.02951316857e+00
1.02952094445e+00
1.02906073723e+00
1.02933384695e+00
1.02981417144e+00
1.02908101730e+00
1.02959100303e+00
1.02951091286e+00
1.02938803017e+00
1.02958197902e+00
1.03016562061e+00
1.03001267400e+00
1.02968269535e+00
1.02977580349e+00
1.02925977068e+00
1.02983250751e+00
1.02974099487e+00
1.02983381251e+00
1.02935265350e+00
1.03014062862e+00
1.02975612578e+00
1.02946897517e+00
1.02945844488e+00
1.02992044853e+00
1.02924387194e+00
1.02931635920e+00
1.03012485085e+00
1.02988013453e+00
1.02927029056e+00
1.02924548111e+00
1.02946130944e+00
1.03013250236e+00
1.02980747207e+00
1.02998201654e+00
1.02955583574e+00
1.02998619514e+00
1.02945114381e+00
1.02973373662e+00
1.02933567955e+00
1.03020252873e+00
1.02942923056e+00
1.03012007533e+00
1.02922032446e+00
1.02926273069e+00
1.02997318110e+00
1.02926228477e+00
1.02924828634e+00
1.02947464908e+00
1.02955087911e+00
1.02889072780e+00
1.02957597067e+00
1.02873107924e+00
1.02906365208e+00
1.02958980964e+00
1.02871451548e+00
1.02922018864e+00
1.02980403734e+00
1.02966599199e+00
1.02909910980e+00
1.03010650691e+00
1.02983509437e+00
1.02912153893e+00
1.02899084263e+00
1.02948889937e+00
1.02931061135e+00
1.02974488417e+00
1.02982573657e+00
1.02960276839e+00
1.02957049986e+00
1.02850154598e+00
1.02952690524e+00
1.02951128839e+00