-3.28090881535e+00
-3.27766610369e+00
-3.27575964619e+00
-3.28128817151e+00
-3.27728777251e+00
-3.27850935822e+00
-3.27690379952e+00
-3.28025259517e+00
-3.27869745842e+00
-3.28043448896e+00
-3.27831118412e+00
-3.27957405699e+00
-3.28115470067e+00
-3.28025860166e+00
-3.27756770224e+00
-3.27779341522e+00
-3.27697338293e+00
-3.27679358516e+00
-3.28083723270e+00
-3.28154366047e+00
-3.27744210178e+00
-3.27628982101e+00
-3.27767162734e+00
-3.27592764479e+00
-3.27910871263e+00
-3.27521843450e+00
-3.27904361896e+00
-3.28162446910e+00
-3.27671430323e+00
-3.27684833031e+00
-3.27904621310e+00
-3.27971062620e+00
-3.28008949968e+00
-3.27627360735e+00
-3.27852201375e+00
-3.27823320057e+00
-3.27884800806e+00
-3.27550119418e+00
-3.27593103587e+00
-3.27717956237e+00
-3.27684381426e+00
-3.27537497255e+00
-3.27761634694e+00
-3.27926511508e+00
-3.27910882949e+00
-3.27944170560e+00
-3.27935124695e+00
-3.27778396540e+00
-3.27990479387e+00
-3.27722654221e+00
-3.27787305970e+00
-3.28392295944e+00
-3.27337289230e+00
-3.28025942959e+00
-3.27901046431e+00
-3.27867710762e+00
-3.27972376303e+00
-3.27867409210e+00
-3.28032879075e+00
-3.27706229136e+00
-3.27637251355e+00
-3.27839487026e+00
-3.27675504348e+00
-3.27928157262e+00
-3.27743637251e+00
-3.27780212418e+00
-3.27754354844e+00
-3.28232249738e+00
-3.27606993651e+00
-3.27942131772e+00
-3.27693341402e+00
-3.27883387031e+00
-3.28002849551e+00
-3.27692858450e+00
-3.27662142732e+00
-3.28085992178e+00
-3.27985691403e+00
-3.27935970269e+00
-3.28103634940e+00
-3.27637494206e+00
-3.27672242968e+00
-3.27771007439e+00
-3.27400137588e+00
-3.27791010063e+00
-3.27975867438e+00
-3.27971774941e+00
-3.28004557195e+00
-3.28093432367e+00
-3.27719978211e+00
-3.28171581494e+00
-3.27824286163e+00
-3.27705605234e+00
-3.27741523491e+00
-3.28093930745e+00
-3.27683370948e+00
-3.27665120446e+00
-3.27916037854e+00
-3.27957506069e+00
-3.28051965677e+00
-3.27949512015e+00
-3.28022127836e+00
-3.27832908950e+00
-3.27851252290e+00
-3.27880871959e+00
-3.27630322819e+00
-3.28057940054e+00
-3.28055233812e+00
-3.27633795291e+00
-3.27969689296e+00
-3.27487258083e+00
-3.27759485533e+00
-3.27821847177e+00
-3.27756354733e+00
-3.28099072563e+00
-3.27786515821e+00
-3.28444240269e+00
-3.27442288261e+00
-3.27964897978e+00
-3.27952625841e+00
-3.27945055574e+00
-3.27634722968e+00
-3.27738367797e+00
-3.27406576132e+00
-3.28321572534e+00
-3.27681602166e+00
-3.28134568099e+00
-3.27956711012e+00
-3.28152901415e+00
-3.27894260135e+00
-3.28224623921e+00
-3.27607807207e+00
-3.28285355989e+00
-3.28140909360e+00
-3.27980937382e+00
-3.28202172267e+00
-3.28028107829e+00
-3.28089049020e+00
-3.27886983234e+00
-3.27517953316e+00
-3.27554096172e+00
-3.27835231797e+00
-3.27751661119e+00
-3.27593693620e+00
-3.27782149509e+00
-3.27793606593e+00
-3.27693836193e+00
-3.27931154813e+00
-3.27634920693e+00
-3.27991175817e+00
-3.27992855017e+00
-3.27890745203e+00
-3.27705158732e+00
-3.27729245641e+00
-3.28080689428e+00
-3.27852628349e+00
-3.28111284106e+00
-3.27313595173e+00
-3.27862748108e+00
-3.28213974176e+00
-3.27679300705e+00
-3.27745368356e+00
-3.27714765550e+00
-3.27641413223e+00
-3.28012794471e+00
-3.27803306455e+00
-3.28177018112e+00
-3.27931855817e+00
-3.27873959054e+00
-3.27883540171e+00
-3.27591615144e+00
-3.27966989506e+00
-3.27917698507e+00
-3.27852216998e+00
-3.27663762897e+00
-3.28208554402e+00
-3.28278054807e+00
-3.27857119666e+00
-3.27792396360e+00
-3.27534779632e+00
-3.27878078179e+00
-3.27590226382e+00
-3.27611797131e+00
-3.27781759647e+00
-3.27877364658e+00
-3.27505826463e+00
-3.28004986096e+00
-3.28202321437e+00
-3.27374590987e+00
-3.27726351185e+00
-3.27885902929e+00
-3.27927225574e+00
-3.27690550727e+00
-3.27830072564e+00
-3.27538715180e+00
-3.27852978307e+00
-3.28143329439e+00
-3.27842229528e+00
-3.27795323635e+00
-3.27605069635e+00
-3.27704129074e+00
-3.27789475819e+00
-3.27768142184e+00
-3.27963194530e+00
-3.27749783204e+00
-3.27575897515e+00
-3.27807658964e+00
-3.27638559109e+00
-3.27648271900e+00
-3.27666886940e+00
-3.28247880205e+00
-3.28028481888e+00
-3.27942773083e+00
-3.27640461681e+00
-3.27811353385e+00
-3.28000186521e+00
-3.27667654793e+00
-3.27602819640e+00
-3.28121588941e+00
-3.27559479703e+00
-3.27861946465e+00
-3.27631807080e+00
-3.27930423194e+00
-3.27401224568e+00
-3.27769184535e+00
-3.28135340497e+00
-3.27980621241e+00
-3.27413931767e+00
-3.27806014660e+00
-3.27597223421e+00
-3.27555138911e+00
-3.27579743761e+00
-3.27839687581e+00
-3.27992416499e+00
-3.27465553309e+00
-3.27817158646e+00
-3.28557727744e+00
-3.27850976016e+00
-3.28021808757e+00
-3.27673445657e+00
-3.27860063596e+00
-3.28117623941e+00
-3.27431004976e+00
-3.27762179132e+00
-3.27966608062e+00
-3.27811598678e+00
-3.28250301604e+00
-3.28009341683e+00
-3.27887450759e+00
-3.27735363485e+00
-3.27989352571e+00
-3.27626979051e+00
-3.27686364004e+00
-3.28026997750e+00
-3.27719497478e+00
-3.27862616417e+00
-3.27997641897e+00
-3.27623685113e+00
-3.28314306589e+00
-3.27940192576e+00
-3.27596457793e+00
-3.28046286332e+00
-3.27994591923e+00
-3.27662533601e+00
-3.27654500558e+00
-3.28012689572e+00
-3.27834851179e+00
-3.27765661439e+00
-3.27836923497e+00
-3.28075023676e+00
-3.27918359276e+00
-3.27820290551e+00
-3.27636672872e+00
-3.27720225100e+00
-3.27890780194e+00
-3.28025495985e+00
-3.27777245621e+00
-3.27639094252e+00
-3.27983005995e+00
-3.28102602861e+00
-3.27407787452e+00
-3.28415179334e+00
-3.28255052943e+00
-3.27461624575e+00
-3.27977490757e+00
-3.28004207037e+00
-3.27333994361e+00
-3.27912449311e+00
-3.28038013051e+00
-3.27867310463e+00
-3.27391124301e+00
-3.27666181538e+00
-3.27674357033e+00
-3.27678967863e+00
-3.27801840127e+00
-3.27851039445e+00
-3.28204151615e+00
-3.27865232879e+00
-3.28011040735e+00
-3.27656432355e+00
-3.27709817501e+00
-3.27675627449e+00
-3.27908531792e+00
-3.28162816153e+00
-3.28092439193e+00
-3.28162899227e+00
-3.27959532483e+00
-3.28198522843e+00
-3.27469372979e+00
-3.27636836168e+00
-3.27788545854e+00
-3.27699066386e+00
-3.27691895951e+00
-3.27788813499e+00
-3.27966609886e+00
-3.27947814341e+00
-3.28065350391e+00
-3.27950980058e+00
-3.27917387171e+00
-3.27839481417e+00
-3.27821216958e+00
-3.27803182191e+00
-3.28055289029e+00
-3.27813146846e+00
-3.27706333127e+00
-3.28116866497e+00
-3.27903912778e+00
-3.28207943999e+00
-3.27582878403e+00
-3.27875703039e+00
-3.27903556541e+00
-3.27931565261e+00
-3.27930821573e+00
-3.27739775277e+00
-3.27537253420e+00
-3.27879452270e+00
-3.27443495991e+00
-3.27786465324e+00
-3.27662951787e+00
-3.27524724589e+00
-3.27754655635e+00
-3.27962110237e+00
-3.27918905749e+00
-3.27667011620e+00
-3.27832930595e+00
-3.27312484526e+00
-3.27516915553e+00
-3.27769249389e+00
-3.27774582906e+00
-3.27642579760e+00
-3.27740501914e+00
-3.27912253968e+00
-3.28008453029e+00
-3.27960143523e+00
-3.28485407411e+00
-3.28194400145e+00
-3.27890234116e+00
-3.27559706465e+00
-3.27878841698e+00
-3.28086506717e+00
-3.27851341103e+00
-3.27774726702e+00
-3.27853941652e+00
-3.27759549346e+00
-3.27929859034e+00
-3.27776449916e+00
-3.27609411584e+00
-3.27867539960e+00
-3.27641454934e+00
-3.28092262990e+00
-3.27602353902e+00
-3.28112790648e+00
-3.27866701525e+00
-3.28198831289e+00
-3.27924540566e+00
-3.27817631736e+00
-3.27766296480e+00
-3.27876065112e+00
-3.27806616480e+00
-3.28159382401e+00
-3.27729211781e+00
-3.27759126432e+00
-3.27997090056e+00
-3.28146960498e+00
-3.27654032614e+00
-3.27640765804e+00
-3.28052045009e+00
-3.27761263613e+00
-3.27797414495e+00
-3.27934998584e+00
-3.28172918000e+00
-3.27822590307e+00
-3.27944761789e+00
-3.27790492354e+00
-3.28077284476e+00
-3.27824524314e+00
-3.27720194903e+00
-3.27800831373e+00
-3.27982643296e+00
-3.27802557008e+00
-3.27568964049e+00
-3.27685464140e+00
-3.27695192079e+00
-3.27912734531e+00
-3.27546025203e+00
-3.27759493805e+00
-3.27977233847e+00
-3.28004385318e+00
-3.27837888202e+00
-3.27881988145e+00
-3.27779653767e+00
-3.27745936737e+00
-3.27785691436e+00
-3.28036714345e+00
-3.27724746317e+00
-3.27593660664e+00
-3.27833250512e+00
-3.27956568800e+00
-3.28161933677e+00
-3.27917963553e+00
-3.27978867327e+00
-3.27728346447e+00
-3.28134967111e+00
-3.27582588216e+00
-3.27941463647e+00
-3.28109192987e+00
-3.27664124678e+00
-3.28173650966e+00
-3.27794006691e+00
-3.28010781033e+00
-3.28048128924e+00
-3.27757151123e+00
-3.27647502413e+00
-3.27719495812e+00
-3.28140116751e+00
-3.27816876821e+00
-3.27823197068e+00
-3.28250384416e+00
-3.27813769977e+00
-3.27999717223e+00
-3.28096812066e+00
-3.28001520387e+00
-3.27938971989e+00
-3.28019583322e+00
-3.27747232783e+00
-3.28267858107e+00
-3.27866584892e+00
-3.27989791750e+00
-3.27891183822e+00
-3.28073819945e+00
-3.28092684536e+00
-3.28014225823e+00
-3.27797147852e+00
-3.27774794597e+00
-3.27683885006e+00
-3.27724368954e+00
-3.27997648185e+00
-3.27982751993e+00
-3.27728704162e+00
-3.27780789669e+00
-3.27736712073e+00
-3.28343003146e+00
-3.27802212856e+00
-3.28117612105e+00
-3.27751739624e+00
-3.28008128042e+00
-3.27710549940e+00
-3.28029437606e+00
-3.27735703997e+00
-3.28171420586e+00
-3.27857306572e+00
-3.27844111386e+00
-3.28099246360e+00
-3.27920264343e+00
-3.27936780871e+00
-3.27668113019e+00
-3.27715539756e+00
-3.27695751604e+00
-3.27686313268e+00
-3.27761331098e+00
-3.27757897965e+00
-3.27512998041e+00
-3.27392938721e+00
-3.27955844633e+00
-3.27331767135e+00
-3.27729117263e+00
-3.28020213761e+00
-3.27904526322e+00
-3.27642085450e+00
-3.28051632226e+00
-3.28166693238e+00
-3.27690216093e+00
-3.27434939036e+00
-3.27995908586e+00
-3.27557016132e+00
-3.27845670011e+00
-3.28124597087e+00
-3.27930962722e+00
-3.27895241614e+00
-3.27454572392e+00
-3.28054247360e+00
-3.27857313485e+00