7.36107146266e+00
7.47206108129e+00
7.86433003429e+00
7.98920441650e+00
8.04850480103e+00
8.08461714891e+00
8.16377303179e+00
7.44334986541e+00
8.01543768515e+00
7.44915661548e+00
8.24243519221e+00
7.66357298111e+00
8.35888467699e+00
6.85526188212e+00
7.94909802115e+00
6.64938578555e+00
8.96663611433e+00
7.85923320601e+00
7.89061673252e+00
7.78276609141e+00
9.15414113374e+00
6.73072595100e+00
7.73222373140e+00
8.32920109506e+00
7.66745946509e+00
7.98078537523e+00
7.62501378752e+00
8.19276006286e+00
8.02487492470e+00
8.46892332739e+00
8.06003641881e+00
7.38199511373e+00
8.06557098827e+00
7.81991295035e+00
8.14560483097e+00
8.31994118943e+00
7.32676342260e+00
7.81238954291e+00
8.00233248878e+00
8.09670583640e+00
7.83691157632e+00
8.23851725355e+00
7.51441330683e+00
8.65493218952e+00
6.91377385596e+00
7.09648933709e+00
7.84681175818e+00
7.95245528383e+00
8.92588225601e+00
7.54780361208e+00
8.22054026162e+00
7.61828121814e+00
8.86074578103e+00
7.94574504872e+00
7.58925247875e+00
8.77745963996e+00
8.21533648904e+00
7.37008038685e+00
7.87888086082e+00
8.21096968117e+00
7.71408480825e+00
7.81079713377e+00
7.76301012682e+00
8.11924100946e+00
7.82577092963e+00
8.73612493252e+00
8.95128689815e+00
8.94798545688e+00
8.18346623239e+00
7.06219933500e+00
8.50753032367e+00
7.61228195535e+00
8.09863193830e+00
8.06895781920e+00
7.70589427133e+00
8.34654869402e+00
7.28392296855e+00
7.73691616105e+00
7.75875698199e+00
7.87717370021e+00
8.37682345793e+00
8.08688140502e+00
8.25781048862e+00
8.87948221245e+00
7.89495715375e+00
8.58811545464e+00
8.05803238331e+00
7.96131119724e+00
8.09588183962e+00
7.93246709496e+00
7.53140235805e+00
7.99769085880e+00
7.90286043794e+00
7.61585305327e+00
8.10112566394e+00
7.30281697822e+00
7.24030687275e+00
8.21120294654e+00
7.84136128635e+00
7.75552515645e+00
7.60771321897e+00
7.74997003138e+00
7.86517454456e+00
6.89749898367e+00
8.07558272412e+00
8.82162566260e+00
7.74720020022e+00
7.77093886831e+00
7.55711024808e+00
7.07205531741e+00
7.51230052868e+00
7.94397366256e+00
8.09498645990e+00
8.25495130331e+00
8.27124470949e+00
8.48615448177e+00
8.86147030134e+00
8.07010388385e+00
7.22119778996e+00
7.30787565662e+00
8.06496684185e+00
8.08510707653e+00
7.80915489196e+00
8.03519617189e+00
8.48678010626e+00
8.16555074650e+00
8.49421075886e+00
8.43912548408e+00
8.10542966891e+00
7.31954469659e+00
9.36790713115e+00
7.69127004676e+00
8.65278816976e+00
8.30829693756e+00
8.30567178647e+00
6.91926709504e+00
8.38464483688e+00
8.18078341604e+00
8.90859436221e+00
7.94568784324e+00
8.05486740757e+00
8.29172722359e+00
7.70381065859e+00
8.19408164106e+00
7.99930568940e+00
8.66821864494e+00
8.05008487902e+00
7.60924717531e+00
7.53557227592e+00
7.37660375997e+00
8.79865644722e+00
8.46649322238e+00
8.34116248224e+00
8.71199260057e+00
8.21411604426e+00
7.52064304244e+00
7.89842983369e+00
7.63413511694e+00
7.30519246209e+00
8.14671470115e+00
7.28685294123e+00
7.58249618712e+00
7.94290967872e+00
7.72299411171e+00
7.58652091113e+00
8.17043762746e+00
8.44168333769e+00
8.66808056689e+00
8.51804892057e+00
7.41996203226e+00
8.50496728075e+00
7.77690964418e+00
8.90397345753e+00
6.88036164100e+00
8.64748103225e+00
8.54225162909e+00
8.18499248474e+00
8.44382917664e+00
8.18667352569e+00
8.38830188508e+00
7.34586094245e+00
7.75169902452e+00
8.86639396230e+00
7.48027664927e+00
7.34123587816e+00
8.24850516166e+00
7.65261088805e+00
9.98921951406e+00
7.41205690530e+00
8.63052835926e+00
7.25969331762e+00
8.29378731974e+00
7.15344146870e+00
8.58246001693e+00
7.35802561220e+00
7.84283639394e+00
6.92448594749e+00
6.83275104679e+00
7.55639852758e+00
7.67549186930e+00
7.84282925898e+00
8.30900834403e+00
8.01345022976e+00
9.00044404438e+00
7.86917127879e+00
7.40497951701e+00
8.58320103514e+00
7.80137327061e+00
7.33347561764e+00
9.02397116209e+00
7.51248666428e+00
8.17941403173e+00
8.72647362669e+00
9.13007167254e+00
7.86924754008e+00
7.91129086323e+00
9.01809416790e+00
7.74076754194e+00
7.91568292112e+00
7.78411473181e+00
8.69122064915e+00
8.28225941375e+00
7.78996060868e+00
7.42160842146e+00
7.73393954379e+00
7.78187773814e+00
8.43467855265e+00
7.44199252369e+00
7.98097060152e+00
8.02396923643e+00
7.72955836489e+00
7.12637970251e+00
7.74363604167e+00
7.06156388418e+00
8.64352507140e+00
8.73589710769e+00
8.07090862340e+00
7.32489492351e+00
7.75048588756e+00
7.89509899958e+00
7.69821651499e+00
9.12749196907e+00
8.08461736464e+00
7.79135472952e+00
8.56395049497e+00
9.24039357272e+00
7.79951736845e+00
7.88252015971e+00
7.85051103248e+00
7.32987862425e+00
8.14960177875e+00
7.60900944990e+00
8.37500822743e+00
7.80744042813e+00
7.07702052748e+00
8.58931034281e+00
7.18224262219e+00
8.04335641675e+00
8.40308392590e+00
7.91175589751e+00
8.47308908002e+00
7.43046941109e+00
7.21192698614e+00
7.47226534879e+00
7.65401584948e+00
6.87775724659e+00
7.67487148993e+00
7.90281706111e+00
7.29649679182e+00
8.49272491549e+00
7.76136842195e+00
6.52742664200e+00
7.37244161405e+00
7.44438301563e+00
8.41609698082e+00
7.65633947862e+00
8.35458132295e+00
7.74375036450e+00
8.69401260829e+00
8.58320938784e+00
7.30707532703e+00
7.37892379087e+00
7.69462407489e+00
8.09897240905e+00
7.10337653604e+00
7.87265345837e+00
7.30601279569e+00
8.29932167355e+00
7.48005144591e+00
7.32491262738e+00
8.17879611360e+00
7.35296390558e+00
8.61357642406e+00
7.77180976240e+00
8.58450175800e+00
8.57778827532e+00
7.62879027218e+00
7.56103683965e+00
7.62085879981e+00
7.68144356605e+00
7.14779633624e+00
7.76806794135e+00
8.11895421741e+00
8.86347911957e+00
8.61554240204e+00
7.08272739661e+00
8.42172477144e+00
8.58459687993e+00
7.72730095435e+00
9.05497972741e+00
7.65795808056e+00
8.37451692729e+00
7.05735626876e+00
7.84046426249e+00
8.67433287147e+00
8.90355700749e+00
8.04898913737e+00
7.98998722607e+00
7.34158992587e+00
7.94825169081e+00
8.75048679723e+00
8.51013298358e+00
8.33888870267e+00
8.35042073505e+00
7.51692279617e+00
7.62244908196e+00
7.65910226041e+00
7.99415673080e+00
8.41098352108e+00
8.15197518766e+00
8.61555880015e+00
7.70537729699e+00
7.07425361199e+00
7.43774121624e+00
7.51929430682e+00
8.42667818512e+00
7.99800059651e+00
7.65904142072e+00
7.28330865186e+00
8.15424743889e+00
7.79761679076e+00
8.04784912757e+00
8.19558898950e+00
6.92278640353e+00
9.01918065746e+00
8.04161046455e+00
8.42004340826e+00
7.26821576996e+00
7.22159284467e+00
8.19617775901e+00
7.74270733879e+00
8.01358893491e+00
8.93360400538e+00
7.76455500618e+00
7.31481451025e+00
7.65600791179e+00
7.65940594910e+00
7.27757801980e+00
7.48272639557e+00
7.65016812031e+00
7.77028724477e+00
8.33098443364e+00
7.81770379232e+00
7.68204476387e+00
8.04742554878e+00
7.49225574829e+00
7.74602311025e+00
8.33591016803e+00
7.89852461637e+00
7.62069837668e+00
8.49984054253e+00
7.78651194297e+00
8.16274520268e+00
7.10021961540e+00
9.37498799999e+00
7.81194084057e+00
7.25272653189e+00
7.50224859391e+00
8.69437654318e+00
7.30702679972e+00
9.04456312314e+00
8.70367419760e+00
8.62536519340e+00
7.63896491963e+00
8.25685200548e+00
8.68656460909e+00
8.43876285627e+00
6.40141440475e+00
6.93899468512e+00
7.53197409164e+00
8.48391302830e+00
7.01588075012e+00
7.45143430470e+00
7.92770021076e+00
7.41996532355e+00
8.40180952692e+00
7.45712829440e+00
8.41998088916e+00
8.58437688505e+00
8.10095014403e+00
7.50528166162e+00
7.63041653866e+00
7.51717342270e+00
7.99561633503e+00
8.14700299015e+00
8.28325539887e+00
8.39789366373e+00
7.93317509103e+00
8.48320201891e+00
7.32280733918e+00
7.79450755669e+00
7.97480367100e+00
8.18769749427e+00
8.53652343878e+00
7.11074530371e+00
8.25130055254e+00
8.25655888442e+00
7.42149521394e+00
8.48935662255e+00
8.10352411456e+00
7.59189479904e+00
8.86835261832e+00
8.58664506169e+00
7.70194371757e+00
7.11082642418e+00
8.69300552394e+00
7.01659268297e+00
8.17732787263e+00
8.28828166723e+00
7.34977503587e+00
9.11479174982e+00
6.37223371095e+00
7.03602127478e+00
7.61365718755e+00
7.64351560907e+00
9.23332892669e+00
8.67194416160e+00
8.29407041970e+00
7.28170769168e+00
7.39528090137e+00
8.49266166736e+00
8.49665671701e+00
7.72730360579e+00
8.00518503235e+00
8.09989243526e+00
7.15948080952e+00
6.85012547140e+00
7.57855471351e+00
8.28488025395e+00
7.30531690161e+00
8.37826551885e+00
7.56811402868e+00
7.97344327300e+00
7.48031624256e+00
8.61453757081e+00
7.83424799273e+00
7.55058304293e+00
8.10323100349e+00
8.25662211650e+00
7.86545635826e+00
8.42017479036e+00
7.72652908162e+00
7.83189149026e+00
6.85761870254e+00
7.65622220256e+00
8.30371075406e+00
7.84665667693e+00
7.41028601555e+00
7.40526851141e+00
8.31094551598e+00
8.22360301763e+00
7.39741825411e+00
7.79126988234e+00
8.17264797005e+00
8.54995685279e+00
8.15639001970e+00
7.89545633001e+00
8.20884768995e+00
7.36266368917e+00
7.58850448945e+00
7.77626055004e+00
7.03345676132e+00
7.00006933354e+00
7.03482665721e+00
7.94116740501e+00
8.73412241523e+00
7.07867239390e+00
8.19359393942e+00
7.85474147487e+00
8.04643685726e+00
8.76282671981e+00
8.45445878334e+00
7.40958307426e+00
6.42044830763e+00
8.13174214347e+00
7.72168635630e+00
7.89841406012e+00
8.15588152793e+00
8.42386766081e+00
7.83272648375e+00
7.94198530173e+00