-7.34722431127e+00
-7.34174385083e+00
-7.34184997752e+00
-7.34872412868e+00
-7.34639890066e+00
-7.34604807630e+00
-7.34686746021e+00
-7.34420651503e+00
-7.34562466959e+00
-7.34912230473e+00
-7.34505330416e+00
-7.34843975714e+00
-7.34641752690e+00
-7.34573286196e+00
-7.34460327847e+00
-7.34702127491e+00
-7.34620341994e+00
-7.34557296923e+00
-7.34668934188e+00
-7.34614286817e+00
-7.34992634335e+00
-7.34404362871e+00
-7.34632457775e+00
-7.34650662771e+00
-7.34696042030e+00
-7.34829306301e+00
-7.34802348415e+00
-7.34515512434e+00
-7.34574730685e+00
-7.34791482762e+00
-7.34990139708e+00
-7.34900526593e+00
-7.34662229696e+00
-7.35082804567e+00
-7.34761822431e+00
-7.34892157948e+00
-7.34813708920e+00
-7.34621657847e+00
-7.34562911291e+00
-7.34505044396e+00
-7.34714629043e+00
-7.34825648281e+00
-7.34736873207e+00
-7.34930621704e+00
-7.34648666144e+00
-7.34398076529e+00
-7.34678044603e+00
-7.34345357855e+00
-7.34787987792e+00
-7.34739707558e+00
-7.34632528028e+00
-7.34827830698e+00
-7.34470379042e+00
-7.34640069372e+00
-7.34694315307e+00
-7.34927480181e+00
-7.34767600294e+00
-7.34600703063e+00
-7.34707876575e+00
-7.34957868233e+00
-7.34681492127e+00
-7.34553491345e+00
-7.34668264777e+00
-7.34424974315e+00
-7.34471319363e+00
-7.34486495548e+00
-7.34647182297e+00
-7.34623551700e+00
-7.34647312841e+00
-7.34321284067e+00
-7.34822113180e+00
-7.34684891629e+00
-7.34579569756e+00
-7.34484078951e+00
-7.34838653271e+00
-7.34544759042e+00
-7.34636928612e+00
-7.34572857254e+00
-7.34337959574e+00
-7.34566697481e+00
-7.34761336225e+00
-7.34626068316e+00
-7.34817227904e+00
-7.34859861045e+00
-7.34773803580e+00
-7.34834962536e+00
-7.34509904663e+00
-7.34454075122e+00
-7.34551164538e+00
-7.34941769012e+00
-7.34644016405e+00
-7.34551649807e+00
-7.34565558273e+00
-7.34345167118e+00
-7.34717514481e+00
-7.34249042601e+00
-7.34471780719e+00
-7.34627328126e+00
-7.34677297769e+00
-7.34578557839e+00
-7.34378839409e+00
-7.34656930599e+00
-7.34766910338e+00
-7.34420197572e+00
-7.34351712869e+00
-7.34415381444e+00
-7.34785161284e+00
-7.34617712102e+00
-7.34507809253e+00
-7.34276295640e+00
-7.34744205471e+00
-7.34586124127e+00
-7.34685319333e+00
-7.34583494728e+00
-7.34754348196e+00
-7.35098235223e+00
-7.34654399217e+00
-7.34502198002e+00
-7.34456069566e+00
-7.34646072853e+00
-7.34571221547e+00
-7.34406878302e+00
-7.34831500826e+00
-7.34788103285e+00
-7.34487496053e+00
-7.34396158283e+00
-7.34821213639e+00
-7.34678378116e+00
-7.34750274512e+00
-7.34284529339e+00
-7.34798356019e+00
-7.34610619253e+00
-7.34551429372e+00
-7.34559868525e+00
-7.34451363729e+00
-7.34401637285e+00
-7.34883121202e+00
-7.34665647279e+00
-7.34595168911e+00
-7.34529887116e+00
-7.34607824648e+00
-7.34466446216e+00
-7.34508703590e+00
-7.34576591496e+00
-7.34360403108e+00
-7.35076450983e+00
-7.34817027193e+00
-7.34830055459e+00
-7.34569297157e+00
-7.34529066836e+00
-7.34938398705e+00
-7.34579355651e+00
-7.34631366463e+00
-7.34638739164e+00
-7.34643231309e+00
-7.34546242106e+00
-7.34911457755e+00
-7.34614755267e+00
-7.34386678300e+00
-7.34518907545e+00
-7.34521619361e+00
-7.34670761302e+00
-7.34627170468e+00
-7.34883568919e+00
-7.34676560200e+00
-7.35020059514e+00
-7.35005584375e+00
-7.34602328789e+00
-7.34334879366e+00
-7.35041642092e+00
-7.34501596177e+00
-7.34577357532e+00
-7.34634158127e+00
-7.34423847838e+00
-7.34886148812e+00
-7.34597671291e+00
-7.34575233462e+00
-7.34851514000e+00
-7.34939584777e+00
-7.34528548098e+00
-7.34742077442e+00
-7.34289399922e+00
-7.34789511422e+00
-7.34920366462e+00
-7.34805198374e+00
-7.34617755886e+00
-7.34379771130e+00
-7.34843434495e+00
-7.34497153769e+00
-7.34636167958e+00
-7.34517079102e+00
-7.34382879308e+00
-7.34575124738e+00
-7.34697024839e+00
-7.34733231616e+00
-7.34668390954e+00
-7.34563696705e+00
-7.34750287279e+00
-7.34849064464e+00
-7.34418841980e+00
-7.34809195890e+00
-7.34507182725e+00
-7.34393442742e+00
-7.34842767598e+00
-7.34823494168e+00
-7.34081612899e+00
-7.34698528396e+00
-7.34586380601e+00
-7.34771316511e+00
-7.34621969225e+00
-7.34875872870e+00
-7.34615908018e+00
-7.34741953328e+00
-7.34391615892e+00
-7.34612701456e+00
-7.34782936297e+00
-7.34681340789e+00
-7.34786203669e+00
-7.34773226765e+00
-7.34387913238e+00
-7.34476057259e+00
-7.34707176588e+00
-7.34606586466e+00
-7.34820136709e+00
-7.34543550586e+00
-7.34714010275e+00
-7.34697199632e+00
-7.34451475588e+00
-7.34603077935e+00
-7.34660387745e+00
-7.34360042868e+00
-7.34698596196e+00
-7.34365217414e+00
-7.34722314511e+00
-7.35005100903e+00
-7.34739126659e+00
-7.34857802466e+00
-7.34644674299e+00
-7.34621323058e+00
-7.34846252420e+00
-7.34723583622e+00
-7.34744455784e+00
-7.34583651497e+00
-7.34591381670e+00
-7.34631633370e+00
-7.34745982709e+00
-7.34513939948e+00
-7.34562524274e+00
-7.34668660680e+00
-7.34610729465e+00
-7.34505993502e+00
-7.34683487390e+00
-7.34996598303e+00
-7.34733480983e+00
-7.34520981021e+00
-7.34805930718e+00
-7.34697113101e+00
-7.34376901290e+00
-7.34497016803e+00
-7.34825761085e+00
-7.34771751867e+00
-7.34583123431e+00
-7.34633682937e+00
-7.34626962512e+00
-7.34516371209e+00
-7.34597812780e+00
-7.34626006684e+00
-7.34547676958e+00
-7.34605678105e+00
-7.34863506151e+00
-7.34894904623e+00
-7.34565432241e+00
-7.34777136540e+00
-7.34296912346e+00
-7.34789372030e+00
-7.34660456406e+00
-7.34541889085e+00
-7.35103867510e+00
-7.34686887743e+00
-7.34596737724e+00
-7.34819103985e+00
-7.34554850890e+00
-7.34809918030e+00
-7.34721656949e+00
-7.34735111108e+00
-7.34812259944e+00
-7.34418018803e+00
-7.34670379217e+00
-7.34639099455e+00
-7.34500550320e+00
-7.34230827594e+00
-7.34766653613e+00
-7.34851019018e+00
-7.34808855539e+00
-7.34475152183e+00
-7.34607217071e+00
-7.34809774473e+00
-7.34675731133e+00
-7.34638868022e+00
-7.34815644131e+00
-7.34499523883e+00
-7.34662583377e+00
-7.34676740704e+00
-7.34816032985e+00
-7.34280213359e+00
-7.34441700112e+00
-7.34552734364e+00
-7.34668740329e+00
-7.34349950603e+00
-7.34647971328e+00
-7.34725683270e+00
-7.34536904891e+00
-7.34410174398e+00
-7.34651262139e+00
-7.34652225582e+00
-7.34711750572e+00
-7.34667069689e+00
-7.34797097244e+00
-7.34737447846e+00
-7.34208165901e+00
-7.34507876469e+00
-7.34659828884e+00
-7.34455109912e+00
-7.34731709180e+00
-7.34726702966e+00
-7.34645086781e+00
-7.34583160408e+00
-7.34573059030e+00
-7.34420243850e+00
-7.34754297863e+00
-7.34595964955e+00
-7.34834924720e+00
-7.34894361954e+00
-7.34597782304e+00
-7.34399935808e+00
-7.34494623702e+00
-7.34514871818e+00
-7.34560702284e+00
-7.34447036319e+00
-7.34801355035e+00
-7.34529603388e+00
-7.34514181051e+00
-7.34599353989e+00
-7.34551905710e+00
-7.34807354626e+00
-7.34735900512e+00
-7.35030281455e+00
-7.34825618956e+00
-7.34751325944e+00
-7.34665450211e+00
-7.34740932889e+00
-7.34547411288e+00
-7.34400705310e+00
-7.34719230140e+00
-7.34215788103e+00
-7.34433364264e+00
-7.34609856679e+00
-7.34614815425e+00
-7.34541835474e+00
-7.34713544981e+00
-7.34215454398e+00
-7.34833652701e+00
-7.34595530062e+00
-7.34539970464e+00
-7.34971043444e+00
-7.34414613114e+00
-7.34574483777e+00
-7.34690105907e+00
-7.34418484507e+00
-7.34639484667e+00
-7.34777458970e+00
-7.34898274596e+00
-7.34659585839e+00
-7.34534283003e+00
-7.35064467532e+00
-7.34717717325e+00
-7.34553249130e+00
-7.34524850770e+00
-7.34819408064e+00
-7.34587986847e+00
-7.34559802117e+00
-7.34096204264e+00
-7.34735548315e+00
-7.34435884496e+00
-7.34574938350e+00
-7.34466536866e+00
-7.34870664573e+00
-7.34668490435e+00
-7.34797978799e+00
-7.34857261988e+00
-7.34510766801e+00
-7.34765904475e+00
-7.34814876059e+00
-7.34539603598e+00
-7.34526606410e+00
-7.34725923132e+00
-7.34607873177e+00
-7.34676650728e+00
-7.34940375482e+00
-7.34663600656e+00
-7.34414940659e+00
-7.34555655555e+00
-7.34547012610e+00
-7.34743056412e+00
-7.34580950900e+00
-7.34969693502e+00
-7.34778775710e+00
-7.34419175801e+00
-7.34821074704e+00
-7.34659702143e+00
-7.34617080797e+00
-7.34481238772e+00
-7.34673491169e+00
-7.34790228915e+00
-7.34579837605e+00
-7.34865320937e+00
-7.34656624168e+00
-7.34120569174e+00
-7.34685432792e+00
-7.34762536143e+00
-7.34503518264e+00
-7.34615843253e+00
-7.34210852675e+00
-7.34571304323e+00
-7.34556301707e+00
-7.34618989770e+00
-7.34426103265e+00
-7.34806150234e+00
-7.34916413581e+00
-7.34816762144e+00
-7.34930980191e+00
-7.34622242392e+00
-7.34508402892e+00
-7.34697831050e+00
-7.34467217825e+00
-7.34712567887e+00
-7.34976707906e+00
-7.34464500437e+00
-7.34575481887e+00
-7.34723719894e+00
-7.34702951873e+00
-7.34643678991e+00
-7.34886477427e+00
-7.34546235461e+00
-7.34731686694e+00
-7.34548771817e+00
-7.34517941284e+00
-7.34710689644e+00
-7.34503938719e+00
-7.34636129002e+00
-7.34740321562e+00
-7.34501688167e+00
-7.34790833178e+00
-7.34593769283e+00
-7.34669200189e+00
-7.34540861103e+00
-7.34656550025e+00
-7.34984529516e+00
-7.34604193259e+00
-7.34711549244e+00
-7.34947984798e+00
-7.35009124345e+00
-7.34540536683e+00
-7.34735651793e+00
-7.34697172516e+00
-7.34889810977e+00
-7.34663319678e+00
-7.34600479320e+00
-7.34741909094e+00
-7.34509319778e+00
-7.34786287265e+00
-7.34899212405e+00
-7.34924505127e+00
-7.34665772271e+00
-7.34677175603e+00
-7.34337349052e+00
-7.34791179608e+00
-7.35003840750e+00
-7.34628071310e+00
-7.34891486487e+00
-7.34671593369e+00
-7.34596567178e+00
-7.34820314748e+00
-7.34563705259e+00
-7.34639163023e+00
-7.34410331928e+00
-7.34642373461e+00
-7.34622307350e+00
-7.34709225445e+00
-7.34525373461e+00
-7.34989162678e+00
-7.34498892713e+00
-7.34449753503e+00
-7.34838063690e+00
-7.35055385348e+00
-7.34687321747e+00
-7.34587949107e+00
-7.34821047657e+00
-7.34644642534e+00
-7.34548295094e+00
-7.34639510213e+00