-7.88146808232e+00
-7.70650606702e+00
-7.88140710469e+00
-7.70340024098e+00
-7.62785284109e+00
-7.93483649417e+00
-7.85402333462e+00
-7.59519455135e+00
-7.84774553064e+00
-7.87791929096e+00
-7.75882425069e+00
-7.99172213158e+00
-7.78186355279e+00
-7.81762241360e+00
-7.86072520632e+00
-7.65796373170e+00
-7.79183313782e+00
-7.59854677661e+00
-7.92963205484e+00
-7.93353999485e+00
-7.62335175741e+00
-8.05356167511e+00
-7.68984718743e+00
-7.79699320368e+00
-8.05437797634e+00
-7.71905348546e+00
-7.79312442036e+00
-8.04928638369e+00
-7.52698030523e+00
-7.65027949350e+00
-7.91172701792e+00
-7.81645740163e+00
-7.68192979750e+00
-7.92516054323e+00
-7.79204099922e+00
-8.07206079583e+00
-7.77213763246e+00
-7.85732016377e+00
-7.72950841149e+00
-7.90008597231e+00
-7.70258639497e+00
-8.00643294192e+00
-7.75670174501e+00
-7.84700040702e+00
-7.74214856531e+00
-8.04351298478e+00
-7.62245676669e+00
-7.71552987845e+00
-7.84739248488e+00
-7.68066564761e+00
-7.63144786188e+00
-7.79096564051e+00
-7.84450228399e+00
-7.68507338926e+00
-7.57964981456e+00
-7.90701888500e+00
-7.51057559857e+00
-7.73551245167e+00
-7.56066990108e+00
-7.71915640866e+00
-7.86765717279e+00
-7.70065409590e+00
-7.70915758680e+00
-7.62203306308e+00
-7.74946126685e+00
-7.81213475149e+00
-7.53360061539e+00
-7.58779037071e+00
-8.08633373877e+00
-7.69149324986e+00
-7.67089156643e+00
-7.76011385355e+00
-7.81996865598e+00
-7.72687618444e+00
-7.60921144864e+00
-7.76460375929e+00
-7.75114862220e+00
-7.44865638524e+00
-7.71470948014e+00
-7.66966519807e+00
-8.14045238085e+00
-7.75712929749e+00
-7.82886375599e+00
-7.91444281594e+00
-7.75104147693e+00
-7.82652079392e+00
-7.87837798478e+00
-7.53625357485e+00
-7.84164213034e+00
-7.73542480655e+00
-7.82977357962e+00
-7.89671719089e+00
-8.02236687728e+00
-7.55154596717e+00
-7.97867782249e+00
-7.56694910662e+00
-7.82860634386e+00
-7.71039373652e+00
-8.20053575436e+00
-7.54559325922e+00
-8.00773526163e+00
-7.72861100109e+00
-8.02382363073e+00
-7.95596526956e+00
-7.83751693614e+00
-7.73224367805e+00
-8.04378730760e+00
-7.83342831759e+00
-7.75382878638e+00
-7.73425887623e+00
-7.88911225455e+00
-7.88086550738e+00
-7.80840573011e+00
-7.83347120363e+00
-8.10694609305e+00
-7.82784291772e+00
-7.71076615400e+00
-7.80683008426e+00
-7.65466387089e+00
-7.66491276606e+00
-7.74483715926e+00
-7.67635408579e+00
-7.84731606497e+00
-8.06344844364e+00
-7.67254387294e+00
-7.93361899964e+00
-7.78371634318e+00
-7.71380395312e+00
-7.88108661009e+00
-7.72009268688e+00
-7.67459257448e+00
-8.07455511783e+00
-7.60037512428e+00
-7.94612998972e+00
-7.75924254870e+00
-7.74375140344e+00
-7.90941975687e+00
-7.88523827803e+00
-7.64734534264e+00
-7.63099113374e+00
-7.64221322742e+00
-7.76004209948e+00
-7.83060815497e+00
-7.80767022485e+00
-7.52817153318e+00
-7.58619801274e+00
-7.79821973599e+00
-8.03366677675e+00
-7.90294304548e+00
-7.92104213028e+00
-7.49805223473e+00
-7.86647395118e+00
-7.74471841056e+00
-7.76028535820e+00
-7.67965985251e+00
-7.72868142464e+00
-7.78381980542e+00
-7.90249994014e+00
-7.86283758773e+00
-7.76047757000e+00
-7.83886770230e+00
-7.80468099109e+00
-7.80844328136e+00
-8.03411525897e+00
-7.81402946187e+00
-7.80575359481e+00
-7.81182745157e+00
-7.75123206285e+00
-7.49909668987e+00
-7.96616471676e+00
-7.76901148964e+00
-7.94750959241e+00
-7.89742474724e+00
-8.01748388096e+00
-7.84685253220e+00
-7.65555380626e+00
-7.85332731084e+00
-7.58096231623e+00
-7.69066070385e+00
-7.73699482041e+00
-8.13323502116e+00
-7.80267571113e+00
-7.84187396619e+00
-7.60488715867e+00
-7.73588517596e+00
-7.79910302717e+00
-7.83783962913e+00
-7.81893749358e+00
-7.80392515723e+00
-7.62019252713e+00
-7.79931725316e+00
-7.95543120030e+00
-7.77694556102e+00
-7.94460301741e+00
-8.06812951937e+00
-7.79297844378e+00
-7.82965731197e+00
-7.76930864342e+00
-7.93085834585e+00
-7.69408184064e+00
-7.83813751711e+00
-8.00871741164e+00
-7.74214718247e+00
-7.67264115447e+00
-7.74442720729e+00
-8.00129703514e+00
-7.97112255045e+00
-7.53132919698e+00
-7.67150627356e+00
-7.92078855451e+00
-7.56685680891e+00
-7.80838159925e+00
-7.56089569615e+00
-7.77809453439e+00
-7.82512589958e+00
-7.77181195742e+00
-8.03020175144e+00
-7.64586114973e+00
-7.87356354107e+00
-7.84312830853e+00
-7.86697143026e+00
-7.83843299634e+00
-7.73148312381e+00
-7.61843600377e+00
-7.79804276434e+00
-7.84690201960e+00
-7.85548122227e+00
-7.79519683339e+00
-7.91649122578e+00
-7.62021545390e+00
-7.60291651457e+00
-7.88843600309e+00
-7.91161932132e+00
-7.84112174097e+00
-7.74619182738e+00
-7.94042677118e+00
-7.72640318573e+00
-7.83473512453e+00
-7.79394650445e+00
-7.88064219070e+00
-8.03853348337e+00
-7.95557457402e+00
-7.82677383133e+00
-7.78450334371e+00
-7.94388225734e+00
-7.91832315058e+00
-7.75025436797e+00
-8.03918980804e+00
-7.89588065194e+00
-7.91468777423e+00
-7.96194629056e+00
-7.61736631840e+00
-7.64588161762e+00
-7.80392793880e+00
-8.05541286657e+00
-7.91585075013e+00
-7.85371636255e+00
-7.76034920894e+00
-7.83532799586e+00
-7.75135384945e+00
-7.71395307306e+00
-7.80302603940e+00
-7.82344222806e+00
-7.98550729960e+00
-7.67509574681e+00
-7.69487506245e+00
-7.77558694487e+00
-7.90032605689e+00
-7.77617211993e+00
-7.51999205384e+00
-8.04055137174e+00
-8.04309246731e+00
-7.82549111998e+00
-7.88210330321e+00
-7.84688734502e+00
-7.96922989653e+00
-7.77146086487e+00
-7.85150694026e+00
-7.62311396740e+00
-7.51656011225e+00
-7.93759959648e+00
-7.81332610483e+00
-7.92427441004e+00
-7.81881385636e+00
-7.78246855110e+00
-7.70003953901e+00
-7.83496226947e+00
-7.94350874729e+00
-7.93608589149e+00
-7.86000013495e+00
-7.68414108166e+00
-7.73275751152e+00
-7.62897521367e+00
-7.70546345591e+00
-7.73160842297e+00
-7.99756761651e+00
-7.68912589057e+00
-8.10067281761e+00
-7.83994879606e+00
-7.95209356556e+00
-7.93275456324e+00
-7.83565177425e+00
-7.75260527878e+00
-7.76290992991e+00
-7.66109820645e+00
-7.84792207160e+00
-7.85426069483e+00
-7.63668643997e+00
-7.72700149224e+00
-7.82488660980e+00
-7.86455298173e+00
-7.75953244197e+00
-7.83741034197e+00
-7.96663972492e+00
-7.86697901685e+00
-7.95817457288e+00
-7.84318045589e+00
-7.97621122105e+00
-7.77197133512e+00
-7.91732534098e+00
-7.68970592178e+00
-7.72108210706e+00
-7.88819307080e+00
-7.88870141932e+00
-7.86679066015e+00
-7.79242303433e+00
-7.63049326092e+00
-7.92029944895e+00
-7.70035349389e+00
-7.98499129493e+00
-7.89610995415e+00
-7.74450246865e+00
-7.89245987879e+00
-7.77211519297e+00
-7.69101603512e+00
-7.63467010590e+00
-7.61087495201e+00
-7.82866252721e+00
-7.91685878701e+00
-7.78426299702e+00
-7.83595779316e+00
-7.88193722687e+00
-7.79955430370e+00
-7.71769232099e+00
-7.76415718511e+00
-7.81512078048e+00
-7.54413911270e+00
-7.98731145632e+00
-8.02124185712e+00
-8.20232953814e+00
-7.85894511541e+00
-8.08648134723e+00
-7.48459360824e+00
-7.63350991765e+00
-7.73036190022e+00
-7.62589997693e+00
-8.04617035435e+00
-7.72236747437e+00
-7.87412486663e+00
-7.94446967445e+00
-7.93093170225e+00
-7.69679739765e+00
-7.82905569681e+00
-7.83769409363e+00
-7.85071207383e+00
-7.75991437778e+00
-7.92254363098e+00
-7.76291230010e+00
-7.75868896548e+00
-7.84961062790e+00
-7.70942662908e+00
-7.86531069143e+00
-7.81305490705e+00
-7.91880925581e+00
-7.88984378751e+00
-7.64900199410e+00
-7.89912832468e+00
-7.59704418589e+00
-7.68721743427e+00
-8.22156359709e+00
-7.80727188256e+00
-7.93006961654e+00
-7.57679941119e+00
-7.71291055707e+00
-7.78526658554e+00
-7.69866308516e+00
-7.43740164606e+00
-7.81896760817e+00
-7.86011777613e+00
-7.88093158627e+00
-7.87735697087e+00
-7.81220416874e+00
-8.17882188818e+00
-7.65560408760e+00
-7.92232154925e+00
-7.82330716049e+00
-7.56376479355e+00
-7.95393341889e+00
-7.77326538774e+00
-8.14010255033e+00
-7.74205118984e+00
-7.94991619676e+00
-7.67881133091e+00
-7.82062229011e+00
-7.76224122300e+00
-7.68809185988e+00
-7.68830187385e+00
-7.56226531992e+00
-8.02380137846e+00
-7.71335070062e+00
-7.66833087067e+00
-7.61526539277e+00
-7.61913108120e+00
-7.89590592070e+00
-7.53975923121e+00
-7.88890077735e+00
-8.01602775995e+00
-8.06423162045e+00
-7.83173230030e+00
-7.76663985463e+00
-7.88893660193e+00
-7.85129138086e+00
-7.82860204080e+00
-7.90461696352e+00
-8.01084068079e+00
-7.89043408788e+00
-7.86449957064e+00
-7.53965441622e+00
-7.59510326414e+00
-7.94733358964e+00
-7.80487695113e+00
-7.85191184647e+00
-7.80893159825e+00
-7.81158258354e+00
-7.56655446622e+00
-7.73590525942e+00
-7.77370906320e+00
-7.62967087465e+00
-7.57512183388e+00
-7.63618153345e+00
-7.69168269164e+00
-7.58171655747e+00
-7.79417836747e+00
-7.64603532373e+00
-7.83049162290e+00
-8.08978553270e+00
-7.93237502635e+00
-7.95160036652e+00
-7.76654144387e+00
-8.07256286388e+00
-7.79825089512e+00
-7.54790162392e+00
-7.72629682456e+00
-7.97224261754e+00
-7.88627612952e+00
-7.67807505840e+00
-7.75695637191e+00
-7.86942992278e+00
-8.04202631746e+00
-7.89638937022e+00
-7.96975585918e+00
-7.74703967149e+00
-7.88076532899e+00
-8.14560710292e+00
-8.15430146014e+00
-7.96341972410e+00
-7.78354629740e+00
-8.03778125514e+00
-8.06652534836e+00
-7.88522834447e+00
-7.78737881393e+00
-7.94295516633e+00
-7.58636167380e+00
-7.80846670875e+00
-7.92300844265e+00
-7.42670528440e+00
-7.94956775691e+00
-7.65985539917e+00
-7.72265325787e+00
-7.74271602714e+00
-7.74053885503e+00
-7.77808966830e+00
-7.89924639747e+00
-7.54480060291e+00
-7.78255976269e+00
-7.96426414969e+00
-7.97545272401e+00
-7.76395294007e+00
-7.91446727983e+00
-7.73279472461e+00
-7.97177035824e+00
-7.85601840884e+00
-7.92531045952e+00
-7.65776803645e+00
-7.78954111951e+00
-7.84639694242e+00
-7.99631167471e+00
-7.90917345666e+00
-7.99093567349e+00
-7.61812630473e+00
-7.80939675432e+00