-2.97014601792e+00
-2.99462678827e+00
-2.91029058442e+00
-2.88695348646e+00
-3.01838762738e+00
-2.91441541755e+00
-2.99010540961e+00
-2.91892396181e+00
-2.88120590271e+00
-3.09045052842e+00
-2.99736819736e+00
-3.06743364320e+00
-2.86334110850e+00
-2.88242456937e+00
-2.95082610551e+00
-3.06603225567e+00
-2.97188273700e+00
-2.85004725562e+00
-2.88385082674e+00
-2.85806503024e+00
-2.90266232523e+00
-3.07603264068e+00
-2.88550294339e+00
-3.04674662375e+00
-2.95092660815e+00
-3.02937820899e+00
-2.92093187192e+00
-2.93095559573e+00
-2.87087695779e+00
-3.01008838614e+00
-3.03834519466e+00
-3.03031378658e+00
-2.88941034337e+00
-2.89923896448e+00
-2.99494800729e+00
-3.01511008440e+00
-2.86978303632e+00
-2.98920349465e+00
-2.92762375958e+00
-3.02536903605e+00
-3.01211315218e+00
-2.99945332091e+00
-2.91764306798e+00
-3.07130071115e+00
-3.03434578881e+00
-2.96282697173e+00
-3.04745607123e+00
-3.03898790569e+00
-2.84738168226e+00
-2.92736174458e+00
-2.89805392075e+00
-3.05151176841e+00
-2.95966039569e+00
-3.04630808249e+00
-3.04034121113e+00
-2.98772990043e+00
-3.01184735560e+00
-2.97478274567e+00
-2.94409307115e+00
-3.06786012071e+00
-3.01219585627e+00
-3.02428659213e+00
-2.91804297367e+00
-2.95971064395e+00
-2.79149189850e+00
-2.92455255665e+00
-2.93204946707e+00
-3.00949717880e+00
-2.98289128136e+00
-2.94132419527e+00
-3.02215220388e+00
-3.04637861244e+00
-2.87470360435e+00
-3.00676216211e+00
-2.89820973054e+00
-2.89816678946e+00
-3.01471863612e+00
-3.14942111392e+00
-2.91273763814e+00
-2.86478229321e+00
-2.90629633206e+00
-3.12560178380e+00
-2.95398488350e+00
-2.98336596459e+00
-2.93921894015e+00
-3.02877896561e+00
-2.90603807592e+00
-2.88945766113e+00
-3.03536588303e+00
-2.90137097840e+00
-2.97306016633e+00
-2.93152248107e+00
-2.95810966629e+00
-2.86310524839e+00
-2.93693476371e+00
-2.97379831244e+00
-2.97750057575e+00
-2.94406784352e+00
-3.03464619130e+00
-3.03004806777e+00
-3.03451358346e+00
-2.93468569297e+00
-3.01459428838e+00
-2.93381877632e+00
-3.10699670767e+00
-3.05163974093e+00
-2.97167192165e+00
-2.90705969096e+00
-2.99235371342e+00
-2.92140965739e+00
-2.93889507885e+00
-3.03701511477e+00
-3.06645046915e+00
-2.95342556630e+00
-2.94382923116e+00
-3.24551039460e+00
-2.85657742815e+00
-3.05390016231e+00
-3.03717348322e+00
-2.99562624482e+00
-2.87383897043e+00
-2.94234699706e+00
-2.95845178173e+00
-2.94367333062e+00
-2.98044802947e+00
-2.93183609251e+00
-2.98425705807e+00
-2.90202828764e+00
-2.91847128320e+00
-2.96233163594e+00
-2.97675041710e+00
-2.95083278021e+00
-2.90652916812e+00
-2.91350300325e+00
-2.86661848360e+00
-2.90996533089e+00
-2.97778374381e+00
-2.91138805790e+00
-2.95324063831e+00
-2.96855480154e+00
-2.95087594659e+00
-2.88103153077e+00
-2.92852821088e+00
-3.01067024353e+00
-3.00187193586e+00
-2.95619824660e+00
-2.96842089352e+00
-3.01249612220e+00
-2.91366210055e+00
-2.95670349765e+00
-2.88620470922e+00
-2.80587915298e+00
-2.89643682218e+00
-2.93675972129e+00
-3.01020175627e+00
-2.90114642455e+00
-3.00359856971e+00
-2.88459651362e+00
-2.88628851619e+00
-2.99661160392e+00
-2.99878744809e+00
-3.00735715282e+00
-3.03799838715e+00
-3.06794564484e+00
-2.88059392074e+00
-3.06710447675e+00
-2.86791528096e+00
-2.89367451292e+00
-2.93375926440e+00
-3.01481412107e+00
-3.02693301256e+00
-2.99035682485e+00
-2.95141905089e+00
-2.95547238604e+00
-3.00790437465e+00
-3.03184791589e+00
-2.83512594198e+00
-3.04119613266e+00
-3.00637127751e+00
-2.81346473335e+00
-2.96513137437e+00
-2.90519642923e+00
-3.03677858214e+00
-3.08292926831e+00
-3.06303857641e+00
-2.81840138396e+00
-2.99712413626e+00
-2.96872316372e+00
-2.98681126045e+00
-2.87691902052e+00
-2.98423622738e+00
-3.00986661809e+00
-3.01223621893e+00
-3.03599951042e+00
-2.99151498243e+00
-3.05533687609e+00
-2.97352717409e+00
-2.95754511698e+00
-2.98986857946e+00
-2.98617894794e+00
-2.80495243742e+00
-2.90602322949e+00
-2.93729837287e+00
-2.96374361972e+00
-3.00367968389e+00
-2.98651928020e+00
-2.86487774958e+00
-2.96237793318e+00
-2.96170752827e+00
-3.02880714492e+00
-3.01872175195e+00
-2.92970404522e+00
-3.02071984555e+00
-2.89779285057e+00
-3.04624631967e+00
-2.95802260358e+00
-2.90721504775e+00
-3.08752710247e+00
-2.94976093940e+00
-3.03433773278e+00
-2.88447991894e+00
-2.91376477584e+00
-2.95472389861e+00
-2.92133239798e+00
-3.02855284552e+00
-2.91976812042e+00
-3.02685042168e+00
-2.99424214348e+00
-2.79836493818e+00
-2.91924976010e+00
-2.95732683232e+00
-3.04684479637e+00
-2.88038738863e+00
-2.89813828094e+00
-3.05507856277e+00
-2.94688614724e+00
-2.98840754343e+00
-2.92058869571e+00
-3.02453561839e+00
-2.90234567566e+00
-2.90334251301e+00
-2.93940841774e+00
-2.88636399790e+00
-2.92621166601e+00
-2.96515060844e+00
-2.90480452201e+00
-2.99088679195e+00
-3.04463496610e+00
-3.01001578404e+00
-3.05862695022e+00
-2.93910987624e+00
-2.94538515569e+00
-2.93680068465e+00
-2.90080322988e+00
-2.94734314926e+00
-2.92192349803e+00
-2.97572678916e+00
-2.89899398938e+00
-2.98085900797e+00
-2.95290671976e+00
-2.89981961112e+00
-2.85504542883e+00
-2.99999069095e+00
-2.99644304612e+00
-2.95109382850e+00
-3.00521576639e+00
-3.03758030814e+00
-3.01701468090e+00
-3.05584531012e+00
-3.03693630076e+00
-3.04336526095e+00
-2.91853875310e+00
-2.90196392370e+00
-2.97302533698e+00
-3.00341919981e+00
-2.93715948913e+00
-2.93593259278e+00
-2.99754849476e+00
-3.07786908200e+00
-2.92976123726e+00
-3.02840677383e+00
-2.94869624179e+00
-2.99437210841e+00
-3.02211707091e+00
-3.01417436927e+00
-3.04443061114e+00
-2.99044518141e+00
-3.01039359630e+00
-2.91765178633e+00
-2.89889267187e+00
-2.97939285964e+00
-3.03266739418e+00
-2.93904942623e+00
-3.01489245314e+00
-2.84372431836e+00
-3.02132614644e+00
-3.01711910144e+00
-2.85240494007e+00
-2.92416670523e+00
-2.89077849044e+00
-2.95000682982e+00
-2.92207497615e+00
-2.92632001155e+00
-2.95382415945e+00
-3.03683986063e+00
-2.93002074788e+00
-2.93675039195e+00
-2.93069001480e+00
-2.98931114497e+00
-2.95369325241e+00
-3.05151866028e+00
-2.96872146747e+00
-2.91078427438e+00
-2.92550991930e+00
-2.92007071561e+00
-2.96894272818e+00
-3.02805491746e+00
-3.01250576156e+00
-2.93962238157e+00
-2.99780117280e+00
-2.87686102235e+00
-2.92990282196e+00
-2.89445008739e+00
-2.91867782538e+00
-3.05415524993e+00
-2.95077524854e+00
-2.99794016796e+00
-3.01418434238e+00
-3.00796802546e+00
-2.91791066758e+00
-2.93416382085e+00
-3.01940843278e+00
-3.01569621316e+00
-3.04367141864e+00
-2.89217247108e+00
-2.95776393018e+00
-2.98889790005e+00
-2.87860146759e+00
-3.00763435576e+00
-2.94013953192e+00
-2.98936094302e+00
-2.98133813896e+00
-2.86331030667e+00
-2.97077425672e+00
-2.91114889772e+00
-3.01590725497e+00
-2.90532221522e+00
-2.96821833848e+00
-3.00158064842e+00
-2.99673964637e+00
-2.90023452720e+00
-2.88843100479e+00
-2.97554274393e+00
-2.98911841649e+00
-2.99768253599e+00
-3.03396225554e+00
-3.02673417531e+00
-2.97476036675e+00
-2.88861192390e+00
-2.94805233505e+00
-2.99374054331e+00
-2.93065696528e+00
-2.86044115477e+00
-2.95056500955e+00
-2.95117351004e+00
-2.94284399650e+00
-3.00125645645e+00
-2.91328932077e+00
-2.95114142694e+00
-3.00534585017e+00
-2.89404865623e+00
-3.04033788316e+00
-2.91505262806e+00
-3.03299344481e+00
-2.88503420615e+00
-2.97413226196e+00
-3.03634352757e+00
-3.07559806758e+00
-2.94614782070e+00
-2.90702568137e+00
-2.87865820818e+00
-2.85939763253e+00
-3.05477443958e+00
-2.91367956318e+00
-3.00003273703e+00
-2.95338918464e+00
-2.99350051719e+00
-2.97292176097e+00
-3.02715270352e+00
-3.11177278966e+00
-2.90828892502e+00
-2.94216694109e+00
-2.96180888755e+00
-2.92351027834e+00
-2.94174347005e+00
-2.91232049305e+00
-3.03137869360e+00
-2.98103504892e+00
-2.92124442564e+00
-3.01174124704e+00
-2.96093538528e+00
-3.04430497740e+00
-3.01723753846e+00
-2.97672648457e+00
-2.96264244401e+00
-3.00614654156e+00
-2.96809491897e+00
-2.93334182365e+00
-3.03266002682e+00
-2.86343628505e+00
-3.11332539999e+00
-2.90574308877e+00
-2.87305792057e+00
-2.90091653750e+00
-3.15974368447e+00
-2.95716294586e+00
-2.89263831082e+00
-2.97064189906e+00
-2.89704351606e+00
-3.02109532528e+00
-2.86248192293e+00
-2.98491836264e+00
-2.89959327465e+00
-2.93718428939e+00
-2.91847435643e+00
-2.93770375635e+00
-3.07213690044e+00
-2.95383234913e+00
-3.01291186805e+00
-2.93869366668e+00
-2.93211343227e+00
-3.12907262115e+00
-2.95111452351e+00
-2.93013263773e+00
-2.95570479551e+00
-3.03245685799e+00
-2.92932711833e+00
-2.87095280422e+00
-2.96765765969e+00
-3.01786408410e+00
-2.94371228244e+00
-3.07284847853e+00
-2.93335778690e+00
-2.89983617639e+00
-2.97194376437e+00
-2.95518763089e+00
-2.92763519836e+00
-2.89816560657e+00
-3.01050086184e+00
-2.89094203287e+00
-2.91929426995e+00
-2.84398678088e+00
-2.98457002356e+00
-3.05381536214e+00
-3.04215857871e+00
-3.01520134789e+00
-2.96136978750e+00
-2.97813715286e+00
-2.88314206149e+00
-2.94664434355e+00
-2.95414523561e+00
-3.01158707304e+00
-3.11417899630e+00
-3.06513574900e+00
-2.86300068995e+00
-3.05319414597e+00
-2.80734506093e+00
-2.91818319398e+00
-3.06388525564e+00
-2.98784565341e+00
-3.13789989928e+00
-3.03376639261e+00
-3.01829778808e+00
-3.01727440404e+00
-2.94374027819e+00
-2.86572194652e+00
-3.04461333116e+00
-3.06259388442e+00
-3.03679588188e+00
-2.91320505326e+00
-2.95677255204e+00
-2.95836072489e+00
-3.04694084170e+00
-3.14911094750e+00
-2.92923802920e+00
-2.90080204302e+00
-2.90580860580e+00
-3.02319407180e+00
-3.03189013294e+00
-2.95909785972e+00
-2.91888644669e+00
-2.91286008721e+00
-2.98229067059e+00
-2.91545028806e+00
-2.90813634663e+00
-2.86585278621e+00
-2.96924213800e+00
-2.96846516117e+00
-2.89968304614e+00
-3.05926310902e+00
-2.96279474812e+00