1.17102326486e+00
1.17276531333e+00
1.16711798044e+00
1.17326586960e+00
1.16277806577e+00
1.16311837283e+00
1.16463250075e+00
1.16892496813e+00
1.16174385037e+00
1.17261618627e+00
1.17461569380e+00
1.16082032208e+00
1.16188183676e+00
1.15795068565e+00
1.16502886840e+00
1.16888811040e+00
1.16889993337e+00
1.16661610499e+00
1.16277510382e+00
1.16232491611e+00
1.15933844735e+00
1.16733895066e+00
1.15977856218e+00
1.16510790797e+00
1.16081938394e+00
1.16579990905e+00
1.16390475418e+00
1.16859685471e+00
1.16610602834e+00
1.16907987209e+00
1.16701531227e+00
1.16365191797e+00
1.15954097466e+00
1.16945509248e+00
1.16257433187e+00
1.15970320834e+00
1.16290090675e+00
1.16921747458e+00
1.16526940167e+00
1.17360574079e+00
1.16305233773e+00
1.16386477014e+00
1.16317290302e+00
1.16882425348e+00
1.16197607895e+00
1.16274381056e+00
1.16858532987e+00
1.16563748378e+00
1.16741845665e+00
1.16748452078e+00
1.16401767714e+00
1.16333639539e+00
1.16841355114e+00
1.16447350063e+00
1.16146086129e+00
1.16717596683e+00
1.16259015637e+00
1.16318424866e+00
1.16786523181e+00
1.16359389226e+00
1.16129002291e+00
1.15942020697e+00
1.16088341796e+00
1.16807272574e+00
1.16902417781e+00
1.16774617187e+00
1.16515221664e+00
1.16757046612e+00
1.16439116691e+00
1.16235725054e+00
1.16444349479e+00
1.16784312012e+00
1.17349325118e+00
1.17178300391e+00
1.16640626102e+00
1.15736426300e+00
1.16941046392e+00
1.16376495535e+00
1.16909215659e+00
1.15916035762e+00
1.17118090455e+00
1.16446929179e+00
1.16914265973e+00
1.16860935343e+00
1.16594331006e+00
1.16815958072e+00
1.16329912554e+00
1.16533003608e+00
1.15827223455e+00
1.16536975488e+00
1.16628246483e+00
1.16060209163e+00
1.16136344571e+00
1.16010523197e+00
1.17394438090e+00
1.16552194762e+00
1.16352847476e+00
1.16323518548e+00
1.17385452014e+00
1.16259588361e+00
1.15888403954e+00
1.16142348211e+00
1.16345503472e+00
1.16811717673e+00
1.16033569090e+00
1.16359400773e+00
1.16869442987e+00
1.16439981984e+00
1.16481881441e+00
1.16947987614e+00
1.16090827901e+00
1.16306724273e+00
1.16932944044e+00
1.16086549747e+00
1.16026929812e+00
1.16558825464e+00
1.16818011802e+00
1.16427950388e+00
1.16201428441e+00
1.16451659321e+00
1.16647606808e+00
1.16480213176e+00
1.16057263621e+00
1.17350183814e+00
1.17046661345e+00
1.16229005414e+00
1.16452745965e+00
1.16260393084e+00
1.16361443556e+00
1.16708901301e+00
1.16270741139e+00
1.16425250478e+00
1.16996952635e+00
1.16831197230e+00
1.15482400391e+00
1.16493930930e+00
1.17195793889e+00
1.16137060403e+00
1.17292602249e+00
1.16576583893e+00
1.16588944706e+00
1.16138872450e+00
1.16468212675e+00
1.16519085933e+00
1.16309284581e+00
1.17171843471e+00
1.16641078643e+00
1.16067758957e+00
1.16629662187e+00
1.16127538101e+00
1.16723195004e+00
1.16515623429e+00
1.16837373793e+00
1.16241338903e+00
1.16944558290e+00
1.16181417934e+00
1.16462862744e+00
1.16148987650e+00
1.16191879592e+00
1.16650626305e+00
1.16546344765e+00
1.16028388029e+00
1.16613056286e+00
1.17024589177e+00
1.16263976941e+00
1.17231388135e+00
1.16596740135e+00
1.16451317019e+00
1.16346570717e+00
1.16207670095e+00
1.16524900594e+00
1.16442884530e+00
1.16497142470e+00
1.16697535422e+00
1.17047293013e+00
1.17203400375e+00
1.15806764839e+00
1.16491705414e+00
1.17015598779e+00
1.16269823459e+00
1.16190026056e+00
1.16494429628e+00
1.16285799041e+00
1.15485637081e+00
1.16963273664e+00
1.17146650113e+00
1.16756365681e+00
1.16944426303e+00
1.16721056611e+00
1.15648552392e+00
1.16914682597e+00
1.16318708549e+00
1.16667185231e+00
1.16061955254e+00
1.16410667516e+00
1.16728402295e+00
1.17031744129e+00
1.16346866391e+00
1.16838537541e+00
1.16177586411e+00
1.16812691734e+00
1.16419347042e+00
1.17413835938e+00
1.16344269096e+00
1.17185736177e+00
1.16253521515e+00
1.16621984130e+00
1.16449568208e+00
1.16103621352e+00
1.16633812718e+00
1.16962809314e+00
1.16736038453e+00
1.16141681057e+00
1.16571313112e+00
1.16490049675e+00
1.17208837904e+00
1.16323556266e+00
1.16072768515e+00
1.16687416382e+00
1.16077798715e+00
1.16330697708e+00
1.16373326349e+00
1.16701456647e+00
1.16737783976e+00
1.16090662587e+00
1.16789125830e+00
1.16262360853e+00
1.17084964532e+00
1.16841821461e+00
1.17203852245e+00
1.15948716670e+00
1.16058287813e+00
1.16337439496e+00
1.16404063660e+00
1.16990568997e+00
1.16987418236e+00
1.16690922775e+00
1.16786950441e+00
1.16603778424e+00
1.17535505307e+00
1.16825466051e+00
1.16369308822e+00
1.16319208784e+00
1.16227022573e+00
1.16516920110e+00
1.16610312567e+00
1.16100852348e+00
1.16453554457e+00
1.16818042076e+00
1.16920377419e+00
1.17109092523e+00
1.16904190349e+00
1.16878054336e+00
1.16298681172e+00
1.16237568576e+00
1.15847663858e+00
1.16473177711e+00
1.16883515099e+00
1.16724767043e+00
1.16618636346e+00
1.16628194672e+00
1.16720392807e+00
1.16523499395e+00
1.17013848032e+00
1.16723222932e+00
1.16802721514e+00
1.16793609526e+00
1.16346962216e+00
1.16124265236e+00
1.15768465809e+00
1.16424361938e+00
1.16703225729e+00
1.16812927781e+00
1.16772424130e+00
1.16427618085e+00
1.16858066874e+00
1.16313212037e+00
1.16566760480e+00
1.16128593311e+00
1.15944010324e+00
1.16122658531e+00
1.16743760665e+00
1.16646643326e+00
1.16134062311e+00
1.16691594791e+00
1.16988268111e+00
1.16070927271e+00
1.15962698997e+00
1.16116313678e+00
1.16857202613e+00
1.15710017619e+00
1.16540626694e+00
1.17006613882e+00
1.16172187684e+00
1.16245579135e+00
1.15935822470e+00
1.16432747115e+00
1.16636541301e+00
1.16409129314e+00
1.16314652568e+00
1.16750277713e+00
1.16317822137e+00
1.16889700885e+00
1.16600887917e+00
1.16589094390e+00
1.16975126888e+00
1.16694408523e+00
1.16069376212e+00
1.16890562912e+00
1.16329791925e+00
1.16440970958e+00
1.16607071868e+00
1.16459107719e+00
1.16622960394e+00
1.16510379909e+00
1.16034522818e+00
1.16281764991e+00
1.16204280137e+00
1.16395813105e+00
1.16503465589e+00
1.16183027746e+00
1.16506632230e+00
1.16318093894e+00
1.15979011383e+00
1.16311505513e+00
1.15890334494e+00
1.16638983037e+00
1.16869802812e+00
1.16311356913e+00
1.16379913575e+00
1.16630834455e+00
1.15849151039e+00
1.17341548543e+00
1.16656851796e+00
1.17251058282e+00
1.16893506345e+00
1.15851730121e+00
1.16629572878e+00
1.16926832006e+00
1.15877626860e+00
1.16553326719e+00
1.17577250784e+00
1.16212185499e+00
1.16034580920e+00
1.16141056090e+00
1.16599910162e+00
1.16625025654e+00
1.17688329764e+00
1.16566906064e+00
1.16914522355e+00
1.16190830147e+00
1.16701871250e+00
1.16507580418e+00
1.16758811452e+00
1.16444824425e+00
1.15911814314e+00
1.16298989675e+00
1.16352498574e+00
1.17093210526e+00
1.16475895579e+00
1.16459969050e+00
1.16213797792e+00
1.16179735773e+00
1.16865655246e+00
1.16355320311e+00
1.16025709600e+00
1.16689723692e+00
1.16296301110e+00
1.15832890370e+00
1.16488750734e+00
1.15887231986e+00
1.16151468592e+00
1.16249165612e+00
1.16587848248e+00
1.16432450731e+00
1.16304832914e+00
1.16585573539e+00
1.16307959073e+00
1.16070053853e+00
1.16353133936e+00
1.15957952453e+00
1.16120064640e+00
1.16352343490e+00
1.16218922388e+00
1.16428780536e+00
1.16785768198e+00
1.16299014135e+00
1.15646456981e+00
1.16851944408e+00
1.16953618326e+00
1.16555909481e+00
1.16774756938e+00
1.17508940100e+00
1.16375869100e+00
1.16287881215e+00
1.16842769878e+00
1.16764413718e+00
1.16396315087e+00
1.16653884626e+00
1.16359144911e+00
1.16598584498e+00
1.16188611014e+00
1.16807019093e+00
1.16111693064e+00
1.16183497016e+00
1.16751124180e+00
1.16358356292e+00
1.17025818747e+00
1.16725969207e+00
1.16016632593e+00
1.16568000272e+00
1.16221486587e+00
1.16177106096e+00
1.16712986142e+00
1.15543896331e+00
1.16613783269e+00
1.16511495585e+00
1.15592063777e+00
1.15956057436e+00
1.16383729150e+00
1.16649137753e+00
1.16286932228e+00
1.16428267262e+00
1.16816252731e+00
1.16020339705e+00
1.17434044663e+00
1.17197451778e+00
1.15704416129e+00
1.16496552463e+00
1.16812992451e+00
1.16514410889e+00
1.16104798986e+00
1.16589637944e+00
1.16814993586e+00
1.16636827112e+00
1.16170776811e+00
1.16170052294e+00
1.16688070885e+00
1.16024655379e+00
1.16830113248e+00
1.15836799275e+00
1.16619519224e+00
1.15781522761e+00
1.16721851286e+00
1.16491014513e+00
1.16785845906e+00
1.16538882059e+00
1.16374960973e+00
1.16662752857e+00
1.16235426250e+00
1.17150698171e+00
1.16547479596e+00
1.16652627453e+00
1.17133493016e+00
1.16311321266e+00
1.16604355966e+00
1.17090662730e+00
1.16000349913e+00
1.17143339613e+00
1.16291154686e+00
1.17138560476e+00
1.16550030465e+00
1.16588843364e+00
1.16717549771e+00
1.16066289676e+00
1.16720686901e+00
1.16914550130e+00
1.16023720731e+00
1.16743816517e+00
1.16609635766e+00
1.16179922529e+00
1.16624210197e+00
1.16960291383e+00
1.16676831790e+00
1.16461033589e+00
1.16837351238e+00
1.15778768343e+00
1.16564115454e+00
1.16639348267e+00
1.16103432791e+00
1.16429401205e+00
1.15751452772e+00
1.16643035371e+00
1.15952265047e+00
1.16360809738e+00
1.16408345052e+00
1.16941118543e+00
1.16222339337e+00
1.16665031500e+00
1.16513896221e+00
1.17301858741e+00
1.16471690608e+00
1.16673154851e+00
1.16473429963e+00
1.15853225602e+00
1.16080760941e+00
1.16185899445e+00
1.16648405382e+00
1.16034074566e+00
1.15787375385e+00
1.16520229755e+00