-6.53540190758e+00
-6.53407298784e+00
-6.53190698612e+00
-6.53661539044e+00
-6.53342118021e+00
-6.53610614516e+00
-6.53070414302e+00
-6.53215100617e+00
-6.53448248977e+00
-6.53643643488e+00
-6.53537197324e+00
-6.53403351327e+00
-6.53568774321e+00
-6.53453498201e+00
-6.53292861528e+00
-6.53289864275e+00
-6.53408841215e+00
-6.53564766701e+00
-6.53457989945e+00
-6.53219998147e+00
-6.53746136110e+00
-6.53322992981e+00
-6.53337696106e+00
-6.53227848237e+00
-6.53617810695e+00
-6.53328454985e+00
-6.53359806349e+00
-6.53554009217e+00
-6.53244373579e+00
-6.53431713590e+00
-6.53386677023e+00
-6.53490660139e+00
-6.53376216458e+00
-6.53274064312e+00
-6.53602678337e+00
-6.53346947139e+00
-6.53451677677e+00
-6.53409036550e+00
-6.53124394573e+00
-6.53249118865e+00
-6.53354442242e+00
-6.53247494676e+00
-6.53459345563e+00
-6.53247712184e+00
-6.53305853640e+00
-6.53454190869e+00
-6.53353686145e+00
-6.53571177882e+00
-6.53274896938e+00
-6.53492773720e+00
-6.53484014658e+00
-6.53524678810e+00
-6.53403494488e+00
-6.53277617008e+00
-6.53504801777e+00
-6.53347960128e+00
-6.53315452667e+00
-6.53220068398e+00
-6.53522914171e+00
-6.53635694909e+00
-6.53344006779e+00
-6.53409187054e+00
-6.53230274696e+00
-6.53423586539e+00
-6.53359169540e+00
-6.53230464252e+00
-6.53338503211e+00
-6.53440947103e+00
-6.53456647059e+00
-6.53372288676e+00
-6.53536696458e+00
-6.53367002280e+00
-6.53505604155e+00
-6.53531891033e+00
-6.53554764609e+00
-6.53388928520e+00
-6.53388046080e+00
-6.53092358937e+00
-6.53504192418e+00
-6.53190610499e+00
-6.53423205740e+00
-6.53458134522e+00
-6.53159249139e+00
-6.53393682796e+00
-6.53375821319e+00
-6.53359261255e+00
-6.53397633531e+00
-6.53259906760e+00
-6.53628560177e+00
-6.53500587260e+00
-6.53400052110e+00
-6.53144232007e+00
-6.53320588166e+00
-6.53445399713e+00
-6.53336052033e+00
-6.53258915100e+00
-6.53244124881e+00
-6.53290280995e+00
-6.53371312072e+00
-6.53278644383e+00
-6.53194276050e+00
-6.53542320208e+00
-6.53306432931e+00
-6.53308894147e+00
-6.52890658761e+00
-6.53304255018e+00
-6.53416491038e+00
-6.53422583320e+00
-6.53220567990e+00
-6.53402940956e+00
-6.53427094051e+00
-6.53493629359e+00
-6.53475014146e+00
-6.53249077018e+00
-6.53151895394e+00
-6.53465396146e+00
-6.53563433598e+00
-6.53548144074e+00
-6.53389848517e+00
-6.53426446754e+00
-6.53419196976e+00
-6.53263774488e+00
-6.53456387292e+00
-6.53546190153e+00
-6.53424125971e+00
-6.53346803679e+00
-6.53396881170e+00
-6.53215353130e+00
-6.53392555259e+00
-6.53318356109e+00
-6.53375465971e+00
-6.53482719352e+00
-6.53358875511e+00
-6.53378711992e+00
-6.53378820357e+00
-6.53293786783e+00
-6.53559693642e+00
-6.53269885625e+00
-6.53304293959e+00
-6.53274087693e+00
-6.53346013207e+00
-6.53355995496e+00
-6.53346633567e+00
-6.53388111826e+00
-6.53199718310e+00
-6.53594465498e+00
-6.53258366807e+00
-6.53596159363e+00
-6.53443948370e+00
-6.53293108855e+00
-6.53489182453e+00
-6.53353138627e+00
-6.53459251272e+00
-6.53282680861e+00
-6.53362910150e+00
-6.53282837599e+00
-6.53379043373e+00
-6.53437750897e+00
-6.53270887083e+00
-6.53425818716e+00
-6.53376914021e+00
-6.53336735283e+00
-6.53357512308e+00
-6.53457033329e+00
-6.53469279047e+00
-6.53431061426e+00
-6.53458586859e+00
-6.53429330922e+00
-6.53093455190e+00
-6.53501741184e+00
-6.53330322628e+00
-6.53224566555e+00
-6.53492352135e+00
-6.53293387538e+00
-6.53399244458e+00
-6.53326104756e+00
-6.53421606123e+00
-6.53452858041e+00
-6.53476551655e+00
-6.53404131140e+00
-6.53501934905e+00
-6.53467339677e+00
-6.53413396978e+00
-6.53332214660e+00
-6.53537543704e+00
-6.53321816040e+00
-6.53236296156e+00
-6.53414952172e+00
-6.53208729719e+00
-6.53383641404e+00
-6.53250461624e+00
-6.53157861952e+00
-6.53261220256e+00
-6.53206197947e+00
-6.53310733070e+00
-6.53190066832e+00
-6.53420571824e+00
-6.53608406346e+00
-6.53575763779e+00
-6.53528221861e+00
-6.53456309316e+00
-6.53101682994e+00
-6.53436402343e+00
-6.53542627125e+00
-6.53616711514e+00
-6.53250007158e+00
-6.53287344584e+00
-6.53325476453e+00
-6.53431079699e+00
-6.53268089021e+00
-6.53596262086e+00
-6.53413273517e+00
-6.53322700833e+00
-6.53460117718e+00
-6.53388876859e+00
-6.53408485537e+00
-6.53342562959e+00
-6.53475811883e+00
-6.53496640498e+00
-6.53389126897e+00
-6.53233800226e+00
-6.53269812421e+00
-6.53433545916e+00
-6.53411172890e+00
-6.53384732105e+00
-6.53437214548e+00
-6.53339773098e+00
-6.53356790850e+00
-6.53490727113e+00
-6.53427394148e+00
-6.53313885753e+00
-6.53473888574e+00
-6.53309608269e+00
-6.53699311643e+00
-6.53406384961e+00
-6.53402502728e+00
-6.53514230898e+00
-6.53601021379e+00
-6.53541753566e+00
-6.53496691034e+00
-6.53464053015e+00
-6.53423161896e+00
-6.53406464767e+00
-6.53438674807e+00
-6.53307938582e+00
-6.53488717648e+00
-6.53189989772e+00
-6.53213910926e+00
-6.53379386965e+00
-6.53571369723e+00
-6.53348906348e+00
-6.53446951766e+00
-6.53517818599e+00
-6.53540011399e+00
-6.53316930510e+00
-6.53437553968e+00
-6.53549094202e+00
-6.53471237133e+00
-6.53369950444e+00
-6.53579216411e+00
-6.53520347847e+00
-6.53216540752e+00
-6.53604486392e+00
-6.53561838520e+00
-6.53209681622e+00
-6.53319960491e+00
-6.53215503430e+00
-6.53331028735e+00
-6.53333655485e+00
-6.53580473973e+00
-6.53177045650e+00
-6.53336146081e+00
-6.53431079051e+00
-6.53286960896e+00
-6.53243246769e+00
-6.53196445354e+00
-6.53425992087e+00
-6.53385569283e+00
-6.53519912100e+00
-6.53572045476e+00
-6.53376250919e+00
-6.53415574550e+00
-6.53484049744e+00
-6.53420527242e+00
-6.53367605206e+00
-6.53446791621e+00
-6.53462291194e+00
-6.53294355884e+00
-6.53536461123e+00
-6.53290474310e+00
-6.53300644981e+00
-6.53447630534e+00
-6.53404025370e+00
-6.53199587795e+00
-6.53407432626e+00
-6.53184062043e+00
-6.53257353453e+00
-6.53279784097e+00
-6.53236701029e+00
-6.53430252275e+00
-6.53441713305e+00
-6.53267522672e+00
-6.53223137438e+00
-6.53344710711e+00
-6.53091674087e+00
-6.53379609022e+00
-6.53498682014e+00
-6.53468827808e+00
-6.53315402506e+00
-6.53343767329e+00
-6.53288887060e+00
-6.53562046521e+00
-6.53274024508e+00
-6.53337475933e+00
-6.53326766920e+00
-6.53484937436e+00
-6.53452924450e+00
-6.53461826152e+00
-6.53388494362e+00
-6.53311373818e+00
-6.53466501941e+00
-6.53249776811e+00
-6.53279841251e+00
-6.53348855142e+00
-6.53669356522e+00
-6.53365231848e+00
-6.53240405197e+00
-6.53468847933e+00
-6.53413864298e+00
-6.53333256743e+00
-6.53421958281e+00
-6.53566148197e+00
-6.53253438209e+00
-6.53306426052e+00
-6.53278882613e+00
-6.53176021710e+00
-6.53387871290e+00
-6.53275132919e+00
-6.53244285317e+00
-6.53398342681e+00
-6.53415995252e+00
-6.53230658972e+00
-6.53402550932e+00
-6.53285372471e+00
-6.53612018592e+00
-6.53319824566e+00
-6.53751619900e+00
-6.53359509367e+00
-6.53236567525e+00
-6.53319940605e+00
-6.53655361254e+00
-6.53405785012e+00
-6.53182640748e+00
-6.53600304288e+00
-6.53247448168e+00
-6.53234157186e+00
-6.53428760828e+00
-6.53405138301e+00
-6.53634995005e+00
-6.53362621057e+00
-6.53196966089e+00
-6.53616700725e+00
-6.53537542799e+00
-6.53347344812e+00
-6.53439433405e+00
-6.53128857995e+00
-6.53095401302e+00
-6.53426010502e+00
-6.53207957964e+00
-6.53366831163e+00
-6.53359548621e+00
-6.53616987011e+00
-6.53290999687e+00
-6.53421942714e+00
-6.53538091985e+00
-6.53344573536e+00
-6.53445268127e+00
-6.53392154324e+00
-6.53286533781e+00
-6.53291913786e+00
-6.53454717541e+00
-6.53190712705e+00
-6.53360255994e+00
-6.53513346881e+00
-6.53394650238e+00
-6.53366725552e+00
-6.53335548471e+00
-6.53223420402e+00
-6.53644126719e+00
-6.53707001673e+00
-6.53196307774e+00
-6.53435369586e+00
-6.53441196436e+00
-6.53569183273e+00
-6.53584904467e+00
-6.53340901626e+00
-6.53392777184e+00
-6.53075197692e+00
-6.53257389200e+00
-6.53344127646e+00
-6.53513678172e+00
-6.53353549183e+00
-6.53326901240e+00
-6.53247543067e+00
-6.53335743983e+00
-6.53425932430e+00
-6.53551464724e+00
-6.53307556647e+00
-6.53502462954e+00
-6.53360744945e+00
-6.53319312891e+00
-6.53310296284e+00
-6.53414949088e+00
-6.53095968253e+00
-6.53249866218e+00
-6.53473450186e+00
-6.53302796622e+00
-6.53301409313e+00
-6.53555913546e+00
-6.53536748083e+00
-6.53325908367e+00
-6.53236749834e+00
-6.53326913424e+00
-6.53326421383e+00
-6.53263662506e+00
-6.53406334083e+00
-6.53344942991e+00
-6.53427776510e+00
-6.53418892604e+00
-6.53436854129e+00
-6.53360723467e+00
-6.53377377683e+00
-6.53410760156e+00
-6.53303985350e+00
-6.53352904861e+00
-6.53495975813e+00
-6.53420126785e+00
-6.53469955742e+00
-6.53470646528e+00
-6.53408329077e+00
-6.53475123947e+00
-6.53528181386e+00
-6.53435874808e+00
-6.53247251310e+00
-6.53363018280e+00
-6.53482559294e+00
-6.53516265929e+00
-6.53489206001e+00
-6.53441755746e+00
-6.53288221284e+00
-6.53310364244e+00
-6.53499551676e+00
-6.53430818890e+00
-6.53214397763e+00
-6.53153580761e+00
-6.53383889925e+00
-6.53515167328e+00
-6.53343809946e+00
-6.53475509278e+00
-6.53091140135e+00
-6.53479465632e+00
-6.53530547761e+00
-6.53366709578e+00
-6.53284411042e+00
-6.53323742073e+00
-6.53369692335e+00
-6.53653256790e+00
-6.53391849334e+00
-6.53411196268e+00
-6.53224272656e+00
-6.53430396467e+00
-6.53385375755e+00
-6.53249008796e+00
-6.53650321957e+00
-6.53422934584e+00
-6.53449442524e+00
-6.53174291373e+00
-6.53353014749e+00
-6.53373857266e+00
-6.53533975672e+00
-6.53617422240e+00
-6.53457299492e+00
-6.53448409316e+00
-6.53351554709e+00
-6.53286984496e+00
-6.53241639871e+00
-6.53539597238e+00
-6.53404641116e+00
-6.53460794107e+00
-6.53394932201e+00
-6.53495473870e+00
-6.53193162349e+00
-6.53479737142e+00
-6.53588661882e+00
-6.53766056521e+00
-6.53256282307e+00
-6.53325570251e+00
-6.53487767334e+00
-6.53212077041e+00
-6.53403682103e+00
-6.53377791048e+00