-8.47917329553e+00
-8.08836729694e+00
-8.35931703056e+00
-7.68270159140e+00
-7.91551376549e+00
-8.07553897419e+00
-8.16571529820e+00
-8.03771052204e+00
-8.37901207934e+00
-7.76454477624e+00
-7.87783445456e+00
-7.76045456917e+00
-7.41904328146e+00
-8.35507817559e+00
-8.50451725538e+00
-7.82965898794e+00
-8.13199222015e+00
-7.99444272954e+00
-8.25295417518e+00
-8.36496414977e+00
-7.98925969796e+00
-8.02121115592e+00
-8.75967198047e+00
-7.65312754527e+00
-7.64175601515e+00
-7.65396059774e+00
-8.03638018789e+00
-8.31237849715e+00
-8.23710587292e+00
-7.90770565814e+00
-7.96045263975e+00
-7.66399269973e+00
-7.45861504852e+00
-7.85980281515e+00
-7.70725916999e+00
-8.38673104232e+00
-8.19801905197e+00
-7.48169212412e+00
-7.71540650470e+00
-7.72887462253e+00
-7.59863037781e+00
-7.59706427886e+00
-8.02727337325e+00
-7.95682662879e+00
-7.78491405466e+00
-7.87732061471e+00
-7.80838075301e+00
-7.90648030916e+00
-8.31703215037e+00
-7.91132937307e+00
-7.58107373002e+00
-8.11171754173e+00
-8.00435470305e+00
-7.84137379913e+00
-7.71338952360e+00
-7.34043721912e+00
-7.55930674698e+00
-8.18300598277e+00
-7.89194144921e+00
-8.08038007395e+00
-8.20004471040e+00
-7.68391983667e+00
-8.01773149995e+00
-7.58012823983e+00
-8.04312872409e+00
-8.16726730111e+00
-8.13271982002e+00
-7.28037665397e+00
-8.16642874945e+00
-7.98541574722e+00
-8.08044447557e+00
-7.61003607841e+00
-7.77775269227e+00
-7.98100987643e+00
-7.96419165484e+00
-8.09370662102e+00
-8.36123825091e+00
-8.30483035411e+00
-7.95439618475e+00
-7.66766614423e+00
-8.09147985595e+00
-8.45416011778e+00
-8.13948746463e+00
-8.03636071687e+00
-7.58228780102e+00
-8.02660637244e+00
-8.20150940625e+00
-7.80793757337e+00
-7.62257101122e+00
-8.03256437815e+00
-8.41302252033e+00
-7.81188538237e+00
-7.89598147550e+00
-7.65993388715e+00
-8.34251842147e+00
-7.72999285058e+00
-8.03629346820e+00
-8.12978237097e+00
-7.68231860802e+00
-7.70496206123e+00
-8.01254064403e+00
-7.71469556972e+00
-8.13103674135e+00
-8.10539365926e+00
-8.14798273268e+00
-7.87699274293e+00
-7.57409813839e+00
-8.02337663759e+00
-8.09434394586e+00
-7.65137080488e+00
-8.21905397273e+00
-7.86678064136e+00
-8.00004852855e+00
-7.57606766796e+00
-8.50088590613e+00
-7.99018424436e+00
-8.20697457215e+00
-7.82295492328e+00
-7.84695875704e+00
-7.70141162456e+00
-7.70056750839e+00
-7.82659626542e+00
-7.78600478815e+00
-8.00691478011e+00
-7.81128344829e+00
-7.86331244741e+00
-8.46402655094e+00
-7.55517012043e+00
-7.79595097876e+00
-7.65891147452e+00
-7.71958167362e+00
-8.42776134480e+00
-8.18096648439e+00
-7.20167288577e+00
-8.25966431055e+00
-8.50877787725e+00
-8.31354868994e+00
-8.37427537056e+00
-7.66571423888e+00
-7.86148674457e+00
-7.88982288409e+00
-7.83998047063e+00
-7.96523251247e+00
-8.39064464133e+00
-8.00785767448e+00
-7.90788843249e+00
-8.00097403279e+00
-8.20583796606e+00
-7.50327592028e+00
-7.75807125119e+00
-8.18106187143e+00
-8.37989583117e+00
-7.72023739868e+00
-8.36002899409e+00
-7.84148656652e+00
-7.67204427739e+00
-8.21702506327e+00
-7.80095376672e+00
-8.27441579771e+00
-7.80344762843e+00
-8.09543655740e+00
-7.83439752737e+00
-7.78711226143e+00
-7.79040846487e+00
-7.80495013334e+00
-7.86164929204e+00
-7.98464622003e+00
-7.80815415705e+00
-7.58669266713e+00
-7.57283258430e+00
-7.58240432517e+00
-7.67416757923e+00
-7.73669191087e+00
-7.85356750507e+00
-7.38271584363e+00
-7.76158537198e+00
-8.09456335920e+00
-7.58086399664e+00
-7.74141991281e+00
-7.60035135730e+00
-8.40642763182e+00
-8.00847902513e+00
-8.44776078766e+00
-7.87623765332e+00
-7.77564318887e+00
-8.08603741042e+00
-8.05286209094e+00
-8.40260924280e+00
-7.80929717874e+00
-7.32404967374e+00
-7.74939224781e+00
-8.60815165277e+00
-7.86395404145e+00
-7.65127490277e+00
-8.10165532246e+00
-7.85783483175e+00
-7.88369621243e+00
-8.30133393609e+00
-8.24532805390e+00
-7.50407135277e+00
-7.74137960784e+00
-8.03709690827e+00
-7.91973524033e+00
-7.41919927315e+00
-7.80531991623e+00
-7.67138454273e+00
-8.03963977218e+00
-8.17210893842e+00
-7.82089008691e+00
-8.05285411746e+00
-7.55359505403e+00
-7.60386711959e+00
-8.29486847256e+00
-8.03931906140e+00
-8.01638307516e+00
-8.25976077936e+00
-8.15871565205e+00
-8.07143338410e+00
-8.36411772324e+00
-8.34757121420e+00
-7.61660351575e+00
-7.75223319187e+00
-7.81582646847e+00
-8.47707332093e+00
-7.61782335910e+00
-7.69593674393e+00
-7.71444739291e+00
-7.91472374687e+00
-8.27839442736e+00
-8.40041061021e+00
-7.36479311250e+00
-7.63725437172e+00
-7.31517505204e+00
-7.97026533188e+00
-8.34665173089e+00
-8.41592949254e+00
-8.19387791844e+00
-8.33365836365e+00
-7.27443316447e+00
-8.59917852295e+00
-8.00780465394e+00
-7.78643489099e+00
-8.13350425448e+00
-8.02973043111e+00
-8.39461506042e+00
-7.99519890618e+00
-7.59258419979e+00
-8.31098348856e+00
-8.16399471784e+00
-7.87624404802e+00
-7.49605419141e+00
-8.07367676329e+00
-7.95570479099e+00
-7.52026949662e+00
-8.28096022584e+00
-7.73613685307e+00
-8.17462255526e+00
-8.23478042610e+00
-7.54864262163e+00
-7.29303973530e+00
-7.35704373543e+00
-8.30335846295e+00
-7.44432385801e+00
-7.81124854166e+00
-7.52556088326e+00
-7.76071514765e+00
-8.21068814603e+00
-7.82991221238e+00
-7.61410930527e+00
-7.59322738652e+00
-7.97619043227e+00
-7.51501832172e+00
-7.89864274445e+00
-8.40608832491e+00
-7.73984721904e+00
-8.13042299571e+00
-8.39262651562e+00
-8.06326974775e+00
-7.66877271206e+00
-7.56673163619e+00
-8.30867542493e+00
-7.59267919773e+00
-8.23962556114e+00
-8.02556839589e+00
-7.69259705976e+00
-7.87430425313e+00
-8.47942720904e+00
-8.50328568638e+00
-7.84439167031e+00
-8.29078335225e+00
-8.15796627443e+00
-7.94134599885e+00
-7.85402727960e+00
-7.89944684369e+00
-7.76259935106e+00
-8.24768559962e+00
-8.23768891798e+00
-8.03317839600e+00
-7.39965943039e+00
-7.40548637129e+00
-8.20740552719e+00
-8.07832254806e+00
-8.09032072769e+00
-8.03993886504e+00
-8.32311218937e+00
-7.79244602387e+00
-8.22352165669e+00
-8.24648377453e+00
-7.82584265116e+00
-7.72628147131e+00
-7.75755788369e+00
-8.03891754951e+00
-7.61569934940e+00
-8.28849660874e+00
-8.38805470999e+00
-7.88888721871e+00
-7.91267157061e+00
-8.29641644226e+00
-8.17592836510e+00
-7.95926853418e+00
-7.64982924335e+00
-7.28822979542e+00
-8.31727748158e+00
-6.89753738948e+00
-8.05720385644e+00
-7.82451701617e+00
-7.62961309304e+00
-7.55955224634e+00
-7.76993313358e+00
-7.73886223467e+00
-8.10643240502e+00
-8.03194238226e+00
-7.50764760731e+00
-8.02042643780e+00
-7.72108518854e+00
-7.91274150826e+00
-7.90729245095e+00
-8.21742240276e+00
-8.09324573480e+00
-7.07050899334e+00
-7.80645568847e+00
-7.75106629784e+00
-8.23167552875e+00
-8.09235812939e+00
-7.91711879946e+00
-7.78960602811e+00
-7.71436941491e+00
-7.93398694645e+00
-7.59565952361e+00
-7.86570284570e+00
-7.79745178189e+00
-7.98912566416e+00
-7.87112840317e+00
-7.79230154872e+00
-8.78923298951e+00
-8.16948698238e+00
-7.94165707323e+00
-7.90616067184e+00
-8.09943480279e+00
-8.28373273844e+00
-8.22242226327e+00
-8.04030284521e+00
-8.04322727178e+00
-7.75532538600e+00
-8.26730632800e+00
-8.23566603075e+00
-8.10005582696e+00
-8.14745706760e+00
-7.98976019053e+00
-7.85897314620e+00
-7.98674091009e+00
-8.03859270198e+00
-7.84002912709e+00
-7.95213988734e+00
-7.85442961411e+00
-8.56412215799e+00
-7.43852579743e+00
-7.81414644921e+00
-8.22010792809e+00
-8.47449960884e+00
-7.77902861215e+00
-8.07965738071e+00
-8.02792530051e+00
-7.95103807901e+00
-7.21018384771e+00
-7.80656004577e+00
-8.00426172382e+00
-8.16401593418e+00
-7.64466210419e+00
-7.70677412271e+00
-8.46278795474e+00
-8.20097494129e+00
-8.12464452679e+00
-7.78503223670e+00
-8.18836865329e+00
-8.25803067704e+00
-7.80103565552e+00
-8.13558656776e+00
-8.20959532958e+00
-7.97155760689e+00
-7.85062753273e+00
-7.87771643214e+00
-8.08650612354e+00
-7.83411602722e+00
-8.05331145558e+00
-8.35965747925e+00
-7.78446754619e+00
-7.85157332563e+00
-7.92896134656e+00
-8.18080835326e+00
-7.82480186724e+00
-7.99816682591e+00
-7.92657016184e+00
-8.44599781206e+00
-7.37319694260e+00
-7.83473815502e+00
-7.84700361469e+00
-8.00897626602e+00
-8.18588112681e+00
-7.91868847638e+00
-8.06706011436e+00
-7.68269242352e+00
-8.02539648271e+00
-8.10748739752e+00
-8.08336269562e+00
-8.10018729777e+00
-7.75436982808e+00
-7.29589915670e+00
-7.83941048039e+00
-7.97291953592e+00
-7.72677628207e+00
-7.72786012329e+00
-7.53800455300e+00
-7.92464716908e+00
-7.29047984192e+00
-7.43210117035e+00
-8.22481253155e+00
-7.90116393453e+00
-7.84946333962e+00
-8.42547340653e+00
-7.90435266381e+00
-8.00209503943e+00
-8.19158928358e+00
-8.08504645198e+00
-8.42237039588e+00
-8.06280083504e+00
-8.31285668432e+00
-7.84912793088e+00
-7.65916692939e+00
-7.84889123780e+00
-7.43286341886e+00
-7.91530991675e+00
-7.64927070747e+00
-7.67072989940e+00
-7.59556776984e+00
-7.79850330875e+00
-7.31754865810e+00
-8.03265510246e+00
-7.65578721254e+00
-8.51195764041e+00
-8.05864846940e+00
-8.10650243408e+00
-8.13845635802e+00
-7.79782715730e+00
-7.97034132348e+00
-8.33644691812e+00
-7.68719480252e+00
-8.15419235492e+00
-8.00852590819e+00
-7.99803810095e+00
-7.35016409544e+00
-8.09194843519e+00
-7.93891356691e+00
-7.78940483173e+00
-7.79620739337e+00
-8.12037933302e+00
-7.55994822024e+00
-8.01832655938e+00
-7.72723124523e+00
-7.88069129324e+00
-7.61585204305e+00
-8.06766778704e+00
-8.00247029532e+00
-7.64359925086e+00
-8.58104997610e+00
-8.66337205590e+00
-7.86829828514e+00
-8.24629850857e+00
-8.17895973079e+00
-8.25020282130e+00
-7.89331584444e+00
-7.89397068616e+00
-8.31792635068e+00
-8.21750526851e+00
-7.22334350359e+00
-8.27066911746e+00
-7.78830530111e+00
-8.10709203598e+00
-7.71718795471e+00
-7.55397740126e+00
-7.94460160728e+00