2.24678475051e+00
2.00022651458e+00
1.94602916501e+00
2.25842187998e+00
2.37427194122e+00
2.01298645135e+00
2.12443775297e+00
2.09710927801e+00
2.38240690807e+00
2.29197939200e+00
2.05936929424e+00
2.06351791728e+00
2.00853832785e+00
1.92785926981e+00
2.03883799236e+00
2.14136744899e+00
2.09211736452e+00
2.15378521745e+00
2.00361799211e+00
1.88459882838e+00
2.33755283489e+00
2.04103272434e+00
2.21014918085e+00
2.35919598428e+00
1.90606858035e+00
2.29218209755e+00
2.36066558790e+00
2.15192905362e+00
2.28708579221e+00
2.07571989384e+00
2.01946494950e+00
2.01679650500e+00
2.00901500319e+00
2.28143270003e+00
2.21100186941e+00
2.33818314463e+00
2.13667695244e+00
2.27637293722e+00
2.13120091806e+00
1.97464776435e+00
2.27459292749e+00
2.07875563465e+00
2.21209667110e+00
2.33967750778e+00
2.28757310241e+00
2.12971517195e+00
2.18032083000e+00
2.23853664328e+00
1.94844264945e+00
1.96868950387e+00
1.89929612205e+00
2.20868521256e+00
1.86628619296e+00
2.11323605933e+00
2.22615362433e+00
2.24088009797e+00
2.07724160481e+00
2.05949596487e+00
2.01128999263e+00
2.08537575557e+00
2.24687443295e+00
2.04378900579e+00
2.21806982216e+00
1.91535149709e+00
2.07350043536e+00
2.12074960282e+00
2.03283012971e+00
2.05970069950e+00
2.26288306994e+00
2.22017378331e+00
2.20377640415e+00
2.05305389450e+00
2.50440304642e+00
2.03689023507e+00
2.05730797496e+00
2.11792074843e+00
2.02085998697e+00
2.22650353719e+00
1.93247566581e+00
2.05962534503e+00
2.21472821117e+00
2.05790053278e+00
2.19381213362e+00
2.42973369400e+00
2.03176827237e+00
2.15041199993e+00
2.10738407689e+00
2.01567604943e+00
2.16075337167e+00
2.14293677619e+00
2.19468261639e+00
1.98887343459e+00
2.03322258903e+00
1.99658691292e+00
2.07159013840e+00
2.15047377150e+00
2.11715454533e+00
2.22621374043e+00
1.88952283257e+00
2.09880439985e+00
2.24614853682e+00
2.16301251601e+00
2.30173104457e+00
2.11960343630e+00
2.05804624413e+00
2.06515780171e+00
1.99421954881e+00
2.32322962144e+00
2.43696092124e+00
1.91734134043e+00
2.24902163215e+00
2.04925554182e+00
2.11600729981e+00
2.06499150856e+00
2.21302375198e+00
2.16402277429e+00
2.24748339474e+00
2.03765015980e+00
2.01291346008e+00
2.12611122635e+00
2.38119537875e+00
2.00632767985e+00
2.07287048202e+00
2.24240520012e+00
2.15557000770e+00
2.11990281227e+00
1.96378703801e+00
2.18793681914e+00
2.28773873578e+00
2.06482040787e+00
2.16577358686e+00
2.24766704091e+00
2.20582443811e+00
2.39596019883e+00
2.17025263016e+00
2.18781108872e+00
2.13127065327e+00
2.01056003089e+00
2.18422910560e+00
2.13578821751e+00
2.21877377258e+00
2.03144549145e+00
2.09382161990e+00
2.19830537943e+00
1.97875091258e+00
2.08117254125e+00
2.30750250451e+00
1.94972510928e+00
2.13352721994e+00
1.97924958653e+00
2.19267266209e+00
2.12944139461e+00
2.14673632506e+00
1.93440883186e+00
2.10575494659e+00
2.06311683211e+00
2.28597622478e+00
1.85445259914e+00
2.22947039925e+00
2.11520008860e+00
2.14118491104e+00
2.21320531628e+00
2.19940192573e+00
2.17365805436e+00
2.17918055471e+00
2.28186252694e+00
2.24567549642e+00
2.01278602251e+00
1.98524321608e+00
2.06883307154e+00
2.17993477154e+00
1.75574892356e+00
2.10237843561e+00
2.18583049934e+00
2.25294009668e+00
2.18685848026e+00
2.11615714230e+00
2.45253419637e+00
2.27943048718e+00
1.97785621154e+00
2.09059164728e+00
2.14222996931e+00
2.14442621381e+00
2.32349971002e+00
2.16166678696e+00
2.24276751496e+00
1.89481942001e+00
2.07119679106e+00
1.98715206335e+00
2.12469983826e+00
2.04295481062e+00
2.24773539618e+00
2.20474192701e+00
2.11579260370e+00
2.11850070673e+00
2.03486020636e+00
2.18898349923e+00
2.06835014758e+00
2.31222954780e+00
2.24039634937e+00
2.13241874845e+00
1.96967872520e+00
1.84016342316e+00
2.06617249356e+00
2.11653335496e+00
1.96733973936e+00
2.10354803390e+00
2.28083218309e+00
2.24232383361e+00
2.05047295077e+00
2.21221305255e+00
1.81767082985e+00
2.02290779718e+00
2.00520955617e+00
2.08830140033e+00
2.14064726711e+00
1.88256823561e+00
2.13522071446e+00
1.99324413904e+00
2.08242929469e+00
1.99605498486e+00
2.06250223892e+00
1.88042971867e+00
2.09571915321e+00
2.16330248300e+00
1.91499680216e+00
2.13756953415e+00
2.11855962536e+00
2.12710259616e+00
2.04988252878e+00
1.92527833868e+00
1.99436995348e+00
2.07551147072e+00
2.08970375219e+00
2.06430996711e+00
2.15461212626e+00
2.09140414273e+00
2.10375061016e+00
2.09051727573e+00
2.09571704637e+00
2.06343733319e+00
2.07823246704e+00
2.09784571801e+00
2.00002558009e+00
2.20667862408e+00
2.15230871601e+00
2.05327300681e+00
2.14222191833e+00
2.28987624696e+00
1.99016703553e+00
2.25085065540e+00
1.92370286559e+00
2.03251894800e+00
2.03646272256e+00
2.09020204098e+00
2.13107987678e+00
2.26596175570e+00
2.04062810014e+00
2.16322746258e+00
2.07501746963e+00
2.21259250938e+00
2.28852072282e+00
2.01336930009e+00
2.11032099024e+00
2.07707671082e+00
2.11709053539e+00
2.09592864856e+00
2.30140069446e+00
2.08803952497e+00
2.29022988565e+00
2.10506356207e+00
1.83629712726e+00
2.07724613354e+00
2.44662512562e+00
2.20962905219e+00
1.80288108480e+00
2.12065694733e+00
2.23171900063e+00
2.09797677075e+00
2.06755496257e+00
2.10774524557e+00
2.19833224590e+00
1.93291066865e+00
2.22431499151e+00
2.19774652834e+00
2.10971824525e+00
2.09453203539e+00
2.11751986930e+00
2.00758505115e+00
2.00535515225e+00
2.14692060535e+00
2.32100555182e+00
1.85962555041e+00
2.21752117863e+00
2.04544251179e+00
2.14270043337e+00
2.06419629854e+00
2.12989547662e+00
2.14545407860e+00
2.33012557685e+00
1.98929146392e+00
2.29372508367e+00
2.11091957543e+00
2.43260505922e+00
2.17805296336e+00
2.07034465697e+00
2.07429775149e+00
2.12727178160e+00
1.94689332972e+00
2.01728612429e+00
2.07115907485e+00
2.35859455142e+00
1.83119377443e+00
2.13987473401e+00
1.95082073961e+00
2.19988772402e+00
2.02569670023e+00
2.18538268704e+00
1.94828644934e+00
1.94257191163e+00
2.08837518670e+00
1.87494653761e+00
2.28524029968e+00
2.34755856575e+00
2.23629835548e+00
1.94549975156e+00
2.18555582628e+00
1.82251807852e+00
2.07925414858e+00
2.21476958854e+00
2.30416923157e+00
2.01908883558e+00
2.29340574471e+00
2.01408795100e+00
2.24680528639e+00
1.79267097668e+00
2.09472384290e+00
2.12077654504e+00
2.08971859711e+00
2.23035604303e+00
2.01223856035e+00
2.19755374291e+00
2.07027863628e+00
2.17797723391e+00
2.06010101696e+00
2.18890049686e+00
2.23236767014e+00
2.18130910702e+00
1.97025114805e+00
2.15030720907e+00
1.95886281444e+00
1.76642738248e+00
2.22137419510e+00
2.25400202226e+00
2.25244046103e+00
2.07407621959e+00
2.25748589220e+00
2.21803006475e+00
1.97745404179e+00
2.05719249829e+00
2.13744630092e+00
2.22097857465e+00
2.23235066132e+00
1.93689815960e+00
2.18493585486e+00
2.09669304367e+00
2.26356908155e+00
2.47316025791e+00
2.01711882836e+00
2.03654892300e+00
2.24761290262e+00
2.18287947247e+00
2.20485610995e+00
1.90708089097e+00
2.32388452065e+00
2.01152103701e+00
2.08687233855e+00
2.17388167039e+00
2.29474021256e+00
1.94709400129e+00
2.02940538795e+00
1.98299959427e+00
1.98586782191e+00
1.93893694202e+00
2.00222728053e+00
2.21852305036e+00
2.12106320012e+00
2.18479828768e+00
2.08563316345e+00
2.13649604543e+00
2.25130761716e+00
2.08378350543e+00
2.07334970146e+00
2.07092230594e+00
2.00390346833e+00
2.38707865195e+00
2.09888471645e+00
2.25989571533e+00
2.33735199372e+00
2.35855187470e+00
1.97476624059e+00
2.01475364722e+00
2.13684721703e+00
2.02236304131e+00
2.10689054402e+00
2.24528571381e+00
2.37167305095e+00
1.86367419777e+00
2.18597321490e+00
2.02973683917e+00
2.20487011108e+00
1.89633527028e+00
1.94285016308e+00
2.34957327796e+00
1.81129269966e+00
2.18338796951e+00
2.27096742986e+00
1.95116454328e+00
1.91770740805e+00
2.33917166053e+00
2.04401176077e+00
1.99313925052e+00
2.22604472263e+00
2.15611170284e+00
2.22755333107e+00
2.35966551033e+00
2.10703021960e+00
2.06301815820e+00
2.11367725614e+00
2.08409178807e+00
2.14537578565e+00
2.53431838262e+00
2.29230571497e+00
2.20935905512e+00
2.16180725002e+00
2.05865494503e+00
2.29891266075e+00
2.00074747335e+00
2.16908302836e+00
2.22279203394e+00
2.08415485864e+00
2.12914690903e+00
2.10425993099e+00
2.12069366126e+00
2.28680637622e+00
2.06026366585e+00
2.13638116376e+00
2.10486385793e+00
2.03660229215e+00
1.98991643872e+00
2.12852630926e+00
1.93468049671e+00
1.96443077980e+00
2.13568004637e+00
2.28649089158e+00
2.13830412361e+00
2.07125849488e+00
2.14887995304e+00
2.16362656212e+00
2.24304659108e+00
2.23238947172e+00
2.22386760613e+00
2.25467749622e+00
2.24786161327e+00
2.17003934919e+00
2.22636927626e+00
2.03101206238e+00
2.24957497633e+00
2.21958297755e+00
2.33768861825e+00
2.00440310306e+00
2.03536966319e+00
1.89993016150e+00
2.15058923608e+00
2.02884868439e+00
1.97630344051e+00
2.41928098895e+00
2.12486972980e+00
2.21152210721e+00
1.86909112163e+00
1.96735836961e+00
1.93948952084e+00
2.20807650877e+00
2.17900998969e+00
1.99189159901e+00
2.15913898104e+00
1.98793439015e+00
2.21487641734e+00
2.10950627332e+00
2.00320244224e+00
2.19211235971e+00
2.05591343524e+00
2.20971363352e+00
2.20840317746e+00
2.07445480744e+00
2.06429650488e+00
1.95757857772e+00
2.19597403213e+00
2.16467764589e+00
2.15470370371e+00
2.11899941650e+00