1.03137618509e+01
1.02402115408e+01
1.04156830199e+01
1.03344367545e+01
1.02182149812e+01
1.04481476899e+01
1.03908854133e+01
1.01583848162e+01
1.04378254897e+01
1.04851343599e+01
1.03475842072e+01
1.03180570866e+01
1.03077050577e+01
1.03505793294e+01
1.04335406110e+01
1.03230199691e+01
1.03378001036e+01
1.02003294206e+01
1.03534759413e+01
1.03511591185e+01
1.03949698480e+01
1.04127230033e+01
1.03546642180e+01
1.04136971528e+01
1.05071561451e+01
1.03570108089e+01
1.03382532694e+01
1.04817260931e+01
1.01621226882e+01
1.03226741628e+01
1.03888988464e+01
1.03323719457e+01
1.03217968444e+01
1.04508062401e+01
1.04124863562e+01
1.05676316134e+01
1.03727800680e+01
1.03908812526e+01
1.03127306732e+01
1.03369387562e+01
1.03021574672e+01
1.04706372429e+01
1.03504354136e+01
1.04027071624e+01
1.03157012568e+01
1.04389391213e+01
1.02761782234e+01
1.03338300861e+01
1.04728441121e+01
1.02725906650e+01
1.03113766548e+01
1.03376547938e+01
1.04016331379e+01
1.02961144509e+01
1.01893682086e+01
1.03772578782e+01
1.01440978415e+01
1.02810912698e+01
1.02240824737e+01
1.03315559274e+01
1.04113792180e+01
1.02492839551e+01
1.03347686405e+01
1.02673071966e+01
1.04337259200e+01
1.04039777843e+01
1.02172281002e+01
1.02284043287e+01
1.04045341423e+01
1.01898974954e+01
1.03642960643e+01
1.03293719909e+01
1.03261792062e+01
1.03664057525e+01
1.03674948966e+01
1.02871499129e+01
1.02733253275e+01
1.01915008262e+01
1.03149311737e+01
1.02279281405e+01
1.05386420949e+01
1.02906921860e+01
1.03875898446e+01
1.04254088493e+01
1.03049852393e+01
1.03646660115e+01
1.03614410410e+01
1.01297981945e+01
1.02987191174e+01
1.03172605650e+01
1.02599946587e+01
1.03872625238e+01
1.05765413219e+01
1.02068895561e+01
1.05201716658e+01
1.03301130317e+01
1.02930323764e+01
1.02596925220e+01
1.05813640494e+01
1.02427215958e+01
1.04488527651e+01
1.03905248193e+01
1.03873385986e+01
1.04915451844e+01
1.03726913756e+01
1.03414562518e+01
1.04819604228e+01
1.03585085876e+01
1.02325106670e+01
1.02923249218e+01
1.04578102862e+01
1.03557126285e+01
1.04239184300e+01
1.04048318386e+01
1.06218912959e+01
1.03994653396e+01
1.03333034515e+01
1.03540283849e+01
1.02154094270e+01
1.03387562009e+01
1.03321173497e+01
1.02617564712e+01
1.03424002185e+01
1.05182990213e+01
1.02502258417e+01
1.04488343052e+01
1.03763077943e+01
1.03713858092e+01
1.04185713277e+01
1.03394378941e+01
1.02847098159e+01
1.05281046731e+01
1.02976666314e+01
1.04588645921e+01
1.04148061795e+01
1.02375460125e+01
1.03068396213e+01
1.03715406932e+01
1.03618969893e+01
1.02549873654e+01
1.01854938801e+01
1.03400160605e+01
1.03260455165e+01
1.04471300652e+01
1.02222318615e+01
1.02895987261e+01
1.03681132411e+01
1.04930076721e+01
1.03950716126e+01
1.04459749916e+01
1.02395758026e+01
1.04910919365e+01
1.04042305206e+01
1.03589494552e+01
1.03078604461e+01
1.02541476014e+01
1.03649883696e+01
1.03029840845e+01
1.03637205141e+01
1.02784169951e+01
1.03385664900e+01
1.03380772684e+01
1.03530629186e+01
1.05734946282e+01
1.03997933218e+01
1.03554523455e+01
1.04156003728e+01
1.03999206400e+01
1.02437206318e+01
1.04196161384e+01
1.03261523824e+01
1.04527091176e+01
1.03921264735e+01
1.04422922293e+01
1.04577283223e+01
1.02972402592e+01
1.03711469296e+01
1.01655733930e+01
1.03579240179e+01
1.02248982949e+01
1.05593635852e+01
1.03690607382e+01
1.04337730704e+01
1.02107615694e+01
1.03346763128e+01
1.04178270248e+01
1.03613802123e+01
1.03527202972e+01
1.03684578277e+01
1.03141121091e+01
1.02330366840e+01
1.04051456914e+01
1.03740258354e+01
1.05034342725e+01
1.05283476870e+01
1.03171822113e+01
1.03174080214e+01
1.04084745734e+01
1.04367920706e+01
1.02812368393e+01
1.03834805114e+01
1.03285784183e+01
1.02872175191e+01
1.03414174537e+01
1.03602579337e+01
1.05142612813e+01
1.04891338000e+01
1.02696739238e+01
1.03008394981e+01
1.05642067791e+01
1.03624313998e+01
1.02953245963e+01
1.01165399941e+01
1.03936871814e+01
1.02981976575e+01
1.03510564491e+01
1.05325258255e+01
1.03051503856e+01
1.04151355008e+01
1.02421787617e+01
1.03628177132e+01
1.04085996804e+01
1.03077363622e+01
1.02703211691e+01
1.04304822408e+01
1.04467660975e+01
1.03479704426e+01
1.04134336343e+01
1.04197816015e+01
1.03004614610e+01
1.01847513805e+01
1.03702318931e+01
1.03977504687e+01
1.04030078363e+01
1.04161339945e+01
1.05567344950e+01
1.02877674937e+01
1.03692386325e+01
1.02999740341e+01
1.03801094429e+01
1.04752207099e+01
1.04863260578e+01
1.03939040788e+01
1.03547676754e+01
1.04324030861e+01
1.04035808873e+01
1.02638389712e+01
1.05662985230e+01
1.03346730201e+01
1.04723421771e+01
1.03984280748e+01
1.03156969201e+01
1.02265362918e+01
1.04593264623e+01
1.04794743434e+01
1.03972088324e+01
1.04668290962e+01
1.02395031093e+01
1.04023280239e+01
1.03446635849e+01
1.03563050356e+01
1.03307931588e+01
1.03868461728e+01
1.05246218289e+01
1.02775572708e+01
1.02140041910e+01
1.03329152052e+01
1.03981562393e+01
1.02143344163e+01
1.02481450013e+01
1.05278785365e+01
1.06534694780e+01
1.03322180179e+01
1.04434594770e+01
1.03660339086e+01
1.04931509195e+01
1.04385895286e+01
1.03521395320e+01
1.03003137535e+01
1.02426254350e+01
1.04961890665e+01
1.04202540066e+01
1.04147920645e+01
1.02869828629e+01
1.02742532888e+01
1.03810098907e+01
1.03404032697e+01
1.04578637433e+01
1.05296475747e+01
1.04816406408e+01
1.02825770699e+01
1.02638817466e+01
1.03264211016e+01
1.02827350112e+01
1.02717722182e+01
1.04023292237e+01
1.02984888003e+01
1.04836695071e+01
1.03967839726e+01
1.04755567703e+01
1.04074265166e+01
1.03546817471e+01
1.03873090757e+01
1.03024489336e+01
1.03069959395e+01
1.04662607359e+01
1.04268875795e+01
1.03384552747e+01
1.03353617964e+01
1.03594779863e+01
1.04395005282e+01
1.02827199273e+01
1.03347043531e+01
1.04748190481e+01
1.04151834511e+01
1.04680089353e+01
1.02761636029e+01
1.04944163043e+01
1.02780990390e+01
1.03977909902e+01
1.04027229264e+01
1.02948676500e+01
1.03971765999e+01
1.03917858848e+01
1.04651944015e+01
1.04281591609e+01
1.02833880519e+01
1.04317765213e+01
1.03017854937e+01
1.04985364887e+01
1.04760001788e+01
1.03505847229e+01
1.03996690586e+01
1.03823488800e+01
1.03479361484e+01
1.02079604064e+01
1.02443125259e+01
1.03688405206e+01
1.03255624306e+01
1.02405005479e+01
1.03987847502e+01
1.04272262259e+01
1.03076757422e+01
1.02946941900e+01
1.04629552366e+01
1.02636008769e+01
1.03712398734e+01
1.04392052004e+01
1.04839350834e+01
1.05749610912e+01
1.03323828603e+01
1.06039853824e+01
1.01777355571e+01
1.02881987367e+01
1.04381109169e+01
1.02343216244e+01
1.05354357871e+01
1.04044715435e+01
1.04810441915e+01
1.05588707419e+01
1.03511416890e+01
1.02139256701e+01
1.03852518777e+01
1.03933656506e+01
1.04404988459e+01
1.02891778154e+01
1.04391975238e+01
1.03673505949e+01
1.02775252191e+01
1.03597715369e+01
1.03081349099e+01
1.05218425303e+01
1.03552178088e+01
1.03936612103e+01
1.04097075696e+01
1.02987567444e+01
1.04896838185e+01
1.00778296512e+01
1.02478962313e+01
1.05698014070e+01
1.03436637719e+01
1.04138882372e+01
1.01281799953e+01
1.03559622832e+01
1.03269332192e+01
1.04008016291e+01
1.02728524526e+01
1.04137428397e+01
1.03571906157e+01
1.05293741557e+01
1.03458468097e+01
1.03520847289e+01
1.04982800324e+01
1.02869798401e+01
1.04247540224e+01
1.04385665084e+01
1.01411899945e+01
1.05364264920e+01
1.03457298889e+01
1.05130010814e+01
1.02565899379e+01
1.05029528826e+01
1.03039079439e+01
1.03359061014e+01
1.03371590678e+01
1.02653660034e+01
1.03633062862e+01
1.02603954949e+01
1.04779533718e+01
1.02295911600e+01
1.02391778586e+01
1.03163240845e+01
1.02910522844e+01
1.03793204014e+01
1.00731364665e+01
1.03378415615e+01
1.05828436503e+01
1.04652284116e+01
1.04201096555e+01
1.02483853249e+01
1.03437358929e+01
1.03183521711e+01
1.03731077547e+01
1.04713434039e+01
1.05266299057e+01
1.04613867058e+01
1.05101477763e+01
1.02790143598e+01
1.03226017217e+01
1.04323178058e+01
1.03889503804e+01
1.04077692746e+01
1.05011437290e+01
1.02837024772e+01
1.02651605200e+01
1.02848317414e+01
1.04010269886e+01
1.03387389848e+01
1.01869298882e+01
1.02107562947e+01
1.03058548304e+01
1.02575541491e+01
1.03075742895e+01
1.03537593626e+01
1.04405450241e+01
1.05548469064e+01
1.03788195914e+01
1.04806711523e+01
1.04009165566e+01
1.06117855723e+01
1.03734338933e+01
1.02298742933e+01
1.03534798677e+01
1.04940165972e+01
1.04608895917e+01
1.03775891692e+01
1.02891465106e+01
1.04525126041e+01
1.04941207162e+01
1.04533377244e+01
1.04455614820e+01
1.03334891880e+01
1.04224425501e+01
1.06111805032e+01
1.04882687353e+01
1.03783184165e+01
1.03137773129e+01
1.05537870244e+01
1.05409836011e+01
1.04919755230e+01
1.03892644495e+01
1.04331228765e+01
1.02795256742e+01
1.03689496055e+01
1.04700971903e+01
1.01580558481e+01
1.04191601373e+01
1.03225848260e+01
1.01206258980e+01
1.03492167852e+01
1.02995700034e+01
1.03626903008e+01
1.04352137998e+01
1.02022749787e+01
1.03554765002e+01
1.04914725529e+01
1.05295811706e+01
1.03653682305e+01
1.04305629854e+01
1.04182405520e+01
1.04850813557e+01
1.03593598495e+01
1.03982484647e+01
1.02958290178e+01
1.03646538173e+01
1.04142258046e+01
1.04393005823e+01
1.04685648352e+01
1.04636929050e+01
1.03269941204e+01
1.03682939385e+01