-3.22791355984e+00
-3.24596010706e+00
-3.20716428062e+00
-3.18234653708e+00
-3.24727772647e+00
-3.20065871283e+00
-3.26088195664e+00
-3.19837022771e+00
-3.17754090787e+00
-3.31395873408e+00
-3.24078012029e+00
-3.28667903263e+00
-3.17987868164e+00
-3.16829050540e+00
-3.21179510013e+00
-3.29919698788e+00
-3.22146662040e+00
-3.15922624598e+00
-3.18106421328e+00
-3.17468977361e+00
-3.20765625756e+00
-3.28345904208e+00
-3.17804844041e+00
-3.26093135973e+00
-3.23812215197e+00
-3.26967669530e+00
-3.20701311718e+00
-3.22514559991e+00
-3.16217511359e+00
-3.24323079892e+00
-3.28468343972e+00
-3.26316217383e+00
-3.18727837848e+00
-3.17886769855e+00
-3.23853381122e+00
-3.26993251015e+00
-3.17490902656e+00
-3.23558856649e+00
-3.19373985767e+00
-3.26051292736e+00
-3.25670989809e+00
-3.25437948195e+00
-3.18288537735e+00
-3.29646416586e+00
-3.25299496081e+00
-3.22426452594e+00
-3.27874555787e+00
-3.26601860667e+00
-3.14296666823e+00
-3.20400659656e+00
-3.18623146595e+00
-3.27395612386e+00
-3.21097892963e+00
-3.26862233797e+00
-3.26653459911e+00
-3.24153287730e+00
-3.24614650097e+00
-3.22164930193e+00
-3.21023193276e+00
-3.28321503859e+00
-3.26800356326e+00
-3.25988497670e+00
-3.22103709723e+00
-3.22264233104e+00
-3.13359203305e+00
-3.20568463289e+00
-3.22258791860e+00
-3.26447259255e+00
-3.24104314622e+00
-3.20024925698e+00
-3.26442486604e+00
-3.26616881724e+00
-3.18563557020e+00
-3.24853702663e+00
-3.18531696257e+00
-3.18752618475e+00
-3.25376419855e+00
-3.34857916432e+00
-3.21272617374e+00
-3.17283840535e+00
-3.20731937984e+00
-3.32412366364e+00
-3.23217898983e+00
-3.24084057366e+00
-3.20436869923e+00
-3.26955621325e+00
-3.19777214830e+00
-3.18234573158e+00
-3.27726403340e+00
-3.19639022380e+00
-3.23269024009e+00
-3.22580281873e+00
-3.22200914693e+00
-3.16791934406e+00
-3.21256316021e+00
-3.21560843380e+00
-3.25583214032e+00
-3.24072656397e+00
-3.27130592377e+00
-3.29135937051e+00
-3.28091793852e+00
-3.22299010379e+00
-3.25707072168e+00
-3.23374465662e+00
-3.30561952954e+00
-3.29269829601e+00
-3.22947287101e+00
-3.19310624521e+00
-3.23156490453e+00
-3.18334659056e+00
-3.23117230933e+00
-3.28250597294e+00
-3.27117083303e+00
-3.23638121148e+00
-3.21668878630e+00
-3.40423297394e+00
-3.16052843150e+00
-3.28726985927e+00
-3.27745309844e+00
-3.25501409568e+00
-3.15536662273e+00
-3.21225305427e+00
-3.22468512250e+00
-3.23336419290e+00
-3.23365867703e+00
-3.20070779229e+00
-3.24381534774e+00
-3.19043678708e+00
-3.19759967278e+00
-3.22077723933e+00
-3.23462223221e+00
-3.22380637395e+00
-3.18220204638e+00
-3.18525451034e+00
-3.14955665872e+00
-3.20875552330e+00
-3.23530774982e+00
-3.20658220162e+00
-3.21085669364e+00
-3.22192351052e+00
-3.21285717682e+00
-3.17775427609e+00
-3.22099400243e+00
-3.25630958488e+00
-3.25842921987e+00
-3.21093074280e+00
-3.22653503962e+00
-3.26716822166e+00
-3.19063383136e+00
-3.24446289736e+00
-3.17229670840e+00
-3.12473138218e+00
-3.20026996295e+00
-3.20101531843e+00
-3.24425625659e+00
-3.19694815001e+00
-3.24361788358e+00
-3.16161030778e+00
-3.18868775536e+00
-3.23151526256e+00
-3.25023442130e+00
-3.24245037443e+00
-3.26642126487e+00
-3.29433446713e+00
-3.16991768204e+00
-3.29292879211e+00
-3.14895404193e+00
-3.19366412951e+00
-3.20091292926e+00
-3.25263858838e+00
-3.27811634419e+00
-3.24479984740e+00
-3.21614193837e+00
-3.23206834628e+00
-3.25605897513e+00
-3.28148726606e+00
-3.14497053200e+00
-3.26895827258e+00
-3.26033071330e+00
-3.13384890592e+00
-3.24310996944e+00
-3.19459815522e+00
-3.27939897460e+00
-3.28431301144e+00
-3.30755810155e+00
-3.13479243827e+00
-3.24554013974e+00
-3.23126779657e+00
-3.23756026729e+00
-3.18373879566e+00
-3.24392169282e+00
-3.27032680972e+00
-3.25536696291e+00
-3.27857457069e+00
-3.24610351415e+00
-3.29578134466e+00
-3.24600675362e+00
-3.24046969204e+00
-3.24624139544e+00
-3.23820828173e+00
-3.11263079162e+00
-3.18904569341e+00
-3.20574803921e+00
-3.22390313193e+00
-3.25289693090e+00
-3.23345984178e+00
-3.15839695421e+00
-3.21761330333e+00
-3.21930237099e+00
-3.25570381432e+00
-3.25876739634e+00
-3.20911608030e+00
-3.26174758999e+00
-3.18978119602e+00
-3.28247253222e+00
-3.22207814904e+00
-3.18107047758e+00
-3.30869709732e+00
-3.21051480520e+00
-3.28451396650e+00
-3.19053988335e+00
-3.19049142166e+00
-3.21936498794e+00
-3.19103855455e+00
-3.26697275451e+00
-3.17673085132e+00
-3.25754843259e+00
-3.22742405801e+00
-3.13910257936e+00
-3.18719617497e+00
-3.21567905112e+00
-3.25836917951e+00
-3.17601592653e+00
-3.20017549889e+00
-3.27853394345e+00
-3.21508708966e+00
-3.22933801071e+00
-3.20728568594e+00
-3.27854898537e+00
-3.18670250927e+00
-3.20155069600e+00
-3.21956881486e+00
-3.17845551805e+00
-3.19287754387e+00
-3.22100840425e+00
-3.18921401301e+00
-3.25491990009e+00
-3.29750528800e+00
-3.26010079858e+00
-3.28655978765e+00
-3.22533206576e+00
-3.21991482655e+00
-3.19850458817e+00
-3.19614237213e+00
-3.21465609376e+00
-3.20121656314e+00
-3.24178826656e+00
-3.17704037960e+00
-3.22123045167e+00
-3.21821984184e+00
-3.19819299937e+00
-3.17022617374e+00
-3.26194830468e+00
-3.24972294405e+00
-3.23899782334e+00
-3.23203428087e+00
-3.28076688900e+00
-3.26136599950e+00
-3.29258190301e+00
-3.26939169634e+00
-3.28895393400e+00
-3.18390385469e+00
-3.19364778164e+00
-3.22879787921e+00
-3.24631998889e+00
-3.24147551055e+00
-3.21092291157e+00
-3.23835132692e+00
-3.29021478280e+00
-3.19300322358e+00
-3.25554094540e+00
-3.22120535835e+00
-3.24999040477e+00
-3.28406542480e+00
-3.25049605606e+00
-3.28776444921e+00
-3.26263244086e+00
-3.24787782098e+00
-3.18607104108e+00
-3.19203992787e+00
-3.24167185990e+00
-3.25233707374e+00
-3.21972481397e+00
-3.26255429592e+00
-3.15351435353e+00
-3.26031951584e+00
-3.27079531070e+00
-3.14734441198e+00
-3.18971530533e+00
-3.18334457322e+00
-3.22489718816e+00
-3.21578094375e+00
-3.21297063488e+00
-3.22155069403e+00
-3.27203501111e+00
-3.19972937439e+00
-3.21943203814e+00
-3.21466448828e+00
-3.24929946710e+00
-3.22408155848e+00
-3.26910587294e+00
-3.23488545098e+00
-3.18456735716e+00
-3.21355923117e+00
-3.21381959668e+00
-3.23873602949e+00
-3.25950599044e+00
-3.25976763439e+00
-3.21092068432e+00
-3.26142976406e+00
-3.18199585560e+00
-3.21833247761e+00
-3.17152932212e+00
-3.19050152801e+00
-3.27551669129e+00
-3.20575077277e+00
-3.23266552932e+00
-3.26925825628e+00
-3.25569144458e+00
-3.19856785756e+00
-3.22289705798e+00
-3.26128615180e+00
-3.26274636992e+00
-3.26181478329e+00
-3.17406070908e+00
-3.21978239801e+00
-3.23774742131e+00
-3.18370335683e+00
-3.24157551067e+00
-3.22008051764e+00
-3.25091463849e+00
-3.24010074154e+00
-3.15122449058e+00
-3.24959951850e+00
-3.19387851577e+00
-3.25077345625e+00
-3.19170084780e+00
-3.23390170022e+00
-3.26549933658e+00
-3.25475920457e+00
-3.18882556430e+00
-3.17076540802e+00
-3.22223054978e+00
-3.24826757635e+00
-3.25326421650e+00
-3.27122468623e+00
-3.26781996999e+00
-3.23719207519e+00
-3.19905152597e+00
-3.21126716751e+00
-3.25267081280e+00
-3.19511446057e+00
-3.16762053701e+00
-3.20963435209e+00
-3.22545556296e+00
-3.21982379425e+00
-3.25166776867e+00
-3.19570612088e+00
-3.23466431155e+00
-3.27355267527e+00
-3.17906856975e+00
-3.28806733428e+00
-3.18752331632e+00
-3.28809049954e+00
-3.16600048576e+00
-3.20780414646e+00
-3.28701605883e+00
-3.31502907499e+00
-3.19927449805e+00
-3.17517022218e+00
-3.16908547298e+00
-3.16086962605e+00
-3.28895400995e+00
-3.20378420612e+00
-3.24448458326e+00
-3.21931222949e+00
-3.23992277763e+00
-3.24847848687e+00
-3.25179383342e+00
-3.32945173276e+00
-3.18125569309e+00
-3.22327520865e+00
-3.24525528739e+00
-3.18631996690e+00
-3.23489216671e+00
-3.19740174179e+00
-3.27442334011e+00
-3.24194656343e+00
-3.19513156604e+00
-3.24347832886e+00
-3.21475395991e+00
-3.29510984249e+00
-3.25592450762e+00
-3.23156372811e+00
-3.23700563718e+00
-3.25058482960e+00
-3.22036963394e+00
-3.21061109973e+00
-3.28193992161e+00
-3.14009256435e+00
-3.31204706154e+00
-3.18767018367e+00
-3.17320733415e+00
-3.18490023997e+00
-3.33783604697e+00
-3.20706677945e+00
-3.21190759545e+00
-3.23872370032e+00
-3.17888746501e+00
-3.25486858078e+00
-3.17478857742e+00
-3.22160733788e+00
-3.19395353579e+00
-3.21814067084e+00
-3.19963232047e+00
-3.21854018466e+00
-3.28194566714e+00
-3.21173007574e+00
-3.25935311787e+00
-3.22354971056e+00
-3.18995618483e+00
-3.32602467401e+00
-3.21605950671e+00
-3.21625257993e+00
-3.22476025150e+00
-3.26063030421e+00
-3.19085879721e+00
-3.15890906090e+00
-3.23698461656e+00
-3.26571872403e+00
-3.20062380278e+00
-3.29291833365e+00
-3.20218621674e+00
-3.18314723214e+00
-3.23448129290e+00
-3.22928339614e+00
-3.19025207435e+00
-3.18890628578e+00
-3.25960070190e+00
-3.17201150874e+00
-3.18817942329e+00
-3.12726090175e+00
-3.24260341507e+00
-3.28393140962e+00
-3.28394451717e+00
-3.25029482736e+00
-3.23487154791e+00
-3.24555168581e+00
-3.18107441402e+00
-3.19753127637e+00
-3.22229990620e+00
-3.25582052139e+00
-3.32365620273e+00
-3.29441288910e+00
-3.18406973322e+00
-3.27874697807e+00
-3.12617378878e+00
-3.22045776784e+00
-3.30196953302e+00
-3.25914225034e+00
-3.32470661826e+00
-3.26905982810e+00
-3.25756262516e+00
-3.26256870418e+00
-3.21222888769e+00
-3.15937945090e+00
-3.27911374181e+00
-3.29742815102e+00
-3.26215285358e+00
-3.19106320040e+00
-3.23006344148e+00
-3.21096120434e+00
-3.28049146275e+00
-3.34412725087e+00
-3.21038581560e+00
-3.18725765269e+00
-3.18555752355e+00
-3.26070427958e+00
-3.27888381844e+00
-3.20236222312e+00
-3.19435875018e+00
-3.18872459298e+00
-3.22264276108e+00
-3.22066420675e+00
-3.19232828650e+00
-3.17731684234e+00
-3.23207478653e+00
-3.22783884229e+00
-3.19209056952e+00
-3.29780851357e+00
-3.22688016648e+00