-8.45925548400e+00
-8.35270404600e+00
-8.50108535391e+00
-8.32821239319e+00
-8.32343228245e+00
-8.49982286696e+00
-8.46792024310e+00
-8.25622628494e+00
-8.42840592431e+00
-8.47635775342e+00
-8.39009260153e+00
-8.55567948671e+00
-8.38078903091e+00
-8.44075380615e+00
-8.47603165789e+00
-8.33389946254e+00
-8.41740261031e+00
-8.27368379546e+00
-8.46297670927e+00
-8.54373136585e+00
-8.36374208970e+00
-8.56048753370e+00
-8.34764470622e+00
-8.43943758145e+00
-8.62369346476e+00
-8.35901571568e+00
-8.39534089610e+00
-8.60183947297e+00
-8.24140682507e+00
-8.34493057836e+00
-8.50977540283e+00
-8.42837046980e+00
-8.33294226878e+00
-8.49861575131e+00
-8.42424171295e+00
-8.63627413517e+00
-8.39413001793e+00
-8.46184675399e+00
-8.38127683051e+00
-8.47652055681e+00
-8.39308623824e+00
-8.54282665725e+00
-8.39335791010e+00
-8.48752045221e+00
-8.39123680299e+00
-8.53850384639e+00
-8.28385442848e+00
-8.35253246614e+00
-8.45533935830e+00
-8.34939573669e+00
-8.29190105880e+00
-8.42695057725e+00
-8.47138609454e+00
-8.33974930410e+00
-8.25139013214e+00
-8.52695683804e+00
-8.24952820161e+00
-8.36067278627e+00
-8.26066820408e+00
-8.36548804501e+00
-8.47943113898e+00
-8.35839222138e+00
-8.35415501583e+00
-8.32003164358e+00
-8.36628775102e+00
-8.41625258026e+00
-8.26148923861e+00
-8.27306603707e+00
-8.59006739327e+00
-8.30616277216e+00
-8.33742641539e+00
-8.38516277520e+00
-8.40614241995e+00
-8.41304073099e+00
-8.30487410937e+00
-8.39022110492e+00
-8.38461299044e+00
-8.21834967668e+00
-8.36372865451e+00
-8.30582088745e+00
-8.68060138499e+00
-8.42002491219e+00
-8.49171173297e+00
-8.54480143617e+00
-8.35979633099e+00
-8.44994006257e+00
-8.45719939719e+00
-8.23838046858e+00
-8.43614476671e+00
-8.37935394581e+00
-8.43812469825e+00
-8.48456671838e+00
-8.56833387701e+00
-8.27833845036e+00
-8.55514710966e+00
-8.26416543319e+00
-8.40873221912e+00
-8.36753209352e+00
-8.70233825163e+00
-8.28215618026e+00
-8.52154384225e+00
-8.37230189850e+00
-8.58121338652e+00
-8.54446009616e+00
-8.46096973781e+00
-8.39690243040e+00
-8.58843391188e+00
-8.45913930556e+00
-8.37173565342e+00
-8.34922145097e+00
-8.49479108512e+00
-8.46880923690e+00
-8.42846553096e+00
-8.45766588810e+00
-8.62671757021e+00
-8.43951944683e+00
-8.34682269126e+00
-8.42605010414e+00
-8.30839878172e+00
-8.32025089460e+00
-8.37344184264e+00
-8.34145224050e+00
-8.45990996849e+00
-8.61392642160e+00
-8.34297203277e+00
-8.51844847258e+00
-8.40721165834e+00
-8.44248565355e+00
-8.44260920971e+00
-8.37957659609e+00
-8.36306124425e+00
-8.59389853210e+00
-8.28149830026e+00
-8.51328536009e+00
-8.40211343383e+00
-8.38404528464e+00
-8.47085292165e+00
-8.48843359637e+00
-8.32825820367e+00
-8.32428712232e+00
-8.30079367661e+00
-8.38888639689e+00
-8.40465331164e+00
-8.42238393890e+00
-8.25491802901e+00
-8.30039792385e+00
-8.44888892891e+00
-8.59824950934e+00
-8.47161143130e+00
-8.49983580199e+00
-8.26160481649e+00
-8.48915484147e+00
-8.40025513605e+00
-8.38002803930e+00
-8.36439535012e+00
-8.32159710706e+00
-8.40761117593e+00
-8.45288719223e+00
-8.45473791085e+00
-8.38708466148e+00
-8.43016345826e+00
-8.41303443930e+00
-8.45399878535e+00
-8.60118845839e+00
-8.46617660325e+00
-8.47839822656e+00
-8.43458408855e+00
-8.39472196744e+00
-8.24290442432e+00
-8.53863625146e+00
-8.42544514114e+00
-8.54433417592e+00
-8.49105675598e+00
-8.57662902442e+00
-8.46973406803e+00
-8.34291424186e+00
-8.47388384956e+00
-8.24819746030e+00
-8.36384857174e+00
-8.33377556744e+00
-8.65849069573e+00
-8.44350084057e+00
-8.50432337132e+00
-8.29261044339e+00
-8.35527079663e+00
-8.43834922785e+00
-8.43041561916e+00
-8.47940983495e+00
-8.44091529863e+00
-8.32702024505e+00
-8.37518691919e+00
-8.54158086695e+00
-8.39287353986e+00
-8.54922420411e+00
-8.58867670190e+00
-8.40970490353e+00
-8.42891795339e+00
-8.37654265755e+00
-8.52659599294e+00
-8.34618404751e+00
-8.42896290584e+00
-8.53790251637e+00
-8.35130594159e+00
-8.37725037459e+00
-8.38705986380e+00
-8.55629446179e+00
-8.51744348545e+00
-8.24410675687e+00
-8.32029835208e+00
-8.53364570182e+00
-8.27737889652e+00
-8.36766792104e+00
-8.27828253227e+00
-8.40076202817e+00
-8.43993654150e+00
-8.39753786520e+00
-8.57707995841e+00
-8.34259854248e+00
-8.46842520475e+00
-8.42837425216e+00
-8.47610962606e+00
-8.45568291898e+00
-8.38561736555e+00
-8.30835529062e+00
-8.42827998739e+00
-8.48620959788e+00
-8.44909000029e+00
-8.42000846844e+00
-8.49378183902e+00
-8.33958395243e+00
-8.26643025963e+00
-8.45750162466e+00
-8.48728187029e+00
-8.45019281410e+00
-8.41924926246e+00
-8.55125703523e+00
-8.35356954597e+00
-8.45407697383e+00
-8.39006729730e+00
-8.46242208643e+00
-8.58074196632e+00
-8.54189609391e+00
-8.42672465250e+00
-8.44361327133e+00
-8.49821103641e+00
-8.47348612621e+00
-8.36249306241e+00
-8.62000836097e+00
-8.49105692678e+00
-8.50270272944e+00
-8.54011466605e+00
-8.29803415393e+00
-8.33222246933e+00
-8.46928115848e+00
-8.59826941523e+00
-8.46787109218e+00
-8.49469938547e+00
-8.37265441713e+00
-8.47412326687e+00
-8.37689889273e+00
-8.37093558933e+00
-8.41812809528e+00
-8.43147337491e+00
-8.55055366467e+00
-8.30381502261e+00
-8.34306757371e+00
-8.40052175275e+00
-8.47559507245e+00
-8.38539961987e+00
-8.24121100701e+00
-8.59689051308e+00
-8.61550455137e+00
-8.40837776869e+00
-8.45322357763e+00
-8.45334335864e+00
-8.58762739706e+00
-8.38746274633e+00
-8.42917023956e+00
-8.35995634046e+00
-8.26403848059e+00
-8.49318837501e+00
-8.42786848062e+00
-8.51590338197e+00
-8.47879412750e+00
-8.39696516201e+00
-8.38319694330e+00
-8.44249972063e+00
-8.54331487234e+00
-8.56458288497e+00
-8.48863850613e+00
-8.31386449733e+00
-8.37121042529e+00
-8.36827596167e+00
-8.35868634214e+00
-8.39206210018e+00
-8.56830737603e+00
-8.33780202658e+00
-8.56960010848e+00
-8.47903082552e+00
-8.51058205499e+00
-8.52452911731e+00
-8.42076504177e+00
-8.43740184221e+00
-8.40408449822e+00
-8.36487717295e+00
-8.43030797327e+00
-8.46685367487e+00
-8.35163449119e+00
-8.38685438509e+00
-8.45629010141e+00
-8.49073910052e+00
-8.38264770249e+00
-8.40366771024e+00
-8.52876498279e+00
-8.47612754292e+00
-8.54536943235e+00
-8.42592656991e+00
-8.55189017703e+00
-8.38931737142e+00
-8.48438643846e+00
-8.38357082745e+00
-8.40552089576e+00
-8.49836332021e+00
-8.49015993557e+00
-8.47261862866e+00
-8.44372082672e+00
-8.28470636793e+00
-8.48349659532e+00
-8.36326830166e+00
-8.56935920172e+00
-8.51102781964e+00
-8.35727225745e+00
-8.47431601758e+00
-8.40740402172e+00
-8.36197643012e+00
-8.31506045133e+00
-8.29705083739e+00
-8.41429855889e+00
-8.48440602294e+00
-8.42143861695e+00
-8.46951583580e+00
-8.49579910094e+00
-8.37707728362e+00
-8.35986345509e+00
-8.40190856656e+00
-8.43468991144e+00
-8.28237712910e+00
-8.56965691833e+00
-8.56362478294e+00
-8.70011600969e+00
-8.48580829343e+00
-8.62989305112e+00
-8.24687710912e+00
-8.27939441218e+00
-8.38814151930e+00
-8.29320533077e+00
-8.60441373716e+00
-8.37828160432e+00
-8.44647059816e+00
-8.53978029695e+00
-8.45697498750e+00
-8.32139183450e+00
-8.46016501427e+00
-8.44742368950e+00
-8.50164260593e+00
-8.39981939753e+00
-8.50143413014e+00
-8.36998660747e+00
-8.39991581467e+00
-8.42880276881e+00
-8.38828711141e+00
-8.51040704666e+00
-8.45780061760e+00
-8.51406793764e+00
-8.49568200493e+00
-8.34517376469e+00
-8.47284093605e+00
-8.23943777180e+00
-8.34116927528e+00
-8.70080645332e+00
-8.42828558694e+00
-8.51434491253e+00
-8.28415818221e+00
-8.34424967203e+00
-8.43522844990e+00
-8.38410575730e+00
-8.24015280394e+00
-8.43669343005e+00
-8.42275338570e+00
-8.48205295292e+00
-8.48925224263e+00
-8.41239264327e+00
-8.64959070540e+00
-8.31205787312e+00
-8.49270510796e+00
-8.42400133686e+00
-8.23535929066e+00
-8.50797232604e+00
-8.40679915502e+00
-8.64051755994e+00
-8.37262074588e+00
-8.51576188642e+00
-8.35492772157e+00
-8.44797217082e+00
-8.39365547658e+00
-8.35129811268e+00
-8.36941253352e+00
-8.27844148560e+00
-8.55910104754e+00
-8.35435209817e+00
-8.32794453904e+00
-8.33214066045e+00
-8.30488557444e+00
-8.47442543526e+00
-8.22576104707e+00
-8.49512697236e+00
-8.57153319971e+00
-8.57848117782e+00
-8.44879328443e+00
-8.39679182264e+00
-8.44221240430e+00
-8.46260160625e+00
-8.45860579799e+00
-8.50223140695e+00
-8.57058805758e+00
-8.48788762344e+00
-8.48024641490e+00
-8.25912039539e+00
-8.28920421253e+00
-8.51496488074e+00
-8.43744887619e+00
-8.42980732982e+00
-8.44259767408e+00
-8.40932292013e+00
-8.26795020887e+00
-8.40274742416e+00
-8.39629836651e+00
-8.33823262690e+00
-8.29159677686e+00
-8.29789254299e+00
-8.35683089491e+00
-8.29956749841e+00
-8.39643020706e+00
-8.37249681718e+00
-8.45002211572e+00
-8.64660753735e+00
-8.46603836646e+00
-8.47719722310e+00
-8.44544322184e+00
-8.59580352976e+00
-8.41885502970e+00
-8.25010477595e+00
-8.37155433101e+00
-8.53606616538e+00
-8.49527119080e+00
-8.35922300643e+00
-8.38507918907e+00
-8.49319537171e+00
-8.58960651918e+00
-8.47656132084e+00
-8.52373386701e+00
-8.40599047414e+00
-8.48868230705e+00
-8.65038050307e+00
-8.62437306205e+00
-8.53261964506e+00
-8.35356881574e+00
-8.60489562525e+00
-8.64538568351e+00
-8.49829552856e+00
-8.39858308599e+00
-8.54126584446e+00
-8.31163449658e+00
-8.44853516341e+00
-8.52881055909e+00
-8.17060572342e+00
-8.49658975137e+00
-8.37261733660e+00
-8.32608625306e+00
-8.34207433726e+00
-8.36931635563e+00
-8.39702660219e+00
-8.45670332574e+00
-8.24573423415e+00
-8.40645912127e+00
-8.53754709971e+00
-8.55584234382e+00
-8.40871810897e+00
-8.47573254129e+00
-8.40895283719e+00
-8.51721312614e+00
-8.43875653386e+00
-8.47489845336e+00
-8.29164584912e+00
-8.43660706528e+00
-8.45544076821e+00
-8.54095732685e+00
-8.52087172636e+00
-8.56507596030e+00
-8.30609343027e+00
-8.43015344568e+00