-1.58836269001e+00
-1.58856240122e+00
-1.58788975066e+00
-1.58852284977e+00
-1.58825815448e+00
-1.58817522408e+00
-1.58674678670e+00
-1.58726705736e+00
-1.58838627663e+00
-1.58855900112e+00
-1.58842186907e+00
-1.58826540762e+00
-1.58848983464e+00
-1.58719629499e+00
-1.58849602859e+00
-1.58806082323e+00
-1.58819740070e+00
-1.58791588380e+00
-1.58838255255e+00
-1.58711035821e+00
-1.58921888786e+00
-1.58744589957e+00
-1.58790248395e+00
-1.58767238396e+00
-1.58854791177e+00
-1.58737283937e+00
-1.58849701731e+00
-1.58854443970e+00
-1.58819650801e+00
-1.58807805510e+00
-1.58817378214e+00
-1.58851793326e+00
-1.58782825898e+00
-1.58871874504e+00
-1.58789070156e+00
-1.58778975047e+00
-1.58880657374e+00
-1.58846531340e+00
-1.58827744639e+00
-1.58813507193e+00
-1.58857607865e+00
-1.58753023293e+00
-1.58830579954e+00
-1.58819537541e+00
-1.58793477184e+00
-1.58838166571e+00
-1.58745607172e+00
-1.58840764171e+00
-1.58762286484e+00
-1.58941404633e+00
-1.58797928492e+00
-1.58881344581e+00
-1.58821594974e+00
-1.58775736852e+00
-1.58740642644e+00
-1.58753997934e+00
-1.58797843900e+00
-1.58731111146e+00
-1.58920608190e+00
-1.58851695399e+00
-1.58799801607e+00
-1.58805351808e+00
-1.58785230221e+00
-1.58796229257e+00
-1.58748849209e+00
-1.58774112726e+00
-1.58728456698e+00
-1.58868336475e+00
-1.58748956891e+00
-1.58837561489e+00
-1.58794062869e+00
-1.58870867686e+00
-1.58749602297e+00
-1.58830946318e+00
-1.58763023701e+00
-1.58823773385e+00
-1.58901199997e+00
-1.58768273278e+00
-1.58875761604e+00
-1.58782187819e+00
-1.58786928682e+00
-1.58831584136e+00
-1.58667756952e+00
-1.58745222194e+00
-1.58742717542e+00
-1.58861120221e+00
-1.58734535234e+00
-1.58759089070e+00
-1.58851625101e+00
-1.58839365177e+00
-1.58782257709e+00
-1.58683382367e+00
-1.58867258147e+00
-1.58801678342e+00
-1.58757564805e+00
-1.58767425517e+00
-1.58791131854e+00
-1.58781130724e+00
-1.58744864601e+00
-1.58755544751e+00
-1.58772674227e+00
-1.58826648635e+00
-1.58758290305e+00
-1.58835482785e+00
-1.58618544346e+00
-1.58762378048e+00
-1.58874349943e+00
-1.58760030184e+00
-1.58810800041e+00
-1.58856429575e+00
-1.58832357526e+00
-1.58824571559e+00
-1.58822118452e+00
-1.58691967178e+00
-1.58679920653e+00
-1.58932495489e+00
-1.58784746194e+00
-1.58808193657e+00
-1.58794076319e+00
-1.58771677480e+00
-1.58855953157e+00
-1.58822732260e+00
-1.58844005584e+00
-1.58750671773e+00
-1.58818683678e+00
-1.58731038222e+00
-1.58770875781e+00
-1.58817613475e+00
-1.58874071809e+00
-1.58772800411e+00
-1.58797975706e+00
-1.58854211535e+00
-1.58757920889e+00
-1.58770521313e+00
-1.58796391594e+00
-1.58732463843e+00
-1.58858357150e+00
-1.58845197628e+00
-1.58706820233e+00
-1.58815414663e+00
-1.58835385507e+00
-1.58762401000e+00
-1.58822822860e+00
-1.58777529705e+00
-1.58696445024e+00
-1.58860964877e+00
-1.58772563154e+00
-1.58891362654e+00
-1.58810073663e+00
-1.58805703659e+00
-1.58836719233e+00
-1.58848363913e+00
-1.58811997971e+00
-1.58725317233e+00
-1.58797021702e+00
-1.58826675077e+00
-1.58783061769e+00
-1.58862652114e+00
-1.58728237932e+00
-1.58778618174e+00
-1.58848981771e+00
-1.58822045830e+00
-1.58796929871e+00
-1.58910843984e+00
-1.58827739475e+00
-1.58849771980e+00
-1.58742020797e+00
-1.58804296308e+00
-1.58703462674e+00
-1.58824522600e+00
-1.58768785947e+00
-1.58699176228e+00
-1.58860419167e+00
-1.58764179954e+00
-1.58818925574e+00
-1.58781903332e+00
-1.58860927986e+00
-1.58803544735e+00
-1.58934009502e+00
-1.58795880414e+00
-1.58764183739e+00
-1.58678941236e+00
-1.58768213988e+00
-1.58826531549e+00
-1.58799545643e+00
-1.58820730588e+00
-1.58748418026e+00
-1.58845898477e+00
-1.58732143167e+00
-1.58777011271e+00
-1.58671886632e+00
-1.58833872847e+00
-1.58726796748e+00
-1.58711118910e+00
-1.58851545875e+00
-1.58675687304e+00
-1.58743984003e+00
-1.58809544068e+00
-1.58800124595e+00
-1.58855926036e+00
-1.58835875402e+00
-1.58794489453e+00
-1.58772322404e+00
-1.58941625653e+00
-1.58861337970e+00
-1.58815433441e+00
-1.58666989652e+00
-1.58699051065e+00
-1.58886028468e+00
-1.58755682307e+00
-1.58803136051e+00
-1.58778403770e+00
-1.58822653066e+00
-1.58742265739e+00
-1.58767936762e+00
-1.58838361858e+00
-1.58814917679e+00
-1.58854708822e+00
-1.58804910301e+00
-1.58735483167e+00
-1.58742036344e+00
-1.58742431936e+00
-1.58812120544e+00
-1.58805649595e+00
-1.58780989184e+00
-1.58834173340e+00
-1.58819611107e+00
-1.58810615431e+00
-1.58797044599e+00
-1.58760990693e+00
-1.58795032462e+00
-1.58773440868e+00
-1.58736334377e+00
-1.58875884787e+00
-1.58833711628e+00
-1.58800653682e+00
-1.58882654558e+00
-1.58837569475e+00
-1.58714085514e+00
-1.58852043690e+00
-1.58808996531e+00
-1.58735713690e+00
-1.58870980747e+00
-1.58794879618e+00
-1.58773776038e+00
-1.58736158807e+00
-1.58741129198e+00
-1.58772648991e+00
-1.58743663327e+00
-1.58841210960e+00
-1.58797081812e+00
-1.58807227456e+00
-1.58881374284e+00
-1.58799757368e+00
-1.58797000130e+00
-1.58806392289e+00
-1.58757275173e+00
-1.58906732209e+00
-1.58782505166e+00
-1.58896999426e+00
-1.58814965490e+00
-1.58746172525e+00
-1.58798416446e+00
-1.58819458815e+00
-1.58674508372e+00
-1.58781642674e+00
-1.58821951629e+00
-1.58793560977e+00
-1.58772189999e+00
-1.58912945836e+00
-1.58650588189e+00
-1.58871046601e+00
-1.58787799353e+00
-1.58758084350e+00
-1.58867281566e+00
-1.58705287918e+00
-1.58665386107e+00
-1.58815088131e+00
-1.58842093413e+00
-1.58806116113e+00
-1.58885147239e+00
-1.58793701090e+00
-1.58817387348e+00
-1.58725207640e+00
-1.58809284774e+00
-1.58747870541e+00
-1.58789512405e+00
-1.58755827762e+00
-1.58809754622e+00
-1.58803728689e+00
-1.58762912097e+00
-1.58777458068e+00
-1.58823006195e+00
-1.58791980322e+00
-1.58848842120e+00
-1.58823164536e+00
-1.58816720079e+00
-1.58831127967e+00
-1.58787363147e+00
-1.58812583238e+00
-1.58807305233e+00
-1.58779370595e+00
-1.58753073227e+00
-1.58857828511e+00
-1.58769292859e+00
-1.58802473557e+00
-1.58792993767e+00
-1.58827996976e+00
-1.58641540558e+00
-1.58781903132e+00
-1.58829678373e+00
-1.58867020699e+00
-1.58728958948e+00
-1.58808632524e+00
-1.58822004626e+00
-1.58854571310e+00
-1.58792990974e+00
-1.58818791021e+00
-1.58800426831e+00
-1.58705493547e+00
-1.58808305333e+00
-1.58819368724e+00
-1.58723125567e+00
-1.58701613315e+00
-1.58825399658e+00
-1.58802103797e+00
-1.58755005452e+00
-1.58813669309e+00
-1.58813298148e+00
-1.58794879832e+00
-1.58865334357e+00
-1.58841008061e+00
-1.58783342924e+00
-1.58810481787e+00
-1.58778625158e+00
-1.58784055597e+00
-1.58781833686e+00
-1.58803299216e+00
-1.58706111345e+00
-1.58893301642e+00
-1.58754297953e+00
-1.58784486493e+00
-1.58854993356e+00
-1.58699523738e+00
-1.58881950867e+00
-1.58790656092e+00
-1.58777321226e+00
-1.58733104015e+00
-1.58767257450e+00
-1.58793510251e+00
-1.58822330521e+00
-1.58881067079e+00
-1.58795299485e+00
-1.58873564203e+00
-1.58715718536e+00
-1.58794300120e+00
-1.58749139654e+00
-1.58762050044e+00
-1.58801497752e+00
-1.58822663126e+00
-1.58702858575e+00
-1.58842191767e+00
-1.58829488894e+00
-1.58770598547e+00
-1.58773651690e+00
-1.58765768993e+00
-1.58777038594e+00
-1.58823419070e+00
-1.58757793073e+00
-1.58760001785e+00
-1.58846172655e+00
-1.58787396489e+00
-1.58735987473e+00
-1.58753584557e+00
-1.58820420895e+00
-1.58823687740e+00
-1.58740546979e+00
-1.58814368379e+00
-1.58873688632e+00
-1.58763431372e+00
-1.58817699423e+00
-1.58803695965e+00
-1.58798612663e+00
-1.58788729536e+00
-1.58825324509e+00
-1.58767940084e+00
-1.58755561264e+00
-1.58741760109e+00
-1.58890760096e+00
-1.58882442087e+00
-1.58787765929e+00
-1.58857466502e+00
-1.58730995646e+00
-1.58747947779e+00
-1.58768451189e+00
-1.58725554072e+00
-1.58759232360e+00
-1.58620764333e+00
-1.58779547722e+00
-1.58759466112e+00
-1.58886115540e+00
-1.58703101269e+00
-1.58857713938e+00
-1.58755949501e+00
-1.58735694814e+00
-1.58754347975e+00
-1.58848719345e+00
-1.58819861048e+00
-1.58827614481e+00
-1.58859555747e+00
-1.58862597558e+00
-1.58749987358e+00
-1.58835493134e+00
-1.58720098597e+00
-1.58781418599e+00
-1.58910508298e+00
-1.58785536271e+00
-1.58744190400e+00
-1.58810159086e+00
-1.58850053065e+00
-1.58686136255e+00
-1.58833655712e+00
-1.58773876090e+00
-1.58769310577e+00
-1.58786975093e+00
-1.58766023770e+00
-1.58819245078e+00
-1.58769677906e+00
-1.58851318115e+00
-1.58770371578e+00
-1.58802992399e+00
-1.58771444363e+00
-1.58784044515e+00
-1.58792194685e+00
-1.58734008822e+00
-1.58797244476e+00
-1.58796154335e+00
-1.58777743962e+00
-1.58809074540e+00
-1.58782929314e+00
-1.58857364130e+00
-1.58743736847e+00
-1.58775606416e+00
-1.58760052951e+00
-1.58895117145e+00
-1.58779912874e+00
-1.58774842018e+00
-1.58757093071e+00
-1.58731655897e+00
-1.58785523806e+00
-1.58793560094e+00
-1.58824483501e+00
-1.58848492369e+00
-1.58776196364e+00
-1.58802544395e+00
-1.58767073173e+00
-1.58880604537e+00
-1.58778311375e+00
-1.58880255574e+00
-1.58809439239e+00
-1.58809259039e+00
-1.58874527830e+00
-1.58812385146e+00
-1.58754870175e+00
-1.58828914488e+00
-1.58865443419e+00
-1.58921210148e+00
-1.58779258523e+00
-1.58804500629e+00
-1.58757854743e+00
-1.58845298616e+00
-1.58789237322e+00
-1.58789113435e+00
-1.58826464279e+00
-1.58793965339e+00
-1.58801582695e+00
-1.58737327220e+00
-1.58799137634e+00
-1.58861690922e+00
-1.58818399977e+00
-1.58841755346e+00
-1.58803158512e+00
-1.58710073210e+00
-1.58763544870e+00
-1.58787621217e+00
-1.58822985181e+00
-1.58807034272e+00
-1.58725529356e+00
-1.58868967935e+00
-1.58838784378e+00
-1.58846008546e+00
-1.58730369937e+00
-1.58727417460e+00
-1.58847905996e+00
-1.58809489007e+00
-1.58750565090e+00
-1.58774595350e+00
-1.58830872814e+00
-1.58771404849e+00
-1.58776640812e+00
-1.58795803778e+00