0.518569793602
0.518189283783
0.516897372726
0.519941772826
0.518806782942
0.516383855614
0.519458719
0.51878905761
0.518463217569
0.519454292821
0.51829302336
0.517879641412
0.520486501412
0.518796053933
0.516866376226
0.519605958473
0.518728753067
0.517528393193
0.517689202619
0.518910126312
0.518323874338
0.518010680544
0.52025767665
0.519206330366
0.519363751423
0.519330743055
0.520081173015
0.517949530298
0.516207412461
0.516710840147
0.519773303011
0.518236944384
0.519061062581
0.518100840486
0.519455441589
0.517701665826
0.519515318983
0.518517247967
0.518068998292
0.51979559437
0.518037171026
0.520127424401
0.517065912137
0.518642979039
0.519544286136
0.518403304613
0.519756901813
0.518533661226
0.517861861358
0.518155750419
0.518543128075
0.519987058656
0.518239905903
0.519813774202
0.520216488891
0.519617722742
0.51921455812
0.518235372221
0.518373246323
0.51815703277
0.5180600099
0.518188142488
0.517198711463
0.519314828594
0.519689310046
0.518788137395
0.519331355524
0.519129504114
0.517985196221
0.518436108335
0.518229053766
0.51928122728
0.518229788826
0.518298205264
0.519204256735
0.517921246425
0.51895604155
0.517082370492
0.5177280696
0.518814259108
0.519488645709
0.518024190114
0.517635538236
0.51892479978
0.519309583438
0.518001706506
0.519442694661
0.518931034214
0.518553281395
0.517652121602
0.517999628153
0.518069966656
0.518148319418
0.517313873872
0.521308194335
0.518224810546
0.51789789214
0.520108355576
0.518694650088
0.518229787008
0.519430332786
0.519496423615
0.518765327816
0.519049036176
0.518390958232
0.518281781308
0.517871789159
0.517452711339
0.517424145203
0.518894949961
0.517591077846
0.51872164544
0.518983540092
0.517998800284
0.518841832057
0.519538136126
0.519655512833
0.519423068308
0.519117739467
0.519351758901
0.519377945271
0.518054094541
0.519297244901
0.51906314339
0.518835238536
0.518489776611
0.518753644312
0.520198634703
0.517628477866
0.517817419525
0.519699230893
0.519053604976
0.519579789694
0.518995384945
0.517224799176
0.517453269481
0.518352122873
0.518966073524
0.519443965084
0.519746464259
0.51908962117
0.518468838399
0.521155593669
0.518967834851
0.518775282066
0.518347502777
0.517646724452
0.519742957627
0.520365261
0.519525891472
0.51855544623
0.518727886611
0.51866479901
0.518729391026
0.518150560985
0.51771090093
0.518665521446
0.517409855375
0.518688143312
0.51819020712
0.51785736753
0.519247376021
0.51901092005
0.51892884759
0.520109248926
0.518681550713
0.517501408751
0.520348179502
0.519035155538
0.517509273054
0.517506789698
0.518011074853
0.516503683766
0.518760243273
0.518065030225
0.519809723212
0.517837573148
0.518827770347
0.519773026274
0.518456192283
0.518208881895
0.519067279115
0.519160420449
0.518590166124
0.519254009412
0.519775058911
0.518717203767
0.518442728257
0.518679883565
0.51905703786
0.519890571902
0.518326792377
0.519900274653
0.517230779293
0.518601784395
0.517821959791
0.518692244793
0.518610819015
0.516862581552
0.518071950041
0.518406647181
0.517809585373
0.519689861543
0.519137910106
0.519464757846
0.516803150525
0.519290971752
0.518804623402
0.518160467161
0.51866576801
0.519153186219
0.519394675369
0.518410830181
0.517808160104
0.519992589475
0.518637363246
0.518809045631
0.518827787342
0.518026033326
0.519226356776
0.518386213541
0.519243809512
0.519969439256
0.518144763972
0.517347659012
0.51733432614
0.518598063491
0.519893613016
0.519045525614
0.51741229938
0.517924298521
0.519370045229
0.518628925935
0.519261522879
0.518030954391
0.518897588204
0.518386733092
0.518785947611
0.520605433735
0.518345202698
0.516246204383
0.519774443433
0.519799404858
0.51818160361
0.518670937834
0.518154407231
0.518783369759
0.518615717101
0.519052408113
0.518119231153
0.518968138683
0.518436794645
0.519086522455
0.520072613793
0.518446574097
0.518403800248
0.519946639548
0.517956455605
0.517046218836
0.51944896613
0.517995002849
0.518939148628
0.517580759584
0.519245229901
0.518554693027
0.517592749239
0.51849244103
0.518118037187
0.517595939752
0.518270682288
0.518936651753
0.517133268897
0.518559489368
0.518495041978
0.51675884498
0.519148999856
0.519457454667
0.519672061537
0.519289777096
0.520431055044
0.518110013012
0.518517482343
0.518372430696
0.517565339179
0.519217105412
0.519902647375
0.518246568546
0.518832428602
0.518028552708
0.517654735065
0.518801731808
0.517915788339
0.517761924249
0.520254735831
0.51773550766
0.518061540002
0.518773605614
0.518730324007
0.519932673046
0.519382342351
0.518464534844
0.518640791824
0.519616392197
0.51851926638
0.517233182403
0.518347672515
0.519076019539
0.518967218389
0.519641183228
0.51877030023
0.517706598238
0.51921148848
0.518179932062
0.519240892108
0.517336988374
0.517573562193
0.517747971434
0.518484459183
0.517240239882
0.518651937606
0.519248869109
0.519070990113
0.517866256781
0.518868974186
0.518872776487
0.517219172618
0.519254093838
0.520175171156
0.520893619714
0.518097209799
0.516862790237
0.51810339126
0.519244012717
0.518362022778
0.51925797329
0.518190739794
0.518596776062
0.518869175092
0.517612488447
0.519639930069
0.519321260242
0.519958645317
0.518047797532
0.519233521206
0.518984120879
0.518021595625
0.518989247491
0.517702611625
0.518579100271
0.519334972105
0.517482004207
0.518649656941
0.518703461322
0.519962078456
0.517857856237
0.518825438183
0.518730920353
0.520073314964
0.519879902948
0.517863930698
0.518840431201
0.518457852375
0.518371043414
0.517957147265
0.517972474046
0.520025850462
0.517142840491
0.519003682005
0.518565152388
0.520447034077
0.519055853246
0.519954845499
0.518725525612
0.519186070818
0.519529363133
0.518639185276
0.518061678523
0.518619674305
0.517734496089
0.517868077717
0.517432628147
0.518408350595
0.517355115091
0.517375697777
0.51892550557
0.519364984064
0.519086787305
0.520447591037
0.517933091191
0.519025871458
0.51867058594
0.517652040615
0.519958755588
0.519370222488
0.518232042399
0.518261113996
0.519208063742
0.518280459179
0.51893879934
0.519738257835
0.517719937454
0.518839425205
0.517537197965
0.518318606358
0.518922226816
0.518088903899
0.51794311887
0.518912416022
0.517601688395
0.518168888749
0.51743115169
0.517922682237
0.518917816725
0.518154449805
0.516346208309
0.518743399348
0.519549786079
0.517598732224
0.517631594713
0.518618460904
0.518865828604
0.517502114262
0.518884207796
0.519118678075
0.519760065602
0.518889822252
0.517870079326
0.51801322054
0.51965908919
0.516884211123
0.520649601949
0.51842374232
0.517734923781
0.519242876407
0.518796829538
0.518974787394
0.517625494617
0.518702334565
0.51791186773
0.518732400502
0.519232473358
0.518622827573
0.519811514679
0.5182551924
0.518948102488
0.519947545
0.518459773835
0.519630637333
0.518270810827
0.519453651464
0.518377519689
0.517813043664
0.518844384882
0.518583775435
0.520148593982
0.518819277915
0.519714393461
0.519096807872
0.519876211752
0.517883396193
0.517003715092
0.517889110993
0.518164468266
0.518774367159
0.518798139346
0.517227318514
0.5183945772
0.519525170781
0.520087717571
0.52130288865
0.519195909904
0.519325461224
0.517480563453
0.519092857063
0.516854590557
0.517858039768
0.519570600621
0.518716808901
0.517804898848
0.518999075695
0.51926010111
0.518709603087
0.519317480087
0.518280770938
0.51745927335
0.51969903636
0.51944920709
0.519035542983
0.51829708985
0.5179444977
0.519296418494
0.518312516054
0.517978113934
0.519937970561
0.51871347595
0.519418601699
0.518140047865
0.519011643637
0.519825462869
0.518281089756
0.518628919876
