0.57179984449
0.571524321383
0.571424167109
0.572257136482
0.571475103129
0.571162557949
0.572059374039
0.571297613232
0.571509863667
0.571834730533
0.571654628721
0.571370377467
0.572472328879
0.572043798071
0.571538009444
0.572330756938
0.571860096183
0.570918312859
0.571579226035
0.572059295239
0.572195835115
0.571647363221
0.572228443593
0.571219108169
0.572708469932
0.572995468648
0.572774638421
0.570906635729
0.57177196309
0.57102252284
0.573094129851
0.572193189423
0.57157225653
0.57182685919
0.572153375284
0.573110492287
0.57328081898
0.571810569426
0.572138351044
0.572000275179
0.572303576363
0.571680620709
0.571872352367
0.57120974197
0.572064368366
0.571640862875
0.572625422518
0.57176354843
0.571497725324
0.572324980619
0.572119140223
0.572585960225
0.572323684254
0.57180247323
0.572282903033
0.572637203868
0.572744045967
0.572055790781
0.571977090319
0.572048348753
0.57256286415
0.572772743981
0.57150601398
0.572110797016
0.572073332012
0.57141426605
0.572078973473
0.571436300114
0.57131246953
0.571257092006
0.570951990416
0.572604831169
0.571865265709
0.572227891939
0.572631432829
0.571842785149
0.572539012384
0.57103156107
0.571271435113
0.571658259275
0.571854795899
0.571266724426
0.571543768972
0.571918977419
0.57186452
0.571986276674
0.572372734142
0.571985043786
0.572270427215
0.572264542962
0.57157480798
0.572684295887
0.571589004626
0.571597304763
0.573027339655
0.572289001077
0.571686108166
0.57185529053
0.571972603103
0.571662583998
0.571237772044
0.572146280809
0.572058890833
0.572464118455
0.572004629069
0.572062378019
0.572059417181
0.571636734415
0.571969629101
0.572665494412
0.57254221863
0.571970135254
0.571249739259
0.571763181873
0.571682232311
0.571672353939
0.571929626134
0.571635198706
0.572873705393
0.572192358054
0.572016945805
0.57159205717
0.572355867039
0.571160637047
0.572356558611
0.572066495942
0.57256947023
0.572678529003
0.57122987897
0.572367658104
0.572706905938
0.57171384479
0.571847466431
0.572010535241
0.571785104025
0.571965084344
0.572186834418
0.572669017556
0.571681193265
0.571865154901
0.57191637751
0.571136293424
0.572637347511
0.571643035857
0.57165257424
0.572000460931
0.571243545019
0.572472773852
0.572557218148
0.571738018753
0.571724610738
0.572198440726
0.571963867495
0.572841184669
0.571630728627
0.571337532849
0.57219283912
0.572122173073
0.572536787011
0.57137706973
0.571808970236
0.571947260362
0.571893345344
0.572152679079
0.57245119338
0.571918150848
0.571722851836
0.57294268763
0.571655958595
0.571759424075
0.571655418686
0.571911986804
0.572200682896
0.572848061525
0.572515064103
0.572189724434
0.572645434977
0.571417964905
0.571844817891
0.57166431968
0.57236921084
0.572233646808
0.572312167844
0.571606128025
0.572607346068
0.572756193987
0.571089738265
0.571918428237
0.572119775432
0.571937213832
0.571347928253
0.571781311423
0.572272497282
0.571179154584
0.571971390416
0.571691824021
0.571212958936
0.571589528139
0.572380654839
0.571636453903
0.571963090762
0.571085183571
0.571749242142
0.572189184073
0.571995966472
0.571191059684
0.572280540199
0.572084713171
0.571100417625
0.572367465024
0.571743319654
0.572486445213
0.572121361831
0.571678297851
0.571752158801
0.572954521785
0.571786590726
0.571655068666
0.571703760997
0.571862392815
0.572001794071
0.573059073875
0.57230053835
0.571484003549
0.571871532478
0.571647909731
0.57163063939
0.572287043049
0.572037079185
0.571917884085
0.571205866703
0.572168854443
0.571723022921
0.572768740819
0.571766787057
0.571792994884
0.571651434721
0.57247540088
0.57206262045
0.572875467622
0.572044991377
0.572205305605
0.572322459067
0.572374209446
0.572232762055
0.571389396448
0.572532425246
0.57180081125
0.572698401281
0.571786005511
0.572206015883
0.571788280272
0.571766141431
0.572498677851
0.573464060254
0.572238426798
0.572659968788
0.572098084845
0.571312707786
0.571868078598
0.571431672819
0.572230933905
0.572398487112
0.572259843761
0.571722281481
0.572208406519
0.572321113708
0.571856334618
0.571790898586
0.57205082689
0.571987959787
0.571970409259
0.571353927151
0.572280237609
0.57223569794
0.573198692083
0.571937469228
0.571811047337
0.572227457678
0.572930773038
0.571751906781
0.571507101068
0.5719244418
0.57163556485
0.571708723119
0.572416361173
0.57271605353
0.571906063852
0.572875547032
0.572346322362
0.572066842867
0.571016051105
0.571814354178
0.57219143252
0.571568171799
0.571475462327
0.570936876057
0.571562352251
0.572152404375
0.572008864049
0.572056650208
0.571418023896
0.572571408113
0.572155361827
0.57201874438
0.572112332662
0.572457365769
0.572840652924
0.572122985996
0.571068488801
0.571726747826
0.572834132674
0.572044937367
0.572172110885
0.571882258877
0.571565597259
0.570825576764
0.571769583511
0.572449765896
0.571848562566
0.572258922517
0.571969682081
0.571073104833
0.57158240731
0.571218704929
0.571743750133
0.572152945439
0.572695866477
0.572525847699
0.572388243285
0.571548496412
0.571390657822
0.572245888019
0.572295746603
0.572018989267
0.571388666745
0.571994368097
0.571720725734
0.572102110016
0.57234379987
0.571042412552
0.572755390461
0.572185235031
0.571792674786
0.572717443498
0.572422600756
0.571836179559
0.572700584606
0.572388308056
0.572497986528
0.571352027368
0.572830836063
0.571684361513
0.571745604525
0.572392188455
0.572168380308
0.571165686507
0.572537320618
0.571921472415
0.572851037668
0.571360658418
0.570983336489
0.57321623959
0.572318787947
0.572187360853
0.572570522543
0.57172407995
0.572529053533
0.571835256796
0.572217517783
0.57213263349
0.572090448245
0.571264349717
0.572237868258
0.572217736423
0.571973589869
0.571369480541
0.570672197929
0.57119206459
0.571375172449
0.571564224071
0.572174237996
0.571568398272
0.571517943634
0.572493063737
0.571279429237
0.571846063169
0.572550597849
0.572002845469
0.571802854183
0.572530780066
0.572078286274
0.571921396851
0.572385407667
0.572009347116
0.572141804052
0.572304855225
0.571418656915
0.571388827814
0.573037177249
0.571948925183
0.571082507651
0.571079917614
0.571889743337
0.572116549606
0.572144406526
0.572254589142
0.572435067314
0.572267713387
0.571327822189
0.571715504065
0.572436142156
0.571619270596
0.571480094009
0.571873802377
0.572115025523
0.573005596842
0.571736082677
0.572046472794
0.57157789778
0.572785445088
0.572000440584
0.572329520701
0.571145051561
0.572949119751
0.572922940839
0.572076956538
0.572055988436
0.572063053534
0.571665546458
0.572458994924
0.572213096272
0.571235270666
0.572373675697
0.572177706704
0.571975135099
0.572044068064
0.571487779232
0.572144273421
0.572112303314
0.572194005922
0.572182010948
0.57232467583
0.571827407878
0.572314999396
0.572514338222
0.572002198216
0.572152981783
0.571599989396
0.572170761816
0.571791368891
0.571972207063
0.572643461781
0.571208826008
0.5724633346
0.571988675951
0.571997108089
0.572194082375
0.572455648035
0.572431600876
0.571778666608
0.572721257348
0.571691725783
0.572259038195
0.57103235789
0.572112538403
0.571712588322
0.571567395323
0.572321681536
0.572421148847
0.571987195283
0.572623699733
0.571688293532
0.572197597374
0.571801223907
0.571657626778
0.571607746435
0.571677656936
0.57198565549
0.570685025004
0.572463298082
0.572549222204
0.571668760252
0.571404295905
0.57168277008
0.572471933053
0.5724001214
0.572442515871
0.572003366428
0.571235850696
0.571343557455
0.571478039223
0.570655065342
0.572693194935
0.572133526122
0.572372428323
0.5713616856
0.572409319156
0.571822198661
0.571841642441
0.571990894983
