1.00640673401
1.00823745282
1.00837052697
1.0097174689
1.00870747697
1.01104080472
1.01094464494
1.00671861218
1.00976349057
1.01006676576
1.01063904883
1.01497550305
1.01040169296
1.00936351749
1.00441266524
1.00889741008
1.01056153505
1.01226112258
1.01367220567
1.00286567563
1.00680045832
1.01003214641
1.00972527803
1.00600059291
1.00576790577
1.01080830386
1.00917534302
1.00960988108
1.00568646885
1.01372972363
1.0060855888
1.00500789228
1.01225813095
1.00811583392
1.01191337962
1.00995910437
1.00953851553
1.01100059882
1.01423260005
1.00998006873
1.00661325172
1.0106721248
1.0112392202
1.00690135407
1.00827000699
1.0100798631
1.00937100957
1.00674961777
1.01045765324
1.00758309113
1.01526530192
1.0084170379
1.00727783342
1.0090234328
1.00717355421
1.01451958353
1.00974344751
1.00663457
1.00925474989
1.01366506415
1.00771630064
1.00947368224
1.00719894645
1.00840237243
1.01300801901
1.01066124863
1.00822679081
1.00885952185
1.01027241436
1.007117638
1.01321367717
1.00628530402
1.01293288666
1.01015366279
1.00699807585
1.00990319781
1.00843134814
1.00591262273
1.0098223039
1.00464579299
1.00422278617
1.01080692142
1.00905841673
1.0144295395
1.00583529526
1.0106095235
1.00921654072
1.00888390549
1.01118434365
1.00808771684
1.00824400774
1.01024581665
1.01005752969
1.01208491772
1.00932486976
1.00643997042
1.00996330128
1.008312431
1.00738858866
1.01028863143
1.00847103522
1.01120666922
1.00695789376
1.00486220359
1.00951306386
1.0136745429
1.0054472197
1.0099400064
1.00701944264
1.00735198542
1.01110468668
1.01284033906
1.01518862895
1.00900346312
1.00906126732
1.01232124832
1.01021167099
1.01302945517
1.00749872524
1.01027599115
1.00345732069
1.00873750173
1.00984235787
1.01496389925
1.00945753978
1.00764367404
1.00808054322
1.01431805758
1.01237113583
1.00970654578
1.00849309617
1.01247894515
1.0087510856
1.00653960705
1.00408062169
1.00603106056
1.01403754218
1.005597695
1.00636683234
1.00711072176
1.01115632268
1.00922251128
1.0072068641
1.00633769442
1.00848947804
1.00748275629
1.01023666514
1.00565661834
1.00507882494
1.005012282
1.01058791623
1.00727004844
1.00839405631
1.00796066985
1.00388660121
1.00932746966
1.00804237507
1.00708359721
1.00078102743
1.00972911104
1.01006966564
1.00399678665
1.0093974384
1.00904726093
1.00881167161
1.00791485015
1.01007992153
1.01173837412
1.01419138867
1.01397291232
1.00830643336
1.00998422675
1.01397645777
1.00639245324
1.00839656053
1.00603745755
1.01035422592
1.01163141429
1.00704634658
1.01060603273
1.01262555285
1.01269975655
1.00126428476
1.00543448113
1.01252217054
1.00708687339
1.00728562274
1.00875849746
1.00746705997
1.00962294475
1.01274221825
1.00529995475
1.00746328425
1.00810576761
1.00345658447
1.01093332758
1.00917148039
1.01523109824
1.0131345487
1.01054484863
1.00616571875
1.01277259718
1.01423579095
1.01186742269
1.00547136376
1.01069915729
1.01218109597
1.01354002962
1.0155395095
1.01244922363
1.01211010709
1.01221627411
1.01103871073
1.00593381418
1.01226428003
1.00390595684
1.00723800463
1.01343979074
1.01068583584
1.00572443031
1.00718597662
1.00213811725
1.0072621094
1.00712402178
1.00813530634
1.01237959495
1.00995546397
1.00695344077
1.00550123417
1.0075088294
1.0076113325
1.01429462191
1.00741441062
1.00964111993
1.01353213062
1.01079164944
1.0092089143
1.01233933862
1.00904143218
1.00949664793
1.00727294298
1.01127590677
1.00887668905
1.00949336515
1.01026580447
1.01056746618
1.00875579925
1.00821300267
1.00936711752
1.01101101923
1.00602935852
1.01121050426
1.00658201424
1.01145566396
1.00672783715
1.01229072222
1.00844875105
1.00714442129
1.00869914552
1.01103575987
1.01139973279
1.00592425305
1.01257400517
1.00141677356
1.01592881775
1.00719160034
1.00814994433
1.01164068236
1.01007869442
1.00741895136
1.00747670647
1.00964704462
1.00910763036
1.00948356731
1.01276645909
1.01462699122
1.0082341038
1.00974697634
1.01195226718
1.00713720117
1.00793936953
1.01139054423
1.00628894271
1.0107956004
1.00910769009
1.0078373929
1.00739078763
1.00537504219
1.00846498746
1.01082058167
1.00920009401
1.00909530157
1.01017207294
1.00866828696
1.01084492684
1.01118707917
1.0098271301
1.00777461036
1.00992173093
1.0078806484
1.00827987178
1.00880971091
1.01053946328
1.00927638668
1.00597750264
1.00695401628
1.00597592465
1.0146454164
1.01433267745
1.01155529148
1.01030843419
1.00435517074
1.0118996281
1.00545912609
1.01103988207
1.01312162988
1.00926099922
1.00854370471
1.00866821835
1.00680938805
1.01269205515
1.0118040562
1.00814590996
1.01208212499
1.01080873097
1.01131721488
1.00791767591
1.01532573913
1.00270877902
1.0128357178
1.01014319245
1.01289343505
1.00521906206
1.01040698014
1.00463132475
1.00877361213
1.00855623088
1.0116305374
1.00410286033
1.00924266549
1.01459211773
1.00570764251
1.00630257886
1.00952350581
1.0110265825
1.00679260508
1.01287841852
1.00966954798
1.01234023923
1.01090530319
1.01142345203
1.00978802692
1.0058125755
1.01198274768
1.00851002999
1.0045798915
1.00945197808
1.00822265017
1.00977791675
1.00365606994
1.00708550629
1.01769940867
1.01160471391
1.0095156494
1.00852279585
1.00736752224
1.00936234941
1.00920329448
1.00671695938
1.01166796024
1.00763807053
1.00807248567
1.00784119409
1.00920324893
1.01023875073
1.00751231412
1.01349348444
1.01112566921
1.00846728935
1.00680325715
1.00897624061
1.00813677851
1.01367351122
1.01192500663
1.01466904494
1.01280829777
1.00704511916
1.00978248761
1.01141183583
1.00823131359
1.00874405829
1.0097083253
1.01322754114
1.00843705787
1.01450365103
1.0069086337
1.00883186157
1.01061708522
1.00930235408
1.00918240346
1.01075024691
1.00993986828
1.00765200136
1.0122305794
1.00490347924
1.00916750819
1.01289897538
1.0063006052
1.01265263025
1.00357556262
1.0081177137
1.01165749214
1.01077817838
1.00424741852
1.01189548036
1.00817761233
1.00530962005
1.00952663746
1.01026744766
1.01050233524
1.01364404617
1.00565101346
1.00511740723
1.01541684809
1.0067545698
1.01401246945
1.00611128914
1.01119277221
1.00662935295
1.01295173332
1.01162138778
1.00485004214
1.00739856667
1.01182746016
1.00836200599
1.01472057406
1.00567582417
1.01011547125
1.00641506925
1.00630502777
1.01137008871
1.01352226581
1.00733306821
1.00941620849
1.00577503124
1.00419330731
1.0051955965
1.00872913076
1.00921183822
1.0052080398
1.00842952933
1.01455159682
1.0102504419
1.01028611038
1.00756414641
1.00878586602
1.00678260367
1.0109904114
1.00798140012
1.00408863009
1.00761602945
1.00872155916
1.01096852815
1.0100660844
1.01017316382
1.01070534984
1.00978710523
1.01117767962
1.00682232165
1.00746053722
1.01106770401
1.0089425602
1.00919883462
1.01082293398
1.01267941963
1.00897237354
1.009892202
1.00837501671
1.01034005157
1.0098787491
1.0086479602
1.01016524162
1.0081629763
1.00839846426
1.00723008968
1.00559843391
1.00963623135
1.00997461463
1.00896366348
1.00273998578
1.01495687614
1.00902087646
1.01084573302
1.01203156309
1.00892142879
1.00317779362
1.01155344233
1.00592315907
1.01284315402
1.0141091101
1.00898896872
