-13.5949889262
-13.5738526131
-13.5991038936
-13.6133904398
-13.5772272305
-13.6528293096
-13.5720820306
-13.5372464865
-13.6178375272
-13.6261816649
-13.632659185
-13.7115032913
-13.6115157383
-13.6235993905
-13.5629135266
-13.5934045261
-13.6015441617
-13.6476371097
-13.6792565096
-13.5194466742
-13.589139549
-13.6217606224
-13.5874276423
-13.5447685952
-13.5620250895
-13.6708579568
-13.6298452888
-13.5693524152
-13.5715734607
-13.6960161847
-13.5864248486
-13.5758000537
-13.6387895525
-13.5959481439
-13.6364276909
-13.6680553644
-13.6174157726
-13.6405090489
-13.6751991353
-13.6074246889
-13.6168258232
-13.6042672808
-13.6765884817
-13.5545619711
-13.593419865
-13.6268722634
-13.6203289646
-13.5407328821
-13.5980908117
-13.6102973481
-13.690648346
-13.5936143957
-13.5973416643
-13.5848016406
-13.5637497896
-13.6857321766
-13.6330341484
-13.5781798341
-13.6196646834
-13.7081612955
-13.613223771
-13.6355057766
-13.6083670146
-13.6075844355
-13.6505645653
-13.5754453524
-13.5832180775
-13.5794885919
-13.6185602935
-13.567665109
-13.6388695892
-13.5679161111
-13.6498605561
-13.6519798914
-13.56088665
-13.6217947891
-13.6117250693
-13.5737397406
-13.6273301102
-13.5392054973
-13.5067372019
-13.6208253155
-13.5967450158
-13.6520735588
-13.5629232633
-13.6315800302
-13.5906489709
-13.6092699618
-13.6655471474
-13.6486584404
-13.58777608
-13.6405040587
-13.6298622521
-13.6638444027
-13.6008343205
-13.5768904585
-13.6164501342
-13.5651580127
-13.5670359728
-13.6316484116
-13.5649165672
-13.6469533313
-13.5733599592
-13.5515862601
-13.5855889091
-13.659661798
-13.5692227138
-13.6302634238
-13.6197152805
-13.605469219
-13.6548416535
-13.6761181773
-13.656683942
-13.6002927254
-13.5723190469
-13.6439593425
-13.6351683709
-13.6789736815
-13.6110589767
-13.6172620743
-13.4986792252
-13.6079248523
-13.6209706123
-13.6757233925
-13.60051448
-13.5926446736
-13.5953615508
-13.6769550667
-13.6427364361
-13.6286864499
-13.5762275645
-13.6227038099
-13.5802448129
-13.5360902374
-13.5221442105
-13.587291817
-13.6885855866
-13.541267604
-13.5241781503
-13.5411065361
-13.6302615602
-13.5682283459
-13.5640980746
-13.5627902368
-13.5744243437
-13.589220434
-13.6444626905
-13.5588072171
-13.5213230206
-13.5371079309
-13.631426301
-13.5793377727
-13.5871523385
-13.6003813803
-13.5411784406
-13.6151825898
-13.6130426681
-13.6267685465
-13.4791858921
-13.600575135
-13.6279957478
-13.5133985352
-13.6163770029
-13.602086586
-13.6005645021
-13.5926782826
-13.624328186
-13.6434400316
-13.6559205812
-13.6900903373
-13.594421845
-13.6156902797
-13.7068592977
-13.5926158205
-13.6445515672
-13.5684461272
-13.6283011777
-13.6591359398
-13.5676618087
-13.6301299751
-13.6983425681
-13.6517138031
-13.4940490752
-13.5762156784
-13.6820930232
-13.5661141795
-13.5137939219
-13.6028987451
-13.5912942659
-13.5820616142
-13.614079671
-13.5304769043
-13.5822267211
-13.5976495429
-13.4916044165
-13.6334703395
-13.6026529624
-13.6979808591
-13.7182419106
-13.6258661484
-13.5637845813
-13.611715913
-13.6767752655
-13.6601028263
-13.5769517844
-13.624443643
-13.629250983
-13.670720696
-13.6701315
-13.6620349119
-13.6436364445
-13.6784356013
-13.6586237531
-13.5658873401
-13.6440364193
-13.5696418423
-13.5328058054
-13.6775604125
-13.6486779005
-13.5388875636
-13.5873142484
-13.5144817297
-13.5870951841
-13.5650784851
-13.598354669
-13.6825652229
-13.6225539681
-13.5876484062
-13.5405709745
-13.6377284834
-13.5838368991
-13.6578332597
-13.5800200993
-13.6542710416
-13.6963597056
-13.6197365828
-13.6238004613
-13.6685805345
-13.6027661959
-13.6503565694
-13.6334447759
-13.6316158808
-13.5834467714
-13.6618569215
-13.617631533
-13.6003653794
-13.6131606621
-13.5846305101
-13.6555847537
-13.6507862857
-13.5738844693
-13.6527720327
-13.5592880445
-13.6483830307
-13.6101517862
-13.6684557553
-13.5778743015
-13.6150388658
-13.6208891711
-13.6264076863
-13.6606120666
-13.5508561733
-13.7069924385
-13.4893599465
-13.7066450968
-13.6138225444
-13.6211988875
-13.6401752575
-13.6614446981
-13.6039142907
-13.5774897906
-13.6446546818
-13.5731320093
-13.6103255399
-13.6891396694
-13.6958434016
-13.5713884564
-13.5917071835
-13.6581893752
-13.5859172354
-13.6048708761
-13.6309221992
-13.5578945558
-13.6400769795
-13.6109270393
-13.6132262818
-13.6211722376
-13.5373969014
-13.6286452961
-13.6549750383
-13.6250543935
-13.6140601561
-13.6530959261
-13.594954502
-13.6346558397
-13.6237999185
-13.5967803568
-13.5713246818
-13.6141587886
-13.5590719116
-13.5939040202
-13.5833909777
-13.6104574926
-13.5995703671
-13.5545762738
-13.5995196593
-13.5653284273
-13.7027248555
-13.6801075074
-13.6194616587
-13.6325688872
-13.5810020507
-13.6645988431
-13.5379445847
-13.6510216488
-13.6485418926
-13.5972171964
-13.5994147209
-13.6360893747
-13.5536604943
-13.6384015868
-13.6267965931
-13.5601054779
-13.6259292062
-13.6260483199
-13.6542938408
-13.5614360953
-13.6858445887
-13.493970688
-13.6586771664
-13.6353735924
-13.6905330623
-13.5725687232
-13.6221532386
-13.4870787093
-13.5834724685
-13.6022633363
-13.6379685614
-13.5442477299
-13.6102497563
-13.6350432832
-13.5549829832
-13.5713056795
-13.6055630295
-13.6229089392
-13.6110840114
-13.6556504053
-13.6546604901
-13.6648109274
-13.629355252
-13.6414703977
-13.6168777069
-13.5520653228
-13.6475056158
-13.6208034634
-13.5410826079
-13.580397023
-13.5852282002
-13.6173202888
-13.5597830418
-13.5380957322
-13.6933157027
-13.6770331104
-13.6059387313
-13.6336730005
-13.5728924656
-13.6334896864
-13.6196880405
-13.598486329
-13.6314922434
-13.5764578507
-13.5689434387
-13.5596778118
-13.6233806795
-13.6182557028
-13.5903537416
-13.6630799629
-13.6130250946
-13.6017421712
-13.5593831322
-13.6145352474
-13.5871696333
-13.6994449408
-13.6620694432
-13.6985128656
-13.6333056158
-13.5611122403
-13.5982503975
-13.6742411569
-13.6073562191
-13.6172204074
-13.6603324433
-13.6467468486
-13.6144588089
-13.7054297899
-13.5739439279
-13.6379234039
-13.6119169815
-13.5741525773
-13.5923615364
-13.6517676342
-13.6021034358
-13.5786223145
-13.6213934824
-13.5327536233
-13.6283708231
-13.6876049555
-13.6063707559
-13.698384759
-13.5228426229
-13.629862224
-13.6633693042
-13.6346017787
-13.5260927183
-13.7000659738
-13.5962416718
-13.5569228784
-13.6022278914
-13.6697504545
-13.6506853255
-13.7000450566
-13.5941838292
-13.5187728781
-13.6467293306
-13.5657437396
-13.7095596656
-13.6018369229
-13.6508014984
-13.5559387541
-13.678807999
-13.614247438
-13.5708656519
-13.5763091728
-13.6389675078
-13.5899400753
-13.6645254519
-13.5871529827
-13.5890760492
-13.5912684894
-13.5909612833
-13.6322955482
-13.6833758085
-13.5737273555
-13.6090546902
-13.5438057734
-13.5276025773
-13.5404646157
-13.5822323243
-13.5827132704
-13.5648221015
-13.5890897625
-13.7019455564
-13.6405160443
-13.6136313887
-13.5634419667
-13.6060858565
-13.5601041333
-13.6038436648
-13.5856699907
-13.5432730963
-13.6063541131
-13.6115163271
-13.6421408271
-13.6285737922
-13.5787597115
-13.663506531
-13.6259038892
-13.6220059704
-13.580811863
-13.530822154
-13.6152319987
-13.6214921722
-13.6284200903
-13.6534230304
-13.6713183859
-13.60135582
-13.5718429692
-13.5929659149
-13.6432491933
-13.5658664239
-13.6200646066
-13.643441435
-13.5753000057
-13.6142194188
-13.6199238369
-13.5385878659
-13.6265176774
-13.6313238456
-13.609465293
-13.4980915188
-13.6703026044
-13.600713817
-13.621717975
-13.6618050568
-13.6511059734
-13.5164670866
-13.6414778825
-13.5525602248
-13.621554146
-13.6813428165
-13.6067642304
