-19.212457898
-19.200893367
-19.2636278446
-19.2257409594
-19.2442036316
-19.3399904352
-19.2095132758
-19.1695499739
-19.2672962687
-19.2515211139
-19.2821412742
-19.4182862153
-19.2084331681
-19.2613094585
-19.1752101021
-19.2028152422
-19.2322463727
-19.3682871968
-19.3674630299
-19.1245674825
-19.1863490452
-19.2552333234
-19.1768122295
-19.1916389409
-19.1303328041
-19.2709442731
-19.2137950645
-19.2515691998
-19.1998788304
-19.4115917662
-19.1712989615
-19.1763920854
-19.3021375218
-19.25007495
-19.2771023763
-19.2696298201
-19.1901653228
-19.2808263557
-19.3235468406
-19.2237430926
-19.2303899527
-19.246991992
-19.3401889128
-19.2144115587
-19.196145742
-19.2697239069
-19.2030476091
-19.1381081739
-19.2836284993
-19.2318950582
-19.3670636645
-19.1688096411
-19.2142982256
-19.2150726183
-19.1539281338
-19.3280782621
-19.2415133204
-19.1992685002
-19.2535928584
-19.3679416364
-19.1888576282
-19.240722292
-19.2562971153
-19.2431729629
-19.2941428664
-19.245192671
-19.2246499522
-19.2148588751
-19.270252687
-19.2174961401
-19.3370242699
-19.141516358
-19.30872468
-19.2985751209
-19.1336452641
-19.2533703368
-19.2172368773
-19.2328821028
-19.2797915193
-19.133230065
-19.1001979573
-19.2988744151
-19.2704718725
-19.3164272599
-19.1653275453
-19.2727077874
-19.1958749743
-19.2224932153
-19.2887461698
-19.2913693743
-19.2410470462
-19.2657070699
-19.2920245097
-19.3556045614
-19.1671735276
-19.173178205
-19.2521793552
-19.1966291978
-19.1780142297
-19.295180304
-19.2022776657
-19.2772268841
-19.2158615332
-19.1284531718
-19.2102408622
-19.3205506776
-19.1658912984
-19.2985418263
-19.2499819824
-19.1856082356
-19.2798409987
-19.3160223783
-19.3592504286
-19.2236103789
-19.1910482362
-19.2963970958
-19.2646651168
-19.3532955539
-19.1983138618
-19.2540283314
-19.0463890258
-19.2596369853
-19.2277673776
-19.3800696747
-19.2143127007
-19.2348065154
-19.19650135
-19.3076866241
-19.3252453053
-19.2376597199
-19.1925149327
-19.2706771189
-19.2082918293
-19.1368704725
-19.1124909822
-19.1988412268
-19.3337022132
-19.1360106783
-19.1273114773
-19.1739360606
-19.2873492583
-19.2222814587
-19.1245889013
-19.2087883669
-19.2300094001
-19.2150432811
-19.3283830805
-19.1409635412
-19.1019713308
-19.1331623465
-19.2910058864
-19.1974302508
-19.2138001749
-19.1792911117
-19.1692495039
-19.2933958424
-19.2306676548
-19.2445839248
-19.0101292271
-19.2700773676
-19.2590378829
-19.0980785655
-19.2309957997
-19.220646622
-19.1982495815
-19.2350695338
-19.2954530676
-19.2313574033
-19.3172134269
-19.3722429623
-19.2264584011
-19.2858544794
-19.3635296586
-19.1577884594
-19.2565782565
-19.1672553033
-19.2464979281
-19.3285072682
-19.1694720963
-19.2605792038
-19.3515688204
-19.2953704534
-19.0644703724
-19.2094447321
-19.313788053
-19.141337335
-19.1891451035
-19.257225283
-19.2132984764
-19.2262330329
-19.2689382906
-19.1477545186
-19.1664630311
-19.2920510346
-19.0988468513
-19.3000942896
-19.2718128065
-19.3880724107
-19.3843891257
-19.2737467707
-19.1881137019
-19.2972796524
-19.3365826088
-19.2748986541
-19.1865859904
-19.311605253
-19.2553416744
-19.3311738154
-19.3818746199
-19.3296150706
-19.3093120775
-19.3281244187
-19.3140883243
-19.1656689527
-19.2810111634
-19.1291204975
-19.1447799434
-19.3539147074
-19.2974503175
-19.1279503526
-19.2046624
-19.0472810531
-19.1883582696
-19.2247661434
-19.2275084216
-19.3783581493
-19.2674787265
-19.1922516853
-19.1391874634
-19.2889438803
-19.2402431121
-19.3022218656
-19.2326741135
-19.2458599481
-19.3971048529
-19.2896359329
-19.2604960547
-19.2922901722
-19.1979197222
-19.2343677631
-19.2673556457
-19.2626278952
-19.1710615059
-19.3031272147
-19.2437130532
-19.2495261088
-19.2098625138
-19.2159605485
-19.248062468
-19.3161605042
-19.1616672561
-19.3065963001
-19.1878777673
-19.2611909211
-19.1680495529
-19.3200343667
-19.1580123177
-19.2335714456
-19.2777132638
-19.2598392717
-19.3563705802
-19.1511144121
-19.3529010139
-19.0679853865
-19.3984829745
-19.2390910379
-19.2465682193
-19.2913191422
-19.3137665387
-19.2462413958
-19.2410843258
-19.3108351077
-19.2289141771
-19.2352911475
-19.3552375171
-19.3328040627
-19.1926601429
-19.226174579
-19.3033125142
-19.1525935987
-19.2624584789
-19.3059366939
-19.1838659345
-19.3353905141
-19.2541401919
-19.2147791435
-19.2226047164
-19.1629673315
-19.22196884
-19.3005903374
-19.2498257105
-19.2943433527
-19.3222348326
-19.21640918
-19.2940118759
-19.2901165839
-19.2695112228
-19.2074362741
-19.2468267605
-19.1715298664
-19.2199656831
-19.2283642297
-19.212019562
-19.2249897533
-19.167122204
-19.2267379632
-19.1280996367
-19.3456377885
-19.330687532
-19.2970962097
-19.288494277
-19.1304784819
-19.3253713341
-19.1418168337
-19.3228018114
-19.3165705301
-19.2721961762
-19.2517903059
-19.2838617145
-19.1682843062
-19.2891261499
-19.2632628679
-19.2284969008
-19.2888491436
-19.254041584
-19.3253398327
-19.1440104088
-19.290138477
-19.0448585952
-19.3261606002
-19.2956695069
-19.3655055591
-19.1680426307
-19.22679678
-19.0741219594
-19.2443599394
-19.2396839935
-19.2840326677
-19.1738935321
-19.2201004493
-19.3460659825
-19.1110288053
-19.1542195646
-19.2491206108
-19.2461392371
-19.2104177278
-19.3110324153
-19.2830994019
-19.3113617153
-19.2330255076
-19.3108304595
-19.2210545325
-19.1760354204
-19.2789750002
-19.2344640266
-19.1450157563
-19.2241100447
-19.1729935679
-19.2289751164
-19.1379690825
-19.161586163
-19.4108705369
-19.26998548
-19.2414355776
-19.2632227014
-19.1553478516
-19.2926482872
-19.2017321845
-19.2500285787
-19.2692100679
-19.1781579076
-19.1634640627
-19.2237584936
-19.2581102602
-19.2463127463
-19.2383960863
-19.3504692117
-19.2965904509
-19.2724326859
-19.2167418176
-19.2655089705
-19.2239651189
-19.3982674576
-19.3358585808
-19.3539961135
-19.3030138422
-19.1891722555
-19.1949500305
-19.3089629535
-19.2309676089
-19.2188097473
-19.2933417247
-19.2895629467
-19.2140000981
-19.3715828026
-19.1684164736
-19.268220664
-19.2790862108
-19.2330273542
-19.1383811886
-19.2772319927
-19.2659997056
-19.2500354131
-19.2731276463
-19.1151962748
-19.268457254
-19.3436295349
-19.2103769049
-19.3489512669
-19.1473296201
-19.2738790823
-19.3235376437
-19.3031011935
-19.1368247716
-19.3793823179
-19.2280673948
-19.1428148915
-19.2733428633
-19.3254649938
-19.3140043899
-19.3461161894
-19.218707254
-19.0805962891
-19.3524020493
-19.1251154343
-19.34046189
-19.2074420214
-19.2957920406
-19.1623061653
-19.3571062643
-19.2033741534
-19.1372855873
-19.2255273366
-19.2754463862
-19.1967669351
-19.3151196183
-19.2286654307
-19.2591750093
-19.2040731251
-19.1923061827
-19.2779060586
-19.3179518095
-19.1726704022
-19.273197352
-19.1256381637
-19.1126012267
-19.1385044267
-19.2010812375
-19.2351194078
-19.1845773272
-19.2374529334
-19.3918124351
-19.2508885982
-19.3002297763
-19.1618571041
-19.2099593807
-19.1602815901
-19.2376433798
-19.1607117716
-19.1647825223
-19.2567263188
-19.2205349433
-19.2805054503
-19.2698454017
-19.2667555789
-19.3108050413
-19.2401816307
-19.2733878746
-19.1555923251
-19.0963938952
-19.250525973
-19.2525813156
-19.2810152747
-19.2895065961
-19.3548585218
-19.2453637383
-19.216767265
-19.2503301827
-19.2638646973
-19.2522136305
-19.2199146251
-19.2607049031
-19.1913874629
-19.2654801286
-19.2784096053
-19.1192159227
-19.2280916924
-19.2508312399
-19.2207122245
-19.1214816559
-19.3641344594
-19.2709672395
-19.3224104222
-19.2684215587
-19.2898983539
-19.1101855099
-19.3227916204
-19.1313413025
-19.2879391503
-19.3596816724
-19.2368525737
