8.33586394647e-01
8.48955713346e-01
8.26175421552e-01
8.45054160361e-01
8.13396297227e-01
8.34998894692e-01
8.20652183240e-01
8.32571507783e-01
8.27485787593e-01
8.33957005254e-01
8.48235739602e-01
8.21575068931e-01
8.22271060264e-01
8.19087413221e-01
8.38900578073e-01
8.38526179941e-01
8.30832882550e-01
8.39257042179e-01
8.34952387259e-01
8.20440086060e-01
8.22062820913e-01
8.33280287236e-01
8.19698561344e-01
8.32238565984e-01
8.18741104865e-01
8.30098921646e-01
8.28751466923e-01
8.36712547621e-01
8.30328025814e-01
8.30744336331e-01
8.23574195416e-01
8.27185194316e-01
8.17664728640e-01
8.31138782166e-01
8.27917226939e-01
8.22444150869e-01
8.27222256145e-01
8.31056094578e-01
8.25979642936e-01
8.27773476412e-01
8.33691202331e-01
8.23068854117e-01
8.23149214015e-01
8.29915087144e-01
8.28284816811e-01
8.20972159598e-01
8.28803775943e-01
8.35907303208e-01
8.28814824861e-01
8.38054114845e-01
8.27224209186e-01
8.35999249875e-01
8.41168521627e-01
8.17703232859e-01
8.15585884938e-01
8.21943847319e-01
8.24840174768e-01
8.27282016545e-01
8.32466952501e-01
8.22233121799e-01
8.24916126355e-01
8.21345824336e-01
8.16703556984e-01
8.39816138489e-01
8.39512648451e-01
8.27051430165e-01
8.17398248965e-01
8.24444914055e-01
8.23146426727e-01
8.27260786668e-01
8.27805649511e-01
8.33438330655e-01
8.42146287649e-01
8.25283079709e-01
8.27673328890e-01
8.28860339619e-01
8.34259165686e-01
8.23228037266e-01
8.29380166922e-01
8.21626029209e-01
8.32579498807e-01
8.39227409217e-01
8.26608784967e-01
8.28939810109e-01
8.24164537791e-01
8.39861871390e-01
8.15788374449e-01
8.21452251234e-01
8.18890363388e-01
8.15504402636e-01
8.18323511404e-01
8.24658240336e-01
8.25463528208e-01
8.31430526463e-01
8.27215107215e-01
8.32547102336e-01
8.30647176708e-01
8.24008967650e-01
8.37234670723e-01
8.29117254373e-01
8.05191163075e-01
8.25527182326e-01
8.28120274829e-01
8.36997137006e-01
8.19258028934e-01
8.24217321338e-01
8.30189638113e-01
8.22992974261e-01
8.28655377740e-01
8.37851799675e-01
8.24385324459e-01
8.26393941595e-01
8.30707944140e-01
8.14891976171e-01
8.11932570981e-01
8.23262269870e-01
8.30591302910e-01
8.37967729183e-01
8.26654387657e-01
8.19540799723e-01
8.31225533080e-01
8.30532619200e-01
8.18274023357e-01
8.40107742521e-01
8.25809984900e-01
8.16225789694e-01
8.23024106532e-01
8.23296861912e-01
8.20908363976e-01
8.21973268504e-01
8.29608418297e-01
8.40953042430e-01
8.32476589676e-01
8.26371330063e-01
8.15122462451e-01
8.33825672781e-01
8.39523559526e-01
8.26778887634e-01
8.41231114570e-01
8.24950349157e-01
8.27920699571e-01
8.17245200560e-01
8.31176146405e-01
8.29196036415e-01
8.31384683201e-01
8.39959009555e-01
8.24050466783e-01
8.13705430577e-01
8.29728115391e-01
8.25011143570e-01
8.39278733569e-01
8.17946289718e-01
8.41455833589e-01
8.27072263384e-01
8.39318988740e-01
8.23263813751e-01
8.31511198611e-01
8.17415119087e-01
8.20450688116e-01
8.34164202372e-01
8.30383802853e-01
8.27871258574e-01
8.26072204118e-01
8.36208413459e-01
8.11672649353e-01
8.37681852950e-01
8.26246157596e-01
8.28471964187e-01
8.35332445735e-01
8.32139564695e-01
8.33841630524e-01
8.40052302449e-01
8.28515349012e-01
8.27181083132e-01
8.36886403842e-01
8.39458691573e-01
8.11012909369e-01
8.34354727637e-01
8.39324600894e-01
8.18968943504e-01
8.19677370291e-01
8.22416464010e-01
8.20837868791e-01
8.23497762093e-01
8.23288679020e-01
8.41650713587e-01
8.27221798011e-01
8.37370129548e-01
8.21112430717e-01
8.11360679631e-01
8.36373420359e-01
8.12330887888e-01
8.25394343630e-01
8.35464420640e-01
8.19472703020e-01
8.47415109499e-01
8.32750435000e-01
8.23661496622e-01
8.29640673238e-01
8.29255455241e-01
8.34991986124e-01
8.34971967317e-01
8.47815427300e-01
8.24127818114e-01
8.40326522566e-01
8.28172416065e-01
8.30579968185e-01
8.06020395202e-01
8.34316476745e-01
8.19882022891e-01
8.33078040504e-01
8.28418304492e-01
8.24490322566e-01
8.23082322682e-01
8.31988320207e-01
8.27855697844e-01
8.30405182056e-01
8.27109469422e-01
8.39159643422e-01
8.16065815752e-01
8.22263765542e-01
8.06602104565e-01
8.31034910640e-01
8.35768366117e-01
8.32520985039e-01
8.37731982363e-01
8.14424130057e-01
8.37809179761e-01
8.43666515415e-01
8.37496937680e-01
8.29089710816e-01
8.30020236345e-01
8.32251887453e-01
8.19561489500e-01
8.36116774876e-01
8.23544729267e-01
8.26109172055e-01
8.36158776935e-01
8.34029395189e-01
8.50383411361e-01
8.26939811641e-01
8.24636405455e-01
8.13607062489e-01
8.23515949308e-01
8.31485690209e-01
8.30957769621e-01
8.23799106269e-01
8.32745275866e-01
8.34087144528e-01
8.30517153563e-01
8.35018456608e-01
8.29568251484e-01
8.22173260169e-01
8.14954024894e-01
8.28351736035e-01
8.23830938169e-01
8.23743110788e-01
8.40516593001e-01
8.17886034530e-01
8.26396054784e-01
8.23471096217e-01
8.37661656525e-01
8.32649683842e-01
8.46096508610e-01
8.34280627290e-01
8.37000190109e-01
8.37398784449e-01
8.24230677334e-01
8.09655334077e-01
8.26338744234e-01
8.28384685506e-01
8.30562096477e-01
8.21822435764e-01
8.22668079327e-01
8.40736633832e-01
8.34492170734e-01
8.16576062991e-01
8.28767953939e-01
8.22818477586e-01
8.32005508255e-01
8.25733866058e-01
8.40763851175e-01
8.38151058577e-01
8.13979988140e-01
8.29636524906e-01
8.29048303622e-01
8.27961125868e-01
8.19704989274e-01
8.35523120770e-01
8.26578903095e-01
8.12826775025e-01
8.19197576644e-01
8.41377218145e-01
8.18314989903e-01
8.12689717680e-01
8.24200195591e-01
8.33409695767e-01
8.18101801417e-01
8.32058762062e-01
8.15812122432e-01
8.23764072749e-01
8.27019907246e-01
8.20514188865e-01
8.35708704726e-01
8.30466537841e-01
8.24296418608e-01
8.45994361843e-01
8.15735779992e-01
8.37369058929e-01
8.22111365373e-01
8.34089998449e-01
8.31250932775e-01
8.32297617340e-01
8.26579981044e-01
8.35581134416e-01
8.16521578079e-01
8.23273910195e-01
8.31622667226e-01
8.25630847883e-01
8.31038463671e-01
8.26364478994e-01
8.25447855689e-01
8.35838090129e-01
8.19552693949e-01
8.16797366042e-01
8.19606138025e-01
8.27838991123e-01
8.28437566038e-01
8.28122209982e-01
8.26378974791e-01
8.20828128518e-01
8.18745642262e-01
8.36353029003e-01
8.26817475292e-01
8.19251497869e-01
8.29255900992e-01
8.28514265000e-01
8.43063459337e-01
8.32577265684e-01
8.24218728394e-01
8.28923573927e-01
8.40000638264e-01
8.17034163584e-01
8.17651743728e-01
8.22405066310e-01
8.25004918891e-01
8.38960653769e-01
8.42966911262e-01
8.20308688572e-01
8.26081325078e-01
8.27266726998e-01
8.22004696121e-01
8.38427130286e-01
8.25001785487e-01
8.28698952875e-01
8.23161984840e-01
8.30396449282e-01
8.17793766571e-01
8.36298062754e-01
8.17831435364e-01
8.20500459579e-01
8.35340164211e-01
8.21243621334e-01
8.28854605594e-01
8.30917743092e-01
8.40413464376e-01
8.35609969097e-01
8.23768406629e-01
8.15774169004e-01
8.25394779290e-01
8.25773704280e-01
8.13112997940e-01
8.14240820304e-01
8.28270591924e-01
8.26001337439e-01
8.38820897618e-01
8.25414661017e-01
8.35486556868e-01
8.16952278985e-01
8.24763059446e-01
8.49141389460e-01
8.22064950952e-01
8.31507321333e-01
8.23083050248e-01
8.26141204851e-01
8.32256230660e-01
8.24142835074e-01
8.20544843325e-01
8.27947386668e-01
8.34828250451e-01
8.37644722842e-01
8.28129498572e-01
8.42189873153e-01
8.18327012098e-01
8.29737556310e-01
8.26654305364e-01
8.17383411975e-01
8.27718961604e-01
8.22833151348e-01
8.29942188689e-01
8.37920067492e-01
8.35067830859e-01
8.24676664105e-01
8.26979021686e-01
8.17745010869e-01
8.31281793082e-01
8.21725897996e-01
8.36647976553e-01
8.32569961887e-01
8.33832714475e-01
8.24468274951e-01
8.25585324118e-01
8.11931829579e-01
8.33555729810e-01
8.18646615323e-01
8.36628190295e-01
8.33250832092e-01
8.21960225236e-01
8.09694478737e-01
8.16235579282e-01
8.32471693129e-01
8.26291895011e-01
8.33882389684e-01
8.26824700342e-01
8.19703534228e-01
8.37410465250e-01
8.29243333562e-01
8.14566767573e-01
8.34581822197e-01
8.38979116416e-01
8.33714057198e-01
8.21900692851e-01
8.20502119599e-01
8.37026434150e-01
8.41790322593e-01
8.28346914115e-01
8.24768251466e-01
8.27249697893e-01
8.35333484414e-01
8.29393573691e-01
8.22539300432e-01
8.25625729264e-01
8.17564666874e-01
8.32427333380e-01
8.26514428625e-01
8.21237697503e-01
8.23259556290e-01
8.36360781723e-01
8.31077596026e-01
8.29195314402e-01
8.44507706172e-01
8.31335280245e-01
8.28257942946e-01
8.38420028005e-01
8.20304952387e-01
8.29283468322e-01
8.33317036576e-01
8.27006838141e-01
8.36201197219e-01
8.19978082871e-01
8.29002681113e-01
8.39245721207e-01
8.27013211405e-01
8.26677415524e-01
8.20188767461e-01
8.24555305086e-01
8.32792178225e-01
8.08536464590e-01
8.28723692287e-01
8.31395966971e-01
8.24667205939e-01
8.37536393987e-01
8.25389410452e-01
8.38393488520e-01
8.24187021231e-01
8.16636613580e-01
8.10332985113e-01
8.25683389362e-01
8.25510103397e-01
8.30109458195e-01
8.26560308330e-01
8.24234276860e-01
8.29323327078e-01
8.22841930586e-01
8.30315186206e-01
8.27650306303e-01
8.30499372478e-01
8.21519960702e-01
8.32177700330e-01
8.35119067712e-01
8.29791125324e-01
8.34381456093e-01
8.28696734069e-01
8.27788728697e-01
8.23212510066e-01
8.18876107987e-01
8.14306246155e-01
8.24647546992e-01
8.22757420274e-01
8.17706404553e-01
8.27451979682e-01