-4.71231299761e+00
-4.71148055760e+00
-4.71268157237e+00
-4.71133703272e+00
-4.71580593701e+00
-4.71037437833e+00
-4.70646385404e+00
-4.71283615824e+00
-4.71393942767e+00
-4.71247919597e+00
-4.70728991204e+00
-4.71347034649e+00
-4.71133403883e+00
-4.71449644179e+00
-4.70936557259e+00
-4.71643170692e+00
-4.70978873756e+00
-4.70901638011e+00
-4.71074423337e+00
-4.71199009621e+00
-4.71375418454e+00
-4.71319333144e+00
-4.71428470457e+00
-4.71362567710e+00
-4.71211178680e+00
-4.71488446005e+00
-4.71574408139e+00
-4.70837794202e+00
-4.71046361012e+00
-4.71163348470e+00
-4.71373919375e+00
-4.71444981579e+00
-4.71140773746e+00
-4.70998510401e+00
-4.70959441756e+00
-4.71317234378e+00
-4.71377958733e+00
-4.71427573921e+00
-4.70991422578e+00
-4.71222814683e+00
-4.71046293391e+00
-4.71125441587e+00
-4.71353502093e+00
-4.71884371615e+00
-4.71753683504e+00
-4.71104240804e+00
-4.71706279518e+00
-4.71432741474e+00
-4.71178862854e+00
-4.70689715353e+00
-4.71329482484e+00
-4.71287130860e+00
-4.71054227295e+00
-4.71217502817e+00
-4.71489727286e+00
-4.71844060990e+00
-4.71397067372e+00
-4.71195518179e+00
-4.71437110263e+00
-4.71342516955e+00
-4.70952740326e+00
-4.71111881289e+00
-4.71011536079e+00
-4.71147120984e+00
-4.71357584825e+00
-4.70750925355e+00
-4.71351636243e+00
-4.70892061431e+00
-4.71104680757e+00
-4.71041149784e+00
-4.71182548473e+00
-4.71036121993e+00
-4.71330939582e+00
-4.71195978330e+00
-4.71537272097e+00
-4.71183614633e+00
-4.70988204558e+00
-4.71517441760e+00
-4.70819792333e+00
-4.70931467409e+00
-4.70996492364e+00
-4.71358799218e+00
-4.71091500808e+00
-4.71378765513e+00
-4.70872801884e+00
-4.71063023250e+00
-4.71189312733e+00
-4.70720500393e+00
-4.71224032024e+00
-4.71184786078e+00
-4.71436668398e+00
-4.71160811030e+00
-4.71036175890e+00
-4.71534413249e+00
-4.71234973147e+00
-4.71481462193e+00
-4.71189880695e+00
-4.71109648777e+00
-4.71273290833e+00
-4.71126997531e+00
-4.71070813287e+00
-4.71197112188e+00
-4.71187733524e+00
-4.71255543988e+00
-4.70823003235e+00
-4.71192795877e+00
-4.71685622397e+00
-4.71194395648e+00
-4.70888866634e+00
-4.70862794220e+00
-4.71620816176e+00
-4.70908789277e+00
-4.70913388151e+00
-4.71645633330e+00
-4.71002972097e+00
-4.71344537351e+00
-4.71238368707e+00
-4.71026319388e+00
-4.71337273224e+00
-4.71153995972e+00
-4.71245018226e+00
-4.70996028751e+00
-4.71150312894e+00
-4.70767655046e+00
-4.70834949023e+00
-4.70838498602e+00
-4.71253751355e+00
-4.71211338928e+00
-4.71054181229e+00
-4.70849258228e+00
-4.70769752796e+00
-4.71039009749e+00
-4.71231992340e+00
-4.71451591000e+00
-4.71107120956e+00
-4.71154949064e+00
-4.71258424947e+00
-4.71224270953e+00
-4.71101793215e+00
-4.71418793414e+00
-4.71242645227e+00
-4.71333332765e+00
-4.70921904798e+00
-4.71220932232e+00
-4.71063944610e+00
-4.71312688716e+00
-4.71066108096e+00
-4.71446625523e+00
-4.71330567712e+00
-4.70891786356e+00
-4.70970509785e+00
-4.70960586314e+00
-4.71022517180e+00
-4.70599331817e+00
-4.71138449608e+00
-4.71523614094e+00
-4.71177636932e+00
-4.71237393378e+00
-4.71390982626e+00
-4.71153049590e+00
-4.71331390755e+00
-4.71606879504e+00
-4.71029760554e+00
-4.71545768868e+00
-4.71286384874e+00
-4.70836599267e+00
-4.71232857329e+00
-4.70745071352e+00
-4.70903625143e+00
-4.71546808969e+00
-4.71268039135e+00
-4.71050107347e+00
-4.70944900985e+00
-4.71712222535e+00
-4.71006715848e+00
-4.71577436196e+00
-4.71172177629e+00
-4.71581332045e+00
-4.71340817803e+00
-4.71120793886e+00
-4.71283613954e+00
-4.71132870178e+00
-4.70936608407e+00
-4.71462318352e+00
-4.71411912344e+00
-4.71530516025e+00
-4.70682424481e+00
-4.70947123493e+00
-4.71056505943e+00
-4.70982604370e+00
-4.71190598592e+00
-4.70787808449e+00
-4.71549985388e+00
-4.70911351142e+00
-4.71405609591e+00
-4.70852026244e+00
-4.70832928279e+00
-4.71510734853e+00
-4.71414954831e+00
-4.71539034573e+00
-4.71206942716e+00
-4.71193242287e+00
-4.71291466256e+00
-4.71258288790e+00
-4.71409256009e+00
-4.70832170661e+00
-4.70927002954e+00
-4.71786306893e+00
-4.70905600677e+00
-4.70835860947e+00
-4.71303202266e+00
-4.71360465150e+00
-4.70894003616e+00
-4.71157633167e+00
-4.70899438306e+00
-4.70733436030e+00
-4.70835124838e+00
-4.71477849461e+00
-4.70962789185e+00
-4.71131275924e+00
-4.71211956872e+00
-4.71236361890e+00
-4.70734881613e+00
-4.70719384192e+00
-4.70988965798e+00
-4.71352725342e+00
-4.71295323455e+00
-4.71659700165e+00
-4.71368936559e+00
-4.71126736063e+00
-4.70679829693e+00
-4.70770165921e+00
-4.71300234891e+00
-4.71089248715e+00
-4.71306914143e+00
-4.70921605025e+00
-4.70727171009e+00
-4.71257063667e+00
-4.71009862069e+00
-4.70908057623e+00
-4.71089758824e+00
-4.70855061618e+00
-4.70902144251e+00
-4.70925985313e+00
-4.71538677407e+00
-4.70759219375e+00
-4.71323822007e+00
-4.71150476546e+00
-4.70915601597e+00
-4.71322177034e+00
-4.71028941891e+00
-4.71223909924e+00
-4.70822528022e+00
-4.70814877320e+00
-4.71494757730e+00
-4.71431779219e+00
-4.71723108308e+00
-4.71280660799e+00
-4.71385374752e+00
-4.71231225676e+00
-4.71279114543e+00
-4.71519616548e+00
-4.71357849622e+00
-4.71261143361e+00
-4.70973061749e+00
-4.71368618362e+00
-4.70987964422e+00
-4.71252985589e+00
-4.71190255750e+00
-4.71378259754e+00
-4.70964143813e+00
-4.70817223943e+00
-4.71011295191e+00
-4.71450625769e+00
-4.71801371803e+00
-4.71170785541e+00
-4.71044652335e+00
-4.71358704058e+00
-4.71360487495e+00
-4.71264462513e+00
-4.71134020612e+00
-4.71360289090e+00
-4.71131412192e+00
-4.71285027024e+00
-4.71132915541e+00
-4.71668051031e+00
-4.71458784742e+00
-4.71175591658e+00
-4.70960511238e+00
-4.70891567231e+00
-4.71109655892e+00
-4.71203341557e+00
-4.71043480930e+00
-4.71386495573e+00
-4.70730098755e+00
-4.71446350333e+00
-4.70762027386e+00
-4.71217305537e+00
-4.71525837417e+00
-4.71419536745e+00
-4.71394300477e+00
-4.71515210928e+00
-4.70986961665e+00
-4.71790756061e+00
-4.71034175425e+00
-4.70702806365e+00
-4.71047098130e+00
-4.71168362962e+00
-4.71119472162e+00
-4.71545495628e+00
-4.70897062960e+00
-4.71323117495e+00
-4.71265712900e+00
-4.71016174451e+00
-4.70470944733e+00
-4.71058300815e+00
-4.70660512694e+00
-4.71040501259e+00
-4.71116948534e+00
-4.71010288395e+00
-4.70848441771e+00
-4.71068202918e+00
-4.71025784512e+00
-4.71195734643e+00
-4.71332769691e+00
-4.70882792270e+00
-4.71181648470e+00
-4.71192176883e+00
-4.71204954378e+00
-4.71132225300e+00
-4.71123031192e+00
-4.70788180810e+00
-4.71182206154e+00
-4.71208333316e+00
-4.71025174604e+00
-4.70730435625e+00
-4.71114473976e+00
-4.70745004265e+00
-4.70801436230e+00
-4.71472557834e+00
-4.70891603305e+00
-4.71434551635e+00
-4.71262052568e+00
-4.71596886601e+00
-4.71081010652e+00
-4.71603964306e+00
-4.71259421727e+00
-4.71363908406e+00
-4.71281657749e+00
-4.71356291015e+00
-4.71354981700e+00
-4.71460910138e+00
-4.71110296382e+00
-4.71542119061e+00
-4.71192507349e+00
-4.70894857170e+00
-4.71430953083e+00
-4.70925169283e+00
-4.70799548919e+00
-4.71112261946e+00
-4.70878255775e+00
-4.71069412367e+00
-4.71510989788e+00
-4.71016738537e+00
-4.71099296342e+00
-4.71233128780e+00
-4.70983978384e+00
-4.70942413178e+00
-4.70966218723e+00
-4.70812069541e+00
-4.71210190832e+00
-4.71901365525e+00
-4.70746182662e+00
-4.70811563462e+00
-4.71029945652e+00
-4.70949149854e+00
-4.71375766147e+00
-4.70930863036e+00
-4.70950705283e+00
-4.70816731997e+00
-4.70659159648e+00
-4.70826408906e+00
-4.70634226198e+00
-4.71079703557e+00
-4.71107058785e+00
-4.70966027322e+00
-4.70891664994e+00
-4.71450978930e+00
-4.70966504062e+00
-4.71402049688e+00
-4.71072366368e+00
-4.71307026433e+00
-4.71116436628e+00
-4.71170882781e+00
-4.71368498015e+00
-4.71187740841e+00
-4.71498718031e+00
-4.71196065789e+00
-4.71163233687e+00
-4.71422075855e+00
-4.71056709062e+00
-4.71054885415e+00
-4.70907652254e+00
-4.71162467997e+00
-4.71076953664e+00
-4.70633553112e+00
-4.71757781809e+00
-4.70832017942e+00
-4.71264016295e+00
-4.70763454451e+00
-4.71351078267e+00
-4.71121777054e+00
-4.70522833520e+00
-4.70796530363e+00
-4.71203652978e+00
-4.71420648086e+00
-4.71117636487e+00
-4.70762783596e+00
-4.71354024232e+00
-4.71621150045e+00
-4.71405043302e+00
-4.71071453683e+00
-4.71189175734e+00
-4.70971361308e+00
-4.71398861642e+00
-4.71451705727e+00
-4.71459092249e+00
-4.71372567101e+00
-4.71278362493e+00
-4.71506664754e+00
-4.71219714331e+00
-4.71577371538e+00
-4.70978894674e+00
-4.71089923365e+00
-4.71130030012e+00
-4.70929871267e+00
-4.71152980780e+00
-4.70981033283e+00
-4.71089123152e+00
-4.71503721255e+00
-4.71062993901e+00
-4.71407042540e+00
-4.71226142967e+00
-4.71154275547e+00
-4.71130585877e+00
-4.71239529350e+00
-4.71077177308e+00
-4.71074366148e+00
-4.70877938701e+00
-4.71156430987e+00
-4.70686870443e+00
-4.71222768653e+00
-4.71230677764e+00
-4.71316934050e+00
-4.71433974626e+00
-4.71352331407e+00
-4.71222765667e+00
-4.71363273809e+00
-4.71547656926e+00
-4.70856800566e+00
-4.71051212813e+00
-4.72022511996e+00
-4.71589625050e+00
-4.71635925288e+00
-4.70785477878e+00
-4.70616099506e+00
-4.70909069713e+00
-4.71237276605e+00
-4.70917828714e+00
-4.71199713774e+00
-4.71086378091e+00
-4.71587097676e+00
-4.70872232749e+00
-4.71370435831e+00
-4.71078231622e+00
-4.71087042195e+00
-4.71699562961e+00
-4.70991346517e+00
-4.71722318754e+00
-4.71002422562e+00
-4.70860809274e+00
-4.71100230743e+00
-4.71611958146e+00
-4.71781670162e+00
-4.70484031302e+00
-4.70867076982e+00
-4.71947963009e+00
-4.71685305442e+00
-4.71287079679e+00
-4.71330734206e+00
-4.71021906577e+00
-4.70896627490e+00
-4.71220058385e+00
-4.71361395195e+00
-4.71229867032e+00
-4.71116884324e+00
-4.70811078024e+00
-4.71256420078e+00
-4.71155944957e+00
-4.71213597383e+00
-4.71167612806e+00