1.42300000936e+00
1.49398790176e+00
1.42572268265e+00
1.48261498171e+00
1.47504795873e+00
1.44648808158e+00
1.50346601688e+00
1.46794038877e+00
1.40800905823e+00
1.44062050228e+00
1.52009723026e+00
1.50492429178e+00
1.43366583212e+00
1.49369791650e+00
1.43727704724e+00
1.37914084659e+00
1.61247893838e+00
1.46319503528e+00
1.43984062429e+00
1.48083365954e+00
1.53667699890e+00
1.24295668862e+00
1.43726264034e+00
1.49583288281e+00
1.51705565961e+00
1.53114714428e+00
1.51414039118e+00
1.48177156647e+00
1.39289847934e+00
1.47116369664e+00
1.43078843815e+00
1.47179947052e+00
1.50407154086e+00
1.54792487896e+00
1.38589269583e+00
1.53799427276e+00
1.33500862497e+00
1.44671304595e+00
1.52128602501e+00
1.50140380514e+00
1.50471446466e+00
1.50564247524e+00
1.42075350299e+00
1.60179428504e+00
1.34601985180e+00
1.37788778029e+00
1.43803424548e+00
1.50913518107e+00
1.42680364124e+00
1.44430383503e+00
1.53436343223e+00
1.52345629190e+00
1.57912837453e+00
1.51297111965e+00
1.45853546429e+00
1.59201240736e+00
1.47124919446e+00
1.51934162683e+00
1.42765503714e+00
1.53371566981e+00
1.47984765839e+00
1.41511889943e+00
1.52360247688e+00
1.52220191774e+00
1.42040013737e+00
1.53675329047e+00
1.54936599276e+00
1.56057001508e+00
1.53021507427e+00
1.37883893409e+00
1.45080748886e+00
1.47543733677e+00
1.47404960963e+00
1.52835691332e+00
1.42064596332e+00
1.49492526579e+00
1.36365332886e+00
1.45477535716e+00
1.48047870935e+00
1.47212565585e+00
1.59139625598e+00
1.51374348407e+00
1.47478786733e+00
1.53320767493e+00
1.36210163209e+00
1.58918123220e+00
1.45264799677e+00
1.39757350129e+00
1.49799420094e+00
1.46201861841e+00
1.39171856311e+00
1.44468751148e+00
1.50858409573e+00
1.42715681151e+00
1.52005010353e+00
1.34439908968e+00
1.35306952133e+00
1.44118743092e+00
1.51022822101e+00
1.56068791589e+00
1.40789326411e+00
1.49796228545e+00
1.45097815856e+00
1.37957101710e+00
1.58613472280e+00
1.51314616459e+00
1.41416749187e+00
1.39339150443e+00
1.46921294570e+00
1.38918165278e+00
1.48455105849e+00
1.48853796111e+00
1.49913273001e+00
1.55200431065e+00
1.65009075091e+00
1.46705968719e+00
1.50704685441e+00
1.51234373568e+00
1.44500417819e+00
1.34550332045e+00
1.46796432907e+00
1.46575534957e+00
1.46174978090e+00
1.47011620013e+00
1.55781540388e+00
1.54469438004e+00
1.52697737856e+00
1.53227553427e+00
1.48382380383e+00
1.44735540899e+00
1.49195970601e+00
1.45705101522e+00
1.53804370622e+00
1.49434754741e+00
1.43858375590e+00
1.46658474458e+00
1.52666265952e+00
1.45499826054e+00
1.51658996526e+00
1.47754720930e+00
1.47703300321e+00
1.54580682967e+00
1.41158317979e+00
1.54849216683e+00
1.52682860111e+00
1.56009944594e+00
1.56710280401e+00
1.43049864023e+00
1.34391481644e+00
1.47198185151e+00
1.55011025645e+00
1.48866762408e+00
1.48804644117e+00
1.47977116197e+00
1.48066723299e+00
1.45057149426e+00
1.55615744045e+00
1.44486203408e+00
1.45832670136e+00
1.47511576447e+00
1.44471052307e+00
1.43609404555e+00
1.51958989703e+00
1.44354591483e+00
1.49967153809e+00
1.54168144834e+00
1.48964636148e+00
1.55769897035e+00
1.55789047181e+00
1.44997646439e+00
1.43965952956e+00
1.47827396654e+00
1.52944304566e+00
1.40802370330e+00
1.56426244082e+00
1.47351541595e+00
1.49697197846e+00
1.55689193244e+00
1.57197989820e+00
1.50994053522e+00
1.50042513454e+00
1.50517787630e+00
1.59944720482e+00
1.46428337525e+00
1.42765452535e+00
1.50147604971e+00
1.35230763179e+00
1.62129773347e+00
1.46987228716e+00
1.53853092307e+00
1.51067159947e+00
1.48398784279e+00
1.45890262566e+00
1.55152142337e+00
1.36953126803e+00
1.53982190475e+00
1.42463881380e+00
1.40714958006e+00
1.44708747092e+00
1.41819159462e+00
1.46676730595e+00
1.40714505383e+00
1.41786698433e+00
1.60811123348e+00
1.44644387306e+00
1.39068869045e+00
1.57483736084e+00
1.40948034269e+00
1.40299615396e+00
1.48704468261e+00
1.39320212334e+00
1.48903930062e+00
1.55816298566e+00
1.58055546563e+00
1.56593202709e+00
1.45234292354e+00
1.53124957413e+00
1.48823400584e+00
1.55072806207e+00
1.53101320140e+00
1.58102094819e+00
1.52962540831e+00
1.52550908854e+00
1.42753901341e+00
1.38021284211e+00
1.49166051483e+00
1.55229040105e+00
1.40696443981e+00
1.47831684628e+00
1.54522334258e+00
1.52306437581e+00
1.42267657465e+00
1.40969066349e+00
1.41150314644e+00
1.49474000088e+00
1.59198321156e+00
1.47728960419e+00
1.44032484059e+00
1.48357288710e+00
1.45329470357e+00
1.38585966194e+00
1.60946902893e+00
1.44757376045e+00
1.44155361659e+00
1.50485594238e+00
1.66977976338e+00
1.49654804533e+00
1.54523849593e+00
1.56630250941e+00
1.43607471419e+00
1.49706406515e+00
1.48219642041e+00
1.50356199112e+00
1.56456945308e+00
1.43882934787e+00
1.44680677657e+00
1.44063899669e+00
1.51480027838e+00
1.50113397399e+00
1.39791579389e+00
1.47027941147e+00
1.31577589083e+00
1.37805901546e+00
1.48453760377e+00
1.50008728490e+00
1.33824659309e+00
1.47007720615e+00
1.42448499987e+00
1.46195574163e+00
1.49570168516e+00
1.58241316907e+00
1.33545034958e+00
1.44074831957e+00
1.38189354036e+00
1.45724754868e+00
1.63213780009e+00
1.52024835466e+00
1.50161336728e+00
1.56579055029e+00
1.48212356324e+00
1.44384833959e+00
1.44522975938e+00
1.41463960078e+00
1.53504310047e+00
1.46382906308e+00
1.43766654718e+00
1.42613205664e+00
1.54478924257e+00
1.44848547747e+00
1.46225783691e+00
1.42463570932e+00
1.35554347561e+00
1.57872115120e+00
1.51155375491e+00
1.54647945899e+00
1.61804797629e+00
1.49912962704e+00
1.43082839946e+00
1.44910085292e+00
1.39047438501e+00
1.45961582131e+00
1.44120176492e+00
1.56469862931e+00
1.42372620499e+00
1.58558692199e+00
1.38487995794e+00
1.62733873993e+00
1.51428007763e+00
1.42331687713e+00
1.51609293420e+00
1.50595839666e+00
1.43861575934e+00
1.39379209385e+00
1.42905433032e+00
1.56164195780e+00
1.53744010946e+00
1.46907507354e+00
1.43971360464e+00
1.46002992259e+00
1.41625086753e+00
1.49041299214e+00
1.62851460761e+00
1.48012062759e+00
1.54442974305e+00
1.48570052570e+00
1.42986256646e+00
1.45482074259e+00
1.52393325145e+00
1.50393261446e+00
1.45643371065e+00
1.52026298052e+00
1.48095811013e+00
1.43174409343e+00
1.37377927518e+00
1.40365625463e+00
1.61691421829e+00
1.39753226810e+00
1.35303726120e+00
1.49082879239e+00
1.49331166409e+00
1.59768686346e+00
1.54168999792e+00
1.43931451034e+00
1.45549106084e+00
1.45245558383e+00
1.51353588771e+00
1.56104182870e+00
1.47043841841e+00
1.53149787792e+00
1.47545934298e+00
1.53261243080e+00
1.39401044431e+00
1.54457253804e+00
1.44025725354e+00
1.42967694131e+00
1.40782481871e+00
1.38133461546e+00
1.46986381295e+00
1.48597981438e+00
1.38280714497e+00
1.48723738187e+00
1.43486020673e+00
1.40530854683e+00
1.33677968628e+00
1.52666223989e+00
1.47549810962e+00
1.46910001318e+00
1.47130711395e+00
1.48234991845e+00
1.47157364839e+00
1.52006467111e+00
1.47502953971e+00
1.50819470801e+00
1.45712129005e+00
1.60454124890e+00
1.52796186256e+00
1.44316108813e+00
1.44885607898e+00
1.53419506577e+00
1.43861524538e+00
1.52664447155e+00
1.43870560815e+00
1.54412870041e+00
1.46261954504e+00
1.46297861269e+00
1.52905892398e+00
1.49055970367e+00
1.41682112609e+00
1.33339838180e+00
1.46941983433e+00
1.51544313762e+00
1.40136200689e+00
1.56175414287e+00
1.46775148059e+00
1.40996935809e+00
1.46651930193e+00
1.40017410125e+00
1.55554816439e+00
1.58350953417e+00
1.55689758092e+00
1.45393666909e+00
1.58771302829e+00
1.51323792105e+00
1.55317378110e+00
1.49670740072e+00
1.53802588384e+00
1.49385784628e+00
1.50396691507e+00
1.48480327503e+00
1.42935479085e+00
1.49346201785e+00
1.42536820501e+00
1.53771716425e+00
1.62775469374e+00
1.47240902844e+00
1.54656266686e+00
1.38194520687e+00
1.32279081307e+00
1.53765657146e+00
1.44633374040e+00
1.50100606508e+00
1.55156541346e+00
1.50606870981e+00
1.51153718338e+00
1.40895795260e+00
1.55291204664e+00
1.41585392918e+00
1.50229836691e+00
1.42379683478e+00
1.47834239953e+00
1.59416693966e+00
1.37847355515e+00
1.41386845608e+00
1.41700043105e+00
1.36064376965e+00
1.55424324235e+00
1.37290330103e+00
1.43970305493e+00
1.51862546783e+00
1.46672318815e+00
1.46840904165e+00
1.54138616843e+00
1.48142695318e+00
1.43239673345e+00
1.34520576658e+00
1.43302016071e+00
1.39671182089e+00
1.37789888314e+00
1.53660300154e+00
1.42104773643e+00
1.48473056820e+00
1.43180207404e+00
1.45943998487e+00
1.42801218966e+00
1.51495623453e+00
1.46348656647e+00
1.48063596373e+00
1.49534476442e+00
1.53015418889e+00
1.46672579954e+00
1.54285407864e+00
1.42925311639e+00
1.49349148177e+00
1.41501646496e+00
1.50631528125e+00
1.51888127784e+00
1.45196727002e+00
1.50622697978e+00
1.52301022280e+00
1.56383870018e+00
1.52114383377e+00
1.44413268241e+00
1.54527029500e+00
1.53442579517e+00
1.53257832759e+00
1.45373925661e+00
1.41231859358e+00
1.55771668839e+00
1.38501361841e+00
1.40150689348e+00
1.47260832505e+00
1.37981478360e+00
1.40013894875e+00
1.39213307084e+00
1.44559410361e+00
1.56931171927e+00
1.42728314198e+00
1.50828318436e+00
1.44183336752e+00
1.48856412608e+00
1.64997521449e+00
1.49286157597e+00
1.42028009794e+00
1.32901549273e+00
1.41469160074e+00
1.48854124436e+00
1.51283984917e+00
1.48921761009e+00
1.56569163931e+00
1.53083792336e+00
1.47970749534e+00