7.89423847979e+00
7.92670453732e+00
7.87052826303e+00
7.81927824490e+00
7.74579444754e+00
7.97629612954e+00
8.02679723489e+00
7.96667310040e+00
8.25523604310e+00
7.90792524059e+00
7.81220649275e+00
8.03478884279e+00
7.90634900837e+00
7.87951612641e+00
7.89069494797e+00
7.81031066142e+00
7.94057721852e+00
7.79078956849e+00
7.83430856116e+00
7.87755673989e+00
7.86494244703e+00
8.07208526777e+00
8.25177870302e+00
7.71197664565e+00
7.96557318917e+00
7.91500493822e+00
7.91673274588e+00
7.77300530245e+00
7.67748378138e+00
8.12528777185e+00
7.88441449042e+00
7.91363477203e+00
8.03031947281e+00
7.79771096534e+00
7.87532041492e+00
7.86528574532e+00
7.94895481561e+00
8.02623088833e+00
7.87528827019e+00
8.23586168223e+00
8.16793140794e+00
7.90186427782e+00
7.70495634487e+00
7.75768818641e+00
8.13330367045e+00
8.20002444659e+00
7.81132707660e+00
8.12375359128e+00
7.88448308340e+00
8.00148727159e+00
7.70969880299e+00
7.96082954426e+00
7.92617553803e+00
8.14032280880e+00
7.76784684396e+00
8.00597826217e+00
8.04343869549e+00
7.94214836074e+00
7.99502725122e+00
7.91312204382e+00
8.01973045179e+00
7.84154732039e+00
7.65915311400e+00
7.83499093198e+00
8.01639330370e+00
7.99945175116e+00
7.77494298450e+00
7.76261111710e+00
7.96099888246e+00
7.77327090614e+00
7.93149590658e+00
7.99817002148e+00
8.02631601443e+00
7.93451308382e+00
8.09119458347e+00
7.86224246722e+00
7.91502292876e+00
7.68639745075e+00
7.52016497301e+00
7.94749772870e+00
7.69422701191e+00
7.76821783431e+00
7.89813550017e+00
7.92156609328e+00
8.08154092698e+00
7.77129485381e+00
7.77387044164e+00
7.86426382737e+00
7.90642871869e+00
7.93300527773e+00
7.81049082845e+00
7.92104372407e+00
8.17883241397e+00
7.91484073376e+00
8.16216277531e+00
7.94423089460e+00
7.67487851121e+00
7.78271195663e+00
8.01797341035e+00
7.68577924849e+00
8.17100089841e+00
7.90252119589e+00
7.75735645111e+00
8.06083919719e+00
7.81991098491e+00
7.97870163987e+00
8.03493635103e+00
7.81590659989e+00
7.86349005796e+00
7.85917798572e+00
8.23274196571e+00
8.10887026083e+00
8.21989438569e+00
8.06410069513e+00
7.91275846019e+00
8.06694456594e+00
7.70859247918e+00
7.78126417950e+00
7.87519715007e+00
7.97746456575e+00
7.96993441669e+00
7.83068435443e+00
8.08356017644e+00
7.99957177019e+00
7.73713844536e+00
7.85823889339e+00
7.93308990976e+00
7.98264525856e+00
7.89063641773e+00
8.06057564671e+00
7.74482286795e+00
8.09303708038e+00
7.67044650819e+00
7.79672618464e+00
8.04043781370e+00
7.82401041740e+00
7.80357613429e+00
7.88554087901e+00
7.87505681718e+00
8.21555851349e+00
7.77272485767e+00
7.87895563749e+00
8.12285393350e+00
7.79428629026e+00
7.68945715596e+00
8.05386638794e+00
7.86012620657e+00
8.22505313088e+00
8.05588638869e+00
7.79921235641e+00
7.79119887262e+00
7.85734398849e+00
7.98769303574e+00
7.99382429202e+00
7.78174206683e+00
7.82592514175e+00
7.63902490989e+00
8.06809248474e+00
8.00923125113e+00
7.77026147524e+00
7.93691523015e+00
8.00981024697e+00
8.13006953721e+00
8.24666525785e+00
7.91829828675e+00
7.71028440601e+00
8.00443023836e+00
8.10123044145e+00
8.05079241401e+00
8.02232101020e+00
7.88985848159e+00
8.15785044904e+00
8.08587110125e+00
8.24755440500e+00
7.92941064603e+00
7.85000506515e+00
7.97133013546e+00
7.85360740494e+00
7.64538757626e+00
7.68002482681e+00
7.91288129652e+00
7.89004680119e+00
7.72933792985e+00
7.79555233283e+00
7.94874406364e+00
7.79092878656e+00
7.89813430517e+00
7.64735090698e+00
7.90513001430e+00
7.95866917679e+00
7.79559193870e+00
7.85791442643e+00
7.87751988879e+00
7.97041082434e+00
7.78798239797e+00
7.85314912486e+00
7.63887312781e+00
8.04993072103e+00
7.88161436081e+00
8.22981332116e+00
7.98695262314e+00
7.86462028036e+00
8.22548949748e+00
7.91124296064e+00
8.09358619530e+00
7.77664579826e+00
7.91837795602e+00
8.03602436266e+00
7.94453333134e+00
7.89430406470e+00
7.72025152932e+00
7.75288928233e+00
7.77548384810e+00
7.78590880783e+00
7.73562665189e+00
7.86502665134e+00
7.78959841360e+00
7.77592141818e+00
7.75555980375e+00
7.83815483366e+00
8.03624665066e+00
8.05561993321e+00
7.73858078474e+00
7.81601260665e+00
8.08147849331e+00
7.92950306583e+00
7.67105274004e+00
8.18955482198e+00
7.86954039270e+00
8.08037254160e+00
7.84400721398e+00
8.01741033330e+00
7.87038377667e+00
7.99933964544e+00
7.86049266425e+00
7.92551632398e+00
7.95087218157e+00
7.86758280170e+00
8.06403771543e+00
7.80441779849e+00
7.95150404145e+00
7.99425536209e+00
7.83383797388e+00
7.98744219999e+00
7.82345868125e+00
7.76047197821e+00
7.93578656006e+00
7.90832849919e+00
7.69750781365e+00
8.22882630155e+00
8.20143881707e+00
7.80300673589e+00
7.80411132252e+00
7.74686717000e+00
7.95898289468e+00
7.81530685265e+00
7.95250338014e+00
7.64491639770e+00
7.87792903780e+00
8.10445037122e+00
7.96857471943e+00
8.13040327603e+00
7.82575427597e+00
7.82941969661e+00
7.80543941318e+00
8.08938174111e+00
7.80286405107e+00
7.80534819517e+00
7.76786076813e+00
7.54838263727e+00
7.71263491901e+00
8.06903484497e+00
7.89816658429e+00
7.85022768024e+00
7.88425321298e+00
8.10778203265e+00
7.83112790926e+00
7.83993826171e+00
8.00543281676e+00
7.63104300737e+00
7.50370136205e+00
7.94066261579e+00
7.97652955504e+00
7.69953078074e+00
7.82085677515e+00
8.05720740290e+00
7.83523335380e+00
7.95236085253e+00
8.41150342928e+00
7.88111702263e+00
7.85799476014e+00
7.93457533761e+00
7.79299978207e+00
7.92685782131e+00
7.78771974835e+00
7.80836909998e+00
8.05000195874e+00
8.01241892702e+00
8.10430136611e+00
8.04507683095e+00
7.99235567117e+00
7.79869774928e+00
7.97049216530e+00
7.95477378051e+00
7.74630747174e+00
7.95328187013e+00
7.96899322708e+00
7.90023028302e+00
8.03040576645e+00
8.10808623821e+00
8.09929881053e+00
7.77569758213e+00
7.92830448525e+00
7.70100789973e+00
7.81988910534e+00
7.81345623311e+00
7.86308881213e+00
8.03904416527e+00
7.91442564661e+00
8.02499728865e+00
8.00958206011e+00
8.01948307446e+00
7.64739255286e+00
7.90075045601e+00
8.08556603392e+00
8.18542239902e+00
8.01741361152e+00
7.93741303346e+00
7.99205580160e+00
8.14871139910e+00
7.94067529756e+00
8.09725170244e+00
7.64717265797e+00
7.91896801919e+00
7.88373685693e+00
7.66692371373e+00
7.91816829288e+00
7.97174002323e+00
7.61208199170e+00
7.87699333396e+00
7.99291331876e+00
8.12561759506e+00
7.87547388500e+00
7.84344080556e+00
8.16441339858e+00
7.95904775366e+00
7.91706145178e+00
7.91139919286e+00
8.08573734746e+00
8.14080558828e+00
7.79921997668e+00
8.06485821578e+00
7.93825574435e+00
8.07768890027e+00
8.17288238494e+00
7.79316140305e+00
7.99927330375e+00
7.96392477065e+00
7.82160965562e+00
7.97980328779e+00
7.85467099353e+00
8.09741795790e+00
7.87004863978e+00
8.09986149832e+00
7.85406991794e+00
8.06486234170e+00
7.80669621429e+00
7.94950187870e+00
7.78810854446e+00
7.92600880367e+00
8.05297448403e+00
7.66725564675e+00
8.04235456819e+00
7.93198897336e+00
8.12159752606e+00
7.90624682412e+00
7.97238830919e+00
7.83156597372e+00
7.78900358240e+00
8.10548999329e+00
7.75489530293e+00
7.86352553980e+00
7.72409452202e+00
7.75410322293e+00
8.21388684049e+00
8.12282166129e+00
7.78286411131e+00
7.91436681730e+00
7.85120040856e+00
7.82406154647e+00
7.94490313205e+00
7.97181169024e+00
7.76747828937e+00
7.86898736557e+00
8.09713108378e+00
7.71155384956e+00
7.84655385825e+00
7.91764801095e+00
7.62622785088e+00
7.98129307923e+00
7.96933615750e+00
7.86118782404e+00
7.68687949621e+00
7.97064680179e+00
7.87850622729e+00
7.55745460971e+00
8.01694363564e+00
8.10694197517e+00
8.02458854918e+00
7.80486673280e+00
7.81877466388e+00
8.16347971114e+00
7.81382993880e+00
7.84085797547e+00
7.84267710597e+00
7.58254322853e+00
7.73968552588e+00
8.02177699468e+00
7.82667850193e+00
7.94633127841e+00
7.98272308799e+00
8.00733711724e+00
8.08215898249e+00
7.85629382116e+00
7.96822710190e+00
7.88656880270e+00
7.92489254979e+00
8.06354699565e+00
7.74449399758e+00
7.92257493999e+00
8.09205932759e+00
8.12804745977e+00
7.94424375882e+00
8.05595368202e+00
8.02028244845e+00
7.98168394867e+00
7.74708737046e+00
7.93291536347e+00
7.77978776829e+00
7.92888521061e+00
7.91361301361e+00
7.94826577250e+00
8.12475439821e+00
7.65670508667e+00
7.93646916229e+00
8.16407301173e+00
7.70375256720e+00
8.17909797835e+00
7.88332382604e+00
8.02878073971e+00
7.74458689507e+00
8.20123544129e+00
7.70124509166e+00
8.25480171835e+00
7.96921012511e+00
7.90436129658e+00
7.98116070317e+00
7.86712067427e+00
8.23699087741e+00
7.61691508643e+00
7.94478381910e+00
7.99050548045e+00
7.95399447666e+00
8.16645275237e+00
7.73401780938e+00
7.69584752899e+00
7.76212916995e+00
7.74593926252e+00
8.20595626644e+00
7.74410697033e+00
7.81720174248e+00
7.94146115699e+00
7.91302617413e+00
8.12351699468e+00
7.98759060606e+00
7.80113591636e+00
8.12238106417e+00
7.90783042847e+00
7.88237313878e+00
7.65680298087e+00
7.98519626174e+00
8.00596215749e+00
8.05426602883e+00
7.94649988720e+00
7.84601898322e+00
7.85669457622e+00
8.24993882546e+00
8.06162929731e+00
7.86847979104e+00
8.04177772478e+00
7.87662649647e+00
7.96941419614e+00
7.95043163050e+00
8.05869462614e+00
7.99479487273e+00
7.94255984804e+00
8.01040093555e+00
8.04460670556e+00
7.78945244538e+00
7.79052446197e+00
7.92467686992e+00