2.12829734619e+00
2.15365438225e+00
2.17132230055e+00
2.16491269777e+00
2.17176999794e+00
2.15416761797e+00
2.16258032583e+00
2.12970946918e+00
2.13080497638e+00
2.14906677829e+00
2.15927995031e+00
2.15718019621e+00
2.13342837680e+00
2.16715115312e+00
2.13613211056e+00
2.16710091556e+00
2.16499511919e+00
2.19266402679e+00
2.15960915497e+00
2.12220787941e+00
2.15834395348e+00
2.15896524128e+00
2.17274262739e+00
2.17125300330e+00
2.17085912517e+00
2.16330859894e+00
2.14927633076e+00
2.14435771140e+00
2.15224695535e+00
2.15002107890e+00
2.12934896047e+00
2.13725202623e+00
2.17094488475e+00
2.15991654721e+00
2.16809619887e+00
2.12033478719e+00
2.16251435241e+00
2.17800648764e+00
2.15426412125e+00
2.15096959928e+00
2.13938022542e+00
2.14007857011e+00
2.16089281557e+00
2.17521842292e+00
2.15860843838e+00
2.14827022468e+00
2.17294203157e+00
2.17024495914e+00
2.16697160851e+00
2.11431479059e+00
2.21483763481e+00
2.17653257999e+00
2.16292099995e+00
2.13979292435e+00
2.16718697200e+00
2.18973948791e+00
2.18760318612e+00
2.19204418025e+00
2.15258170379e+00
2.13544084732e+00
2.12138670956e+00
2.14769366064e+00
2.15562960329e+00
2.16868701272e+00
2.16967869013e+00
2.17741464070e+00
2.17385929594e+00
2.16915185251e+00
2.12399666886e+00
2.16001634407e+00
2.18109067621e+00
2.17127201187e+00
2.15041157288e+00
2.13960745095e+00
2.21656019315e+00
2.16137938236e+00
2.14652908615e+00
2.17304352530e+00
2.15473295070e+00
2.16808586546e+00
2.18544034633e+00
2.17573921760e+00
2.18039768723e+00
2.18962935937e+00
2.15714198537e+00
2.17285061919e+00
2.11616785023e+00
2.16063561164e+00
2.12723229524e+00
2.15156841122e+00
2.12595158158e+00
2.16427900013e+00
2.14181831701e+00
2.19487339412e+00
2.15760558195e+00
2.10961745230e+00
2.15382359697e+00
2.18834443644e+00
2.17375099357e+00
2.14283572320e+00
2.14156919299e+00
2.14988150597e+00
2.13270036633e+00
2.14376370537e+00
2.17587650559e+00
2.16419180774e+00
2.16455250564e+00
2.14772642790e+00
2.12657509418e+00
2.14362952670e+00
2.12319261807e+00
2.16832319390e+00
2.18886771614e+00
2.16840811251e+00
2.15481960308e+00
2.13649958553e+00
2.18146649476e+00
2.16257542352e+00
2.16397281475e+00
2.16135594950e+00
2.19276888953e+00
2.17361098762e+00
2.16931577545e+00
2.19032542860e+00
2.20601013290e+00
2.16271421504e+00
2.16084359633e+00
2.14598252715e+00
2.15309330119e+00
2.15233156651e+00
2.17562615558e+00
2.14214528520e+00
2.20477168444e+00
2.17629510699e+00
2.15825822343e+00
2.14975981243e+00
2.13188535985e+00
2.16214865650e+00
2.19242549765e+00
2.13975559376e+00
2.15570110232e+00
2.14966363204e+00
2.13404457738e+00
2.14274354725e+00
2.17669724854e+00
2.18444187586e+00
2.17072536526e+00
2.13511889274e+00
2.17755610517e+00
2.16292377357e+00
2.20415898008e+00
2.13731224629e+00
2.19264216299e+00
2.16459263623e+00
2.16177084595e+00
2.14033897429e+00
2.14642185679e+00
2.17935368044e+00
2.13956846692e+00
2.15583691994e+00
2.17591474517e+00
2.15320630184e+00
2.15806678886e+00
2.11766248522e+00
2.16845083969e+00
2.17281825725e+00
2.16643005491e+00
2.16059166414e+00
2.15818033139e+00
2.16420210967e+00
2.14483686073e+00
2.11359608789e+00
2.15293302090e+00
2.18586238516e+00
2.14584854612e+00
2.18728649343e+00
2.15571533244e+00
2.15624055417e+00
2.15846858073e+00
2.15481622513e+00
2.17584341466e+00
2.14697514526e+00
2.16759023257e+00
2.14331840082e+00
2.15428984101e+00
2.14260608651e+00
2.15692929037e+00
2.18062229886e+00
2.16667289982e+00
2.17826778351e+00
2.21485809363e+00
2.15704010925e+00
2.14154545991e+00
2.16524711354e+00
2.18670070356e+00
2.16534940240e+00
2.18329626034e+00
2.14531699648e+00
2.15048916612e+00
2.14474420649e+00
2.15828574942e+00
2.19316775850e+00
2.14176939445e+00
2.18611761369e+00
2.14698070779e+00
2.14953340923e+00
2.18481946899e+00
2.15536745360e+00
2.15941938640e+00
2.13017369877e+00
2.19875141913e+00
2.17434549874e+00
2.16173005535e+00
2.14570401869e+00
2.18813169014e+00
2.16299590632e+00
2.16607138522e+00
2.12204707954e+00
2.13729712546e+00
2.13732053756e+00
2.15051706205e+00
2.17942246127e+00
2.17695293654e+00
2.14914287984e+00
2.19714551982e+00
2.17376879223e+00
2.15279861062e+00
2.12859378743e+00
2.17816093849e+00
2.13070133420e+00
2.19298213415e+00
2.17240382389e+00
2.16141797897e+00
2.14370939193e+00
2.15057931569e+00
2.13945721957e+00
2.14916745458e+00
2.16449391099e+00
2.13557836675e+00
2.15282817919e+00
2.13049673637e+00
2.15168768927e+00
2.15526926287e+00
2.11694846128e+00
2.18528606325e+00
2.18944038931e+00
2.17512909760e+00
2.14752852387e+00
2.21509809074e+00
2.17461754463e+00
2.16578848443e+00
2.18105525163e+00
2.14221197066e+00
2.16947805107e+00
2.15946322823e+00
2.14224385096e+00
2.17165643587e+00
2.15904630789e+00
2.13902631030e+00
2.13667316461e+00
2.17684125623e+00
2.17196582371e+00
2.13372326278e+00
2.15007143231e+00
2.17737536432e+00
2.15989871002e+00
2.13351857040e+00
2.15926533982e+00
2.16570880471e+00
2.10960448382e+00
2.15855460481e+00
2.15793477271e+00
2.17592152892e+00
2.17032104252e+00
2.13801786131e+00
2.14477329420e+00
2.18663114223e+00
2.18258350012e+00
2.15909106502e+00
2.16438747190e+00
2.15181971603e+00
2.17760306650e+00
2.13441622215e+00
2.16441896139e+00
2.13740841849e+00
2.18297297598e+00
2.10732856050e+00
2.17017124226e+00
2.17910439303e+00
2.13730057595e+00
2.12396741347e+00
2.14958058438e+00
2.15918181731e+00
2.17347738847e+00
2.15128022436e+00
2.17920726007e+00
2.12935373991e+00
2.16707800203e+00
2.14167554739e+00
2.15975760968e+00
2.17692812138e+00
2.18134831355e+00
2.13010297530e+00
2.16872946847e+00
2.15781376107e+00
2.14557278056e+00
2.17344248276e+00
2.21201233169e+00
2.18268467003e+00
2.13699513543e+00
2.14140768402e+00
2.15018831424e+00
2.16841458146e+00
2.19765904135e+00
2.14326250604e+00
2.20998078719e+00
2.16560172929e+00
2.12975380243e+00
2.16263705768e+00
2.15233604894e+00
2.13752329826e+00
2.17748359497e+00
2.18556681917e+00
2.15168930552e+00
2.14080446042e+00
2.17707088951e+00
2.15338765181e+00
2.14255310040e+00
2.16528205808e+00
2.17585049362e+00
2.17584999147e+00
2.14687300574e+00
2.18920628207e+00
2.16368837476e+00
2.20784746808e+00
2.17250029998e+00
2.16930650291e+00
2.13854928609e+00
2.12490969963e+00
2.14970062853e+00
2.15270779580e+00
2.17935857240e+00
2.19935558165e+00
2.17043502477e+00
2.14976859729e+00
2.14293846612e+00
2.14606222620e+00
2.19043470532e+00
2.18197239025e+00
2.16214373864e+00
2.15452611312e+00
2.12938550019e+00
2.19005088127e+00
2.11379534674e+00
2.13662388847e+00
2.15778145068e+00
2.15208717025e+00
2.17119344674e+00
2.14542025913e+00
2.15007775323e+00
2.14806581670e+00
2.13438102688e+00
2.12847112365e+00
2.14824782817e+00
2.15026243522e+00
2.17231141443e+00
2.17234037665e+00
2.15788095044e+00
2.14561795062e+00
2.16756112225e+00
2.13870011259e+00
2.18181244290e+00
2.15580490406e+00
2.16591866487e+00
2.17022776287e+00
2.12984980049e+00
2.16621028786e+00
2.13723457113e+00
2.14661333707e+00
2.11667438788e+00
2.18609617556e+00
2.15192849504e+00
2.14908582566e+00
2.15345139496e+00
2.16356065024e+00
2.17762779663e+00
2.18718092901e+00
2.14152760053e+00
2.12370731789e+00
2.16732934139e+00
2.16824114253e+00
2.16240913045e+00
2.12926013819e+00
2.18097715667e+00
2.11514788154e+00
2.15991063908e+00
2.16485669044e+00
2.17593338790e+00
2.16237609818e+00
2.17072081898e+00
2.13509905485e+00
2.17875587040e+00
2.13330515674e+00
2.17174828016e+00
2.15747966843e+00
2.18659460127e+00
2.14594715932e+00
2.17211595624e+00
2.14074825207e+00
2.13344161311e+00
2.14604199064e+00
2.16292424050e+00
2.17207447997e+00
2.14705259847e+00
2.16001883745e+00
2.18019062032e+00
2.15533580187e+00
2.13901669734e+00
2.19064448229e+00
2.11439888674e+00
2.18143990533e+00
2.13342831297e+00
2.16963430663e+00
2.15566582721e+00
2.18901249669e+00
2.14992211417e+00
2.15221073952e+00
2.19455699773e+00
2.15306535960e+00
2.14654518802e+00
2.15331028058e+00
2.18208238388e+00
2.15778722647e+00
2.19304026844e+00
2.15016253416e+00
2.20134133742e+00
2.13752099468e+00
2.17419432656e+00
2.15826788396e+00
2.12244351503e+00
2.12797293729e+00
2.11971332100e+00
2.14066801584e+00
2.17827519735e+00
2.14573379265e+00
2.14153206143e+00
2.15097683732e+00
2.14557440960e+00
2.17361975762e+00
2.19517782164e+00
2.19300919130e+00
2.13505755285e+00
2.16771469787e+00
2.11840210052e+00
2.18981327542e+00
2.14537175058e+00
2.18671290184e+00
2.20500487212e+00
2.12845897570e+00
2.13740213298e+00
2.13431428096e+00
2.16641954990e+00
2.17630931067e+00
2.14976303335e+00
2.13957051419e+00
2.14061667984e+00
2.16057992295e+00
2.20356245309e+00
2.09798709069e+00
2.18050431228e+00
2.17588904665e+00
2.18307515053e+00
2.16880278107e+00
2.16638068189e+00
2.18543489677e+00
2.16480671404e+00
2.16475809791e+00
2.14986108648e+00
2.19545122228e+00
2.20839409309e+00
2.13386090452e+00
2.15483925271e+00
2.18394332939e+00
2.20142916334e+00
2.17318920132e+00
2.15606884713e+00
2.15824451466e+00
2.14971265391e+00
2.14129863650e+00
2.15411986188e+00
2.15678396915e+00
2.16558286276e+00
2.15175171789e+00
2.15326179475e+00
2.14953246585e+00
2.15101031063e+00
2.15706163691e+00
2.18497561120e+00
2.14579965047e+00
2.15939962048e+00
2.15929869104e+00