1.07437551615e+00
1.07519041846e+00
1.07625289142e+00
1.07442231169e+00
1.07536902357e+00
1.07532107636e+00
1.07512405185e+00
1.07319672993e+00
1.07429410047e+00
1.07491316906e+00
1.07229288208e+00
1.07585291711e+00
1.07623240394e+00
1.07232033536e+00
1.07198292868e+00
1.07417900210e+00
1.07560608697e+00
1.07435135515e+00
1.07506010391e+00
1.07489592827e+00
1.07103060138e+00
1.07475143396e+00
1.07347533783e+00
1.07554447380e+00
1.07681567563e+00
1.07623399654e+00
1.07375243596e+00
1.07390326020e+00
1.07223598266e+00
1.07313033331e+00
1.07606467000e+00
1.07544688083e+00
1.07340304442e+00
1.07659071953e+00
1.07614347758e+00
1.07448387896e+00
1.07634293100e+00
1.07376724596e+00
1.07363656001e+00
1.07403296956e+00
1.07486976991e+00
1.07428675832e+00
1.07442811373e+00
1.07623479325e+00
1.07801248087e+00
1.07405969417e+00
1.07471903895e+00
1.07296032715e+00
1.07460284179e+00
1.07414589962e+00
1.07535785340e+00
1.07277570429e+00
1.07639409531e+00
1.07345909587e+00
1.07255878445e+00
1.07440719339e+00
1.07432559257e+00
1.07444906720e+00
1.07476522189e+00
1.07357488884e+00
1.07367097503e+00
1.07401647034e+00
1.07702199966e+00
1.07675194486e+00
1.07587311405e+00
1.07489505409e+00
1.07401436228e+00
1.07333922423e+00
1.07324836818e+00
1.07740211578e+00
1.07393599658e+00
1.07447143211e+00
1.07649813899e+00
1.07451629865e+00
1.07568912227e+00
1.07318213532e+00
1.07591541708e+00
1.07588798786e+00
1.07433274508e+00
1.07360808571e+00
1.07761718072e+00
1.07611890219e+00
1.07436596690e+00
1.07325413224e+00
1.07516157798e+00
1.07679060946e+00
1.07599200865e+00
1.07534935803e+00
1.07497599443e+00
1.07463263936e+00
1.07424607915e+00
1.07575093325e+00
1.07546365744e+00
1.07422977973e+00
1.07638240896e+00
1.07484754202e+00
1.07687011330e+00
1.07527258335e+00
1.07572898348e+00
1.07289843178e+00
1.07224346990e+00
1.07280859240e+00
1.07558523843e+00
1.07477612571e+00
1.07327850325e+00
1.07611235172e+00
1.07637674697e+00
1.07434562589e+00
1.07363920427e+00
1.07500188405e+00
1.07408897437e+00
1.07781109700e+00
1.07682352112e+00
1.07335924735e+00
1.07554916889e+00
1.07361702264e+00
1.07539859261e+00
1.07346111877e+00
1.07430292455e+00
1.07453607963e+00
1.07341615941e+00
1.07244401525e+00
1.07574950346e+00
1.07488283484e+00
1.07408352386e+00
1.07346468895e+00
1.07399161072e+00
1.07498971756e+00
1.07453955364e+00
1.07679014681e+00
1.07477530282e+00
1.07307236267e+00
1.07678101311e+00
1.07641556191e+00
1.07554431799e+00
1.07703815837e+00
1.07764049204e+00
1.07401663058e+00
1.07557345907e+00
1.07355237195e+00
1.07259167315e+00
1.07350382073e+00
1.07473991538e+00
1.07464951737e+00
1.07287241899e+00
1.07425272615e+00
1.07626654016e+00
1.07387360782e+00
1.07354890251e+00
1.07100328867e+00
1.07506292369e+00
1.07308102128e+00
1.07515220940e+00
1.07354327335e+00
1.07490959734e+00
1.07587251326e+00
1.07428389838e+00
1.07126422787e+00
1.07440246199e+00
1.07420947870e+00
1.07331960374e+00
1.07422351844e+00
1.07198722144e+00
1.07278997328e+00
1.07076574724e+00
1.07776156326e+00
1.07449993818e+00
1.07480040724e+00
1.07512626889e+00
1.07541067032e+00
1.07692611838e+00
1.07469633556e+00
1.07455315949e+00
1.07431832146e+00
1.07411809014e+00
1.07635978327e+00
1.07552893646e+00
1.07395882132e+00
1.07568219305e+00
1.07396878325e+00
1.07673150786e+00
1.07582744765e+00
1.07340806158e+00
1.07293388209e+00
1.07436560503e+00
1.07550725713e+00
1.07520616961e+00
1.07200487767e+00
1.07579575680e+00
1.07657747966e+00
1.07604360684e+00
1.07146582591e+00
1.07278052844e+00
1.07516916578e+00
1.07562440689e+00
1.07285973480e+00
1.07441967944e+00
1.07653840711e+00
1.07350621847e+00
1.07238783716e+00
1.07520837943e+00
1.07519284681e+00
1.07698207032e+00
1.07431839512e+00
1.07441687086e+00
1.07376684266e+00
1.07178126523e+00
1.07582313541e+00
1.07375869529e+00
1.07456919301e+00
1.07314171776e+00
1.07521319806e+00
1.07496297093e+00
1.07429676294e+00
1.07538878481e+00
1.07629722668e+00
1.07520099190e+00
1.07118232980e+00
1.07346859130e+00
1.07440770619e+00
1.07248808368e+00
1.07517405702e+00
1.07584208718e+00
1.07681935865e+00
1.07637364984e+00
1.07539233882e+00
1.07635293905e+00
1.07189910529e+00
1.07480874023e+00
1.07605488199e+00
1.07579096743e+00
1.07602857879e+00
1.07487864672e+00
1.07310904222e+00
1.07337174485e+00
1.07283576840e+00
1.07157943482e+00
1.07473305844e+00
1.07724552833e+00
1.07724791271e+00
1.07553151831e+00
1.07507646806e+00
1.07632356722e+00
1.07265308244e+00
1.07420031301e+00
1.07698322347e+00
1.07472771488e+00
1.07490865244e+00
1.07532302691e+00
1.07575737360e+00
1.07745915592e+00
1.07249431495e+00
1.07614923558e+00
1.07334711466e+00
1.07456723693e+00
1.07216241508e+00
1.07434831658e+00
1.07758329498e+00
1.07509839872e+00
1.07547875407e+00
1.07311730367e+00
1.07547858283e+00
1.07597628548e+00
1.07512669031e+00
1.07364837362e+00
1.07394358018e+00
1.07275166860e+00
1.07740789008e+00
1.07135962637e+00
1.07521334407e+00
1.07514272770e+00
1.07661086995e+00
1.07483178992e+00
1.07664724613e+00
1.07551090575e+00
1.07475225730e+00
1.07454328403e+00
1.07366589370e+00
1.07464623939e+00
1.07276403084e+00
1.07489617659e+00
1.07485664780e+00
1.07424457142e+00
1.07402021391e+00
1.07464630490e+00
1.07624567563e+00
1.07409105262e+00
1.07531239964e+00
1.07631956470e+00
1.07416605912e+00
1.07538742172e+00
1.07360344440e+00
1.07461909913e+00
1.07572034114e+00
1.07236428808e+00
1.07490245751e+00
1.07324903180e+00
1.07568204893e+00
1.07690104756e+00
1.07502594226e+00
1.07234217426e+00
1.07719324354e+00
1.07434155537e+00
1.07462781084e+00
1.07439613258e+00
1.07445124890e+00
1.07637803960e+00
1.07343175173e+00
1.07681198655e+00
1.07473194589e+00
1.07590990203e+00
1.07459909407e+00
1.07243261130e+00
1.07639433191e+00
1.07361020526e+00
1.07618206859e+00
1.07338965126e+00
1.07462714333e+00
1.07554338607e+00
1.07412862987e+00
1.07426588868e+00
1.07316731641e+00
1.07633729712e+00
1.07565713239e+00
1.07353685706e+00
1.07606349863e+00
1.07306556681e+00
1.07500221148e+00
1.07370232711e+00
1.07559712511e+00
1.07482074729e+00
1.07526884499e+00
1.07554230236e+00
1.07649700726e+00
1.07449112846e+00
1.07692455832e+00
1.07359712675e+00
1.07333636068e+00
1.07502199884e+00
1.07439404712e+00
1.07271870213e+00
1.07510151649e+00
1.07589647483e+00
1.07340223238e+00
1.07510050935e+00
1.07720891718e+00
1.07711896580e+00
1.07738129704e+00
1.07530626573e+00
1.07856340256e+00
1.07587358752e+00
1.07425787687e+00
1.07543059119e+00
1.07418805005e+00
1.07596823207e+00
1.07651898618e+00
1.07254226913e+00
1.07424759830e+00
1.07413252153e+00
1.07641065470e+00
1.07542782370e+00
1.07386485490e+00
1.07550441566e+00
1.07324020463e+00
1.07416498987e+00
1.07456668002e+00
1.07356521394e+00
1.07581853453e+00
1.07300445701e+00
1.07473723713e+00
1.07769342948e+00
1.07656816104e+00
1.07473864041e+00
1.07211319077e+00
1.07425538394e+00
1.07430878674e+00
1.07536813602e+00
1.07340484087e+00
1.07567571167e+00
1.07765314491e+00
1.07546520935e+00
1.07446557852e+00
1.07386244442e+00
1.07559763948e+00
1.07473839301e+00
1.07422372612e+00
1.07409690917e+00
1.07684823580e+00
1.07379468802e+00
1.07627863756e+00
1.07668496992e+00
1.07649037694e+00
1.07484813683e+00
1.07593088394e+00
1.07431795596e+00
1.07353212497e+00
1.07467690023e+00
1.07606378904e+00
1.07330371847e+00
1.07376455145e+00
1.07432178940e+00
1.07517767923e+00
1.07616895048e+00
1.07698499097e+00
1.07608070574e+00
1.07109532770e+00
1.07556944819e+00
1.07428114887e+00
1.07681076752e+00
1.07713431317e+00
1.07352659762e+00
1.07416259118e+00
1.07375342340e+00
1.07666536752e+00
1.07550230385e+00
1.07696679061e+00
1.07697728243e+00
1.07403163314e+00
1.07414812625e+00
1.07542608258e+00
1.07460860607e+00
1.07414756464e+00
1.07370200430e+00
1.07429873086e+00
1.07438417207e+00
1.07532393112e+00
1.07226160673e+00
1.07463943354e+00
1.07553631830e+00
1.07674388679e+00
1.07571311720e+00
1.07422656162e+00
1.07577842020e+00
1.07377312489e+00
1.07500617126e+00
1.07312314963e+00
1.07323682926e+00
1.07689233370e+00
1.07160407237e+00
1.07498342085e+00
1.07611538041e+00
1.07459053842e+00
1.07614315366e+00
1.07232417771e+00
1.07498158097e+00
1.07540522934e+00
1.07526023785e+00
1.07562975571e+00
1.07550609763e+00
1.07531009456e+00
1.07703069222e+00
1.07624708602e+00
1.07436960591e+00
1.07479857041e+00
1.07577172876e+00
1.07314921563e+00
1.07556471268e+00
1.07568791541e+00
1.07589343192e+00
1.07636433516e+00
1.07345794728e+00
1.07533785346e+00
1.07418697810e+00
1.07487839759e+00
1.07541831954e+00
1.07687920722e+00
1.07527858738e+00
1.07534078866e+00
1.07592994437e+00
1.07522672048e+00
1.07387594361e+00
1.07534653441e+00
1.07471518749e+00
1.07554618207e+00
1.07184269981e+00
1.07630815825e+00
1.07477883481e+00
1.07505256744e+00
1.07601018125e+00
1.07264795417e+00
1.07669377286e+00
1.07516415877e+00
1.07486317878e+00
1.07599907294e+00
1.07315976331e+00
1.07513195804e+00
1.07419163510e+00
1.07567717375e+00
1.07611917841e+00
1.07849853892e+00
1.07735387613e+00
1.07451783815e+00
1.07429224273e+00
1.07348874273e+00
1.07531650921e+00
1.07345463741e+00
1.07482908496e+00
1.07403466121e+00
1.07495199397e+00
1.07383482900e+00
1.07479970068e+00