7.95312944431e-01
7.95639557981e-01
7.96979648779e-01
7.95580514734e-01
7.96158331210e-01
7.96321186930e-01
7.96014878963e-01
7.94103340433e-01
7.95375656810e-01
7.95609533597e-01
7.93439975129e-01
7.96315262227e-01
7.97096503479e-01
7.93773276355e-01
7.92972334308e-01
7.95011441845e-01
7.96517277303e-01
7.95128762574e-01
7.96119130689e-01
7.95809234622e-01
7.92295896827e-01
7.95592833558e-01
7.94325504624e-01
7.96481454617e-01
7.97107247694e-01
7.97057451243e-01
7.95019258617e-01
7.95262618511e-01
7.93343020664e-01
7.94187749599e-01
7.96615098466e-01
7.96260006231e-01
7.94715498724e-01
7.96938686002e-01
7.96490869991e-01
7.95360854509e-01
7.97099823901e-01
7.94843862376e-01
7.94905218660e-01
7.94960936555e-01
7.95840329535e-01
7.95356259923e-01
7.94894387923e-01
7.96506784083e-01
7.98262672082e-01
7.95224227492e-01
7.95713216389e-01
7.94031395264e-01
7.95409441346e-01
7.94905372078e-01
7.95874466605e-01
7.93631212784e-01
7.96802761045e-01
7.94896624001e-01
7.93913490586e-01
7.95345637857e-01
7.95210071605e-01
7.95353587160e-01
7.95713857107e-01
7.94295471666e-01
7.94859981133e-01
7.95000620406e-01
7.97377998071e-01
7.97158798237e-01
7.96529473330e-01
7.95669838705e-01
7.94770312597e-01
7.94485565734e-01
7.94355964930e-01
7.97947006627e-01
7.95043956934e-01
7.95426435537e-01
7.97049063469e-01
7.95509983333e-01
7.96265630387e-01
7.94224644992e-01
7.96644050325e-01
7.96360378256e-01
7.94951520640e-01
7.94515457458e-01
7.98024629385e-01
7.96628050558e-01
7.95023742547e-01
7.94696490489e-01
7.95795230928e-01
7.96935755128e-01
7.96734228021e-01
7.96318759839e-01
7.95805335934e-01
7.95602412962e-01
7.94802665101e-01
7.96105521996e-01
7.96203833415e-01
7.95235733387e-01
7.97042762996e-01
7.95382638496e-01
7.97389531379e-01
7.96169334550e-01
7.96316334556e-01
7.94033278334e-01
7.93440058514e-01
7.93862361314e-01
7.96270042693e-01
7.95760979776e-01
7.95065733970e-01
7.96764945850e-01
7.96985058217e-01
7.95736803520e-01
7.94553126665e-01
7.95693532216e-01
7.95137300238e-01
7.98182024431e-01
7.97094050537e-01
7.94630186339e-01
7.96355745237e-01
7.94529804830e-01
7.95816781917e-01
7.94370746530e-01
7.95144834228e-01
7.95032966528e-01
7.94473413963e-01
7.93437909465e-01
7.96379851631e-01
7.95754923083e-01
7.95003507876e-01
7.94718969366e-01
7.94629697990e-01
7.95977256360e-01
7.95372966665e-01
7.97254407641e-01
7.95226353542e-01
7.94031368557e-01
7.96892469868e-01
7.97056540551e-01
7.96165266770e-01
7.97282706461e-01
7.97643947938e-01
7.94778064217e-01
7.96294868935e-01
7.94294979106e-01
7.93846052893e-01
7.94432028507e-01
7.95172309731e-01
7.95542284855e-01
7.94227828870e-01
7.94634568421e-01
7.96907231940e-01
7.94975553558e-01
7.94636641128e-01
7.92424568552e-01
7.95649004511e-01
7.93975583772e-01
7.95924648099e-01
7.94451981669e-01
7.95774561119e-01
7.96473018445e-01
7.95407145404e-01
7.92505521769e-01
7.95559522433e-01
7.95238369657e-01
7.94298724462e-01
7.94836907007e-01
7.93210437011e-01
7.93863520249e-01
7.92499399086e-01
7.98340270787e-01
7.95384866906e-01
7.95157461099e-01
7.95876326517e-01
7.96038855504e-01
7.97247030726e-01
7.95702510723e-01
7.95325886845e-01
7.95409410460e-01
7.95123189309e-01
7.96781258205e-01
7.96245086686e-01
7.94872145039e-01
7.96327402043e-01
7.94955988207e-01
7.97313240401e-01
7.96599351679e-01
7.94502021203e-01
7.94085439623e-01
7.95090228863e-01
7.96144783272e-01
7.95620070757e-01
7.93442227283e-01
7.96525259166e-01
7.97378085534e-01
7.96281926678e-01
7.92834948599e-01
7.94105471848e-01
7.95827446254e-01
7.96362083845e-01
7.94187113174e-01
7.95236896249e-01
7.96922108911e-01
7.94721605902e-01
7.93569389910e-01
7.95694921700e-01
7.95931351109e-01
7.97168415091e-01
7.95252485005e-01
7.95292432042e-01
7.94652333361e-01
7.93060677798e-01
7.96440840599e-01
7.94403244182e-01
7.94979163509e-01
7.94295219033e-01
7.96072163547e-01
7.95837713121e-01
7.95149093236e-01
7.96337493913e-01
7.96744982772e-01
7.95803758131e-01
7.92717270981e-01
7.94305324889e-01
7.95376604244e-01
7.93740072139e-01
7.95757041063e-01
7.96430674811e-01
7.97351402240e-01
7.96891684596e-01
7.96171564561e-01
7.97031285037e-01
7.92997918227e-01
7.95328743755e-01
7.96517625370e-01
7.96524961746e-01
7.96534901528e-01
7.96106720538e-01
7.94180461839e-01
7.94569023965e-01
7.94053025169e-01
7.92935473991e-01
7.95869223828e-01
7.97797107599e-01
7.97487615011e-01
7.96150862201e-01
7.95703304465e-01
7.96871238104e-01
7.94037529925e-01
7.95155128190e-01
7.97496209676e-01
7.95848241775e-01
7.95639439929e-01
7.96336867633e-01
7.95826566219e-01
7.97970328546e-01
7.93900613528e-01
7.96757238443e-01
7.94383408324e-01
7.95621866742e-01
7.94042634307e-01
7.95169908099e-01
7.97767953614e-01
7.96129933833e-01
7.96291682774e-01
7.94323096914e-01
7.96058752517e-01
7.96697369320e-01
7.95818677895e-01
7.94637058954e-01
7.95080219352e-01
7.93925833991e-01
7.98010394459e-01
7.92663747044e-01
7.95856475682e-01
7.95836319986e-01
7.97053005139e-01
7.95650303418e-01
7.97304772956e-01
7.96177169032e-01
7.95726439751e-01
7.95506554144e-01
7.94529968675e-01
7.95395807433e-01
7.94004345233e-01
7.95526217347e-01
7.95487657656e-01
7.95368444913e-01
7.95135536104e-01
7.95774411458e-01
7.96918178614e-01
7.95121316712e-01
7.96158222950e-01
7.96847451115e-01
7.95091088393e-01
7.96162261428e-01
7.94844064324e-01
7.95634728904e-01
7.96361813843e-01
7.93904254058e-01
7.95949990448e-01
7.94416783647e-01
7.96555797432e-01
7.97127302648e-01
7.95702729569e-01
7.93708113564e-01
7.97822937778e-01
7.95209902494e-01
7.95579653920e-01
7.95203822007e-01
7.95223596208e-01
7.96742168573e-01
7.94449755891e-01
7.97200470150e-01
7.95643132092e-01
7.96638683622e-01
7.95486718456e-01
7.93687759524e-01
7.97328471597e-01
7.94571486064e-01
7.96420504446e-01
7.94172942915e-01
7.95360052155e-01
7.96196041092e-01
7.94971549848e-01
7.95082413453e-01
7.94321541579e-01
7.96810543339e-01
7.96125975401e-01
7.94552445643e-01
7.96730406865e-01
7.94234506620e-01
7.95883751435e-01
7.94483694247e-01
7.96181834482e-01
7.95616862955e-01
7.96005091581e-01
7.96249594592e-01
7.97275772048e-01
7.95385332987e-01
7.97250051082e-01
7.94807597848e-01
7.94538474465e-01
7.95994935370e-01
7.95292742967e-01
7.94095189969e-01
7.95998039452e-01
7.96495710896e-01
7.94505600069e-01
7.95479191049e-01
7.97315688656e-01
7.97243638590e-01
7.97419758553e-01
7.96204826552e-01
7.98420040155e-01
7.96347799940e-01
7.95417874255e-01
7.96103496229e-01
7.95358226283e-01
7.96568174944e-01
7.96933587718e-01
7.94014616559e-01
7.95138755481e-01
7.95102484557e-01
7.96947586964e-01
7.96336906260e-01
7.94758815169e-01
7.96176232860e-01
7.94588271114e-01
7.94885195222e-01
7.95552753314e-01
7.94420325393e-01
7.96368142607e-01
7.94576748157e-01
7.95238262172e-01
7.98026240796e-01
7.96942472831e-01
7.95428059257e-01
7.93279203348e-01
7.95249076574e-01
7.95454778849e-01
7.96373458554e-01
7.94469601764e-01
7.96371405270e-01
7.97661869327e-01
7.96054123319e-01
7.95299585573e-01
7.94778683879e-01
7.96358633198e-01
7.95651548765e-01
7.94955222727e-01
7.95085387233e-01
7.96974175521e-01
7.94544610078e-01
7.96721994608e-01
7.97022425521e-01
7.96959941510e-01
7.95621076160e-01
7.96299919585e-01
7.94711778870e-01
7.94800289714e-01
7.95750530084e-01
7.96703657071e-01
7.94545462320e-01
7.94893528457e-01
7.95322487249e-01
7.95926695256e-01
7.96706012125e-01
7.97503606554e-01
7.96507203499e-01
7.92714821096e-01
7.96349975300e-01
7.95286505292e-01
7.97339129187e-01
7.97836941943e-01
7.94467184278e-01
7.95296785069e-01
7.94891888435e-01
7.97276712347e-01
7.96214837102e-01
7.97291698468e-01
7.97541195686e-01
7.94973671066e-01
7.95182656355e-01
7.96189221682e-01
7.95752820934e-01
7.95214898398e-01
7.94831707203e-01
7.95318166090e-01
7.95542937194e-01
7.95748146974e-01
7.93419634917e-01
7.95920716955e-01
7.96059312102e-01
7.97323136963e-01
7.96375741872e-01
7.95591563726e-01
7.96633613046e-01
7.94654310986e-01
7.95608812035e-01
7.93985254042e-01
7.93794544162e-01
7.97360036319e-01
7.93039132703e-01
7.95848921842e-01
7.96275089306e-01
7.95483397910e-01
7.96674936009e-01
7.93576637117e-01
7.95836573292e-01
7.96103385493e-01
7.96045992381e-01
7.96130231120e-01
7.96283867131e-01
7.96104384419e-01
7.97092488121e-01
7.97079531554e-01
7.95134845502e-01
7.95473312759e-01
7.96694952909e-01
7.94447910951e-01
7.96134271237e-01
7.96429152503e-01
7.96694073833e-01
7.97200222539e-01
7.94492417396e-01
7.95995795148e-01
7.95477544882e-01
7.95889058587e-01
7.96301445068e-01
7.97015424984e-01
7.96173126239e-01
7.96483814352e-01
7.96439833799e-01
7.95933322048e-01
7.95059107343e-01
7.96114354673e-01
7.95574969549e-01
7.95980635983e-01
7.93057929446e-01
7.96678582464e-01
7.95855530899e-01
7.96227368189e-01
7.96901264882e-01
7.93636408645e-01
7.97389280372e-01
7.95716437335e-01
7.95717977005e-01
7.96367656679e-01
7.94255020514e-01
7.95635211092e-01
7.95179315623e-01
7.96185898613e-01
7.96620476776e-01
7.99014517989e-01
7.97813491012e-01
7.95163721807e-01
7.95425223053e-01
7.94755806268e-01
7.95976375155e-01
7.94481422526e-01
7.95547383852e-01
7.94976331137e-01
7.95953154362e-01
7.94585108955e-01
7.95621592518e-01