7.58210783955e-01
7.58543467083e-01
7.59460092399e-01
7.58216654394e-01
7.59038494904e-01
7.58755349919e-01
7.58711002790e-01
7.57344389321e-01
7.58294959219e-01
7.58484932908e-01
7.56798657828e-01
7.59093794116e-01
7.59598365938e-01
7.56781409982e-01
7.56501290725e-01
7.58128608761e-01
7.59234545548e-01
7.58083835446e-01
7.58657729659e-01
7.58593438272e-01
7.55937360578e-01
7.58482722049e-01
7.57566584486e-01
7.59281758014e-01
7.59838196882e-01
7.59538186047e-01
7.57901318640e-01
7.57762383893e-01
7.56900447086e-01
7.57254553938e-01
7.59180842947e-01
7.58892193434e-01
7.57677010495e-01
7.59690932131e-01
7.59418804966e-01
7.58278574195e-01
7.59572668265e-01
7.57829134527e-01
7.57700293803e-01
7.57968918503e-01
7.58564103600e-01
7.58201975524e-01
7.58097698772e-01
7.59230233648e-01
7.60649083320e-01
7.58072096942e-01
7.58439601083e-01
7.57226554191e-01
7.58382823836e-01
7.57982567843e-01
7.58908825989e-01
7.57020705600e-01
7.59648824526e-01
7.57654872897e-01
7.56970187646e-01
7.58314673181e-01
7.58120505891e-01
7.58186150814e-01
7.58390869992e-01
7.57702097194e-01
7.57796684044e-01
7.58049082798e-01
7.60194267388e-01
7.59715645896e-01
7.59220147013e-01
7.58527172726e-01
7.57977163716e-01
7.57517288183e-01
7.57297446554e-01
7.60409663899e-01
7.57944186686e-01
7.58155762847e-01
7.59613661862e-01
7.58342478169e-01
7.58949545493e-01
7.57371595884e-01
7.59368774401e-01
7.59242603445e-01
7.58080304975e-01
7.57759811209e-01
7.60330305332e-01
7.59379490184e-01
7.58267029858e-01
7.57644118586e-01
7.58822408119e-01
7.59688157229e-01
7.59347439372e-01
7.59088371560e-01
7.58714318989e-01
7.58323917381e-01
7.57884018337e-01
7.59045807995e-01
7.58805715104e-01
7.58162273726e-01
7.59680607145e-01
7.58417880511e-01
7.59943500409e-01
7.58800019775e-01
7.58911683888e-01
7.57128947201e-01
7.56699378276e-01
7.57031179423e-01
7.59031821670e-01
7.58532850313e-01
7.57633095959e-01
7.59527683026e-01
7.59500696649e-01
7.58314482832e-01
7.57804789693e-01
7.58603212652e-01
7.58095885809e-01
7.60494261446e-01
7.59833482152e-01
7.57636051433e-01
7.59151817226e-01
7.57627957894e-01
7.58955918913e-01
7.57545609131e-01
7.58176619139e-01
7.58297521585e-01
7.57472566991e-01
7.56827514966e-01
7.59096415404e-01
7.58550570395e-01
7.57837172526e-01
7.57649294560e-01
7.57794526259e-01
7.58792289088e-01
7.58223098303e-01
7.59915253020e-01
7.58324027730e-01
7.57262767135e-01
7.59723724104e-01
7.59711827107e-01
7.58968636688e-01
7.59935921063e-01
7.60385192109e-01
7.57994985165e-01
7.59005798317e-01
7.57572482375e-01
7.56930853741e-01
7.57601714531e-01
7.58296568062e-01
7.58376811496e-01
7.57217155120e-01
7.57999121517e-01
7.59445551534e-01
7.57854703280e-01
7.57606863940e-01
7.55921019580e-01
7.58556033071e-01
7.57326386230e-01
7.58678210468e-01
7.57486818971e-01
7.58524093750e-01
7.59039801882e-01
7.58118697024e-01
7.56052211854e-01
7.58296315700e-01
7.58008856977e-01
7.57367458569e-01
7.58012856673e-01
7.56544821453e-01
7.57131109780e-01
7.55949494646e-01
7.60499747852e-01
7.58013493558e-01
7.58375816416e-01
7.58751116820e-01
7.58919396866e-01
7.59861527215e-01
7.58411904556e-01
7.58315057553e-01
7.58227852170e-01
7.58093982482e-01
7.59528855941e-01
7.59071374479e-01
7.57862851555e-01
7.59187242616e-01
7.57980839564e-01
7.59851508395e-01
7.59195056924e-01
7.57580164686e-01
7.57224883199e-01
7.58195218202e-01
7.58940511495e-01
7.58707750895e-01
7.56622796508e-01
7.58996749933e-01
7.59890054080e-01
7.59217930559e-01
7.56284215551e-01
7.57353454612e-01
7.58609900327e-01
7.59215892260e-01
7.57107004728e-01
7.58305525518e-01
7.59734982381e-01
7.57587385615e-01
7.56988178217e-01
7.58740451432e-01
7.58744171173e-01
7.59806438402e-01
7.58157479582e-01
7.58185206007e-01
7.57514244464e-01
7.56369635074e-01
7.59186149320e-01
7.57690884166e-01
7.58223157657e-01
7.57428879987e-01
7.58684527315e-01
7.58662896180e-01
7.58284671103e-01
7.58958827776e-01
7.59350644542e-01
7.58653355410e-01
7.56110974676e-01
7.57605892427e-01
7.58337628125e-01
7.56875279176e-01
7.58657715349e-01
7.59278894854e-01
7.59758671494e-01
7.59321402347e-01
7.58816806968e-01
7.59648201193e-01
7.56618924584e-01
7.58173004953e-01
7.59186713049e-01
7.59172683113e-01
7.59252628762e-01
7.58619511185e-01
7.57372815276e-01
7.57462722366e-01
7.57195884284e-01
7.56351475216e-01
7.58532016758e-01
7.60095601525e-01
7.60115902817e-01
7.58844232497e-01
7.58712391225e-01
7.59751648893e-01
7.57104877483e-01
7.58074921756e-01
7.59967143637e-01
7.58549578725e-01
7.58526741353e-01
7.58908706876e-01
7.58744097447e-01
7.60294810473e-01
7.56844213930e-01
7.59440767229e-01
7.57647855092e-01
7.58324111111e-01
7.56991284102e-01
7.58116410049e-01
7.60370435239e-01
7.58694490085e-01
7.59007688894e-01
7.57283285973e-01
7.58736946618e-01
7.59384776332e-01
7.58721068072e-01
7.57591326824e-01
7.58013205831e-01
7.57118457534e-01
7.60366346649e-01
7.56159277545e-01
7.58665500094e-01
7.58617132938e-01
7.59768257395e-01
7.58588091441e-01
7.59945190079e-01
7.58860077018e-01
7.58593829360e-01
7.58360629756e-01
7.57538568222e-01
7.58360570015e-01
7.57038596862e-01
7.58467318718e-01
7.58481150795e-01
7.58022564775e-01
7.58015018748e-01
7.58508078976e-01
7.59482977090e-01
7.58043822092e-01
7.58849335484e-01
7.59360761335e-01
7.58080677682e-01
7.58942387011e-01
7.57792163213e-01
7.58514971425e-01
7.59087083289e-01
7.56942828380e-01
7.58562853505e-01
7.57416765984e-01
7.59171446301e-01
7.59963107364e-01
7.58781203714e-01
7.57030995949e-01
7.60302341513e-01
7.58186224651e-01
7.58323802895e-01
7.58157530119e-01
7.58117455603e-01
7.59359976243e-01
7.57503184293e-01
7.60099464287e-01
7.58304731266e-01
7.59167566910e-01
7.58358939242e-01
7.56843714997e-01
7.59566417719e-01
7.57820407054e-01
7.59352135543e-01
7.57327878467e-01
7.58469026357e-01
7.59163801831e-01
7.58127748411e-01
7.58109326008e-01
7.57397257833e-01
7.59502822452e-01
7.58979649929e-01
7.57733034863e-01
7.59330074171e-01
7.57419640740e-01
7.58727904256e-01
7.57857919154e-01
7.59005592864e-01
7.58445071183e-01
7.58955581419e-01
7.59089265873e-01
7.59782887804e-01
7.58330613675e-01
7.59772047754e-01
7.57650061234e-01
7.57477199171e-01
7.58748477413e-01
7.58219114235e-01
7.57214358085e-01
7.58640151318e-01
7.59256275344e-01
7.57558423652e-01
7.58679506814e-01
7.60053964154e-01
7.59928814772e-01
7.60146124012e-01
7.58983912829e-01
7.61000824608e-01
7.59277648425e-01
7.58234615125e-01
7.58862527173e-01
7.58267886887e-01
7.59439622328e-01
7.59615807425e-01
7.57027337921e-01
7.58278262737e-01
7.57906776044e-01
7.59793973812e-01
7.58922014047e-01
7.57845369341e-01
7.59028551108e-01
7.57399955588e-01
7.58039372406e-01
7.58440021971e-01
7.57702555047e-01
7.59207022053e-01
7.57409605385e-01
7.58512929527e-01
7.60462498266e-01
7.59681971007e-01
7.58600547680e-01
7.56600695521e-01
7.58090224119e-01
7.58178270225e-01
7.58873503900e-01
7.57383492873e-01
7.59168487282e-01
7.60314181593e-01
7.58858807095e-01
7.58310444469e-01
7.57734305297e-01
7.59154168933e-01
7.58453263438e-01
7.58106567938e-01
7.58121870073e-01
7.59794876642e-01
7.57667905605e-01
7.59227452921e-01
7.59675538839e-01
7.59656580376e-01
7.58605249283e-01
7.59294658305e-01
7.57941825717e-01
7.57644483324e-01
7.58397259869e-01
7.59425410443e-01
7.57699968316e-01
7.57835595330e-01
7.58105406071e-01
7.58746498413e-01
7.59424368571e-01
7.59861179871e-01
7.59354813677e-01
7.56069863390e-01
7.59027090404e-01
7.58095474082e-01
7.59992611911e-01
7.60289294584e-01
7.57512331460e-01
7.58013865617e-01
7.57825521363e-01
7.59797360470e-01
7.58985495110e-01
7.59846040162e-01
7.60029598614e-01
7.57966623508e-01
7.57921628201e-01
7.58957887292e-01
7.58315878607e-01
7.58093038204e-01
7.57803279730e-01
7.58195917730e-01
7.58278186816e-01
7.58759343595e-01
7.56910961556e-01
7.58747736966e-01
7.59079182547e-01
7.59777347141e-01
7.59006746337e-01
7.58196782387e-01
7.59222139389e-01
7.57923171640e-01
7.58455777713e-01
7.57366912999e-01
7.57223368012e-01
7.59873535308e-01
7.56329965093e-01
7.58601585969e-01
7.59207332996e-01
7.58382158460e-01
7.59401660801e-01
7.56962375778e-01
7.58732776051e-01
7.59210799547e-01
7.58769696911e-01
7.59070720207e-01
7.58820089425e-01
7.58826309283e-01
7.59830585288e-01
7.59397618992e-01
7.57977878962e-01
7.58261114289e-01
7.59254769866e-01
7.57427147058e-01
7.59101717124e-01
7.59020551982e-01
7.59348984919e-01
7.59715475301e-01
7.57558006036e-01
7.58801615684e-01
7.58205926074e-01
7.58643881228e-01
7.58892421857e-01
7.59826480112e-01
7.58856359120e-01
7.59117986687e-01
7.59335873294e-01
7.58846063743e-01
7.57882908334e-01
7.58629544516e-01
7.58343272653e-01
7.59023989413e-01
7.56497440930e-01
7.59440407389e-01
7.58661532623e-01
7.58806524380e-01
7.59383684312e-01
7.57031551139e-01
7.59748605281e-01
7.58837445932e-01
7.58516722853e-01
7.59242226246e-01
7.57292885195e-01
7.58581591716e-01
7.58007682498e-01
7.58981741181e-01
7.59215900206e-01
7.61099304405e-01
7.60219759754e-01
7.58103526229e-01
7.58022640151e-01
7.57698201301e-01
7.58981066852e-01
7.57674020051e-01
7.58623809775e-01
7.57859409216e-01
7.58630959668e-01
7.57602877779e-01
7.58497053370e-01