1.24778227241e+00
1.18619178973e+00
1.16883341737e+00
1.21745478735e+00
1.20386760480e+00
1.19523362817e+00
1.20660881815e+00
1.19800015644e+00
1.21498243678e+00
1.24411270313e+00
1.22919231745e+00
1.19445911034e+00
1.16099846046e+00
1.28555948469e+00
1.24066411357e+00
1.19336797936e+00
1.19890180094e+00
1.20726205986e+00
1.19678246552e+00
1.17850937568e+00
1.23051186784e+00
1.19825233764e+00
1.23533324670e+00
1.20554467462e+00
1.15216918545e+00
1.17617926488e+00
1.17365724028e+00
1.20166781330e+00
1.21298861413e+00
1.24765231680e+00
1.19104210463e+00
1.19242755036e+00
1.16907505489e+00
1.20694647350e+00
1.26851921441e+00
1.22988640984e+00
1.27910317705e+00
1.24000355650e+00
1.22415735258e+00
1.25212704864e+00
1.21339072118e+00
1.16873738488e+00
1.16332902741e+00
1.19151246327e+00
1.21017490203e+00
1.24334916249e+00
1.21111279080e+00
1.17243265926e+00
1.20307224515e+00
1.19889158876e+00
1.20794507534e+00
1.22829794842e+00
1.22828842015e+00
1.23651009805e+00
1.25719116238e+00
1.24694022561e+00
1.18014142207e+00
1.24212846817e+00
1.19865146516e+00
1.18719386196e+00
1.18881245694e+00
1.20624503248e+00
1.18753189917e+00
1.21286394489e+00
1.21310690370e+00
1.21425631198e+00
1.23080025599e+00
1.25127827225e+00
1.23920131280e+00
1.22751924127e+00
1.20265518454e+00
1.23994699124e+00
1.17206451950e+00
1.18445000802e+00
1.21642953854e+00
1.21305327779e+00
1.22605208239e+00
1.22088437536e+00
1.24445895457e+00
1.18269322923e+00
1.23807395200e+00
1.23256581205e+00
1.20019290504e+00
1.28944409773e+00
1.21039296960e+00
1.20706498648e+00
1.16027893752e+00
1.20352525907e+00
1.28592651245e+00
1.22879014886e+00
1.21043164615e+00
1.22100113272e+00
1.23799349235e+00
1.21692541723e+00
1.15711101758e+00
1.20270477504e+00
1.17130263483e+00
1.20018194449e+00
1.18411323386e+00
1.15865230436e+00
1.20292756894e+00
1.21434893281e+00
1.18767828697e+00
1.25501445030e+00
1.22006323401e+00
1.14365460093e+00
1.21104965158e+00
1.18766527997e+00
1.16202023230e+00
1.19584927248e+00
1.19943020189e+00
1.16451949713e+00
1.23666617772e+00
1.12531795529e+00
1.23054940624e+00
1.17753367975e+00
1.19826078809e+00
1.24920322787e+00
1.19944950861e+00
1.19077819748e+00
1.18144301324e+00
1.21153001833e+00
1.24628248237e+00
1.16723329917e+00
1.21456037841e+00
1.20468323492e+00
1.19393012013e+00
1.21036448004e+00
1.23081448368e+00
1.25079917760e+00
1.25658776615e+00
1.21987719286e+00
1.18218690747e+00
1.19503653880e+00
1.24052536082e+00
1.17242882775e+00
1.25639898302e+00
1.23121774330e+00
1.17828680505e+00
1.22289397328e+00
1.16504754899e+00
1.13874533091e+00
1.20833752970e+00
1.21946104387e+00
1.25136456733e+00
1.17499453612e+00
1.18890754716e+00
1.21492359626e+00
1.23866214388e+00
1.26895671237e+00
1.17332741877e+00
1.24992050301e+00
1.22220830557e+00
1.21419748294e+00
1.17049280610e+00
1.25241914198e+00
1.23009994370e+00
1.24912065374e+00
1.21417084729e+00
1.18195094602e+00
1.23987969461e+00
1.20101660492e+00
1.19658455568e+00
1.21156804109e+00
1.19466062258e+00
1.23775487865e+00
1.19882137990e+00
1.16445874341e+00
1.21526565741e+00
1.21790700107e+00
1.19307814701e+00
1.27192696954e+00
1.21354857917e+00
1.22716542977e+00
1.19346763299e+00
1.16795503396e+00
1.23940141471e+00
1.20407956195e+00
1.28327629844e+00
1.17155666528e+00
1.17502752739e+00
1.23344600078e+00
1.20783112440e+00
1.18758218766e+00
1.18242667130e+00
1.20956328217e+00
1.14399338684e+00
1.25594420132e+00
1.17108335895e+00
1.19207736888e+00
1.19251686290e+00
1.21224654768e+00
1.15259578865e+00
1.21472058401e+00
1.22124148276e+00
1.17940557651e+00
1.23593726148e+00
1.16575749721e+00
1.18774941148e+00
1.15958155727e+00
1.18653572226e+00
1.17710233347e+00
1.17998012306e+00
1.22986845696e+00
1.15421980687e+00
1.22829452664e+00
1.23663648958e+00
1.21876359699e+00
1.21752842287e+00
1.23373279759e+00
1.25667049589e+00
1.19404808921e+00
1.20908697370e+00
1.23164181594e+00
1.20677248973e+00
1.21729711530e+00
1.15629242885e+00
1.18947968349e+00
1.22969177391e+00
1.17496443802e+00
1.22615539425e+00
1.22211601248e+00
1.22340352983e+00
1.22790845352e+00
1.24896222415e+00
1.19676959128e+00
1.20610985825e+00
1.16054184257e+00
1.20361785459e+00
1.22027832306e+00
1.22435836736e+00
1.15514948636e+00
1.21901420668e+00
1.23551676327e+00
1.17888288968e+00
1.25972454699e+00
1.26118106632e+00
1.14096825901e+00
1.20320427605e+00
1.18318675934e+00
1.22275193950e+00
1.22866604778e+00
1.18178740607e+00
1.23624916875e+00
1.24761942922e+00
1.27376377834e+00
1.16832189024e+00
1.16123533142e+00
1.23537757664e+00
1.22222660916e+00
1.23272357590e+00
1.21535131683e+00
1.18164736072e+00
1.17734810481e+00
1.20883938531e+00
1.22165993492e+00
1.23710206988e+00
1.17300944805e+00
1.21119313251e+00
1.26452649929e+00
1.20428073879e+00
1.25420321727e+00
1.25893675786e+00
1.22244668321e+00
1.21382387178e+00
1.16787096484e+00
1.25001700920e+00
1.22661841755e+00
1.22542467842e+00
1.20830352831e+00
1.21921802642e+00
1.13033849930e+00
1.23765695610e+00
1.17523656278e+00
1.26949941668e+00
1.22295141683e+00
1.25384928345e+00
1.23031325988e+00
1.20020987336e+00
1.18711168050e+00
1.17033998077e+00
1.23860189131e+00
1.18330017608e+00
1.17781610084e+00
1.19095848109e+00
1.24277275440e+00
1.21230120704e+00
1.19642547092e+00
1.17564725198e+00
1.20478353035e+00
1.20601414342e+00
1.24720114611e+00
1.22571378927e+00
1.18984466086e+00
1.23993427449e+00
1.27867127622e+00
1.22487685630e+00
1.19234518362e+00
1.24068157607e+00
1.19129920366e+00
1.23288454778e+00
1.21670207059e+00
1.23221830204e+00
1.24745723982e+00
1.20100792817e+00
1.24155077639e+00
1.24365213865e+00
1.20335398458e+00
1.26382091623e+00
1.30244670852e+00
1.27537799266e+00
1.20689917308e+00
1.19367686863e+00
1.23066090612e+00
1.20295588100e+00
1.22173318627e+00
1.20791480961e+00
1.18928614111e+00
1.20286020525e+00
1.22621430237e+00
1.21211315297e+00
1.23490186397e+00
1.18245308636e+00
1.19719959832e+00
1.13142433950e+00
1.22817388399e+00
1.22581197187e+00
1.19083295179e+00
1.21676554321e+00
1.19804930980e+00
1.17259562234e+00
1.16101299879e+00
1.24641723037e+00
1.24009492178e+00
1.23496988193e+00
1.21044385529e+00
1.18073835947e+00
1.23048823993e+00
1.19340950531e+00
1.21453660513e+00
1.17415273833e+00
1.17313307662e+00
1.23174475250e+00
1.19695066566e+00
1.18954841881e+00
1.25254507442e+00
1.20488770127e+00
1.22191749194e+00
1.24816331727e+00
1.19231484990e+00
1.15251813823e+00
1.18761650859e+00
1.18963442368e+00
1.25616387387e+00
1.18523664307e+00
1.18874435299e+00
1.22473269952e+00
1.18722112425e+00
1.19586155503e+00
1.23692968018e+00
1.18707556492e+00
1.25706259715e+00
1.20062169175e+00
1.21014497875e+00
1.21436852319e+00
1.27673757621e+00
1.24370764241e+00
1.25382874665e+00
1.22160567681e+00
1.15342846650e+00
1.18011587258e+00
1.28316421431e+00
1.23827087841e+00
1.23171410966e+00
1.21079453563e+00
1.21157069883e+00
1.21467723769e+00
1.17358102461e+00
1.24353225125e+00
1.25668173085e+00
1.23252359556e+00
1.20497187498e+00
1.23956010683e+00
1.20870004847e+00
1.23790242094e+00
1.27918578420e+00
1.17437586865e+00
1.16171838288e+00
1.22283246482e+00
1.20892421024e+00
1.21645398542e+00
1.22266401673e+00
1.24240311132e+00
1.22647346048e+00
1.20484212316e+00
1.16298250193e+00
1.21273757338e+00
1.15327237857e+00
1.18780737334e+00
1.17512610935e+00
1.19879476323e+00
1.17437056337e+00
1.20503259389e+00
1.21975220746e+00
1.17203399343e+00
1.25121886218e+00
1.20609846862e+00
1.24041451660e+00
1.19815256549e+00
1.20322903244e+00
1.22892324573e+00
1.14693705089e+00
1.17183107849e+00
1.19085244491e+00
1.18507151852e+00
1.19416586346e+00
1.20180019373e+00
1.26218509876e+00
1.20029588736e+00
1.20364616490e+00
1.17129429969e+00
1.24461056100e+00
1.22515432511e+00
1.14651834123e+00
1.19782994299e+00
1.21974864234e+00
1.21114527642e+00
1.15658352127e+00
1.27495422341e+00
1.16706635506e+00
1.15589844527e+00
1.23865861547e+00
1.16993756238e+00
1.18891737549e+00
1.25813403646e+00
1.28369893575e+00
1.18266765482e+00
1.18658091786e+00
1.19184773580e+00
1.22055562683e+00
1.26466293247e+00
1.21983165162e+00
1.18999076612e+00
1.19854337071e+00
1.20962370363e+00
1.21109317635e+00
1.13100123080e+00
1.18121362832e+00
1.19944654125e+00
1.21152093308e+00
1.21182835660e+00
1.21091998058e+00
1.24581227460e+00
1.21650817443e+00
1.20336113757e+00
1.21322467415e+00
1.15950001836e+00
1.17896094348e+00
1.31223245252e+00
1.14831550245e+00
1.23197629367e+00
1.18406445925e+00
1.13998614668e+00
1.18720643736e+00
1.23915809433e+00
1.19349055544e+00
1.20751561521e+00
1.19699585626e+00
1.23305606447e+00
1.16584156032e+00
1.21422623604e+00
1.17224587763e+00
1.21496124117e+00
1.21676338527e+00
1.20840108545e+00
1.23350155579e+00
1.23248799138e+00
1.23772745164e+00
1.21831349490e+00
1.19041787127e+00
1.18638746808e+00
1.15114355980e+00
1.16098344980e+00
1.18655576283e+00
1.20721493632e+00
1.22238238625e+00
1.15913896644e+00
1.17844527956e+00
1.23706831252e+00
1.24321420471e+00
1.18971003592e+00
1.19068317632e+00
1.17719159115e+00
1.20431396575e+00
1.22754316656e+00
1.15950885078e+00
1.24738329036e+00
1.14758429125e+00
1.20853111251e+00
1.22251322058e+00
1.21043831593e+00