-5.75906407661e-01
-5.60387436329e-01
-5.70826126837e-01
-5.42953694519e-01
-5.55329082829e-01
-5.36734005787e-01
-5.58203701972e-01
-5.50583541009e-01
-5.61476885221e-01
-5.58127770281e-01
-5.40855934866e-01
-5.47503338888e-01
-5.41288002013e-01
-5.59963261828e-01
-5.45688259271e-01
-5.29941692510e-01
-5.51470800391e-01
-5.58784330195e-01
-5.48752966318e-01
-5.62219166029e-01
-5.60793272175e-01
-5.54545976953e-01
-5.66416148426e-01
-5.58736180919e-01
-5.54537494450e-01
-5.39226043436e-01
-5.58439686233e-01
-5.45531900202e-01
-5.57462220567e-01
-5.40173956380e-01
-5.59010844413e-01
-5.62497628096e-01
-5.46530991950e-01
-5.75348911528e-01
-5.53697488149e-01
-5.67036407935e-01
-5.69921276376e-01
-5.68303997004e-01
-5.57245473406e-01
-5.69386958373e-01
-5.72965212913e-01
-5.50273847955e-01
-5.62123267525e-01
-5.56324654831e-01
-5.58980339367e-01
-5.72172115535e-01
-5.47097593615e-01
-5.48277996817e-01
-5.63166482375e-01
-5.49214578964e-01
-5.46297884349e-01
-5.63270281581e-01
-5.63582258322e-01
-5.62777334191e-01
-5.70568149568e-01
-5.63476336602e-01
-5.64606669106e-01
-5.55836273303e-01
-5.46317788220e-01
-5.61082428022e-01
-5.37623234696e-01
-5.50030929362e-01
-5.50184417963e-01
-5.71808000581e-01
-5.69341297969e-01
-5.58159216797e-01
-5.65496202246e-01
-5.69260680289e-01
-5.83084099299e-01
-5.63783139609e-01
-5.61992365768e-01
-5.57534956982e-01
-5.68255620305e-01
-5.74103763280e-01
-5.59292095867e-01
-5.50428682452e-01
-5.79495698791e-01
-5.53018613269e-01
-5.59380602256e-01
-5.59611698496e-01
-5.61378565063e-01
-5.46372423636e-01
-5.67081344697e-01
-5.57608556028e-01
-5.53505787519e-01
-5.30092332014e-01
-5.52361436058e-01
-5.67921104289e-01
-5.56115807437e-01
-5.80056709782e-01
-5.53506641468e-01
-5.47390725877e-01
-5.53985999420e-01
-5.57552005134e-01
-5.67538799532e-01
-5.50217074259e-01
-5.60319097379e-01
-5.46795495606e-01
-5.61228066046e-01
-5.51300184573e-01
-5.37777263762e-01
-5.74409455479e-01
-5.54689465095e-01
-5.68368764467e-01
-5.74366484245e-01
-5.63581104434e-01
-5.56682857699e-01
-5.55732636649e-01
-5.43682839772e-01
-5.51111343972e-01
-5.61166673711e-01
-5.40996911119e-01
-5.66143534991e-01
-5.62402841396e-01
-5.72595699090e-01
-5.54347439162e-01
-5.32892354691e-01
-5.57417059229e-01
-5.64564356654e-01
-5.53314099431e-01
-5.75791791706e-01
-5.52321357112e-01
-5.65883797169e-01
-5.45979448525e-01
-5.53755842799e-01
-5.69417488308e-01
-5.69800459162e-01
-5.61706578728e-01
-5.58290083632e-01
-5.63360040874e-01
-5.68202380982e-01
-5.45464584142e-01
-5.47001076041e-01
-5.53221074850e-01
-5.49490433336e-01
-5.36337720205e-01
-5.71019959104e-01
-5.68012320908e-01
-5.57696748620e-01
-5.78857342771e-01
-5.46016722028e-01
-5.64171701811e-01
-5.61136170515e-01
-5.58953226277e-01
-5.60213457801e-01
-5.66162376685e-01
-5.36752839476e-01
-5.52807407292e-01
-5.63166683196e-01
-5.68453183170e-01
-5.50236139478e-01
-5.62424844440e-01
-5.61832970604e-01
-5.59300505752e-01
-5.52242109108e-01
-5.62531204743e-01
-5.83169099634e-01
-5.62551734420e-01
-5.57572042527e-01
-5.53949922224e-01
-5.60146112629e-01
-5.53644387905e-01
-5.50332755222e-01
-5.60392275573e-01
-5.68119990472e-01
-5.57481387567e-01
-5.60907584655e-01
-5.40413024227e-01
-5.48629123173e-01
-5.57675799640e-01
-5.44474263167e-01
-5.78429022318e-01
-5.70827796304e-01
-5.61473522844e-01
-5.47760504978e-01
-5.37973507049e-01
-5.59654574809e-01
-5.54804250643e-01
-5.78719929126e-01
-5.48928677424e-01
-5.58161156692e-01
-5.53852662056e-01
-5.63955106012e-01
-5.39116505016e-01
-5.65392813689e-01
-5.60825988452e-01
-5.55087653985e-01
-5.51135928974e-01
-5.67558620676e-01
-5.52334332139e-01
-5.46447357455e-01
-5.76942979032e-01
-5.67321562939e-01
-5.58841746273e-01
-5.51942590365e-01
-5.34955130595e-01
-5.61816626571e-01
-5.36969036424e-01
-5.78867036208e-01
-5.44568430912e-01
-5.64652580221e-01
-5.49128855819e-01
-5.30026383257e-01
-5.73055636468e-01
-5.61858490313e-01
-5.67149752744e-01
-5.64050428613e-01
-5.56233800866e-01
-5.68070358993e-01
-5.50174542129e-01
-5.62982728678e-01
-5.56507132498e-01
-5.36599329459e-01
-5.49531621300e-01
-5.43338099368e-01
-5.61825888830e-01
-5.65415529964e-01
-5.44299997484e-01
-5.55214424809e-01
-5.61836298620e-01
-5.75048702070e-01
-5.77955400904e-01
-5.70709259724e-01
-5.50294718163e-01
-5.75111314562e-01
-5.66276630983e-01
-5.57359293186e-01
-5.42517002653e-01
-5.48433593606e-01
-5.64738913449e-01
-5.65457668550e-01
-5.48734002568e-01
-5.69804296234e-01
-5.68986467807e-01
-5.72999126488e-01
-5.70082715702e-01
-5.61186283735e-01
-5.62521419157e-01
-5.52988491199e-01
-5.46711170333e-01
-5.69773661128e-01
-5.56154652220e-01
-5.60831567484e-01
-5.82736867204e-01
-5.71676078505e-01
-5.61287536796e-01
-5.54382149895e-01
-5.36473326282e-01
-5.68659117082e-01
-5.58039887918e-01
-5.46322600334e-01
-5.59179137128e-01
-5.60519038376e-01
-5.52804958875e-01
-5.51982077090e-01
-5.61750227088e-01
-5.69458333081e-01
-5.44872290158e-01
-5.60421922830e-01
-5.62203017137e-01
-5.51809094707e-01
-5.57478470139e-01
-5.51734241928e-01
-5.71151265223e-01
-5.51976127148e-01
-5.61646349141e-01
-5.48319096771e-01
-5.65365184565e-01
-5.67741809068e-01
-5.55583874453e-01
-5.43003847231e-01
-5.34386410225e-01
-5.67983127914e-01
-5.53192182111e-01
-5.50944955154e-01
-5.45153949587e-01
-5.77454306298e-01
-5.48263352838e-01
-5.58933837451e-01
-5.59037885701e-01
-5.64386474431e-01
-5.73342859519e-01
-5.45294593884e-01
-5.67223845676e-01
-5.49499096844e-01
-5.72915585979e-01
-5.43179930318e-01
-5.60201198475e-01
-5.52916291753e-01
-5.62033058624e-01
-5.36730493524e-01
-5.58351727809e-01
-5.50165386251e-01
-5.68594492596e-01
-5.70530735703e-01
-5.53186005205e-01
-5.54676794533e-01
-5.58354414471e-01
-5.52899052810e-01
-5.56237193758e-01
-5.68100700170e-01
-5.44669363162e-01
-5.56480554630e-01
-5.58589303458e-01
-5.68683662692e-01
-5.58205110389e-01
-5.60378132934e-01
-5.77917824696e-01
-5.78292942232e-01
-5.77628609150e-01
-5.66243231777e-01
-5.49882723663e-01
-5.63183134466e-01
-5.60301473845e-01
-5.61421365499e-01
-5.44594627221e-01
-5.66971288365e-01
-5.59014937661e-01
-5.60443652416e-01
-5.62808255906e-01
-5.53045353428e-01
-5.44428243897e-01
-5.26713387896e-01
-5.59696435122e-01
-5.49801042268e-01
-5.51461680239e-01
-5.67104027175e-01
-5.66614762847e-01
-5.53419088640e-01
-5.69161931565e-01
-5.65778645342e-01
-5.52930206184e-01
-5.65169223629e-01
-5.65476083561e-01
-5.60319467594e-01
-5.41991978731e-01
-5.64266913416e-01
-5.50929147610e-01
-5.59389176921e-01
-5.65403581846e-01
-5.66297818085e-01
-5.63665122898e-01
-5.74399412944e-01
-5.62418146864e-01
-5.39457511439e-01
-5.59338582936e-01
-5.57130226997e-01
-5.54686582363e-01
-5.63681426873e-01
-5.72783295581e-01
-5.60537720256e-01
-5.54665166036e-01
-5.52102201251e-01
-5.62017873363e-01
-5.65590787132e-01
-5.74061532450e-01
-5.48475603723e-01
-5.63976284223e-01
-5.67178368595e-01
-5.60180909656e-01
-5.54219530313e-01
-5.60979820569e-01
-5.57395616117e-01
-5.65108085253e-01
-5.54555925969e-01
-5.51656256939e-01
-5.63678298661e-01
-5.29556402808e-01
-5.75341346091e-01
-5.63487900966e-01
-5.66247743246e-01
-5.64182731154e-01
-5.61967345267e-01
-5.51477554263e-01
-5.72395839493e-01
-5.63626000972e-01
-5.65960055296e-01
-5.54360870373e-01
-5.53672146661e-01
-5.57212796775e-01
-5.58172696697e-01
-5.50235309153e-01
-5.66170436932e-01
-5.52997955755e-01
-5.62866444208e-01
-5.53860119404e-01
-5.56007589436e-01
-5.63165659072e-01
-5.53131485357e-01
-5.61489160786e-01
-5.53718371629e-01
-5.48522136547e-01
-5.59689140925e-01
-5.58779538359e-01
-5.74614894433e-01
-5.38167126160e-01
-5.59148268732e-01
-5.46620754187e-01
-5.39820707952e-01
-5.39504746265e-01
-5.61480862599e-01
-5.47990904186e-01
-5.74609503116e-01
-5.63717552219e-01
-5.56176875093e-01
-5.67980790593e-01
-5.72599044239e-01
-5.48462409965e-01
-5.36560286199e-01
-5.37697624873e-01
-5.72052751580e-01
-5.46250390464e-01
-5.63907880224e-01
-5.59099897113e-01
-5.44917299295e-01
-5.41244901321e-01
-5.63467349877e-01
-5.52081383470e-01
-5.49022215556e-01
-5.51756955041e-01
-5.62775178079e-01
-5.57247549640e-01
-5.66611776284e-01
-5.36983780443e-01
-5.60776123716e-01
-5.45447078993e-01
-5.58342929105e-01
-5.66453752138e-01
-5.85864201300e-01
-5.35641895638e-01
-5.75635228947e-01
-5.51147923913e-01
-5.61499628090e-01
-5.54529295923e-01
-5.55409400702e-01
-5.72356753054e-01
-5.36509702362e-01
-5.51001029834e-01
-5.63592334869e-01
-5.54907769980e-01
-5.73974166703e-01
-5.69181773904e-01
-5.53859870509e-01
-5.46893650410e-01
-5.50508059128e-01
-5.52908314677e-01
-5.54216866714e-01
-5.28725466605e-01
-5.56700178761e-01
-5.53609350286e-01
-5.66490102692e-01
-5.57687532299e-01
-5.55528796773e-01
-5.55704395679e-01
-5.59280327429e-01
-5.55754387412e-01
-5.46665605295e-01
-5.50331359490e-01
-5.62452707326e-01
-5.52078938557e-01
-5.62081894323e-01
-5.61258250890e-01
-5.57297577931e-01
-5.57255895586e-01
-5.68536811359e-01
-5.67927051902e-01
-5.63703897098e-01
-5.68853043065e-01
-5.51687154538e-01
-5.39072099175e-01
-5.70503044002e-01
-5.49384757287e-01
-5.67312382734e-01
-5.57339282747e-01
-5.41539182594e-01
-5.81605867312e-01
-5.74170667113e-01
-5.65478830923e-01
-5.63104792602e-01
-5.58119764061e-01
-5.59675701486e-01
-5.48235791791e-01
-5.54009559059e-01
-5.70638715931e-01
-5.57134755164e-01
-5.78500232651e-01
-5.30829438101e-01
-5.41132818552e-01
-5.73656975036e-01
-5.65254367480e-01
-5.58572849412e-01
-5.44398196602e-01
-5.51849745245e-01
-5.57868738997e-01
-5.66319290838e-01
-5.64883967836e-01
-5.63974263874e-01
-5.56739799988e-01
-5.53061568889e-01
-5.54251782062e-01
-5.58137589402e-01