1.07508140913e+00
1.06582366534e+00
1.05973510047e+00
1.06693527119e+00
1.06599241404e+00
1.06639842726e+00
1.07146464828e+00
1.07719629521e+00
1.06443251334e+00
1.05926907099e+00
1.07085392632e+00
1.06190076074e+00
1.06699806070e+00
1.07796579706e+00
1.08150355531e+00
1.07214932042e+00
1.05951332975e+00
1.07187472580e+00
1.06333477884e+00
1.06696340486e+00
1.06379493582e+00
1.06281643445e+00
1.06591884602e+00
1.06503423442e+00
1.05725286832e+00
1.07000770044e+00
1.06988598261e+00
1.06653541250e+00
1.07550361334e+00
1.06605435603e+00
1.06137652090e+00
1.07233475978e+00
1.05872514533e+00
1.07163636431e+00
1.07461127996e+00
1.06854597923e+00
1.07558705063e+00
1.07820040763e+00
1.07094727777e+00
1.07529711734e+00
1.07816967539e+00
1.06519468733e+00
1.05926119501e+00
1.06593898652e+00
1.08113821177e+00
1.07443570087e+00
1.06276255906e+00
1.07383288998e+00
1.07318143883e+00
1.06528472169e+00
1.06561653883e+00
1.06887043780e+00
1.07137004013e+00
1.07866427989e+00
1.06642484390e+00
1.06905321827e+00
1.07094635260e+00
1.06793890608e+00
1.05698000982e+00
1.06765605563e+00
1.05942457913e+00
1.07825060847e+00
1.06368534759e+00
1.06950200057e+00
1.07188076580e+00
1.06291186541e+00
1.07455860204e+00
1.07534329983e+00
1.06785235235e+00
1.06894096086e+00
1.07939130652e+00
1.06606927702e+00
1.07069995512e+00
1.06767855527e+00
1.05828063134e+00
1.06034131239e+00
1.07462374922e+00
1.07210447596e+00
1.06692491685e+00
1.06685517209e+00
1.07995541171e+00
1.07065232657e+00
1.06453445657e+00
1.08432041081e+00
1.07273139778e+00
1.06913717157e+00
1.05967658120e+00
1.08319075802e+00
1.07582713706e+00
1.06051812336e+00
1.05324252400e+00
1.07063648808e+00
1.06388159465e+00
1.06574002804e+00
1.06070986270e+00
1.06706810967e+00
1.06369812893e+00
1.06426346312e+00
1.06194175389e+00
1.05961983525e+00
1.05049556431e+00
1.06665236284e+00
1.06374258678e+00
1.08289931917e+00
1.07432515104e+00
1.06657765148e+00
1.06063786892e+00
1.06126406936e+00
1.06270849773e+00
1.07794260050e+00
1.06422643734e+00
1.06368713017e+00
1.08158462078e+00
1.06748732674e+00
1.06863742651e+00
1.06852655579e+00
1.06206517979e+00
1.06606804645e+00
1.06577944257e+00
1.05750699160e+00
1.06938031326e+00
1.07352256267e+00
1.07046515669e+00
1.07612658300e+00
1.06208053362e+00
1.06853386559e+00
1.07393211075e+00
1.06469010410e+00
1.06324207198e+00
1.07246966045e+00
1.07205486087e+00
1.07184014073e+00
1.05719378012e+00
1.06891850655e+00
1.06546383675e+00
1.06151866038e+00
1.07613834717e+00
1.06856744328e+00
1.06329566357e+00
1.06670752453e+00
1.05440323456e+00
1.05837805670e+00
1.06569865005e+00
1.07992659101e+00
1.07299533974e+00
1.06725764092e+00
1.06764720477e+00
1.05819790743e+00
1.07197384172e+00
1.07165908963e+00
1.07230928999e+00
1.06612044167e+00
1.07769421971e+00
1.07720415386e+00
1.06594365221e+00
1.06344633334e+00
1.06786549682e+00
1.05792352686e+00
1.06378017211e+00
1.06722781223e+00
1.06964177458e+00
1.07009679922e+00
1.06181254996e+00
1.07594506861e+00
1.05493451905e+00
1.08139375503e+00
1.05746364632e+00
1.06579617953e+00
1.06708241782e+00
1.07433211965e+00
1.05722698085e+00
1.08344323484e+00
1.07017625564e+00
1.06141096924e+00
1.06647108700e+00
1.05822029215e+00
1.06831804021e+00
1.06558713209e+00
1.08083219224e+00
1.06400974099e+00
1.06114682866e+00
1.06847907561e+00
1.06118934227e+00
1.05895789607e+00
1.06593075948e+00
1.07286615773e+00
1.06311704091e+00
1.07493498804e+00
1.06365883261e+00
1.05984926626e+00
1.07213229753e+00
1.05944549344e+00
1.06812199376e+00
1.07650171973e+00
1.05700770414e+00
1.07010415831e+00
1.06845760047e+00
1.06996764188e+00
1.06365133072e+00
1.06335666534e+00
1.07820794190e+00
1.06918347752e+00
1.07217479087e+00
1.06797463635e+00
1.06986393662e+00
1.07337722953e+00
1.07990199939e+00
1.06589848135e+00
1.07307689793e+00
1.07829042211e+00
1.07317071585e+00
1.06200840937e+00
1.05530127956e+00
1.06474738769e+00
1.06604148498e+00
1.06713014045e+00
1.06304080402e+00
1.05750005149e+00
1.08267360240e+00
1.06031812619e+00
1.07304514913e+00
1.06141475493e+00
1.07595246150e+00
1.05955467038e+00
1.07239487648e+00
1.07044956411e+00
1.06311547179e+00
1.05837465747e+00
1.06632918142e+00
1.06844533541e+00
1.06971766877e+00
1.05682002503e+00
1.07509852803e+00
1.07259046308e+00
1.06765124368e+00
1.07423317290e+00
1.07318384507e+00
1.06732396202e+00
1.07489306849e+00
1.07976491273e+00
1.06293049534e+00
1.07375413139e+00
1.06162758601e+00
1.07080661361e+00
1.08036142231e+00
1.07257654226e+00
1.06614139747e+00
1.05685056922e+00
1.07371008913e+00
1.07402886710e+00
1.06863790033e+00
1.06622464553e+00
1.06066664147e+00
1.06329267037e+00
1.06487811313e+00
1.06825838729e+00
1.07998526291e+00
1.06496665708e+00
1.05677509477e+00
1.07234515703e+00
1.05562536663e+00
1.06299968216e+00
1.08369534653e+00
1.07766038308e+00
1.06149602638e+00
1.06745983763e+00
1.08046410622e+00
1.07295702794e+00
1.06046592770e+00
1.06374359671e+00
1.07186492712e+00
1.06065799299e+00
1.06791690706e+00
1.06566241876e+00
1.08109460981e+00
1.06812864678e+00
1.07629384851e+00
1.07387735835e+00
1.06326647990e+00
1.07129806061e+00
1.06099982300e+00
1.08172473611e+00
1.06496372805e+00
1.06500871564e+00
1.06213181611e+00
1.07674479978e+00
1.06489725052e+00
1.06871906240e+00
1.06937688567e+00
1.08221679913e+00
1.05972587293e+00
1.07209745823e+00
1.07174452349e+00
1.06319866641e+00
1.06163473036e+00
1.07214114318e+00
1.06244461138e+00
1.06774577277e+00
1.06424958345e+00
1.06159944682e+00
1.06913810647e+00
1.05636392453e+00
1.06608783802e+00
1.08318382998e+00
1.07427356051e+00
1.06566262626e+00
1.07455060304e+00
1.07007861726e+00
1.08297041193e+00
1.07410403318e+00
1.07514588120e+00
1.06337550656e+00
1.07048203500e+00
1.06721613993e+00
1.07204357704e+00
1.06295124608e+00
1.06724702186e+00
1.07210621430e+00
1.06677335786e+00
1.07748289392e+00
1.07090602877e+00
1.06688115692e+00
1.06574400053e+00
1.06935406768e+00
1.05760054042e+00
1.06421567489e+00
1.07514199584e+00
1.06496324335e+00
1.07384506603e+00
1.06376379378e+00
1.05370244539e+00
1.06724574954e+00
1.07910894278e+00
1.06987171631e+00
1.06226549968e+00
1.05388419507e+00
1.07352192473e+00
1.06704121113e+00
1.06797407309e+00
1.05852252636e+00
1.06384602709e+00
1.06462953548e+00
1.06897634536e+00
1.05671316301e+00
1.06031989066e+00
1.07604993339e+00
1.07053298389e+00
1.07226260239e+00
1.07300468829e+00
1.06407240751e+00
1.06189207090e+00
1.07336211152e+00
1.07261279026e+00
1.06824622275e+00
1.06834719230e+00
1.07698788462e+00
1.05958404917e+00
1.06266219117e+00
1.07679687434e+00
1.07232257238e+00
1.06220840179e+00
1.08082442726e+00
1.06172916180e+00
1.06409320012e+00
1.07243002121e+00
1.07708146769e+00
1.06869910702e+00
1.06711788516e+00
1.07545444665e+00
1.06407717332e+00
1.06622358760e+00
1.08038484420e+00
1.06385658885e+00
1.06117533328e+00
1.07758490850e+00
1.06669740731e+00
1.06626790645e+00
1.07252785046e+00
1.07120203613e+00
1.07591833305e+00
1.08085405988e+00
1.06350239109e+00
1.07063877681e+00
1.07090162762e+00
1.07151923787e+00
1.08166629518e+00
1.07712147263e+00
1.05778625744e+00
1.07147772058e+00
1.07308915304e+00
1.07334315054e+00
1.07180959489e+00
1.07415042459e+00
1.06769616855e+00
1.07119992256e+00
1.06027555058e+00
1.06425693175e+00
1.06908938710e+00
1.05509633558e+00
1.06588152391e+00
1.07004402790e+00
1.06339066489e+00
1.06255241920e+00
1.06734151134e+00
1.06450521225e+00
1.07553674911e+00
1.06487964886e+00
1.07444132995e+00
1.07150154225e+00
1.06787542135e+00
1.07683235809e+00
1.06620079502e+00
1.05939141777e+00
1.06899521190e+00
1.06793391075e+00
1.07137097702e+00
1.06964739541e+00
1.06546678496e+00
1.05271743747e+00
1.05806063540e+00
1.06403706595e+00
1.06401527694e+00
1.07119876120e+00
1.06115838829e+00
1.06798376833e+00
1.07126562160e+00
1.08156610440e+00
1.06861897711e+00
1.08587429807e+00
1.07052883086e+00
1.07387993449e+00
1.06491884631e+00
1.06072900279e+00
1.07010391167e+00
1.06999206010e+00
1.08880546550e+00
1.05593154857e+00
1.07277434584e+00
1.06790720972e+00
1.05918335407e+00
1.08417772616e+00
1.06918514864e+00
1.07548111370e+00
1.06579290996e+00
1.06385793203e+00
1.08086414642e+00
1.05340825423e+00
1.06904526503e+00
1.06426665720e+00
1.07037137388e+00
1.07857534460e+00
1.06954087355e+00
1.05877880667e+00
1.07065198739e+00
1.06612324389e+00
1.06597524250e+00
1.06427934288e+00
1.07137817368e+00
1.08657476898e+00
1.06252928698e+00
1.06540740005e+00
1.07614605330e+00
1.06465594174e+00
1.06644013959e+00
1.07090027207e+00
1.05524700397e+00
1.06215477262e+00
1.06194700250e+00
1.07002872073e+00
1.06595149851e+00
1.07333963087e+00
1.05199275447e+00
1.07106777453e+00
1.06423184543e+00
1.06729515141e+00
1.07050961184e+00
1.07262061629e+00
1.07158400165e+00
1.07924979438e+00
1.08094876140e+00
1.06950073387e+00
1.05988056706e+00
1.06614195240e+00
1.06218890034e+00
1.05794737084e+00
1.07638691084e+00
1.05912773383e+00
1.06866952448e+00
1.07363958869e+00
1.07540156794e+00
1.06477905071e+00
1.05942911292e+00
1.07097979761e+00
1.06577104791e+00
1.06887268302e+00
1.06112852175e+00
1.06461133198e+00
1.05701589513e+00
1.05216198681e+00
1.05663344359e+00
1.06808513720e+00