8.02613221927e-01
8.04720796485e-01
8.04236717866e-01
8.04883795828e-01
8.04887186088e-01
8.04415741073e-01
8.03388935624e-01
8.01642216277e-01
8.02344319132e-01
8.05324120924e-01
8.04075700150e-01
8.05555132883e-01
8.05013062845e-01
8.03060629659e-01
8.03692374094e-01
8.04095246857e-01
8.02233311952e-01
8.02142431736e-01
8.03346936109e-01
8.03233915685e-01
8.04103687370e-01
8.04615689721e-01
8.03117720563e-01
8.04570998670e-01
8.03173318360e-01
8.04409186549e-01
8.04025439003e-01
8.02873019160e-01
8.03627268704e-01
8.03814481412e-01
8.04216842606e-01
8.03966104236e-01
8.04611407587e-01
8.04199020732e-01
8.04609555772e-01
8.03022663154e-01
8.04596977098e-01
8.05800530964e-01
8.05629442614e-01
8.05916849074e-01
8.05545834759e-01
8.04597699947e-01
8.04053962172e-01
8.04953284180e-01
8.04254906280e-01
8.03347813819e-01
8.04397902155e-01
8.04569457441e-01
8.04520237643e-01
8.03945630702e-01
8.04440368751e-01
8.04604588945e-01
8.04166807926e-01
8.03998942896e-01
8.03130467496e-01
8.04795981872e-01
8.06727729455e-01
8.02535625227e-01
8.02585386113e-01
8.03238067115e-01
8.04971987941e-01
8.03581582291e-01
8.03465954013e-01
8.01764625808e-01
8.03708057507e-01
8.03895948649e-01
8.03135048161e-01
8.02792968381e-01
8.03640358450e-01
8.03143522190e-01
8.02652482136e-01
8.04031964179e-01
8.03258791923e-01
8.04109056025e-01
8.04803048668e-01
8.05372101440e-01
8.02424147920e-01
8.04194458982e-01
8.03616932790e-01
8.04715387810e-01
8.02761620220e-01
8.03301243163e-01
8.03422462365e-01
8.05199293967e-01
8.03079339969e-01
8.03949027071e-01
8.04065349082e-01
8.02172203412e-01
8.05311223256e-01
8.03482815222e-01
8.03087100831e-01
8.03991354194e-01
8.03793364511e-01
8.04006622033e-01
8.03758196089e-01
8.05164256650e-01
8.01191079276e-01
8.02851610271e-01
8.04528822226e-01
8.03860521974e-01
8.02664604091e-01
8.05049987885e-01
8.04249166134e-01
8.03937257865e-01
8.03763175972e-01
8.03794901475e-01
8.05992640243e-01
8.03090080566e-01
8.01531819656e-01
8.03807803703e-01
8.04488832030e-01
8.05099098744e-01
8.04349065217e-01
8.04938486486e-01
8.01351925059e-01
8.04957974628e-01
8.02262211037e-01
8.04087330010e-01
8.04088275119e-01
8.05565901267e-01
8.03762434539e-01
8.02636444500e-01
8.03820130092e-01
8.02902986466e-01
8.03909887125e-01
8.02831778448e-01
8.03557925571e-01
8.06004266519e-01
8.05212719430e-01
8.03577802333e-01
8.04494183078e-01
8.03175368048e-01
8.02969015420e-01
8.02474598837e-01
8.04521321543e-01
8.01788744013e-01
8.04043361409e-01
8.03174156591e-01
8.04323768705e-01
8.04915760776e-01
8.02766003237e-01
8.04762263202e-01
8.03998094266e-01
8.02464058637e-01
8.04211314544e-01
8.02933315529e-01
8.04688031261e-01
8.04002232845e-01
8.05018434042e-01
8.05311229620e-01
8.02230878036e-01
8.02871622553e-01
8.03912166790e-01
8.03710342695e-01
8.03108769626e-01
8.02060705132e-01
8.02665842806e-01
8.04321171029e-01
8.02846348821e-01
8.02714630684e-01
8.03097846192e-01
8.03632010294e-01
8.05984343180e-01
8.05485400322e-01
8.03342383472e-01
8.04946294799e-01
8.05137367552e-01
8.04665578950e-01
8.04741114570e-01
8.04284399840e-01
8.01465601359e-01
8.04788605294e-01
8.03828171912e-01
8.04782793796e-01
8.05058205938e-01
8.04585782426e-01
8.04542821207e-01
8.04316241610e-01
8.04169973950e-01
8.03832971136e-01
8.04095571632e-01
8.02266982075e-01
8.03873607597e-01
8.02684354595e-01
8.05513051195e-01
8.04567795201e-01
8.02185776668e-01
8.02852105563e-01
8.04460882929e-01
8.05073883829e-01
8.01668924031e-01
8.02415105550e-01
8.03917493013e-01
8.03998754521e-01
8.05277373339e-01
8.03581856886e-01
8.01765435372e-01
8.03190266008e-01
8.02292092699e-01
8.04185563927e-01
8.02842759062e-01
8.05111901346e-01
8.05798518959e-01
8.05802985962e-01
8.02957225896e-01
8.05166704555e-01
8.03574496979e-01
8.02528139609e-01
8.05080157106e-01
8.04183158094e-01
8.03795195123e-01
8.04981111712e-01
8.05114871547e-01
8.03727350530e-01
8.02311852707e-01
8.02613851740e-01
8.02565634327e-01
8.03763702644e-01
8.03045352760e-01
8.02700890408e-01
8.03442882660e-01
8.04364456370e-01
8.01391149135e-01
8.02783712359e-01
8.05170584734e-01
8.03795665570e-01
8.03156773424e-01
8.04995810549e-01
8.01686028031e-01
8.01692037913e-01
8.02584196557e-01
8.04557651460e-01
8.05658841318e-01
8.02577435690e-01
8.03261440153e-01
8.03213117113e-01
8.03926093574e-01
8.03903732557e-01
8.05084511539e-01
8.03468154517e-01
8.05828304518e-01
8.03924381131e-01
8.05644996913e-01
8.02523611506e-01
8.03934498768e-01
8.03155278716e-01
8.02771455901e-01
8.03848170326e-01
8.03512134580e-01
8.04430430490e-01
8.04686591426e-01
8.03498168029e-01
8.03052433441e-01
8.03845165828e-01
8.03286733108e-01
8.02980645476e-01
8.03985882202e-01
8.04041395393e-01
8.04551870619e-01
8.04430528627e-01
8.03382384657e-01
8.03622325173e-01
8.04939299533e-01
8.01944818871e-01
8.04673492506e-01
8.02725979993e-01
8.03755255861e-01
8.02793922047e-01
8.03507486132e-01
8.04669780750e-01
8.03670967582e-01
8.06678595359e-01
8.03926228126e-01
8.02378767286e-01
8.05598230363e-01
8.04076178931e-01
8.02106227230e-01
8.02996078205e-01
8.04287825850e-01
8.03406237746e-01
8.02895489475e-01
8.03792142170e-01
8.04432014211e-01
8.02463015313e-01
8.03691921397e-01
8.05398729448e-01
8.04184373036e-01
8.03600437528e-01
8.03470323036e-01
8.03043063111e-01
8.03265775772e-01
8.03100031746e-01
8.03811739845e-01
8.02412009352e-01
8.04387507526e-01
8.05573596606e-01
8.04801549068e-01
8.04121184499e-01
8.05013152800e-01
8.05643851926e-01
8.03016844894e-01
8.02657499050e-01
8.02828110608e-01
8.03603332007e-01
8.02297128242e-01
8.04446289607e-01
8.03218086148e-01
8.03753128629e-01
8.03903088652e-01
8.03887567636e-01
8.05193258240e-01
8.05063791116e-01
8.05540535155e-01
8.03514607102e-01
8.04208552258e-01
8.04733959834e-01
8.02382677138e-01
8.03430567373e-01
8.02755013477e-01
8.02646424487e-01
8.05437308354e-01
8.05114451168e-01
8.00661647563e-01
8.02987363153e-01
8.04593624948e-01
8.04780950943e-01
8.03775957022e-01
8.04835965044e-01
8.01813744915e-01
8.03949280109e-01
8.04215591295e-01
8.03966527619e-01
8.04510688367e-01
8.03705962849e-01
8.04629810483e-01
8.04177665912e-01
8.04480178729e-01
8.03964606454e-01
8.01639951927e-01
8.07197138960e-01
8.02910300112e-01
8.02712931132e-01
8.03245769275e-01
8.04516905552e-01
8.02821473474e-01
8.03586129518e-01
8.03972794388e-01
8.03579473264e-01
8.05035386193e-01
8.05357511748e-01
8.05466542840e-01
8.04617206522e-01
8.03211925949e-01
8.03902835236e-01
8.03302766105e-01
8.02342094159e-01
8.04631453000e-01
8.01871384864e-01
8.03829093459e-01
8.02871612578e-01
8.02072826085e-01
8.03844742921e-01
8.04915204468e-01
8.03375933117e-01
8.02968421472e-01
8.03365076339e-01
8.02888699534e-01
8.02709757362e-01
8.03020318937e-01
8.03696245157e-01
8.05170732443e-01
8.04718222222e-01
8.03471311337e-01
8.03048213237e-01
8.04224764122e-01
8.03623590883e-01
8.03361895651e-01
8.04797224655e-01
8.03792960270e-01
8.03774032893e-01
8.04082818736e-01
8.02857015834e-01
8.02410501172e-01
8.03885924709e-01
8.04724993992e-01
8.03101092059e-01
8.02419393753e-01
8.02578136588e-01
8.04014244283e-01
8.05482384065e-01
8.03529209765e-01
8.05192504908e-01
8.03353712348e-01
8.03036465329e-01
8.03913211593e-01
8.03400776389e-01
8.04694372259e-01
8.02247354070e-01
8.00949720542e-01
8.02873984277e-01
8.04512016794e-01
8.03271165522e-01
8.03267424030e-01
8.04021257671e-01
8.02314777564e-01
8.03031619911e-01
8.04908912010e-01
8.04441301598e-01
8.06048252591e-01
8.02811362711e-01
8.05867431097e-01
8.06024296467e-01
8.02361082717e-01
8.02603441900e-01
8.04869287393e-01
8.04390933415e-01
8.05935365727e-01
8.03308832877e-01
8.05204201604e-01
8.05172756021e-01
8.03465700895e-01
8.03559240397e-01
8.03496975922e-01
8.02114003972e-01
8.04048236690e-01
8.03901680465e-01
8.03509499963e-01
8.03032436389e-01
8.05807265768e-01
8.03800199272e-01
8.03914714962e-01
8.05098735896e-01
8.03002592054e-01
8.02656709028e-01
8.04366702202e-01
8.05364447395e-01
8.03251639419e-01
8.02554619383e-01
8.01489166765e-01
8.04232322490e-01
8.04650666797e-01
8.04656401053e-01
8.02946923944e-01
8.04140077179e-01
8.03919318228e-01
8.04214484166e-01
8.02000622704e-01
8.03371237722e-01
8.05201155997e-01
8.03665086172e-01
8.02846680870e-01
8.04212118481e-01
8.04689058729e-01
8.04534243238e-01
8.03802048331e-01
8.03365981014e-01
8.04529340994e-01
8.04581071627e-01
8.03544483218e-01
8.04173651796e-01
8.03260299769e-01
8.04571807780e-01
8.05523562873e-01
8.02693631519e-01
8.02451087131e-01
8.04123636926e-01
8.03764940290e-01
8.05144888855e-01
8.03910577551e-01
8.03014743248e-01
8.04107244335e-01
8.05515149088e-01
8.03233711353e-01
8.04200243861e-01
8.04656692590e-01
8.02655953206e-01
8.03989115223e-01
8.04010447888e-01
8.04871828823e-01
8.04743770138e-01
8.04008681832e-01
8.03616199571e-01
8.03972602828e-01
8.04457860137e-01
8.02696139222e-01
8.02518678893e-01
8.05250096762e-01
8.02811709805e-01
8.05026257209e-01
8.04959799972e-01
8.01146465270e-01
8.03700195184e-01
8.03237922907e-01
8.02102030571e-01
8.04256955683e-01
8.03462753942e-01
8.04628606794e-01
8.03483715033e-01
8.03418387156e-01
8.03434039452e-01
8.03813584374e-01