8.22028923867e-01
8.22520682396e-01
8.22346073570e-01
8.22357035230e-01
8.22969503858e-01
8.22533504449e-01
8.22698545207e-01
8.22226516171e-01
8.22552289062e-01
8.22841123752e-01
8.21869960950e-01
8.22562642163e-01
8.22189993415e-01
8.21934933436e-01
8.22095678503e-01
8.22604795901e-01
8.22389233679e-01
8.22056102711e-01
8.22051320906e-01
8.21821589530e-01
8.22562633027e-01
8.22226996457e-01
8.22394906544e-01
8.22173518136e-01
8.22388081630e-01
8.21737122986e-01
8.22663459686e-01
8.22032220195e-01
8.22349997813e-01
8.22453759643e-01
8.22946430799e-01
8.23116479660e-01
8.22883694775e-01
8.22525855517e-01
8.22207130754e-01
8.22038624303e-01
8.22317394386e-01
8.23190537226e-01
8.22321609317e-01
8.22899858885e-01
8.22604106209e-01
8.22357044362e-01
8.22198003120e-01
8.22692856178e-01
8.23046655366e-01
8.22687538909e-01
8.22338052684e-01
8.22679273199e-01
8.22233132813e-01
8.21900347005e-01
8.22382553699e-01
8.22382241185e-01
8.22321980060e-01
8.22357929046e-01
8.22506034007e-01
8.22625219140e-01
8.22555401081e-01
8.22458067906e-01
8.22632763167e-01
8.22289222790e-01
8.22491083596e-01
8.22399431435e-01
8.22311313666e-01
8.22253501892e-01
8.22571531281e-01
8.22427930477e-01
8.22920724191e-01
8.22394463229e-01
8.22060898786e-01
8.22229076389e-01
8.22933100641e-01
8.22647762389e-01
8.22839618146e-01
8.22693963878e-01
8.22321869265e-01
8.22663716474e-01
8.21922194482e-01
8.22324476896e-01
8.21764514742e-01
8.23118761936e-01
8.21923305057e-01
8.21956011638e-01
8.22631765134e-01
8.22992643550e-01
8.22498466236e-01
8.22007401361e-01
8.22575297952e-01
8.21813478823e-01
8.22964317819e-01
8.22757091280e-01
8.22581081729e-01
8.22578570822e-01
8.22028921778e-01
8.22111590905e-01
8.22123757006e-01
8.23055875748e-01
8.22629956597e-01
8.21977589169e-01
8.22094701392e-01
8.22780431945e-01
8.22376365708e-01
8.22390858439e-01
8.22441127864e-01
8.22719888490e-01
8.22838620057e-01
8.22294196631e-01
8.22874460092e-01
8.22071529725e-01
8.22281864900e-01
8.22079711689e-01
8.22846561445e-01
8.22441926841e-01
8.22189296847e-01
8.23107899479e-01
8.21890728837e-01
8.23081296281e-01
8.21896503609e-01
8.22598674693e-01
8.22787796581e-01
8.22773722506e-01
8.22195178756e-01
8.22317003703e-01
8.22799023396e-01
8.22435740499e-01
8.21934078769e-01
8.21858633711e-01
8.22333561094e-01
8.22856013116e-01
8.22579385707e-01
8.22317654334e-01
8.22201895585e-01
8.22484358301e-01
8.22140404941e-01
8.22676569542e-01
8.22979052734e-01
8.22083785544e-01
8.22229371929e-01
8.22286008594e-01
8.22152620497e-01
8.22656088651e-01
8.22477099709e-01
8.22897120541e-01
8.22456193149e-01
8.21829410999e-01
8.21928824568e-01
8.21843284247e-01
8.22576749357e-01
8.22468204760e-01
8.22573040646e-01
8.21902657040e-01
8.22198817777e-01
8.22124682948e-01
8.22232730890e-01
8.21608120848e-01
8.22133457621e-01
8.22791388580e-01
8.22188920500e-01
8.22159892797e-01
8.22430671755e-01
8.21933734097e-01
8.21801697864e-01
8.22741138946e-01
8.22456485551e-01
8.22637522287e-01
8.22499046961e-01
8.22351533946e-01
8.22507176413e-01
8.22381393754e-01
8.22746340238e-01
8.22850584364e-01
8.22194737226e-01
8.22944152014e-01
8.22802436788e-01
8.22310097594e-01
8.22939266202e-01
8.23021858933e-01
8.22392752198e-01
8.23025667526e-01
8.22295124723e-01
8.22483524339e-01
8.21803184300e-01
8.22660687509e-01
8.21950579263e-01
8.22244446807e-01
8.23011082637e-01
8.22185842878e-01
8.21630666497e-01
8.21866408478e-01
8.22724948349e-01
8.23002417952e-01
8.22287002690e-01
8.22006858790e-01
8.22450798654e-01
8.22653333734e-01
8.22695911584e-01
8.23087481727e-01
8.21796700766e-01
8.22845349820e-01
8.22590409641e-01
8.22655072684e-01
8.22207253808e-01
8.22616087847e-01
8.22950964590e-01
8.22876066963e-01
8.23122775145e-01
8.22793087392e-01
8.22758283570e-01
8.22332610973e-01
8.22894396025e-01
8.22103138611e-01
8.22821688702e-01
8.21961436796e-01
8.22411218149e-01
8.22387341054e-01
8.22069785676e-01
8.21875896630e-01
8.22401596775e-01
8.22636856949e-01
8.22250570334e-01
8.21911782556e-01
8.23193204416e-01
8.22138894752e-01
8.22030467519e-01
8.21874541390e-01
8.22897803192e-01
8.22342743221e-01
8.22367998021e-01
8.22735476200e-01
8.21923499668e-01
8.22258735261e-01
8.22236474187e-01
8.22213545577e-01
8.22729501698e-01
8.21690127952e-01
8.22630868018e-01
8.22480231208e-01
8.22013953920e-01
8.22112374848e-01
8.22751509402e-01
8.22131439247e-01
8.22937719073e-01
8.22576362656e-01
8.22476068455e-01
8.22592625912e-01
8.22674870053e-01
8.21749130930e-01
8.22850686518e-01
8.21826502464e-01
8.22174487516e-01
8.23125608946e-01
8.22893666265e-01
8.22355508841e-01
8.22399783266e-01
8.22367382438e-01
8.22336209496e-01
8.22618077248e-01
8.21935687661e-01
8.22251549097e-01
8.22697426928e-01
8.22719952107e-01
8.22910667621e-01
8.22595258174e-01
8.22940807568e-01
8.21956628613e-01
8.22767479168e-01
8.21950567896e-01
8.21854158999e-01
8.22206568551e-01
8.22470929733e-01
8.22802894554e-01
8.22427677535e-01
8.22127361123e-01
8.22661241069e-01
8.22090449933e-01
8.22980615188e-01
8.22410615500e-01
8.22055598129e-01
8.22354443918e-01
8.22471392649e-01
8.22311145325e-01
8.22091374757e-01
8.22615844453e-01
8.22890174704e-01
8.22573394399e-01
8.22404926709e-01
8.22917323406e-01
8.22306983012e-01
8.21832705027e-01
8.22643540229e-01
8.21742736004e-01
8.22164018079e-01
8.22577078590e-01
8.22308764007e-01
8.22407150455e-01
8.22243691231e-01
8.22632442481e-01
8.22522376902e-01
8.21931104752e-01
8.22323828826e-01
8.22757688235e-01
8.22209365422e-01
8.22035736047e-01
8.22570482715e-01
8.23116198701e-01
8.22008260019e-01
8.21585473031e-01
8.22669045792e-01
8.21971510171e-01
8.22533283715e-01
8.22579221610e-01
8.22503297646e-01
8.22614521294e-01
8.22467811525e-01
8.22325072131e-01
8.22081058719e-01
8.23090884879e-01
8.21911492233e-01
8.22407772365e-01
8.21894328697e-01
8.22812074450e-01
8.23033139717e-01
8.22366429757e-01
8.21839188294e-01
8.22749089521e-01
8.22657184134e-01
8.22362255903e-01
8.22549118476e-01
8.22743990093e-01
8.22379283372e-01
8.22397850973e-01
8.22287590222e-01
8.22897986986e-01
8.22835752214e-01
8.22459640939e-01
8.22519200606e-01
8.22103725802e-01
8.22583386373e-01
8.22158530895e-01
8.22148233444e-01
8.23092273274e-01
8.21923482649e-01
8.22537001757e-01
8.22229694332e-01
8.22036264303e-01
8.22021866874e-01
8.22969175905e-01
8.22444417572e-01
8.22168020466e-01
8.22981682667e-01
8.22475603683e-01
8.22558094365e-01
8.22792725106e-01
8.21820081140e-01
8.22299445975e-01
8.22334311487e-01
8.21607142365e-01
8.22725322772e-01
8.22577956413e-01
8.21840581248e-01
8.21922996999e-01
8.21821304414e-01
8.22365824215e-01
8.22620920331e-01
8.22317643954e-01
8.22489061453e-01
8.21665806994e-01
8.22774992735e-01
8.22407496561e-01
8.22422811866e-01
8.22373965342e-01
8.22795535963e-01
8.22682952301e-01
8.22268192862e-01
8.22807033252e-01
8.21862480210e-01
8.21903277635e-01
8.22254193642e-01
8.22853764379e-01
8.22003016510e-01
8.21814310744e-01
8.21691655961e-01
8.21929899721e-01
8.21980579181e-01
8.21724010176e-01
8.22972505055e-01
8.22044800844e-01
8.22294202531e-01
8.22462305432e-01
8.22158711054e-01
8.22758409101e-01
8.22457495112e-01
8.22429928109e-01
8.22303474066e-01
8.22545440383e-01
8.22396232740e-01
8.22372111270e-01
8.22823300695e-01
8.21944270674e-01
8.21929514883e-01
8.22584665406e-01
8.22861397569e-01
8.22708311848e-01
8.21928357322e-01
8.22704959024e-01
8.22273582180e-01
8.22250411653e-01
8.22854746592e-01
8.22558646935e-01
8.22436635049e-01
8.22123801482e-01
8.22406311340e-01
8.22995567226e-01
8.21984930811e-01
8.22016303270e-01
8.22415949627e-01
8.22268581060e-01
8.22545623692e-01
8.22111989980e-01
8.22151704298e-01
8.23062652963e-01
8.22456585942e-01
8.22625504110e-01
8.22359005938e-01
8.22523506218e-01
8.21924299819e-01
8.22907530685e-01
8.22025760560e-01
8.22812342432e-01
8.22924488865e-01
8.22382475264e-01
8.21882987974e-01
8.23253645537e-01
8.22237871679e-01
8.22708171075e-01
8.22673037532e-01
8.22461825347e-01
8.22224199792e-01
8.22532700719e-01
8.22321967001e-01
8.22364302844e-01
8.22347283764e-01
8.22595099034e-01
8.22650072467e-01
8.22396926761e-01
8.22941104973e-01
8.22841831969e-01
8.21602511116e-01
8.22560001698e-01
8.22297244519e-01
8.22004022052e-01
8.22135867739e-01
8.22568926605e-01
8.22792062001e-01
8.22735442883e-01
8.22563357839e-01
8.22658153905e-01
8.22682544993e-01
8.22451594225e-01
8.23160164973e-01
8.21838942279e-01
8.22274397657e-01
8.22951298125e-01
8.22462130030e-01
8.22754649691e-01
8.22258754790e-01
8.22057045665e-01
8.21960090345e-01
8.22385869301e-01
8.22117405172e-01
8.22011926107e-01
8.22732443044e-01
8.22843115697e-01
8.22429781257e-01
8.22552630766e-01
8.22803633924e-01
8.22681622886e-01
8.23011885314e-01
8.22888548683e-01
8.22295983055e-01
8.22080157331e-01
8.22488429614e-01
8.22456452344e-01
8.22937539381e-01
8.22367734768e-01
8.21711377208e-01
8.22159235902e-01
8.22830769143e-01
8.21842130138e-01
8.22418295046e-01
8.22738495374e-01
8.21928493496e-01
8.22075530765e-01
8.22704769691e-01
8.22686552988e-01
8.22636204051e-01
8.22005098308e-01
8.22290200661e-01
8.22390237757e-01
8.22402684476e-01
8.22520822672e-01
8.22421656799e-01