-3.45847689338e+00
-3.44730225301e+00
-3.44356589030e+00
-3.47620297112e+00
-3.45400983789e+00
-3.44521591212e+00
-3.44198032791e+00
-3.44067762252e+00
-3.45362236151e+00
-3.47868817289e+00
-3.46637653338e+00
-3.46218282092e+00
-3.45380267419e+00
-3.45117911226e+00
-3.46243203024e+00
-3.47414120648e+00
-3.45246933474e+00
-3.45889293365e+00
-3.46861314673e+00
-3.46949802806e+00
-3.46100216332e+00
-3.46685665089e+00
-3.42495590285e+00
-3.45108312568e+00
-3.46472676043e+00
-3.47465637417e+00
-3.46389280232e+00
-3.46243676034e+00
-3.44835820488e+00
-3.45400080696e+00
-3.48561542946e+00
-3.46424479075e+00
-3.44478181297e+00
-3.44935747526e+00
-3.46762087507e+00
-3.45680462951e+00
-3.45480483566e+00
-3.46574249306e+00
-3.43183863151e+00
-3.45090903286e+00
-3.45541188610e+00
-3.47018813127e+00
-3.45655387854e+00
-3.45894128107e+00
-3.43658466420e+00
-3.44986913206e+00
-3.49114247717e+00
-3.44312124027e+00
-3.45064717402e+00
-3.47222843672e+00
-3.44326254697e+00
-3.46139168207e+00
-3.43905810131e+00
-3.45111153110e+00
-3.45423657882e+00
-3.45233294037e+00
-3.46693403043e+00
-3.45871623404e+00
-3.45909510860e+00
-3.46572069144e+00
-3.44771329071e+00
-3.48122817922e+00
-3.46749542313e+00
-3.45149742949e+00
-3.45432617212e+00
-3.45024720814e+00
-3.44514360576e+00
-3.46204159996e+00
-3.46085475254e+00
-3.44856494287e+00
-3.47512417266e+00
-3.45648146107e+00
-3.46381260586e+00
-3.45788101652e+00
-3.47665419882e+00
-3.43667910905e+00
-3.48773582760e+00
-3.44419735690e+00
-3.45219805560e+00
-3.44666400308e+00
-3.46099892887e+00
-3.47884358346e+00
-3.46013505033e+00
-3.45979588383e+00
-3.45229572452e+00
-3.47828820424e+00
-3.45307289340e+00
-3.45419640465e+00
-3.46140869124e+00
-3.44873189442e+00
-3.44939703908e+00
-3.46190107657e+00
-3.45621978538e+00
-3.45014540500e+00
-3.46353291567e+00
-3.43550879694e+00
-3.47077597191e+00
-3.45924887359e+00
-3.46029210373e+00
-3.44207050204e+00
-3.46503954503e+00
-3.45920447478e+00
-3.46198575970e+00
-3.46367250698e+00
-3.45832668766e+00
-3.46969768780e+00
-3.45944333432e+00
-3.46162825219e+00
-3.45532292565e+00
-3.44860396361e+00
-3.44509101272e+00
-3.48929671107e+00
-3.44651536647e+00
-3.44861891900e+00
-3.46133621181e+00
-3.47948037701e+00
-3.46146908720e+00
-3.46505807617e+00
-3.45006215437e+00
-3.46531125493e+00
-3.44002328696e+00
-3.46332028330e+00
-3.45006455637e+00
-3.46241002909e+00
-3.45393269604e+00
-3.47057471394e+00
-3.47206829683e+00
-3.42464828131e+00
-3.45661472950e+00
-3.46292879602e+00
-3.45993418322e+00
-3.47394876382e+00
-3.44748705613e+00
-3.43606454140e+00
-3.43696933992e+00
-3.43566038448e+00
-3.46093321571e+00
-3.44831010878e+00
-3.46057862470e+00
-3.44142291546e+00
-3.43450458964e+00
-3.43327982551e+00
-3.46508665318e+00
-3.48099241748e+00
-3.44277315382e+00
-3.45944514704e+00
-3.42983325774e+00
-3.47630443001e+00
-3.46461785018e+00
-3.45497863644e+00
-3.44326613372e+00
-3.44921501429e+00
-3.47491010946e+00
-3.48750333763e+00
-3.43790414606e+00
-3.46403271582e+00
-3.44259995713e+00
-3.47876948010e+00
-3.44838058782e+00
-3.47236518151e+00
-3.47376177191e+00
-3.44356447203e+00
-3.46261811562e+00
-3.46338928967e+00
-3.45647195271e+00
-3.45406983715e+00
-3.43483763250e+00
-3.45361022764e+00
-3.44193422689e+00
-3.48608766115e+00
-3.47642691912e+00
-3.47484490090e+00
-3.46147732568e+00
-3.45045337173e+00
-3.46113461381e+00
-3.44286113819e+00
-3.45260008055e+00
-3.43085855173e+00
-3.43860682995e+00
-3.46531517044e+00
-3.49071830131e+00
-3.46620626579e+00
-3.47793599491e+00
-3.44735623521e+00
-3.46898436151e+00
-3.43016877325e+00
-3.44407586166e+00
-3.45875271263e+00
-3.46195534093e+00
-3.42793556628e+00
-3.44135385375e+00
-3.46087911551e+00
-3.45241045933e+00
-3.44363870660e+00
-3.44469966963e+00
-3.47662945576e+00
-3.44596310272e+00
-3.45853703648e+00
-3.47236317537e+00
-3.44781640021e+00
-3.44258265383e+00
-3.45046334865e+00
-3.45142484345e+00
-3.43893296919e+00
-3.44983310746e+00
-3.44386380036e+00
-3.44264365404e+00
-3.47179375976e+00
-3.43033466101e+00
-3.48299838770e+00
-3.44244775071e+00
-3.45452043063e+00
-3.45307451611e+00
-3.44581077969e+00
-3.45324401229e+00
-3.46610813080e+00
-3.44599909229e+00
-3.45774167454e+00
-3.46961398747e+00
-3.43575992163e+00
-3.44320527154e+00
-3.46664677041e+00
-3.44798861243e+00
-3.44712697807e+00
-3.46998947602e+00
-3.45828873085e+00
-3.44814308207e+00
-3.44929287054e+00
-3.46280988219e+00
-3.45164291365e+00
-3.44104224447e+00
-3.46627965466e+00
-3.45317316746e+00
-3.47629074909e+00
-3.44501330226e+00
-3.44974970085e+00
-3.47467972724e+00
-3.47148292038e+00
-3.45458588196e+00
-3.46288447040e+00
-3.46356424958e+00
-3.45207248595e+00
-3.46146284462e+00
-3.46656025389e+00
-3.47016972707e+00
-3.46395270279e+00
-3.46870263916e+00
-3.47110447056e+00
-3.47220448130e+00
-3.45689561430e+00
-3.44206953826e+00
-3.42956060940e+00
-3.44427981071e+00
-3.44522843006e+00
-3.46763226437e+00
-3.45087738041e+00
-3.44042740040e+00
-3.45243244495e+00
-3.45130603897e+00
-3.46256175441e+00
-3.46180441138e+00
-3.45885299405e+00
-3.47232913122e+00
-3.47471261829e+00
-3.47143482019e+00
-3.46488696596e+00
-3.48000680845e+00
-3.46601409448e+00
-3.47318960177e+00
-3.46233669696e+00
-3.44333816826e+00
-3.45235150697e+00
-3.43996289998e+00
-3.45979063963e+00
-3.43860514542e+00
-3.45563777794e+00
-3.45591864468e+00
-3.48404108666e+00
-3.47124478577e+00
-3.46561650266e+00
-3.47513611571e+00
-3.45531787158e+00
-3.47875806114e+00
-3.48565074994e+00
-3.46600546787e+00
-3.45866451080e+00
-3.46033323465e+00
-3.47276112511e+00
-3.45171552047e+00
-3.47361325702e+00
-3.47619634293e+00
-3.45980578248e+00
-3.45454931790e+00
-3.44238619953e+00
-3.43707340908e+00
-3.43938372813e+00
-3.45994649709e+00
-3.47031199667e+00
-3.45854626148e+00
-3.45960923633e+00
-3.46030261961e+00
-3.46624233465e+00
-3.43299279841e+00
-3.43881440808e+00
-3.45045061529e+00
-3.44897637205e+00
-3.44621297063e+00
-3.46437727232e+00
-3.47079143937e+00
-3.44986102991e+00
-3.45298601474e+00
-3.44725144714e+00
-3.46346798522e+00
-3.45252789185e+00
-3.47936743670e+00
-3.45583834719e+00
-3.45574697992e+00
-3.45232439919e+00
-3.48872298864e+00
-3.48165797650e+00
-3.44161678878e+00
-3.44657625665e+00
-3.42395328147e+00
-3.44704520715e+00
-3.45892651896e+00
-3.44543161935e+00
-3.45485656997e+00
-3.46412417823e+00
-3.44934339678e+00
-3.48644163657e+00
-3.46590393039e+00
-3.45797082435e+00
-3.43707692479e+00
-3.48136347872e+00
-3.42513872851e+00
-3.43522771633e+00
-3.44672815793e+00
-3.44755118507e+00
-3.47356613120e+00
-3.46993837716e+00
-3.44824714887e+00
-3.45328696841e+00
-3.45215756179e+00
-3.45181621176e+00
-3.45482512929e+00
-3.46493146240e+00
-3.45937094113e+00
-3.49523744957e+00
-3.45078004894e+00
-3.47058780217e+00
-3.44934184319e+00
-3.46535746901e+00
-3.43237299563e+00
-3.45166392127e+00
-3.45511909574e+00
-3.47483280320e+00
-3.44998290971e+00
-3.47763948311e+00
-3.47829912630e+00
-3.44846428330e+00
-3.46814118979e+00
-3.45107672838e+00
-3.47021287099e+00
-3.48199443406e+00
-3.43095952422e+00
-3.45323165646e+00
-3.45377428262e+00
-3.43667830875e+00
-3.46077978757e+00
-3.45961844466e+00
-3.47002232323e+00
-3.45243261312e+00
-3.45289266696e+00
-3.46822323302e+00
-3.46215571102e+00
-3.43355794504e+00
-3.47500494119e+00
-3.47361188835e+00
-3.44831642934e+00
-3.46050467950e+00
-3.45549621189e+00
-3.44970229424e+00
-3.45629124185e+00
-3.45784211010e+00
-3.46877268218e+00
-3.42782869811e+00
-3.43796964518e+00
-3.47624050408e+00
-3.47269503544e+00
-3.45595773176e+00
-3.45681937590e+00
-3.46413487860e+00
-3.46458455435e+00
-3.46431020470e+00
-3.44817886999e+00
-3.45743993167e+00
-3.45663581864e+00
-3.44770783098e+00
-3.43837105836e+00
-3.46645607612e+00
-3.45196718235e+00
-3.45911309049e+00
-3.44805173059e+00
-3.44472283433e+00
-3.45866766836e+00
-3.47758701850e+00
-3.46646056745e+00
-3.45477681317e+00
-3.46339998859e+00
-3.42600679932e+00
-3.46450573448e+00
-3.44075618594e+00
-3.43445616843e+00
-3.43227383092e+00
-3.46528451230e+00
-3.44615765190e+00
-3.45825422089e+00
-3.46903980156e+00
-3.45673179057e+00
-3.44849609282e+00
-3.44831563468e+00
-3.44332843297e+00
-3.45687558446e+00
-3.45723029731e+00
-3.47434897063e+00
-3.45306290568e+00
-3.47730213768e+00
-3.44883308980e+00
-3.44145297175e+00
-3.46831199333e+00
-3.44670246347e+00
-3.46127879242e+00
-3.44429721044e+00
-3.46108883312e+00
-3.44282604975e+00
-3.45665406535e+00
-3.44135522080e+00
-3.44380275203e+00
-3.46302760376e+00
-3.44636021949e+00
-3.44584420598e+00
-3.47521189015e+00
-3.45332494818e+00
-3.44937039855e+00
-3.46099155322e+00
-3.45332474685e+00
-3.46489855792e+00
-3.45701482016e+00
-3.45744387401e+00
-3.45837242041e+00
-3.45344265794e+00
-3.46293574765e+00
-3.43881884395e+00
-3.45853073313e+00
-3.44106937862e+00
-3.44986402066e+00
-3.45345281011e+00
-3.45280527794e+00
-3.44740910017e+00
-3.46261238354e+00
-3.46835650064e+00
-3.46884450746e+00
-3.46630190760e+00
-3.47175113548e+00
-3.45139517335e+00
-3.46908233208e+00
-3.45952796186e+00
-3.48108626418e+00
-3.45404163008e+00
-3.46286123807e+00
-3.46922455711e+00
-3.45814215577e+00
-3.47179539321e+00
-3.43798244772e+00
-3.44562294539e+00
-3.42875275328e+00
-3.46751387190e+00
-3.44190777042e+00
-3.45526804223e+00
-3.46482348869e+00
-3.46258112938e+00
-3.46414396738e+00
-3.47126292620e+00
-3.47362203116e+00
-3.46785100697e+00
-3.46165711348e+00
-3.45051178883e+00
-3.45665614138e+00
-3.45724275586e+00
-3.44510637639e+00
-3.44628562066e+00
-3.45426444768e+00
-3.44842425714e+00
-3.46989776888e+00
-3.45930016565e+00
-3.44682396542e+00
-3.45243804440e+00
-3.47104338091e+00
-3.43650344975e+00
-3.46405137175e+00
-3.45678301575e+00