1.03481034381e+01
1.06039928098e+01
1.04912881082e+01
1.04083994092e+01
1.03660738920e+01
1.04145105211e+01
1.06187834418e+01
1.03496884575e+01
1.02537398319e+01
1.02277566594e+01
1.06544745323e+01
1.03896551740e+01
1.05193573853e+01
1.00572236088e+01
1.04298771997e+01
1.00163876883e+01
1.05715047329e+01
1.05937312183e+01
1.04820903573e+01
1.04778897938e+01
1.06804367538e+01
1.00720344256e+01
1.02745156611e+01
1.03027374241e+01
1.06286946305e+01
1.06760617947e+01
1.05892068850e+01
1.06319374108e+01
1.02990879450e+01
1.05942309190e+01
1.04001127605e+01
1.04313658551e+01
1.07395059820e+01
1.04741115414e+01
1.05113464342e+01
1.05701503060e+01
1.03134678982e+01
1.04555357069e+01
1.06004594334e+01
1.05833833325e+01
1.03942533443e+01
1.04492273882e+01
1.02595027454e+01
1.06076617584e+01
1.01050855716e+01
1.02160230591e+01
1.04878362488e+01
1.03618341969e+01
1.07280623322e+01
1.05636947952e+01
1.06713288686e+01
1.06303920044e+01
1.05101294333e+01
1.02681155535e+01
1.03115584942e+01
1.08015697769e+01
1.03689807130e+01
1.03840152836e+01
1.05236482265e+01
1.04542062689e+01
1.02852408501e+01
1.04199712134e+01
1.04744852615e+01
1.05773891790e+01
1.06053540910e+01
1.06590491600e+01
1.06237889860e+01
1.07846753465e+01
1.05462678417e+01
1.01467902337e+01
1.05823236978e+01
1.04154374174e+01
1.05370675528e+01
1.05071743326e+01
1.04502800941e+01
1.06390902364e+01
1.02915395719e+01
1.02518676593e+01
1.05867539016e+01
1.04528489626e+01
1.06513861568e+01
1.04848351213e+01
1.06563202857e+01
1.06250474732e+01
1.02260960680e+01
1.06368772118e+01
1.05971361920e+01
1.04815214956e+01
1.04070262032e+01
1.03323898535e+01
1.03545459854e+01
1.04254737297e+01
1.06185257618e+01
1.05252498085e+01
1.05015423266e+01
9.98561606787e+00
1.02109973059e+01
1.04274441459e+01
1.02276088591e+01
1.04657066552e+01
1.03855968359e+01
1.06529441858e+01
1.02915786859e+01
1.02664820309e+01
1.05475749334e+01
1.07025518598e+01
1.05324572456e+01
1.05134058483e+01
1.03409772906e+01
1.03118244268e+01
1.02887502779e+01
1.06326806387e+01
1.05836671358e+01
1.05176671702e+01
1.04671279174e+01
1.04775185173e+01
1.06513474573e+01
1.03343174756e+01
1.03855132209e+01
1.03631384727e+01
1.03065096762e+01
1.06625756533e+01
1.05138981050e+01
1.05582794396e+01
1.05031917515e+01
1.04443263754e+01
1.04855524937e+01
1.06521055471e+01
1.02841686002e+01
1.03890900239e+01
1.08761091561e+01
1.05240813493e+01
1.07251714768e+01
1.04554970349e+01
1.04457537832e+01
1.02809388582e+01
1.04485298363e+01
1.06053283196e+01
1.05321443538e+01
1.03137092951e+01
1.05468362351e+01
1.08905472670e+01
1.04079883119e+01
1.03796239437e+01
1.03045221118e+01
1.04888082339e+01
1.04662829539e+01
1.04824318022e+01
1.04722316872e+01
1.04177830956e+01
1.08060883333e+01
1.06057450269e+01
1.05392421843e+01
1.04606225676e+01
1.03946796185e+01
1.04462449629e+01
1.04014188534e+01
1.03967225927e+01
1.01693895996e+01
1.04729718728e+01
1.03269793638e+01
1.02202355319e+01
1.04678113187e+01
1.03881976562e+01
1.04053543005e+01
1.06086755102e+01
1.05356326572e+01
1.05433908958e+01
1.08195175327e+01
1.04866518114e+01
1.04903643254e+01
1.05722265098e+01
1.07812189782e+01
1.01462329123e+01
1.07018343346e+01
1.03552028491e+01
1.06156233356e+01
1.05048167100e+01
1.05547434926e+01
1.07545576258e+01
1.03387948701e+01
1.04732759143e+01
1.06159332128e+01
1.02697701023e+01
1.04456790950e+01
1.04872173466e+01
1.04129155199e+01
1.09279618315e+01
1.06043821076e+01
1.08171330977e+01
1.05660430448e+01
1.05765729996e+01
1.02304557454e+01
1.05074022635e+01
1.02873673190e+01
1.06286364819e+01
1.02028959272e+01
1.02297561288e+01
1.04223064525e+01
1.02575193033e+01
1.06121547661e+01
1.09745240211e+01
1.05733060574e+01
1.07218113272e+01
1.04805731884e+01
1.01798341372e+01
1.04249976776e+01
1.01571137784e+01
1.03067581087e+01
1.07556697731e+01
1.04627630240e+01
1.05429848063e+01
1.06542298120e+01
1.07336562694e+01
1.04949909488e+01
1.05183245280e+01
1.06070112762e+01
1.04109418736e+01
1.04688289706e+01
1.02371521923e+01
1.06216371670e+01
1.04074607143e+01
1.05028027666e+01
1.03889772591e+01
1.03422729287e+01
1.03651804323e+01
1.05760577698e+01
1.01470212731e+01
1.06634811113e+01
1.04342412338e+01
1.04500067534e+01
1.04009184819e+01
1.03209894676e+01
1.02551064285e+01
1.04720842808e+01
1.07193651712e+01
1.05349388413e+01
1.04404969585e+01
1.04934490158e+01
1.04482884108e+01
1.04053993855e+01
1.06845481646e+01
1.06560919051e+01
1.05687091089e+01
1.07033053683e+01
1.07963072236e+01
1.03998357606e+01
1.04720842547e+01
1.04417313351e+01
1.03054965959e+01
1.04911787052e+01
1.02168987806e+01
1.06933293181e+01
1.03963665073e+01
1.04139593574e+01
1.06293580345e+01
9.91582245859e+00
1.04715613727e+01
1.04190940706e+01
1.03158728007e+01
1.04452299494e+01
1.03318464707e+01
1.02355971867e+01
1.03575791909e+01
1.06659475678e+01
9.97279415061e+00
1.04137030741e+01
1.03749924879e+01
1.04410653271e+01
1.05175811027e+01
1.04091384824e+01
1.02612039267e+01
1.04591677682e+01
1.03814002350e+01
1.04795030793e+01
1.04772676916e+01
1.05027961213e+01
1.02830765723e+01
1.05875268659e+01
1.05705774305e+01
1.03208034629e+01
1.03885678651e+01
1.06103787117e+01
1.06659103866e+01
1.03505126191e+01
1.02231498210e+01
1.02832512012e+01
1.06166968364e+01
1.04703588613e+01
1.03815994869e+01
1.03809139695e+01
1.03665517235e+01
1.09137288559e+01
1.03897396184e+01
1.07756939241e+01
1.06510013395e+01
1.04805540705e+01
1.03063235384e+01
1.04221688084e+01
1.03561107650e+01
1.03309604258e+01
1.03660820350e+01
1.04054187459e+01
1.05689800480e+01
1.05965771779e+01
1.01778509824e+01
1.05744576447e+01
1.05251573139e+01
1.06724525142e+01
1.05433448327e+01
1.03518535354e+01
1.04878610401e+01
1.01813248502e+01
1.04697298734e+01
1.07942365994e+01
1.07859687717e+01
1.04323402732e+01
1.04884774639e+01
1.04071318247e+01
1.06445415463e+01
1.08170207082e+01
1.08029458137e+01
1.04401585041e+01
1.03898274885e+01
1.03439266138e+01
1.04781554474e+01
1.04315538947e+01
1.04278150187e+01
1.05098943481e+01
1.07514525458e+01
1.05972545696e+01
1.03139638373e+01
1.02979145805e+01
1.04082307096e+01
1.03088813152e+01
1.06846693629e+01
1.02685884163e+01
1.03239883240e+01
1.04103985560e+01
1.05176009839e+01
1.05318555266e+01
1.04567134624e+01
1.04463694423e+01
1.02522471779e+01
1.05349915552e+01
1.05302431087e+01
1.06036736708e+01
1.02971359049e+01
1.04669541339e+01
1.04697661697e+01
1.05214707057e+01
1.05209310044e+01
1.06558989268e+01
1.02978348536e+01
1.01877674094e+01
1.05258760848e+01
1.02288137816e+01
1.02545137611e+01
1.04726286131e+01
1.02100704183e+01
1.04733048114e+01
1.04815733436e+01
1.04446937972e+01
1.02334198572e+01
1.03994455353e+01
1.03903026402e+01
1.04042243588e+01
1.04958047144e+01
1.05483462264e+01
1.04091777022e+01
1.05008533224e+01
1.01632718871e+01
1.06172724921e+01
1.05161852920e+01
1.09056885310e+01
1.04589631281e+01
1.02017182790e+01
1.05433165134e+01
1.06070988244e+01
1.02002374866e+01
1.08832232570e+01
1.07833907148e+01
1.04981041725e+01
1.05212007743e+01
1.05960463378e+01
1.04929570418e+01
1.06121785045e+01
1.01837470259e+01
1.01375126539e+01
1.03600299022e+01
1.04939158494e+01
1.03074893300e+01
1.05791686064e+01
1.04926256774e+01
1.01515312553e+01
1.03863979068e+01
1.03351050308e+01
1.04927053395e+01
1.04326934975e+01
1.04938414219e+01
1.06197771027e+01
1.04692814440e+01
1.02897891028e+01
1.04603155995e+01
1.05110591119e+01
1.08639280261e+01
1.03037066000e+01
1.05626906741e+01
1.06180557897e+01
1.04594681268e+01
1.04042343015e+01
1.04859655975e+01
1.06552239717e+01
1.04747387156e+01
1.02346526288e+01
1.07896390508e+01
1.04485481138e+01
1.03604992351e+01
1.06032554967e+01
1.03325926132e+01
1.04890676818e+01
1.05485901579e+01
1.06717522385e+01
1.05046003236e+01
1.01383733121e+01
1.06652040773e+01
1.01958151702e+01
1.04681011643e+01
1.04543937218e+01
1.02620398326e+01
1.07404483544e+01
9.91167346424e+00
1.02688172751e+01
1.05319820881e+01
1.04730317799e+01
1.07782692288e+01
1.05424612971e+01
1.05101860350e+01
1.03763877318e+01
1.02791061206e+01
1.06523237341e+01
1.06069203120e+01
1.03697853042e+01
1.05241324333e+01
1.04371023772e+01
1.04436325231e+01
1.04106386543e+01
1.02038984957e+01
1.06091370819e+01
1.02371220885e+01
1.05078605116e+01
1.04349977533e+01
1.03828182713e+01
1.01591035582e+01
1.05687819846e+01
1.02453950160e+01
1.03623301613e+01
1.05320422892e+01
1.06345315906e+01
1.04732647117e+01
1.05385916102e+01
1.03918721255e+01
1.03886758569e+01
1.01469712248e+01
1.05178090896e+01
1.05992955913e+01
1.05627386682e+01
1.04592894930e+01
1.02607725997e+01
1.06025562254e+01
1.04307099223e+01
1.04529698363e+01
1.04323397255e+01
1.04639795122e+01
1.08417719512e+01
1.04276332398e+01
1.03790764312e+01
1.06864763613e+01
1.05493593307e+01
1.03372314660e+01
1.03029617102e+01
1.02842878528e+01
1.02253107021e+01
1.01985638988e+01
1.04255467159e+01
1.07731072874e+01
1.02980721739e+01
1.04470261672e+01
1.03235643999e+01
1.04057110106e+01
1.06641029052e+01
1.04385658109e+01
1.02572845298e+01
1.00433499302e+01
1.04410816492e+01
1.04962393808e+01
1.05518468047e+01
1.02922388488e+01
1.05190789684e+01
1.04257362226e+01
1.04480315224e+01