-8.74703133256e+00
-8.76098096225e+00
-8.72976070430e+00
-8.72821531597e+00
-8.71065985904e+00
-8.72463829228e+00
-8.70359147270e+00
-8.74386349896e+00
-8.68063579496e+00
-8.75650719010e+00
-8.76388900576e+00
-8.67920878661e+00
-8.72260237388e+00
-8.70125848010e+00
-8.70623111786e+00
-8.74592316051e+00
-8.73029051087e+00
-8.75221801771e+00
-8.67243960453e+00
-8.71062711521e+00
-8.68076368189e+00
-8.73431967851e+00
-8.69937820436e+00
-8.70867652522e+00
-8.66105982376e+00
-8.72681850791e+00
-8.70204378150e+00
-8.74390657529e+00
-8.73332687690e+00
-8.75956896112e+00
-8.73483815892e+00
-8.73000555077e+00
-8.69456525021e+00
-8.74330242482e+00
-8.68628551399e+00
-8.68599236028e+00
-8.72318327982e+00
-8.72848884239e+00
-8.74096929584e+00
-8.73094638149e+00
-8.71927960276e+00
-8.72179179010e+00
-8.70565645471e+00
-8.71562893660e+00
-8.68087458639e+00
-8.66720647395e+00
-8.74482780644e+00
-8.75164765429e+00
-8.73299917547e+00
-8.73294988160e+00
-8.72874916126e+00
-8.72305944241e+00
-8.71863562941e+00
-8.72809378984e+00
-8.72297607239e+00
-8.73568314923e+00
-8.67326142843e+00
-8.72366386153e+00
-8.74332633231e+00
-8.70786003503e+00
-8.69825964920e+00
-8.70270888885e+00
-8.70398847119e+00
-8.71870949279e+00
-8.74067934873e+00
-8.76334106478e+00
-8.71726349478e+00
-8.74583403012e+00
-8.72780032921e+00
-8.73550708090e+00
-8.73242183205e+00
-8.77740269405e+00
-8.73952300761e+00
-8.76769694707e+00
-8.70661690410e+00
-8.67069990901e+00
-8.72550768096e+00
-8.68952557692e+00
-8.74586398137e+00
-8.69034187876e+00
-8.75483055182e+00
-8.71241462630e+00
-8.74011241617e+00
-8.75148036623e+00
-8.71343241780e+00
-8.73708720454e+00
-8.71416531783e+00
-8.73536247045e+00
-8.69005364311e+00
-8.74424818933e+00
-8.72013450359e+00
-8.72223207940e+00
-8.70873907939e+00
-8.71111754258e+00
-8.75481906761e+00
-8.70200344406e+00
-8.70612049982e+00
-8.73069188312e+00
-8.74741894360e+00
-8.70109593267e+00
-8.71098452709e+00
-8.75915007364e+00
-8.74225981505e+00
-8.76050048003e+00
-8.65342312189e+00
-8.72630068124e+00
-8.72863682289e+00
-8.73303876778e+00
-8.71762080318e+00
-8.76850926864e+00
-8.68100004271e+00
-8.72212998906e+00
-8.74461658245e+00
-8.71119587958e+00
-8.70551478972e+00
-8.71687156237e+00
-8.73702374382e+00
-8.73836730701e+00
-8.70522547127e+00
-8.74037579774e+00
-8.74539802947e+00
-8.72927353286e+00
-8.65537167982e+00
-8.73828063674e+00
-8.74187188502e+00
-8.69804394046e+00
-8.74599092630e+00
-8.69320585291e+00
-8.72881075004e+00
-8.73374370789e+00
-8.71784561749e+00
-8.70860833031e+00
-8.73687372165e+00
-8.75167340490e+00
-8.66181122196e+00
-8.73801743811e+00
-8.74865181489e+00
-8.71330822428e+00
-8.76069188160e+00
-8.72933039042e+00
-8.75326541692e+00
-8.72152607749e+00
-8.73878343721e+00
-8.73031280950e+00
-8.70844610331e+00
-8.73299371593e+00
-8.71900326378e+00
-8.70638991543e+00
-8.71273721018e+00
-8.70855594795e+00
-8.75271595468e+00
-8.73357469168e+00
-8.71906380048e+00
-8.72880736284e+00
-8.76527059163e+00
-8.73163105285e+00
-8.68923465834e+00
-8.69751298795e+00
-8.70081576608e+00
-8.74300970449e+00
-8.75871650828e+00
-8.71082338027e+00
-8.70970125348e+00
-8.74702871093e+00
-8.67863321644e+00
-8.74845866950e+00
-8.74898926689e+00
-8.71217805502e+00
-8.74699034492e+00
-8.71472869539e+00
-8.72528235033e+00
-8.71512133808e+00
-8.73373894055e+00
-8.73107834085e+00
-8.75239730090e+00
-8.73968046650e+00
-8.71146218908e+00
-8.73687963765e+00
-8.73194235579e+00
-8.73315057989e+00
-8.70795209116e+00
-8.73333694848e+00
-8.73929281040e+00
-8.70576039095e+00
-8.72683224588e+00
-8.75564828219e+00
-8.72281902937e+00
-8.77521986817e+00
-8.74560949719e+00
-8.69081614096e+00
-8.74389807485e+00
-8.72358292272e+00
-8.70489938736e+00
-8.65766491431e+00
-8.70841103298e+00
-8.72319231025e+00
-8.74934150486e+00
-8.70727946992e+00
-8.72290275408e+00
-8.74036603730e+00
-8.74343104596e+00
-8.71136503125e+00
-8.77067230006e+00
-8.70745188115e+00
-8.70011762880e+00
-8.70733970228e+00
-8.72921313378e+00
-8.70809880652e+00
-8.69826297225e+00
-8.72752270581e+00
-8.73661261671e+00
-8.74451717796e+00
-8.69975678435e+00
-8.72402343122e+00
-8.72400050076e+00
-8.73770966135e+00
-8.72206040788e+00
-8.72838617340e+00
-8.72354371053e+00
-8.69841429717e+00
-8.72999574509e+00
-8.72336057229e+00
-8.75147029288e+00
-8.71684980461e+00
-8.72340078508e+00
-8.73164175693e+00
-8.72536425000e+00
-8.75891885090e+00
-8.76818717614e+00
-8.78000796069e+00
-8.70925010461e+00
-8.69127624476e+00
-8.71074271664e+00
-8.71633362019e+00
-8.76891743346e+00
-8.72556576167e+00
-8.77546582913e+00
-8.74019158164e+00
-8.74332431666e+00
-8.75707661396e+00
-8.72793472393e+00
-8.68817162369e+00
-8.69434513687e+00
-8.73483468866e+00
-8.74330907530e+00
-8.75573223947e+00
-8.69482915174e+00
-8.71458872332e+00
-8.73756720855e+00
-8.74459337568e+00
-8.75888064351e+00
-8.74378695161e+00
-8.73842810292e+00
-8.74463223382e+00
-8.72570439419e+00
-8.69162229036e+00
-8.69559247460e+00
-8.75369624165e+00
-8.72677400566e+00
-8.70478401979e+00
-8.75008372040e+00
-8.75756140397e+00
-8.70950593046e+00
-8.74041633716e+00
-8.76416091012e+00
-8.72627655100e+00
-8.75194281747e+00
-8.73533772266e+00
-8.69307418056e+00
-8.69510126575e+00
-8.69765224955e+00
-8.72493583262e+00
-8.71260620102e+00
-8.69205874284e+00
-8.73691495630e+00
-8.72219278210e+00
-8.70334363635e+00
-8.71510899334e+00
-8.69626631119e+00
-8.70278152617e+00
-8.68774317764e+00
-8.71535161972e+00
-8.73184955429e+00
-8.72081215007e+00
-8.71577835786e+00
-8.74171383093e+00
-8.69693046145e+00
-8.68397468586e+00
-8.75118058592e+00
-8.75687381723e+00
-8.68316772195e+00
-8.69776806249e+00
-8.73017097459e+00
-8.66627978205e+00
-8.72919771298e+00
-8.67088315996e+00
-8.71364190491e+00
-8.73638406450e+00
-8.71962117794e+00
-8.69714595112e+00
-8.74285686767e+00
-8.70776109475e+00
-8.75217302528e+00
-8.75623372754e+00
-8.73872211931e+00
-8.76587754027e+00
-8.74596672676e+00
-8.70350733632e+00
-8.72620744680e+00
-8.70943497432e+00
-8.69471911824e+00
-8.75525034237e+00
-8.73406444441e+00
-8.71999237144e+00
-8.73019858236e+00
-8.70320424461e+00
-8.74415889945e+00
-8.68644309221e+00
-8.69095156747e+00
-8.72114954815e+00
-8.68980368479e+00
-8.74051326933e+00
-8.73971501722e+00
-8.69947008651e+00
-8.70942691866e+00
-8.69456858541e+00
-8.73516932661e+00
-8.72732824973e+00
-8.73709470995e+00
-8.71321658812e+00
-8.71793267520e+00
-8.70488905068e+00
-8.73130958272e+00
-8.75158534833e+00
-8.72239930504e+00
-8.74330356767e+00
-8.69852482540e+00
-8.69908665354e+00
-8.72294458858e+00
-8.66394011123e+00
-8.73385870204e+00
-8.77830179506e+00
-8.67336738352e+00
-8.68454411670e+00
-8.71651337678e+00
-8.73484866733e+00
-8.70697962712e+00
-8.78940368209e+00
-8.72083286914e+00
-8.72318260404e+00
-8.71724313971e+00
-8.72888376481e+00
-8.72535746932e+00
-8.73939397308e+00
-8.72810119838e+00
-8.69378752501e+00
-8.70538682208e+00
-8.70239256066e+00
-8.79013820872e+00
-8.73884126915e+00
-8.74791463646e+00
-8.72207423461e+00
-8.69374682179e+00
-8.72599983936e+00
-8.68597731445e+00
-8.73248103586e+00
-8.72657670448e+00
-8.72320614242e+00
-8.67682820105e+00
-8.73490205184e+00
-8.71596260354e+00
-8.67409437801e+00
-8.70514746040e+00
-8.73242606053e+00
-8.68428145162e+00
-8.71269979092e+00
-8.71452174661e+00
-8.71471524326e+00
-8.71009485155e+00
-8.67810514042e+00
-8.69770335004e+00
-8.71945431869e+00
-8.73123359637e+00
-8.71176889156e+00
-8.71310757639e+00
-8.73891160983e+00
-8.72600419805e+00
-8.68006013514e+00
-8.74303224392e+00
-8.76853424383e+00
-8.70976883718e+00
-8.76015967888e+00
-8.77524227578e+00
-8.71350487922e+00
-8.71229120709e+00
-8.74219378008e+00
-8.73343207808e+00
-8.73998986456e+00
-8.70291942741e+00
-8.72131376842e+00
-8.72454451004e+00
-8.72110022921e+00
-8.73553645519e+00
-8.71267188158e+00
-8.72480243316e+00
-8.73990634049e+00
-8.69742819340e+00
-8.74321437844e+00
-8.74293551603e+00
-8.74214078788e+00
-8.72418210052e+00
-8.70957969961e+00
-8.69986190377e+00
-8.72860606614e+00
-8.69066626934e+00
-8.72098647804e+00
-8.71450677962e+00
-8.66708497169e+00
-8.73116300179e+00
-8.70616410639e+00
-8.72262919959e+00
-8.70258038331e+00
-8.72324114696e+00
-8.74786174198e+00
-8.71001983809e+00
-8.78513461748e+00
-8.74748017842e+00
-8.67418794243e+00
-8.71457209701e+00
-8.75240357115e+00
-8.68776332229e+00
-8.69090933922e+00
-8.71852567043e+00
-8.72115903468e+00
-8.73348958764e+00
-8.68785681554e+00
-8.69245371786e+00
-8.75040935540e+00
-8.69093680944e+00
-8.71795308068e+00
-8.69113997786e+00
-8.67971078391e+00
-8.67865582921e+00
-8.76176746856e+00
-8.70126477740e+00
-8.69287475487e+00
-8.70851117663e+00
-8.74220944109e+00
-8.72815330482e+00
-8.66336993777e+00
-8.75235982096e+00
-8.71829922841e+00
-8.71271265134e+00
-8.76834722014e+00
-8.69597141010e+00
-8.72766639548e+00
-8.74734213017e+00
-8.69736661661e+00
-8.77541688087e+00
-8.67986159267e+00
-8.76794457229e+00
-8.71486055076e+00
-8.72953895707e+00
-8.72420723655e+00
-8.70982940743e+00
-8.68586949247e+00
-8.75421893118e+00
-8.66892391807e+00
-8.72434117550e+00
-8.71724065051e+00
-8.71423855353e+00
-8.73907029557e+00
-8.74047565086e+00
-8.72921312635e+00
-8.72869283155e+00
-8.72699403463e+00
-8.71518309027e+00
-8.71779768045e+00
-8.72541546198e+00
-8.71170307791e+00
-8.73440236995e+00
-8.66930810181e+00
-8.73759799687e+00
-8.69190505036e+00
-8.73637694909e+00
-8.71561213522e+00
-8.76818736608e+00
-8.73053936398e+00
-8.72703180757e+00
-8.71973580746e+00
-8.74336650527e+00
-8.73181029441e+00
-8.76371110607e+00
-8.71381239127e+00
-8.69517247332e+00
-8.67012409473e+00
-8.70851745832e+00
-8.71857085791e+00
-8.68500954418e+00
-8.70377707573e+00
-8.72270641855e+00