3.01865021182e+00
3.02430255433e+00
3.01782838255e+00
3.02075466374e+00
2.99907413945e+00
3.00493526729e+00
3.01125935520e+00
3.01306398533e+00
3.00312135885e+00
3.02765267608e+00
3.01711375877e+00
2.99645797745e+00
3.00538692418e+00
3.00664142023e+00
3.00874939669e+00
3.00302568410e+00
3.01765541416e+00
3.01554005030e+00
2.99155528203e+00
3.00497261294e+00
2.99853656694e+00
3.00954944570e+00
3.00803164514e+00
3.00784517528e+00
2.99253180475e+00
3.01701391284e+00
3.00310090544e+00
3.02225166375e+00
3.00255165556e+00
3.01700835593e+00
3.01124556793e+00
3.01028593705e+00
2.99696250275e+00
3.01831034073e+00
3.00229944612e+00
3.00185184761e+00
3.00837730343e+00
3.01405436760e+00
3.00953597900e+00
3.01578463672e+00
3.01228125496e+00
3.00446734426e+00
3.00552169332e+00
3.01280061000e+00
3.00389948873e+00
3.00399771196e+00
3.02516643602e+00
3.00611278997e+00
3.00851523579e+00
3.00865358923e+00
3.00859661860e+00
3.01237059656e+00
3.01003700060e+00
3.01496208022e+00
3.01185452875e+00
3.02279380549e+00
2.99478391610e+00
3.01037119965e+00
3.02555448322e+00
2.99896390232e+00
3.00881775484e+00
3.00095737909e+00
2.99951842001e+00
3.01243146614e+00
3.01676894475e+00
3.02146991581e+00
3.01098907718e+00
3.01402125222e+00
3.00652043438e+00
3.00998121840e+00
3.01384762342e+00
3.02502624704e+00
3.01611107361e+00
3.03615331749e+00
3.01852364448e+00
2.99620922204e+00
3.01934649013e+00
3.01072936880e+00
3.01757759979e+00
2.99960988201e+00
3.01612042265e+00
3.00602811256e+00
3.01290361460e+00
3.02704970261e+00
3.00393964972e+00
3.01462063886e+00
3.01000429376e+00
3.00798108644e+00
3.00257869359e+00
3.01510121532e+00
3.01708845630e+00
3.00342332549e+00
3.00567003576e+00
3.00966294382e+00
3.02015491315e+00
3.00482036538e+00
3.00713256811e+00
3.00606955884e+00
3.01905266452e+00
3.00323609142e+00
3.01367865045e+00
3.01161463700e+00
3.00932379072e+00
3.01797263588e+00
2.99280106338e+00
3.01481978302e+00
3.01688709515e+00
3.00701286151e+00
3.00654439423e+00
3.02145053856e+00
3.00556448418e+00
3.01158337649e+00
3.01274107684e+00
3.01447026640e+00
3.00545313452e+00
3.00960149946e+00
3.01859641481e+00
3.01254657470e+00
3.01382837241e+00
3.00535723071e+00
3.02207868634e+00
3.01219729022e+00
2.99750233477e+00
3.01960740886e+00
3.02346979714e+00
3.00696004872e+00
3.01865692825e+00
3.00491843105e+00
3.01689873337e+00
3.02137941370e+00
3.00448213537e+00
3.00869858002e+00
3.01718472846e+00
3.00843646261e+00
2.99361463506e+00
3.01645968101e+00
3.02795773214e+00
3.01439793594e+00
3.02021090110e+00
3.01061900932e+00
3.00935874123e+00
3.00630879895e+00
3.00754056626e+00
3.01063181144e+00
3.01864271073e+00
3.01550467424e+00
3.01178672381e+00
3.01303850042e+00
3.01859487537e+00
3.00272555206e+00
3.02032906337e+00
3.01726450115e+00
3.00243688203e+00
3.01198643240e+00
3.01159671522e+00
3.01091249542e+00
3.00550782162e+00
3.01256493115e+00
3.00296002963e+00
3.01967535661e+00
3.01878570976e+00
3.00954163693e+00
3.00935088606e+00
3.00997033168e+00
2.99934650751e+00
3.02039662196e+00
3.01591819347e+00
3.00818348391e+00
3.00621077194e+00
3.01104727790e+00
3.00838843130e+00
3.01553312904e+00
3.01675447223e+00
3.01467208147e+00
3.02606635644e+00
3.00974328602e+00
3.00869316099e+00
3.00845691233e+00
3.01358908407e+00
3.00560188686e+00
3.00346051044e+00
3.01616553973e+00
3.00631239761e+00
2.99776540010e+00
3.01540315240e+00
3.01301597183e+00
3.00289561091e+00
3.01817005363e+00
3.00868124932e+00
2.99717882363e+00
3.01306207970e+00
3.00966844267e+00
3.00129341996e+00
2.99746221042e+00
3.00691901880e+00
3.00953353588e+00
3.02217869565e+00
3.00513103284e+00
3.01424479670e+00
3.00543351396e+00
3.01925802021e+00
3.00179770744e+00
3.02586638803e+00
3.00429987680e+00
3.01325647111e+00
3.00540834367e+00
3.01412824260e+00
3.00651111203e+00
3.00469156114e+00
3.01223849471e+00
3.01567999182e+00
3.01775579903e+00
3.01131948210e+00
3.00518083236e+00
3.00573227896e+00
3.02308299483e+00
3.01126696593e+00
3.00496955539e+00
3.01146582697e+00
2.99801120587e+00
3.00524302754e+00
3.01245614642e+00
3.01774086515e+00
3.00808225931e+00
3.01436675922e+00
3.00942832888e+00
3.00468978155e+00
3.01651323733e+00
3.02251858639e+00
3.03052896774e+00
3.00414543641e+00
2.99451120470e+00
3.00611194787e+00
3.00218831173e+00
3.03048269544e+00
3.01173824649e+00
3.01192652391e+00
3.01336211297e+00
3.00644490302e+00
3.02325234275e+00
3.01787171814e+00
3.00357931812e+00
3.00876532062e+00
3.01955685862e+00
3.01125678685e+00
3.01812180878e+00
3.00500550188e+00
3.00258345459e+00
3.01587403648e+00
3.02511484818e+00
3.02761166931e+00
3.01139263337e+00
3.01544873428e+00
3.00868583686e+00
3.00996877896e+00
2.99510378664e+00
3.00671554751e+00
3.01369433534e+00
3.01317047126e+00
3.00836524112e+00
3.01804698380e+00
3.01896168406e+00
3.00617400131e+00
3.02370425157e+00
3.02049528050e+00
3.00851958848e+00
3.02173142438e+00
3.01557384933e+00
3.01139512149e+00
3.01068815334e+00
3.00915554863e+00
3.01307435742e+00
3.01349523647e+00
3.00684426923e+00
3.00946296946e+00
3.01176885825e+00
2.99968791065e+00
3.00997559554e+00
3.00794027243e+00
3.00254059392e+00
3.00491199194e+00
3.00833856294e+00
3.01533807994e+00
3.01070551729e+00
3.00321624602e+00
3.01729142419e+00
3.01043321758e+00
3.00767332715e+00
3.01363335961e+00
3.01902001681e+00
2.99258826412e+00
3.00754966478e+00
3.01269579431e+00
3.00433803550e+00
3.01492864665e+00
2.99649909379e+00
3.00713226823e+00
3.01441224380e+00
3.01262829732e+00
3.00492101066e+00
3.01813348717e+00
3.01268768961e+00
3.01525752440e+00
3.02770598040e+00
3.01552213690e+00
3.01275565295e+00
3.01723629406e+00
2.99888960659e+00
3.00802024450e+00
3.01766453861e+00
3.01008314496e+00
3.01350424540e+00
3.01294668152e+00
3.01715563518e+00
3.01616670370e+00
3.00769267087e+00
3.01778063018e+00
3.01039046570e+00
3.00369436391e+00
3.00888607922e+00
2.99946997907e+00
3.00893121791e+00
3.01973035121e+00
3.00717005829e+00
2.99621955424e+00
3.00191047548e+00
3.01347622428e+00
3.01493404869e+00
3.00673656231e+00
3.01540864760e+00
3.00882588148e+00
3.00382153992e+00
3.02459278948e+00
3.01322569412e+00
3.01187887993e+00
3.02460409002e+00
3.00053413268e+00
3.00869763335e+00
3.00900912100e+00
2.99781017525e+00
3.01198774277e+00
3.02842360249e+00
3.00242868674e+00
3.00251472080e+00
3.00696744753e+00
3.01103925819e+00
3.00456405300e+00
3.02775644347e+00
3.00555537470e+00
3.01789981649e+00
3.00735254072e+00
3.01630784414e+00
3.01095528555e+00
3.02646046473e+00
3.00745898715e+00
2.99798151157e+00
3.00657237642e+00
3.00103860853e+00
3.02902020662e+00
3.02211676087e+00
3.00807931384e+00
3.00442703355e+00
3.00423637098e+00
3.01384204832e+00
2.99452233972e+00
3.01718611843e+00
3.00572366400e+00
3.01501008475e+00
3.00048979993e+00
3.00336665453e+00
2.99952984998e+00
2.99578610443e+00
3.00410294536e+00
3.01592287278e+00
3.00390785981e+00
3.00938064509e+00
3.01749157119e+00
3.01304569519e+00
3.00392504904e+00
3.00412784099e+00
2.99841358086e+00
3.00801676428e+00
3.01374526137e+00
3.01226507561e+00
3.01094163097e+00
3.01866450949e+00
3.01014486339e+00
2.98625438300e+00
3.01082415187e+00
3.01596957494e+00
3.01227170700e+00
3.01842155380e+00
3.02191393473e+00
3.00943021690e+00
3.00741347398e+00
3.00530295754e+00
3.01352254429e+00
3.00455283199e+00
3.00747584819e+00
3.01020268740e+00
3.01348053589e+00
3.01739477926e+00
3.01273215191e+00
3.01955251966e+00
3.01421554631e+00
3.01101766773e+00
3.00479401387e+00
3.02103854707e+00
3.01630116396e+00
3.01329515520e+00
3.00762709422e+00
3.00458010929e+00
3.00290995911e+00
3.00853534460e+00
2.99617567363e+00
3.00516058691e+00
3.00889059077e+00
2.99584750630e+00
3.00391476065e+00
3.00611614330e+00
3.00996491364e+00
3.00940845965e+00
3.02298290505e+00
3.01600703215e+00
3.00769435136e+00
3.02550255760e+00
3.01302135826e+00
2.99567573298e+00
3.01176408547e+00
3.01512405440e+00
2.99971982456e+00
3.00961884038e+00
3.01452128078e+00
3.00799961623e+00
3.01160073031e+00
2.99774285597e+00
2.99863087448e+00
3.01265996182e+00
3.00139902150e+00
3.01601654868e+00
2.99926710783e+00
3.00705778072e+00
3.00212465781e+00
3.00633120298e+00
3.00528625386e+00
3.00645934326e+00
3.01036057765e+00
3.00637984497e+00
3.01504881554e+00
2.99433116808e+00
3.01872303644e+00
3.01624398385e+00
3.00512179819e+00
3.03440936472e+00
3.00812201222e+00
3.00940652146e+00
3.01304362545e+00
3.00076113892e+00
3.03372266697e+00
2.99931665979e+00
3.02247354976e+00
3.00938691614e+00
3.00910300681e+00
3.00786505965e+00
3.01108772903e+00
3.00062655771e+00
3.02090297990e+00
3.00142136441e+00
3.00669253577e+00
3.00771836168e+00
3.00569631805e+00
3.00925591811e+00
3.02351109892e+00
3.00765996659e+00
3.00598109462e+00
3.01026482662e+00
3.00159691199e+00
3.00229304538e+00
3.01148913352e+00
2.99928768654e+00
3.01917080863e+00
2.99291154609e+00
3.01248390640e+00
3.00356007719e+00
3.00517070821e+00
3.00741677967e+00
3.01593150829e+00
3.01517988008e+00
3.01111848509e+00
3.01863911381e+00
3.02536895208e+00
3.00811221593e+00
3.01659972676e+00
3.00228005009e+00
3.00093385211e+00
2.99207193135e+00
3.00379839617e+00
3.00998662612e+00
2.99701191269e+00
3.00763450030e+00
3.01069703196e+00