0.521620604484
0.515308994718
0.513124996117
0.529695755407
0.522761709249
0.509252834587
0.519129932022
0.529126217624
0.504600883554
0.50857013844
0.517710115564
0.518057139149
0.519479641544
0.513894324324
0.50289424311
0.517145499655
0.511665738374
0.500583336642
0.522522913259
0.512683732608
0.523881346848
0.509302768492
0.506773385359
0.518607863146
0.501870782396
0.517435670893
0.520025653343
0.506976775612
0.500005528346
0.522624508871
0.515349968927
0.525939732445
0.510872396197
0.509933099557
0.514483579337
0.518657314723
0.532931717696
0.510507448102
0.52921910411
0.515347844459
0.520105177091
0.522150986475
0.51177091504
0.507757474118
0.5149941226
0.520073960791
0.518687978466
0.50574205779
0.513564900189
0.516785758125
0.525475388808
0.497211884913
0.51314532952
0.502533583821
0.518705840377
0.501863134202
0.510948439931
0.50706113451
0.540528978787
0.516584044619
0.514183402292
0.523858842789
0.503034032146
0.501228994467
0.512594495398
0.511754170868
0.515341721537
0.524928672422
0.523019158428
0.515370481391
0.513903549385
0.499903901278
0.510750138631
0.53692948753
0.511738726451
0.526692262769
0.535874103467
0.51962519296
0.513261362285
0.524358710011
0.508272062019
0.515439838172
0.519371703918
0.523848428902
0.524647608077
0.525450089315
0.521490554127
0.508038271229
0.502677705956
0.51291001832
0.522529304144
0.508601497568
0.511600848799
0.510678780391
0.509328614895
0.515377413346
0.502600064838
0.505332700959
0.536906282429
0.521620609238
0.512796761736
0.511445032366
0.517158784061
0.502172955603
0.520064155102
0.503881976445
0.519640576182
0.515045352177
0.508423764862
0.521243250359
0.519469092185
0.504442336491
0.516227954796
0.512708289758
0.516564599421
0.508713878958
0.516886029546
0.495343221138
0.525837206728
0.523197067154
0.506980669697
0.508861981218
0.498860536523
0.516160321827
0.529008044318
0.524199562209
0.521260430704
0.525963697148
0.519895036255
0.515597505675
0.49662842085
0.520249517528
0.511090699558
0.529673573116
0.505644544288
0.50158071841
0.524032539817
0.513376799811
0.510132619539
0.516197348141
0.507415327923
0.521572258979
0.518333048875
0.509444553463
0.526818419074
0.520484930906
0.494618866235
0.506114374246
0.51825562482
0.50458400368
0.516200516125
0.502399759832
0.508812933034
0.509307185897
0.516432224532
0.518074068266
0.516364491907
0.508621536633
0.51331835461
0.521662935603
0.511029838438
0.502222888563
0.502618778482
0.528775781423
0.521436066215
0.518860787026
0.529762789038
0.519779113395
0.52976024326
0.527341959467
0.509945813644
0.523410611612
0.520139477228
0.506552207888
0.512540584528
0.51220736434
0.51169091509
0.527444570989
0.51605777827
0.516115140558
0.503304490196
0.51489453072
0.502316796314
0.518954484318
0.513818574911
0.528656167767
0.512779279536
0.504216524619
0.51178925589
0.518591622324
0.509690110594
0.520659348352
0.517080914727
0.513555644451
0.51057690991
0.515143498116
0.503203848369
0.512503674507
0.509366598014
0.500822281733
0.526029293185
0.514163298631
0.517387660645
0.507241628381
0.516226180195
0.517637021561
0.505754769281
0.51763729457
0.513741290366
0.523218297069
0.520019871945
0.514571232271
0.518377760626
0.511871524973
0.528630364374
0.509300795341
0.51252266965
0.493881570913
0.511254227158
0.526614945409
0.509930600843
0.504494866993
0.502947799319
0.506039590197
0.509739355137
0.522783508439
0.504075217013
0.497526526878
0.507612230205
0.496984347885
0.501037280831
0.512309115823
0.515373034383
0.515446596659
0.509471827995
0.522833880668
0.523870562775
0.506384551139
0.517468653421
0.52254866021
0.515929803994
0.514172949486
0.499603720069
0.524572425507
0.508379218349
0.506597762355
0.502999851365
0.520648632615
0.524248008809
0.516243965186
0.529791274971
0.48954075441
0.509873276859
0.525386674556
0.522150958067
0.510463988415
0.518759065203
0.540100154861
0.520661464874
0.513425949282
0.518812847837
0.520536049974
0.519748897317
0.502300969742
0.505353196593
0.525288899801
0.512435650909
0.51089668575
0.507854877122
0.499030760244
0.509479686171
0.50132108199
0.510349768142
0.529966001415
0.517450018051
0.524189662295
0.512366296478
0.528847117282
0.517376937648
0.513443807943
0.507609749593
0.510631644949
0.518423339453
0.52395534428
0.523621262454
0.52290058199
0.496660820731
0.522619060089
0.527074279423
0.509451871288
0.509076759752
0.525898399015
0.503693725239
0.500993684949
0.526084393475
0.511342521893
0.527393831081
0.533348781069
0.507721428242
0.513666860419
0.516613730991
0.51945698756
0.523412039074
0.520046967172
0.510646508126
0.511991439092
0.526631188515
0.517215436927
0.511919112819
0.519482044804
0.517570423879
0.516848278027
0.513018537678
0.516535420145
0.519711573352
0.511173377451
0.508364099155
0.520525501336
0.502003398718
0.510939671956
0.501906853322
0.520463622038
0.50823740221
0.511266218539
0.514532589917
0.524833551461
0.530201157484
0.518077141723
0.515026383132
0.52688029753
0.50920486458
0.51388434136
0.505876631494
0.520734677508
0.51512195514
0.496238925475
0.512482215222
0.509721583185
0.505913751007
0.498366875318
0.496919646261
0.516692768264
0.521418417604
0.534173251254
0.517405301686
0.497021361485
0.52168278291
0.507460538893
0.527418076271
0.508691867016
0.513827485266
0.525607619099
0.527799058855
0.529725242969
0.513458278642
0.505502642855
0.50946610613
0.514479763223
0.519526326351
0.521308971306
0.519330609894
0.504691523391
0.502667911376
0.52226329984
0.519270104392
0.522198452603
0.525180722915
0.510924056578
0.521354691815
0.516694407264
0.518787688793
0.509784963455
0.514157581931
0.516302081677
0.52825359579
0.501010599036
0.519433373655
0.508598401355
0.518490126734
0.532993998881
0.532588094483
0.49431245721
0.524650874847
0.500412630419
0.512200778018
0.506197770202
0.530786127355
0.524401912903
0.524398990277
0.512375930987
0.51344920668
0.505481799859
0.525808504045
0.515743122571
0.503626810374
0.500869004676
0.507746681106
0.507854034747
0.531686310932
0.519972308795
0.507329492935
0.507294460029
0.505173493587
0.50716766543
0.505546675609
0.50522380402
0.522856495469
0.506497688136
0.503511874294
0.488950123543
0.537717731733
0.515029563291
0.518189165974
0.507749544354
0.510937343847
0.509823942712
0.520331327299
0.520946485006
0.511417540987
0.511649347725
0.502731635706
0.506952934043
0.515739017743
0.507070106985
0.511872691454
0.519293399095
0.509105936995
0.504613845539
0.516406743541
0.505777724748
0.511738837932
0.503027273712
0.512452565075
0.507806235152
0.513671346525
0.517166995448
0.511126351586
0.496313261014
0.518072734472
0.524815953826
0.512784769228
0.511535825499
0.504719625253
0.503566186832
0.502874762664
0.527372322473
0.522984600167
0.520979400342
0.527234122228
0.516209413287
0.502725243974
0.496560486615
0.529119983149
0.517358790466
0.533031051165
0.521425461538
0.510315368776
0.495723357167
0.526370587518
0.512104593904
0.502394673878
0.509052621855
0.525384992996
0.525123159786
0.510814534252
0.527994751829
0.507123399946
0.520125479013
0.518957786085
0.504500677117
0.506535608065
0.504650796128
0.513405031127
0.510359368943
0.532497580621
0.52320869961
0.512730055533
0.526901622598
0.4982233809
0.515318994509
0.518776381497
0.522511654259
0.507221597233
0.534585754098
0.529392037364
0.516565374864
0.519822015037
0.495726587603
0.508258095571
0.524408807713
0.512130516616
0.515060446385
0.516799784389
0.515677413577
0.506392655869
0.515997119529
0.510047697482
0.519160181262
0.509272213435
0.519058532223
0.514456142901
0.511386743415
0.522210215825
0.518221639545
0.50861338047
0.518234686868
0.511339363902
0.521555123032
0.522877622128
0.510908224124
0.519937359782
0.517425552677
0.511730698454
0.505557413251
0.50478446022
0.519866148461
0.512748188845
0.512286868242
0.514461684344
0.514686468277
0.510277356046
0.521481694831
0.513681744049
0.50553070802
0.502924813272
0.518289714765
0.519950501844
0.494738900163
0.507249858243
0.519688660916
0.51688147145
0.506877316974
0.510623592609
0.519216158683
0.511288166774
0.52417355569
0.520010696128
0.523201176264
0.526471815334
0.51733136825
0.514304517041
0.522549911526
0.514847124311
0.508495407822
0.511628114712
0.510270661394
0.515916524302
0.512563178069
0.51930151374
0.514410051452
0.526775203213
0.516577878525
0.507092393365
0.507918977654
0.521831923235
0.507594197937
0.521199116236
0.529998399144
0.513354242882
0.516541829133
0.508787173415
0.519263797331
0.512074781615
0.51962667521
0.525297216987
0.518125723245
0.519464206273
0.517682585088
0.503157082433
0.518633860805
0.514836446829
0.524839678334
0.516267697648
0.511136786466
0.52988101944
0.513422346258
0.509979679886
0.521564535127
0.498936687771
0.512818562086
0.516018603763
0.510055941956
0.515638411036
0.517691582432
0.504286608694
0.525192460577
0.523975957804
0.516365349482
0.513601140299
0.515447144668
0.514555075509
0.511573401289
0.510857954781
0.519311943544
0.510399601336
0.51416154378
0.526987672627
0.501608264725
0.514547718425
0.530393620436
0.516966250803
0.512935885437
0.508917130188
0.512412142315
0.511707032537
0.521601734992
0.515121620657
0.524872563045
0.509874140877
0.512181363498
0.515503602992
0.522274948107
0.51805622314
0.513017229011
0.519619593931
0.505474662357
0.513316843455
0.515186022111
0.50434726762
0.518579276063
0.515916108769
0.523870486984
0.516307218694
0.52008067902
0.517386829085
0.517563117692
0.509721292183
0.505690453623
0.519089431869
0.513512396292
0.513221114794
0.501126685479
0.524059615909
0.515504995314
0.524760976544
0.515044762756
0.514124541425
0.524738456178
0.500913847263
0.50483064704
0.499782194574
0.515369445976
0.515603031563
0.515127512397
0.519081745816
0.522346544188
0.520979790631
0.505495522468
0.511876733974
0.506273103625
0.513635156456
0.512749646454
0.521415460786
0.524380879042
0.512501034848
0.509934972021
0.516346460108
0.506586388949
0.510216996845
0.512535524632
0.523554031411
0.504122439978
0.523987402679
0.523959300417
0.511724693607
0.516739401047
0.516173903771
0.527419723466
0.529965273621
0.508774399084
0.508314140954
0.512943639909
0.521523400729
0.522626492559
0.508788455169
0.511467478291
0.521033102645
0.507364311538
0.51822229562
0.518928855685
0.498982381641
0.512105275042
0.5059893276
0.522701312783
0.510040442462
0.4988430199
0.515658736178
0.504704362885
0.524282762917
0.504196058467
0.516091084853
0.510110376809
0.511068257601
0.506817175619
0.51268477933
0.517091500883
0.520662716751
0.518288992579
0.517713763017
0.512413068009
0.52030249807
0.515017174139
0.514585637139
0.505285145182
0.50997148953
0.50765846979
0.52082792484
0.502591516321
0.502357403036
0.512869332153
0.517977684227
0.511544112345
0.512715762336
0.510620777598
0.515533998916
0.515868631886
0.51741274754
0.516502422969
0.511584812193
0.514400097296
0.507545964027
0.515245345759
0.527680124305
0.522214217231
0.507658975476
0.5155736463
0.516784282053
0.515833210805
0.522524745291
0.510890724518
0.515894955715
0.521293988718
0.510726399446
0.511349703633
0.511058100353
0.50698552639
0.521976247575
0.521576048838
0.528340730712
0.5195764116
0.520405344088
0.511081406227
0.5172156328
0.515604061115
0.516029598188
0.517157282459
0.512081972943
0.522855052327
0.513924000626
0.511038887874
0.518932103475
0.511710426884
0.527675005584
0.518878060171
0.516168252805
0.513154095808
0.510991294739
0.519468462414
0.51398239619
0.510978739841
0.517041788132
0.513154987334
0.515686952104
0.52059743684
0.502382176182
0.50884738728
0.501353474418
0.512192620936
0.505471315648
0.519925010378
0.523559341333
0.515972437736
0.51339762678
0.520809493109
0.513458234603
0.509151558917
0.509835084147
0.51409953323
0.521219602327
0.502782782059
0.529814067183
0.525214570704
0.513763719841
0.51452593513
0.515119172645
0.516858932941
0.524915031621
0.505754805422
0.508843818793
0.512741121257
0.521965970972
0.522454556648
0.518440995655
0.511063120339
0.520824380602
0.520048451583
0.508946643684
0.52332938337
0.516215894838
0.511181372248
0.522788832839
0.517893292124
0.507922287565
0.51523982441
0.517538643019
0.519671099048
0.520764748135
0.522488581777
0.516484533986
0.524761643345
0.509090854262
0.517122966624
0.527971259198
0.51207914999
0.530875319184
0.513958420887
0.511705740735
0.510407408772
0.51260670712
0.52274717602
0.522990435269
0.51369372957
0.513742941737
0.52992208949
0.499921710025
0.513354656481
0.521605163619
0.515858399526
0.517838555502
0.513075653777
0.518230499983
0.512519138927
0.522417225362
0.518122197496
0.517035942198
0.519670607144
0.52311059392
0.521047520899
0.513661173609
0.525629916321
0.507920274916
0.520178407421
0.511103603662
0.514123720753
0.52172986326
0.518907838384
0.518558191479
0.522596002421
0.525159838129
0.515714732396
0.530049529836
0.518569949285
0.513810124395
0.524939710993
0.520604556892
0.505032774814
0.511699336404
0.521546044806
0.516571812897
0.52171337511
0.528060100115
0.51597604995
0.527723063848
0.522988605824
0.519163900892
0.513960785447
0.512984467118
0.513821409121
0.523043426815
0.502996993768
0.510823407095
0.512920634786
0.513451373782
0.511673311365
0.512184329965
0.523603476467
0.506035883972
0.513840944206
0.530864320546
0.513732468383
0.51353988529
0.531465358886
0.511346572768
0.508856884364
0.514372046646
0.519142397879
0.504066704503
0.51481806558
0.497412737377
0.517955330043
0.513417737115
0.520547482457
0.511627225803
0.519269888736
0.500392480173
0.510535378112
0.506832630733
0.509641246849
0.518929705586
0.514762671016
0.514777835345
0.508701759578
0.50385101024
0.515471598584
0.517301266528
0.523020016792
0.501590158164
0.517074973788
0.525009259712
0.509875953807
0.509656294338
0.519934603741
0.523594915332
0.521031979931
0.525041338612
0.507819428416
0.507696201814
0.520484340265
0.519811926988
0.51098350178
0.505230804888
0.524550116066
0.524085799236
0.517223200068
0.509372315442
0.509977198812
0.504588119138
0.520815722098
0.522457958767
0.514972483351
0.508727895706
0.522798556795
0.513766517017
0.524487817949
0.520075873038
0.505715992934
0.515452664386
0.514580975197
0.509269667292
0.517708723001
0.507913224218
0.523290690464
0.5142012069
0.512455951833
0.506107816449
0.514948205813
0.506636867196
0.503891073772
0.5175327239
0.514352443925
0.513430913594
0.518676028074
0.503684037212
0.511065731851
0.527519853777
0.521644213234
0.520464825591
0.516549379057
0.515463018985
0.517292490357
0.519513054799
0.521918372889
0.50344690447
0.514362364927
0.516256128211
0.514393503564
0.515208139976
0.508880094905
0.518180424708
0.512669035955
0.524808237137
0.512116480939
0.51320916812
0.513313249393
0.510508219438
0.51044169772
0.51989443815
0.509233046104
0.521999514217
0.520066180926
0.523018836273
0.512486918251
0.515816685438
0.519031424215
0.517558005904
0.515369147017
0.512038763455
0.510818000774
0.510868541172
0.518444761082
0.511118251165
0.507667217213
0.522116243694
0.519494869921
0.520136336106
0.508611230387
0.516338720063
0.511695889452
0.503286247494
0.51197064026
0.516297707658
0.514973764125
0.56845796602
0.564282318721
0.558598590682
0.56185431069
0.559898322014
0.559860332956
0.561810125781
0.553211086503
0.570478922188
0.571814893574
0.558740698618
0.54714514852
0.566076516541
0.562841539602
0.550286554983
0.561544107324
0.562363288023
0.560588900358
0.553959554286
0.550978395936
0.559465433889
0.56221823444
0.553643658035
0.554638333622
0.562582112038
0.556653614516
0.565901921335
0.56408490443
0.553574298255
0.549579577433
0.559475978909
0.551722707554
0.569818560598
0.562826263851
0.555610029919
0.556788221895
0.546948682555
0.562234507668
0.558213636362
0.553165554354
0.541431641269
0.567565761774
0.550221433335
0.548557037669
0.556949492606
0.55784119317
0.546367623596
0.547789329247
0.55922227859
0.556553490334
0.561176544514
0.564746092618
0.553535744164
0.571847005978
0.552834640494
0.560422030634
0.562830010533
0.542925777276
0.560129961107
0.560462556843
0.567602638418
0.553724850696
0.557573048355
0.562033389172
0.555963390454
0.558980040383
0.567322420387
0.556273074632
0.565171651265
0.554605764641
0.562159377294
0.55946474241
0.56086753078
0.540649246037
0.555899173909
0.560927059747
0.557609464517
0.556998285013
0.568524540424
0.552399647599
0.558434091774
0.560558262868
0.570129195741
0.568037249025
0.56141735339
0.560900414123
0.561088347776
0.557806897643
0.548078013202
0.559628649938
0.553416103577
0.562737325409
0.559262243021
0.553873963316
0.566842347665
0.554117576179
0.565311881264
0.566970052835
0.557100229494
0.554860347204
0.567829098971
0.550327661658
0.557773932937
0.549195247674
0.564417226426
0.558108150241
0.555047153242
0.554528956669
0.551333406956
0.565383486589
0.549542491611
0.555094317284
0.565725524782
0.549846319569
0.557216366501
0.551325542889
0.556576603703
0.565049066052
0.558010925077
0.565854669609
0.566404165128
0.563190306613
0.558188098635
0.56552966534
0.563804630842
0.56693943434
0.563437622566
0.561445535004
0.557951124792
0.565320464356
0.551200188053
0.56023888641
0.562045069866
0.552559246157
0.568171460045
0.556685450963
0.557785044074
0.548470477304
0.556472012543
0.554888635302
0.557186492676
0.559602249317
0.554467923524
0.566339700332
0.563431444456
0.562744562265
0.556593370302
0.564573327561
0.549937616441
0.560132750861
0.55491248524
0.561210122815
0.570577979656
0.56186268947
0.566106748692
0.56315225231
0.560829928261
0.562394054259
0.554546243943
0.559233397975
0.549106775127
0.549186397221
0.566767752073
0.553553544752
0.553874204593
0.565541252569
0.562684333039
0.545865966881
0.548998061254
0.550583859437
0.551466691962
0.539423918893
0.548003679389
0.550459676879
0.557775256976
0.560361376245
0.561792822065
0.5680167914
0.568199794232
0.567219817189
0.553868440786
0.558936982539
0.566070841314
0.555743316056
0.554215528143
0.570666551006
0.568010964099
0.55006723206
0.549114405135
0.570773182672
0.564350941247
0.568033866389
0.560840091098
0.557033441061
0.561802484546
0.554628578905
0.563056718437
0.557016423917
0.550118303783
0.551350744217
0.547699404006
0.558828663934
0.555922542356
0.553850531729
0.570391404061
0.561522439863
0.562697573121
0.565254199855
0.561376168366
0.562822472775
0.561840139032
0.548847971711
0.559780952488
0.557279018634
0.567571657197
0.556387970559
0.564683755355
0.551462685068
0.551629812934
0.561378667096
0.554624107172
0.56397995197
0.546526579037
0.550502778694
0.557212358408
0.557560898746
0.548412803578
0.556450707427
0.558464238744
0.562641153293
0.569677297067
0.556498634978
0.571763221764
0.55135118967
0.553721422503
0.566774693236
0.551489814716
0.545507275628
0.561070090853
0.555613558082
0.55543349455
0.559099948019
0.567561380528
0.567210484283
0.561808751184
0.555703092178
0.549325271744
0.558315155109
0.555065447153
0.548215584907
0.549264135906
0.553283256327
0.562847399303
0.55463313484
0.55602585354
0.565394206599
0.554013287978
0.55909372654
0.560434720336
0.572024971874
0.554718838179
0.55657904211
0.557192973889
0.560005975521
0.563893662144
0.550064598438
0.566421919763
0.549502193015
0.555822540099
0.548048469338
0.552273869103
0.571833894446
0.549703719273
0.564759853221
0.563410068805
0.559763434747
0.562159749432
0.553137464443
0.559794964743
0.55837449679
0.554361705032
0.55666426212
0.552058399196
0.547068981016
0.556934615692
0.553362816166
0.558302887407
0.558107182427
0.548707849157
0.55333552659
0.552890276769
0.54664087098
0.550912056546
0.557771296644
0.563530132481
0.568989144377
0.562749732929
0.55895580649
0.577000612159
0.557304286265
0.559041680021
0.560733596757
0.573572912232
0.558773511915
0.565232375425
0.567536325183
0.548651490118
0.553965237715
0.561489467055
0.556303975053
0.557790113706
0.555920737849
0.561212673324
0.562588846825
0.55369921288
0.554069214375
0.556981176988
0.556837792475
0.554181971292
0.54989804133
0.557558173337
0.561647763692
0.561086340879
0.565714080179
0.557217108611
0.567443522771
0.548294899518
0.550998850656
0.553221468972
0.567785754377
0.553646779869
0.541510209857
0.553122197609
0.546062612662
0.56072586635
0.566084834751
0.563218686967
0.563121711367
0.559411071147
0.559851047933
0.55302963484
0.54891557938
0.565664319515
0.562888431795
0.565587436597
0.556880285573
0.558306932113
0.551207967997
0.560813107031
0.550911487103
0.54931892944
0.559207274027
0.56329520273
0.569822350895
0.554475047501
0.568568060214
0.544976756423
0.557900675754
0.551737502074
0.551253980863
0.54487159844
0.558122417859
0.556638211995
0.56353101479
0.560698575387
0.548427524612
0.556902051572
0.557545289268
0.558785821517
0.557761312275
0.556039339964
0.565359336066
0.55194678606
0.556416341731
0.553181727091
0.555875819131
0.557392718358
0.552408107393
0.550519946531
0.548163271776
0.556606989815
0.559583502172
0.548234774925
0.563045637497
0.561591852954
0.557289835724
0.559568008372
0.551123841034
0.5636168563
0.566327566758
0.556638944229
0.571591493346
0.554830553959
0.559830602551
0.559504126898
0.557235439205
0.554205390268
0.556140039414
0.547814760063
0.56086709506
0.548302778536
0.551902610813
0.562793156078
0.553056164037
0.560121898628
0.557395802375
0.546832397661
0.545196404587
0.547521863467
0.558780905663
0.553674246515
0.560825880912
0.542082229287
0.564554082071
0.560791578448
0.560123002246
0.569117833033
0.554612603908
0.544605871145
0.567354167316
0.566331841064
0.558775730146
0.560867569032
0.555946937103
0.553861469928
0.558312967492
0.552518604466
0.550764920103
0.569748601693
0.558641624149
0.555832090653
0.555797393721
0.556343711482
0.557869182012
0.564761964037
0.558832460075
0.55463240555
0.556747131278
0.549483917813
0.552306277532
0.560606797121
0.554222985439
0.552689908236
0.568436635969
0.561464436343
0.560580948464
0.547117357297
0.571632595002
0.557876173028
0.559454546853
0.560356112926
0.559396005585
0.557505095711
0.559466324403
0.556141529577
0.559369469851
0.553908167512
0.559111116235
0.55462389713
0.557339105511
0.558631314418
0.560468008177
0.558481377191
0.554882996257
0.561460886576
0.554837198866
0.555704958697
0.564984478397
0.549600232758
0.557666066731
0.556037630653
0.557898969338
0.572095581609
0.556283275258
0.560970023243
0.552813026221
0.564463549086
0.556479402425
0.557847729408
0.551066484735
0.554514454426
0.558595006925
0.572166624049
0.550569576141
0.555155262281
0.555534982423
0.570778407674
0.555945196173
0.560279337948
0.547694208897
0.560844500383
0.568981124734
0.551722676646
0.549602994862
0.560124025339
0.562136691755
0.55779907734
0.555407167358
0.562329933273
0.567256947639
0.558209113875
