1.1416659713
1.13734090842
1.14956193316
1.14677969808
1.15876558349
1.14794679603
1.14844782656
1.14673401311
1.16409922959
1.13597911969
1.14606035732
1.14950243773
1.12523087027
1.14089463963
1.16572669986
1.13957576027
1.15706816134
1.15060185099
1.12416043285
1.14319324038
1.14130915014
1.15301796249
1.15771222922
1.14588311235
1.14601033983
1.15975514323
1.15627727542
1.13956221994
1.1491983707
1.13794645653
1.14239424428
1.15131333011
1.14000673414
1.15511104256
1.16557898957
1.14309327984
1.14266726937
1.15620870966
1.14694108807
1.14591937313
1.17220280929
1.16229446234
1.13956278285
1.14705561699
1.16130263913
1.13551561913
1.14275557398
1.13806077431
1.14608790434
1.13540921504
1.12926717184
1.16274614035
1.15797735885
1.16485505149
1.14086229832
1.1382259022
1.15285119609
1.14654825708
1.13296475714
1.14788105154
1.14636645676
1.16216021569
1.14144765219
1.15984518571
1.15244013558
1.14919528827
1.1379853623
1.14146558994
1.1682886442
1.15798241663
1.15682528348
1.12497134482
1.13120653404
1.1643671281
1.16029333425
1.14081269133
1.13622705487
1.14398118312
1.15618739352
1.1666588856
1.15500176029
1.14874019913
1.15068010874
1.1475092691
1.16777905687
1.15718622739
1.14191530262
1.13565127995
1.1347062795
1.15393137988
1.1491812672
1.15463691351
1.15999171694
1.13912646619
1.1282877945
1.15860068639
1.14962809528
1.15368954191
1.14972750306
1.14734949365
1.14899210693
1.14229428733
1.15043226584
1.14228697578
1.17191949395
1.14690232471
1.17050923369
1.16310337412
1.1459836341
1.16233564632
1.13126460959
1.13807104944
1.16704955177
1.15319455357
1.14330286862
1.15599893593
1.14868909463
1.15823149821
1.15650645901
1.13596474274
1.15433904744
1.16219439944
1.17889420312
1.14427257155
1.14190555413
1.16286069359
1.13155001679
1.17211932415
1.14061438236
1.14471101536
1.13378271004
1.1506493533
1.14981970592
1.14487945706
1.16339151987
1.13854921743
1.15903573719
1.14944577541
1.17093666726
1.16144238642
1.15652635719
1.1585596708
1.1596696768
1.13094862841
1.15359015032
1.13433337661
1.15881212806
1.14057013667
1.14955080894
1.15411268029
1.13331220913
1.15092506516
1.15026717148
1.12499731107
1.14534012778
1.13647580226
1.15038599037
1.17167559478
1.15916328782
1.16126455677
1.15684250373
1.14302202187
1.14263862284
1.15410361792
1.15190524608
1.12977869178
1.13577556892
1.16528916745
1.14611061483
1.14447754484
1.12373384391
1.1572028104
1.1526965533
1.14042275797
1.15950690258
1.14908524622
1.14914590102
1.14636162124
1.15684494677
1.14249632733
1.1396298917
1.14963510307
1.14465821185
1.15001520842
1.1405078445
1.1569584186
1.13756818517
1.16558193835
1.14439007716
1.14706543931
1.14176589338
1.13165798233
1.13887589857
1.14839716236
1.15188485638
1.16078507682
1.14150295369
1.15340303927
1.13348939408
1.15400935221
1.14200859326
1.17087525159
1.14215221408
1.15767631587
1.16929663272
1.14307416974
1.15631082571
1.14564078885
1.14907072546
1.14695141351
1.15329682289
1.15909103034
1.17330323117
1.15364318913
1.17099011277
1.14730136115
1.15143114681
1.16575029169
1.14474976513
1.14907090334
1.1479703412
1.14066191584
1.15041452144
1.13392212686
1.13212925653
1.16184132501
1.14257647696
1.16287436381
1.14600275339
1.14820238364
1.14601760676
1.14883948229
1.1594689411
1.156208358
1.16101811898
1.15708050953
1.14754780424
1.15023180968
1.14396083857
1.15862128255
1.14008943567
1.14670719836
1.16351267357
1.15725097655
1.15467714948
1.14921042715
1.15869552348
1.15674029152
1.16747613958
1.14296655567
1.1488286784
1.15229284481
1.15807087994
1.14803218559
1.15373001288
1.13235755137
1.12858914239
1.14791740364
1.15249258043
1.1458703872
1.1521915159
1.1291891612
1.14966566411
1.13972099144
1.15613898541
1.14886251501
1.16662647362
1.15991980054
1.16991473182
1.15525925492
1.12379704176
1.14911118792
1.14077507666
1.15166036614
1.15840915032
1.16307423201
1.12643774721
1.14447135117
1.15510109942
1.15486703185
1.14717925562
1.14158608204
1.15473778455
1.1635369542
1.14384304008
1.16229375651
1.13236625172
1.14172621606
1.16433473138
1.14431777043
1.14998342321
1.1628572242
1.14062070784
1.15426232783
1.15472120559
1.14732092756
1.15509483339
1.14772501066
1.14866044484
1.15157802164
1.168270335
1.14316005601
1.16192252913
1.13929042223
1.13473770107
1.16054492082
1.16010414771
1.15524155634
1.14238835431
1.15611807149
1.14988899225
1.15032138661
1.13799351299
1.16297177483
1.13560493799
1.12853325031
1.14443442444
1.16590697048
1.15566694222
1.15924395472
1.14408432261
1.14738935428
1.14659246269
1.14735075228
1.13934622633
1.13747118938
1.14309877384
1.14099859814
1.15298630407
1.14859319704
1.15394305797
1.15930370719
1.14443599469
1.15208955647
1.14463112801
1.1636543241
1.16505050809
1.1322554249
1.15954448994
1.15542403701
1.16013453498
1.14759071359
1.16104077076
1.14317629374
1.14704186644
1.14287869927
1.13801006077
1.15377582234
1.14796185109
1.14675597652
1.13639805561
1.13912531957
1.15329432643
1.13620092555
1.14186591587
1.14411679871
1.15689448079
1.17371293376
1.15274464303
1.14188279078
1.14671326965
1.13609191118
1.14254906552
1.14387783459
1.13312473549
1.16940698567
1.15804097316
1.14617208351
1.14254776247
1.14406179174
1.14169651076
1.14353152646
1.17145745071
1.14862099118
1.15671641729
1.14877695296
1.15674545647
1.16214834153
1.13682589721
1.15118277203
1.12629906521
1.15262213708
1.15278780573
1.12457519573
1.13865554043
1.14293095642
1.15216740053
1.1473857557
1.13515624972
1.16057997062
1.1497076052
1.15272577639
1.15823924946
1.14276806542
1.14313207026
1.14067937954
1.15718146637
1.15128872528
1.15984181612
1.14507743226
1.17369244152
1.15313522243
1.15369124901
1.15483438259
1.15732488592
1.1577631983
1.15543262612
1.15203735817
1.15840354471
1.14889665462
1.16825107547
1.15815256526
1.14255159932
1.15097393076
1.14694745025
1.1507961773
1.15665706797
1.14924558678
1.15458964387
1.15117299806
1.1525190399
1.16772328883
1.15402949805
1.15372077815
1.13645912836
1.15866943398
1.14430873206
1.14838467847
1.15113257561
1.14618419659
1.13882433821
1.14315572106
1.15547818282
1.14525963718
1.14172371114
1.14774379687
1.16567418438
1.14657183192
1.15554105235
1.1527491574
1.14165923846
1.15241507041
1.15127916102
1.149884885
1.15331745893
1.13706588056
1.15792944951
1.14454642568
1.14650804795
1.13533167935
1.14505922935
1.1612553667
1.14363438925
1.14272867076
1.14631374838
1.15262804146
1.13656216795
1.16486888118
1.13281497228
1.16486992439
1.15959113646
1.13897756401
1.14465987888
1.14964399791
1.14024605584
1.1606624234
1.14328905399
1.14312471785
1.15783873206
1.16957461209
1.14831040873
1.14813334526
1.14494004676
1.16388710369
1.1479640205
1.14645637018
1.13090606081
1.13262583211
1.15340280384
1.15714013112
1.14166239723
1.15124795691
1.15742029109
1.13908672061
1.15198595401
1.13967651359
1.15358908869
1.15590724471
1.15173911251
1.13047262183
1.14576613031
1.14646892778
1.15177394247
1.1392833516
1.14661804927
1.14675608744
1.15488151469
1.14632994619
1.15868625297
1.16076326204
1.149051853
1.11089295424
1.12023660385
1.12455537162
1.136044094
1.12819627882
1.12639559515
1.12494939308
1.12192470069
1.12601588818
1.12615099531
1.11961505673
1.11399671234
1.12457370321
1.1423500929
1.12689816414
1.1225256159
1.13121794523
1.12240191764
1.11496258975
1.124368838
1.11876504246
1.13683086988
1.12758864791
1.12248518218
1.12123606912
1.11991741876
1.1014259164
1.13566179304
1.12017490564
1.1189631273
1.137285908
1.12867014552
1.11731647415
1.13683956502
1.11493243825
1.12081615286
1.1283070573
1.12275063448
1.12199473423
1.12663400872
1.11640374625
1.12540271155
1.12557323969
1.1156636191
1.13438620412
1.11595824701
1.11794667813
1.11559748284
1.10696701885
1.13322803664
1.11300338255
1.11852152987
1.12078806591
1.12511320199
1.13266146795
1.11952324378
1.12045351789
1.11962537521
1.12470516064
1.13023312804
1.1103264345
1.13517688073
1.12304128781
1.11862806555
1.11581907032
1.10842298843
1.12454674112
1.11980488271
1.12181283199
1.12077132431
1.12611116086
1.12647336991
1.11330766181
1.12589327039
1.12513466662
1.10828610245
1.11860082142
1.12124510171
1.13034785288
1.12135054059
1.1240402405
1.1319210937
1.11905429798
1.11570824648
1.11521731349
1.12039739813
1.13074294699
1.11126576171
1.11887103679
1.12912314827
1.12040766305
1.12350443888
1.11848467988
1.13033550587
1.12742007283
1.10785737407
1.11964286441
1.11361267604
1.12317671629
1.10944945275
1.11759106953
1.12478770572
1.10947899171
1.11310020917
1.13584461223
1.13509196338
1.13024823138
1.1193740955
1.13354694465
1.13455098626
1.11337128954
1.14060587932
1.12834141854
1.11681953297
1.12321949998
1.12561776673
1.13845407735
1.12982347271
1.12613544971
1.12420203504
1.12363628024
1.10784519795
1.11535627201
1.11319481564
1.11324231217
1.12959750916
1.12646035819
1.11950112087
1.1096365816
1.11440100295
1.11375549689
1.12294479173
1.12173589818
1.13288240901
1.11288061262
1.12132983117
1.12003207271
1.13418832168
1.12148952568
1.12892958115
1.11068045729
1.13556743005
1.12977587884
1.12459408316
1.10138003733
1.11501951546
1.13855603631
1.12482255335
1.12339543636
1.11599664214
1.11251065998
1.12378359516
1.11513284373
1.13446363354
1.12550881518
1.11479435336
1.11655679174
1.12361109965
1.11850723438
1.11895783066
1.12138526175
1.12188355464
1.11343986068
1.10808594173
1.13502491198
1.13334537715
1.11743541924
1.12890576035
1.11938699374
1.11730891422
1.11629064837
1.13400915807
1.13273351852
1.1358302399
1.12521180584
1.1325558489
1.1194274891
1.11536469382
1.12418373762
1.13047308456
1.11671733501
1.12469427692
1.12123611668
1.11238793928
1.14301284589
1.12073815579
1.1205710551
1.12352172737
1.11805504685
1.10413161731
1.12050110452
1.11697866538
1.12830174646
1.12645051234
1.1402404569
1.11588541249
1.11814429531
1.10694394741
1.11656128473
1.12626435522
1.12026814342
1.12188598815
1.10401450135
1.13384765024
1.11829273418
1.13758456469
1.11875287813
1.11932727122
1.1211844949
1.12559791927
1.13099242235
1.11909881907
1.1198665337
1.10786543721
1.12886074731
1.13034438439
1.10091215257
1.12840868923
1.1370883293
1.12976147499
1.12934563753
1.10943234174
1.11223489885
1.1283547479
1.1149454512
1.12259658429
1.12108550268
1.13314975586
1.12372398712
1.1194615942
1.13085958985
1.12010643305
1.1204354302
1.11904936638
1.12286844962
1.12868931372
1.12937358624
1.1127242026
1.11518184075
1.13238958832
1.1297303801
1.1094563528
1.12234965164
1.11402125176
1.12994500443
1.10098430496
1.12477790338
1.11732407128
1.11194559113
1.11820023447
1.12686954919
1.12270340812
1.12881080888
1.11729971857
1.13650111732
1.12506489097
1.12264797002
1.11169313966
1.12052773968
1.10685217545
1.10368822122
1.11035227882
1.13386401817
1.13765441667
1.13180359684
1.10998695972
1.1145250883
1.12322052017
1.12332818943
1.12962127074
1.12257536946
1.1028139549
1.10591589829
1.11582985642
1.14669998247
1.12159318772
1.11833595587
1.11618417029
1.13707327434
1.12542931779
1.11689813951
1.13021273775
1.12621332942
1.11822042625
1.12273293303
1.11604384306
1.11175568438
1.12174946438
1.10976682496
1.11427271615
1.12189519245
1.12505176184
1.14601003751
1.11515122853
1.12687468566
1.12667197471
1.12126881045
1.11297764476
1.11863543977
1.12923132787
1.12465506495
1.12617392643
1.11465391638
1.1240135826
1.1177590949
1.13699925317
1.10557597843
1.12152652408
1.12224921997
1.11853884679
1.13506580117
1.12344490877
1.11339795038
1.12263761951
1.1237522323
1.11642746328
1.11665654105
1.11392740829
1.12661026745
1.11950753509
1.12860982235
1.10289683642
1.11848090478
1.12641656149
1.10248650007
1.13088908806
1.11454739886
1.12475481965
1.1355839165
1.12245501002
1.12564861243
1.11440386295
1.11504925016
1.11811196177
1.12644938643
1.12862439603
1.13565363308
1.13529482814
1.11113086664
1.13151875498
1.12290066326
1.12818872925
1.1268850341
1.12212564532
1.11595068284
1.13935185963
1.12915193639
1.12353675097
1.12035122567
1.12022387753
1.12409781684
1.12235971545
1.11395412469
1.12618109037
1.12364375551
1.10103443509
1.1183738737
1.11375894373
1.12489839783
1.12685063113
1.12205258936
1.11749035606
1.12078171701
1.14018688109
1.12029953597
1.12588415139
1.12233575182
1.11858142314
1.11175175536
1.10813489838
1.12442527823
1.12027250466
1.11883497919
1.12921140238
1.11124812058
1.12397697723
1.13111665
1.13069413078
1.13080910375
1.11868298583
1.11096515636
1.12443568195
1.13490986442
1.11601043052
1.13356469772
1.13066819035
1.10656303256
1.12947661399
1.12668129458
1.13351116062
1.11892938575
1.1231862739
1.11625076659
1.12451860654
1.12892246947
1.11207875066
1.1254595143
1.11506501522
1.11680735866
1.1049627761
1.11756589754
1.14279808345
1.127847813
1.12138062375
1.14237522204
1.12548708193
1.11891018195
1.1139457863
1.12596476677
1.12584456923
1.12109354066
1.10582987553
1.12028566359
1.12305813274
1.13113145487
1.11727621451
1.11057454596
1.11335058688
1.12446847376
1.13496969117
1.12438734817
1.12326423784
1.12872083485
1.12649054765
1.12303298428
1.10988010919
1.11829177143
1.10601767998
1.11200641508
1.12347443483
1.1316253002
1.11922644317
1.11213038845
1.10937159003
1.11913189186
1.11363496033
1.12220433631
1.12188978508
1.11038976638
1.1323307732
1.12785676867
1.12384188432
1.12260679138
1.13046402055
1.12438664319
1.12010750689
1.11913890931
1.13156866437
1.12123483682
1.12125712719
1.12567194967
1.1229709324
1.13082707605
1.11513630341
1.12442521395
1.12607513477
1.11657048949
1.11737439653
1.1031161796
1.10597962383
1.12570836591
1.13520191105
1.11423974284
1.1282164172
1.12349401173
1.12430684187
1.12301957483
1.12439949218
1.12271006512
1.11514834167
1.12740176758
1.11191234862
1.11430917155
1.10618253706
1.12392299744
1.12885576198
1.12027106817
1.12765207382
1.11926527742
1.13847119158
1.12077200218
1.10654232251
1.11222663611
1.12088030768
1.12625586984
1.12882168957
1.12340636482
1.11126983194
1.1215928395
1.13090963709
1.12613234214
1.10309914271
1.11423140628
1.12447217112
1.1137816238
1.10303981816
1.11699081374
1.12369289956
1.14488708032
1.1217284448
1.12205635995
1.04917338884
1.04228769814
1.04413994379
1.05518141832
1.03664232959
1.05446506034
1.06306571079
1.0475416828
1.04468781679
1.04758124475
1.04716172294
1.05375056167
1.04006340957
1.04973532675
1.05419849809
1.05671379629
1.04417483442
1.05294052115
1.04999533175
1.04814555767
1.05578557501
1.0572532347
1.05602482671
1.0576593394
1.06005829798
1.05789222031
1.05069768466
1.05223937067
1.04908644048
1.04438227362
1.05944072854
1.04910442462
1.03331680246
1.04538502875
1.04854073985
1.04916940249
1.05355596249
1.05229210376
1.04939559527
1.04660351562
1.06028406434
1.04620153929
1.05477360938
1.04544642215
1.0520676049
1.05366762459
1.05703118879
1.0579412398
1.05709565819
1.04376308902
1.04898892652
1.05314634943
1.05581417146
1.05415941562
1.05289822767
1.04732285411
1.04100882152
1.04449572863
1.05708105073
1.04823865273
1.05413105899
1.04111860019
1.06164019332
1.05512365382
1.04480340857
1.04473058314
1.05152258357
1.04134694079
1.04087453112
1.06263853466
1.05842402228
1.05661240795
1.04447913897
1.05521458345
1.04263528871
1.05325873051
1.06269453091
1.04016375525
1.06781015307
1.0622430344
1.05844089324
1.06251504646
1.06481789621
1.04687520561
1.05514510823
1.03827125395
1.05219346251
1.04975672629
1.04053185033
1.0493671006
1.04837575098
1.05185573927
1.0508189775
1.05106218502
1.04657331703
1.05798469727
1.05065748882
1.03737723769
1.05172260987
1.05175431073
1.05020139025
1.0546015423
1.05268161623
1.04278220045
1.04445637889
1.04816134536
1.04411597981
1.05080698033
1.04323209756
1.05282290429
1.05476379947
1.06445128718
1.04662739591
1.04037488744
1.05233363376
1.05210378627
1.03943868261
1.04889297512
1.05845951771
1.04057228214
1.05595972647
1.03877607673
1.05489022715
1.06217707234
1.04675549426
1.04964379932
1.04191058812
1.05018773574
1.04353977142
1.05155617185
1.0377907469
1.04719821228
1.06605035624
1.048331217
1.04392589012
1.04566749812
1.04480869395
1.0446041427
1.05421163648
1.05113234163
1.05190686299
1.04518425679
1.05766402371
1.05254827443
1.03684548612
1.04642785217
1.04728920052
1.04547049821
1.02897356178
1.0445364112
1.06073751323
1.04070047709
1.06151814601
1.04551371984
1.04536812721
1.04124687877
1.05260010296
1.05698872103
1.03623480156
1.05317663827
1.05211613087
1.04792543416
1.04729735112
1.03559617385
1.05591001035
1.05469018944
1.03587448775
1.05115360927
1.06461971065
1.05620188889
1.05013340665
1.04319901755
1.04124677077
1.05327745144
1.04071771262
1.05210292935
1.07346108667
1.04722211916
1.04053643395
1.04662529379
1.04454164648
1.06418533082
1.05309020636
1.05849306712
1.0491332036
1.05873763345
1.04877597771
1.04929198147
1.05963402865
1.03962144417
1.04409061455
1.0603258132
1.0591534372
1.04306304267
1.04142805861
1.05225615197
1.0496287717
1.06489053095
1.0563585585
1.04323936977
1.05151737563
1.05507260618
1.06149866475
1.0430380004
1.04911299147
1.06267706365
1.05030916733
1.05464937031
1.03834641222
1.04238307608
1.04959527154
1.06479584946
1.04072443172
1.04588445316
1.06196302953
1.05976704165
1.04878554329
1.06372105924
1.06358779967
1.04494531296
1.04664389566
1.04377669016
1.04871128701
1.0595018276
1.04606197266
1.05504530559
1.05872151476
1.05758404075
1.05325602723
1.04251907933
1.04904869917
1.04623579639
1.06690341088
1.0409146352
1.05124243081
1.05061614077
1.05151591729
1.04804495884
1.05929440351
1.04634398198
1.05350392561
1.058724407
1.05282806438
1.05474348252
1.05977675141
1.04234756092
1.05427636607
1.05994664899
1.05391353667
1.03265444902
1.05876733727
1.04284929677
1.05049057981
1.05602140515
1.05385139814
1.04891495374
1.04277367512
1.04945286304
1.03962808861
1.05039883484
1.05564094807
1.05602379537
1.04905632906
1.05053795737
1.05000727017
1.05147649735
1.0460782491
1.0545707929
1.05479963178
1.04675566685
1.05816001878
1.04510669537
1.05674172678
1.04606834711
1.05171492056
1.04161648233
1.06406895797
1.05842682199
1.05005404721
1.04572353036
1.051864837
1.02780336219
1.04540693664
1.05902924373
1.04676053492
1.04262681714
1.06252927061
1.04731424801
1.052037883
1.04429417848
1.04650584377
1.06228452797
1.05927088903
1.05480024722
1.0527244292
1.05446661001
1.04850871193
1.0560321489
1.04336395443
1.05187584565
1.04256207625
1.04874099676
1.04311848229
1.04563445898
1.05236524641
1.05331546464
1.04894273433
1.04342151779
1.05571509446
1.05197593637
1.05056270783
1.06664822117
1.05152220997
1.04692827739
1.06052012598
1.05067035158
1.04856191805
1.05151643214
1.04423793391
1.05470863675
1.0489202535
1.03403661449
1.04679619038
1.05399787754
1.05403006703
1.05198728682
1.04310628901
1.04180277378
1.04247278787
1.04592015376
1.06142155383
1.04599845551
1.03925417889
1.05033529044
1.05110920514
1.05420035285
1.05233000587
1.03236357212
1.05024559769
1.05630644955
1.06248740749
1.05037859284
1.05515686511
1.04757126525
1.04599638872
1.04901917252
1.05269224606
1.03745184298
1.05744959699
1.06490976083
1.04350737034
1.04478328345
1.04607267238
1.05502446208
1.04764221413
1.03651126789
1.04945978626
1.05581455794
1.04810529528
1.05810435819
1.05833843845
1.05183385638
1.04771338083
1.05206399704
1.05407525429
1.04304342441
1.05450405624
1.06336527619
1.05057331053
1.05112436385
1.0614551605
1.06078615945
1.05110648528
1.04122550167
1.04885329993
1.04834172902
1.05222580403
1.0502113656
1.04675841281
1.0525398485
1.05503935887
1.0492156844
1.04731249793
1.05798636981
1.05059009633
1.05801800982
1.05919849355
1.05010840061
1.05000949165
1.05569125189
1.04342202803
1.05890560606
1.05174250912
1.05977754247
1.04401897323
1.05406691528
1.04672461685
1.05231957424
1.04926731759
1.03510425974
1.04102933625
1.03467444348
1.04074999466
1.05177728522
1.05452241142
1.03109348301
1.04818752471
1.05329240583
1.04856728488
1.05431468731
1.06132652624
1.04734436867
1.0494750906
1.04879447301
1.05953134785
1.0421402503
1.05462644609
1.05724370889
1.05626857192
1.05892949038
1.05778245337
1.05077792241
1.04235003747
1.04860511138
1.04517682084
1.04938885428
1.05262693389
1.05859078781
1.05915231562
1.06319857606
1.0541472845
1.05095645263
1.04969759087
1.05854576641
1.0498330638
1.06463335853
1.05811782784
1.05550794453
1.04778997548
1.04781447565
1.05984927242
1.04487382508
1.06073205698
1.05306044911
1.04141791984
1.0466953774
1.03226028341
1.05518438758
1.05813925637
1.05095089562
1.05539393083
1.05044042549
1.0507910862
1.04643904311
1.05538881196
1.04854614212
1.03989782836
1.04503316377
1.05590140505
1.05029701055
1.06645305093
1.05641625591
1.04888293598
1.05444146012
1.04820845345
1.05242938809
1.06359280542
1.04407114268
1.05807613687
1.05270628662
1.04434578338
1.04616264027
1.04867770745
1.0537252717
1.04906599503
1.04723579306
1.05769952823
1.05578692376
1.0447279479
1.04460218076
1.0558753657
1.05570242973
1.05436898381
1.04687200788
1.05296612507
1.04692726608
1.04156471713
1.05317486412
1.05437476863
1.04340036679
1.05333348168
1.04973540879
1.0569705821
1.05436570866
1.0443188951
1.05476967641
1.05696647969
1.04641290592
1.04111857199
1.04358661402
1.05069115765
