9.98860707631
9.9181632962
10.0648129952
9.98511775062
10.02629659
10.0609595324
9.91943807917
10.029204325
10.1517221533
9.93235028092
10.0737509735
10.0395966246
9.88004237513
10.0136727619
10.0817523522
9.97675826814
10.0392039023
9.98621177928
9.90197624433
9.95269132449
10.0330303037
10.0362539271
10.0596537184
9.93622721058
10.0496046975
10.0681128522
10.0030009351
9.94395195948
10.0229382414
9.89076190561
9.98002288753
10.0081496273
9.97469532555
10.0353312281
10.1986410024
10.0393721983
10.0056215022
10.0512049247
9.99632595181
9.99645178434
10.1684465683
10.126457975
9.89843613642
10.0050295873
10.103586076
9.88505484843
9.87404585911
9.89555152497
10.0693160724
9.87415822123
9.84648640632
10.0916451763
10.0696924966
10.1515725082
9.99971648562
9.89793584917
10.1243308252
9.99675748005
9.94382882135
9.93865227725
10.006796445
10.0976914344
9.95416462772
10.0636924729
9.9975045938
9.89726108117
9.88228818253
9.9739305439
10.1279472733
10.0898480033
10.0398254685
9.85987289391
9.88435735803
10.016994188
10.0483519963
9.99449836101
9.91495032594
9.9546963298
10.0880665317
10.1390580184
10.0354990573
10.0224068501
9.97128505563
10.049490875
10.1897358599
9.97278295977
9.99053392407
9.93822706844
9.88079657005
10.0093377402
9.9717087969
10.0867640584
10.1979456294
9.92234119639
9.87344638482
10.0717637861
9.96773055472
10.0297682445
10.0528303847
10.0030946062
10.0521058122
9.90664568831
9.94521122968
9.9521205547
10.149273997
9.94853129155
10.1243874397
10.0758766651
10.0074180169
10.1047546124
9.99461683037
10.0071755854
10.0957607673
10.0773444406
9.87901271992
10.0676499776
10.0103648179
10.0740949437
9.97375522981
9.92993720813
10.06034066
10.0848415565
10.2274222507
9.94990652244
10.0084209962
10.0443021394
9.90017991975
10.1785574399
9.93565669402
9.97543288859
9.94039451992
9.98658453958
10.014618117
9.99380051039
10.1043788587
9.97488484957
10.0980601869
10.0364094062
10.1758266224
10.0743845021
10.1088801767
10.0596629608
10.0450757385
9.89592007887
10.0110085347
9.89048990836
10.0242863601
9.8860649574
10.0383040508
10.0803662689
9.91734451024
9.96725334176
10.0566814782
9.8776608421
9.94027063791
9.91580323938
9.9735993318
10.1524856854
10.0733224275
10.0907988381
10.0848557895
9.95125402828
9.98484328164
10.0646545045
9.9986438921
9.88447283227
9.90154033301
10.1494252461
9.90264719794
9.96544242289
9.84488903554
10.0256162263
10.080532059
9.92946806479
10.0764129666
9.98182287878
9.99672002968
9.99597336035
9.99993867042
9.98532843381
9.98356357853
10.0235900729
9.98141901083
9.97699938457
9.98329224841
10.0662167934
9.92657059347
10.1288294068
10.0336105781
9.91359942028
9.87504760591
9.93651639879
9.97446710317
9.99673469469
9.97386675717
10.1065222677
9.90756183961
10.0041566362
9.86133651825
10.0831614922
9.97368789518
10.1166780228
9.9435495682
9.96232476896
10.2308561695
9.98777425519
10.1140921194
9.94034117265
9.99736667941
10.027979847
10.0722560787
10.0049096665
10.1422955267
10.0361274224
10.150571732
9.94128064681
9.98665030347
10.131673571
9.90058184823
10.0815536705
9.95075700333
9.92936638851
10.0650171636
9.93047358547
9.84615119773
10.1098220213
9.95408026746
10.1487734541
10.028852959
9.98766165461
9.96790519627
9.99824592433
10.1035081262
10.0529513771
10.1270972462
10.0322334697
10.011569008
9.97525146507
9.97177646834
10.0998229379
10.0111266657
9.89259545514
10.0664647949
10.040218336
10.0315463875
10.0519704143
10.0461153743
10.0360164901
10.1232160069
9.89126079732
10.0374524458
10.1189845219
10.0801391581
9.98548936851
10.0690049721
9.94438312117
9.85279514859
9.98064245791
10.0403968992
9.9727055387
9.99624802936
9.86936637299
10.010084859
9.97411242098
10.1015344931
10.0750081655
10.0147836029
10.0824323982
10.1697318061
10.0032466295
9.8803592418
10.0455789578
9.92523782965
10.0437440314
10.0235640205
10.0281381159
9.8003211812
9.87114472972
10.0225591771
9.99436684853
9.96532045022
9.96794722322
10.0238200457
10.0611089203
9.99936995747
10.0604756973
9.90249688327
9.92008120684
10.1084551945
10.0656000293
10.0161239332
10.1438593226
9.93265689956
10.1100441512
9.98661922518
10.0905090513
9.96337049374
10.0074157604
9.99500145152
10.0040428375
10.2349037874
9.9519997978
10.1526553947
9.9415892915
9.96262390256
10.0734370901
10.1087273135
10.0106814917
9.91560579946
10.04001013
9.9360253244
10.0444218991
9.95137947305
10.0507464689
9.93176923283
9.90690143917
10.0826695812
10.1178418615
10.0481306478
10.0648110258
9.9553383481
9.97989894246
9.9266499882
9.96547960671
9.96466730232
9.93851418509
9.97098119047
9.92739544136
10.0591657766
10.0500334206
10.0727900706
10.0972757663
9.90771743754
10.0122613899
9.97426154001
10.1547406049
10.1212140354
9.84829365139
10.0385171426
10.0494572292
10.0702789712
9.9822652463
10.1314528297
9.96881064316
9.99258574654
9.93518528483
9.88765542425
10.0242270589
9.9510139349
9.98966864842
9.93700655387
9.86807924569
10.051237623
9.91238446724
9.96905420963
10.0060039431
10.0025811007
10.1916898546
10.0189918476
9.86125236964
10.0318298429
9.87459931909
9.95527128293
9.99811830124
9.89988736519
10.1688268454
10.0988528361
9.94783734641
9.94653043872
9.93592322948
9.93578810588
10.0067797229
10.2350699402
9.98144794751
10.0463885599
9.97225865459
10.0715949967
10.0866644073
9.92857948146
9.91825448859
9.87450743295
10.0335126837
10.0096902618
9.82692317063
9.89978367962
9.95787847395
10.061357434
9.95525404612
9.93445762216
10.0493876506
10.0088004575
10.0179682778
10.0137437111
9.95651812144
9.99954246102
9.97639947967
10.0217413123
9.91694042476
10.0594693202
9.91003963105
10.1894776223
10.0221289603
10.0818305465
10.0248492805
10.0548234638
10.1179290307
10.0215124002
10.0259470166
10.029168273
10.0264657327
10.1047176599
10.0763694366
9.93370602111
10.0564839234
10.0261055089
9.98554786497
10.1138491494
9.98492644584
10.0312308541
10.012682602
10.0490223098
10.1332262591
10.1233382721
10.0449855253
9.96997038697
10.1296272607
9.98889643373
10.0578887261
10.0366567923
9.9512086031
9.85768749264
9.97090863474
10.0721208451
10.0396992712
10.000830425
9.95563083694
10.1323105797
9.96200797537
10.0664916186
10.0303944271
9.99327379585
10.0592556227
10.1190255845
10.0390692768
10.0216240121
9.93866742111
10.0901556416
9.98301230082
9.98693026421
9.93367550424
10.0115671474
10.0223965157
9.9062636171
9.95655514437
9.98656063907
10.0557045432
9.90558689812
10.1517814566
9.88157333371
10.0846409852
9.95069780203
9.92585433687
10.0011687944
10.0262838769
9.93588325552
10.1330814919
9.93486129846
9.99311996765
10.1131545499
10.1602654319
10.0431745599
10.0236957055
9.91364397421
10.0019256197
9.94477278116
9.99547587394
9.89590053599
9.88490240908
10.0235802985
10.0866428034
10.0016389156
9.98904817135
10.1373273489
9.90399199608
9.99877657774
9.91406556824
10.0461013603
10.0507840059
10.0564111651
9.87607786327
10.0309522664
10.0272890251
10.021793014
9.94983755752
9.95572369417
9.96986821385
10.047174068
10.0156317612
10.0667420828
10.099215412
10.0054497828
9.39079553735
9.4647697764
9.41836256042
9.61490744014
9.49460832691
9.51575451029
9.51861777882
9.52136004719
9.48810262481
9.50442515818
9.48615953618
9.42789454246
9.46889703858
9.57653041119
9.51316082668
9.52528771391
9.52974126132
9.44311296642
9.3904247498
9.47964151004
9.43879971583
9.59952121452
9.52221292525
9.47056250718
9.45034029723
9.43300889995
9.31511386856
9.56246647901
9.44004598104
9.45180757097
9.54791354311
9.5474833886
9.41571651793
9.57705968599
9.43138661911
9.45021485221
9.52939606908
9.5272481189
9.46446105216
9.47708306238
9.4056506193
9.48442794663
9.48083250522
9.45396930543
9.57483254503
9.43764719899
9.41748607148
9.46284213779
9.35740614797
9.519902073
9.4020173856
9.44688496917
9.47022387527
9.46133936542
9.54835396661
9.44162498981
9.39493789909
9.4286194924
9.47950992968
9.5510146938
9.40328730613
9.56883647056
9.45777970299
9.447560189
9.47053547387
9.40443093893
9.46948668196
9.46956915867
9.47945951882
9.49148718846
9.50249432136
9.52179974884
9.35326287746
9.47247303775
9.51314134542
9.36575336224
9.44419990287
9.4851079372
9.51594052241
9.49081819634
9.44960055045
9.54601230196
9.46780868489
9.44441083295
9.42975903651
9.41465555888
9.54172245092
9.35789517868
9.43993339947
9.55830249787
9.45887875723
9.50576302712
9.4756487557
9.49089719821
9.51017414964
9.3313193152
9.4778720779
9.35831858883
9.48470365556
9.34125135322
9.3911581207
9.48759365716
9.36680687138
9.41208931839
9.56945088411
9.53731564336
9.55315161792
9.46883407409
9.54359744405
9.55741276062
9.45111371037
9.60742539945
9.51934398016
9.39101181814
9.47477069795
9.47158905133
9.61119066679
9.57862901275
9.54695913447
9.45953022934
9.52027459598
9.40975525415
9.4133652167
9.4421210611
9.40766538387
9.54466855377
9.52204718517
9.44709978284
9.32634079121
9.38826256511
9.35646330202
9.49351134468
9.43419056907
9.5383644374
9.46234230325
9.49064598903
9.38957892715
9.58475303832
9.47508083878
9.52388790189
9.37171836143
9.53927075381
9.51620412189
9.50644360271
9.30171149642
9.45975990247
9.65815702855
9.46885066045
9.48299569691
9.3952003572
9.41166530981
9.44848197494
9.43718217826
9.56408324029
9.45134472168
9.38664720165
9.42994279106
9.48219794389
9.40501068736
9.48814703225
9.45336431113
9.44921533675
9.37924596202
9.39621553562
9.56977684782
9.59746057045
9.45341128879
9.51380138471
9.46129069155
9.42020724909
9.46601451835
9.62586821228
9.4959452367
9.59165016075
9.46809106809
9.51850459339
9.46449984241
9.41367905532
9.52340452144
9.56970904536
9.46742203244
9.52481684195
9.45572024858
9.39487611488
9.66497596146
9.44682228377
9.44342872315
9.47498114688
9.4583670005
9.31918985649
9.46697337316
9.45927706849
9.53789103991
9.50251259718
9.62603505213
9.38121294389
9.46413893937
9.36971759646
9.42201565881
9.50395175915
9.44989373266
9.48797659082
9.35414101779
9.59295473681
9.43992768834
9.57390318923
9.40963140521
9.44806282046
9.45764969673
9.47189185731
9.53964207357
9.39199738782
9.42562483654
9.42703449901
9.56285177493
9.54208391604
9.34126638367
9.47137111201
9.59357964903
9.56837262719
9.4784141845
9.36418983336
9.42729733226
9.50609327485
9.37858572019
9.43476270867
9.47729340578
9.56234435582
9.46261525369
9.43426062713
9.52174003887
9.46113600037
9.42840470656
9.41618966066
9.50401344106
9.55754367797
9.58687506739
9.38952216138
9.40646620672
9.56795649411
9.50519507108
9.41529798236
9.49592211226
9.39309152857
9.49343765664
9.32344112738
9.49262668777
9.45662761777
9.42045686762
9.44377653106
9.51658207722
9.48258683858
9.49749647292
9.43504812727
9.56235734683
9.5227245954
9.47228384604
9.34584146602
9.43302638134
9.37470044443
9.32766239194
9.40670532468
9.51787915795
9.58045957491
9.48319007584
9.42298137227
9.42716563224
9.49510951993
9.47757056618
9.51360113706
9.53112487926
9.26326878367
9.3593544533
9.4092220053
9.68120989229
9.50865308324
9.42128386022
9.40325479555
9.60842416542
9.4580846688
9.42951238127
9.46467727304
9.51244254266
9.43857988748
9.44902494126
9.42481136685
9.39346697012
9.46661458065
9.40172109629
9.40493339023
9.45778957965
9.53495036456
9.68219746036
9.46258835097
9.48822722684
9.53055081956
9.42920920358
9.40415798246
9.47332110242
9.48559808208
9.49811684034
9.48771447507
9.47631916555
9.49034995929
9.44706251736
9.57861121616
9.32812986971
9.42286584896
9.49879141158
9.50113251098
9.60508066258
9.50841278905
9.42367991559
9.47002371129
9.46502916957
9.42929300138
9.41034415568
9.35627579919
9.48901490401
9.4366940924
9.52037609782
9.27337783988
9.45809317234
9.53789877619
9.3193202336
9.53231091179
9.41382237037
9.47329333571
9.54790417287
9.46131388902
9.51727931332
9.38637380543
9.4099865138
9.43306550837
9.53659747105
9.56064511987
9.56743803078
9.54468577988
9.3975424855
9.57450082577
9.4963676097
9.56114652348
9.48603004172
9.44479040826
9.44508880103
9.60191257202
9.56770245068
9.47259165746
9.40864052758
9.44406428902
9.50529847022
9.51742275648
9.39119952672
9.52551892741
9.4798645351
9.31619231568
9.46406855376
9.4058594469
9.44295286518
9.51710625678
9.47934565657
9.42436713663
9.48320658287
9.59493962317
9.43114512563
9.51480930554
9.4355316498
9.44969261097
9.43843493671
9.37800685026
9.50741971175
9.50174457537
9.46852290394
9.53336650675
9.38592949653
9.49815252583
9.52761219923
9.52058743686
9.5501074514
9.43416401519
9.35360881357
9.52575758223
9.59562958787
9.37979377158
9.57457041078
9.60077674562
9.30476054868
9.51228116647
9.48946275389
9.54676793241
9.42886622364
9.50127971616
9.42013093969
9.50900371065
9.55746891335
9.40779879109
9.45672221446
9.39464696824
9.45338064547
9.3475153748
9.47077919547
9.6090755408
9.50783222904
9.46897907361
9.59043303625
9.51434271171
9.50858670214
9.41254359766
9.48551378074
9.54452584177
9.44324907825
9.37496438778
9.40422203439
9.4202068796
9.53974090555
9.45912981652
9.40541948804
9.43808266229
9.50884064848
9.57754770147
9.48421802414
9.49483891603
9.52566111302
9.50728232057
9.45463330702
9.39020082177
9.45080107034
9.3713578438
9.36864415825
9.423392605
9.53393532121
9.46786493881
9.40296499445
9.38204174998
9.48583660086
9.44995731819
9.53219070647
9.44831663962
9.38009305389
9.55297228778
9.51399016886
9.47617497519
9.48604549522
9.5619557134
9.46534851424
9.47260879355
9.4278923162
9.5251984237
9.44675407301
9.44823452682
9.52206863428
9.45438150137
9.50841620039
9.40720553553
9.47816773609
9.44363172665
9.40122620491
9.39761025874
9.30287330272
9.32919352347
9.49981444813
9.56399535207
9.42599632013
9.55222463665
9.49317656372
9.46103653178
9.46694481295
9.45386248124
9.47463607824
9.45080421288
9.48251019672
9.36426295167
9.40094184304
9.34133972247
9.46832040819
9.52214876515
9.43570448539
9.54306721657
9.4481705917
9.59973698168
9.44949785562
9.34277794316
9.42255642129
9.48288183446
9.48982526118
9.51140990029
9.50048732587
9.39157228658
9.46187270914
9.54405410939
9.54086157914
9.35744016162
9.42775369299
9.5249310796
9.387184157
9.32916276155
9.41010112883
9.46535535787
9.67478685269
9.40961158065
9.47116654748
8.51336417019
8.48795098615
8.48331421922
8.54161299323
8.35808594479
8.5373611417
8.62253500179
8.50117212679
8.46335174347
8.46246420551
8.49854870199
8.55560331224
8.4424440144
8.48312050003
8.52750460047
8.5318333421
8.44158708945
8.52152240821
8.50644261953
8.520013704
8.55083849169
8.57908023381
8.55174890298
8.55717475505
8.58733882126
8.55182286516
8.52515855144
8.55083762778
8.53246138981
8.48941691316
8.55930661072
8.52671051781
8.42274231836
8.49677460351
8.47138440012
8.53120149832
8.52225705215
8.52064669232
8.49876599535
8.51237258794
8.57708001927
8.49177239977
8.53717331997
8.46757972055
8.48759204256
8.52775365825
8.53464452426
8.60785797268
8.57058046549
8.43758303682
8.49885893382
8.49936574828
8.52934675597
8.50438651722
8.56833363691
8.50824508562
8.40835582875
8.46745896308
8.55741035402
8.46875392367
8.5238906517
8.45437269214
8.59560300563
8.49340772575
8.49752750116
8.44719769222
8.51755128031
8.44042603189
8.43491240033
8.57125954939
8.58006627435
8.55095081222
8.49207536585
8.54485647697
8.44612381216
8.5435312672
8.5823098091
8.47090270017
8.6251803034
8.54454040815
8.5796055622
8.55639666046
8.62639435427
8.49090935532
8.57405941474
8.40549372212
8.52104645336
8.48038198593
8.44028842925
8.49521620382
8.48031893001
8.5412793819
8.52575514324
8.54024795612
8.46676791442
8.56153507814
8.5125341266
8.39242122204
8.47563191346
8.50837624338
8.49669293868
8.53371283225
8.55082436804
8.44074700422
8.50652975594
8.51584754942
8.48922865501
8.52574149324
8.47679708632
8.52119014076
8.56259889114
8.59922534783
8.48702361326
8.44488705778
8.50982858961
8.55287044941
8.42588946791
8.46507807422
8.592828998
8.44241682364
8.52972457193
8.40720692513
8.54515226818
8.58296652827
8.44389323132
8.51623464509
8.43713187666
8.46952937295
8.4663746684
8.54291335047
8.4297264158
8.49083223528
8.59401017563
8.41423113347
8.44759912964
8.49659068403
8.46187036577
8.48490810187
8.53320584195
8.51111763336
8.55909247231
8.45741089991
8.57107951824
8.55098045615
8.42404058095
8.47240633742
8.52922655528
8.45472839492
8.33012419611
8.45941172564
8.5723173199
8.4504541719
8.54583165601
8.43009703172
8.48984584658
8.41224423187
8.5514337034
8.57645715345
8.3944524603
8.53145195694
8.53056128005
8.47696292699
8.47129074161
8.42458370995
8.49516825145
8.54314486244
8.45529431462
8.54343540187
8.61900565918
8.56131012584
8.50934517659
8.481201478
8.44244592839
8.56643269046
8.46604739939
8.51187669787
8.63554563553
8.47353142966
8.43395112514
8.53855625929
8.46077676969
8.56115841379
8.50628144425
8.56012631849
8.5262882844
8.51570553136
8.51107758156
8.47511457645
8.58538502727
8.44589483825
8.48004504128
8.51962764122
8.56206584612
8.46747973513
8.45487983505
8.5178483788
8.50757007447
8.62799590471
8.52556804563
8.46850682812
8.52733192012
8.55328704618
8.59183754032
8.46795115206
8.46728487862
8.61649599167
8.52154559211
8.53255657401
8.4352881533
8.46085524583
8.50745627907
8.61805459114
8.47110206925
8.47131881405
8.56575692498
8.52261412227
8.50751169638
8.60008880021
8.58777780016
8.47033331676
8.44113167424
8.48073189717
8.53364956489
8.60210701611
8.48784687807
8.53070112563
8.56908541161
8.56716532107
8.50617085098
8.45822447761
8.47013997665
8.49995725105
8.57762890055
8.48257031297
8.52399010633
8.53695380658
8.44026562633
8.4782921918
8.62351785093
8.50084025607
8.50235194132
8.53132057742
8.49099462395
8.55821073579
8.57825625134
8.47631627573
8.53562948489
8.56427883448
8.55287236063
8.42746172456
8.53587908174
8.44472715395
8.49308726324
8.56757373194
8.52893976057
8.4875332523
8.47312739497
8.50351980247
8.42764074095
8.48135806294
8.54304262881
8.5243131319
8.52622883583
8.53172617293
8.48257866587
8.51750791873
8.4754751593
8.5202710515
8.50999046734
8.54469437157
8.5592056493
8.49623396245
8.56475102272
8.47054879981
8.54625926853
8.45156870442
8.59243217364
8.58654297607
8.49991069024
8.42005302331
8.48833325205
8.38116942185
8.45506786813
8.56463114528
8.49576150241
8.42964719699
8.58222424229
8.51701371048
8.54440195138
8.48192354415
8.47077764009
8.5540771315
8.57645838299
8.53264283789
8.5189163085
8.53745944092
8.50607516902
8.49424226079
8.44912037517
8.50776209401
8.49759012121
8.53441057409
8.45888559218
8.51729488252
8.51436058316
8.52227828864
8.51063471871
8.45612330303
8.51804634503
8.50366034833
8.52245592976
8.5675165432
8.51286288723
8.47735394716
8.58781802289
8.49255412157
8.45995194223
8.48056841643
8.46773118126
8.50337033791
8.48360434172
8.38598319753
8.45556510132
8.5435919282
8.52577587735
8.52332589634
8.45954911847
8.44578185872
8.43342314662
8.52081544903
8.57842053659
8.46315183425
8.43039379169
8.52272043028
8.54692553986
8.55716556379
8.50376021836
8.3945662924
8.49484316759
8.52802016932
8.57978321101
8.51486744268
8.47795657612
8.49762246172
8.48059530166
8.48562537639
8.50176690621
8.40279044622
8.53160776289
8.57521324681
8.42798710601
8.44918428797
8.47567437465
8.55412076913
8.49837099204
8.40930085733
8.53013250778
8.56653291349
8.50412226833
8.53417927108
8.52344792011
8.54220389728
8.4828115497
8.56237181229
8.54412167489
8.46835737987
8.52244807987
8.60204725057
8.52216052054
8.50388725451
8.59794967132
8.55219845465
8.4810247104
8.42870925958
8.47822749577
8.52761379123
8.50241459537
8.5177148062
8.48154757477
8.53259410334
8.52428057165
8.52337290664
8.49052088051
8.56496199152
8.51988358427
8.56579205582
8.57885215379
8.52148261448
8.53426814722
8.54705531259
8.49113252634
8.60430041349
8.52793846282
8.59319261521
8.44096105373
8.53386264694
8.47555540983
8.51308093281
8.49060371221
8.34426812356
8.45802066077
8.47213595519
8.46022025963
8.51369821067
8.57515437212
8.37971087094
8.50139798441
8.53330500733
8.48840989291
8.49455702721
8.56226284071
8.4487225712
8.53626061523
8.49038702991
8.59030874508
8.44764320553
8.50759664175
8.56572012849
8.51727264881
8.54160434825
8.56640371426
8.48923726344
8.43015465258
8.45579808374
8.46027099908
8.49554264755
8.52194902247
8.55841478339
8.56578002717
8.62415345805
8.50766460574
8.53219211789
8.48876387168
8.52641963889
8.49914561707
8.60788051951
8.56550873925
8.57817543067
8.4609618653
8.48691426156
8.57272029414
8.43444697112
8.59521135965
8.49760954249
8.46813677019
8.45599746953
8.37368748136
8.55194466668
8.57860063211
8.51906130681
8.53937874516
8.50899776549
8.54172639197
8.48482923234
8.54775643501
8.49739406375
8.45418679005
8.45178645759
8.50491461465
8.49306901982
8.63041206697
8.54614253126
8.53213034569
8.53427713376
8.52039157761
8.53169194639
8.57133112414
8.46629292761
8.57997871654
8.53720164556
8.50371006022
8.43872583265
8.46445526334
8.54603094253
8.5269522443
8.45506506547
8.54036534781
8.52712829176
8.44779201218
8.49037609513
8.52734089028
8.55487818829
8.53032818227
8.48993149153
8.51202149026
8.48975178415
8.4350969203
8.53536712182
8.54233468264
8.43433719983
8.53481358089
8.49769981459
8.57832369062
8.56509830976
8.51514929002
8.53233798683
8.60057447603
8.46805081392
8.43990067928
8.41997824309
8.50820205204
