7.64676311622e-01
7.63953387148e-01
7.71905531691e-01
7.70098125439e-01
7.61829722337e-01
7.66678033120e-01
7.69901816266e-01
7.67902122099e-01
7.66791279517e-01
7.64581104387e-01
7.66310816388e-01
7.67648525787e-01
7.60340432836e-01
7.64827252057e-01
7.62163951974e-01
7.68098770282e-01
7.66088140572e-01
7.67588824189e-01
7.60972157880e-01
7.67629975101e-01
7.59988615590e-01
7.68907584743e-01
7.60992624510e-01
7.67187188900e-01
7.67932021806e-01
7.66190980211e-01
7.75356334143e-01
7.75325152938e-01
7.65689553858e-01
7.67883164414e-01
7.62108563295e-01
7.62738137301e-01
7.63653496695e-01
7.69571861824e-01
7.73350868985e-01
7.63408345454e-01
7.65820338900e-01
7.73659507676e-01
7.65002722414e-01
7.65312003275e-01
7.72098136093e-01
7.69289565438e-01
7.63204332956e-01
7.64145638992e-01
7.81511560568e-01
7.68467056415e-01
7.63495519596e-01
7.59387816908e-01
7.63449666120e-01
7.62760008712e-01
7.65112839687e-01
7.60786995933e-01
7.68080169286e-01
7.67545020315e-01
7.70963324752e-01
7.66762639578e-01
7.65178093890e-01
7.70015987695e-01
7.66503831249e-01
7.66106233943e-01
7.67373565686e-01
7.62494669740e-01
7.64020313453e-01
7.73976404556e-01
7.72845797892e-01
7.57398294750e-01
7.60382443016e-01
7.66912571167e-01
7.62670169286e-01
7.68029043637e-01
7.73051599752e-01
7.64103202314e-01
7.65614956515e-01
7.67933357680e-01
7.71035529731e-01
7.71868486618e-01
7.69333379051e-01
7.62088678327e-01
7.64593768349e-01
7.60077086309e-01
7.67298445606e-01
7.75315889247e-01
7.70759414086e-01
7.64724837743e-01
7.67405901117e-01
7.64994531906e-01
7.63690196070e-01
7.71971579416e-01
7.65522592447e-01
7.66999760173e-01
7.69855322194e-01
7.63857200188e-01
7.70699228004e-01
7.69419416086e-01
7.72621290343e-01
7.74969152137e-01
7.74687780488e-01
7.68349005344e-01
7.67071459736e-01
7.60599705954e-01
7.61265573424e-01
7.60245435480e-01
7.64654329460e-01
7.76047980922e-01
7.68482342320e-01
7.67964548599e-01
7.65819604540e-01
7.63060322177e-01
7.72164153669e-01
7.68741878048e-01
7.65467344574e-01
7.68403725644e-01
7.78802366071e-01
7.64012002208e-01
7.67945337087e-01
7.67647990453e-01
7.61370100832e-01
7.61850313620e-01
7.72031733250e-01
7.60592150929e-01
7.62930195570e-01
7.72656384089e-01
7.72053664024e-01
7.78246184529e-01
7.67087162564e-01
7.69120044370e-01
7.67181232873e-01
7.66488562293e-01
7.63021314275e-01
7.69182725191e-01
7.65607750367e-01
7.70863951866e-01
7.60594576408e-01
7.63269706515e-01
7.61581571958e-01
7.65302102133e-01
7.77917701655e-01
7.67536573933e-01
7.69167126186e-01
7.79701221114e-01
7.59217774892e-01
7.62130421441e-01
7.63348001301e-01
7.77705937930e-01
7.63444492014e-01
7.61984681953e-01
7.73996813713e-01
7.65712962314e-01
7.70760204122e-01
7.69234520368e-01
7.67008817958e-01
7.59662221348e-01
7.65228968323e-01
7.65951493739e-01
7.64756838487e-01
7.69206510400e-01
7.67877421163e-01
7.59390323750e-01
7.68627195403e-01
7.70264821282e-01
7.61510436601e-01
7.66233438098e-01
7.61257641650e-01
7.68338364498e-01
7.63807159613e-01
7.74164336138e-01
7.63610496825e-01
7.66642410534e-01
7.64752033166e-01
7.71863106032e-01
7.68047403270e-01
7.66665870448e-01
7.66481793373e-01
7.67001857569e-01
7.70089323396e-01
7.67535718375e-01
7.67760437490e-01
7.71973640010e-01
7.68239264375e-01
7.57724186175e-01
7.64873555095e-01
7.64555570857e-01
7.65900984754e-01
7.61193856942e-01
7.63875731121e-01
7.62866639897e-01
7.59941694516e-01
7.74676888549e-01
7.62454469074e-01
7.61588328710e-01
7.66128962418e-01
7.60066203239e-01
7.64896807902e-01
7.64480241267e-01
7.64239815938e-01
7.62063930409e-01
7.67667555765e-01
7.63703671948e-01
7.66212197135e-01
7.61409959570e-01
7.72113351966e-01
7.67685204941e-01
7.69498530323e-01
7.67105810621e-01
7.65028572325e-01
7.85000041891e-01
7.63999936507e-01
7.60752663409e-01
7.70743904641e-01
7.71029688509e-01
7.76967244303e-01
7.69804040268e-01
7.64205152572e-01
7.63179762995e-01
7.64440396737e-01
7.73823777372e-01
7.70184847298e-01
7.56084160620e-01
7.65942167727e-01
7.61906809578e-01
7.60758687863e-01
7.67734834504e-01
7.65192922582e-01
7.66246638024e-01
7.73227230501e-01
7.60544007543e-01
7.63002090713e-01
7.58633029050e-01
7.71912196604e-01
7.68912572743e-01
7.76350663920e-01
7.62951776132e-01
7.71162851658e-01
7.58964388580e-01
7.68945464190e-01
7.58491002385e-01
7.62601926700e-01
7.66179030733e-01
7.72961715585e-01
7.75323767334e-01
7.65763238623e-01
7.73757976256e-01
7.71398289333e-01
7.68939250364e-01
7.77420859163e-01
7.74128638484e-01
7.69092686789e-01
7.59288218070e-01
7.78345298856e-01
7.70376105043e-01
7.69221016260e-01
7.59610205025e-01
7.61300842943e-01
7.60055212381e-01
7.63650014038e-01
7.66307324291e-01
7.74699409987e-01
7.67924081789e-01
7.57759091678e-01
7.63656177721e-01
7.57226542845e-01
7.75353245653e-01
7.73409528908e-01
7.79590005644e-01
7.61370706895e-01
7.62526631034e-01
7.71956470138e-01
7.66706524781e-01
7.60056008817e-01
7.58762527190e-01
7.64636044425e-01
7.65224524288e-01
7.70701482582e-01
7.69325498084e-01
7.60069283483e-01
7.73091302928e-01
7.61279296338e-01
7.66339018523e-01
7.72279821683e-01
7.66340524245e-01
7.70165644332e-01
7.72953157832e-01
7.62727726467e-01
7.57341683769e-01
7.63491727230e-01
7.64351960411e-01
7.65808911295e-01
7.66757603801e-01
7.63628426710e-01
7.68206554135e-01
7.71975182290e-01
7.63937757746e-01
7.74506483750e-01
7.72982250595e-01
7.60730542888e-01
7.72894107400e-01
7.65334804986e-01
7.66497158096e-01
7.63109191611e-01
7.63935976026e-01
7.64975379116e-01
7.71127568473e-01
7.61565510772e-01
7.66295557597e-01
7.62539571816e-01
7.68948329545e-01
7.66273595537e-01
7.59326086273e-01
7.74005891570e-01
7.68626118028e-01
7.71347298723e-01
7.58835246680e-01
7.66720671129e-01
7.70228866981e-01
7.59481190450e-01
7.55797952149e-01
7.60689196695e-01
7.64128346863e-01
7.67593056349e-01
7.71007723680e-01
7.66161627290e-01
7.65542640355e-01
7.58496764012e-01
7.71223335600e-01
7.66746880323e-01
7.68964682814e-01
7.68941956881e-01
7.68656877492e-01
7.63598330591e-01
7.71957525748e-01
7.64117817905e-01
7.70371114241e-01
7.69853990944e-01
7.66476528777e-01
7.67440420456e-01
7.64610297323e-01
7.62864522884e-01
7.66219439645e-01
7.67102727217e-01
7.67991467237e-01
7.62120904240e-01
7.68908453997e-01
7.64857649387e-01
7.58883020052e-01
7.58687783235e-01
7.64901188006e-01
7.72357156298e-01
7.76747222719e-01
7.64810182996e-01
7.74175530666e-01
7.60522055205e-01
7.74185657156e-01
7.75073140275e-01
7.70928036993e-01
7.68254807344e-01
7.68213829281e-01
7.64102730156e-01
7.64892300202e-01
7.70738551660e-01
7.74046709114e-01
7.61521737376e-01
7.70974743852e-01
7.72228264833e-01
7.67202295671e-01
7.58934398134e-01
7.69280029921e-01
7.65864586070e-01
7.67697114628e-01
7.68666198724e-01
7.67587490869e-01
7.65987656834e-01
7.65854466095e-01
7.63079775813e-01
7.63181773694e-01
7.70548026317e-01
7.71593434611e-01
7.71878995015e-01
7.65287538694e-01
7.67036238428e-01
7.63136084046e-01
7.75784177334e-01
7.60498499793e-01
7.72408748833e-01
7.70554217414e-01
7.71868376654e-01
7.74948098173e-01
7.68627273625e-01
7.63217803240e-01
7.74490654461e-01
7.68286264559e-01
7.71914001221e-01
7.68866499341e-01
7.73170518428e-01
7.72144928811e-01
7.67181839299e-01
7.65390069818e-01
7.66154096803e-01
7.69552683587e-01
7.57908690253e-01
7.62966975731e-01
7.73299625117e-01
7.72985043027e-01
7.66836228526e-01
7.82916650779e-01
7.63598411966e-01
7.66285768793e-01
7.56046377028e-01
7.68426196149e-01
7.66492523987e-01
7.69474610591e-01
7.65632014334e-01
7.65162632881e-01
7.62347134856e-01
7.64860861774e-01
7.64890184782e-01
7.62608624479e-01
7.73856055247e-01
7.63564049546e-01
7.57966053125e-01
7.67277368125e-01
7.64126262717e-01
7.70914783238e-01
7.66089786913e-01
7.67673801958e-01
7.65618757154e-01
7.70493558088e-01
7.65668259986e-01
7.65278008255e-01
7.77160949079e-01
7.77868572991e-01
7.66921588166e-01
7.62635498231e-01
7.67995307769e-01
7.71257374459e-01
7.63049839755e-01
7.66046946869e-01
7.59744953532e-01
7.71636433742e-01
7.65410500549e-01
7.62357622774e-01
7.67674963323e-01
7.71265701107e-01
7.73508771044e-01
7.64000229624e-01
7.70746592177e-01
7.74156908853e-01
7.60583027044e-01
7.67106065313e-01
7.69660966170e-01
7.71058434753e-01
7.73221675252e-01
7.71692395370e-01
7.64119000545e-01
7.67294739298e-01
7.69260979664e-01
7.70980223688e-01
7.64210257626e-01
7.72029003191e-01
7.72653833227e-01
7.66513720234e-01
7.57698039458e-01
7.73703079024e-01
7.63900347536e-01
7.65816009182e-01
7.66245881134e-01
7.62780167026e-01
7.67849543992e-01
7.72025518768e-01
7.68140142182e-01
7.64886415958e-01
7.69509035392e-01
7.65143025128e-01
7.68179944483e-01
7.74658910961e-01
7.63517448762e-01
7.69761701098e-01
7.67471184956e-01
7.68597743963e-01
7.73626461289e-01
7.69638359256e-01
7.72170913464e-01
7.68565040846e-01
7.62571030039e-01
7.68967816122e-01
7.62238492073e-01
7.67607294765e-01
7.71798889676e-01
7.71258321360e-01
7.70639410686e-01
7.70458929345e-01
7.73059657822e-01
7.54329174247e-01
7.58610578932e-01
7.68744622456e-01
7.63494359981e-01
7.67129104571e-01
7.59690069990e-01
7.69155825229e-01
7.59839519515e-01
7.59636005131e-01
7.67433715377e-01