3.04179246393e+00
3.04246734033e+00
3.04730925246e+00
3.04218029385e+00
3.04514120991e+00
3.04290156052e+00
3.04318587706e+00
3.03767148000e+00
3.04105889908e+00
3.04289982367e+00
3.03549550660e+00
3.04359637981e+00
3.04719440944e+00
3.03483615469e+00
3.03427633012e+00
3.04012550239e+00
3.04581132538e+00
3.04071901109e+00
3.04311110326e+00
3.04238550677e+00
3.03098089946e+00
3.04209485815e+00
3.03745893918e+00
3.04564642605e+00
3.04701835511e+00
3.04721973961e+00
3.04114855719e+00
3.04086739132e+00
3.03596742353e+00
3.03690182678e+00
3.04481152993e+00
3.04362450346e+00
3.03987027613e+00
3.04739387286e+00
3.04562767833e+00
3.04141242819e+00
3.04760219770e+00
3.04025201570e+00
3.03947171535e+00
3.04096952189e+00
3.04256197897e+00
3.04161920047e+00
3.03991000208e+00
3.04518804690e+00
3.05213604028e+00
3.04101350564e+00
3.04239797722e+00
3.03686465030e+00
3.04181830331e+00
3.03962990776e+00
3.04383280219e+00
3.03616185121e+00
3.04756331755e+00
3.03894022211e+00
3.03684693663e+00
3.04180946643e+00
3.03976438298e+00
3.04050227525e+00
3.04226254855e+00
3.03870947337e+00
3.03982898398e+00
3.04059156907e+00
3.04980069802e+00
3.04755297506e+00
3.04482238002e+00
3.04219441488e+00
3.04004246259e+00
3.03874770088e+00
3.03713363303e+00
3.05143145560e+00
3.04016252605e+00
3.04148740581e+00
3.04685879730e+00
3.04244604847e+00
3.04397483750e+00
3.03772334336e+00
3.04611776116e+00
3.04506785366e+00
3.03953964707e+00
3.03937133598e+00
3.05026283530e+00
3.04635191103e+00
3.04023177441e+00
3.03975690965e+00
3.04423326950e+00
3.04726924009e+00
3.04702479768e+00
3.04592373621e+00
3.04387851188e+00
3.04160107176e+00
3.03917282744e+00
3.04436151208e+00
3.04400472343e+00
3.04184056011e+00
3.04760665782e+00
3.04195883640e+00
3.04853538637e+00
3.04447443508e+00
3.04426081007e+00
3.03651167983e+00
3.03484053534e+00
3.03598337421e+00
3.04489691693e+00
3.04327291167e+00
3.03971083701e+00
3.04791537983e+00
3.04637712000e+00
3.04248826965e+00
3.03900766924e+00
3.04296662698e+00
3.04053045106e+00
3.05182897580e+00
3.04897465102e+00
3.03921441280e+00
3.04569574196e+00
3.03856351472e+00
3.04421884366e+00
3.03834322604e+00
3.04090186179e+00
3.04100861746e+00
3.03825889316e+00
3.03526075808e+00
3.04528752108e+00
3.04343028523e+00
3.03992431142e+00
3.03836951302e+00
3.03859232275e+00
3.04418996984e+00
3.04139637392e+00
3.04885223281e+00
3.04095182681e+00
3.03729480397e+00
3.04645416188e+00
3.04830449545e+00
3.04478151907e+00
3.04859936037e+00
3.05027204256e+00
3.04062602211e+00
3.04515955398e+00
3.03817531899e+00
3.03605353278e+00
3.03846915473e+00
3.04080624107e+00
3.04210685448e+00
3.03758714542e+00
3.03907541267e+00
3.04681474693e+00
3.03977599207e+00
3.03816861320e+00
3.03170714645e+00
3.04241494277e+00
3.03703680419e+00
3.04335575884e+00
3.03827459254e+00
3.04280209425e+00
3.04499243311e+00
3.04066420862e+00
3.03159612405e+00
3.04168037355e+00
3.04119610167e+00
3.03733814571e+00
3.04056591363e+00
3.03377538940e+00
3.03604566369e+00
3.03091226516e+00
3.05091860936e+00
3.04039160588e+00
3.04194672093e+00
3.04260890949e+00
3.04466547694e+00
3.04877582224e+00
3.04259049413e+00
3.04169062739e+00
3.04165344161e+00
3.04081030823e+00
3.04639558728e+00
3.04477781075e+00
3.03982850833e+00
3.04588519349e+00
3.04095240448e+00
3.04890940727e+00
3.04645723545e+00
3.03850608527e+00
3.03634438111e+00
3.04123811608e+00
3.04460257594e+00
3.04281972803e+00
3.03418871191e+00
3.04480974857e+00
3.04891939806e+00
3.04541730587e+00
3.03193008868e+00
3.03757470855e+00
3.04238418566e+00
3.04562405878e+00
3.03639115448e+00
3.04169780105e+00
3.04763902781e+00
3.03905630082e+00
3.03643004574e+00
3.04365555410e+00
3.04370946526e+00
3.04803114338e+00
3.04040098777e+00
3.04063350745e+00
3.03772000571e+00
3.03361409499e+00
3.04540641288e+00
3.03796376390e+00
3.04004418094e+00
3.03785696583e+00
3.04364816464e+00
3.04335665733e+00
3.04165281916e+00
3.04497280775e+00
3.04559957588e+00
3.04243656228e+00
3.03206342768e+00
3.03830156160e+00
3.04171390560e+00
3.03557588592e+00
3.04341900534e+00
3.04583308741e+00
3.04839585825e+00
3.04632178450e+00
3.04382236764e+00
3.04763996440e+00
3.03452336363e+00
3.04092464566e+00
3.04482751608e+00
3.04535965806e+00
3.04529940338e+00
3.04290000670e+00
3.03759154958e+00
3.03874579145e+00
3.03778793055e+00
3.03337449803e+00
3.04327365951e+00
3.04953699130e+00
3.04951280765e+00
3.04396109241e+00
3.04412136778e+00
3.04849372662e+00
3.03627852968e+00
3.04082312711e+00
3.04882758665e+00
3.04279642652e+00
3.04252362825e+00
3.04412160933e+00
3.04294171387e+00
3.05011165279e+00
3.03560952839e+00
3.04656696188e+00
3.03857664420e+00
3.04183518389e+00
3.03707560249e+00
3.04027477887e+00
3.05031731391e+00
3.04365535709e+00
3.04481212782e+00
3.03833708047e+00
3.04362821639e+00
3.04657618065e+00
3.04322497789e+00
3.03850373711e+00
3.04077043289e+00
3.03792158788e+00
3.05070706350e+00
3.03172379311e+00
3.04250503358e+00
3.04296244641e+00
3.04724735577e+00
3.04312289430e+00
3.04921663494e+00
3.04474292919e+00
3.04362206105e+00
3.04177753593e+00
3.03867243688e+00
3.04196630310e+00
3.03597028104e+00
3.04248746713e+00
3.04183120112e+00
3.03999621782e+00
3.04080369098e+00
3.04314663297e+00
3.04733063265e+00
3.04092962962e+00
3.04432512751e+00
3.04633025508e+00
3.04153755699e+00
3.04452796799e+00
3.03977645409e+00
3.04238671265e+00
3.04429089087e+00
3.03604616654e+00
3.04335345858e+00
3.03736296880e+00
3.04649563929e+00
3.04893444904e+00
3.04378865137e+00
3.03701402415e+00
3.05057012463e+00
3.04065355891e+00
3.04194638197e+00
3.04182718221e+00
3.04066393349e+00
3.04558318660e+00
3.03777326954e+00
3.04896531829e+00
3.04134445387e+00
3.04519904655e+00
3.04168062348e+00
3.03536082644e+00
3.04757521757e+00
3.03933740702e+00
3.04608088377e+00
3.03724044843e+00
3.04218109211e+00
3.04525961774e+00
3.04112766020e+00
3.04034653121e+00
3.03816486032e+00
3.04702267247e+00
3.04376194307e+00
3.03814004466e+00
3.04569219230e+00
3.03915817075e+00
3.04340975531e+00
3.03903819422e+00
3.04423885872e+00
3.04186946714e+00
3.04446066916e+00
3.04530690780e+00
3.04830631717e+00
3.04224866737e+00
3.04751624086e+00
3.03969044685e+00
3.03797281455e+00
3.04335627858e+00
3.04097875000e+00
3.03726054407e+00
3.04320322190e+00
3.04550962774e+00
3.03757585694e+00
3.04273174648e+00
3.04947064522e+00
3.04842520494e+00
3.04902086657e+00
3.04457707268e+00
3.05309042624e+00
3.04540096981e+00
3.04208909879e+00
3.04414659249e+00
3.04186368250e+00
3.04642992565e+00
3.04648191576e+00
3.03622875524e+00
3.04168138621e+00
3.03999009180e+00
3.04823812481e+00
3.04499998690e+00
3.03932785156e+00
3.04442057045e+00
3.03801085083e+00
3.04065269011e+00
3.04264075597e+00
3.03835190041e+00
3.04567167145e+00
3.03777439395e+00
3.04234465992e+00
3.05051178407e+00
3.04671281999e+00
3.04280021838e+00
3.03347064063e+00
3.04070505178e+00
3.04118012875e+00
3.04452060992e+00
3.03813415127e+00
3.04517660002e+00
3.04949099885e+00
3.04368575043e+00
3.04135662382e+00
3.03873381388e+00
3.04491276645e+00
3.04209076539e+00
3.03979003076e+00
3.04120393270e+00
3.04734356806e+00
3.03908144879e+00
3.04612825742e+00
3.04668455640e+00
3.04671735487e+00
3.04345473123e+00
3.04594721105e+00
3.03889181176e+00
3.03874087183e+00
3.04269239442e+00
3.04686103959e+00
3.03868734699e+00
3.03966898711e+00
3.04034488450e+00
3.04457621144e+00
3.04724823409e+00
3.04861118057e+00
3.04616802389e+00
3.03294105282e+00
3.04446711798e+00
3.04062506578e+00
3.04968317713e+00
3.05074877770e+00
3.03793212941e+00
3.04091305104e+00
3.04033595163e+00
3.04777215880e+00
3.04479976628e+00
3.04751061368e+00
3.04926986494e+00
3.03941245795e+00
3.04024833973e+00
3.04501923343e+00
3.04099963436e+00
3.04113315433e+00
3.03900067240e+00
3.04163042820e+00
3.04127502308e+00
3.04282517747e+00
3.03530671130e+00
3.04346733282e+00
3.04486433777e+00
3.04777690058e+00
3.04418690933e+00
3.04212754369e+00
3.04562164158e+00
3.03946005129e+00
3.04212307497e+00
3.03728579757e+00
3.03602774568e+00
3.04871008449e+00
3.03350185892e+00
3.04283082892e+00
3.04470056642e+00
3.04210213136e+00
3.04654158204e+00
3.03540916908e+00
3.04372124927e+00
3.04461749503e+00
3.04355385948e+00
3.04458209703e+00
3.04342790270e+00
3.04426532952e+00
3.04712448603e+00
3.04656588090e+00
3.03993310175e+00
3.04059248773e+00
3.04593544063e+00
3.03800342186e+00
3.04457803913e+00
3.04474681053e+00
3.04642973484e+00
3.04823191520e+00
3.03780801652e+00
3.04418261933e+00
3.04172504288e+00
3.04341787536e+00
3.04478132679e+00
3.04680755914e+00
3.04404201145e+00
3.04648106873e+00
3.04524459633e+00
3.04360328147e+00
3.04077663342e+00
3.04284880795e+00
3.04181759690e+00
3.04426096104e+00
3.03383442015e+00
3.04586880944e+00
3.04385903267e+00
3.04294909878e+00
3.04698724562e+00
3.03607502276e+00
3.04889450683e+00
3.04383381576e+00
3.04331339736e+00
3.04454730637e+00
3.03695050946e+00
3.04213800640e+00
3.04028889744e+00
3.04385798514e+00
3.04490449494e+00
3.05341987661e+00
3.04983693230e+00
3.04125863106e+00
3.04045027198e+00
3.03830434737e+00
3.04461583207e+00
3.03880062023e+00
3.04291550283e+00
3.04014504551e+00
3.04316748534e+00
3.03828450929e+00
3.04246158141e+00