7.07982307274e-01
6.75449919888e-01
7.19113839445e-01
7.22750161351e-01
6.74584104047e-01
7.30752823957e-01
7.53328672288e-01
7.40234472806e-01
7.10604974817e-01
7.11425149648e-01
7.13456086734e-01
7.37093346172e-01
7.18698048743e-01
7.03771567968e-01
7.34308700839e-01
7.32663291706e-01
6.88155899664e-01
6.44600072079e-01
6.61643534261e-01
7.02964695629e-01
6.99752888558e-01
6.87411960990e-01
6.91070348988e-01
6.88887634515e-01
7.05238618419e-01
7.54890062971e-01
7.22570489433e-01
7.08765181481e-01
7.29672999306e-01
7.76978232398e-01
7.32983105717e-01
7.59952569668e-01
7.20131395177e-01
6.87597522720e-01
7.13715304050e-01
6.79270865153e-01
7.25707638624e-01
6.76308481149e-01
7.10858719066e-01
7.31581794410e-01
7.02538312626e-01
6.94963178254e-01
7.04565488651e-01
6.96066889436e-01
7.11100817252e-01
7.01087008795e-01
6.83294416260e-01
6.91299122977e-01
6.79951569256e-01
6.97630651067e-01
6.77374540254e-01
6.83127943129e-01
6.26364836546e-01
6.79644289601e-01
6.56565645655e-01
6.85896005071e-01
7.55721502581e-01
7.09056079413e-01
6.85447643355e-01
7.13934765606e-01
7.00457866770e-01
7.43245021697e-01
6.74893515323e-01
6.87417271450e-01
6.62302282651e-01
7.02232019385e-01
7.34988035178e-01
7.35052713010e-01
7.22566445599e-01
6.34278936957e-01
6.94927846928e-01
6.66216124989e-01
6.83579382009e-01
7.03575490810e-01
6.97656146455e-01
6.62772358862e-01
6.77415018472e-01
7.45642741238e-01
6.89196733770e-01
6.62062911394e-01
7.16446926429e-01
6.81422758914e-01
6.71841732666e-01
6.90693296178e-01
7.26679945006e-01
7.27593593917e-01
7.00819867822e-01
6.90620989008e-01
7.21114436872e-01
6.69698763671e-01
7.36813124429e-01
6.84884692240e-01
7.02597982983e-01
6.89414890947e-01
7.12231951443e-01
7.36171366436e-01
7.16715897091e-01
6.57474809672e-01
6.75840860732e-01
6.84313369564e-01
6.71083239417e-01
6.24399380873e-01
6.56369591664e-01
6.99476380643e-01
7.36499331054e-01
7.10663345011e-01
7.08438277656e-01
6.91609590861e-01
7.08792087566e-01
6.99603545096e-01
7.03500429851e-01
7.46556357820e-01
6.88200533948e-01
6.99078004077e-01
7.01724378581e-01
6.84436240878e-01
6.36835675330e-01
6.83710348597e-01
6.92584226517e-01
6.94312120735e-01
7.15059404295e-01
7.16024799480e-01
7.22142755290e-01
7.02405813321e-01
7.23001736356e-01
7.36371672383e-01
6.99946950897e-01
6.49419473177e-01
7.18326505104e-01
6.88307299560e-01
6.76655971697e-01
6.90444244403e-01
6.86065045476e-01
7.36244306290e-01
7.26076514654e-01
7.03476649438e-01
6.81439844285e-01
7.15768840050e-01
6.57333710617e-01
6.65744776223e-01
6.92960262184e-01
6.62478503964e-01
6.99566813756e-01
7.49615385340e-01
6.65732899165e-01
6.99070613316e-01
7.14135890910e-01
7.15780871465e-01
6.94850093155e-01
7.26658882691e-01
6.50774971559e-01
6.35866275729e-01
7.46189889565e-01
6.98485448811e-01
6.84940768123e-01
6.82122616703e-01
6.81239352061e-01
7.33487462964e-01
7.06369859766e-01
7.25694523647e-01
6.88833105119e-01
7.00345308372e-01
7.09514044866e-01
6.90742112992e-01
7.03822881078e-01
7.04228991994e-01
6.65904645646e-01
7.08468958314e-01
7.25268429646e-01
6.87752635647e-01
6.72765519977e-01
7.11979121664e-01
7.07808663986e-01
7.27954924286e-01
6.52513326314e-01
6.70352160941e-01
7.36089068713e-01
6.83528261066e-01
6.78400701885e-01
6.96912964276e-01
6.50226969107e-01
7.03593797712e-01
6.84850608416e-01
7.38479332514e-01
7.35716804546e-01
6.82790437251e-01
6.93440913485e-01
7.32356145584e-01
7.18021124692e-01
6.86937365286e-01
6.93049121640e-01
7.37275127658e-01
7.47728791734e-01
7.12133368664e-01
6.88060109309e-01
7.10769773137e-01
7.14958696772e-01
6.91460920463e-01
7.08148802132e-01
6.60578515919e-01
6.96811466092e-01
6.97889862010e-01
7.33972219268e-01
7.44355216728e-01
7.47395896660e-01
7.16348412799e-01
7.13487020949e-01
7.27972353893e-01
6.78434351697e-01
7.21982783497e-01
7.41047915585e-01
7.44999911533e-01
6.88751693339e-01
7.37294151793e-01
7.19143809196e-01
7.74446054553e-01
7.08089857662e-01
7.08034616955e-01
7.06785711144e-01
6.73809522708e-01
6.64033272588e-01
6.66831384141e-01
6.61839240775e-01
7.36120265560e-01
7.10022993298e-01
7.32226233417e-01
6.94675176212e-01
6.61029317521e-01
6.56414944642e-01
6.84992072606e-01
6.84621137627e-01
6.94694031556e-01
7.16552293427e-01
7.51587625952e-01
6.35836612859e-01
7.48330253213e-01
6.90463801049e-01
7.10676638303e-01
7.13122790771e-01
6.95565254887e-01
7.62678507143e-01
7.05493866742e-01
7.24325117558e-01
7.20100306384e-01
6.88327291198e-01
6.89500092197e-01
7.09744820825e-01
7.09985456685e-01
6.87717286160e-01
7.17677234775e-01
7.14592895533e-01
7.15965953529e-01
7.15693709505e-01
7.05387562746e-01
6.97886630807e-01
6.92060424183e-01
7.24630134459e-01
6.81626544376e-01
7.34372458308e-01
6.91963303403e-01
7.08902249381e-01
6.58209640169e-01
7.25329324170e-01
6.68245599052e-01
6.91294763852e-01
7.29952073333e-01
6.83845787838e-01
7.40406497143e-01
7.21373861452e-01
6.69933047269e-01
7.10797716721e-01
6.90168667901e-01
7.00794778428e-01
6.91611638210e-01
7.18783646426e-01
6.81980235012e-01
6.69579698851e-01
6.87758065904e-01
7.17399368889e-01
6.50553235385e-01
6.87777899676e-01
6.89154627318e-01
7.30005366778e-01
6.40041840422e-01
6.95122664278e-01
6.91830626650e-01
6.78106443101e-01
7.01249711644e-01
6.80729992731e-01
6.84462550761e-01
7.15774392781e-01
6.88031454799e-01
6.82696747152e-01
6.94068753958e-01
6.81356218101e-01
7.24278062064e-01
7.01712246047e-01
6.99054232184e-01
6.72595589207e-01
7.11050563045e-01
6.84529191726e-01
6.93732254149e-01
7.12985140420e-01
6.78039634315e-01
7.22427354377e-01
7.55644041887e-01
6.84461633528e-01
7.16599905637e-01
6.98417516175e-01
6.73964669366e-01
7.00206844333e-01
7.09864494939e-01
7.04905713379e-01
7.42788646526e-01
6.34730019573e-01
7.17672354364e-01
7.13073440970e-01
6.73878700078e-01
7.41703363689e-01
6.55366078952e-01
6.96053776574e-01
7.39408019533e-01
7.05607874154e-01
6.92104404818e-01
7.27332920273e-01
7.17678145262e-01
6.79135836122e-01
6.98733913218e-01
6.77479771410e-01
6.62395762760e-01
6.67427536561e-01
6.94214444851e-01
6.84408522761e-01
6.81045261314e-01
7.50485460301e-01
6.70266166530e-01
6.89902810316e-01
6.72942750637e-01
6.59272010609e-01
6.91053775984e-01
7.02538382475e-01
6.97202296860e-01
7.04469234298e-01
7.00999468458e-01
6.89446197292e-01
6.79672765651e-01
7.02656933512e-01
7.11533897318e-01
6.94150256890e-01
7.13292814429e-01
6.50306590329e-01
6.68397724569e-01
7.07799401382e-01
7.26463730380e-01
7.18019912745e-01
6.44594741526e-01
7.57929836141e-01
6.95590626398e-01
6.59133649761e-01
7.06535497478e-01
6.66708818061e-01
7.37829209137e-01
6.61626191964e-01
7.17562219926e-01
7.16123690516e-01
6.47105846670e-01
6.70310605922e-01
7.00614284542e-01
7.11814651118e-01
6.79686133451e-01
6.70019056950e-01
7.51082071687e-01
6.86070454057e-01
7.01111985118e-01
7.01942686389e-01
6.94003014280e-01
6.96333990140e-01
7.43447752300e-01
7.03741958712e-01
6.93821507255e-01
7.02050873583e-01
6.71865640091e-01
6.60832109213e-01
7.00165441805e-01
6.93143128519e-01
7.35349666814e-01
7.20466107414e-01
6.92089803787e-01
6.86193521332e-01
7.07694288925e-01
6.96287095300e-01
7.55229973342e-01
6.74990634342e-01
6.90227326799e-01
6.83898440893e-01
7.94655532158e-01
7.42470070015e-01
7.03596766742e-01
6.70187710182e-01
6.78846615810e-01
6.89510696537e-01
6.38859169429e-01
6.60115899642e-01
7.05049866821e-01
7.11317486556e-01
6.61094660476e-01
6.88588459199e-01
7.05304096686e-01
7.12448372465e-01
6.72648062181e-01
7.33012558457e-01
6.99342460983e-01
7.24542909359e-01
6.58322176561e-01
7.07800961994e-01
7.14428023286e-01
6.98112926109e-01
7.27449360779e-01
7.62629812711e-01
6.59171538948e-01
7.29088251442e-01
7.17199453682e-01
6.81464595841e-01
7.54188437949e-01
7.32874014154e-01
7.30379696675e-01
6.99817600214e-01
7.07774499095e-01
6.63826561379e-01
7.47907221987e-01
7.22245778087e-01
7.23007958457e-01
7.15797946859e-01
7.14280230215e-01
7.12239412241e-01
7.25707499853e-01
7.15460006820e-01
7.02364959933e-01
6.82773502036e-01
6.87932986829e-01
7.13457873275e-01
6.71737663331e-01
7.41552440076e-01
7.11227763467e-01
6.71592051273e-01
7.32036149790e-01
6.80946374841e-01
7.01291911345e-01
7.22301811940e-01
6.98084508632e-01
7.19132963154e-01
6.76865547522e-01
6.96346700846e-01
7.34689713203e-01
6.62295401706e-01
7.31416534762e-01
6.95841394664e-01
6.99465399822e-01
6.77721099718e-01
7.15545525319e-01
6.74123702897e-01
7.00149475716e-01
6.79828516057e-01
6.70541380683e-01
6.84662298779e-01
7.08826037362e-01
7.18232813355e-01
6.80861661641e-01
7.28723158413e-01
7.12973530960e-01
7.10936469690e-01
7.51226686971e-01
7.12956735067e-01
7.02273823578e-01
7.04144162587e-01
7.07340934850e-01
6.91726630870e-01
6.75426506199e-01
6.82908613877e-01
7.18242965843e-01
6.83905612376e-01
6.69677776810e-01
6.85825792804e-01
6.68521144492e-01
6.62559562703e-01
7.21127727358e-01
7.31088015877e-01
6.86043440633e-01
6.76388734943e-01
6.80270013876e-01
7.27265150909e-01
6.52363289091e-01
6.89015591254e-01
7.17823585410e-01
6.77120129009e-01
7.16848381017e-01
7.06754983665e-01
6.76095416919e-01
7.00172967186e-01
6.65604131024e-01
7.00724763155e-01