2.15803618357e+00
2.15752371980e+00
2.15739877442e+00
2.15862007130e+00
2.15824723932e+00
2.15848791726e+00
2.15691424588e+00
2.15755366816e+00
2.15775232203e+00
2.15841235649e+00
2.15777498652e+00
2.15857426676e+00
2.15801930536e+00
2.15777255897e+00
2.15712350600e+00
2.15819526158e+00
2.15721396874e+00
2.15791136318e+00
2.15768921187e+00
2.15739172806e+00
2.15836996841e+00
2.15755813605e+00
2.15754644274e+00
2.15695254839e+00
2.15769143211e+00
2.15810880103e+00
2.15784109734e+00
2.15772455216e+00
2.15827454793e+00
2.15818911767e+00
2.15824607979e+00
2.15744187575e+00
2.15711753797e+00
2.15787159363e+00
2.15739904324e+00
2.15767915329e+00
2.15795357099e+00
2.15743472917e+00
2.15773214992e+00
2.15699396861e+00
2.15731223490e+00
2.15731489061e+00
2.15856583785e+00
2.15828184272e+00
2.15769352148e+00
2.15666413080e+00
2.15771156047e+00
2.15734994866e+00
2.15816206734e+00
2.15806623737e+00
2.15731722228e+00
2.15753749514e+00
2.15750103312e+00
2.15723947043e+00
2.15780040601e+00
2.15820181278e+00
2.15766495693e+00
2.15746013503e+00
2.15800320852e+00
2.15792445871e+00
2.15696840229e+00
2.15758169956e+00
2.15700705660e+00
2.15806947297e+00
2.15742607168e+00
2.15828991854e+00
2.15813964525e+00
2.15743881960e+00
2.15814429456e+00
2.15684429241e+00
2.15795931512e+00
2.15792948651e+00
2.15757653984e+00
2.15867792638e+00
2.15650411737e+00
2.15783136344e+00
2.15714133939e+00
2.15694521236e+00
2.15849407580e+00
2.15715284644e+00
2.15788843025e+00
2.15747338130e+00
2.15733397209e+00
2.15761334747e+00
2.15759675438e+00
2.15742877736e+00
2.15717148995e+00
2.15632644684e+00
2.15813486653e+00
2.15749630879e+00
2.15823491455e+00
2.15706723850e+00
2.15764405481e+00
2.15770596594e+00
2.15739717327e+00
2.15758433973e+00
2.15730091039e+00
2.15717389370e+00
2.15770114898e+00
2.15707406443e+00
2.15682143674e+00
2.15782872270e+00
2.15848654742e+00
2.15675780802e+00
2.15559673593e+00
2.15722947446e+00
2.15841536616e+00
2.15848515327e+00
2.15712025320e+00
2.15723340879e+00
2.15760469083e+00
2.15753123515e+00
2.15840785579e+00
2.15735013231e+00
2.15603877964e+00
2.15702688362e+00
2.15785660706e+00
2.15827748818e+00
2.15731239121e+00
2.15860250117e+00
2.15761049786e+00
2.15740118676e+00
2.15856637324e+00
2.15873966462e+00
2.15692848410e+00
2.15792462369e+00
2.15697593798e+00
2.15723385854e+00
2.15833129638e+00
2.15722106535e+00
2.15815920969e+00
2.15730515192e+00
2.15703428451e+00
2.15758801948e+00
2.15662749535e+00
2.15712231558e+00
2.15801585634e+00
2.15774655779e+00
2.15745870427e+00
2.15742499036e+00
2.15757100060e+00
2.15720230638e+00
2.15706441740e+00
2.15735676843e+00
2.15747618815e+00
2.15781020946e+00
2.15788960663e+00
2.15847637600e+00
2.15757970671e+00
2.15743267784e+00
2.15776083210e+00
2.15783205699e+00
2.15799716596e+00
2.15712280679e+00
2.15677654888e+00
2.15802430488e+00
2.15774439787e+00
2.15744090413e+00
2.15735301311e+00
2.15757530229e+00
2.15739763392e+00
2.15738777408e+00
2.15739800951e+00
2.15818732576e+00
2.15794057419e+00
2.15830467415e+00
2.15785962456e+00
2.15731092674e+00
2.15701858512e+00
2.15862895639e+00
2.15744237408e+00
2.15748215932e+00
2.15714178468e+00
2.15748966778e+00
2.15791432594e+00
2.15709442161e+00
2.15796741440e+00
2.15880635864e+00
2.15771026315e+00
2.15779288489e+00
2.15806872198e+00
2.15782527125e+00
2.15681422798e+00
2.15881322151e+00
2.15726861592e+00
2.15794034200e+00
2.15759884914e+00
2.15888767235e+00
2.15688279107e+00
2.15733251262e+00
2.15784310010e+00
2.15717955051e+00
2.15635433573e+00
2.15795869694e+00
2.15765440665e+00
2.15688534810e+00
2.15733806288e+00
2.15783370554e+00
2.15776562503e+00
2.15807652765e+00
2.15800933873e+00
2.15712411313e+00
2.15743811966e+00
2.15822075844e+00
2.15797993706e+00
2.15723867292e+00
2.15745032052e+00
2.15772335731e+00
2.15718303109e+00
2.15841779921e+00
2.15802765829e+00
2.15834439956e+00
2.15730001018e+00
2.15694293928e+00
2.15662937368e+00
2.15815085793e+00
2.15741995133e+00
2.15757203510e+00
2.15751300977e+00
2.15738616105e+00
2.15746764880e+00
2.15685386944e+00
2.15872091718e+00
2.15764178459e+00
2.15702781941e+00
2.15767509930e+00
2.15721245960e+00
2.15815160823e+00
2.15754157598e+00
2.15736203504e+00
2.15757599960e+00
2.15802860468e+00
2.15801294471e+00
2.15762729835e+00
2.15760243863e+00
2.15695269894e+00
2.15728190076e+00
2.15760605893e+00
2.15763729833e+00
2.15712030583e+00
2.15799302025e+00
2.15731528465e+00
2.15737639536e+00
2.15802644477e+00
2.15747350080e+00
2.15734924682e+00
2.15743751863e+00
2.15740179538e+00
2.15696915749e+00
2.15818798845e+00
2.15686766631e+00
2.15673758117e+00
2.15833277243e+00
2.15749535855e+00
2.15697375903e+00
2.15733955507e+00
2.15797886116e+00
2.15604341617e+00
2.15802751028e+00
2.15837054767e+00
2.15904704625e+00
2.15771109421e+00
2.15835709650e+00
2.15852522484e+00
2.15744007086e+00
2.15758402456e+00
2.15694797296e+00
2.15757637118e+00
2.15756870604e+00
2.15823106160e+00
2.15738484774e+00
2.15821109814e+00
2.15768012476e+00
2.15755210030e+00
2.15755715036e+00
2.15699159515e+00
2.15719530354e+00
2.15830640307e+00
2.15751477187e+00
2.15780092963e+00
2.15849502941e+00
2.15816424101e+00
2.15729262729e+00
2.15865351249e+00
2.15759453280e+00
2.15853703105e+00
2.15751550690e+00
2.15699371064e+00
2.15739773174e+00
2.15764172036e+00
2.15800377539e+00
2.15748304400e+00
2.15814423799e+00
2.15779504279e+00
2.15807919446e+00
2.15727899820e+00
2.15716235044e+00
2.15809515217e+00
2.15851197333e+00
2.15805158908e+00
2.15685130043e+00
2.15831310437e+00
2.15689881392e+00
2.15759076328e+00
2.15648433900e+00
2.15759223401e+00
2.15714306784e+00
2.15806511115e+00
2.15751294979e+00
2.15780597022e+00
2.15790351463e+00
2.15792139519e+00
2.15776777335e+00
2.15770545472e+00
2.15752353167e+00
2.15760864699e+00
2.15706685240e+00
2.15770713068e+00
2.15770037867e+00
2.15691545058e+00
2.15773498155e+00
2.15744323660e+00
2.15679689608e+00
2.15761214947e+00
2.15712265548e+00
2.15656709009e+00
2.15617318147e+00
2.15700725486e+00
2.15685724076e+00
2.15717041893e+00
2.15808987234e+00
2.15803414166e+00
2.15780547142e+00
2.15712098098e+00
2.15665231932e+00
2.15791089608e+00
2.15733367727e+00
2.15665320128e+00
2.15704652886e+00
2.15786004694e+00
2.15791829394e+00
2.15713863162e+00
2.15685311074e+00
2.15794628721e+00
2.15930833927e+00
2.15742695958e+00
2.15889543606e+00
2.15804309409e+00
2.15851286347e+00
2.15724766874e+00
2.15762081075e+00
2.15703751767e+00
2.15703520861e+00
2.15775863012e+00
2.15707043246e+00
2.15690837990e+00
2.15755284551e+00
2.15738468167e+00
2.15760734020e+00
2.15729617468e+00
2.15615872120e+00
2.15779004482e+00
2.15794005353e+00
2.15823873234e+00
2.15720913718e+00
2.15694291909e+00
2.15744141424e+00
2.15639488965e+00
2.15759198635e+00
2.15731776841e+00
2.15836259699e+00
2.15806194958e+00
2.15747478806e+00
2.15688991141e+00
2.15825605475e+00
2.15808346539e+00
2.15728818929e+00
2.15768286522e+00
2.15790606409e+00
2.15711068295e+00
2.15852557998e+00
2.15684726305e+00
2.15802485350e+00
2.15701108771e+00
2.15813308053e+00
2.15686125486e+00
2.15739544008e+00
2.15726911869e+00
2.15752823569e+00
2.15817224195e+00
2.15719341633e+00
2.15812286557e+00
2.15778146888e+00
2.15751830123e+00
2.15839607908e+00
2.15791609997e+00
2.15732820267e+00
2.15684953100e+00
2.15802347110e+00
2.15683108504e+00
2.15764680791e+00
2.15692538889e+00
2.15702554970e+00
2.15787475329e+00
2.15720603802e+00
2.15776972869e+00
2.15844551880e+00
2.15634864446e+00
2.15826589663e+00
2.15766657203e+00
2.15795065526e+00
2.15720961566e+00
2.15814270313e+00
2.15698373664e+00
2.15694108693e+00
2.15819712584e+00
2.15661968240e+00
2.15700174477e+00
2.15760621133e+00
2.15819730005e+00
2.15775125173e+00
2.15716081300e+00
2.15680520358e+00
2.15790986239e+00
2.15750311357e+00
2.15811191638e+00
2.15737760057e+00
2.15703462114e+00
2.15736358375e+00
2.15760241692e+00
2.15769092820e+00
2.15701093323e+00
2.15822162216e+00
2.15738250405e+00
2.15686751961e+00
2.15775056518e+00
2.15832965815e+00
2.15754945777e+00
2.15678923795e+00
2.15730400957e+00
2.15764713331e+00
2.15751629946e+00
2.15819948327e+00
2.15759415377e+00
2.15751865851e+00
2.15811271510e+00
2.15766605294e+00
2.15793526845e+00
2.15743286888e+00
2.15841630806e+00
2.15772436248e+00
2.15786294270e+00
2.15657845453e+00
2.15748059780e+00
2.15744069187e+00
2.15746421432e+00
2.15822805987e+00
2.15736187668e+00
2.15782704680e+00
2.15791118706e+00
2.15793767562e+00
2.15806696500e+00
2.15720156420e+00
2.15700589219e+00
2.15789569213e+00
2.15781613959e+00
2.15774256532e+00
2.15734290035e+00
2.15735425102e+00
2.15745310469e+00
2.15774190290e+00
2.15813962835e+00
2.15731853591e+00
2.15820727912e+00
2.15678739431e+00
2.15712540659e+00
2.15770518685e+00
2.15734016645e+00
2.15718582296e+00
2.15799793175e+00
2.15730803346e+00
2.15749256046e+00
2.15679446853e+00
2.15786704901e+00
2.15791288342e+00
2.15699557544e+00
2.15782026161e+00
2.15811299129e+00
2.15733945265e+00
2.15667646561e+00
2.15860989135e+00
2.15767865468e+00
2.15734213956e+00
2.15776885538e+00
2.15749504458e+00
2.15800066141e+00
2.15760723684e+00
2.15764531614e+00
2.15750043723e+00
2.15648317851e+00
2.15752831386e+00