-4.90987478891e+00
-4.91004713597e+00
-4.91046198967e+00
-4.91077625105e+00
-4.90971128921e+00
-4.90925099525e+00
-4.90910784732e+00
-4.91102233502e+00
-4.90947939543e+00
-4.91006418413e+00
-4.90952601129e+00
-4.91065173278e+00
-4.90942906227e+00
-4.90951817695e+00
-4.90841174688e+00
-4.90977975308e+00
-4.90954156649e+00
-4.90983794605e+00
-4.90842105778e+00
-4.90947770587e+00
-4.90886431694e+00
-4.90858148654e+00
-4.90908409979e+00
-4.91031599736e+00
-4.90972537518e+00
-4.91010359372e+00
-4.90986676356e+00
-4.91099831147e+00
-4.91065273845e+00
-4.90914172323e+00
-4.90956035938e+00
-4.91018553310e+00
-4.90904503387e+00
-4.90884812911e+00
-4.91032255184e+00
-4.90946458089e+00
-4.90957316261e+00
-4.91014803183e+00
-4.90878986069e+00
-4.91156147029e+00
-4.90847701304e+00
-4.90977276728e+00
-4.90897380371e+00
-4.91054501297e+00
-4.91045879870e+00
-4.90927608108e+00
-4.91022392761e+00
-4.90842012472e+00
-4.91066220668e+00
-4.90988329491e+00
-4.91012058322e+00
-4.90934667727e+00
-4.91011048894e+00
-4.90909374179e+00
-4.90924274950e+00
-4.90945050453e+00
-4.91062325336e+00
-4.90837814947e+00
-4.90974141633e+00
-4.90995380848e+00
-4.90915044738e+00
-4.90929834633e+00
-4.90881794803e+00
-4.91052227312e+00
-4.90932979377e+00
-4.90940084071e+00
-4.91012204982e+00
-4.91019400826e+00
-4.90931771510e+00
-4.91042481974e+00
-4.90858592272e+00
-4.90833425241e+00
-4.91044054102e+00
-4.91024156879e+00
-4.90932498687e+00
-4.90854623477e+00
-4.90941212226e+00
-4.91012448311e+00
-4.90990408989e+00
-4.91019200623e+00
-4.90986259100e+00
-4.90926111113e+00
-4.90962611046e+00
-4.90881695026e+00
-4.91075026209e+00
-4.90999560552e+00
-4.91051554676e+00
-4.90947613923e+00
-4.90864960503e+00
-4.90961209005e+00
-4.90894130169e+00
-4.90852363475e+00
-4.90967756709e+00
-4.90915233538e+00
-4.91034217175e+00
-4.90932315618e+00
-4.90979558667e+00
-4.91021126951e+00
-4.91027551112e+00
-4.90892221246e+00
-4.90813541328e+00
-4.90907299750e+00
-4.91061678342e+00
-4.91031230171e+00
-4.90987551402e+00
-4.91000488950e+00
-4.90974324686e+00
-4.91031025641e+00
-4.90996630781e+00
-4.90953508189e+00
-4.90860871625e+00
-4.91056158420e+00
-4.91037797038e+00
-4.90883940716e+00
-4.90926371399e+00
-4.90968245681e+00
-4.90969585362e+00
-4.90978395437e+00
-4.90884392013e+00
-4.91073265828e+00
-4.91015701837e+00
-4.90874365939e+00
-4.91058169481e+00
-4.91087924108e+00
-4.91092041239e+00
-4.91044417367e+00
-4.90968727040e+00
-4.91033757829e+00
-4.90941705266e+00
-4.90990347433e+00
-4.91046037422e+00
-4.90967496403e+00
-4.90910554641e+00
-4.90943129613e+00
-4.90892985851e+00
-4.90977216858e+00
-4.91028317072e+00
-4.90949385982e+00
-4.90842054199e+00
-4.91019943282e+00
-4.90927299124e+00
-4.90891554763e+00
-4.91058927231e+00
-4.91058296225e+00
-4.90908276482e+00
-4.90918085780e+00
-4.90916841937e+00
-4.90858724325e+00
-4.90958573527e+00
-4.90964698100e+00
-4.90890941547e+00
-4.90913474264e+00
-4.90985673772e+00
-4.90899999202e+00
-4.91053591856e+00
-4.90976380671e+00
-4.91032479802e+00
-4.90958903755e+00
-4.90951445688e+00
-4.90981021564e+00
-4.90927769303e+00
-4.90957515237e+00
-4.91016206426e+00
-4.90917768717e+00
-4.90964752479e+00
-4.90975676710e+00
-4.90928064929e+00
-4.91025517662e+00
-4.90999921037e+00
-4.91080545840e+00
-4.90957472038e+00
-4.90963408195e+00
-4.90946563398e+00
-4.91040834696e+00
-4.90914837618e+00
-4.90849657295e+00
-4.90973981550e+00
-4.90966573280e+00
-4.90972677581e+00
-4.90894740089e+00
-4.90951649537e+00
-4.91009554616e+00
-4.91025611411e+00
-4.90954179562e+00
-4.91016791776e+00
-4.90994983493e+00
-4.90937826338e+00
-4.90898571803e+00
-4.91085531690e+00
-4.90937395620e+00
-4.90908866643e+00
-4.90998397226e+00
-4.91049388145e+00
-4.90926886906e+00
-4.90942573171e+00
-4.90896028925e+00
-4.90984884503e+00
-4.90907091704e+00
-4.90924139538e+00
-4.90875614551e+00
-4.90993062942e+00
-4.90926657175e+00
-4.91097888515e+00
-4.91029811847e+00
-4.90928968140e+00
-4.90984469144e+00
-4.90951801118e+00
-4.90997600705e+00
-4.91020285012e+00
-4.90909059895e+00
-4.91006895810e+00
-4.90948991443e+00
-4.90942001441e+00
-4.90896511728e+00
-4.91059929108e+00
-4.90977525241e+00
-4.90927111119e+00
-4.90814238676e+00
-4.90894120640e+00
-4.90945784050e+00
-4.90934716340e+00
-4.90882233553e+00
-4.90937323994e+00
-4.90906889314e+00
-4.90952776536e+00
-4.90953955488e+00
-4.90893065724e+00
-4.90908169401e+00
-4.90920682068e+00
-4.90965124453e+00
-4.91013893302e+00
-4.90942076030e+00
-4.90947437893e+00
-4.90992689839e+00
-4.90979204833e+00
-4.90932756442e+00
-4.90846346220e+00
-4.90972077211e+00
-4.91011440493e+00
-4.91050075949e+00
-4.90979737806e+00
-4.90954112444e+00
-4.91014525365e+00
-4.90925082086e+00
-4.91186635028e+00
-4.91019114845e+00
-4.90902601562e+00
-4.90909747136e+00
-4.90931761970e+00
-4.91052455923e+00
-4.90935384646e+00
-4.90943768979e+00
-4.90938281869e+00
-4.90817102173e+00
-4.90904563469e+00
-4.90897770457e+00
-4.91093694482e+00
-4.90944912195e+00
-4.90976423755e+00
-4.90989346794e+00
-4.90885325036e+00
-4.90968963068e+00
-4.90952846231e+00
-4.90947986369e+00
-4.90922313496e+00
-4.90941603995e+00
-4.90866941858e+00
-4.91015351350e+00
-4.90920282625e+00
-4.90862435895e+00
-4.91004951625e+00
-4.90784464021e+00
-4.91023363417e+00
-4.90892465635e+00
-4.90874807106e+00
-4.90896349970e+00
-4.91038215752e+00
-4.90946193915e+00
-4.91003522844e+00
-4.90871681330e+00
-4.90996399271e+00
-4.90939281488e+00
-4.90907754987e+00
-4.90949554156e+00
-4.90833213135e+00
-4.90992151423e+00
-4.90926338136e+00
-4.91041642634e+00
-4.90989843280e+00
-4.91007556347e+00
-4.90901070402e+00
-4.91034248871e+00
-4.90963038503e+00
-4.91018872375e+00
-4.90973630396e+00
-4.90918081726e+00
-4.90950728317e+00
-4.91054910722e+00
-4.90936321443e+00
-4.90963676501e+00
-4.90927773962e+00
-4.90830424795e+00
-4.91001543087e+00
-4.90901173711e+00
-4.91010462435e+00
-4.91017516950e+00
-4.90923839749e+00
-4.90961172937e+00
-4.90981685639e+00
-4.90904249643e+00
-4.90952512237e+00
-4.90842021521e+00
-4.90992640227e+00
-4.90974158443e+00
-4.90819520349e+00
-4.90912463522e+00
-4.91027259498e+00
-4.90951251471e+00
-4.90976581527e+00
-4.90887014841e+00
-4.90963352397e+00
-4.90944005485e+00
-4.90961157617e+00
-4.90932078949e+00
-4.90957581170e+00
-4.90980791007e+00
-4.91031308043e+00
-4.91029700423e+00
-4.90847670451e+00
-4.90838262158e+00
-4.90964546667e+00
-4.90921916398e+00
-4.90971920585e+00
-4.90943094495e+00
-4.91012812754e+00
-4.90927765698e+00
-4.91120728298e+00
-4.90964530863e+00
-4.90934541001e+00
-4.91030368804e+00
-4.90951140209e+00
-4.91029790623e+00
-4.91001108040e+00
-4.91013595605e+00
-4.90899350907e+00
-4.91031062202e+00
-4.90999850160e+00
-4.90938000465e+00
-4.90910632260e+00
-4.91060112044e+00
-4.90941248459e+00
-4.90930030601e+00
-4.90938695068e+00
-4.90946002477e+00
-4.91016000813e+00
-4.90998116212e+00
-4.90966973738e+00
-4.90981009120e+00
-4.90985548945e+00
-4.91073156449e+00
-4.90930719282e+00
-4.90948116967e+00
-4.90950993148e+00
-4.90974871800e+00
-4.91052585381e+00
-4.90840252012e+00
-4.90903342498e+00
-4.90955695462e+00
-4.91011958516e+00
-4.91052426079e+00
-4.91065257834e+00
-4.91083752740e+00
-4.90886538977e+00
-4.90843296481e+00
-4.91022801631e+00
-4.90942532544e+00
-4.90870580339e+00
-4.90986463305e+00
-4.90947603808e+00
-4.90941787620e+00
-4.91003893018e+00
-4.90932299521e+00
-4.90960719619e+00
-4.90956535569e+00
-4.90956827645e+00
-4.90941118674e+00
-4.90884771564e+00
-4.90893590446e+00
-4.90976992363e+00
-4.91125747109e+00
-4.90928197155e+00
-4.90955217918e+00
-4.90941317833e+00
-4.90992904496e+00
-4.90938813796e+00
-4.90940251322e+00
-4.90921560107e+00
-4.90917643878e+00
-4.90942474466e+00
-4.90895503354e+00
-4.90945955539e+00
-4.90905065052e+00
-4.91076864769e+00
-4.90859982665e+00
-4.90966127375e+00
-4.90993162685e+00
-4.90957563501e+00
-4.91006381429e+00
-4.90948724749e+00
-4.90933077006e+00
-4.91039158924e+00
-4.91094421198e+00
-4.90980662550e+00
-4.91013200525e+00
-4.90983697848e+00
-4.90926769997e+00
-4.90909974155e+00
-4.90759615722e+00
-4.90963299178e+00
-4.90960313030e+00
-4.90823625254e+00
-4.90980935602e+00
-4.91021954337e+00
-4.90984903269e+00
-4.90988143165e+00
-4.91079649514e+00
-4.90876377024e+00
-4.90973417161e+00
-4.90981291946e+00
-4.91006778119e+00
-4.90910924514e+00
-4.90863721053e+00
-4.91047730865e+00
-4.90986062032e+00
-4.90981470598e+00
-4.91019599699e+00
-4.90862313552e+00
-4.91079015357e+00
-4.90798586806e+00
-4.90902017901e+00
-4.90976462019e+00
-4.91002438896e+00
-4.91004331905e+00
-4.90846872857e+00
-4.90954094609e+00
-4.90948018136e+00
-4.90970398127e+00
-4.90912787567e+00
-4.90892673711e+00
-4.90940736985e+00
-4.91026590591e+00
-4.90813060688e+00
-4.91012662116e+00
-4.91069864200e+00
-4.91002985675e+00
-4.90879293636e+00
-4.90947173123e+00
-4.90981992737e+00
-4.90976411802e+00
-4.90874039827e+00
-4.90935223721e+00
-4.90962099508e+00
-4.90950572560e+00
-4.90989391087e+00
-4.90926426654e+00
-4.91011157404e+00
-4.90894192939e+00
-4.91048025732e+00
-4.90994866205e+00
-4.90929875791e+00
-4.90964347667e+00
-4.91116905340e+00
-4.91018690264e+00
-4.90877591203e+00
-4.90884738686e+00
-4.90937585466e+00
-4.90928660864e+00
-4.91052411395e+00
-4.90942001947e+00
-4.90905765999e+00
-4.90881767686e+00
-4.90984461498e+00
-4.91025883194e+00
-4.90919748096e+00
-4.90900635013e+00
-4.90968320476e+00
-4.90954740578e+00
-4.90906340690e+00
-4.90952211389e+00
-4.90923220138e+00
-4.91028840549e+00
-4.91032530846e+00
-4.90915165169e+00
-4.90983528050e+00
-4.90965272149e+00
-4.90927276717e+00
-4.90892034233e+00
-4.91035115875e+00
-4.91050517995e+00
-4.90834879269e+00
-4.90961243197e+00