-3.16581319503e+00
-3.16388565025e+00
-3.16320519500e+00
-3.16561955662e+00
-3.16381165810e+00
-3.16426877637e+00
-3.16236979424e+00
-3.16347214546e+00
-3.16576801023e+00
-3.16558432532e+00
-3.16376444644e+00
-3.16301053379e+00
-3.16522402184e+00
-3.16565993534e+00
-3.16286157013e+00
-3.16376618104e+00
-3.16323562537e+00
-3.16390790099e+00
-3.16452942753e+00
-3.16352733778e+00
-3.16722972527e+00
-3.16411600325e+00
-3.16519160356e+00
-3.16414898368e+00
-3.16534238617e+00
-3.16563379409e+00
-3.16613745770e+00
-3.16392612517e+00
-3.16328032871e+00
-3.16539665098e+00
-3.16414596040e+00
-3.16592864380e+00
-3.16382664005e+00
-3.16351765133e+00
-3.16597342844e+00
-3.16546448231e+00
-3.16532414226e+00
-3.16489986933e+00
-3.16228109708e+00
-3.16367614588e+00
-3.16540934422e+00
-3.16220006681e+00
-3.16496503153e+00
-3.16528419227e+00
-3.16592485251e+00
-3.16512162231e+00
-3.16557191656e+00
-3.16541216135e+00
-3.16367248615e+00
-3.16454401052e+00
-3.16396209837e+00
-3.16583083664e+00
-3.16331371234e+00
-3.16216899333e+00
-3.16536875644e+00
-3.16504064850e+00
-3.16358705890e+00
-3.16463622722e+00
-3.16639404625e+00
-3.16541776849e+00
-3.16399595184e+00
-3.16377528203e+00
-3.16277662205e+00
-3.16383293357e+00
-3.16408298959e+00
-3.16230134575e+00
-3.16508735426e+00
-3.16424822864e+00
-3.16567746680e+00
-3.16320680048e+00
-3.16464412829e+00
-3.16324216062e+00
-3.16586103425e+00
-3.16562091864e+00
-3.16662150463e+00
-3.16435725771e+00
-3.16312067490e+00
-3.16324929949e+00
-3.16349666874e+00
-3.16235704073e+00
-3.16440623931e+00
-3.16478330042e+00
-3.16394299133e+00
-3.16419429264e+00
-3.16484036228e+00
-3.16338142386e+00
-3.16504980696e+00
-3.16377687403e+00
-3.16515607551e+00
-3.16511947094e+00
-3.16630357027e+00
-3.16261261785e+00
-3.16410468470e+00
-3.16382825004e+00
-3.16424615743e+00
-3.16368349541e+00
-3.16275186883e+00
-3.16332184141e+00
-3.16541291057e+00
-3.16354641423e+00
-3.16266105810e+00
-3.16585314687e+00
-3.16541465325e+00
-3.16465719371e+00
-3.16086215564e+00
-3.16365937219e+00
-3.16563102602e+00
-3.16551801465e+00
-3.16267898782e+00
-3.16258072179e+00
-3.16506790627e+00
-3.16422477204e+00
-3.16502542797e+00
-3.16458311111e+00
-3.16408018326e+00
-3.16396901721e+00
-3.16468609447e+00
-3.16497427139e+00
-3.16423094799e+00
-3.16503854449e+00
-3.16535453706e+00
-3.16312568341e+00
-3.16613000738e+00
-3.16557373563e+00
-3.16297030756e+00
-3.16249383840e+00
-3.16363302345e+00
-3.16408967590e+00
-3.16389015538e+00
-3.16311520837e+00
-3.16440000898e+00
-3.16406314700e+00
-3.16477353331e+00
-3.16532017003e+00
-3.16375988112e+00
-3.16407224216e+00
-3.16491134136e+00
-3.16341736695e+00
-3.16356027838e+00
-3.16349313355e+00
-3.16419563666e+00
-3.16429082912e+00
-3.16473849994e+00
-3.16432276263e+00
-3.16261257185e+00
-3.16568840005e+00
-3.16471103151e+00
-3.16780060859e+00
-3.16608321207e+00
-3.16366999575e+00
-3.16643636781e+00
-3.16485332103e+00
-3.16481092748e+00
-3.16349667958e+00
-3.16261786319e+00
-3.16413373237e+00
-3.16558219583e+00
-3.16355005434e+00
-3.16521434589e+00
-3.16374944378e+00
-3.16422723898e+00
-3.16521459320e+00
-3.16438527698e+00
-3.16615736859e+00
-3.16568273863e+00
-3.16501543047e+00
-3.16545620347e+00
-3.16270159288e+00
-3.16247879969e+00
-3.16559576891e+00
-3.16356667798e+00
-3.16234340330e+00
-3.16362977901e+00
-3.16434103799e+00
-3.16432452040e+00
-3.16483810434e+00
-3.16410467726e+00
-3.16568068068e+00
-3.16417922934e+00
-3.16468341155e+00
-3.16494626621e+00
-3.16496467788e+00
-3.16522681573e+00
-3.16583370518e+00
-3.16482535869e+00
-3.16417824870e+00
-3.16183786692e+00
-3.16492110555e+00
-3.16271101685e+00
-3.16416827842e+00
-3.16358959441e+00
-3.16139640535e+00
-3.16452684446e+00
-3.16361981404e+00
-3.16448739491e+00
-3.16207469446e+00
-3.16329735884e+00
-3.16517512715e+00
-3.16483611188e+00
-3.16563350917e+00
-3.16532008449e+00
-3.16325884432e+00
-3.16440682979e+00
-3.16520573671e+00
-3.16671500078e+00
-3.16178813625e+00
-3.16278747531e+00
-3.16555341980e+00
-3.16387222015e+00
-3.16355857449e+00
-3.16672054530e+00
-3.16374042708e+00
-3.16367462915e+00
-3.16382768318e+00
-3.16403883718e+00
-3.16471863927e+00
-3.16274570052e+00
-3.16512624931e+00
-3.16496431790e+00
-3.16423437037e+00
-3.16365653622e+00
-3.16335437604e+00
-3.16511023976e+00
-3.16453411254e+00
-3.16317179389e+00
-3.16531511715e+00
-3.16396532168e+00
-3.16460175615e+00
-3.16496010105e+00
-3.16572779301e+00
-3.16244529898e+00
-3.16365982679e+00
-3.16277104099e+00
-3.16524755386e+00
-3.16436787262e+00
-3.16293430152e+00
-3.16450010890e+00
-3.16458767092e+00
-3.16563368999e+00
-3.16467924882e+00
-3.16640833395e+00
-3.16439172618e+00
-3.16430698822e+00
-3.16497783375e+00
-3.16515023809e+00
-3.16380334007e+00
-3.16309222883e+00
-3.16364555116e+00
-3.16523554385e+00
-3.16600222554e+00
-3.16470298549e+00
-3.16374586616e+00
-3.16565299310e+00
-3.16463180701e+00
-3.16477312596e+00
-3.16445890855e+00
-3.16647108630e+00
-3.16290661465e+00
-3.16498248604e+00
-3.16534914048e+00
-3.16560963460e+00
-3.16546167590e+00
-3.16541005011e+00
-3.16622358390e+00
-3.16201984531e+00
-3.16339664410e+00
-3.16254163771e+00
-3.16469412739e+00
-3.16348211059e+00
-3.16403571686e+00
-3.16300232997e+00
-3.16339368318e+00
-3.16374685683e+00
-3.16365794477e+00
-3.16244050210e+00
-3.16342321475e+00
-3.16461901208e+00
-3.16400717713e+00
-3.16488836919e+00
-3.16574109971e+00
-3.16395596528e+00
-3.16455390961e+00
-3.16619629714e+00
-3.16433116962e+00
-3.16502490943e+00
-3.16721421437e+00
-3.16452582600e+00
-3.16357211567e+00
-3.16554274500e+00
-3.16424643224e+00
-3.16285358194e+00
-3.16591856716e+00
-3.16507052223e+00
-3.16400352203e+00
-3.16500338831e+00
-3.16242504104e+00
-3.16319456228e+00
-3.16421411965e+00
-3.16452136134e+00
-3.16592883559e+00
-3.16461780849e+00
-3.16367341179e+00
-3.16249062919e+00
-3.16525880437e+00
-3.16174048549e+00
-3.16343445150e+00
-3.16399351545e+00
-3.16313930917e+00
-3.16504237388e+00
-3.16519473589e+00
-3.16287758800e+00
-3.16571769843e+00
-3.16280616649e+00
-3.16450817468e+00
-3.16359307221e+00
-3.16377067060e+00
-3.16409534256e+00
-3.16539761838e+00
-3.16386914490e+00
-3.16386179482e+00
-3.16491139900e+00
-3.16249889795e+00
-3.16355720380e+00
-3.16497016999e+00
-3.16628258932e+00
-3.16295719043e+00
-3.16261030715e+00
-3.16384909368e+00
-3.16433430735e+00
-3.16373764786e+00
-3.16393176278e+00
-3.16555138223e+00
-3.16427375781e+00
-3.16298961585e+00
-3.16297422582e+00
-3.16165736219e+00
-3.16407830054e+00
-3.16308561905e+00
-3.16063152680e+00
-3.16473399887e+00
-3.16377121276e+00
-3.16354204635e+00
-3.16365282578e+00
-3.16394653864e+00
-3.16528451235e+00
-3.16397615064e+00
-3.16781219353e+00
-3.16452716136e+00
-3.16315266359e+00
-3.16361977340e+00
-3.16622704600e+00
-3.16425030976e+00
-3.16216308096e+00
-3.16513207044e+00
-3.16471014360e+00
-3.16430859365e+00
-3.16642304601e+00
-3.16512230931e+00
-3.16477076110e+00
-3.16377242725e+00
-3.16238172996e+00
-3.16459254970e+00
-3.16473517712e+00
-3.16416839221e+00
-3.16556657531e+00
-3.16179881629e+00
-3.16293868481e+00
-3.16448931208e+00
-3.16305229732e+00
-3.16405529397e+00
-3.16522450237e+00
-3.16812155952e+00
-3.16367927119e+00
-3.16386344787e+00
-3.16554526491e+00
-3.16415423795e+00
-3.16509523412e+00
-3.16434148448e+00
-3.16406060292e+00
-3.16310163024e+00
-3.16525824806e+00
-3.16274794323e+00
-3.16295648858e+00
-3.16419189578e+00
-3.16261147628e+00
-3.16310163935e+00
-3.16423536112e+00
-3.16315899366e+00
-3.16502196385e+00
-3.16720946328e+00
-3.16391854921e+00
-3.16409896058e+00
-3.16496960474e+00
-3.16516245940e+00
-3.16547011105e+00
-3.16621790468e+00
-3.16416138701e+00
-3.16374472843e+00
-3.16398604151e+00
-3.16376118338e+00
-3.16435099865e+00
-3.16345409671e+00
-3.16293461698e+00
-3.16312161657e+00
-3.16387074780e+00
-3.16359547365e+00
-3.16558829474e+00
-3.16254772739e+00
-3.16427113597e+00
-3.16444597927e+00
-3.16385326996e+00
-3.16357151686e+00
-3.16396980886e+00
-3.16293414399e+00
-3.16133398088e+00
-3.16514549514e+00
-3.16284595088e+00
-3.16251915967e+00
-3.16508575970e+00
-3.16558878475e+00
-3.16367196663e+00
-3.16243611807e+00
-3.16358779405e+00
-3.16323789225e+00
-3.16202979064e+00
-3.16514151043e+00
-3.16433484760e+00
-3.16450472424e+00
-3.16565496740e+00
-3.16610880501e+00
-3.16465756436e+00
-3.16419974364e+00
-3.16399522250e+00
-3.16474928696e+00
-3.16371515095e+00
-3.16395547182e+00
-3.16465115514e+00
-3.16329605120e+00
-3.16406959596e+00
-3.16392956036e+00
-3.16501603897e+00
-3.16390477705e+00
-3.16566017391e+00
-3.16404402305e+00
-3.16410253379e+00
-3.16570225264e+00
-3.16514679594e+00
-3.16439396223e+00
-3.16383675277e+00
-3.16503618682e+00
-3.16279871965e+00
-3.16494850808e+00
-3.16529014964e+00
-3.16363747111e+00
-3.16422678684e+00
-3.16471628593e+00
-3.16578428135e+00
-3.16425449912e+00
-3.16546729102e+00
-3.16181335005e+00
-3.16487293114e+00
-3.16631900482e+00
-3.16386575158e+00
-3.16422830206e+00
-3.16454525966e+00
-3.16377839319e+00
-3.16476401794e+00
-3.16482735274e+00
-3.16557138557e+00
-3.16416260615e+00
-3.16267962110e+00
-3.16518827567e+00
-3.16413643167e+00
-3.16613728565e+00
-3.16420495875e+00
-3.16488767358e+00
-3.16443364728e+00
-3.16494620450e+00
-3.16443871440e+00
-3.16570661280e+00
-3.16463797233e+00
-3.16472053314e+00
-3.16637494146e+00
-3.16411765927e+00
-3.16349425397e+00
-3.16341647695e+00
-3.16594557429e+00
-3.16570478863e+00
-3.16477183268e+00
-3.16476000336e+00
-3.16448356863e+00
-3.16288031802e+00
-3.16556818944e+00
-3.16556203148e+00
-3.16661664007e+00
-3.16556787157e+00
-3.16383421541e+00
-3.16419455977e+00
-3.16337178019e+00
-3.16345700376e+00
-3.16426492747e+00