-5.73001762884e+00
-5.72572539129e+00
-5.72530127119e+00
-5.73089518541e+00
-5.72783294275e+00
-5.72678646898e+00
-5.72483107071e+00
-5.72672366877e+00
-5.73058459391e+00
-5.73064286002e+00
-5.72729936758e+00
-5.72607320098e+00
-5.72998032569e+00
-5.72944713255e+00
-5.72536100511e+00
-5.72706090438e+00
-5.72637928417e+00
-5.72691830908e+00
-5.72818700414e+00
-5.72695475500e+00
-5.73296551649e+00
-5.72766979444e+00
-5.72970373394e+00
-5.72732747267e+00
-5.72972978593e+00
-5.73077209670e+00
-5.73046335404e+00
-5.72631743053e+00
-5.72584332169e+00
-5.72909884282e+00
-5.72742119109e+00
-5.73054199214e+00
-5.72751069978e+00
-5.72713085934e+00
-5.73091611566e+00
-5.72972618111e+00
-5.72954350678e+00
-5.72887462305e+00
-5.72441119417e+00
-5.72633736763e+00
-5.73018679699e+00
-5.72450030399e+00
-5.72890362320e+00
-5.72922514716e+00
-5.73021604913e+00
-5.72957515107e+00
-5.73034360213e+00
-5.72900421867e+00
-5.72710361912e+00
-5.72730748189e+00
-5.72649021680e+00
-5.73076812895e+00
-5.72534621624e+00
-5.72500945149e+00
-5.72990752197e+00
-5.72905247999e+00
-5.72627160760e+00
-5.72825682265e+00
-5.73159700435e+00
-5.72962592885e+00
-5.72749772391e+00
-5.72674891719e+00
-5.72527899766e+00
-5.72687505866e+00
-5.72754125964e+00
-5.72482198457e+00
-5.72802731132e+00
-5.72853210787e+00
-5.73053035238e+00
-5.72560060374e+00
-5.72797087761e+00
-5.72643991558e+00
-5.73069803691e+00
-5.72919656458e+00
-5.73185033584e+00
-5.72757216021e+00
-5.72524849963e+00
-5.72515806451e+00
-5.72618096348e+00
-5.72574914801e+00
-5.72815627855e+00
-5.72829302954e+00
-5.72678175656e+00
-5.72756757136e+00
-5.72932309266e+00
-5.72655318278e+00
-5.72843071991e+00
-5.72706442681e+00
-5.72862752995e+00
-5.72968624681e+00
-5.73047210593e+00
-5.72551799097e+00
-5.72813347029e+00
-5.72633118391e+00
-5.72755318562e+00
-5.72540294833e+00
-5.72514343856e+00
-5.72612027413e+00
-5.72988104936e+00
-5.72597907820e+00
-5.72584931696e+00
-5.73070599599e+00
-5.72944520946e+00
-5.72796770878e+00
-5.72165271005e+00
-5.72742619653e+00
-5.73035695362e+00
-5.72966564471e+00
-5.72482193144e+00
-5.72416827522e+00
-5.72831747846e+00
-5.72749502384e+00
-5.72927322947e+00
-5.72752544700e+00
-5.72699005728e+00
-5.72760161313e+00
-5.72796487590e+00
-5.72855554746e+00
-5.72837231632e+00
-5.72873451307e+00
-5.72955456863e+00
-5.72593966688e+00
-5.73159235703e+00
-5.73075943756e+00
-5.72485198293e+00
-5.72429523296e+00
-5.72712310128e+00
-5.72674990893e+00
-5.72670964916e+00
-5.72533428783e+00
-5.72773485287e+00
-5.72789608577e+00
-5.72799302371e+00
-5.72924720717e+00
-5.72625320152e+00
-5.72761558848e+00
-5.72891889128e+00
-5.72635823460e+00
-5.72749236861e+00
-5.72595727368e+00
-5.72714879181e+00
-5.72762955207e+00
-5.72875474167e+00
-5.72743356198e+00
-5.72423217104e+00
-5.73001381577e+00
-5.72867189572e+00
-5.73284871332e+00
-5.73072199229e+00
-5.72707116149e+00
-5.73101437665e+00
-5.72815358154e+00
-5.72971602571e+00
-5.72680801917e+00
-5.72596200734e+00
-5.72722672679e+00
-5.73014071560e+00
-5.72574987758e+00
-5.72918089128e+00
-5.72575119989e+00
-5.72773985756e+00
-5.72904388232e+00
-5.72747790484e+00
-5.73098188097e+00
-5.72901301078e+00
-5.72865179314e+00
-5.73048128410e+00
-5.72564502052e+00
-5.72442242839e+00
-5.73047886275e+00
-5.72642433842e+00
-5.72449234133e+00
-5.72695026725e+00
-5.72794224700e+00
-5.72843702092e+00
-5.72863702551e+00
-5.72772893381e+00
-5.73105585503e+00
-5.72787139311e+00
-5.72733766803e+00
-5.72858315027e+00
-5.72786796368e+00
-5.72924400277e+00
-5.73081200646e+00
-5.72876354919e+00
-5.72761646841e+00
-5.72320898682e+00
-5.72848431705e+00
-5.72435009612e+00
-5.72712291299e+00
-5.72682061629e+00
-5.72265037997e+00
-5.72833077983e+00
-5.72675968326e+00
-5.72823404974e+00
-5.72428385434e+00
-5.72522092409e+00
-5.72922574698e+00
-5.72881878156e+00
-5.72956229727e+00
-5.72939283753e+00
-5.72685464586e+00
-5.72727102986e+00
-5.72926209916e+00
-5.73151158950e+00
-5.72282640044e+00
-5.72473973388e+00
-5.72963693953e+00
-5.72672530170e+00
-5.72665431025e+00
-5.73096007061e+00
-5.72706619340e+00
-5.72685302105e+00
-5.72651424715e+00
-5.72802680752e+00
-5.72853040391e+00
-5.72480468884e+00
-5.72846820385e+00
-5.72835369625e+00
-5.72818206100e+00
-5.72673099641e+00
-5.72645945646e+00
-5.72883898587e+00
-5.72772292311e+00
-5.72550107350e+00
-5.72849145241e+00
-5.72679456122e+00
-5.72810511573e+00
-5.72933368889e+00
-5.72955553764e+00
-5.72438790674e+00
-5.72703673047e+00
-5.72532131245e+00
-5.72990279749e+00
-5.72713092602e+00
-5.72488388871e+00
-5.72862285544e+00
-5.72858444795e+00
-5.73024344592e+00
-5.72858310932e+00
-5.73054312534e+00
-5.72838004166e+00
-5.72749356059e+00
-5.72816461101e+00
-5.72845588109e+00
-5.72748842919e+00
-5.72636950784e+00
-5.72689930862e+00
-5.72932761330e+00
-5.73088752996e+00
-5.72922598613e+00
-5.72691704893e+00
-5.73008248014e+00
-5.72722241554e+00
-5.72899342423e+00
-5.72890012736e+00
-5.73098152818e+00
-5.72446001448e+00
-5.72784380865e+00
-5.72977817703e+00
-5.73000517976e+00
-5.72938647559e+00
-5.72978645124e+00
-5.73072179470e+00
-5.72498556063e+00
-5.72642571571e+00
-5.72519338663e+00
-5.72781595634e+00
-5.72596171638e+00
-5.72783475689e+00
-5.72559529027e+00
-5.72568600505e+00
-5.72661426888e+00
-5.72669269762e+00
-5.72460732552e+00
-5.72669496643e+00
-5.72813354183e+00
-5.72799115453e+00
-5.72810539418e+00
-5.72900063158e+00
-5.72664945355e+00
-5.72852570677e+00
-5.73000767683e+00
-5.72740232677e+00
-5.72955624809e+00
-5.73260497959e+00
-5.72797011394e+00
-5.72624704203e+00
-5.72946716201e+00
-5.72777331914e+00
-5.72476752892e+00
-5.73104819743e+00
-5.72896716902e+00
-5.72783356255e+00
-5.72887277272e+00
-5.72425520195e+00
-5.72581564696e+00
-5.72753902841e+00
-5.72733488409e+00
-5.73034859850e+00
-5.72865336983e+00
-5.72702274837e+00
-5.72431943601e+00
-5.72888661456e+00
-5.72332282450e+00
-5.72583493299e+00
-5.72715177815e+00
-5.72636580014e+00
-5.72831454628e+00
-5.73039592536e+00
-5.72548761996e+00
-5.73014401822e+00
-5.72467187080e+00
-5.72774944584e+00
-5.72592339737e+00
-5.72695867077e+00
-5.72866574509e+00
-5.72894583810e+00
-5.72770495528e+00
-5.72693370284e+00
-5.72815978522e+00
-5.72576108962e+00
-5.72556877388e+00
-5.72881899490e+00
-5.73150387036e+00
-5.72536958041e+00
-5.72519231059e+00
-5.72722419241e+00
-5.72756094403e+00
-5.72700506306e+00
-5.72767175269e+00
-5.72925022635e+00
-5.72765845211e+00
-5.72539208980e+00
-5.72423271394e+00
-5.72327826903e+00
-5.72620620326e+00
-5.72593652739e+00
-5.72179045273e+00
-5.72851540113e+00
-5.72708514415e+00
-5.72635298488e+00
-5.72626425435e+00
-5.72735751699e+00
-5.73034881906e+00
-5.72728867087e+00
-5.73364460033e+00
-5.72794196790e+00
-5.72686511128e+00
-5.72688617931e+00
-5.73077749477e+00
-5.72642183773e+00
-5.72367540079e+00
-5.72988836543e+00
-5.72790859477e+00
-5.72763061329e+00
-5.73098317636e+00
-5.72930444988e+00
-5.72913425880e+00
-5.72724478332e+00
-5.72529691113e+00
-5.72860230106e+00
-5.72783149936e+00
-5.72762274974e+00
-5.72922051263e+00
-5.72355064220e+00
-5.72495983207e+00
-5.72788997257e+00
-5.72517771780e+00
-5.72830319676e+00
-5.72891631045e+00
-5.73395565711e+00
-5.72688423375e+00
-5.72687187974e+00
-5.73099565852e+00
-5.72707694480e+00
-5.72898704620e+00
-5.72779449942e+00
-5.72733442912e+00
-5.72579778932e+00
-5.72936137118e+00
-5.72477944916e+00
-5.72569189777e+00
-5.72701377182e+00
-5.72521852089e+00
-5.72615076088e+00
-5.72725240305e+00
-5.72564967755e+00
-5.72914927556e+00
-5.73301082577e+00
-5.72696769343e+00
-5.72733189623e+00
-5.72889608702e+00
-5.72839881576e+00
-5.72997192847e+00
-5.73047719320e+00
-5.72714628933e+00
-5.72736255800e+00
-5.72720723958e+00
-5.72644176819e+00
-5.72798165091e+00
-5.72619389080e+00
-5.72443504402e+00
-5.72513616834e+00
-5.72718277456e+00
-5.72642418015e+00
-5.72998565947e+00
-5.72421994663e+00
-5.72900997925e+00
-5.72739740486e+00
-5.72706452294e+00
-5.72530297070e+00
-5.72713771270e+00
-5.72567346560e+00
-5.72325189994e+00
-5.72944300903e+00
-5.72599991126e+00
-5.72406886956e+00
-5.72874040829e+00
-5.72969230740e+00
-5.72696837157e+00
-5.72385368593e+00
-5.72569111177e+00
-5.72542529087e+00
-5.72387135521e+00
-5.72949155678e+00
-5.72760041774e+00
-5.72824519867e+00
-5.73027093287e+00
-5.73088521785e+00
-5.72941891646e+00
-5.72807480520e+00
-5.72680339836e+00
-5.72880359694e+00
-5.72710121048e+00
-5.72735159502e+00
-5.72843667463e+00
-5.72479860606e+00
-5.72675650294e+00
-5.72728232418e+00
-5.72876569871e+00
-5.72718845069e+00
-5.72998584451e+00
-5.72636712319e+00
-5.72773263222e+00
-5.72933077705e+00
-5.72829889361e+00
-5.72853251240e+00
-5.72624672487e+00
-5.72916465055e+00
-5.72525566180e+00
-5.72813133988e+00
-5.72893787269e+00
-5.72688320125e+00
-5.72803153194e+00
-5.72807390759e+00
-5.72992419524e+00
-5.72778763913e+00
-5.72976071588e+00
-5.72361859419e+00
-5.73002489687e+00
-5.73111305150e+00
-5.72679679707e+00
-5.72750443011e+00
-5.72798628051e+00
-5.72725197392e+00
-5.72893631115e+00
-5.72840757738e+00
-5.73014832879e+00
-5.72716149640e+00
-5.72523129153e+00
-5.72996581441e+00
-5.72778258103e+00
-5.73073324993e+00
-5.72752114172e+00
-5.72734758325e+00
-5.72870264662e+00
-5.72855434988e+00
-5.72843877252e+00
-5.73006695130e+00
-5.72759934834e+00
-5.72811056454e+00
-5.73107776903e+00
-5.72796598761e+00
-5.72640545771e+00
-5.72589493464e+00
-5.73034141781e+00
-5.73041434324e+00
-5.72879002563e+00
-5.72795862271e+00
-5.72822956756e+00
-5.72508327260e+00
-5.72923886085e+00
-5.72981743580e+00
-5.73176225778e+00
-5.73047082550e+00
-5.72732462019e+00
-5.72857062712e+00
-5.72661773919e+00
-5.72620753663e+00
-5.72765163893e+00