-5.78509543041e+00
-5.78408471453e+00
-5.80344253767e+00
-5.82163260236e+00
-5.80986385225e+00
-5.76689671467e+00
-5.76710470080e+00
-5.79354571114e+00
-5.81219715728e+00
-5.79302853211e+00
-5.80309461406e+00
-5.77578764754e+00
-5.79085224478e+00
-5.78625117870e+00
-5.80134175927e+00
-5.83156720721e+00
-5.79580094302e+00
-5.79293761782e+00
-5.81216111995e+00
-5.77292807751e+00
-5.81705158580e+00
-5.82531372188e+00
-5.79171288926e+00
-5.79931132346e+00
-5.79023201252e+00
-5.79875064820e+00
-5.78503599364e+00
-5.79176242595e+00
-5.79209840587e+00
-5.79084273051e+00
-5.80172260948e+00
-5.80319831738e+00
-5.79313895819e+00
-5.79504001586e+00
-5.79540266785e+00
-5.78289425229e+00
-5.79032531376e+00
-5.80506244662e+00
-5.77776474058e+00
-5.77759138582e+00
-5.80419375952e+00
-5.77093038924e+00
-5.79757020365e+00
-5.80465956836e+00
-5.79786205779e+00
-5.80910701566e+00
-5.80504401562e+00
-5.79045966398e+00
-5.79795303541e+00
-5.79356634985e+00
-5.79811472189e+00
-5.78649895992e+00
-5.80734335226e+00
-5.78302414705e+00
-5.79793437878e+00
-5.77753433213e+00
-5.79647807977e+00
-5.77605956501e+00
-5.82165715585e+00
-5.78351699557e+00
-5.78029026411e+00
-5.79731199712e+00
-5.80168988282e+00
-5.80927745879e+00
-5.78101287028e+00
-5.77642607625e+00
-5.81545026041e+00
-5.78682656158e+00
-5.76964651783e+00
-5.79174860273e+00
-5.80803217610e+00
-5.79003225442e+00
-5.81260699520e+00
-5.79267011941e+00
-5.81311342665e+00
-5.80490384000e+00
-5.81133294337e+00
-5.82893484131e+00
-5.79943889877e+00
-5.79393501247e+00
-5.78614950347e+00
-5.82164615465e+00
-5.77816530575e+00
-5.78462256939e+00
-5.77103928258e+00
-5.79688000223e+00
-5.76522633347e+00
-5.80987078872e+00
-5.80586224169e+00
-5.78563989546e+00
-5.78253852172e+00
-5.77736052251e+00
-5.80258200748e+00
-5.79585513374e+00
-5.78934246709e+00
-5.79874677084e+00
-5.80175305839e+00
-5.82551749695e+00
-5.79184584434e+00
-5.77417927411e+00
-5.79716254019e+00
-5.79068138181e+00
-5.77760699382e+00
-5.82877138348e+00
-5.78591912278e+00
-5.79794521678e+00
-5.82105343434e+00
-5.78451788884e+00
-5.80060379084e+00
-5.82224893788e+00
-5.81602197835e+00
-5.78879289564e+00
-5.81838521369e+00
-5.80375175082e+00
-5.77139803912e+00
-5.81347872981e+00
-5.79451887923e+00
-5.80569683531e+00
-5.80489756824e+00
-5.80897590450e+00
-5.80078625727e+00
-5.80728246434e+00
-5.78663700773e+00
-5.78728045731e+00
-5.78411916649e+00
-5.78808791648e+00
-5.80439826587e+00
-5.77539118115e+00
-5.81545572761e+00
-5.78814902261e+00
-5.78144903696e+00
-5.78574192534e+00
-5.77796472490e+00
-5.79010416278e+00
-5.77851656226e+00
-5.78385911830e+00
-5.78151477622e+00
-5.80698263954e+00
-5.78576506673e+00
-5.80322689313e+00
-5.76690424191e+00
-5.78994853669e+00
-5.79434499298e+00
-5.79401567690e+00
-5.78926879524e+00
-5.79287704555e+00
-5.78610713554e+00
-5.79775425396e+00
-5.77863954562e+00
-5.78182286260e+00
-5.77515798340e+00
-5.79765359261e+00
-5.81643332413e+00
-5.82215585720e+00
-5.81430269173e+00
-5.80164209022e+00
-5.78096307605e+00
-5.81240625841e+00
-5.78429849964e+00
-5.79867116491e+00
-5.81051279974e+00
-5.80910833844e+00
-5.78881590313e+00
-5.81666782918e+00
-5.77585098963e+00
-5.78798029959e+00
-5.78774351609e+00
-5.78881662573e+00
-5.78460015954e+00
-5.79630702381e+00
-5.77710665877e+00
-5.77250754724e+00
-5.79764484162e+00
-5.79358684369e+00
-5.78056646926e+00
-5.80357074896e+00
-5.80290027823e+00
-5.78768377325e+00
-5.79262504247e+00
-5.80478992983e+00
-5.80704824686e+00
-5.79743568672e+00
-5.79487614100e+00
-5.79009059656e+00
-5.79086373316e+00
-5.80511613939e+00
-5.78923803070e+00
-5.80795122954e+00
-5.80205962932e+00
-5.80475295697e+00
-5.78340673616e+00
-5.79845790156e+00
-5.77082558569e+00
-5.77059081496e+00
-5.79541519135e+00
-5.77845370258e+00
-5.78483422072e+00
-5.79347993929e+00
-5.78990861989e+00
-5.79391840369e+00
-5.79070165256e+00
-5.80027862099e+00
-5.79830510002e+00
-5.78517231793e+00
-5.78628349163e+00
-5.78129513917e+00
-5.77234186764e+00
-5.79982442490e+00
-5.81228803290e+00
-5.78811461154e+00
-5.80290619570e+00
-5.78889195407e+00
-5.80722487226e+00
-5.77401455951e+00
-5.79778160608e+00
-5.78374675440e+00
-5.78294494349e+00
-5.79787083356e+00
-5.79810711229e+00
-5.77894859122e+00
-5.77335288443e+00
-5.78464949459e+00
-5.78101485145e+00
-5.78113244060e+00
-5.80895271513e+00
-5.80441385916e+00
-5.76193714170e+00
-5.78174656431e+00
-5.79411597953e+00
-5.77604392384e+00
-5.78553438001e+00
-5.79289811702e+00
-5.79303288606e+00
-5.80878895513e+00
-5.79097503236e+00
-5.77811554790e+00
-5.80082434694e+00
-5.81416307319e+00
-5.77426273402e+00
-5.79023992464e+00
-5.79550509704e+00
-5.78023411598e+00
-5.79915323102e+00
-5.79046568250e+00
-5.80158211037e+00
-5.79579430315e+00
-5.76849057315e+00
-5.79738005714e+00
-5.79622489928e+00
-5.80088673400e+00
-5.78004218313e+00
-5.79909253236e+00
-5.75982097700e+00
-5.78454983633e+00
-5.79918485819e+00
-5.78006597903e+00
-5.79624360283e+00
-5.78622019255e+00
-5.77914045719e+00
-5.81699953177e+00
-5.81964446394e+00
-5.80203379611e+00
-5.79559506739e+00
-5.79393226720e+00
-5.79260445880e+00
-5.81874254330e+00
-5.78908812447e+00
-5.81880948161e+00
-5.77329883915e+00
-5.82015591452e+00
-5.76330539522e+00
-5.80140439957e+00
-5.79891608865e+00
-5.80620435692e+00
-5.79386263565e+00
-5.79730343880e+00
-5.79948584483e+00
-5.78155880865e+00
-5.78555748873e+00
-5.77149877854e+00
-5.78246800890e+00
-5.78843205997e+00
-5.80156519401e+00
-5.80997690101e+00
-5.80967716408e+00
-5.77958954014e+00
-5.78546521656e+00
-5.81302258712e+00
-5.79428865649e+00
-5.80974126957e+00
-5.79500269895e+00
-5.77541206215e+00
-5.79168352880e+00
-5.80041358051e+00
-5.80260654284e+00
-5.79404041675e+00
-5.78677837594e+00
-5.81492787349e+00
-5.79835335616e+00
-5.80457781299e+00
-5.79912626964e+00
-5.81760732325e+00
-5.77638367461e+00
-5.79426295488e+00
-5.78703933390e+00
-5.79309894378e+00
-5.77075082067e+00
-5.80521795143e+00
-5.79530374646e+00
-5.79167422598e+00
-5.78517892344e+00
-5.79022447297e+00
-5.80734063127e+00
-5.80030164533e+00
-5.80426482927e+00
-5.77124322691e+00
-5.79927888922e+00
-5.77038642166e+00
-5.79010667354e+00
-5.79307667503e+00
-5.81860834637e+00
-5.78746445018e+00
-5.79956494327e+00
-5.77971070726e+00
-5.78159496949e+00
-5.80145122639e+00
-5.78491781947e+00
-5.79192325300e+00
-5.77767693783e+00
-5.80748723477e+00
-5.80875011009e+00
-5.78948757287e+00
-5.76709882458e+00
-5.79486385400e+00
-5.81756739612e+00
-5.79798475032e+00
-5.79742098170e+00
-5.80680492394e+00
-5.78681559939e+00
-5.78910736976e+00
-5.78143110650e+00
-5.79489263183e+00
-5.81679001499e+00
-5.81736450080e+00
-5.77755233925e+00
-5.79737754245e+00
-5.78953193430e+00
-5.77737593240e+00
-5.78732222665e+00
-5.79032096198e+00
-5.79401030052e+00
-5.79305491032e+00
-5.79092536530e+00
-5.82022276314e+00
-5.81018961077e+00
-5.79786443268e+00
-5.77590821989e+00
-5.78509853322e+00
-5.80928845797e+00
-5.79736917338e+00
-5.78591325712e+00
-5.80427808255e+00
-5.80930077332e+00
-5.80392270356e+00
-5.77129011879e+00
-5.80946198074e+00
-5.78681572177e+00
-5.75910360667e+00
-5.78685157338e+00
-5.80231273515e+00
-5.80509233348e+00
-5.80104408304e+00
-5.78798147031e+00
-5.79949318961e+00
-5.78423209060e+00
-5.78292252917e+00
-5.80059410486e+00
-5.79280413379e+00
-5.77120402611e+00
-5.79057224932e+00
-5.78261720139e+00
-5.79476193875e+00
-5.78987421791e+00
-5.80627701619e+00
-5.79332045296e+00
-5.77523411347e+00
-5.78099675304e+00
-5.75444423885e+00
-5.80289586207e+00
-5.79728324845e+00
-5.77731168851e+00
-5.80537689379e+00
-5.78886140150e+00
-5.78598043292e+00
-5.80155984806e+00
-5.79111988214e+00
-5.80602994602e+00
-5.76856261833e+00
-5.77350844065e+00
-5.78081647539e+00
-5.80525185732e+00
-5.77207515147e+00
-5.77594513339e+00
-5.77698053535e+00
-5.79165558374e+00
-5.79001633233e+00
-5.81035912396e+00
-5.80018986221e+00
-5.78610496369e+00
-5.77746081614e+00
-5.80255991163e+00
-5.80254487077e+00
-5.76463040025e+00
-5.77255463124e+00
-5.79159324494e+00
-5.79578615508e+00
-5.77966530692e+00
-5.80784877582e+00
-5.78291840800e+00
-5.77646254469e+00
-5.78935687002e+00
-5.78174801532e+00
-5.77087039757e+00
-5.78035656349e+00
-5.80608212575e+00
-5.79854694031e+00
-5.80309124759e+00
-5.79738613211e+00
-5.77429730566e+00
-5.79013318642e+00
-5.79005740000e+00
-5.79716161163e+00
-5.77329100065e+00
-5.79301318722e+00
-5.77405525090e+00
-5.78077385138e+00
-5.77032073502e+00
-5.78663110458e+00
-5.80324537193e+00
-5.77793004972e+00
-5.77969205793e+00
-5.77721840130e+00
-5.78573148519e+00
-5.81176513870e+00
-5.80679209571e+00
-5.79693860233e+00
-5.80931337257e+00
-5.79734346679e+00
-5.78758976852e+00
-5.78847662761e+00
-5.78479559984e+00
-5.80745455145e+00
-5.80737040293e+00
-5.80008367372e+00
-5.77147124974e+00
-5.79438978450e+00
-5.80255584070e+00
-5.78932828279e+00
-5.78653739942e+00
-5.79441782499e+00
-5.78328578356e+00
-5.81676440620e+00
-5.80418778277e+00
-5.79807531343e+00
-5.77551407369e+00
-5.80547145512e+00
-5.79695374669e+00
-5.79798674416e+00
-5.78863301529e+00
-5.80396971622e+00
-5.78451665055e+00
-5.80558578177e+00
-5.80400359414e+00
-5.79410642202e+00
-5.80233183612e+00
-5.79515352868e+00
-5.80111569757e+00
-5.77877012101e+00
-5.79767373240e+00
-5.79931279233e+00
-5.77728956159e+00
-5.80555744018e+00
-5.78149024896e+00
-5.82388221742e+00
-5.79833792771e+00
-5.81423105237e+00
-5.79328809345e+00
-5.77356625197e+00
-5.75670524467e+00
-5.78915921083e+00
-5.76567725666e+00
-5.78657299429e+00
-5.81233231628e+00
-5.80117054494e+00
-5.78956948140e+00
-5.78226053414e+00
-5.78450055846e+00
-5.76670726690e+00
-5.78540159270e+00
-5.77952229086e+00
-5.79277497926e+00