9.29712915781e-01
9.18615608282e-01
9.03919557528e-01
9.09443758561e-01
9.15358654056e-01
9.12038099449e-01
9.07991804269e-01
9.14768619223e-01
8.85303699301e-01
9.01861253707e-01
8.86910180784e-01
8.94408403602e-01
9.17156936293e-01
9.05937687552e-01
9.04323176790e-01
9.01134346116e-01
9.09837214577e-01
9.05639403801e-01
9.05168607948e-01
9.33672366516e-01
9.09322071661e-01
9.00498096775e-01
9.20326519262e-01
8.91025521372e-01
9.01312940701e-01
9.07748330824e-01
9.30020195460e-01
9.14723389864e-01
8.98324086850e-01
9.12829434606e-01
9.15768617438e-01
9.05164717229e-01
9.12774854564e-01
9.12343546367e-01
8.90438052557e-01
9.05692771660e-01
9.02123361130e-01
9.05104384546e-01
9.03185853602e-01
9.13496409519e-01
9.08401279044e-01
9.18272934007e-01
9.13799144455e-01
8.89231283777e-01
9.12911721654e-01
9.13616833615e-01
8.93100883690e-01
9.12889172046e-01
9.12258192810e-01
9.11150301814e-01
9.18011795988e-01
8.96440850066e-01
8.96285256498e-01
9.02626135845e-01
9.04356551305e-01
9.21610253397e-01
9.00874929820e-01
9.32009572564e-01
9.17712955368e-01
9.33983336856e-01
8.94323339301e-01
9.01880440125e-01
9.02276985306e-01
9.14064532578e-01
8.95660270364e-01
8.93796193868e-01
9.00540743817e-01
8.97087539957e-01
9.18803377761e-01
9.09739187339e-01
9.16372675898e-01
9.44779359250e-01
9.07636539358e-01
9.39361669768e-01
8.98830545442e-01
9.03092170414e-01
9.09889958905e-01
9.04165868541e-01
9.06452555406e-01
8.97292327133e-01
8.86535728520e-01
8.99163449677e-01
9.15690511815e-01
9.12828615659e-01
8.91469193621e-01
9.03063620009e-01
9.22889638328e-01
9.12987227153e-01
8.96995142322e-01
9.02186012084e-01
9.13250439622e-01
9.14910345833e-01
8.91070463474e-01
9.09209612835e-01
9.21027897865e-01
9.11084778529e-01
9.23558308472e-01
9.28270332212e-01
9.18809528000e-01
9.21274289743e-01
9.10726814229e-01
9.44754756024e-01
9.03385667495e-01
9.10322359505e-01
8.96682269743e-01
9.14116683384e-01
9.08220443596e-01
9.18228643753e-01
9.06600568706e-01
9.13889856762e-01
9.07120121601e-01
9.16160382969e-01
9.20520594718e-01
9.19703601515e-01
9.09851242599e-01
9.27080094003e-01
9.19188953559e-01
8.97126174778e-01
9.04967888454e-01
9.09401879620e-01
9.27112413012e-01
9.08988774117e-01
9.01397342029e-01
9.02134152633e-01
9.03676976908e-01
9.14492983331e-01
9.34854899805e-01
9.21040307139e-01
8.98701257969e-01
9.10043535060e-01
9.20261062825e-01
9.09556552220e-01
8.94836603932e-01
8.99676802758e-01
9.01300754227e-01
9.12194121151e-01
9.00474754463e-01
8.98635150704e-01
9.09833850863e-01
9.12095793878e-01
9.25962274827e-01
9.33275612205e-01
9.19472091834e-01
9.02251433189e-01
9.07816008232e-01
9.14149008054e-01
9.00018064921e-01
9.15263360157e-01
9.13738978844e-01
9.07581537635e-01
9.01814710152e-01
9.14887800984e-01
8.97622526079e-01
9.29399599962e-01
8.99541705481e-01
9.16110369873e-01
9.04805508715e-01
9.10061299017e-01
9.09140987754e-01
9.27045187329e-01
9.33488457851e-01
8.99728986253e-01
8.96660979760e-01
9.20919444189e-01
9.14716184355e-01
8.98917433388e-01
9.36331039018e-01
9.06020783706e-01
9.04066543810e-01
9.11265632503e-01
9.10779333838e-01
8.94229169107e-01
9.11888681509e-01
8.96803239404e-01
9.12069637777e-01
9.02244477681e-01
9.02080483497e-01
8.92381407239e-01
9.04759220449e-01
9.14425925897e-01
9.13561608585e-01
9.07352208312e-01
9.14859945529e-01
9.00869362790e-01
9.17804664282e-01
8.92939851375e-01
9.06891960205e-01
9.15032436600e-01
8.90980050879e-01
9.14504953978e-01
9.19435338812e-01
9.04049084566e-01
9.08781009658e-01
9.12371110478e-01
9.11797591199e-01
8.94838881743e-01
9.09508154629e-01
9.12891823803e-01
9.00464130958e-01
9.34270560104e-01
9.13206497655e-01
9.14088372311e-01
9.08330309608e-01
9.08000404533e-01
8.87850499668e-01
9.04475669597e-01
9.01891145350e-01
9.08040629120e-01
8.97906220918e-01
9.07904441594e-01
9.14420710347e-01
9.01545025659e-01
9.08983289541e-01
9.01081982279e-01
8.97631157689e-01
8.90325451609e-01
9.08509986852e-01
9.16382206385e-01
8.99580495723e-01
9.17806687582e-01
9.16017032306e-01
9.28120667354e-01
9.09237156502e-01
8.93063850187e-01
9.08875976385e-01
8.95646506419e-01
9.02823524333e-01
9.27513002836e-01
9.08468541729e-01
9.10880886241e-01
9.07012783288e-01
9.07951230049e-01
8.91625520586e-01
8.92900676792e-01
9.21939382523e-01
9.06815853430e-01
8.97527855311e-01
9.12519184668e-01
9.23222968456e-01
9.08595505517e-01
9.19851187815e-01
9.05870245137e-01
9.07729902196e-01
8.98976351069e-01
8.94910007812e-01
8.85573619381e-01
9.31218538221e-01
8.99382676544e-01
8.96113720878e-01
9.03497265576e-01
8.97165788687e-01
9.04333060937e-01
9.27278059091e-01
9.25674420502e-01
8.96893322542e-01
9.02355947114e-01
9.07364232315e-01
9.11900663319e-01
9.14321315431e-01
8.83731106296e-01
9.20365128917e-01
9.12889735291e-01
9.16334209012e-01
9.14983498285e-01
9.12287690758e-01
9.00145358213e-01
9.31659223309e-01
9.15803238086e-01
8.98850164111e-01
9.16908094086e-01
8.99769034145e-01
9.24164151933e-01
9.22704127673e-01
9.17511640806e-01
9.03803301389e-01
9.20326296383e-01
9.13615970602e-01
9.08598785051e-01
9.11502858038e-01
9.14791752160e-01
8.92955377177e-01
9.00454361273e-01
8.89689810362e-01
9.02508882410e-01
8.94232723846e-01
9.02875735145e-01
8.98998412543e-01
9.02287110580e-01
9.13936047265e-01
9.03567634935e-01
9.15680764502e-01
9.10915587328e-01
8.95595139858e-01
8.99774583282e-01
9.04738802890e-01
8.86344470812e-01
9.04355106410e-01
8.85541926429e-01
8.90250402222e-01
9.08301655779e-01
8.85023905024e-01
8.98496300430e-01
8.99460942729e-01
9.06342586122e-01
9.27947996628e-01
9.03623585578e-01
9.05479765420e-01
9.13567594049e-01
8.82843939271e-01
9.16940611188e-01
9.10375794209e-01
9.07366176533e-01
9.06742717023e-01
8.82229673428e-01
9.07123519592e-01
9.07044728215e-01
9.17855220799e-01
8.97871863740e-01
9.01352730909e-01
9.08103156490e-01
9.08207771726e-01
9.12398001235e-01
9.05466227578e-01
9.17139896324e-01
8.98331275051e-01
9.05989320224e-01
9.19232509861e-01
9.15168193113e-01
9.05187317970e-01
9.08082934530e-01
9.05439014279e-01
9.15970230840e-01
9.20542333103e-01
9.08483659060e-01
9.17415796879e-01
9.10386164323e-01
9.10867754754e-01
9.14729499498e-01
9.13553194585e-01
8.98089545195e-01
8.97108721451e-01
9.08519892771e-01
9.06018604072e-01
9.19340985549e-01
9.13582262427e-01
9.01904627511e-01
9.01217607843e-01
8.98263910439e-01
9.10677416146e-01
9.11828410050e-01
9.10186807107e-01
9.17257921140e-01
9.22599805622e-01
8.99214505345e-01
9.20761914599e-01
9.01925375957e-01
9.12988604148e-01
9.15962358330e-01
9.17131907311e-01
8.87550581420e-01
9.23943622390e-01
9.02296585398e-01
9.09208618803e-01
9.27074788127e-01
9.12501247512e-01
9.08630323810e-01
9.27891183010e-01
9.02721936970e-01
9.04979751725e-01
9.15602762649e-01
9.19451393505e-01
8.93074662286e-01
8.85276540616e-01
9.16180729591e-01
9.17439561887e-01
9.05389877639e-01
9.10931283676e-01
9.20420159764e-01
9.02137874902e-01
8.95192256759e-01
8.90185317506e-01
9.12857300580e-01
9.13946454648e-01
9.10693574538e-01
9.04016423506e-01
8.86681624219e-01
9.07962317943e-01
9.11164762295e-01
9.15193313969e-01
9.12752746584e-01
9.12244287379e-01
9.05763143790e-01
9.22822537614e-01
8.99310147084e-01
9.17986314992e-01
8.98547666099e-01
8.99207032097e-01
9.08508932903e-01
9.00513867015e-01
9.03958097259e-01
9.10673671425e-01
9.29628293964e-01
9.27666403750e-01
9.13539056919e-01
9.16063080826e-01
9.00199849875e-01
8.94132041436e-01
9.01853338101e-01
8.93396198615e-01
9.19768649012e-01
9.08477334809e-01
9.11666734556e-01
8.93431176662e-01
9.07766385778e-01
9.03226893319e-01
9.15639538150e-01
9.08929804360e-01
9.21649746269e-01
9.21578706934e-01
9.26394916961e-01
9.24036970186e-01
9.00333037572e-01
8.98397443206e-01
9.09326221558e-01
9.00870227293e-01
9.05030075061e-01
9.07979640390e-01
9.08228837558e-01
9.11524988186e-01
9.18159311510e-01
8.93649670808e-01
8.86681335145e-01
8.90580305947e-01
9.11011132081e-01
8.89922846761e-01
9.10842430436e-01
9.05524063599e-01
9.19556032278e-01
9.09902665052e-01
9.07171556707e-01
9.05386629365e-01
9.10566042990e-01
9.14044103985e-01
9.26007882383e-01
9.09882376912e-01
8.95546429294e-01
9.11679459263e-01
9.11539702916e-01
9.05491680073e-01
9.00419246861e-01
9.09925997439e-01
9.05031408112e-01
8.93894212533e-01
8.97702526912e-01
9.12811622349e-01
9.21264016162e-01
8.86866227667e-01
9.16248296814e-01
8.84619360435e-01
9.14738950014e-01
8.95523381772e-01
9.22752453380e-01
9.23613369368e-01
9.02634075563e-01
9.24153637635e-01
9.04603286581e-01
9.06503150928e-01
9.15037640124e-01
8.83480639180e-01
9.08254921676e-01
9.07565051552e-01
9.01041730902e-01
9.07419853501e-01
9.01618622675e-01
9.19476516760e-01
9.03150877971e-01
8.99899643309e-01
9.15225280018e-01
9.05441119578e-01
9.04828709849e-01
9.37770641580e-01
9.15224022603e-01
9.01588257582e-01
9.03281417018e-01
9.01810846961e-01
9.08433344432e-01
9.13433001525e-01
9.02133143762e-01
9.24941282331e-01
9.02700984498e-01
9.04799368674e-01
9.17648867725e-01
9.16059222920e-01
9.01713748472e-01
9.05572530288e-01
9.21818746895e-01
9.10626194699e-01
9.26370046264e-01
9.11203005067e-01
9.27315097327e-01
9.08453673601e-01