-1.13612234531e+00
-1.12493837475e+00
-1.10627532853e+00
-1.11018749425e+00
-1.12100779448e+00
-1.11619279007e+00
-1.11283903281e+00
-1.11872569359e+00
-1.08564744840e+00
-1.10415712308e+00
-1.08493565557e+00
-1.09472696371e+00
-1.12616256835e+00
-1.11029214779e+00
-1.11065968734e+00
-1.10320611702e+00
-1.11411210073e+00
-1.11001348424e+00
-1.10897992814e+00
-1.14509301153e+00
-1.11317414567e+00
-1.10166802996e+00
-1.12910652797e+00
-1.09258591250e+00
-1.10536847670e+00
-1.11249233040e+00
-1.13613535038e+00
-1.11880145032e+00
-1.09979379185e+00
-1.11967249992e+00
-1.12282624410e+00
-1.10854002202e+00
-1.11613056765e+00
-1.11532049847e+00
-1.09055604149e+00
-1.11050307820e+00
-1.10337819751e+00
-1.10706939532e+00
-1.10501230302e+00
-1.11606354919e+00
-1.11135380260e+00
-1.12296901086e+00
-1.11951125929e+00
-1.09022691306e+00
-1.11738906666e+00
-1.11990946244e+00
-1.09362817940e+00
-1.11772610402e+00
-1.11784710684e+00
-1.11686695419e+00
-1.12436811060e+00
-1.09867751579e+00
-1.09865162961e+00
-1.10502135066e+00
-1.10657754630e+00
-1.12784421551e+00
-1.10316321217e+00
-1.14361011782e+00
-1.12509788746e+00
-1.14103330635e+00
-1.09789985588e+00
-1.10294388482e+00
-1.10365325864e+00
-1.11714271964e+00
-1.09739908243e+00
-1.09726359864e+00
-1.10253649679e+00
-1.09552427899e+00
-1.12518258762e+00
-1.11132488036e+00
-1.12342218175e+00
-1.15697346190e+00
-1.11016965456e+00
-1.14806891568e+00
-1.10069961429e+00
-1.10690205426e+00
-1.11139769413e+00
-1.10698704279e+00
-1.10957024617e+00
-1.09746111130e+00
-1.08560264080e+00
-1.10031095621e+00
-1.12154484029e+00
-1.11923349724e+00
-1.09037866275e+00
-1.10867563303e+00
-1.13029195822e+00
-1.11632496135e+00
-1.09832337488e+00
-1.10366366365e+00
-1.11880518723e+00
-1.12183831294e+00
-1.08996911364e+00
-1.11246268322e+00
-1.12683782311e+00
-1.11452628660e+00
-1.13039835585e+00
-1.13621544887e+00
-1.12651469754e+00
-1.12762732107e+00
-1.11664868068e+00
-1.15845305684e+00
-1.10898522110e+00
-1.11381338715e+00
-1.09744032372e+00
-1.12142753185e+00
-1.11501503853e+00
-1.12319266025e+00
-1.11031043857e+00
-1.11973690600e+00
-1.11009623650e+00
-1.12075264081e+00
-1.12491422839e+00
-1.12500815903e+00
-1.11326346590e+00
-1.13523736206e+00
-1.12582980837e+00
-1.09833675945e+00
-1.10803447925e+00
-1.11189948840e+00
-1.13633544292e+00
-1.11132051271e+00
-1.10396844453e+00
-1.10311070607e+00
-1.10548403379e+00
-1.11767808576e+00
-1.14228356612e+00
-1.12675281401e+00
-1.10370202938e+00
-1.11578862700e+00
-1.12802700390e+00
-1.11322436007e+00
-1.09673171893e+00
-1.10243681500e+00
-1.10347098812e+00
-1.11845607525e+00
-1.10214409717e+00
-1.09886022052e+00
-1.11368109903e+00
-1.11532911752e+00
-1.13204778779e+00
-1.14372909271e+00
-1.12577611738e+00
-1.10214755077e+00
-1.11368711659e+00
-1.12004784949e+00
-1.10108802707e+00
-1.12045604429e+00
-1.11857721319e+00
-1.11085429547e+00
-1.10543427873e+00
-1.12315093268e+00
-1.09964024005e+00
-1.13764063583e+00
-1.10273642345e+00
-1.12170625973e+00
-1.10854356510e+00
-1.11564157175e+00
-1.11423917293e+00
-1.13506465741e+00
-1.14368785709e+00
-1.10156558798e+00
-1.09630188032e+00
-1.12902337460e+00
-1.12003697960e+00
-1.10381548335e+00
-1.14753697208e+00
-1.10938293020e+00
-1.10546631981e+00
-1.11581347660e+00
-1.11579141745e+00
-1.09536854746e+00
-1.11462048242e+00
-1.09990597536e+00
-1.11449958358e+00
-1.10682779082e+00
-1.10374536015e+00
-1.09243878071e+00
-1.11044223282e+00
-1.11870774139e+00
-1.11873345046e+00
-1.11312087181e+00
-1.12077643511e+00
-1.10486966329e+00
-1.12335537935e+00
-1.09606036460e+00
-1.11187696151e+00
-1.11899619585e+00
-1.09157989943e+00
-1.11853084140e+00
-1.12702008810e+00
-1.10656510090e+00
-1.11216687395e+00
-1.11727336636e+00
-1.11699560326e+00
-1.09869225784e+00
-1.11402452899e+00
-1.11844051941e+00
-1.10220229503e+00
-1.14320110394e+00
-1.11791318816e+00
-1.11974983826e+00
-1.11271382794e+00
-1.11332313660e+00
-1.08770988531e+00
-1.10503607643e+00
-1.10300853798e+00
-1.11115355758e+00
-1.10051995760e+00
-1.11241118785e+00
-1.11558003972e+00
-1.10276297559e+00
-1.11427941331e+00
-1.10579172103e+00
-1.09902929714e+00
-1.09298553412e+00
-1.11162270920e+00
-1.12153509335e+00
-1.10351135497e+00
-1.12230606825e+00
-1.11919427662e+00
-1.13822933720e+00
-1.11297441276e+00
-1.09464108967e+00
-1.11397101418e+00
-1.09653966115e+00
-1.10598025646e+00
-1.13383414953e+00
-1.11402822839e+00
-1.11482553400e+00
-1.11082550969e+00
-1.11242946824e+00
-1.09027489662e+00
-1.09254939705e+00
-1.12772925071e+00
-1.10968972919e+00
-1.09861234916e+00
-1.11741489789e+00
-1.12966414143e+00
-1.11150298021e+00
-1.12808154151e+00
-1.10562796883e+00
-1.10949614400e+00
-1.09940197805e+00
-1.09641794951e+00
-1.08598708370e+00
-1.13983242560e+00
-1.10301958984e+00
-1.09566491310e+00
-1.10747456647e+00
-1.10223336915e+00
-1.10948987202e+00
-1.13638407191e+00
-1.13112331132e+00
-1.09885125007e+00
-1.10512123672e+00
-1.11294085630e+00
-1.11739450068e+00
-1.12163492637e+00
-1.08313839093e+00
-1.12689870796e+00
-1.11761198949e+00
-1.12175075215e+00
-1.11814136450e+00
-1.11709485369e+00
-1.10129965250e+00
-1.13726215377e+00
-1.12005923097e+00
-1.10289156628e+00
-1.12465222504e+00
-1.10198916230e+00
-1.13358797215e+00
-1.12973482285e+00
-1.12317686224e+00
-1.10658691845e+00
-1.12255682581e+00
-1.11912057842e+00
-1.11321571369e+00
-1.11577677751e+00
-1.11890624209e+00
-1.09316910319e+00
-1.10378648197e+00
-1.09103018744e+00
-1.10480926783e+00
-1.09830857621e+00
-1.10693471804e+00
-1.10204888622e+00
-1.10635107163e+00
-1.11949144905e+00
-1.10772430272e+00
-1.12172336243e+00
-1.11495944412e+00
-1.09686875768e+00
-1.10334438670e+00
-1.11056586657e+00
-1.08628682415e+00
-1.11019519776e+00
-1.08210592582e+00
-1.08753649712e+00
-1.11315944710e+00
-1.08282211153e+00
-1.09897238502e+00
-1.10467029937e+00
-1.10813865359e+00
-1.13335172645e+00
-1.10630175548e+00
-1.10852879500e+00
-1.11824822928e+00
-1.07956775738e+00
-1.12647524891e+00
-1.11559681246e+00
-1.11229171053e+00
-1.10953625726e+00
-1.08243017603e+00
-1.10883018782e+00
-1.11221396990e+00
-1.12097094877e+00
-1.09835775297e+00
-1.10546891648e+00
-1.10943353106e+00
-1.11366265220e+00
-1.11789832860e+00
-1.11046565051e+00
-1.12417997647e+00
-1.10075732443e+00
-1.10972484371e+00
-1.12504762854e+00
-1.11855270693e+00
-1.10818290899e+00
-1.11233439306e+00
-1.10719572537e+00
-1.12024639246e+00
-1.12699985841e+00
-1.11149946810e+00
-1.12264696640e+00
-1.11859717765e+00
-1.11335831054e+00
-1.12113801505e+00
-1.12005371192e+00
-1.09966343900e+00
-1.10161418091e+00
-1.11091405531e+00
-1.10791767500e+00
-1.12732345075e+00
-1.11871518691e+00
-1.10392382409e+00
-1.10408199665e+00
-1.10066277156e+00
-1.11542995026e+00
-1.11530196449e+00
-1.11452128762e+00
-1.12207250807e+00
-1.12896871208e+00
-1.09902276549e+00
-1.12507211226e+00
-1.10432897561e+00
-1.11853831084e+00
-1.12264502901e+00
-1.12153137254e+00
-1.08526090195e+00
-1.13194179483e+00
-1.10799015667e+00
-1.11400985763e+00
-1.13409796910e+00
-1.11927881205e+00
-1.11111949643e+00
-1.13509230307e+00
-1.10887881201e+00
-1.10633619930e+00
-1.12124632477e+00
-1.12669944384e+00
-1.09461697150e+00
-1.08391303755e+00
-1.12093919474e+00
-1.12305869057e+00
-1.10872732595e+00
-1.11407585455e+00
-1.12570458881e+00
-1.10290848623e+00
-1.09863301514e+00
-1.09258056360e+00
-1.11771753325e+00
-1.11824162252e+00
-1.11490611223e+00
-1.10690071143e+00
-1.08685929101e+00
-1.11106364441e+00
-1.11527442555e+00
-1.12021588754e+00
-1.11817747138e+00
-1.11771755887e+00
-1.11026450554e+00
-1.12627277066e+00
-1.10145686082e+00
-1.12279098140e+00
-1.10150993562e+00
-1.10011591092e+00
-1.11066435722e+00
-1.10380554765e+00
-1.10776042598e+00
-1.11398112748e+00
-1.13753720175e+00
-1.13550584675e+00
-1.11802512216e+00
-1.12054755255e+00
-1.10430371453e+00
-1.09525710123e+00
-1.10621216863e+00
-1.09227461511e+00
-1.12699844710e+00
-1.11496061856e+00
-1.11578420741e+00
-1.09187872998e+00
-1.10979617620e+00
-1.10697738367e+00
-1.12169265965e+00
-1.11263426632e+00
-1.13046952085e+00
-1.12766106558e+00
-1.13431234976e+00
-1.13450536905e+00
-1.10351026404e+00
-1.10151415643e+00
-1.11445551383e+00
-1.10315237606e+00
-1.10853639761e+00
-1.10924239093e+00
-1.11093375666e+00
-1.11469345008e+00
-1.12482953586e+00
-1.09370212263e+00
-1.08741457293e+00
-1.09077674728e+00
-1.11328012365e+00
-1.09196771598e+00
-1.11371450771e+00
-1.10948751482e+00
-1.12424151930e+00
-1.11535773892e+00
-1.11148127559e+00
-1.10730688420e+00
-1.11479942788e+00
-1.11891314466e+00
-1.13491463204e+00
-1.11484409883e+00
-1.09608155524e+00
-1.11711236814e+00
-1.11728912905e+00
-1.10931822030e+00
-1.10262071754e+00
-1.11384047438e+00
-1.11160619160e+00
-1.09656940738e+00
-1.10077050112e+00
-1.11607505886e+00
-1.12636689915e+00
-1.08766256830e+00
-1.12269510410e+00
-1.08397203489e+00
-1.12198137400e+00
-1.10006745440e+00
-1.12964950853e+00
-1.13207775772e+00
-1.10504495480e+00
-1.13331377699e+00
-1.10925548871e+00
-1.10961925580e+00
-1.11652844149e+00
-1.08519574861e+00
-1.11319355472e+00
-1.10928283647e+00
-1.10426369747e+00
-1.10905482709e+00
-1.10301223839e+00
-1.12465014006e+00
-1.10415767822e+00
-1.10157766619e+00
-1.12232574845e+00
-1.10631613483e+00
-1.10665145627e+00
-1.14904964863e+00
-1.11806600357e+00
-1.10313457278e+00
-1.10700047967e+00
-1.10680417634e+00
-1.11105648831e+00
-1.12008273437e+00
-1.10736614380e+00
-1.13236566510e+00
-1.10694364405e+00
-1.10814065761e+00
-1.12609340115e+00
-1.12383489592e+00
-1.10511821886e+00
-1.10906156903e+00
-1.12866268382e+00
-1.11412692897e+00
-1.13398401623e+00
-1.11686894162e+00
-1.13706460011e+00
-1.11241841000e+00