7.73427081295e+03
7.69545066963e+03
7.69473519749e+03
7.72590543129e+03
7.71218526823e+03
7.72081465397e+03
7.69003381059e+03
7.70805253821e+03
7.72715929201e+03
7.75104714728e+03
7.68591964598e+03
7.71475076174e+03
7.74606081027e+03
7.74564016089e+03
7.68299695429e+03
7.70959359847e+03
7.71225255665e+03
7.70948399606e+03
7.74920233299e+03
7.71970592570e+03
7.74976918608e+03
7.73182335869e+03
7.71550750348e+03
7.71301356547e+03
7.74343399122e+03
7.74747614304e+03
7.74432662051e+03
7.72776921069e+03
7.71183544243e+03
7.71002557369e+03
7.72454401663e+03
7.73463356187e+03
7.71101919420e+03
7.71674641283e+03
7.72576984355e+03
7.73601960768e+03
7.72639756492e+03
7.72202423932e+03
7.66937551370e+03
7.70915642712e+03
7.70453929220e+03
7.70983316190e+03
7.74882153621e+03
7.74008333083e+03
7.71354085099e+03
7.73230974820e+03
7.74218971311e+03
7.73977442438e+03
7.71862205567e+03
7.69884219842e+03
7.71410092819e+03
7.71178903262e+03
7.72898402095e+03
7.70313044735e+03
7.72244503838e+03
7.74004973718e+03
7.71728603620e+03
7.69771014778e+03
7.71921454275e+03
7.71310259797e+03
7.71125705701e+03
7.70706506099e+03
7.69057855096e+03
7.71668957553e+03
7.73732843940e+03
7.69804798747e+03
7.74286867034e+03
7.71921255759e+03
7.73663679546e+03
7.71379645227e+03
7.74304024619e+03
7.70851157202e+03
7.73519894467e+03
7.71567057493e+03
7.74017293821e+03
7.70684274533e+03
7.69563381115e+03
7.71577222842e+03
7.71583822019e+03
7.70731315185e+03
7.72769423596e+03
7.72864747067e+03
7.70788278803e+03
7.70497527047e+03
7.72545659285e+03
7.70631556391e+03
7.71898489347e+03
7.68405502726e+03
7.72749434326e+03
7.71140085228e+03
7.74609020479e+03
7.70250016146e+03
7.70963778185e+03
7.71489489479e+03
7.71642210358e+03
7.71718623793e+03
7.70707580737e+03
7.72731918095e+03
7.74687587171e+03
7.71287536990e+03
7.72229117126e+03
7.73397090294e+03
7.70635412213e+03
7.72410295879e+03
7.68932699976e+03
7.69772510303e+03
7.75912363856e+03
7.72802188422e+03
7.67975712466e+03
7.69212258063e+03
7.72023300647e+03
7.71783590124e+03
7.72960825308e+03
7.74194206549e+03
7.71901332752e+03
7.70371553855e+03
7.73308698303e+03
7.72105607787e+03
7.72758816270e+03
7.72240888741e+03
7.70932590120e+03
7.71748894428e+03
7.71229121606e+03
7.72778904143e+03
7.71169994295e+03
7.71567835672e+03
7.73822028510e+03
7.68875741078e+03
7.70657814434e+03
7.68104478453e+03
7.70406223829e+03
7.71188913245e+03
7.73042554376e+03
7.73333418176e+03
7.70529277795e+03
7.69528247396e+03
7.74303742328e+03
7.69814359463e+03
7.70283510868e+03
7.70615775764e+03
7.71005815768e+03
7.70670013758e+03
7.69347828967e+03
7.72115761302e+03
7.69883995790e+03
7.72630808013e+03
7.71866898740e+03
7.75148526542e+03
7.74273265094e+03
7.72488791077e+03
7.73971040120e+03
7.71951947460e+03
7.72811494381e+03
7.69976309775e+03
7.70644069845e+03
7.74095624497e+03
7.73583961097e+03
7.70456427277e+03
7.72757373960e+03
7.71963983084e+03
7.73003306650e+03
7.73957938357e+03
7.70235738557e+03
7.72236804720e+03
7.71130101845e+03
7.70680439222e+03
7.74556104793e+03
7.70697399770e+03
7.68390031877e+03
7.71343749945e+03
7.72125089704e+03
7.69088501050e+03
7.69336117517e+03
7.71838505150e+03
7.70691779760e+03
7.71604247088e+03
7.71083883429e+03
7.74022926373e+03
7.71230882929e+03
7.73956739627e+03
7.75264778876e+03
7.72105546847e+03
7.72847591327e+03
7.72826272911e+03
7.73737564849e+03
7.72354342620e+03
7.70825890853e+03
7.72018634704e+03
7.69973764679e+03
7.68920530873e+03
7.71081990070e+03
7.68071425186e+03
7.73505092299e+03
7.70422361912e+03
7.72523536124e+03
7.69531474796e+03
7.72153601489e+03
7.74108119077e+03
7.70950327512e+03
7.72936661292e+03
7.73025063787e+03
7.69532477036e+03
7.71415317314e+03
7.70488282350e+03
7.73306596723e+03
7.69794245032e+03
7.69971754872e+03
7.73586090361e+03
7.69383148282e+03
7.69822677251e+03
7.73171870320e+03
7.73099021986e+03
7.71658321767e+03
7.73123840051e+03
7.70963894730e+03
7.70085751510e+03
7.71020160004e+03
7.73363735785e+03
7.73573723124e+03
7.74037831737e+03
7.71370151568e+03
7.70944642070e+03
7.70885956075e+03
7.71734872429e+03
7.71287011640e+03
7.72212319351e+03
7.71235537853e+03
7.73866100319e+03
7.70406245773e+03
7.72402476459e+03
7.69852519116e+03
7.70900967200e+03
7.73546919710e+03
7.71287852545e+03
7.69957718844e+03
7.70107553991e+03
7.70427312168e+03
7.73662274289e+03
7.72314785343e+03
7.72705562806e+03
7.73500414342e+03
7.73268627114e+03
7.71818492439e+03
7.70523468849e+03
7.74562449588e+03
7.73516848100e+03
7.71838600748e+03
7.70505256861e+03
7.72566384282e+03
7.74766999168e+03
7.71666636336e+03
7.71553613776e+03
7.72218319756e+03
7.71549674867e+03
7.71493237822e+03
7.72930466720e+03
7.73070211368e+03
7.70655023045e+03
7.72722938034e+03
7.72815107302e+03
7.74626133022e+03
7.72122750361e+03
7.72179432794e+03
7.74895363616e+03
7.70073751258e+03
7.71202409782e+03
7.67436750107e+03
7.71582567038e+03
7.71165741652e+03
7.72196486156e+03
7.70405516646e+03
7.68986367772e+03
7.70694124010e+03
7.73249652777e+03
7.71041609933e+03
7.71082711215e+03
7.72747986212e+03
7.72406664558e+03
7.72849096125e+03
7.70194770632e+03
7.73777724304e+03
7.72444874098e+03
7.71353108202e+03
7.72846060307e+03
7.72428243716e+03
7.73565439488e+03
7.73424252823e+03
7.69801955455e+03
7.71390921294e+03
7.72535244784e+03
7.70636428069e+03
7.69078737045e+03
7.70448820043e+03
7.72095843153e+03
7.69641117447e+03
7.71149802160e+03
7.70031536407e+03
7.73640863680e+03
7.72497261447e+03
7.74363970080e+03
7.72167371150e+03
7.72768672518e+03
7.69595970955e+03
7.73565384352e+03
7.68399230501e+03
7.71002403041e+03
7.70956165168e+03
7.71950951278e+03
7.69703011676e+03
7.73696247488e+03
7.69218099412e+03
7.74802915685e+03
7.71445709641e+03
7.71661159837e+03
7.68804669943e+03
7.71304538539e+03
7.71705310740e+03
7.71037132657e+03
7.70732057194e+03
7.71025776551e+03
7.71727922988e+03
7.71099045085e+03
7.69843344665e+03
7.70560328343e+03
7.72506735777e+03
7.69929461588e+03
7.69310438000e+03
7.71897365637e+03
7.71840808648e+03
7.70442320773e+03
7.70940345673e+03
7.72560513902e+03
7.70462749575e+03
7.70170729616e+03
7.68106035148e+03
7.68640819859e+03
7.70764707242e+03
7.70464942625e+03
7.71006581310e+03
7.72425419264e+03
7.70346900827e+03
7.70484007358e+03
7.71909106883e+03
7.73998363601e+03
7.72260067906e+03
7.73188807193e+03
7.72491098640e+03
7.71220944182e+03
7.73289052052e+03
7.72114784334e+03
7.74464375552e+03
7.71917545807e+03
7.70209656512e+03
7.73432428364e+03
7.72655718885e+03
7.72478677887e+03
7.73988972261e+03
7.71582650550e+03
7.73695820011e+03
7.69833420291e+03
7.72982388859e+03
7.73941764018e+03
7.73552998707e+03
7.70247896817e+03
7.70701197022e+03
7.70830831265e+03
7.68466114879e+03
7.71298619116e+03
7.70522649716e+03
7.71012926242e+03
7.72884614577e+03
7.76254893476e+03
7.68466056373e+03
7.70701586638e+03
7.72426705815e+03
7.72910480944e+03
7.74323195874e+03
7.72013770448e+03
7.71138389653e+03
7.70699423720e+03
7.73094464307e+03
7.71185686181e+03
7.70005239398e+03
7.72193874938e+03
7.69837819919e+03
7.70112020147e+03
7.70275550689e+03
7.71728592021e+03
7.72664786481e+03
7.74967457029e+03
7.69560888077e+03
7.72046226827e+03
7.73551756017e+03
7.72073553710e+03
7.75191344351e+03
7.73108500873e+03
7.74177888257e+03
7.71952196935e+03
7.70971648069e+03
7.70868847636e+03
7.70943866377e+03
7.70737439403e+03
7.72505618645e+03
7.73378050539e+03
7.71391584211e+03
7.70085108602e+03
7.73281377310e+03
7.68923519686e+03
7.71791471093e+03
7.70145115469e+03
7.70047623795e+03
7.70174327921e+03
7.70712451393e+03
7.70363211635e+03
7.68361943494e+03
7.74375760200e+03
7.72993435203e+03
7.70279923744e+03
7.75037149502e+03
7.73316823053e+03
7.71195844073e+03
7.69909687358e+03
7.70534965153e+03
7.70118450001e+03
7.72125019577e+03
7.72482152436e+03
7.71683343001e+03
7.72361934976e+03
7.72662125542e+03
7.75308778705e+03
7.71044264537e+03
7.69904690351e+03
7.69550856714e+03
7.71865522265e+03
7.69159382059e+03
7.69441460187e+03
7.72376242170e+03
7.69442044489e+03
7.71673255712e+03
7.71038474051e+03
7.71325213530e+03
7.73427857387e+03
7.71248547818e+03
7.68660759929e+03
7.70061522323e+03
7.73210870233e+03
7.72628360420e+03
7.71874134227e+03
7.69226569436e+03
7.71254738238e+03
7.68936963329e+03
7.71160856879e+03
7.71741247295e+03
7.70637157162e+03
7.69601914440e+03
7.70809005581e+03
7.74503619773e+03
7.71770979454e+03
7.73831432994e+03
7.69982693303e+03
7.72031933816e+03
7.74421280331e+03
7.71910786452e+03
7.70384012637e+03
7.72139152976e+03
7.68602423869e+03
7.72227494369e+03
7.71812101019e+03
7.73231693920e+03
7.72400127047e+03
7.70244637022e+03
7.73652215698e+03
7.72467486583e+03
7.71789276060e+03
7.72152131442e+03
7.72698599630e+03
7.73908901243e+03
7.71292895394e+03
7.71075806237e+03
7.73984719810e+03
7.70782131429e+03
7.71933072898e+03
7.73804146295e+03
7.72947480070e+03
7.70480921763e+03
7.71206400096e+03
7.74738023563e+03
7.74898573353e+03
7.72763184143e+03
7.72400355164e+03
7.72422120772e+03
7.71402123784e+03
7.75008755971e+03
7.72870465711e+03
7.72294135725e+03
7.73713912515e+03
7.70881387633e+03
7.73130273620e+03
7.70878491637e+03
7.71182382355e+03
7.71669401688e+03