-2.35956445821e+00
-2.07688780645e+00
-2.20297352575e+00
-2.59045511830e+00
-1.95423540345e+00
-2.62769322608e+00
-2.78979300549e+00
-1.63648662280e+00
-2.61286362268e+00
-2.43845569293e+00
-1.94253328539e+00
-1.85140038715e+00
-2.46740398629e+00
-1.76056231556e+00
-2.51675311006e+00
-2.52938922217e+00
-2.25737779725e+00
-2.08241391856e+00
-2.63884257371e+00
-2.45480430245e+00
-2.77506690030e+00
-2.58250763108e+00
-2.20224378223e+00
-2.94396626994e+00
-2.03990639478e+00
-1.96625851091e+00
-2.47125984206e+00
-2.37221347822e+00
-2.30982870015e+00
-1.86044353072e+00
-2.03762085932e+00
-2.49496007119e+00
-1.87478334284e+00
-2.33289208213e+00
-2.31635969759e+00
-2.63015508144e+00
-2.04789450976e+00
-2.24201449432e+00
-1.96262648034e+00
-2.12460403081e+00
-2.17325411322e+00
-2.91437877781e+00
-2.22375801011e+00
-1.70186995809e+00
-1.77401604890e+00
-2.02596407265e+00
-2.29357100668e+00
-2.31125367271e+00
-2.74526574863e+00
-2.30039051267e+00
-2.08113677499e+00
-1.90347661579e+00
-2.38404657052e+00
-2.33063569624e+00
-2.29011790312e+00
-1.74875978176e+00
-2.01662946700e+00
-2.13034750667e+00
-2.34489027704e+00
-2.86814103054e+00
-2.58858014845e+00
-2.31371717930e+00
-2.40425770912e+00
-2.29496472252e+00
-2.26676830701e+00
-2.35194963493e+00
-1.84043235357e+00
-2.52734671823e+00
-2.54892358431e+00
-2.38244668927e+00
-2.18834413865e+00
-2.17481274981e+00
-2.08196428489e+00
-2.05846024172e+00
-2.28575502520e+00
-2.45014683637e+00
-2.33969273843e+00
-2.27795513923e+00
-2.15803187755e+00
-2.15933111873e+00
-2.38712701813e+00
-1.96259817627e+00
-2.38541998720e+00
-2.03278186289e+00
-2.57460378724e+00
-2.12218637878e+00
-2.37891739889e+00
-2.06972970769e+00
-1.84449411886e+00
-2.19458913748e+00
-2.45815162932e+00
-2.35538759625e+00
-1.93395149400e+00
-2.24604484672e+00
-2.13638273363e+00
-2.43616909319e+00
-2.03816926641e+00
-2.47828010392e+00
-2.42424282455e+00
-2.24929331458e+00
-1.90820271606e+00
-2.26871137491e+00
-2.55425034220e+00
-2.94803783454e+00
-2.67703085821e+00
-2.56718487151e+00
-2.17829353100e+00
-2.16105004270e+00
-2.76220494909e+00
-2.53923648841e+00
-1.69141795705e+00
-2.06106518142e+00
-2.09445372399e+00
-2.49361366538e+00
-2.42737968835e+00
-1.75526866956e+00
-2.56609244211e+00
-2.43876441514e+00
-2.08235078819e+00
-2.67202896744e+00
-2.72604320275e+00
-2.22465991426e+00
-2.22744292870e+00
-1.71116808563e+00
-2.22605370815e+00
-2.55784616158e+00
-2.26615583421e+00
-2.30871773937e+00
-2.30241321424e+00
-2.56198357364e+00
-2.44418397822e+00
-2.06122132687e+00
-2.54880489785e+00
-2.91090198898e+00
-2.14320483408e+00
-1.86967103714e+00
-2.24963705773e+00
-2.10379510574e+00
-2.96491473006e+00
-2.23713909180e+00
-2.06712185456e+00
-2.17809091491e+00
-2.37855953262e+00
-2.07882285785e+00
-2.18395908370e+00
-2.38297775047e+00
-2.23433781600e+00
-2.35862448964e+00
-3.21346406804e+00
-2.46873598344e+00
-1.90885319533e+00
-2.40576239188e+00
-2.21769089845e+00
-2.51751292144e+00
-2.20847405436e+00
-2.71766803702e+00
-2.25505030690e+00
-2.30647947045e+00
-2.09859147633e+00
-2.02315276667e+00
-1.98445414820e+00
-2.48216200671e+00
-2.65964717917e+00
-2.08507430523e+00
-2.36546051773e+00
-1.61543998720e+00
-2.36727419937e+00
-2.11671324800e+00
-2.36221612458e+00
-1.94668778491e+00
-2.41334680383e+00
-2.36270037779e+00
-2.36358265222e+00
-1.71876074399e+00
-2.94916500510e+00
-1.94629807329e+00
-2.10892289297e+00
-2.05005283133e+00
-2.36982984422e+00
-1.72552642508e+00
-2.65516324533e+00
-1.56158767055e+00
-2.65820521703e+00
-2.01590769009e+00
-2.01814309246e+00
-2.34611290500e+00
-2.19914343405e+00
-2.05283454101e+00
-2.26138747567e+00
-1.93606775958e+00
-1.55106245249e+00
-3.04629709191e+00
-2.53247188985e+00
-2.30301066166e+00
-2.30650187902e+00
-2.26708743045e+00
-2.18623214114e+00
-1.98995381559e+00
-2.11092799490e+00
-2.30025084576e+00
-2.70964141564e+00
-2.20936244809e+00
-1.40777580733e+00
-1.94724349677e+00
-2.47193875822e+00
-2.35873108036e+00
-1.95893000424e+00
-2.61561846447e+00
-2.75267572422e+00
-2.21070866357e+00
-2.19521831299e+00
-2.08239532117e+00
-1.92697399537e+00
-2.54074720975e+00
-1.69192097213e+00
-2.33400128395e+00
-2.23469647311e+00
-2.24186143952e+00
-2.71569480334e+00
-2.06409053314e+00
-2.32935419428e+00
-2.83467836179e+00
-1.89681187803e+00
-2.58782956580e+00
-2.66119849246e+00
-1.63742042852e+00
-2.20858224602e+00
-2.14915012416e+00
-2.87741071063e+00
-1.89117448652e+00
-1.86793148453e+00
-2.59912754966e+00
-1.93777297985e+00
-2.36260294131e+00
-2.03368000414e+00
-1.83446865758e+00
-2.16915952941e+00
-2.44878967510e+00
-2.10240217497e+00
-2.78928995336e+00
-2.26431426316e+00
-1.82094555796e+00
-2.73325874242e+00
-2.04322692645e+00
-2.10895238441e+00
-2.59480448858e+00
-2.58505796956e+00
-1.63086294191e+00
-2.29436216408e+00
-1.97212276431e+00
-2.37020321175e+00
-1.64125252631e+00
-2.44578915104e+00
-2.06466753219e+00
-1.79282188199e+00
-2.07472010825e+00
-2.15159174886e+00
-1.77044775434e+00
-2.37989841844e+00
-2.69556094128e+00
-1.67475236327e+00
-2.81313512802e+00
-2.00533641420e+00
-2.14449097189e+00
-2.11349293534e+00
-2.03543983164e+00
-1.87638110237e+00
-2.72393190589e+00
-2.37682248572e+00
-2.47578476331e+00
-2.46575282405e+00
-2.50830293346e+00
-2.20729785717e+00
-2.37202652965e+00
-2.05816926770e+00
-2.04057242533e+00
-2.59708364730e+00
-2.18286473316e+00
-2.22970810205e+00
-2.61964918246e+00
-2.38928416451e+00
-1.97742058156e+00
-2.41555129262e+00
-1.90205316269e+00
-1.92408674610e+00
-1.99178691705e+00
-1.68170298222e+00
-2.40260792532e+00
-2.12293557624e+00
-2.43524295073e+00
-2.38981302261e+00
-2.35281266293e+00
-1.74885190852e+00
-2.20655241826e+00
-2.14125197893e+00
-1.65745737013e+00
-2.29571291113e+00
-2.86260043671e+00
-2.38367788093e+00
-2.54004572370e+00
-1.52586753089e+00
-1.62051667769e+00
-2.33890375556e+00
-2.33572926562e+00
-1.77350862417e+00
-2.80873311756e+00
-2.09156744192e+00
-2.54558118777e+00
-2.64082926889e+00
-1.62898622141e+00
-2.27024157557e+00
-2.43069219378e+00
-1.96666564282e+00
-1.74510891432e+00
-1.79299737589e+00
-2.18661027979e+00
-2.02692064387e+00
-2.51872496662e+00
-2.63741930820e+00
-2.08750046122e+00
-2.02776569842e+00
-2.33777545869e+00
-2.16534974915e+00
-2.58188934582e+00
-1.97869481989e+00
-2.20437649590e+00
-3.03718324550e+00
-2.10315015892e+00
-2.13075491165e+00
-2.31393089095e+00
-1.91783774058e+00
-2.03805697426e+00
-2.48567806674e+00
-2.42527193033e+00
-2.73718335656e+00
-1.90123198762e+00
-2.17141417239e+00
-2.82795805563e+00
-1.81973048043e+00
-2.26575472606e+00
-1.98790393122e+00
-1.58271430781e+00
-2.87687087593e+00
-1.81872553671e+00
-2.15749261245e+00
-1.93101162604e+00
-1.50699233480e+00
-2.53227788203e+00
-2.15737909915e+00
-2.72007174633e+00
-1.76958590560e+00
-2.45191292603e+00
-2.39080202715e+00
-1.87404942871e+00
-1.99276106121e+00
-2.64287692471e+00
-2.39816100339e+00
-2.25954740789e+00
-2.32644650570e+00
-2.44637391936e+00
-2.22430697132e+00
-2.09348098336e+00
-2.48451660337e+00
-2.62811254849e+00
-2.03183104238e+00
-2.08754042067e+00
-1.90777879009e+00
-2.76301765225e+00
-2.58325680770e+00
-2.07194057842e+00
-2.12881037594e+00
-2.80735264672e+00
-2.54383136161e+00
-2.46054900233e+00
-2.26178316213e+00
-2.12403482830e+00
-2.32986743892e+00
-2.34031298220e+00
-2.41973688356e+00
-2.51477677066e+00
-2.80520712380e+00
-2.84400074141e+00
-2.02266321513e+00
-2.47278548578e+00
-2.15282006086e+00
-2.44793494196e+00
-2.05232220841e+00
-2.20456642575e+00
-2.21531328875e+00
-1.64326685219e+00
-2.92790514479e+00
-1.90267519263e+00
-2.20067141325e+00
-2.39189266836e+00
-1.71494194375e+00
-2.27135961612e+00
-2.06339276720e+00
-2.42010334271e+00
-2.25376606664e+00
-2.48846098382e+00
-2.08300986650e+00
-1.82148468238e+00
-2.37955567693e+00
-2.12065539649e+00
-2.42672460116e+00
-2.55829113140e+00
-2.16361534430e+00
-1.81298583247e+00
-2.39560614364e+00
-1.80098635229e+00
-2.04776578365e+00
-2.15023031782e+00
-2.35545862645e+00
-2.64950608303e+00
-1.98998123208e+00
-2.24921360956e+00
-2.81152877550e+00
-2.61696221869e+00
-2.04572153529e+00
-2.07806223911e+00
-1.79627727307e+00
-2.35021635433e+00
-2.77842958964e+00
-2.37468462026e+00
-2.79002474104e+00
-2.42514156229e+00
-2.16245264713e+00
-2.07220520954e+00
-2.70983463439e+00
-2.44136403759e+00
-1.97343653838e+00
-2.72169822166e+00
-2.86270859410e+00
-2.32877741971e+00
-2.27510115199e+00
-2.49642162924e+00
-2.54119276379e+00
-1.94189432172e+00
-2.71781740809e+00
-1.77448838775e+00
-2.48694897387e+00
-1.81862735967e+00
-1.92178243827e+00
-2.54512473532e+00
-2.50094171814e+00
-2.30080817021e+00
-2.30536649201e+00
-1.53385533899e+00
-2.56331664751e+00
-1.77147869894e+00
-3.13218605394e+00
-2.03169494940e+00
-2.04950722781e+00
-1.94690675261e+00
-2.29455619232e+00
-2.41476581148e+00
-1.62900194566e+00
-2.40808433074e+00
-2.79473905754e+00
-2.24170835235e+00
-2.10958345153e+00
-1.72191676197e+00
-2.29450444696e+00
-1.66939504158e+00
-2.22150910047e+00
-2.36592821136e+00
-2.61756006279e+00
-2.04008096870e+00
-3.00598786139e+00
-1.99828159406e+00
-2.43467228191e+00
-2.12327214880e+00
-2.02553721564e+00
-2.07387498237e+00
-1.89819149657e+00
-1.98213319515e+00
-2.35647184377e+00
-1.91626077847e+00
-2.12673844277e+00
-1.78768915901e+00
-2.16800696867e+00
-2.44520258773e+00
-2.10734489826e+00
-1.84255852061e+00
-2.51107721649e+00
-2.58255941247e+00
-1.44681294371e+00
-2.28684811471e+00
-2.73814332467e+00
-2.76328641649e+00
-1.74103050111e+00
-2.40828804025e+00
-2.57497898564e+00
-1.88911831592e+00
-2.41811276312e+00
-2.00502375994e+00
-1.90413067528e+00
-2.53311459063e+00
-2.60246808646e+00
-2.45482262767e+00
-2.27736110934e+00