-2.87184384051e+01
-2.86588848824e+01
-2.87265063345e+01
-2.86677601719e+01
-2.87010478202e+01
-2.87502701397e+01
-2.86466673744e+01
-2.87075408505e+01
-2.86112882280e+01
-2.86931245377e+01
-2.87436985026e+01
-2.87146577988e+01
-2.87321368477e+01
-2.87110349144e+01
-2.86836005929e+01
-2.86709849494e+01
-2.86949108440e+01
-2.86934369153e+01
-2.87141747937e+01
-2.87018928130e+01
-2.87136314543e+01
-2.86883122372e+01
-2.87621470594e+01
-2.86164530000e+01
-2.87603797388e+01
-2.86537028535e+01
-2.86814396584e+01
-2.86998714182e+01
-2.86962290180e+01
-2.86961585511e+01
-2.87042141205e+01
-2.87304243654e+01
-2.87011945064e+01
-2.87119944300e+01
-2.87309164980e+01
-2.86774434781e+01
-2.87256493576e+01
-2.86610795526e+01
-2.86474147370e+01
-2.86816256850e+01
-2.87011844470e+01
-2.87084261346e+01
-2.86173859806e+01
-2.86591557729e+01
-2.87280534262e+01
-2.86922801130e+01
-2.86968297164e+01
-2.87271569352e+01
-2.86258453235e+01
-2.86961417777e+01
-2.87267797137e+01
-2.87356185219e+01
-2.86407522409e+01
-2.86138426756e+01
-2.85821042973e+01
-2.86412221682e+01
-2.87181945376e+01
-2.87256210732e+01
-2.86818362973e+01
-2.86506469495e+01
-2.86669803465e+01
-2.86944211287e+01
-2.86932148359e+01
-2.86909993218e+01
-2.86570758565e+01
-2.86746475672e+01
-2.86735428703e+01
-2.87402793429e+01
-2.86662602471e+01
-2.87006171410e+01
-2.86868099699e+01
-2.87558574890e+01
-2.87304558233e+01
-2.86644447233e+01
-2.87258255827e+01
-2.86191322389e+01
-2.86640739961e+01
-2.87049771324e+01
-2.87344725490e+01
-2.87194664107e+01
-2.86611281813e+01
-2.86840404223e+01
-2.86354001299e+01
-2.87220333875e+01
-2.86943609924e+01
-2.86315121959e+01
-2.86870970129e+01
-2.87602145977e+01
-2.86166067275e+01
-2.87106835705e+01
-2.86636747671e+01
-2.86751302226e+01
-2.86974552248e+01
-2.87219969085e+01
-2.86266878913e+01
-2.86738233994e+01
-2.87237195714e+01
-2.87038763597e+01
-2.86610097174e+01
-2.86723415268e+01
-2.86554894190e+01
-2.86929553931e+01
-2.86380751370e+01
-2.86186276413e+01
-2.86678438880e+01
-2.86898123021e+01
-2.87059428823e+01
-2.86989480150e+01
-2.87104153894e+01
-2.86474288955e+01
-2.86820808530e+01
-2.86270924639e+01
-2.87432629150e+01
-2.86730903910e+01
-2.87293985086e+01
-2.87409473468e+01
-2.86513607862e+01
-2.86883572938e+01
-2.86723395816e+01
-2.87085753288e+01
-2.86629401561e+01
-2.86404510382e+01
-2.86687695272e+01
-2.87608642640e+01
-2.86426292079e+01
-2.88036556293e+01
-2.87469643111e+01
-2.87180146177e+01
-2.87042226759e+01
-2.86243030561e+01
-2.87339361867e+01
-2.87754897026e+01
-2.86536955636e+01
-2.87017440615e+01
-2.87022157808e+01
-2.86555750207e+01
-2.87589999140e+01
-2.87094028761e+01
-2.86635250733e+01
-2.86927522538e+01
-2.87737826094e+01
-2.86455438542e+01
-2.87112608276e+01
-2.87248802048e+01
-2.86965409218e+01
-2.86376915443e+01
-2.87057171178e+01
-2.86122473526e+01
-2.87222119309e+01
-2.86979845355e+01
-2.86857695242e+01
-2.86915350274e+01
-2.86594547663e+01
-2.87212261854e+01
-2.87009253484e+01
-2.86908360742e+01
-2.86902364429e+01
-2.86554286456e+01
-2.87568950512e+01
-2.86919107123e+01
-2.86126447475e+01
-2.87305453459e+01
-2.87079867169e+01
-2.86248994783e+01
-2.87122561889e+01
-2.87548929458e+01
-2.86941793410e+01
-2.86695324622e+01
-2.86879223895e+01
-2.86275089558e+01
-2.86967287752e+01
-2.87255375876e+01
-2.87166022373e+01
-2.87222574723e+01
-2.86881427343e+01
-2.87212435533e+01
-2.87067352879e+01
-2.87036743468e+01
-2.87119636730e+01
-2.86861574066e+01
-2.86294625795e+01
-2.86952149102e+01
-2.87222743356e+01
-2.87095191055e+01
-2.86689569587e+01
-2.87305190367e+01
-2.86686475858e+01
-2.86126265346e+01
-2.86814724546e+01
-2.87164516045e+01
-2.86928159527e+01
-2.87082474564e+01
-2.87108273455e+01
-2.86590374572e+01
-2.87041827118e+01
-2.87204992934e+01
-2.86865563295e+01
-2.87210749039e+01
-2.86873450818e+01
-2.86737389564e+01
-2.87762433475e+01
-2.86943629570e+01
-2.87621859995e+01
-2.86970679336e+01
-2.87092348896e+01
-2.87305496289e+01
-2.86573904152e+01
-2.86582881215e+01
-2.87102370761e+01
-2.87850242586e+01
-2.86694469858e+01
-2.87149108591e+01
-2.87433691899e+01
-2.86852493186e+01
-2.86692223645e+01
-2.86796651595e+01
-2.87151585674e+01
-2.86855786280e+01
-2.86248359754e+01
-2.86813799415e+01
-2.86837239462e+01
-2.87252013033e+01
-2.86512778630e+01
-2.86883580448e+01
-2.87309509999e+01
-2.86725848970e+01
-2.86695228136e+01
-2.86520908986e+01
-2.87475428244e+01
-2.86114303322e+01
-2.86156187580e+01
-2.87102646183e+01
-2.87088342840e+01
-2.86418455557e+01
-2.86940628410e+01
-2.87397666577e+01
-2.87722153614e+01
-2.86836290235e+01
-2.86354299569e+01
-2.87503283820e+01
-2.86623390872e+01
-2.85872650590e+01
-2.87136655462e+01
-2.87380889363e+01
-2.87594038785e+01
-2.86923426255e+01
-2.86594584466e+01
-2.86636220647e+01
-2.87099452190e+01
-2.86815648673e+01
-2.86817824047e+01
-2.86872438543e+01
-2.86776821839e+01
-2.86908181653e+01
-2.86965335311e+01
-2.87657811751e+01
-2.86761067212e+01
-2.87250053717e+01
-2.86819557518e+01
-2.86454267026e+01
-2.87491913719e+01
-2.87051808906e+01
-2.86788152894e+01
-2.87405944092e+01
-2.87620544388e+01
-2.86598647477e+01
-2.86390343698e+01
-2.86633336896e+01
-2.87021520312e+01
-2.87098171134e+01
-2.86977626783e+01
-2.86423462288e+01
-2.86742046452e+01
-2.86936085461e+01
-2.87424484514e+01
-2.87044222699e+01
-2.86577381869e+01
-2.87307089392e+01
-2.86853327031e+01
-2.85927526923e+01
-2.87691607009e+01
-2.87516836086e+01
-2.86403438023e+01
-2.87135584419e+01
-2.86780976968e+01
-2.86275681538e+01
-2.87039857176e+01
-2.87437032097e+01
-2.86418153731e+01
-2.86193448823e+01
-2.87052219345e+01
-2.86925491911e+01
-2.86396487628e+01
-2.86714242929e+01
-2.86690509486e+01
-2.87489218306e+01
-2.86892584265e+01
-2.86657336102e+01
-2.87475779989e+01
-2.86565777959e+01
-2.86871961266e+01
-2.86858158769e+01
-2.86718454382e+01
-2.86994346415e+01
-2.87378038500e+01
-2.87154907477e+01
-2.87980086368e+01
-2.87079084128e+01
-2.86926513149e+01
-2.87427998999e+01
-2.86610010805e+01
-2.86015463916e+01
-2.87041915677e+01
-2.86525932796e+01
-2.86245032755e+01
-2.87548866432e+01
-2.87196221849e+01
-2.87125173924e+01
-2.87511842462e+01
-2.86826132520e+01
-2.87193352812e+01
-2.86251317055e+01
-2.86812059748e+01
-2.87110441309e+01
-2.86795592072e+01
-2.86835898551e+01
-2.87157506266e+01
-2.86653404631e+01
-2.87319674062e+01
-2.87049449547e+01
-2.87388727110e+01
-2.87044385711e+01
-2.87089276040e+01
-2.87204589043e+01
-2.86689839184e+01
-2.86884580867e+01
-2.86400062461e+01
-2.86159819438e+01
-2.86791342048e+01
-2.86426639727e+01
-2.87461697887e+01
-2.87093619532e+01
-2.86402229367e+01
-2.86892726491e+01
-2.85935836950e+01
-2.87014914736e+01
-2.86638406105e+01
-2.86888994976e+01
-2.86510921833e+01
-2.87028823279e+01
-2.87183064337e+01
-2.86596205130e+01
-2.87491410863e+01
-2.87413411207e+01
-2.87237384612e+01
-2.87467371098e+01
-2.87013676266e+01
-2.86891275988e+01
-2.86453406086e+01
-2.87091682224e+01
-2.86641863157e+01
-2.86416265393e+01
-2.87670197147e+01
-2.86659138683e+01
-2.86932930936e+01
-2.86944136439e+01
-2.86332558926e+01
-2.86435206516e+01
-2.86996285129e+01
-2.86911390089e+01
-2.87000759127e+01
-2.86230043552e+01
-2.87725936407e+01
-2.86857762955e+01
-2.87539579358e+01
-2.87557960245e+01
-2.86695952840e+01
-2.86910273345e+01
-2.86917028489e+01
-2.87188555047e+01
-2.87234996343e+01
-2.87487159502e+01
-2.86407496600e+01
-2.87275480982e+01
-2.87023102729e+01
-2.87977066606e+01
-2.86926059099e+01
-2.87229602192e+01
-2.86386768619e+01
-2.86789136746e+01
-2.87487069286e+01
-2.86875214512e+01
-2.86853474747e+01
-2.87035496841e+01
-2.86943433618e+01
-2.87155389947e+01
-2.87490060400e+01
-2.87089105030e+01
-2.86886237304e+01
-2.86788857246e+01
-2.86379428790e+01
-2.87153774635e+01
-2.87046707326e+01
-2.86815401683e+01
-2.86650960011e+01
-2.87621083563e+01
-2.86904877591e+01
-2.86797066107e+01
-2.87211745186e+01
-2.86984322390e+01
-2.86740002550e+01
-2.86749808753e+01
-2.87555421943e+01
-2.86474848317e+01
-2.86699377806e+01
-2.87350844199e+01
-2.87190423702e+01
-2.87351757834e+01
-2.87346202725e+01
-2.87111583026e+01
-2.86488195245e+01
-2.87082238100e+01
-2.86298324742e+01
-2.87162377433e+01
-2.87462189542e+01
-2.86658162209e+01
-2.86757172790e+01
-2.86884250064e+01
-2.86961714887e+01
-2.87171057437e+01
-2.87468701875e+01
-2.87187732693e+01
-2.86531565180e+01
-2.86759439871e+01
-2.87073486671e+01
-2.86237806742e+01
-2.87282819481e+01
-2.86918969406e+01
-2.87017332866e+01
-2.87782983486e+01
-2.86883430171e+01
-2.87156185240e+01
-2.87178333824e+01
-2.86613434715e+01
-2.87217238959e+01
-2.87111668835e+01
-2.87255370999e+01
-2.86682373136e+01
-2.87187959396e+01
-2.87464545613e+01
-2.86734348569e+01
-2.87354345778e+01
-2.86771863221e+01
-2.86585404809e+01
-2.86973530051e+01
-2.87335974886e+01
-2.86995971933e+01
-2.86439130965e+01
-2.87014692060e+01
-2.87434914160e+01
-2.87538491810e+01
-2.87273369720e+01
-2.87853953473e+01
-2.86947725561e+01
-2.86806196408e+01
-2.87039267661e+01
-2.86985021420e+01
-2.87137120677e+01
-2.86919144239e+01
-2.86574124145e+01
-2.86405850050e+01
-2.87009981984e+01
-2.87422798560e+01
-2.86272611033e+01
-2.86929695087e+01
-2.87058050052e+01
-2.86044517563e+01
-2.86052518881e+01
-2.86813675803e+01
-2.87056001876e+01
-2.87198846656e+01
-2.86506747387e+01
-2.86911986640e+01
-2.87077897382e+01
-2.87346308832e+01
-2.87043220712e+01
-2.87008557952e+01
-2.86488929822e+01
-2.87513756666e+01
-2.87595767234e+01
-2.86636057760e+01
-2.87146912462e+01
-2.86833278250e+01
-2.86606356971e+01
-2.87262691337e+01
-2.86555807755e+01
-2.87371196488e+01
-2.87168130174e+01
-2.86290445548e+01
-2.86808744795e+01
-2.86951066465e+01