-7.38262826073e+00
-7.36284112463e+00
-7.36556646393e+00
-7.38101915995e+00
-7.39280129517e+00
-7.34545326880e+00
-7.35438906563e+00
-7.39462455181e+00
-7.39397643183e+00
-7.37868870686e+00
-7.37195313805e+00
-7.36819020086e+00
-7.36539247073e+00
-7.32876674387e+00
-7.42006042446e+00
-7.40360322145e+00
-7.38116530244e+00
-7.37647515183e+00
-7.38344338919e+00
-7.36677715612e+00
-7.38687680658e+00
-7.38165922906e+00
-7.38066861095e+00
-7.39593144743e+00
-7.36101544665e+00
-7.37567413645e+00
-7.36685063711e+00
-7.36257155451e+00
-7.36983263680e+00
-7.38712854960e+00
-7.37217682952e+00
-7.38470155961e+00
-7.38417504913e+00
-7.37453773684e+00
-7.38198925963e+00
-7.37259583940e+00
-7.37467146138e+00
-7.38072842741e+00
-7.38297224458e+00
-7.35558526030e+00
-7.38511074137e+00
-7.37049930992e+00
-7.37235760382e+00
-7.41394470094e+00
-7.39651256621e+00
-7.42049328823e+00
-7.39095855517e+00
-7.36670092452e+00
-7.38491423259e+00
-7.38222309621e+00
-7.36863672038e+00
-7.36099133737e+00
-7.36914157814e+00
-7.37656409273e+00
-7.37795402207e+00
-7.34461049133e+00
-7.36194003253e+00
-7.37122126514e+00
-7.40167598900e+00
-7.38267482041e+00
-7.34250892519e+00
-7.36600409376e+00
-7.41374526709e+00
-7.39934293144e+00
-7.37657369578e+00
-7.36368508109e+00
-7.39344537676e+00
-7.40947679484e+00
-7.37713519389e+00
-7.41111042549e+00
-7.40377130216e+00
-7.36981867063e+00
-7.38926152814e+00
-7.37501710836e+00
-7.38276974923e+00
-7.37906414482e+00
-7.37809915934e+00
-7.41057219450e+00
-7.34426015300e+00
-7.37369700593e+00
-7.36059180920e+00
-7.40502979794e+00
-7.39146488165e+00
-7.38032113741e+00
-7.37558736983e+00
-7.37080695700e+00
-7.36379217452e+00
-7.38747336167e+00
-7.36615519579e+00
-7.39446718580e+00
-7.39363105645e+00
-7.36648008218e+00
-7.43023148939e+00
-7.38390834406e+00
-7.35839674749e+00
-7.38160038710e+00
-7.41088222570e+00
-7.40819622248e+00
-7.37614352437e+00
-7.38535286343e+00
-7.39931219811e+00
-7.37579813672e+00
-7.37744724848e+00
-7.39285329386e+00
-7.38680515672e+00
-7.38494443864e+00
-7.37542904914e+00
-7.39085809424e+00
-7.42203299652e+00
-7.37438986920e+00
-7.35501630901e+00
-7.37898602949e+00
-7.37819912909e+00
-7.35883084144e+00
-7.36448435746e+00
-7.42174536922e+00
-7.36539142105e+00
-7.39049757952e+00
-7.38385108341e+00
-7.40703347541e+00
-7.40028016051e+00
-7.38981908724e+00
-7.36780734829e+00
-7.40497520120e+00
-7.34959539032e+00
-7.39255806608e+00
-7.35178305336e+00
-7.37926520366e+00
-7.39606642230e+00
-7.35535520656e+00
-7.36018025130e+00
-7.38181460595e+00
-7.38718001614e+00
-7.37731508679e+00
-7.37261298955e+00
-7.37948300871e+00
-7.34615244476e+00
-7.37137558782e+00
-7.38221052329e+00
-7.36987458238e+00
-7.35872951104e+00
-7.38176495689e+00
-7.39538382260e+00
-7.39877250504e+00
-7.37944570819e+00
-7.38676266107e+00
-7.40263688886e+00
-7.37198498824e+00
-7.38452857771e+00
-7.36096470030e+00
-7.37570232371e+00
-7.38089205524e+00
-7.40434150383e+00
-7.36561810737e+00
-7.38546684867e+00
-7.40778549462e+00
-7.38515794476e+00
-7.37296221816e+00
-7.39423117114e+00
-7.38913557866e+00
-7.39102978827e+00
-7.37438417686e+00
-7.38383075259e+00
-7.40325034147e+00
-7.36292720436e+00
-7.34855431846e+00
-7.35295211929e+00
-7.35024718194e+00
-7.40373214161e+00
-7.39708420941e+00
-7.38623820865e+00
-7.37922329777e+00
-7.35964940952e+00
-7.37733909998e+00
-7.38348863015e+00
-7.39177142021e+00
-7.36877375253e+00
-7.39431798132e+00
-7.37355847738e+00
-7.38233648257e+00
-7.38407377853e+00
-7.36470518791e+00
-7.38815088202e+00
-7.41004981500e+00
-7.39903297113e+00
-7.38274487605e+00
-7.35130271941e+00
-7.36976610705e+00
-7.40131946459e+00
-7.37361108065e+00
-7.37837393882e+00
-7.36669347960e+00
-7.38145377470e+00
-7.36840219808e+00
-7.38919124417e+00
-7.38953971017e+00
-7.37179730667e+00
-7.39908954151e+00
-7.37736789978e+00
-7.39467365136e+00
-7.36807621254e+00
-7.38896096676e+00
-7.39179910584e+00
-7.34282958936e+00
-7.37742748634e+00
-7.38107185484e+00
-7.34721827473e+00
-7.39847423475e+00
-7.40881547591e+00
-7.39182259470e+00
-7.38792305911e+00
-7.34970599475e+00
-7.40346135771e+00
-7.36422128040e+00
-7.38814197008e+00
-7.36038144696e+00
-7.35303941043e+00
-7.39156950186e+00
-7.37502739848e+00
-7.36489768099e+00
-7.37726724731e+00
-7.37934595453e+00
-7.38712726023e+00
-7.38377893464e+00
-7.37884558711e+00
-7.38682261984e+00
-7.37999769767e+00
-7.37577377868e+00
-7.38714143069e+00
-7.37153240522e+00
-7.38289949108e+00
-7.38314436575e+00
-7.37393203680e+00
-7.37571372439e+00
-7.38600356287e+00
-7.39185067452e+00
-7.37081275172e+00
-7.36475863476e+00
-7.35910725605e+00
-7.34069810871e+00
-7.38716230422e+00
-7.34948581520e+00
-7.38430219915e+00
-7.37986170403e+00
-7.39150737223e+00
-7.36471531917e+00
-7.38733034800e+00
-7.35971311753e+00
-7.37549643440e+00
-7.40410695511e+00
-7.37317720879e+00
-7.36500086793e+00
-7.36769785323e+00
-7.36158120981e+00
-7.37422619468e+00
-7.35287492147e+00
-7.37314080072e+00
-7.37872518067e+00
-7.37238048258e+00
-7.43010729537e+00
-7.42737840394e+00
-7.37892084336e+00
-7.37951123094e+00
-7.37490076591e+00
-7.40858802897e+00
-7.38728237004e+00
-7.39097456113e+00
-7.37526274882e+00
-7.34905127997e+00
-7.39919677517e+00
-7.37005931886e+00
-7.36699300070e+00
-7.38561785178e+00
-7.40327496901e+00
-7.36259698043e+00
-7.36581697183e+00
-7.37814816659e+00
-7.37732839269e+00
-7.35039174363e+00
-7.37379800698e+00
-7.37857974475e+00
-7.41830633324e+00
-7.37728712629e+00
-7.40498324484e+00
-7.41102043959e+00
-7.38309808176e+00
-7.36798148864e+00
-7.38766933591e+00
-7.38304694652e+00
-7.39866733129e+00
-7.40157363913e+00
-7.40378768559e+00
-7.37576497438e+00
-7.40818293006e+00
-7.37918057071e+00
-7.36541010748e+00
-7.38267197654e+00
-7.39684684795e+00
-7.38894908112e+00
-7.39429035312e+00
-7.35938639537e+00
-7.38474459057e+00
-7.37085804637e+00
-7.39097665464e+00
-7.38019085835e+00
-7.35580344829e+00
-7.34940142373e+00
-7.37372613408e+00
-7.38758932074e+00
-7.39314239795e+00
-7.36396593064e+00
-7.37476174440e+00
-7.38611022953e+00
-7.38355818090e+00
-7.37316625762e+00
-7.36310777984e+00
-7.35400149861e+00
-7.39688932204e+00
-7.40789894762e+00
-7.37707704342e+00
-7.37117828713e+00
-7.36192671961e+00
-7.37128513580e+00
-7.38241403864e+00
-7.37171911359e+00
-7.37743729090e+00
-7.37163760052e+00
-7.36545066318e+00
-7.37220857861e+00
-7.40076255691e+00
-7.38300016914e+00
-7.37084373898e+00
-7.35741614494e+00
-7.39100506889e+00
-7.37994570157e+00
-7.37533471447e+00
-7.36319577584e+00
-7.38432192071e+00
-7.38112470645e+00
-7.40011593532e+00
-7.38190124148e+00
-7.35916539101e+00
-7.38842385401e+00
-7.38214786234e+00
-7.34221010950e+00
-7.38018300909e+00
-7.37094405598e+00
-7.35115656309e+00
-7.36489522190e+00
-7.35043098169e+00
-7.34270477751e+00
-7.37612354916e+00
-7.37814694627e+00
-7.39338330314e+00
-7.39372712595e+00
-7.39965594733e+00
-7.36511328590e+00
-7.39545374274e+00
-7.37636287314e+00
-7.35996098837e+00
-7.37911738349e+00
-7.38882893354e+00
-7.37134612972e+00
-7.38140088337e+00
-7.35772446127e+00
-7.39534760213e+00
-7.39972225845e+00
-7.37495302434e+00
-7.39550938175e+00
-7.39550748327e+00
-7.37709500567e+00
-7.37846966745e+00
-7.39348653431e+00
-7.39915204371e+00
-7.34059534781e+00
-7.35062373666e+00
-7.39595157380e+00
-7.40538122214e+00
-7.37927706087e+00
-7.35584232324e+00
-7.37930699464e+00
-7.37207929051e+00
-7.36624264744e+00
-7.35283328308e+00
-7.37071791544e+00
-7.36766068774e+00
-7.35217658068e+00
-7.40199459019e+00
-7.37885602878e+00
-7.40192049069e+00
-7.37046261055e+00
-7.34973706827e+00
-7.38321447725e+00
-7.37922434162e+00
-7.37557276169e+00
-7.38103291180e+00
-7.34197224609e+00
-7.38100179810e+00
-7.38605989981e+00
-7.36711331250e+00
-7.39083857039e+00
-7.38216066171e+00
-7.34984200191e+00
-7.37663636984e+00
-7.34918755651e+00
-7.35876588067e+00
-7.39320095219e+00
-7.40477431007e+00
-7.36372279292e+00
-7.36629234647e+00
-7.38220249480e+00
-7.35192536156e+00
-7.39394693670e+00
-7.38815131750e+00
-7.36436840771e+00
-7.35935418571e+00
-7.35092120037e+00
-7.38647889718e+00
-7.37620296390e+00
-7.36815994144e+00
-7.37337492101e+00
-7.36216839937e+00
-7.37691824715e+00
-7.37979317531e+00
-7.36320259967e+00
-7.36745659788e+00
-7.39637279017e+00
-7.38448879964e+00
-7.36149798226e+00
-7.37689818141e+00
-7.37304631949e+00
-7.39659491933e+00
-7.38732159072e+00
-7.41236444210e+00
-7.34884713961e+00
-7.36261269269e+00
-7.37512531957e+00
-7.36554277419e+00
-7.37379005499e+00
-7.36095566127e+00
-7.34419694478e+00
-7.34039257539e+00
-7.38379100888e+00
-7.40250036414e+00
-7.39991884539e+00
-7.36870950061e+00
-7.36984066124e+00
-7.39720562954e+00
-7.35156496936e+00
-7.37770727604e+00
-7.35628630379e+00
-7.39841114415e+00
-7.38447655544e+00
-7.39975173414e+00
-7.36665160939e+00
-7.39918961374e+00
-7.35472243558e+00
-7.37079011807e+00
-7.38927797242e+00
-7.37633529671e+00
-7.39086563998e+00
-7.37457289858e+00
-7.39292214771e+00
-7.38742173044e+00
-7.40209166810e+00
-7.38576076019e+00
-7.36178332130e+00
-7.38668211659e+00
-7.38098495145e+00
-7.38470523981e+00
-7.35982280412e+00
-7.37490623187e+00
-7.38312545371e+00
-7.35698118524e+00
-7.36363839897e+00
-7.37248940916e+00
-7.43108909979e+00
-7.37563777023e+00
-7.38067298962e+00
-7.37931966860e+00
-7.38534717016e+00
-7.39975826811e+00
-7.39483468941e+00
-7.37949224700e+00
-7.38949719957e+00
-7.40645063736e+00
-7.35808434777e+00
-7.38609103973e+00
-7.38086439588e+00
-7.36293521507e+00
-7.38624821987e+00
-7.35819890083e+00
-7.40081749292e+00
-7.41212073568e+00
-7.37091968180e+00
-7.37362798540e+00
-7.38813683315e+00
-7.38331326134e+00
-7.38780016674e+00
-7.38371349216e+00
-7.37937793545e+00