-7.51352541319e+00
-7.51275206529e+00
-7.51423533928e+00
-7.51530600582e+00
-7.51240591388e+00
-7.51243791779e+00
-7.51221944825e+00
-7.51283389959e+00
-7.51196024990e+00
-7.51400140511e+00
-7.51240605493e+00
-7.51148261940e+00
-7.51179679431e+00
-7.51103610670e+00
-7.51105603575e+00
-7.51173199735e+00
-7.51246738916e+00
-7.51300657118e+00
-7.51173258232e+00
-7.51165451217e+00
-7.51195409036e+00
-7.51227474660e+00
-7.51056290720e+00
-7.51196806784e+00
-7.51151767646e+00
-7.51285690454e+00
-7.51125254745e+00
-7.51263563932e+00
-7.51157111781e+00
-7.51191450944e+00
-7.51328528429e+00
-7.51182844393e+00
-7.51200095471e+00
-7.51237292493e+00
-7.51213945580e+00
-7.51183710202e+00
-7.51182471834e+00
-7.51170823694e+00
-7.51268416187e+00
-7.51255546353e+00
-7.51277667504e+00
-7.51165663704e+00
-7.51121817037e+00
-7.51196048724e+00
-7.51310748109e+00
-7.51221173163e+00
-7.51289225071e+00
-7.51238232557e+00
-7.51095059331e+00
-7.51091336325e+00
-7.51277576174e+00
-7.51217807984e+00
-7.51180212693e+00
-7.51209807812e+00
-7.51235411098e+00
-7.51155263939e+00
-7.51028232658e+00
-7.51279134055e+00
-7.51130807583e+00
-7.51079550223e+00
-7.51052014823e+00
-7.51132143263e+00
-7.51109311514e+00
-7.51196150637e+00
-7.51163284800e+00
-7.51186681561e+00
-7.51382374549e+00
-7.51305633531e+00
-7.51125350096e+00
-7.51422268461e+00
-7.51181131471e+00
-7.51378902394e+00
-7.51270371236e+00
-7.51410127980e+00
-7.51296710953e+00
-7.51078514577e+00
-7.51327325179e+00
-7.51199579936e+00
-7.51038821429e+00
-7.51460136436e+00
-7.51354376042e+00
-7.51196038167e+00
-7.51152046951e+00
-7.51356934198e+00
-7.51195933312e+00
-7.51133321368e+00
-7.51380648005e+00
-7.51310475407e+00
-7.51176136818e+00
-7.51266053887e+00
-7.51192037372e+00
-7.51137939998e+00
-7.51274733734e+00
-7.51168145564e+00
-7.51169935798e+00
-7.51239123666e+00
-7.51279646329e+00
-7.51217400635e+00
-7.51286787253e+00
-7.51154128963e+00
-7.51101531626e+00
-7.51106833077e+00
-7.51270717906e+00
-7.51318533399e+00
-7.51218652966e+00
-7.51304561489e+00
-7.51170945668e+00
-7.51311662383e+00
-7.51185878969e+00
-7.51279253451e+00
-7.51177400862e+00
-7.51391820703e+00
-7.51398115367e+00
-7.51097758612e+00
-7.51330024254e+00
-7.51129844370e+00
-7.51274356762e+00
-7.51267241549e+00
-7.51029627480e+00
-7.51278877070e+00
-7.51199312194e+00
-7.51091162074e+00
-7.51136036642e+00
-7.51381609190e+00
-7.51387801894e+00
-7.51130500960e+00
-7.51063649789e+00
-7.51264266199e+00
-7.51278766832e+00
-7.51501310387e+00
-7.51128270813e+00
-7.51110593592e+00
-7.51079868335e+00
-7.51468962924e+00
-7.51100128633e+00
-7.51267708825e+00
-7.51371122978e+00
-7.51357588619e+00
-7.51375232047e+00
-7.51242388944e+00
-7.51161217599e+00
-7.51181817690e+00
-7.51202299720e+00
-7.51321809338e+00
-7.51235216741e+00
-7.51152592598e+00
-7.51470838039e+00
-7.51102960413e+00
-7.51101931649e+00
-7.51147448242e+00
-7.51225349694e+00
-7.51203849724e+00
-7.51220150185e+00
-7.51229043934e+00
-7.51305698676e+00
-7.51270840870e+00
-7.51120062550e+00
-7.51276492579e+00
-7.51218152297e+00
-7.51283674366e+00
-7.51218529770e+00
-7.51154173792e+00
-7.51095304242e+00
-7.51027995446e+00
-7.51009552051e+00
-7.51371157608e+00
-7.51166469995e+00
-7.51282163184e+00
-7.51215373671e+00
-7.51459482555e+00
-7.51157414180e+00
-7.51200042062e+00
-7.51370263971e+00
-7.51260459087e+00
-7.51339976190e+00
-7.51271183336e+00
-7.51308798985e+00
-7.51362223721e+00
-7.51314009368e+00
-7.51264150109e+00
-7.51262534058e+00
-7.51278224806e+00
-7.51252317266e+00
-7.51047695039e+00
-7.51175286754e+00
-7.51270859778e+00
-7.51133595423e+00
-7.51175546149e+00
-7.51414775900e+00
-7.51395412026e+00
-7.51235103393e+00
-7.51184213267e+00
-7.51044655824e+00
-7.51185825025e+00
-7.51349426497e+00
-7.51048061386e+00
-7.51199420805e+00
-7.51232900772e+00
-7.51438307838e+00
-7.51156352357e+00
-7.51315247880e+00
-7.51075121706e+00
-7.51343121399e+00
-7.51226678498e+00
-7.50992186019e+00
-7.51261189833e+00
-7.51098808336e+00
-7.51204951648e+00
-7.51118023385e+00
-7.51038236008e+00
-7.51243550710e+00
-7.51189200872e+00
-7.51247879511e+00
-7.51094943139e+00
-7.51301236679e+00
-7.51266198839e+00
-7.51095007549e+00
-7.51103687353e+00
-7.51114606690e+00
-7.51198755939e+00
-7.51118657686e+00
-7.51201797641e+00
-7.51262080101e+00
-7.51162564649e+00
-7.51422902947e+00
-7.51201777203e+00
-7.51411534570e+00
-7.51136030012e+00
-7.51271378533e+00
-7.51366987876e+00
-7.51259113793e+00
-7.51155733952e+00
-7.51215216947e+00
-7.51193325038e+00
-7.51186953321e+00
-7.51448703607e+00
-7.51231727468e+00
-7.51143199896e+00
-7.51437511274e+00
-7.51281335840e+00
-7.51349990924e+00
-7.51283471537e+00
-7.51368225198e+00
-7.51267192019e+00
-7.51147191028e+00
-7.51348997638e+00
-7.50999041801e+00
-7.51031417529e+00
-7.51239061756e+00
-7.51318030285e+00
-7.51279382646e+00
-7.51132267651e+00
-7.51282752075e+00
-7.51095542844e+00
-7.51321682480e+00
-7.51151566154e+00
-7.51264331529e+00
-7.51218922083e+00
-7.51143648074e+00
-7.51311365645e+00
-7.51241370373e+00
-7.51493747169e+00
-7.51269283856e+00
-7.51281913015e+00
-7.51213776917e+00
-7.51138792084e+00
-7.51336712677e+00
-7.51350681435e+00
-7.51061976912e+00
-7.51179486863e+00
-7.51183755821e+00
-7.50994309212e+00
-7.51281616223e+00
-7.51262237439e+00
-7.51419380459e+00
-7.51210703673e+00
-7.51182015157e+00
-7.51102734874e+00
-7.51364533002e+00
-7.51147042767e+00
-7.51205328709e+00
-7.51274971523e+00
-7.51220481637e+00
-7.51201595139e+00
-7.51150887509e+00
-7.51260373719e+00
-7.51284542299e+00
-7.51127097959e+00
-7.51355315763e+00
-7.51220769534e+00
-7.51182672016e+00
-7.51235453474e+00
-7.51067546507e+00
-7.51143909687e+00
-7.51342795566e+00
-7.51272181732e+00
-7.50950954865e+00
-7.51316073141e+00
-7.51448155045e+00
-7.51140472651e+00
-7.51290384110e+00
-7.51320844684e+00
-7.51193266445e+00
-7.51484629995e+00
-7.51229479662e+00
-7.51186774411e+00
-7.51391155563e+00
-7.51133248188e+00
-7.51289504458e+00
-7.51234110321e+00
-7.51224478493e+00
-7.51257542920e+00
-7.51217194081e+00
-7.51327548741e+00
-7.51175165646e+00
-7.51340342817e+00
-7.51302867349e+00
-7.51197655015e+00
-7.51238764600e+00
-7.51136895829e+00
-7.51118812176e+00
-7.51205275531e+00
-7.51280879516e+00
-7.51420333979e+00
-7.51088302106e+00
-7.51300577711e+00
-7.51254906808e+00
-7.51219509500e+00
-7.51138076181e+00
-7.51195970785e+00
-7.51198515931e+00
-7.51196061730e+00
-7.51369087508e+00
-7.51470633549e+00
-7.51316122541e+00
-7.51213590389e+00
-7.51117342601e+00
-7.51191958706e+00
-7.51049284733e+00
-7.51175384654e+00
-7.51125342523e+00
-7.51304696832e+00
-7.51299434190e+00
-7.51077210315e+00
-7.51189744849e+00
-7.51438385201e+00
-7.51329108319e+00
-7.51244625457e+00
-7.51195000580e+00
-7.51369662947e+00
-7.51132979696e+00
-7.51173199295e+00
-7.51137522144e+00
-7.51275393660e+00
-7.51218816725e+00
-7.51283833769e+00
-7.51104596423e+00
-7.51126776973e+00
-7.51339882897e+00
-7.51365551596e+00
-7.51329105412e+00
-7.51114838635e+00
-7.51073225657e+00
-7.51293744698e+00
-7.51131599943e+00
-7.51451629021e+00
-7.51045367880e+00
-7.51278932548e+00
-7.51164614790e+00
-7.51220122233e+00
-7.51245196263e+00
-7.51315210214e+00
-7.51161618543e+00
-7.50946159167e+00
-7.51303240906e+00
-7.51254993774e+00
-7.51327712868e+00
-7.51330248823e+00
-7.51313234922e+00
-7.51204802188e+00
-7.51169447656e+00
-7.51156803472e+00
-7.51195113335e+00
-7.51096508586e+00
-7.51249805013e+00
-7.51122945998e+00
-7.51251385019e+00
-7.51206065172e+00
-7.51247711118e+00
-7.51485198613e+00
-7.51260566734e+00
-7.51214499491e+00
-7.51355554439e+00
-7.51310688026e+00
-7.51203066561e+00
-7.51169910699e+00
-7.51284640414e+00
-7.51184924717e+00
-7.51111620476e+00
-7.51197181534e+00
-7.51201712072e+00
-7.51284104982e+00
-7.51340777320e+00
-7.51325285999e+00
-7.51404863983e+00
-7.51078584629e+00
-7.51296597693e+00
-7.51103314295e+00
-7.51313843572e+00
-7.51404942269e+00
-7.51194379275e+00
-7.51106068059e+00
-7.51150362990e+00
-7.51300419273e+00
-7.51144570555e+00
-7.51276816654e+00
-7.51230374890e+00
-7.51116427964e+00
-7.51291131258e+00
-7.51314615257e+00
-7.51022928732e+00
-7.51377202185e+00
-7.51163977006e+00
-7.51133700244e+00
-7.51064658695e+00
-7.51256688308e+00
-7.51285962339e+00
-7.51207477691e+00
-7.51363959559e+00
-7.51276993433e+00
-7.51191215461e+00
-7.51410342410e+00
-7.51394843298e+00
-7.51313964911e+00
-7.51294015893e+00
-7.51165571339e+00
-7.51117715262e+00
-7.51348831877e+00
-7.51073531564e+00
-7.51188278440e+00
-7.51136918714e+00
-7.51320026931e+00
-7.51286612063e+00
-7.51110468350e+00
-7.51285302611e+00
-7.51268510037e+00
-7.51223821537e+00
-7.51259074890e+00
-7.51308727809e+00
-7.51174326749e+00
-7.51240026172e+00
-7.51251696299e+00
-7.50963263822e+00
-7.51279475061e+00
-7.51427196562e+00
-7.51210025349e+00
-7.51042270419e+00
-7.51264847145e+00
-7.51401235785e+00
-7.51250572982e+00
-7.51279139937e+00
-7.51253944033e+00
-7.51261159995e+00
-7.51137107516e+00
-7.51365100077e+00
-7.51215222398e+00
-7.51331790776e+00
-7.51289557608e+00
-7.51239416902e+00
-7.51246993921e+00
-7.51205701289e+00
-7.51243317600e+00
-7.51472597903e+00
-7.51207968571e+00
-7.51078750854e+00
-7.51299557554e+00
-7.51348949886e+00
-7.51113504156e+00
-7.51357842952e+00
-7.51092542281e+00
-7.51343473363e+00
-7.51093424540e+00
-7.51376509992e+00
-7.51153615434e+00
-7.50952148157e+00
-7.51261592931e+00
-7.51198752967e+00
-7.51084605304e+00
-7.51298778907e+00
-7.51304035020e+00
-7.51522135190e+00
-7.51333218634e+00
-7.51350095985e+00
-7.51087103317e+00
-7.51287219170e+00
-7.50995494389e+00
-7.51178104506e+00
-7.51224623030e+00
-7.51111944821e+00
-7.51092271617e+00
-7.51221937624e+00