1.31133063896e+00
1.31160421218e+00
1.31405544238e+00
1.31377266298e+00
1.31750937732e+00
1.31537555643e+00
1.31252104389e+00
1.31186859518e+00
1.31303513997e+00
1.31287321399e+00
1.31237368275e+00
1.31427831222e+00
1.31296538179e+00
1.31188344851e+00
1.31014213833e+00
1.31217050669e+00
1.31348801470e+00
1.31338851314e+00
1.31357861618e+00
1.31331949161e+00
1.30940764285e+00
1.31361249892e+00
1.31127501343e+00
1.31379063654e+00
1.31378099334e+00
1.31207354475e+00
1.31516765252e+00
1.31385071153e+00
1.31261031127e+00
1.30903757996e+00
1.31295039585e+00
1.31250766478e+00
1.31452906259e+00
1.31568447515e+00
1.31603390398e+00
1.31402468179e+00
1.31445198849e+00
1.31370464791e+00
1.31585403385e+00
1.31393716398e+00
1.31411110860e+00
1.31584953999e+00
1.31216489739e+00
1.31327663405e+00
1.31964336594e+00
1.31395646881e+00
1.31027862302e+00
1.31059657465e+00
1.31309861932e+00
1.31182056965e+00
1.31285589330e+00
1.31054868899e+00
1.31812555493e+00
1.31463558601e+00
1.31471765658e+00
1.31253421467e+00
1.31146518351e+00
1.31355477680e+00
1.30998297474e+00
1.31296639334e+00
1.31328509470e+00
1.31037785473e+00
1.31573210925e+00
1.31592550206e+00
1.31650490471e+00
1.31168071165e+00
1.31152091048e+00
1.31359482126e+00
1.30994684268e+00
1.31811437307e+00
1.31210275234e+00
1.31095543687e+00
1.31418213778e+00
1.31031134639e+00
1.31218967555e+00
1.31173776799e+00
1.31450893628e+00
1.31300971187e+00
1.31198952804e+00
1.31248227259e+00
1.31584842228e+00
1.31329896437e+00
1.31020879961e+00
1.31258701503e+00
1.31708779995e+00
1.31373485302e+00
1.31659733114e+00
1.31503723861e+00
1.31473925084e+00
1.31385394002e+00
1.31115465620e+00
1.31321717980e+00
1.31456071610e+00
1.31385199054e+00
1.31720276619e+00
1.31228931987e+00
1.31426135950e+00
1.31569171676e+00
1.31506410443e+00
1.31217874819e+00
1.30830621974e+00
1.31017199405e+00
1.31424955099e+00
1.31395886984e+00
1.31661909894e+00
1.31573101172e+00
1.31210527320e+00
1.31414876665e+00
1.31137591218e+00
1.31301705304e+00
1.31378892810e+00
1.31631862971e+00
1.31835812301e+00
1.31176151760e+00
1.31432526280e+00
1.31223491215e+00
1.31234370424e+00
1.31163138074e+00
1.31091521857e+00
1.31272164595e+00
1.31226914706e+00
1.31315384609e+00
1.31843537937e+00
1.31600391764e+00
1.31155462573e+00
1.31159969919e+00
1.30986108370e+00
1.31670913728e+00
1.31180152645e+00
1.31310555664e+00
1.31230796653e+00
1.31232050361e+00
1.31258304217e+00
1.31207815807e+00
1.31340831499e+00
1.31257654472e+00
1.31447307159e+00
1.31210023939e+00
1.31346586005e+00
1.31338941299e+00
1.31085717843e+00
1.31195843413e+00
1.31012198901e+00
1.31436074580e+00
1.31361150827e+00
1.30801452233e+00
1.31472629119e+00
1.30980415994e+00
1.31134141893e+00
1.31220926167e+00
1.31253128492e+00
1.30906735352e+00
1.31343300352e+00
1.31123795895e+00
1.31362739698e+00
1.31247466496e+00
1.31445328506e+00
1.30645215762e+00
1.31389102860e+00
1.31295777715e+00
1.30946293573e+00
1.31367163863e+00
1.30905419454e+00
1.31068494403e+00
1.30951916555e+00
1.31626196607e+00
1.31039718478e+00
1.31082062808e+00
1.31376880116e+00
1.31523976169e+00
1.31344077917e+00
1.31568587309e+00
1.31235166473e+00
1.31130433733e+00
1.31144032276e+00
1.31381766163e+00
1.31300188301e+00
1.31243163179e+00
1.31445572124e+00
1.31350012293e+00
1.31559988686e+00
1.31413329314e+00
1.30978956742e+00
1.31036440881e+00
1.31087496582e+00
1.31512523158e+00
1.31111682705e+00
1.31271572978e+00
1.31575625997e+00
1.31425680592e+00
1.31613486230e+00
1.30871242300e+00
1.31073364397e+00
1.31425609013e+00
1.31133143185e+00
1.31109360896e+00
1.31030416436e+00
1.31370299335e+00
1.31409849681e+00
1.31185224985e+00
1.31306340793e+00
1.31566503451e+00
1.31241838899e+00
1.31271625710e+00
1.31177835729e+00
1.31485095130e+00
1.31073517614e+00
1.31345137892e+00
1.31347580952e+00
1.31334626232e+00
1.31589456358e+00
1.31438490362e+00
1.31111033670e+00
1.31313180619e+00
1.31322797102e+00
1.31321875470e+00
1.31414295975e+00
1.30903774905e+00
1.31217395120e+00
1.31137463578e+00
1.31348021157e+00
1.31007143757e+00
1.31694052487e+00
1.31526430191e+00
1.31424221170e+00
1.31516486444e+00
1.31564080594e+00
1.30863751146e+00
1.31095073613e+00
1.31232131794e+00
1.31758317634e+00
1.31461275236e+00
1.31842066461e+00
1.31427953446e+00
1.31015476630e+00
1.31299679376e+00
1.31142791810e+00
1.31417493869e+00
1.31531671205e+00
1.31553593231e+00
1.31017449079e+00
1.31551022306e+00
1.31409249790e+00
1.31030202337e+00
1.31675020753e+00
1.31487091092e+00
1.31292126155e+00
1.31146405163e+00
1.31542524444e+00
1.31354627522e+00
1.31291784113e+00
1.31241124752e+00
1.31269742574e+00
1.31217332863e+00
1.31353939261e+00
1.31364253654e+00
1.31396726976e+00
1.31490653864e+00
1.31588707888e+00
1.31627223264e+00
1.31405589143e+00
1.31240927895e+00
1.31595138051e+00
1.31538444371e+00
1.31203511091e+00
1.31312631612e+00
1.31275412581e+00
1.31417356012e+00
1.30745103485e+00
1.30798995966e+00
1.31418722657e+00
1.31269072960e+00
1.31338263665e+00
1.31775189764e+00
1.31254528115e+00
1.31624224739e+00
1.31533179540e+00
1.31248236094e+00
1.31443893705e+00
1.31312138138e+00
1.31502376883e+00
1.31420300966e+00
1.31342375114e+00
1.31143950934e+00
1.31228787624e+00
1.31627882130e+00
1.31307565136e+00
1.31452256971e+00
1.31467740578e+00
1.31499053609e+00
1.31654816615e+00
1.31312049227e+00
1.31575066541e+00
1.31636073146e+00
1.31295497118e+00
1.31540233607e+00
1.31229394087e+00
1.31585230030e+00
1.31505368628e+00
1.31273546457e+00
1.31176193655e+00
1.31655191426e+00
1.31150478799e+00
1.31451784809e+00
1.31056483895e+00
1.31216003353e+00
1.31176664067e+00
1.31157675596e+00
1.31783872120e+00
1.31149140045e+00
1.31595901899e+00
1.31086448108e+00
1.31400857261e+00
1.31383147040e+00
1.31202709813e+00
1.31159152324e+00
1.31082357849e+00
1.31248398356e+00
1.31448712536e+00
1.31467790493e+00
1.31376299195e+00
1.31209360209e+00
1.31197844869e+00
1.31339062455e+00
1.31176370668e+00
1.31262302599e+00
1.31347853499e+00
1.31179532133e+00
1.31095620601e+00
1.31316577726e+00
1.31165291585e+00
1.31389679415e+00
1.31381989930e+00
1.31379132206e+00
1.31410689142e+00
1.31266366061e+00
1.31397850562e+00
1.31083063642e+00
1.31273348210e+00
1.31336715983e+00
1.31106212248e+00
1.31368615534e+00
1.31480121543e+00
1.31176496377e+00
1.30832644289e+00
1.31386901564e+00
1.31510781638e+00
1.31341242347e+00
1.31588129807e+00
1.31740088625e+00
1.31127557632e+00
1.31165286346e+00
1.31289943563e+00
1.31597859973e+00
1.31345455366e+00
1.31682937295e+00
1.30891869652e+00
1.31359843892e+00
1.31063197198e+00
1.31266516822e+00
1.31493930150e+00
1.31131288822e+00
1.31277728825e+00
1.31198831359e+00
1.31174952287e+00
1.31220267624e+00
1.31067382262e+00
1.31393379543e+00
1.31222596916e+00
1.31270993985e+00
1.31511404857e+00
1.31368131434e+00
1.31439896355e+00
1.30803351672e+00
1.31501133630e+00
1.31316200739e+00
1.31251688645e+00
1.31168789990e+00
1.31482393236e+00
1.31687503589e+00
1.31665941809e+00
1.31088970790e+00
1.31224513599e+00
1.31422955226e+00
1.31346133069e+00
1.31150961942e+00
1.31240970764e+00
1.31377582773e+00
1.31601537084e+00
1.31427052315e+00
1.31265268417e+00
1.31064338352e+00
1.31530645810e+00
1.31311980758e+00
1.31281511571e+00
1.31389824157e+00
1.31129036957e+00
1.31616659109e+00
1.31035289102e+00
1.31197333694e+00
1.31281367134e+00
1.31382311957e+00
1.31463099181e+00
1.31545717718e+00
1.31385887904e+00
1.31145010227e+00
1.31424316523e+00
1.30995096234e+00
1.31307877343e+00
1.31497192078e+00
1.31319538245e+00
1.31256978273e+00
1.31331362891e+00
1.31579715415e+00
1.31461275038e+00
1.31558621440e+00
1.31663693694e+00
1.31309251096e+00
1.31223812535e+00
1.31485599401e+00
1.31360317260e+00
1.31618964716e+00
1.30931773679e+00
1.31058189210e+00
1.31367619669e+00
1.31273845664e+00
1.31065941510e+00
1.31543413040e+00
1.31755737573e+00
1.31273864330e+00
1.31437735444e+00
1.31280236508e+00
1.31294148149e+00
1.31049284321e+00
1.31251640015e+00
1.31472304389e+00
1.30933204401e+00
1.31443421881e+00
1.31396069603e+00
1.31110503727e+00
1.31460840268e+00
1.31534227367e+00
1.31615746075e+00
1.31049547645e+00
1.31227322972e+00
1.31245465842e+00
1.31235571481e+00
1.31305973564e+00
1.31142161952e+00
1.31723270336e+00
1.31455794637e+00
1.31572666515e+00
1.31228476062e+00
1.31107086232e+00
1.31476619032e+00
1.31142425222e+00
1.31207598352e+00
1.31629869041e+00
1.31355689998e+00
1.31720424299e+00
1.30983308200e+00
1.31370120395e+00
1.31274963385e+00
1.31520602679e+00
1.31447371993e+00
1.31469265439e+00
1.31572045306e+00
1.32084880942e+00
1.31161940130e+00
1.31175931711e+00
1.31518963169e+00
1.31090317651e+00
1.31366475362e+00
1.31447856174e+00
1.30983613688e+00
1.31662600563e+00
1.31669175492e+00
1.31652357870e+00
1.31545551877e+00
1.31343436398e+00
1.31729831902e+00
1.31367768454e+00
1.31216063045e+00
1.31515070635e+00
1.31086300774e+00
1.31460160957e+00
1.31321305767e+00
1.31265830934e+00
1.31546981862e+00
1.31716185245e+00
1.31507769773e+00
1.31127861227e+00
1.31311139304e+00
1.31266390368e+00
1.31619426753e+00
1.31432779125e+00
1.31248536888e+00
1.31360499055e+00
1.31280533458e+00
1.31153435383e+00
1.31332520051e+00