7.43197006128e-01
7.42979864864e-01
7.44535711255e-01
7.44540179294e-01
7.46392088104e-01
7.45187789409e-01
7.43930585267e-01
7.43544836123e-01
7.44102023530e-01
7.43990625350e-01
7.43532178605e-01
7.44739618267e-01
7.44105702011e-01
7.43450053518e-01
7.42371242213e-01
7.43521764126e-01
7.44383186036e-01
7.44273453977e-01
7.44516890322e-01
7.44263290913e-01
7.41890254063e-01
7.44404662283e-01
7.42922987665e-01
7.44630436540e-01
7.44679304945e-01
7.43741006572e-01
7.45138495612e-01
7.44717984017e-01
7.43820536240e-01
7.41804059696e-01
7.44045749412e-01
7.43594604163e-01
7.44979309032e-01
7.45178737886e-01
7.45693990665e-01
7.44708567697e-01
7.44813875768e-01
7.44394203907e-01
7.45594876612e-01
7.44577288437e-01
7.44686000233e-01
7.45703919419e-01
7.43579009809e-01
7.44025804892e-01
7.47632754671e-01
7.44667795468e-01
7.42493181238e-01
7.42728657005e-01
7.44109246003e-01
7.43391719815e-01
7.44136487415e-01
7.42718915406e-01
7.46865491461e-01
7.44767246326e-01
7.44980449052e-01
7.43657674017e-01
7.43232846408e-01
7.44469373008e-01
7.42489935382e-01
7.43910458409e-01
7.44226474960e-01
7.42913796631e-01
7.45381994505e-01
7.45548179712e-01
7.45794524556e-01
7.43188892679e-01
7.43403126692e-01
7.44574590446e-01
7.42426620758e-01
7.46794387560e-01
7.43620676506e-01
7.42776527713e-01
7.44879095338e-01
7.42417883438e-01
7.43910427331e-01
7.43392708684e-01
7.44789258953e-01
7.44099666001e-01
7.43429282684e-01
7.43867154697e-01
7.45567820629e-01
7.44248461057e-01
7.42569516643e-01
7.43982969660e-01
7.46046420230e-01
7.44402784784e-01
7.46262480608e-01
7.45270785396e-01
7.45221610887e-01
7.44614072434e-01
7.42986360760e-01
7.44093948941e-01
7.44783176236e-01
7.44677922044e-01
7.46268816907e-01
7.43773933408e-01
7.44868861625e-01
7.45574367831e-01
7.44993122244e-01
7.43417619890e-01
7.41682331347e-01
7.42257785227e-01
7.44716214726e-01
7.44660838230e-01
7.46315747032e-01
7.45601499948e-01
7.43634966878e-01
7.44812449564e-01
7.43153361004e-01
7.44112840941e-01
7.44446700521e-01
7.45905365747e-01
7.46958849417e-01
7.43436868254e-01
7.44985423774e-01
7.43744074437e-01
7.43616938165e-01
7.43187883853e-01
7.42945801418e-01
7.43939089965e-01
7.43460821514e-01
7.44056506319e-01
7.47034540669e-01
7.45566042656e-01
7.43543018382e-01
7.43313485430e-01
7.42187056250e-01
7.46061532364e-01
7.43553975205e-01
7.44271297778e-01
7.43655221118e-01
7.43706587376e-01
7.43799886721e-01
7.43825211277e-01
7.44572896087e-01
7.43908236983e-01
7.44916521263e-01
7.43583278915e-01
7.44291532604e-01
7.44234928798e-01
7.42846901226e-01
7.43492181692e-01
7.42648647308e-01
7.44932639960e-01
7.44376388930e-01
7.41304584888e-01
7.45112522928e-01
7.42474951702e-01
7.43154572560e-01
7.43740703453e-01
7.43628674690e-01
7.41693926645e-01
7.44330074860e-01
7.42992503258e-01
7.44113688088e-01
7.43758519511e-01
7.44828056057e-01
7.40680836646e-01
7.44547586205e-01
7.43906890039e-01
7.42115146670e-01
7.44352426382e-01
7.41941323052e-01
7.42848138406e-01
7.42354179992e-01
7.45768419931e-01
7.42253416177e-01
7.42761297284e-01
7.44410330842e-01
7.45327543446e-01
7.44341007194e-01
7.45660700170e-01
7.43973040995e-01
7.43285703797e-01
7.43368389545e-01
7.44730843782e-01
7.44240802084e-01
7.43792009245e-01
7.44751990340e-01
7.44351325022e-01
7.45344880683e-01
7.44740114688e-01
7.42555062809e-01
7.42648320544e-01
7.42960093077e-01
7.45070089819e-01
7.43050602129e-01
7.43835691471e-01
7.45692701518e-01
7.44774281069e-01
7.45770627483e-01
7.41709994064e-01
7.43010798924e-01
7.44709572435e-01
7.43386302564e-01
7.42984926348e-01
7.42925998829e-01
7.44365307161e-01
7.44615904611e-01
7.43357900194e-01
7.44156028848e-01
7.45533917872e-01
7.43854916078e-01
7.43843392260e-01
7.43272985795e-01
7.44946619115e-01
7.42851545533e-01
7.44375177683e-01
7.44076726897e-01
7.44013564369e-01
7.45543406071e-01
7.44533766724e-01
7.43274622917e-01
7.44176840087e-01
7.44343452164e-01
7.44044353177e-01
7.44578226692e-01
7.41962960276e-01
7.43607044453e-01
7.43191665765e-01
7.44081505115e-01
7.42663041622e-01
7.46094152581e-01
7.45378580443e-01
7.44817672962e-01
7.45131297366e-01
7.45599460409e-01
7.41874799965e-01
7.42791401553e-01
7.43605242955e-01
7.46484513777e-01
7.44804868662e-01
7.46914810878e-01
7.44758407110e-01
7.42307466736e-01
7.44331126126e-01
7.43153013674e-01
7.44857461338e-01
7.45422738766e-01
7.45490203955e-01
7.42606210177e-01
7.45485894209e-01
7.44852986722e-01
7.42628748598e-01
7.45831730930e-01
7.45106463066e-01
7.43939130555e-01
7.43318718731e-01
7.45514330348e-01
7.44124748548e-01
7.44238675227e-01
7.43659934014e-01
7.43840032544e-01
7.43441189221e-01
7.44353486326e-01
7.44731276628e-01
7.44540803699e-01
7.45048626464e-01
7.45442897894e-01
7.45991186426e-01
7.44677777606e-01
7.43765614453e-01
7.45522233006e-01
7.45257160841e-01
7.43452435354e-01
7.44145835008e-01
7.44106740172e-01
7.44712074413e-01
7.41070771349e-01
7.41235221100e-01
7.44672297179e-01
7.43830500961e-01
7.44465403935e-01
7.46776925577e-01
7.43831537443e-01
7.45988172612e-01
7.45260891886e-01
7.43605594364e-01
7.44903830037e-01
7.44144540425e-01
7.45010114387e-01
7.44732470691e-01
7.44032308933e-01
7.43297228690e-01
7.43862066329e-01
7.45926264937e-01
7.44155822339e-01
7.44967950693e-01
7.44991765943e-01
7.45061461864e-01
7.46084795522e-01
7.44343832460e-01
7.45304991328e-01
7.45837415478e-01
7.43996737902e-01
7.45716595307e-01
7.43640508297e-01
7.45535735957e-01
7.45049446728e-01
7.43860416358e-01
7.43397051510e-01
7.46016944887e-01
7.43180998712e-01
7.44565808128e-01
7.42870783929e-01
7.43562098711e-01
7.43531224139e-01
7.43183137680e-01
7.46753636475e-01
7.43314220499e-01
7.45694696343e-01
7.42766512610e-01
7.44385804534e-01
7.44677669231e-01
7.43209557769e-01
7.43456311225e-01
7.42978117966e-01
7.43826895676e-01
7.44918109806e-01
7.44759668976e-01
7.44430044674e-01
7.43723730669e-01
7.43402108692e-01
7.44244576119e-01
7.43324309458e-01
7.44006123934e-01
7.44370731792e-01
7.43397732272e-01
7.42918730035e-01
7.43972542818e-01
7.43361955901e-01
7.44554543702e-01
7.44530826416e-01
7.44440924055e-01
7.44774281521e-01
7.43811352434e-01
7.44581635196e-01
7.42808782890e-01
7.43793843855e-01
7.44415511256e-01
7.42994882685e-01
7.44493949969e-01
7.45035469378e-01
7.43324780718e-01
7.41537395111e-01
7.44597048630e-01
7.45183290710e-01
7.44421812495e-01
7.45695204315e-01
7.46480139002e-01
7.43185240690e-01
7.43661429540e-01
7.43988854388e-01
7.45552682818e-01
7.44411467630e-01
7.46020398091e-01
7.42004077113e-01
7.44566006166e-01
7.42863350262e-01
7.44027880049e-01
7.45186595037e-01
7.43181027420e-01
7.44203965004e-01
7.43738341893e-01
7.43460461311e-01
7.43666356406e-01
7.42859330277e-01
7.44597731202e-01
7.43800776172e-01
7.43819513852e-01
7.45188079869e-01
7.44619813534e-01
7.44762945414e-01
7.41254220398e-01
7.45210103701e-01
7.44082025573e-01
7.44055949986e-01
7.43248189825e-01
7.45110259854e-01
7.45998226033e-01
7.45857347124e-01
7.42847632941e-01
7.43487884311e-01
7.44485267562e-01
7.44325940334e-01
7.43367497163e-01
7.43695583988e-01
7.44476498439e-01
7.45730303661e-01
7.44521465648e-01
7.43976337703e-01
7.42701385001e-01
7.44937092592e-01
7.44283841092e-01
7.43730573473e-01
7.44558971578e-01
7.43398037846e-01
7.45917069566e-01
7.42594976128e-01
7.43421042314e-01
7.43679495862e-01
7.44606728033e-01
7.44940209540e-01
7.45549738355e-01
7.44517337198e-01
7.43174378280e-01
7.44561183293e-01
7.42331588403e-01
7.43991815607e-01
7.45441567375e-01
7.44146842153e-01
7.43891393408e-01
7.44316551008e-01
7.45547253196e-01
7.45069243508e-01
7.45382097676e-01
7.46094037644e-01
7.44178983075e-01
7.43820606337e-01
7.45152343255e-01
7.44579927700e-01
7.46040030656e-01
7.41901018431e-01
7.43114268049e-01
7.44532778692e-01
7.43864167807e-01
7.42732629704e-01
7.45516402540e-01
7.46360389907e-01
7.44202961291e-01
7.44947688204e-01
7.44206832208e-01
7.44075350911e-01
7.42539628595e-01
7.43948716783e-01
7.44935741480e-01
7.41929842967e-01
7.44581975439e-01
7.44392348611e-01
7.43129433093e-01
7.44846288125e-01
7.45396835981e-01
7.45731962190e-01
7.42539154466e-01
7.43825656592e-01
7.43931108894e-01
7.44011767359e-01
7.44167652262e-01
7.43406133621e-01
7.46467391710e-01
7.44796635397e-01
7.45597739954e-01
7.43653693167e-01
7.42980747680e-01
7.45080658878e-01
7.43270456989e-01
7.43491845388e-01
7.45764506915e-01
7.44567397397e-01
7.46549675063e-01
7.42390803179e-01
7.44534097692e-01
7.44070870953e-01
7.45214333934e-01
7.44995783357e-01
7.45184331001e-01
7.45425879277e-01
7.48465602467e-01
7.43308335914e-01
7.43354505824e-01
7.45200461571e-01
7.42923951301e-01
7.44243084999e-01
7.44953403153e-01
7.42360278351e-01
7.45848692679e-01
7.45988944704e-01
7.46057941584e-01
7.45511172944e-01
7.44255553689e-01
7.46372602956e-01
7.44096761759e-01
7.43644078904e-01
7.45066135650e-01
7.42920739893e-01
7.44867750722e-01
7.44045874688e-01
7.43684644398e-01
7.45147825664e-01
7.46199475404e-01
7.45300890378e-01
7.42867645555e-01
7.44197176331e-01
7.43846522394e-01
7.45754384016e-01
7.44908883346e-01
7.43677186351e-01
7.44445215600e-01
7.44013708240e-01
7.43062483270e-01
7.44245639975e-01