1.45522562463e+00
1.41618560445e+00
1.29942381551e+00
1.30261442658e+00
1.52668973901e+00
1.54717214227e+00
1.54757470024e+00
1.27030240690e+00
1.59884442552e+00
1.40746630409e+00
1.47141837728e+00
1.47977283327e+00
1.51901917450e+00
1.43299997089e+00
1.23997630836e+00
1.51857806377e+00
1.55774716110e+00
1.50893589599e+00
1.50084018182e+00
1.51993543176e+00
1.48867176527e+00
1.53392575104e+00
1.51341571929e+00
1.62032706612e+00
1.57251411745e+00
1.42224834680e+00
1.53600168222e+00
1.24681688019e+00
1.66245424452e+00
1.45812176399e+00
1.38708808077e+00
1.42659122939e+00
1.40748260425e+00
1.65719968935e+00
1.64639425280e+00
1.66638736587e+00
1.41156811456e+00
1.34974089139e+00
1.39568834722e+00
1.47885400226e+00
1.53371391156e+00
1.48133012118e+00
1.43284663704e+00
1.36519649243e+00
1.27502478794e+00
1.51454081287e+00
1.50605894940e+00
1.41076116005e+00
1.47474873502e+00
1.49586862892e+00
1.34642586812e+00
1.41275229769e+00
1.56980397621e+00
1.37763727617e+00
1.51878794602e+00
1.76997779942e+00
1.47334171265e+00
1.50059005210e+00
1.47387222215e+00
1.51852590041e+00
1.46462509344e+00
1.55208130341e+00
1.61896501971e+00
1.44715274086e+00
1.64707876399e+00
1.79617846006e+00
1.40272957920e+00
1.32187147158e+00
1.44902893106e+00
1.32920755104e+00
1.38592032060e+00
1.42290161513e+00
1.61905174397e+00
1.41211972702e+00
1.41585993870e+00
1.45613634648e+00
1.47303576215e+00
1.44984910538e+00
1.39746183852e+00
1.70741233411e+00
1.29504806625e+00
1.27584312137e+00
1.42627611484e+00
1.38275219376e+00
1.60826432620e+00
1.56659531168e+00
1.49412938549e+00
1.39332261280e+00
1.46622249911e+00
1.75254483056e+00
1.34423124893e+00
1.58457572425e+00
1.47282559281e+00
1.52341090243e+00
1.39808258637e+00
1.24372969776e+00
1.32252841934e+00
1.65029678065e+00
1.44737439200e+00
1.53909884976e+00
1.38923466183e+00
1.55543120425e+00
1.47684781626e+00
1.43022516200e+00
1.63376092268e+00
1.39149267088e+00
1.58873339112e+00
1.48407032351e+00
1.60931645055e+00
1.77731436094e+00
1.49920680225e+00
1.45247075794e+00
1.20848849535e+00
1.49661009757e+00
1.58389371804e+00
1.44080106150e+00
1.47546804144e+00
1.53029845040e+00
1.34143309561e+00
1.33974432642e+00
1.58287239093e+00
1.41746886060e+00
1.41759298083e+00
1.38107839161e+00
1.42086014960e+00
1.38780477973e+00
1.65606198145e+00
1.54426618848e+00
1.31800338951e+00
1.55187536425e+00
1.48672553144e+00
1.54967826534e+00
1.63971809731e+00
1.30067423014e+00
1.56539892221e+00
1.48053550982e+00
1.57304909334e+00
1.51157366723e+00
1.42029989284e+00
1.53658298842e+00
1.44869518169e+00
1.44768881674e+00
1.45448936206e+00
1.38537714556e+00
1.40726834512e+00
1.55151398257e+00
1.33797105879e+00
1.40281318293e+00
1.36605883499e+00
1.42587299888e+00
1.49064913567e+00
1.57155076269e+00
1.54985087902e+00
1.28541352079e+00
1.22303861383e+00
1.14991408033e+00
1.47896905034e+00
1.59697479663e+00
1.36082869972e+00
1.29346337965e+00
1.42997265302e+00
1.43088130886e+00
1.54692475008e+00
1.52516717301e+00
1.70000002455e+00
1.56673327799e+00
1.41793000695e+00
1.29920929668e+00
1.34250776115e+00
1.38273369721e+00
1.49976794844e+00
1.43072423524e+00
1.40072547897e+00
1.39157570392e+00
1.46930699882e+00
1.53153104070e+00
1.39508504352e+00
1.49131647580e+00
1.35812778521e+00
1.50710788944e+00
1.42836657619e+00
1.50181526502e+00
1.57912313777e+00
1.55457697482e+00
1.33691964012e+00
1.53019991046e+00
1.48504322147e+00
1.33398482100e+00
1.16620952589e+00
1.55100882594e+00
1.30656187571e+00
1.46541061100e+00
1.54900873661e+00
1.48985207165e+00
1.35108127311e+00
1.45268062731e+00
1.45129543497e+00
1.49617788668e+00
1.48156707353e+00
1.40304425659e+00
1.34879791092e+00
1.41395732912e+00
1.49451761301e+00
1.80160247116e+00
1.45268969497e+00
1.40030149224e+00
1.36966850941e+00
1.54600540982e+00
1.73691432697e+00
1.49386992783e+00
1.49212138027e+00
1.44263856519e+00
1.55784270315e+00
1.45712167874e+00
1.45454716714e+00
1.48292352829e+00
1.39355520827e+00
1.45039248746e+00
1.49542815277e+00
1.48219689549e+00
1.46146709003e+00
1.27519274566e+00
1.51644633008e+00
1.42075366635e+00
1.28670103093e+00
1.39146449250e+00
1.47608513980e+00
1.50336718502e+00
1.31170370085e+00
1.38325471469e+00
1.43513073594e+00
1.63506079438e+00
1.54668759058e+00
1.51880047672e+00
1.22180602323e+00
1.40926838418e+00
1.53785273485e+00
1.39997012831e+00
1.43692981892e+00
1.50670409807e+00
1.51029962152e+00
1.46183392567e+00
1.54269678634e+00
1.49431266672e+00
1.62227288160e+00
1.45274610305e+00
1.55344426607e+00
1.54661936902e+00
1.56892319040e+00
1.33701289626e+00
1.31649957102e+00
1.34569624084e+00
1.27131695818e+00
1.41619999312e+00
1.37652387368e+00
1.55080237686e+00
1.52654946641e+00
1.47961789643e+00
1.49192338413e+00
1.57598543655e+00
1.40787112716e+00
1.46274962231e+00
1.30408189839e+00
1.49479678047e+00
1.46495956590e+00
1.59237242968e+00
1.32115855964e+00
1.54688496772e+00
1.49343405595e+00
1.63900525593e+00
1.42610105367e+00
1.30712253065e+00
1.57817014866e+00
1.57364093205e+00
1.39180255161e+00
1.34905739434e+00
1.47146665903e+00
1.39486216128e+00
1.43223499484e+00
1.45960780387e+00
1.42594974765e+00
1.47442851638e+00
1.39280614608e+00
1.39346384800e+00
1.60172767353e+00
1.56452003511e+00
1.49426840268e+00
1.48999127461e+00
1.36339131030e+00
1.51051093205e+00
1.59695947719e+00
1.54073828641e+00
1.66420655498e+00
1.66102057634e+00
1.39864058154e+00
1.32128737420e+00
1.62499829698e+00
1.46454952362e+00
1.37356132355e+00
1.78501420570e+00
1.41205925277e+00
1.55130165240e+00
1.45986594843e+00
1.32190749592e+00
1.28499425498e+00
1.31953962953e+00
1.41334061100e+00
1.49977009222e+00
1.93364306085e+00
1.42451520188e+00
1.49934481362e+00
1.35199739885e+00
1.46946203936e+00
1.33010713398e+00
1.47506918887e+00
1.40206154218e+00
1.34190617746e+00
1.37454455383e+00
1.50210389782e+00
1.46243230139e+00
1.48734605010e+00
1.61157804830e+00
1.61857091185e+00
1.46366221772e+00
1.56553228024e+00
1.40277474808e+00
1.38225050734e+00
1.36348112121e+00
1.44571684593e+00
1.46088507713e+00
1.51196796390e+00
1.48116758264e+00
1.79777474926e+00
1.38719241735e+00
1.43455721253e+00
1.48362772923e+00
1.43509865311e+00
1.52153749872e+00
1.47771209025e+00
1.64635235023e+00
1.59282617645e+00
1.39941760675e+00
1.74705664617e+00
1.56261195445e+00
1.45028943207e+00
1.21888011582e+00
1.44435263874e+00
1.63767820861e+00
1.44294446469e+00
1.45179836991e+00
1.53044206109e+00
1.35967182980e+00
1.32758276800e+00
1.51514800714e+00
1.65743878367e+00
1.51346879571e+00
1.50703645023e+00
1.72326499375e+00
1.38052302517e+00
1.70403252820e+00
1.39693594047e+00
1.54310882432e+00
1.67176111732e+00
1.39226249595e+00
1.41893482831e+00
1.27295151044e+00
1.41182078362e+00
1.69856374383e+00
1.42630330855e+00
1.75501247340e+00
1.41219264337e+00
1.30413216766e+00
1.60475766364e+00
1.55018234058e+00
1.22279783112e+00
1.51686995857e+00
1.57870441622e+00
1.30320694225e+00
1.38046631681e+00
1.52295565700e+00
1.56675037693e+00
1.64914969329e+00
1.42018419596e+00
1.58175459447e+00
1.50529552394e+00
1.70437412157e+00
1.33200810619e+00
1.59028803619e+00
1.30231443639e+00
1.31121704914e+00
1.68186906334e+00
1.51466386605e+00
1.44028296573e+00
1.37762162757e+00
1.52415966351e+00
1.38606379272e+00
1.41883696729e+00
1.41876461564e+00
1.60965502254e+00
1.59694770182e+00
1.44675904758e+00
1.09392631547e+00
1.28971593425e+00
1.45248153972e+00
1.26939596290e+00
1.58776142129e+00
1.44714058272e+00
1.50896791442e+00
1.35648005319e+00
1.53261119803e+00
1.54913822250e+00
1.12152931902e+00
1.49296404018e+00
1.65132023731e+00
1.53406080808e+00
1.55725440883e+00
1.56479235032e+00
1.50900019011e+00
1.35275292918e+00
1.21685339228e+00
1.48291663501e+00
1.46050638285e+00
1.52995669701e+00
1.58876641712e+00
1.53090527135e+00
1.48204153874e+00
1.41583237803e+00
1.55588651057e+00
1.57611129576e+00
1.43799397511e+00
1.28635617730e+00
1.37134619337e+00
1.56337293035e+00
1.56308325665e+00
1.45892115417e+00
1.62525409515e+00
1.54518702759e+00
1.44107200544e+00
1.59495052503e+00
1.46258650324e+00
1.59215944084e+00
1.75710933708e+00
1.54369738497e+00
1.66684007562e+00
1.53856801866e+00
1.66578548018e+00
1.49117360552e+00
1.47896075582e+00
1.38267097286e+00
1.40216624384e+00
1.51761426987e+00
1.48623433471e+00
1.62787918286e+00
1.37202874942e+00
1.62636468136e+00
1.53056864587e+00
1.44557586250e+00
1.50317920899e+00
1.56762340966e+00
1.56676291294e+00
1.56717246695e+00
1.22721625820e+00
1.23233486235e+00
1.50657330469e+00
1.26614338654e+00
1.64932173832e+00
1.59189759171e+00
1.42153270033e+00
1.62256391366e+00
1.65521487996e+00
1.59719360818e+00
1.45952903800e+00
1.37270205849e+00
1.70128333645e+00
1.49432725495e+00
1.63130976436e+00
1.49217062438e+00
1.61640162988e+00
1.30020169670e+00
1.53855037165e+00
1.38033098013e+00
1.35395808527e+00
1.18561519733e+00
1.69944071446e+00
1.53968897901e+00
1.35240854716e+00
1.36291748941e+00
1.57457939440e+00
1.40543996155e+00
1.56819960637e+00
1.31913376249e+00
1.42721019647e+00
1.43213522935e+00
1.62687746259e+00
1.66388761405e+00
1.37745819039e+00
1.68339037746e+00
1.34699726539e+00
1.45522900953e+00
1.49780432000e+00
1.48396113423e+00