1.42018237678e+00
1.42005390397e+00
1.42070378187e+00
1.42080991755e+00
1.42074567467e+00
1.42162523959e+00
1.42299117820e+00
1.42132595732e+00
1.42123752701e+00
1.42040800616e+00
1.41966010625e+00
1.42091201126e+00
1.41980548576e+00
1.42069701189e+00
1.42082579151e+00
1.42154288106e+00
1.42078759277e+00
1.41953621048e+00
1.42043889211e+00
1.42033384642e+00
1.41984166745e+00
1.42077072086e+00
1.42116218311e+00
1.42073529819e+00
1.42046815453e+00
1.42040257864e+00
1.42204747267e+00
1.41975735924e+00
1.42147167362e+00
1.42093349088e+00
1.42138848059e+00
1.42050398444e+00
1.42056197666e+00
1.42138021573e+00
1.42048415113e+00
1.42175551475e+00
1.42076551446e+00
1.42111571861e+00
1.42270269111e+00
1.42087477000e+00
1.42111712625e+00
1.42096180272e+00
1.42067953436e+00
1.42048633015e+00
1.42141231363e+00
1.42036164115e+00
1.41947004166e+00
1.41894060571e+00
1.42074774236e+00
1.42011635046e+00
1.42061359442e+00
1.42043634830e+00
1.42088503784e+00
1.42090804311e+00
1.42026262248e+00
1.42218841841e+00
1.42073386184e+00
1.42089970853e+00
1.42097440815e+00
1.42185035994e+00
1.42120993893e+00
1.42063116645e+00
1.42187306673e+00
1.41918904542e+00
1.42011352984e+00
1.41993550925e+00
1.41972499245e+00
1.41951929073e+00
1.42140577530e+00
1.41987479347e+00
1.42072625228e+00
1.42099926183e+00
1.42045494267e+00
1.41949850656e+00
1.42041046318e+00
1.42172409711e+00
1.42128517589e+00
1.42097614459e+00
1.41861705592e+00
1.42079891490e+00
1.42032691412e+00
1.42016639040e+00
1.42226424231e+00
1.42110074679e+00
1.42056843028e+00
1.42115655221e+00
1.42217662437e+00
1.42062526578e+00
1.41962463025e+00
1.42236007175e+00
1.42067156618e+00
1.42114409858e+00
1.42018108415e+00
1.42115364251e+00
1.42124505480e+00
1.42155911747e+00
1.42083399420e+00
1.42061458007e+00
1.42040268720e+00
1.42167855100e+00
1.41959499369e+00
1.41988951357e+00
1.42135172967e+00
1.42118053451e+00
1.42140813256e+00
1.42010690402e+00
1.42082050441e+00
1.42088818905e+00
1.42195250362e+00
1.42091647053e+00
1.42210218129e+00
1.42006743182e+00
1.41957508047e+00
1.42175519126e+00
1.42085826339e+00
1.42098205020e+00
1.42028792302e+00
1.42077721650e+00
1.41983347943e+00
1.42141291978e+00
1.41975200683e+00
1.42058122431e+00
1.42012724353e+00
1.41940955478e+00
1.42049156475e+00
1.42001066109e+00
1.42101546413e+00
1.42109710567e+00
1.42082639786e+00
1.42125922332e+00
1.41959094612e+00
1.42069116790e+00
1.42081255818e+00
1.42082319787e+00
1.42101684491e+00
1.42077382382e+00
1.42171889227e+00
1.42036251635e+00
1.42103384211e+00
1.42088848450e+00
1.42052988187e+00
1.42106821588e+00
1.42057140395e+00
1.41974766618e+00
1.41984796379e+00
1.42047163105e+00
1.42129348382e+00
1.41971477964e+00
1.42114453952e+00
1.41955847794e+00
1.42010956290e+00
1.42092235067e+00
1.42006551852e+00
1.42026943344e+00
1.42053791036e+00
1.42060530180e+00
1.42022029681e+00
1.42176718086e+00
1.42092227276e+00
1.42034169918e+00
1.41949248679e+00
1.42080087169e+00
1.42074525452e+00
1.42148335038e+00
1.42060784464e+00
1.41999107571e+00
1.42083734365e+00
1.41973740207e+00
1.42168810576e+00
1.42182540246e+00
1.42002821454e+00
1.42141797502e+00
1.42102553008e+00
1.42161386413e+00
1.42202364685e+00
1.42061698502e+00
1.42112191183e+00
1.42086348996e+00
1.42045474787e+00
1.42046614200e+00
1.42096319728e+00
1.42024576932e+00
1.42035667395e+00
1.41983862386e+00
1.42145303699e+00
1.42055750557e+00
1.41993157395e+00
1.41939365032e+00
1.42125102491e+00
1.42110978023e+00
1.42010015079e+00
1.41986504651e+00
1.42047929337e+00
1.42105731426e+00
1.42113717856e+00
1.42190039790e+00
1.41995323973e+00
1.42203999592e+00
1.42122664481e+00
1.41928941189e+00
1.42130096846e+00
1.42258526353e+00
1.41982815525e+00
1.42082879572e+00
1.42149882308e+00
1.41999308907e+00
1.42024292705e+00
1.42063849606e+00
1.42168910494e+00
1.42064792724e+00
1.41994125330e+00
1.41980813377e+00
1.42038765647e+00
1.42056085382e+00
1.42004954835e+00
1.42003394496e+00
1.42079500732e+00
1.42121410750e+00
1.42157860640e+00
1.41962382221e+00
1.42153005287e+00
1.42215613343e+00
1.42017102228e+00
1.42094029303e+00
1.42063271290e+00
1.42116055085e+00
1.42073683513e+00
1.42000725342e+00
1.42077055923e+00
1.41926634432e+00
1.41847080514e+00
1.42134086034e+00
1.42039177014e+00
1.42051924893e+00
1.42117936582e+00
1.42096727975e+00
1.42032231161e+00
1.42000385598e+00
1.42000605594e+00
1.42084866365e+00
1.42049548209e+00
1.42001611128e+00
1.42057272984e+00
1.42074897901e+00
1.42028762212e+00
1.42012533953e+00
1.42139673322e+00
1.42056585438e+00
1.41999017229e+00
1.42048319286e+00
1.42133290007e+00
1.42038561666e+00
1.42043096594e+00
1.42002199148e+00
1.42175319179e+00
1.42165836092e+00
1.42192782979e+00
1.42059867668e+00
1.42079107576e+00
1.42175485290e+00
1.41973242941e+00
1.42137969497e+00
1.42109557065e+00
1.41971369437e+00
1.42170109420e+00
1.42116412501e+00
1.42122692473e+00
1.42126191917e+00
1.42055026427e+00
1.42105854244e+00
1.42131212168e+00
1.42087785820e+00
1.42053702376e+00
1.41991822563e+00
1.42246732502e+00
1.42179674342e+00
1.42137329684e+00
1.42137372795e+00
1.42037628656e+00
1.42081216854e+00
1.42081055805e+00
1.41974473023e+00
1.42103712773e+00
1.42138994937e+00
1.41981098878e+00
1.42039598817e+00
1.41913775027e+00
1.42016252409e+00
1.41990949116e+00
1.42009161474e+00
1.42056384139e+00
1.42054923351e+00
1.42059502666e+00
1.42092792430e+00
1.41983988547e+00
1.42071708107e+00
1.42066829863e+00
1.42007550718e+00
1.42119524530e+00
1.42090208650e+00
1.42004085379e+00
1.42060070669e+00
1.42118416970e+00
1.42203119319e+00
1.42026433041e+00
1.42021574483e+00
1.42044230899e+00
1.41963602029e+00
1.42119969218e+00
1.42075744599e+00
1.42106020396e+00
1.42017427194e+00
1.42090399840e+00
1.42023033395e+00
1.41982670557e+00
1.42081735450e+00
1.41961067836e+00
1.42105750645e+00
1.42105476105e+00
1.42043137955e+00
1.41996835509e+00
1.41978422867e+00
1.42116651138e+00
1.42196532610e+00
1.42065096195e+00
1.42108056243e+00
1.42140131205e+00
1.42086453245e+00
1.41920584516e+00
1.42205451853e+00
1.42060613991e+00
1.41972629912e+00
1.42222571232e+00
1.42105535015e+00
1.42107754540e+00
1.41950508485e+00
1.42004914710e+00
1.42181324656e+00
1.41951203738e+00
1.42147309433e+00
1.42100675949e+00
1.42003052510e+00
1.42126800420e+00
1.42052969445e+00
1.41998426720e+00
1.42187369109e+00
1.42078810035e+00
1.42109040999e+00
1.42184905076e+00
1.42157461148e+00
1.41953776875e+00
1.42152957657e+00
1.41978430591e+00
1.42061382352e+00
1.41942092380e+00
1.42025369684e+00
1.42154978421e+00
1.42057411315e+00
1.41922287212e+00
1.42105156131e+00
1.41999040736e+00
1.42012981548e+00
1.42111481496e+00
1.42146040213e+00
1.42053288501e+00
1.41980218646e+00
1.42122265735e+00
1.42120356936e+00
1.42088072603e+00
1.42030511477e+00
1.42215975322e+00
1.41951824456e+00
1.42049760650e+00
1.41932856974e+00
1.42111403379e+00
1.42067376752e+00
1.42002488390e+00
1.41983453266e+00
1.42090359486e+00
1.42142462284e+00
1.41849278759e+00
1.41912427626e+00
1.42052692706e+00
1.42012107769e+00
1.42168665113e+00
1.42024510760e+00
1.41940776957e+00
1.42133773121e+00
1.42090071044e+00
1.41922595918e+00
1.42189866404e+00
1.42093374032e+00
1.42098252183e+00
1.42018870192e+00
1.42061138542e+00
1.42138343289e+00
1.42054198552e+00
1.42081247884e+00
1.42093455203e+00
1.42114528434e+00
1.42032823307e+00
1.42089392704e+00
1.42062437840e+00
1.42091391895e+00
1.42041457377e+00
1.42054183026e+00
1.42145703375e+00
1.42005055605e+00
1.42105666979e+00
1.41977067646e+00
1.42059365951e+00
1.42121218504e+00
1.42036130412e+00
1.42073104850e+00
1.42102482675e+00
1.42056826889e+00
1.42015118523e+00
1.42020211763e+00
1.42041543550e+00
1.42191661683e+00
1.42178050973e+00
1.42142129517e+00
1.42025159609e+00
1.42106897145e+00
1.42100568107e+00
1.42083209574e+00
1.42056384669e+00
1.42051925101e+00
1.42234168726e+00
1.42070646926e+00
1.42155031040e+00
1.42186741271e+00
1.42059177438e+00
1.42134879125e+00
1.42191144101e+00
1.42047335097e+00
1.42157855258e+00
1.42151479100e+00
1.41998204434e+00
1.42017452825e+00
1.42105292023e+00
1.42094380589e+00
1.42284906645e+00
1.42172416749e+00
1.42048980866e+00
1.41957083763e+00
1.42092554611e+00
1.41994514400e+00
1.42026812173e+00
1.42013961742e+00
1.42107644126e+00
1.42046657161e+00
1.42050464465e+00
1.42067998414e+00
1.42063828800e+00
1.42141571974e+00
1.41927886508e+00
1.42113248641e+00
1.42051058027e+00
1.42171568269e+00
1.42087585915e+00
1.42145502648e+00
1.42084856194e+00
1.42179457513e+00
1.42004073650e+00
1.42115905248e+00
1.42091430249e+00
1.41935649606e+00
1.42115638127e+00
1.41951279181e+00
1.42149297906e+00
1.42059828694e+00
1.42116302531e+00
1.42070549428e+00
1.42108321907e+00
1.41976063469e+00
1.41990999105e+00
1.42020346252e+00
1.42263219825e+00
1.41920230228e+00
1.41975826334e+00
1.42115507638e+00
1.42131235270e+00
1.42111979902e+00
1.42024011879e+00
1.41994655069e+00
1.42150994244e+00
1.42025448388e+00
1.42066107214e+00
1.42000007158e+00
1.42088161768e+00
1.42077172673e+00
1.42018571961e+00
1.42107677751e+00
1.42137613375e+00
1.42032645016e+00
1.42059278139e+00
1.42114765907e+00
1.42037902269e+00
1.42104621839e+00
1.42077918177e+00