-5.16954834657e+02
-4.96748487716e+02
-4.87548881471e+02
-4.91820990242e+02
-4.80197286909e+02
-5.00919139588e+02
-4.79302108750e+02
-4.90925599398e+02
-4.84829866623e+02
-5.00070648941e+02
-4.83290002222e+02
-5.05729137895e+02
-5.00603411431e+02
-5.01213154092e+02
-4.86193756635e+02
-4.80878249830e+02
-4.83000061234e+02
-4.94413967863e+02
-4.99303617551e+02
-4.86594222257e+02
-4.95021326988e+02
-5.00743089723e+02
-4.82727492101e+02
-5.07168445575e+02
-4.98755887933e+02
-4.91861225177e+02
-4.90760527712e+02
-4.77934618229e+02
-4.92769230719e+02
-5.09097619577e+02
-4.91807349521e+02
-5.04355162186e+02
-5.05382687977e+02
-5.01558278870e+02
-4.96210172782e+02
-4.93820578799e+02
-4.85687404043e+02
-5.00893296718e+02
-4.83818878942e+02
-5.11231904855e+02
-4.90713258164e+02
-5.00103001561e+02
-4.90174930029e+02
-5.06679961865e+02
-4.96195147232e+02
-4.93485811616e+02
-5.02726831923e+02
-4.96779176291e+02
-4.71527748986e+02
-4.95448615851e+02
-4.90447459860e+02
-4.95645839389e+02
-4.88277155626e+02
-4.90915910974e+02
-4.88892704211e+02
-5.00670061564e+02
-4.90149981338e+02
-4.81889704578e+02
-4.94592305859e+02
-4.93349139479e+02
-4.77407751867e+02
-4.89562884078e+02
-4.72583850535e+02
-4.95873353029e+02
-4.96680210944e+02
-4.74446498222e+02
-5.00584852022e+02
-5.02478661266e+02
-4.74269103585e+02
-4.95880177617e+02
-4.91769813767e+02
-4.95793030479e+02
-4.99449373391e+02
-4.93406358312e+02
-4.93467212036e+02
-4.77118709881e+02
-4.83808725071e+02
-4.90679937725e+02
-5.09971853737e+02
-4.79174511673e+02
-5.00144375890e+02
-4.99809882960e+02
-4.90126958046e+02
-5.04018489277e+02
-4.80052323436e+02
-4.89950152832e+02
-5.01980372920e+02
-5.08649671847e+02
-4.99452118136e+02
-4.80009985766e+02
-4.85043484196e+02
-4.87446723059e+02
-5.01415689893e+02
-4.85614812027e+02
-5.08005386664e+02
-4.96052778473e+02
-4.84186428273e+02
-4.93372133470e+02
-5.05636221325e+02
-4.84879837968e+02
-4.88827361757e+02
-5.16604101253e+02
-4.76699450777e+02
-5.05906058078e+02
-4.95424446310e+02
-4.88259228809e+02
-5.09645537855e+02
-4.81451171782e+02
-4.83804690401e+02
-4.77619773388e+02
-4.83342508216e+02
-5.09772124444e+02
-4.94012647016e+02
-4.97201637055e+02
-4.97740718089e+02
-5.03106371944e+02
-4.96879025265e+02
-5.02618999412e+02
-4.99120264033e+02
-4.94259478878e+02
-5.06158224106e+02
-4.90762481575e+02
-5.05877880203e+02
-5.02603146242e+02
-5.00329629214e+02
-4.75884148571e+02
-4.64665831635e+02
-4.97482915158e+02
-4.95250703412e+02
-4.92924237494e+02
-4.95694751370e+02
-5.07297233984e+02
-5.06811724867e+02
-5.03947254257e+02
-4.82135874149e+02
-4.75340300901e+02
-4.99835092373e+02
-4.75962771153e+02
-4.69778027800e+02
-4.89502000970e+02
-4.98871877073e+02
-4.91652375926e+02
-4.92647852910e+02
-4.88536355917e+02
-4.86240965257e+02
-4.80559850740e+02
-4.99827809013e+02
-4.99286053481e+02
-5.17346039348e+02
-5.06643024402e+02
-4.84843777419e+02
-4.97079542453e+02
-4.85008190448e+02
-4.67704328886e+02
-4.77678370577e+02
-5.14276484631e+02
-5.04879306340e+02
-5.03221623116e+02
-4.94443633599e+02
-4.87711239716e+02
-5.16942507432e+02
-4.97607821007e+02
-5.04554607270e+02
-5.02452482888e+02
-4.82900875508e+02
-4.96408115271e+02
-4.69658744243e+02
-4.97593473894e+02
-4.90483990434e+02
-4.90763498831e+02
-4.96941936991e+02
-4.78836998232e+02
-4.97721154226e+02
-4.96781350618e+02
-4.98708519281e+02
-5.04530771488e+02
-4.86391397508e+02
-4.92392413495e+02
-5.13807840244e+02
-4.96326762394e+02
-5.01184151802e+02
-4.85673325651e+02
-4.70179593337e+02
-5.02135337272e+02
-5.11297581360e+02
-4.80398463516e+02
-4.98024610814e+02
-4.84014549732e+02
-4.84777743934e+02
-4.89301701630e+02
-4.97976946017e+02
-4.79918422497e+02
-5.12272384166e+02
-4.86736222887e+02
-4.93023846277e+02
-4.96894941841e+02
-4.86975049616e+02
-5.07980455616e+02
-4.73246800338e+02
-4.92152283505e+02
-4.85974231408e+02
-4.91176630937e+02
-5.04898806867e+02
-4.91119737318e+02
-4.96474387045e+02
-5.10482282419e+02
-4.94736213261e+02
-4.80277212867e+02
-5.05741006024e+02
-4.78928442728e+02
-5.00392480315e+02
-4.85839864392e+02
-4.94883721936e+02
-4.91688322741e+02
-5.07636814796e+02
-4.76830976843e+02
-4.72475483018e+02
-5.04440544231e+02
-4.97169381232e+02
-4.89033214814e+02
-4.97672110006e+02
-4.91304003183e+02
-5.12341889354e+02
-4.85475410084e+02
-5.05294951078e+02
-5.18000110905e+02
-5.19495144172e+02
-4.99787117618e+02
-5.00816786485e+02
-4.77529496670e+02
-4.99289278902e+02
-5.04013396500e+02
-4.92014293668e+02
-4.95666455959e+02
-5.11774502292e+02
-4.80336242458e+02
-5.03964020282e+02
-4.99304859224e+02
-5.02183170169e+02
-5.02605697908e+02
-4.98121761215e+02
-4.98543014326e+02
-4.89186155461e+02
-4.85013695364e+02
-5.04912613449e+02
-4.69670123195e+02
-4.88305407810e+02
-4.93164862493e+02
-5.08092796540e+02
-5.06738219367e+02
-5.12675109463e+02
-5.04385228440e+02
-4.98655171248e+02
-4.97181903061e+02
-4.77827026164e+02
-4.78821694603e+02
-4.71988915469e+02
-4.94318504496e+02
-5.00735472393e+02
-5.04506434333e+02
-4.90791458473e+02
-4.95505764886e+02
-4.94926880228e+02
-5.11406091471e+02
-4.92838800014e+02
-4.83259335775e+02
-4.91341750262e+02
-4.97285190404e+02
-5.00461094151e+02
-4.92030008590e+02
-4.89257797079e+02
-4.92764771176e+02
-5.17187293554e+02
-4.93577084365e+02
-4.81150662816e+02
-4.81454946922e+02
-4.75576346135e+02
-4.94674340369e+02
-4.84462226960e+02
-4.82777921811e+02
-4.93894967826e+02
-5.08969450465e+02
-4.75132947134e+02
-4.90855833923e+02
-5.07071181073e+02
-4.87952221276e+02
-4.91024906754e+02
-4.91086917725e+02
-4.94130960188e+02
-4.88213227453e+02
-4.82882713612e+02
-4.96890371296e+02
-4.93107322024e+02
-5.09955233186e+02
-4.71258847061e+02
-4.87467839252e+02
-5.02843232557e+02
-5.06022071137e+02
-5.02949564987e+02
-4.98599009097e+02
-4.91846608227e+02
-4.97878675922e+02
-4.86826911519e+02
-4.92056134198e+02
-4.88495322113e+02
-4.91092657693e+02
-4.89824671295e+02
-4.85357235933e+02
-4.84341604231e+02
-4.97316145561e+02
-4.97526991374e+02
-5.00174690258e+02
-4.86621006455e+02
-4.94223223107e+02
-4.91871362959e+02
-4.86305785123e+02
-4.97745515804e+02
-4.78862720327e+02
-4.74037102566e+02
-4.95810588236e+02
-4.98990425135e+02
-5.01537472982e+02
-4.75191968981e+02
-4.72529699295e+02
-5.11944122917e+02
-4.93994802118e+02
-4.96404552933e+02
-4.89606749813e+02
-4.97632578493e+02
-4.88575775480e+02
-4.95910395878e+02
-5.00585941557e+02
-5.04543809039e+02
-4.79899935012e+02
-4.87843928148e+02
-4.93243701961e+02
-4.92613306127e+02
-4.90119663957e+02
-4.67688704641e+02
-4.99827478616e+02
-5.09022906258e+02
-5.05260861856e+02
-4.92356534565e+02
-4.89378373241e+02
-4.86081625995e+02
-4.95972486641e+02
-4.87458453210e+02
-4.78232099622e+02
-4.97970716148e+02
-4.96000927706e+02
-5.00385894086e+02
-5.10409798854e+02
-5.00084334127e+02
-4.91732344532e+02
-4.73305639088e+02
-4.97219964339e+02
-4.97414296229e+02
-4.82707091469e+02
-5.01785921380e+02
-4.73925028047e+02
-4.82219496671e+02
-4.86939707696e+02
-4.67838415537e+02
-4.86468366344e+02
-4.88480023168e+02
-5.10765992718e+02
-4.89633611417e+02
-5.05656428768e+02
-4.86165320012e+02
-4.91628707903e+02
-4.92584048349e+02
-4.99084936483e+02
-4.81457967581e+02
-4.92699736376e+02
-4.85394526682e+02
-4.92418501252e+02
-5.05510503835e+02
-4.89094560029e+02
-5.07775105810e+02
-4.91459007589e+02
-5.06768080156e+02
-4.89009987392e+02
-4.82246231743e+02
-4.91371835057e+02
-4.93895055783e+02
-5.11604827829e+02
-4.79636253250e+02
-4.95504299975e+02
-5.04968559291e+02
-5.06586687441e+02
-4.88905163850e+02
-5.07261296065e+02
-4.94080199364e+02
-4.94637846328e+02
-4.88260714531e+02
-4.71154795238e+02
-4.87301317930e+02
-4.77447206132e+02
-4.79234592239e+02
-4.94452140805e+02
-4.90587765396e+02
-4.90444478600e+02
-5.04620843873e+02
-4.96106941093e+02
-4.98612993904e+02
-4.98417585394e+02
-4.88105326273e+02
-5.10452659038e+02
-4.87084373193e+02
-5.06219586784e+02
-4.95905605598e+02
-4.94740837417e+02
-5.02892364094e+02
-4.94412879000e+02
-4.79514564400e+02
-4.92716319880e+02
-4.91477234036e+02
-4.88955560286e+02
-4.90029181394e+02
-4.89180405128e+02
-4.92430371054e+02
-4.90865064562e+02
-4.94386515698e+02
-4.90209817173e+02
-4.92106829476e+02
-4.75934061943e+02
-5.09082274378e+02
-4.83770924453e+02
-4.90284785174e+02
-4.95709513457e+02
-4.81440050078e+02
-4.89650898434e+02
-4.95673337525e+02
-5.03650528396e+02
-4.86922473436e+02
-4.91004732150e+02
-4.79059692411e+02
-4.92178451724e+02
-4.84101134612e+02
-4.93035821532e+02
-4.85848233228e+02
-4.79171314867e+02
-4.99977999924e+02
-4.80086369511e+02
-5.01428949862e+02
-4.90159604107e+02
-4.77106105400e+02
-4.87455761922e+02
-4.74900503495e+02
-5.00508644797e+02
-4.92580520005e+02
-4.81390996378e+02
-4.93084291230e+02
-4.98407569670e+02
-4.80223002136e+02
-5.09145318044e+02
-5.07924074778e+02
-4.91306300260e+02
-5.07459915180e+02
-4.55038582221e+02
-4.86946712355e+02
-4.99428413932e+02
-5.05322841813e+02
-4.85646382303e+02
-5.10060686114e+02
-4.91787175793e+02
-4.97098800887e+02
-5.05615752669e+02
-5.01919626898e+02
-4.98896940278e+02
-5.01409781196e+02
-4.95035043446e+02
-4.90668368115e+02
-4.89051444400e+02
-4.93659012957e+02
-4.87319654885e+02
-5.08576309962e+02
-5.08677489204e+02
-5.02801456027e+02
-4.97897768952e+02
-5.01996379847e+02
-4.79590973712e+02
-4.96622073928e+02
-5.04268027844e+02
-4.89608998912e+02
-4.90856800994e+02
-4.94946702230e+02
-4.80864499695e+02
-5.01629133750e+02
-4.95916823913e+02
-4.98242477711e+02
-4.95806124240e+02
-5.15299155859e+02
-4.82243495645e+02
-4.90545922780e+02
-4.99781788913e+02
-4.77555536046e+02
-4.98651823897e+02
-4.95386223147e+02
-5.00505058929e+02
-4.92604653345e+02