1.00696047640e+00
1.01088440474e+00
1.00759904930e+00
1.00839045965e+00
1.00842782078e+00
1.00837185773e+00
1.00806157180e+00
1.00838962840e+00
1.01196824694e+00
1.00869613553e+00
1.00751417002e+00
1.00728495194e+00
1.00883182570e+00
1.01145630974e+00
1.00649796297e+00
1.00804948849e+00
1.01175683678e+00
1.00836306111e+00
1.00885305982e+00
1.00704425683e+00
1.00905906891e+00
1.00744130081e+00
1.00881004855e+00
1.00773179311e+00
1.00705344620e+00
1.00850291568e+00
1.00852488048e+00
1.00795715023e+00
1.00950517388e+00
1.01103536904e+00
1.00871725540e+00
1.00617405070e+00
1.00969880777e+00
1.00545393930e+00
1.01152224176e+00
1.00809645131e+00
1.00856135693e+00
1.00863676760e+00
1.00683176375e+00
1.00642380229e+00
1.00430662544e+00
1.00926194900e+00
1.00599088753e+00
1.00495237345e+00
1.01089146497e+00
1.00999772007e+00
1.01088361502e+00
1.00942819887e+00
1.00832157173e+00
1.00479242981e+00
1.01121819601e+00
1.00448317986e+00
1.00988308802e+00
1.00870039858e+00
1.01068664217e+00
1.00849199986e+00
1.00688250250e+00
1.00765185377e+00
1.00807527573e+00
1.00791373572e+00
1.00736154913e+00
1.00868127048e+00
1.01336983489e+00
1.01148679021e+00
1.00939532508e+00
1.00615702751e+00
1.01090922683e+00
1.00924584884e+00
1.00742862067e+00
1.00961130182e+00
1.00635664405e+00
1.00493256632e+00
1.00605206009e+00
1.00842772988e+00
1.00654459205e+00
1.00982986807e+00
1.01012199579e+00
1.00859733195e+00
1.01269692582e+00
1.00774180604e+00
1.00854193723e+00
1.00430135753e+00
1.00975852534e+00
1.01039842702e+00
1.00678295774e+00
1.01083542021e+00
1.01125592042e+00
1.00863064071e+00
1.00685526835e+00
1.00669629155e+00
1.01057442812e+00
1.01095734138e+00
1.00822742048e+00
1.00872418241e+00
1.00466836024e+00
1.01133750464e+00
1.01086032902e+00
1.00995143408e+00
1.00477843601e+00
1.00765845582e+00
1.00901322629e+00
1.00587932546e+00
1.00757317079e+00
1.00536647693e+00
1.00953065022e+00
1.01179199138e+00
1.00949500377e+00
1.00497435265e+00
1.00692595918e+00
1.00949822054e+00
1.00774594133e+00
1.00896182455e+00
1.00791918124e+00
1.00883501389e+00
1.00678774708e+00
1.00761370986e+00
1.00501333638e+00
1.00897412169e+00
1.01347185522e+00
1.00933871456e+00
1.01042735456e+00
1.00533656750e+00
1.00844058396e+00
1.01017487137e+00
1.00949810914e+00
1.00782869541e+00
1.00695571169e+00
1.00567824004e+00
1.01044675163e+00
1.00905709703e+00
1.00844995574e+00
1.00696341205e+00
1.00908589576e+00
1.01077547315e+00
1.00875860780e+00
1.00635354429e+00
1.01024852074e+00
1.00927026415e+00
1.00833700394e+00
1.00861131886e+00
1.01107633858e+00
1.00634662951e+00
1.00883680256e+00
1.01162051106e+00
1.00944690634e+00
1.01004150354e+00
1.00986227295e+00
1.00790870208e+00
1.00817998543e+00
1.01007663485e+00
1.00909871516e+00
1.01221626691e+00
1.01295494105e+00
1.00617871257e+00
1.00631060770e+00
1.00936924655e+00
1.00760028188e+00
1.01330771267e+00
1.01116938820e+00
1.01095146133e+00
1.00787186762e+00
1.00610776871e+00
1.00698342411e+00
1.01192225747e+00
1.00606389722e+00
1.01143068624e+00
1.00799986667e+00
1.01002050733e+00
1.00797115668e+00
1.00600964237e+00
1.00614140717e+00
1.00699733983e+00
1.01125007940e+00
1.00750066701e+00
1.01071568815e+00
1.00589185594e+00
1.00632042776e+00
1.00759953106e+00
1.01066363075e+00
1.00558393702e+00
1.00545597085e+00
1.00941491906e+00
1.00708226070e+00
1.00951715662e+00
1.00677238657e+00
1.00682438164e+00
1.00729814661e+00
1.00907637750e+00
1.00787043990e+00
1.00602014842e+00
1.00463987263e+00
1.00870847387e+00
1.00751140336e+00
1.00779323838e+00
1.01166807331e+00
1.01068004479e+00
1.01045679179e+00
1.00617128161e+00
1.01116117018e+00
1.00374817436e+00
1.00940256426e+00
1.00840615009e+00
1.00271974425e+00
1.00417727715e+00
1.00596400743e+00
1.01053693493e+00
1.00937138449e+00
1.00508516778e+00
1.01415471850e+00
1.00889609471e+00
1.00277415660e+00
1.01277549135e+00
1.00743383458e+00
1.00915836287e+00
1.00977255737e+00
1.00531370720e+00
1.00727210407e+00
1.00981612748e+00
1.00498893776e+00
1.00901308471e+00
1.00972126918e+00
1.00744082300e+00
1.00642541732e+00
1.00892206052e+00
1.00957132579e+00
1.01099473473e+00
1.01176811294e+00
1.00679487700e+00
1.00733653740e+00
1.01016849169e+00
1.01080833677e+00
1.01094898302e+00
1.00517236900e+00
1.01000803344e+00
1.00856521534e+00
1.01016529414e+00
1.00789623030e+00
1.00568350470e+00
1.00581417577e+00
1.00868904856e+00
1.00977815811e+00
1.00768491235e+00
1.01082376283e+00
1.00624027152e+00
1.00490532976e+00
1.01098733702e+00
1.00940943214e+00
1.01062282889e+00
1.00418383229e+00
1.00971072243e+00
1.01219978992e+00
1.00291017592e+00
1.00655295119e+00
1.00668427077e+00
1.00827116015e+00
1.00864781395e+00
1.00821090824e+00
1.00640395420e+00
1.00464095171e+00
1.00883413864e+00
1.00764176810e+00
1.00776318457e+00
1.01077468145e+00
1.00747534862e+00
1.00678073298e+00
1.00908683596e+00
1.00424519718e+00
1.00946195158e+00
1.00866007963e+00
1.00845107508e+00
1.00545854803e+00
1.00864687052e+00
1.00861163681e+00
1.00788191474e+00
1.00884564191e+00
1.00841720345e+00
1.00884809440e+00
1.01063929986e+00
1.01002277002e+00
1.01031574035e+00
1.00913161381e+00
1.00606474826e+00
1.00830480589e+00
1.00735860941e+00
1.00751858771e+00
1.00684516032e+00
1.00675206623e+00
1.00712441134e+00
1.00690685758e+00
1.00866057525e+00
1.00622749512e+00
1.01159999221e+00
1.00869095856e+00
1.01013612133e+00
1.00646728927e+00
1.01109885781e+00
1.00709097338e+00
1.01010745055e+00
1.00876075276e+00
1.00803149595e+00
1.00548640915e+00
1.00823266236e+00
1.00362951436e+00
1.00527032254e+00
1.00925721388e+00
1.00543224642e+00
1.00865987225e+00
1.00982079850e+00
1.00969408263e+00
1.00718394947e+00
1.00855723946e+00
1.01147871252e+00
1.01159158731e+00
1.01063773193e+00
1.00742446734e+00
1.00607973798e+00
1.00607753395e+00
1.00759920041e+00
1.00799843267e+00
1.00751637849e+00
1.00665011227e+00
1.01039725784e+00
1.00532883770e+00
1.00822028949e+00
1.00977956426e+00
1.00863174501e+00
1.00539873302e+00
1.00983555467e+00
1.00679096716e+00
1.00857414518e+00
1.00830713204e+00
1.01153419858e+00
1.00861193446e+00
1.00919321144e+00
1.01088069296e+00
1.00607803477e+00
1.00961367103e+00
1.00890483421e+00
1.00621681417e+00
1.00980993940e+00
1.00676370091e+00
1.01001773567e+00
1.00559695225e+00
1.00945885285e+00
1.00698135471e+00
1.00907537487e+00
1.01342196809e+00
1.01006295481e+00
1.00784385678e+00
1.01110327458e+00
1.00810322834e+00
1.00526965175e+00
1.00945890273e+00
1.00807123071e+00
1.01232425137e+00
1.00881108070e+00
1.00620640075e+00
1.00626405897e+00
1.00967153645e+00
1.00999144769e+00
1.01022852484e+00
1.00523696754e+00
1.01035388387e+00
1.00798875952e+00
1.00682811167e+00
1.01060097372e+00
1.00450064027e+00
1.00837375631e+00
1.00629171520e+00
1.01242397481e+00
1.00721758912e+00
1.00711817448e+00
1.00941224263e+00
1.01118054702e+00
1.00550792932e+00
1.00674523097e+00
1.01102364055e+00
1.00617263030e+00
1.01045818876e+00
1.00856018998e+00
1.00914173101e+00
1.00799093996e+00
1.00785335766e+00
1.00883818876e+00
1.00864176239e+00
1.00759455677e+00
1.00667072425e+00
1.00889329393e+00
1.00664311754e+00
1.00881184702e+00
1.00417095056e+00
1.00757361639e+00
1.00770272240e+00
1.00908754052e+00
1.01020985258e+00
1.00664064531e+00
1.01037188246e+00
1.01419068087e+00
1.00872878655e+00
1.00488576633e+00
1.00793332580e+00
1.00511849578e+00
1.00689194630e+00
1.00883329041e+00
1.00529455712e+00
1.00677097948e+00
1.00815285189e+00
1.00956552835e+00
1.00557808714e+00
1.00599855325e+00
1.00984596547e+00
1.01235116965e+00
1.00913192020e+00
1.01200870096e+00
1.00748337072e+00
1.01116024319e+00
1.00842043098e+00
1.01001647436e+00
1.00928150654e+00
1.00927258264e+00
1.00728326196e+00
1.00998956167e+00
1.00754167886e+00
1.00507637698e+00
1.01018773726e+00
1.00496750400e+00
1.00812375872e+00
1.00988313704e+00
1.01020970947e+00
1.00936082596e+00
1.01003594484e+00
1.01119871652e+00
1.00457098909e+00
1.00823969291e+00
1.00910766156e+00
1.00991971775e+00
1.00727289207e+00
1.00800226704e+00
1.00791599156e+00
1.00766764206e+00
1.01196879145e+00
1.00895843841e+00
1.00975336891e+00
1.00728071503e+00
1.00540338405e+00
1.01101707620e+00
1.01000900469e+00
1.00814807269e+00
1.00931512303e+00
1.00559802939e+00
1.00797493270e+00
1.00821176519e+00
1.00713666619e+00
1.00890378811e+00
1.00711384054e+00
1.01041958949e+00
1.01028028478e+00
1.00737337357e+00
1.00866257217e+00
1.00906064250e+00
1.00991319567e+00
1.00613415323e+00
1.00723044445e+00
1.00627754051e+00
1.01088308138e+00
1.00892406780e+00
1.00813745815e+00
1.00750703931e+00
1.00728749136e+00
1.00834263799e+00
1.00782735297e+00
1.00794093874e+00
1.00570414381e+00
1.01172790303e+00
1.00818162727e+00
1.00627731109e+00
1.00956997396e+00
1.00874268630e+00
1.00361840092e+00
1.00943184856e+00
1.00867924319e+00
1.01113134543e+00
1.00766398281e+00
1.00605592666e+00
1.00897964832e+00
1.00705278014e+00
1.00890574647e+00
1.00764641045e+00
1.00866468258e+00
1.00645537683e+00
1.00542957500e+00
1.00928394897e+00
1.00651706038e+00
1.01036338342e+00
1.00566284144e+00
1.01055333650e+00
1.00829616740e+00
1.01054183044e+00
1.00906092882e+00
1.01008191467e+00
1.00837014106e+00