1.21413017090e+01
1.21452435581e+01
1.21063582524e+01
1.21354151135e+01
1.21258798449e+01
1.21386832325e+01
1.20996325705e+01
1.21372497653e+01
1.21157189076e+01
1.21059452376e+01
1.21189854733e+01
1.21116916245e+01
1.21148800718e+01
1.21087446584e+01
1.21379333510e+01
1.21396731595e+01
1.21297646443e+01
1.21011767416e+01
1.21114829357e+01
1.21236012919e+01
1.21013547931e+01
1.20839141448e+01
1.21241612731e+01
1.21155056719e+01
1.21195005837e+01
1.21115508209e+01
1.21173131616e+01
1.21124760738e+01
1.21032979126e+01
1.21201436717e+01
1.21241383006e+01
1.21397263537e+01
1.21256953660e+01
1.21232032227e+01
1.20963284852e+01
1.21263569182e+01
1.21248583893e+01
1.21220068131e+01
1.21220281205e+01
1.21140426040e+01
1.21004461141e+01
1.21216505119e+01
1.20962568251e+01
1.21316975323e+01
1.21523911741e+01
1.21267408517e+01
1.21371312627e+01
1.21370413398e+01
1.21149696116e+01
1.21172619069e+01
1.21093329449e+01
1.21201009216e+01
1.20884180565e+01
1.21302443782e+01
1.21105708174e+01
1.21316031969e+01
1.20908153526e+01
1.21262282618e+01
1.21128000000e+01
1.21193862430e+01
1.21179121372e+01
1.21364835814e+01
1.21328944164e+01
1.21300222068e+01
1.20775371924e+01
1.21204796478e+01
1.21065647233e+01
1.21329722782e+01
1.21040950483e+01
1.21249413279e+01
1.21291611104e+01
1.20979107125e+01
1.21148007444e+01
1.21098847254e+01
1.21114750164e+01
1.21065590694e+01
1.21293618205e+01
1.21339333345e+01
1.21199323053e+01
1.21194389158e+01
1.21049174498e+01
1.21122731023e+01
1.20743682507e+01
1.21149559759e+01
1.21419437278e+01
1.21231374454e+01
1.21202510825e+01
1.21402295825e+01
1.21133260151e+01
1.21172008940e+01
1.21283746400e+01
1.21091600031e+01
1.21122805521e+01
1.21253931253e+01
1.20788236733e+01
1.21104259541e+01
1.21446239121e+01
1.21270748587e+01
1.20863228361e+01
1.20925324679e+01
1.21387053446e+01
1.21242112272e+01
1.21025865699e+01
1.21409873670e+01
1.21064523496e+01
1.21375729428e+01
1.21390433945e+01
1.21268598717e+01
1.21278286564e+01
1.21151857666e+01
1.21375325706e+01
1.21174875199e+01
1.21261826845e+01
1.21247732377e+01
1.21190836999e+01
1.21241819261e+01
1.20790881659e+01
1.21361846121e+01
1.21541010630e+01
1.21454715512e+01
1.21182453980e+01
1.21102371514e+01
1.20739400553e+01
1.21278978387e+01
1.20934699610e+01
1.21200699018e+01
1.21468612882e+01
1.21141160713e+01
1.21139535484e+01
1.20988105166e+01
1.20980732820e+01
1.21503598891e+01
1.20960300598e+01
1.21301741579e+01
1.21094069886e+01
1.21178990934e+01
1.21062574247e+01
1.21280692381e+01
1.20938136340e+01
1.21120448021e+01
1.21435355235e+01
1.21111608059e+01
1.21183066447e+01
1.21127508542e+01
1.21071009172e+01
1.20970055716e+01
1.21259514684e+01
1.21067920543e+01
1.21185946658e+01
1.21146383665e+01
1.20986322680e+01
1.21379832815e+01
1.21424893084e+01
1.21093548870e+01
1.21050551138e+01
1.21157418706e+01
1.21070794429e+01
1.21183098356e+01
1.21400314956e+01
1.20850844627e+01
1.20848344123e+01
1.21329587440e+01
1.21346001004e+01
1.21248813697e+01
1.21247894864e+01
1.21200848627e+01
1.21197410899e+01
1.21201912022e+01
1.21010545049e+01
1.21074651773e+01
1.21053521381e+01
1.21160681020e+01
1.21310668166e+01
1.21255569095e+01
1.21310569483e+01
1.21041004599e+01
1.21021692764e+01
1.21391970867e+01
1.21289432138e+01
1.20771530429e+01
1.20976907170e+01
1.21121950045e+01
1.20939808073e+01
1.21598020672e+01
1.21282718704e+01
1.21118937786e+01
1.21025231931e+01
1.21301332684e+01
1.20877780410e+01
1.21046463412e+01
1.21019947214e+01
1.21337391031e+01
1.21663620815e+01
1.21151276249e+01
1.21629634761e+01
1.21343205025e+01
1.20990915189e+01
1.21066098038e+01
1.21306406002e+01
1.20784258555e+01
1.21446422877e+01
1.21133642517e+01
1.21251956355e+01
1.21406450921e+01
1.21560917603e+01
1.20858866405e+01
1.21185970807e+01
1.21041665258e+01
1.21397857734e+01
1.21228444995e+01
1.20702902154e+01
1.21644717232e+01
1.21017101783e+01
1.20978918787e+01
1.21164511299e+01
1.20895479549e+01
1.21402849458e+01
1.21188348873e+01
1.21070266917e+01
1.21174694625e+01
1.21127450720e+01
1.21277047370e+01
1.21020118283e+01
1.20896285822e+01
1.21332857605e+01
1.21204459187e+01
1.20967065871e+01
1.21275662745e+01
1.21313733974e+01
1.21060029151e+01
1.21512681014e+01
1.21238240931e+01
1.21036942507e+01
1.20853915544e+01
1.21256864196e+01
1.21177278876e+01
1.21387763134e+01
1.21334051896e+01
1.21151770805e+01
1.21315223150e+01
1.21178880344e+01
1.20868233868e+01
1.21239332628e+01
1.21082793202e+01
1.21058089153e+01
1.21293859285e+01
1.20921926137e+01
1.21338383348e+01
1.21326581673e+01
1.21205194530e+01
1.21041087518e+01
1.21232363421e+01
1.21405357927e+01
1.21226921832e+01
1.21231043258e+01
1.21156943636e+01
1.21333159838e+01
1.21394761782e+01
1.21058652615e+01
1.20962934717e+01
1.21277549426e+01
1.20996623007e+01
1.21153157525e+01
1.21094198559e+01
1.21283382541e+01
1.21351876309e+01
1.20927554963e+01
1.21008178307e+01
1.21219667315e+01
1.21622802898e+01
1.21149205876e+01
1.20967403169e+01
1.20930275489e+01
1.20973873206e+01
1.21024205470e+01
1.21348106040e+01
1.20754223392e+01
1.21536087938e+01
1.21418927912e+01
1.21090923847e+01
1.21095514894e+01
1.21003539860e+01
1.21082033482e+01
1.21175406409e+01
1.21437783221e+01
1.21069797655e+01
1.21129550451e+01
1.21132322433e+01
1.20842783970e+01
1.21230200676e+01
1.21497858439e+01
1.21281828630e+01
1.21270852256e+01
1.21240373064e+01
1.20920369870e+01
1.21648558222e+01
1.20902634255e+01
1.20927832395e+01
1.21154700915e+01
1.21024157309e+01
1.21144725247e+01
1.21219913961e+01
1.20972203632e+01
1.21175400659e+01
1.21425192986e+01
1.20873381723e+01
1.21431991152e+01
1.21463736859e+01
1.21155398309e+01
1.21089140662e+01
1.21289511130e+01
1.20981153470e+01
1.21393575735e+01
1.21430085810e+01
1.21205699382e+01
1.21346341026e+01
1.21347501072e+01
1.21258577523e+01
1.21477807429e+01
1.21112595845e+01
1.21412154893e+01
1.21042672614e+01
1.20681719784e+01
1.21190262862e+01
1.20940242574e+01
1.21297908693e+01
1.21161312104e+01
1.21179599067e+01
1.21351639719e+01
1.21088407157e+01
1.21276444062e+01
1.21410791427e+01
1.21239730729e+01
1.21220971083e+01
1.21252586946e+01
1.21435509755e+01
1.21248454259e+01
1.21165057027e+01
1.21048420583e+01
1.21140618540e+01
1.21403628939e+01
1.21049542121e+01
1.21106025305e+01
1.21244008481e+01
1.20995639052e+01
1.21141069440e+01
1.21408667503e+01
1.21065500377e+01
1.21024783329e+01
1.21175439870e+01
1.21043978379e+01
1.21173982746e+01
1.21512871868e+01
1.21291607481e+01
1.21286866883e+01
1.21289690580e+01
1.21309705587e+01
1.20888815607e+01
1.21220881852e+01
1.21212661260e+01
1.21138174347e+01
1.20825397443e+01
1.21467975983e+01
1.21338580999e+01
1.20961348150e+01
1.21234341951e+01
1.20896281588e+01
1.21251134602e+01
1.20992603895e+01
1.21345758544e+01
1.20974471264e+01
1.20812452091e+01
1.21291907195e+01
1.21375141781e+01
1.21142569004e+01
1.21031239831e+01
1.21477711610e+01
1.21029914348e+01
1.21200719448e+01
1.21036691911e+01
1.21249374063e+01
1.21143841112e+01
1.20922254894e+01
1.21469572575e+01
1.21286711003e+01
1.21409861530e+01
1.20856492189e+01
1.21123082836e+01
1.21165404373e+01
1.21194551158e+01
1.21327958828e+01
1.21352711720e+01
1.21118243543e+01
1.21461359003e+01
1.21369628905e+01
1.21427383686e+01
1.21086598829e+01
1.21435884276e+01
1.21127867912e+01
1.20943245178e+01
1.20826634265e+01
1.20858652127e+01
1.21244246067e+01
1.21000609640e+01
1.20947706621e+01
1.21269236375e+01
1.21289698894e+01
1.21275673469e+01
1.20827681093e+01
1.21030244328e+01
1.21388108746e+01
1.21239719119e+01
1.21320608391e+01
1.21204549370e+01
1.21003371856e+01
1.21588001221e+01
1.21327382540e+01
1.20887269319e+01
1.21070068145e+01
1.21155029912e+01
1.21098625987e+01
1.21295559065e+01
1.21054518153e+01
1.21163577147e+01
1.21093909444e+01
1.21100118221e+01
1.21108006222e+01
1.21071920878e+01
1.21471460380e+01
1.21523843767e+01
1.21149703650e+01
1.21114000441e+01
1.21060016552e+01
1.21185297652e+01
1.21305289296e+01
1.21190463036e+01
1.21293147209e+01
1.21272072991e+01
1.21273341776e+01
1.21330643933e+01
1.21299568003e+01
1.21362797074e+01
1.21355938912e+01
1.21038050404e+01
1.21080664096e+01
1.21042277609e+01
1.21406094522e+01
1.21099440802e+01
1.20964970517e+01
1.21035261298e+01
1.21171456810e+01
1.21309606918e+01
1.21078004254e+01
1.21178127541e+01
1.21069392238e+01
1.21072025246e+01
1.21193474428e+01
1.21103542461e+01
1.21204953577e+01
1.21235072726e+01
1.21214391916e+01
1.20918170595e+01
1.21499948266e+01
1.21149656441e+01
1.21602867495e+01
1.20910242127e+01
1.21046278668e+01
1.21061114723e+01
1.21003496869e+01
1.21050112895e+01
1.21099956843e+01
1.21425771778e+01
1.20997370701e+01
1.20882171003e+01
1.20989860370e+01
1.21044165623e+01
1.21175650512e+01
1.21149972763e+01
1.21188001565e+01
1.20928231941e+01
1.21129143696e+01
1.21274454274e+01
1.21219224164e+01
1.20966655929e+01
1.21126437183e+01
1.21192000965e+01
1.21321798594e+01
1.21084161265e+01
1.21343275288e+01
1.21207283831e+01
1.21149365636e+01
1.21137263446e+01
1.20943215932e+01
1.21318416363e+01
1.21000446322e+01
1.21044839907e+01
1.21493869724e+01
1.21211706746e+01
1.21278271784e+01
1.21243566054e+01
1.21171714426e+01