7.79688799671e-01
7.79751243678e-01
7.79002154855e-01
7.80337975589e-01
7.79700708227e-01
7.79188792193e-01
7.79425180378e-01
7.79612326351e-01
7.79931399623e-01
7.79935100192e-01
7.79057239320e-01
7.79413886610e-01
7.79994767772e-01
7.79456036064e-01
7.79524187928e-01
7.80061388713e-01
7.79492180123e-01
7.79641716066e-01
7.79639111012e-01
7.79193980660e-01
7.80523509756e-01
7.79848476778e-01
7.79608332595e-01
7.79440075296e-01
7.79678268620e-01
7.79941917010e-01
7.79743253718e-01
7.79341976764e-01
7.79625577679e-01
7.79618308852e-01
7.80018564980e-01
7.79719583165e-01
7.79565373207e-01
7.79538269785e-01
7.79671001239e-01
7.79433101908e-01
7.79778875464e-01
7.79289057454e-01
7.79211875000e-01
7.79388758980e-01
7.79702067583e-01
7.79676520587e-01
7.79783896634e-01
7.79907375873e-01
7.79766199620e-01
7.79778956080e-01
7.79908279877e-01
7.80101116033e-01
7.79486453464e-01
7.80038553914e-01
7.79606329626e-01
7.79644535914e-01
7.79437644305e-01
7.79154977386e-01
7.80055838097e-01
7.79668402062e-01
7.79650491048e-01
7.79992209808e-01
7.79749380426e-01
7.79682139958e-01
7.79654769013e-01
7.80288853430e-01
7.79513282692e-01
7.80113406237e-01
7.79629676968e-01
7.80024465879e-01
7.80379575386e-01
7.80011214907e-01
7.79475485532e-01
7.79343993177e-01
7.80084211677e-01
7.79923157809e-01
7.80048892979e-01
7.80240900620e-01
7.79788660347e-01
7.79364047586e-01
7.79875805519e-01
7.79785355174e-01
7.79258700408e-01
7.79483255374e-01
7.79395647563e-01
7.79730224732e-01
7.79523065375e-01
7.79429185182e-01
7.79585101634e-01
7.79439785323e-01
7.79435336905e-01
7.79692540097e-01
7.79990391979e-01
7.79538670052e-01
7.79717939859e-01
7.79185361650e-01
7.79500711657e-01
7.79269808692e-01
7.79581357165e-01
7.79640300668e-01
7.79695244816e-01
7.79972597286e-01
7.79638472707e-01
7.79525695617e-01
7.79702685231e-01
7.79736122505e-01
7.79710837067e-01
7.79607326970e-01
7.79354544845e-01
7.79190255217e-01
7.80017178201e-01
7.79202006450e-01
7.79586102835e-01
7.79118150932e-01
7.79828367685e-01
7.79695489605e-01
7.80227540099e-01
7.79930461061e-01
7.79607819593e-01
7.80313540692e-01
7.79650484313e-01
7.79825600851e-01
7.79586326906e-01
7.79933230062e-01
7.80138644596e-01
7.79718858713e-01
7.79091533954e-01
7.79492066103e-01
7.79465008905e-01
7.79872370708e-01
7.79802990076e-01
7.79877955596e-01
7.80105366894e-01
7.79367400407e-01
7.79771254589e-01
7.79751177983e-01
7.79793728489e-01
7.79949414206e-01
7.80012347242e-01
7.79663198028e-01
7.79469941264e-01
7.79752925391e-01
7.79821110938e-01
7.79700879044e-01
7.80057250186e-01
7.78945265769e-01
7.79722293280e-01
7.80312257240e-01
7.79407235345e-01
7.79822854444e-01
7.79524003733e-01
7.79835212591e-01
7.79740261643e-01
7.79579611197e-01
7.79502097097e-01
7.79785568730e-01
7.80107237355e-01
7.79585011024e-01
7.79261238346e-01
7.79993810684e-01
7.79780977769e-01
7.79626992422e-01
7.79694204030e-01
7.80209450937e-01
7.79827792783e-01
7.79952784820e-01
7.79722156559e-01
7.79933343381e-01
7.79446299198e-01
7.79414485612e-01
7.79247950832e-01
7.79831010082e-01
7.79385301356e-01
7.79559473709e-01
7.79632353636e-01
7.79838042944e-01
7.79202802511e-01
7.79278693484e-01
7.79886015623e-01
7.79868313949e-01
7.79517293911e-01
7.79938108297e-01
7.79901524982e-01
7.79965099577e-01
7.79425155464e-01
7.79830313491e-01
7.79420359947e-01
7.79832134559e-01
7.79562407977e-01
7.79690722271e-01
7.79585017963e-01
7.79994823411e-01
7.79562689323e-01
7.79595338680e-01
7.79795546306e-01
7.79419150036e-01
7.79923805165e-01
7.79368926238e-01
7.79560478194e-01
7.79512339417e-01
7.79690466268e-01
7.79557412508e-01
7.79161709474e-01
7.79795018115e-01
7.79640574692e-01
7.78880758008e-01
7.79812455291e-01
7.79295445013e-01
7.79957499432e-01
7.79679228588e-01
7.79876807130e-01
7.79822388259e-01
7.79451261856e-01
7.79760593512e-01
7.79608103069e-01
7.79784559009e-01
7.79687495819e-01
7.79571338959e-01
7.79593492129e-01
7.79883712228e-01
7.79597289712e-01
7.79484994189e-01
7.79558324017e-01
7.79469616274e-01
7.80082196439e-01
7.79634047821e-01
7.80404466578e-01
7.79749715846e-01
7.79630975428e-01
7.79753748610e-01
7.79560760713e-01
7.79726880821e-01
7.79556411680e-01
7.79854007174e-01
7.79988946310e-01
7.79713582442e-01
7.79964122104e-01
7.79695261938e-01
7.79702404728e-01
7.79880499085e-01
7.79592396903e-01
7.79388450093e-01
7.80014657908e-01
7.79318973620e-01
7.79938223407e-01
7.79960809193e-01
7.79758271522e-01
7.79477634866e-01
7.80003970515e-01
7.79634553688e-01
7.79610320510e-01
7.79541726842e-01
7.79436862163e-01
7.79460958871e-01
7.79274401262e-01
7.79545902193e-01
7.80008131635e-01
7.79673754541e-01
7.79464470642e-01
7.80009849520e-01
7.79396564469e-01
7.79184075161e-01
7.79889737499e-01
7.80376945645e-01
7.80702983391e-01
7.79780875783e-01
7.79733733870e-01
7.80425522673e-01
7.79268266032e-01
7.79805332291e-01
7.79491833211e-01
7.79621422563e-01
7.79426623961e-01
7.79747420934e-01
7.79201576870e-01
7.79697793296e-01
7.79875201223e-01
7.79909888511e-01
7.79368225927e-01
7.79367518246e-01
7.79393974399e-01
7.79981752255e-01
7.79585814402e-01
7.79959520728e-01
7.80227207491e-01
7.79785160197e-01
7.79734772354e-01
7.79812379063e-01
7.80136907621e-01
7.80012749808e-01
7.79910953638e-01
7.79881384227e-01
7.79675595407e-01
7.79734532218e-01
7.80122765435e-01
7.79479334426e-01
7.79447590074e-01
7.80052349589e-01
7.79303704504e-01
7.79420329827e-01
7.79698836032e-01
7.79852815264e-01
7.80063640604e-01
7.80349854910e-01
7.79614771267e-01
7.79874788580e-01
7.79731548969e-01
7.79882118222e-01
7.79407690189e-01
7.79921498548e-01
7.79439875749e-01
7.79691492268e-01
7.79186008006e-01
7.79681616495e-01
7.79672769331e-01
7.79477260822e-01
7.79611654084e-01
7.79884360427e-01
7.79925257863e-01
7.79393357871e-01
7.79388922875e-01
7.79911129199e-01
7.79694085289e-01
7.79507825615e-01
7.80185307286e-01
7.79114973270e-01
7.79254875927e-01
7.79573655417e-01
7.78831866976e-01
7.79513053013e-01
7.79618943964e-01
7.79961181804e-01
7.79668729899e-01
7.79286893335e-01
7.79658010318e-01
7.79827575727e-01
7.79820454635e-01
7.79832818542e-01
7.79582272773e-01
7.79820449915e-01
7.79574537409e-01
7.79424715190e-01
7.79979894126e-01
7.79679563405e-01
7.79334215945e-01
7.80049910273e-01
7.79537914073e-01
7.79836408634e-01
7.79820889740e-01
7.79958839915e-01
7.79867024942e-01
7.79605683873e-01
7.79393129619e-01
7.79498076919e-01
7.79616551153e-01
7.79889189357e-01
7.79916573709e-01
7.79830046161e-01
7.79896807679e-01
7.79929037856e-01
7.79590414380e-01
7.80034718273e-01
7.79389016360e-01
7.79326493087e-01
7.79679302753e-01
7.80057823360e-01
7.80077910790e-01
7.79805569038e-01
7.79731448764e-01
7.80064904373e-01
7.79636208871e-01
7.79512933544e-01
7.79481597705e-01
7.79499893624e-01
7.79797360918e-01
7.79852401279e-01
7.79932273011e-01
7.79857447082e-01
7.79682356193e-01
7.79419495730e-01
7.79903642065e-01
7.80218984066e-01
7.79790453163e-01
7.79164009869e-01
7.79831220009e-01
7.79185177950e-01
7.79663659554e-01
7.79419382352e-01
7.79394227692e-01
7.79097919237e-01
7.79940068243e-01
7.79868448989e-01
7.80098923544e-01
7.79889020219e-01
7.79197895099e-01
7.79656682543e-01
7.79661429345e-01
7.79846781852e-01
7.79641554260e-01
7.80210974933e-01
7.79855576791e-01
7.79753157811e-01
7.79946370335e-01
7.79499265734e-01
7.79390550899e-01
7.79231720615e-01
7.79607723890e-01
7.80051590430e-01
7.79694526891e-01
7.79741204022e-01
7.79770420464e-01
7.79824472402e-01
7.79351926912e-01
7.79755342615e-01
7.79567389678e-01
7.79344250296e-01
7.79968108650e-01
7.79782033676e-01
7.78937350098e-01
7.79389067917e-01
7.80055075028e-01
7.79266344967e-01
7.79378945423e-01
7.79420200439e-01
7.79583902542e-01
7.79761018151e-01
7.79556936732e-01
7.79643454435e-01
7.79726112175e-01
7.79600313150e-01
7.79951506073e-01
7.79678913793e-01
7.79405039029e-01
7.79801552305e-01
7.79779248484e-01
7.79259210571e-01
7.79249448141e-01
7.79523504467e-01
7.79313340349e-01
7.79386455592e-01
7.79410051292e-01
7.79822075635e-01
7.79902152912e-01
7.79686564031e-01
7.79447475147e-01
7.79165144562e-01
7.79888593229e-01
7.79723500164e-01
7.79865198982e-01
7.79703609470e-01
7.79413087553e-01
7.80175305757e-01
7.79534650404e-01
7.79760898068e-01
7.79782593320e-01
7.79978785479e-01
7.79794342755e-01
7.79978688676e-01
7.79534807901e-01
7.80185751921e-01
7.79689931610e-01
7.79492343771e-01
7.79692807287e-01
7.79664895883e-01
7.79056327534e-01
7.79533276003e-01
7.79738612068e-01
7.79420691364e-01
7.79738242377e-01
7.79503704080e-01
7.79562758392e-01
7.79741879970e-01
7.79377158653e-01
7.79993032402e-01
7.79793018856e-01
7.79467377122e-01
7.79642433948e-01
7.79564893295e-01
7.79097487095e-01
7.79963540728e-01
7.80256738417e-01
7.79593671018e-01
7.78956826170e-01
7.79606212813e-01
7.79985852750e-01
7.79555364243e-01
7.79770955534e-01
7.79565691028e-01
7.79808028322e-01
7.80008694877e-01
7.79589722025e-01
7.79655790285e-01
7.79520588003e-01
7.79523160512e-01
7.79985805256e-01
7.79905194145e-01
7.79698863202e-01
7.80548235352e-01
7.80034120727e-01
7.79524658007e-01
7.79677885126e-01
7.79635187566e-01
7.80069687427e-01
7.79495644822e-01
7.79683965726e-01