2.64881816076e+00
2.65092453653e+00
2.64784970689e+00
2.65038430845e+00
2.65157717169e+00
2.65645328534e+00
2.64588911746e+00
2.65362542037e+00
2.64926661829e+00
2.65342372268e+00
2.65067095323e+00
2.65477170438e+00
2.65215389552e+00
2.65446215854e+00
2.65026260349e+00
2.65045891118e+00
2.65124951311e+00
2.65104820728e+00
2.65530877530e+00
2.65692992165e+00
2.65498596920e+00
2.65066173396e+00
2.65200300444e+00
2.64874098134e+00
2.65047561016e+00
2.64988738568e+00
2.65106229323e+00
2.65581262233e+00
2.65496486918e+00
2.65048380647e+00
2.65365581140e+00
2.65357846551e+00
2.65114073962e+00
2.64684161423e+00
2.65392990977e+00
2.65169177525e+00
2.65215383168e+00
2.65116316046e+00
2.64961614166e+00
2.65188255525e+00
2.64956910513e+00
2.65149370146e+00
2.64957674787e+00
2.64995227281e+00
2.65249428211e+00
2.65568203676e+00
2.64947742174e+00
2.65361270015e+00
2.64783629190e+00
2.65404934259e+00
2.65188191179e+00
2.65273814436e+00
2.64949276853e+00
2.64637667248e+00
2.65052199985e+00
2.64814566414e+00
2.65516474054e+00
2.65397219944e+00
2.65295317517e+00
2.65205279164e+00
2.65161335079e+00
2.65414463453e+00
2.65381012214e+00
2.65288124006e+00
2.65179637612e+00
2.65066448852e+00
2.64806912520e+00
2.65576991163e+00
2.64923372981e+00
2.65668999866e+00
2.65162264154e+00
2.65632633303e+00
2.65403971122e+00
2.64610836929e+00
2.64844886751e+00
2.65023492769e+00
2.65148067668e+00
2.65576126211e+00
2.65576452171e+00
2.65069104889e+00
2.65130250738e+00
2.65453303961e+00
2.64987923214e+00
2.65018891122e+00
2.64894986505e+00
2.64946130126e+00
2.65481104728e+00
2.65384970926e+00
2.65254967917e+00
2.65084575776e+00
2.65210569511e+00
2.64958305901e+00
2.65260393224e+00
2.65236061048e+00
2.65229329892e+00
2.64995123044e+00
2.65226751003e+00
2.65556957458e+00
2.64905417473e+00
2.64901472119e+00
2.65570016840e+00
2.65697240305e+00
2.65140050835e+00
2.64882602025e+00
2.64973635146e+00
2.65294763797e+00
2.65215042853e+00
2.65069844788e+00
2.65439008452e+00
2.64980372822e+00
2.65439568284e+00
2.65228174348e+00
2.65424808008e+00
2.65023608137e+00
2.65032517891e+00
2.65219952031e+00
2.64950923407e+00
2.65336980962e+00
2.64722621725e+00
2.65125768817e+00
2.65107436089e+00
2.64918110561e+00
2.64721088512e+00
2.65806994090e+00
2.64527440126e+00
2.65830348434e+00
2.64928794487e+00
2.65160332354e+00
2.65389505038e+00
2.64881890255e+00
2.65295716207e+00
2.65342070737e+00
2.65176754889e+00
2.65224844330e+00
2.64939716494e+00
2.64814964042e+00
2.65360274746e+00
2.64915649660e+00
2.64794485412e+00
2.65073173867e+00
2.65726868930e+00
2.64974120075e+00
2.65180831999e+00
2.65084589840e+00
2.65326002191e+00
2.64935311389e+00
2.65205991318e+00
2.65101560577e+00
2.65557718779e+00
2.64964075241e+00
2.64823607346e+00
2.65498347107e+00
2.65255022395e+00
2.65555658514e+00
2.64923829353e+00
2.65379471395e+00
2.65043278974e+00
2.65287814166e+00
2.65166773433e+00
2.64796682302e+00
2.65168277839e+00
2.65392684627e+00
2.65103155374e+00
2.64753841720e+00
2.65067248269e+00
2.65346096508e+00
2.65480458503e+00
2.65362361626e+00
2.64893241238e+00
2.65244807857e+00
2.65185185653e+00
2.65193254726e+00
2.65449131055e+00
2.65177154446e+00
2.65134075029e+00
2.65675057486e+00
2.65268879775e+00
2.65245633887e+00
2.65158931114e+00
2.65107003051e+00
2.64746495243e+00
2.65353594321e+00
2.65227469187e+00
2.65436008366e+00
2.65175117811e+00
2.65315398252e+00
2.65039072376e+00
2.64758150916e+00
2.65581292904e+00
2.64930598530e+00
2.64865460139e+00
2.64858184292e+00
2.65124799452e+00
2.64837022300e+00
2.65227910956e+00
2.65531463186e+00
2.64942033151e+00
2.65353880825e+00
2.65105701920e+00
2.65052770479e+00
2.65311983659e+00
2.65204092681e+00
2.64978692139e+00
2.64827959102e+00
2.65085455922e+00
2.65412711608e+00
2.65239682666e+00
2.64652399370e+00
2.65190295718e+00
2.65476499581e+00
2.64964308726e+00
2.65145564811e+00
2.65183742557e+00
2.64296240510e+00
2.65163915325e+00
2.64958003632e+00
2.64891431639e+00
2.64887464643e+00
2.64558983630e+00
2.65227823863e+00
2.64981011717e+00
2.65121625489e+00
2.64320964796e+00
2.65135145412e+00
2.65310024217e+00
2.64787564136e+00
2.64903474197e+00
2.65043527636e+00
2.65124133264e+00
2.64778801036e+00
2.65063747501e+00
2.65115622642e+00
2.65311242581e+00
2.64837061187e+00
2.65193704676e+00
2.65777084225e+00
2.65397605397e+00
2.65162470053e+00
2.64935193479e+00
2.65253535879e+00
2.64822745466e+00
2.64678879715e+00
2.65481098186e+00
2.65457844214e+00
2.65271563554e+00
2.65134664767e+00
2.65329764153e+00
2.64804947709e+00
2.64769044770e+00
2.65164730832e+00
2.65137554364e+00
2.65050538578e+00
2.64721722802e+00
2.65043439167e+00
2.65605998755e+00
2.65249182621e+00
2.65052156264e+00
2.65159212829e+00
2.64994256977e+00
2.64782891815e+00
2.65381580395e+00
2.64846749065e+00
2.65125408594e+00
2.65259940668e+00
2.65205128197e+00
2.64880874169e+00
2.65162624522e+00
2.65240560277e+00
2.65131590466e+00
2.65002394811e+00
2.64921535254e+00
2.64846645707e+00
2.65033205931e+00
2.65389316525e+00
2.65305283181e+00
2.65238449334e+00
2.65008720896e+00
2.65652428679e+00
2.65291935569e+00
2.64844116130e+00
2.65348621686e+00
2.65782889691e+00
2.64968166408e+00
2.64553003565e+00
2.65334269539e+00
2.64626247323e+00
2.64829889518e+00
2.65421040896e+00
2.65120456687e+00
2.64817489439e+00
2.64971696783e+00
2.65488614479e+00
2.64809849214e+00
2.64916879541e+00
2.65378782410e+00
2.65483443944e+00
2.65157057603e+00
2.65506879242e+00
2.65068783489e+00
2.65286521823e+00
2.65008303425e+00
2.65307590768e+00
2.65149440940e+00
2.65311983454e+00
2.65063900878e+00
2.65303494886e+00
2.65384707491e+00
2.65308474878e+00
2.64725379137e+00
2.65044994916e+00
2.65216283854e+00
2.65216807807e+00
2.65124080843e+00
2.64910429101e+00
2.64873012800e+00
2.65149164152e+00
2.65322239419e+00
2.65316220473e+00
2.65360306899e+00
2.64860598620e+00
2.65252274142e+00
2.65535422465e+00
2.65048239448e+00
2.65087805488e+00
2.64682334888e+00
2.65344601529e+00
2.65287148111e+00
2.64745890028e+00
2.65443498055e+00
2.65426396089e+00
2.65114827445e+00
2.65566587117e+00
2.65310389337e+00
2.65122750677e+00
2.64933061218e+00
2.65056541266e+00
2.64932235089e+00
2.64798331973e+00
2.65219447449e+00
2.64985716653e+00
2.65193932622e+00
2.65158612823e+00
2.64988269113e+00
2.65178204730e+00
2.64361905967e+00
2.64664920713e+00
2.65030598005e+00
2.65091945080e+00
2.65029684865e+00
2.65238519848e+00
2.65459603888e+00
2.65173758177e+00
2.65205641297e+00
2.65333007622e+00
2.65565865144e+00
2.65235545337e+00
2.64954275240e+00
2.65263375316e+00
2.65002792797e+00
2.65431004232e+00
2.64993282989e+00
2.65240850746e+00
2.65563226677e+00
2.65595168029e+00
2.65091479605e+00
2.64766775483e+00
2.65058323106e+00
2.65451116990e+00
2.65133975372e+00
2.65472652071e+00
2.65202216736e+00
2.65130547187e+00
2.65325186976e+00
2.64948066291e+00
2.65427988246e+00
2.65088245267e+00
2.65369941545e+00
2.65254993119e+00
2.65421091559e+00
2.65469544547e+00
2.64843546427e+00
2.65502070475e+00
2.64884369696e+00
2.65144988571e+00
2.65185776546e+00
2.65592389110e+00
2.65083459550e+00
2.65215704399e+00
2.65362884279e+00
2.65053316099e+00
2.65363137939e+00
2.65346709284e+00
2.65457121487e+00
2.64911639237e+00
2.65460003509e+00
2.64651978758e+00
2.65628102992e+00
2.65245313269e+00
2.64995899123e+00
2.64962714213e+00
2.64583720172e+00
2.65094934778e+00
2.65343972218e+00
2.64880769702e+00
2.64851095996e+00
2.65161326227e+00
2.65251760152e+00
2.65433822858e+00
2.65582496998e+00
2.65007286850e+00
2.64899180695e+00
2.65120110611e+00
2.65429123014e+00
2.65161741565e+00
2.65231171421e+00
2.65077804829e+00
2.65202776214e+00
2.65068874464e+00
2.65723827475e+00
2.65251373518e+00
2.65200157326e+00
2.65173429328e+00
2.65049530332e+00
2.65140761073e+00
2.66036497046e+00
2.64708197085e+00
2.65374375550e+00
2.65228212288e+00
2.65348630754e+00
2.65165882751e+00
2.65105463701e+00
2.65653481324e+00
2.64959136493e+00
2.65544650730e+00
2.65267356360e+00
2.64917791901e+00
2.65348666075e+00
2.65244654832e+00
2.64594342614e+00
2.65642759756e+00
2.65336877254e+00
2.66003022306e+00
2.65602939237e+00
2.64995865471e+00
2.65139882727e+00
2.65183329009e+00
2.64784833173e+00
2.65065717326e+00
2.65640547961e+00
2.65526723209e+00
2.65342250562e+00
2.65567560554e+00
2.65422595955e+00
2.64805485443e+00
2.65694331328e+00
2.65215434972e+00
2.65452000798e+00
2.64727155199e+00
2.65122910102e+00
2.65200833468e+00
2.65974054505e+00
2.65004435542e+00
2.65221018356e+00
2.65378308712e+00
2.65072302061e+00
2.65302152207e+00
2.65277731678e+00
2.65133364774e+00
2.65083538440e+00
2.65128325412e+00
2.64858788023e+00
2.65159778964e+00
2.64984142530e+00
2.65143100840e+00
2.65441554670e+00
2.65318802868e+00
2.65224264129e+00
2.64540006254e+00
2.65355944452e+00
2.64878628868e+00
2.65030402727e+00
2.65021182423e+00
2.65477466818e+00
2.65137623030e+00
2.65058716207e+00
2.65018702205e+00
2.65103637876e+00
2.65050022691e+00
2.65641510910e+00
2.65397336038e+00
2.65000699745e+00
2.65306986541e+00
2.65181379398e+00
2.64864801825e+00
2.65443940958e+00
2.65305581268e+00
2.65785293679e+00
2.65468298376e+00
2.64806469230e+00
2.65027026291e+00
2.65170247755e+00