1.14183401633e+00
1.14175691112e+00
1.14204731836e+00
1.14202522913e+00
1.14163463245e+00
1.14185897837e+00
1.14166319135e+00
1.14169619020e+00
1.14157378737e+00
1.14189803820e+00
1.14186249883e+00
1.14187988081e+00
1.14198295518e+00
1.14189562821e+00
1.14167679299e+00
1.14154519762e+00
1.14165017101e+00
1.14119417473e+00
1.14184060081e+00
1.14171826015e+00
1.14168299586e+00
1.14128285396e+00
1.14187318729e+00
1.14156672718e+00
1.14174811675e+00
1.14151478198e+00
1.14149420414e+00
1.14175955240e+00
1.14213692388e+00
1.14154541979e+00
1.14173913481e+00
1.14118460131e+00
1.14155346267e+00
1.14131157548e+00
1.14185811666e+00
1.14136713905e+00
1.14186341836e+00
1.14166994487e+00
1.14150963183e+00
1.14140568146e+00
1.14194909747e+00
1.14167667635e+00
1.14141217668e+00
1.14179113679e+00
1.14202667362e+00
1.14204730018e+00
1.14209414077e+00
1.14177668291e+00
1.14197421048e+00
1.14194929947e+00
1.14150646596e+00
1.14189013204e+00
1.14197886260e+00
1.14164544383e+00
1.14158061760e+00
1.14174989442e+00
1.14170638530e+00
1.14155138367e+00
1.14150973577e+00
1.14186522549e+00
1.14162674980e+00
1.14174804640e+00
1.14186778529e+00
1.14124888978e+00
1.14236977048e+00
1.14140952984e+00
1.14173563617e+00
1.14199526430e+00
1.14130091424e+00
1.14126819025e+00
1.14175992678e+00
1.14211125239e+00
1.14194290445e+00
1.14112828815e+00
1.14155393718e+00
1.14168022753e+00
1.14154960209e+00
1.14146135481e+00
1.14188423524e+00
1.14169117993e+00
1.14154422468e+00
1.14161203169e+00
1.14245286842e+00
1.14161670027e+00
1.14158279432e+00
1.14123681150e+00
1.14206893782e+00
1.14168133800e+00
1.14185238476e+00
1.14142445322e+00
1.14175969697e+00
1.14202973959e+00
1.14107944368e+00
1.14213747812e+00
1.14166845682e+00
1.14133062101e+00
1.14207793386e+00
1.14172299984e+00
1.14186454931e+00
1.14155475528e+00
1.14155151992e+00
1.14194035339e+00
1.14142531232e+00
1.14111671247e+00
1.14166152671e+00
1.14146150752e+00
1.14166746557e+00
1.14108261186e+00
1.14128057342e+00
1.14191512247e+00
1.14148424255e+00
1.14135860065e+00
1.14115622818e+00
1.14205256664e+00
1.14185381982e+00
1.14171134790e+00
1.14198326768e+00
1.14181063573e+00
1.14191731738e+00
1.14175759228e+00
1.14171034636e+00
1.14111437272e+00
1.14106347557e+00
1.14231182576e+00
1.14129729677e+00
1.14252270867e+00
1.14160561921e+00
1.14165258750e+00
1.14191032036e+00
1.14131742306e+00
1.14162971091e+00
1.14214928550e+00
1.14137283758e+00
1.14151748644e+00
1.14201929565e+00
1.14123971507e+00
1.14099683273e+00
1.14219516159e+00
1.14162424884e+00
1.14151268793e+00
1.14254366032e+00
1.14130772383e+00
1.14180658668e+00
1.14156580585e+00
1.14149574484e+00
1.14150382836e+00
1.14150286098e+00
1.14175840476e+00
1.14192027237e+00
1.14144445659e+00
1.14173576246e+00
1.14222068246e+00
1.14154899467e+00
1.14212775819e+00
1.14178714102e+00
1.14194699334e+00
1.14120225851e+00
1.14140773974e+00
1.14180241629e+00
1.14157350050e+00
1.14207416479e+00
1.14206061014e+00
1.14173517111e+00
1.14175304395e+00
1.14136343229e+00
1.14209268965e+00
1.14174215966e+00
1.14169877104e+00
1.14175154028e+00
1.14152106312e+00
1.14204610429e+00
1.14190864015e+00
1.14162083325e+00
1.14218018066e+00
1.14174795676e+00
1.14153591980e+00
1.14170811461e+00
1.14182826538e+00
1.14181669863e+00
1.14103040062e+00
1.14162211538e+00
1.14190555425e+00
1.14176086220e+00
1.14188594956e+00
1.14111719187e+00
1.14157653194e+00
1.14181265816e+00
1.14122488900e+00
1.14213084468e+00
1.14211558213e+00
1.14195953677e+00
1.14176277725e+00
1.14164455717e+00
1.14120914523e+00
1.14160625351e+00
1.14190582779e+00
1.14222711693e+00
1.14182218294e+00
1.14169692440e+00
1.14150929124e+00
1.14141735560e+00
1.14165482985e+00
1.14189777126e+00
1.14140240399e+00
1.14183401417e+00
1.14166051305e+00
1.14211002836e+00
1.14157365987e+00
1.14127078140e+00
1.14227189045e+00
1.14138321345e+00
1.14159695534e+00
1.14186653491e+00
1.14158610607e+00
1.14138956024e+00
1.14179064403e+00
1.14125298672e+00
1.14115630783e+00
1.14191536781e+00
1.14179714192e+00
1.14155569158e+00
1.14239282417e+00
1.14162696071e+00
1.14171213034e+00
1.14191837011e+00
1.14201891970e+00
1.14193779945e+00
1.14181768418e+00
1.14223830255e+00
1.14160074076e+00
1.14201287527e+00
1.14202082690e+00
1.14150056205e+00
1.14110622041e+00
1.14148834310e+00
1.14179229596e+00
1.14209898482e+00
1.14168314965e+00
1.14132157061e+00
1.14178620708e+00
1.14130691767e+00
1.14127299798e+00
1.14195831185e+00
1.14175699944e+00
1.14235333103e+00
1.14191846066e+00
1.14158125519e+00
1.14148393627e+00
1.14217686274e+00
1.14126214984e+00
1.14179929588e+00
1.14158985668e+00
1.14174815353e+00
1.14121452754e+00
1.14217277714e+00
1.14237782508e+00
1.14166270453e+00
1.14123106738e+00
1.14104301899e+00
1.14130579866e+00
1.14161766246e+00
1.14170387357e+00
1.14124778327e+00
1.14207641439e+00
1.14196241168e+00
1.14203949891e+00
1.14128890356e+00
1.14175465924e+00
1.14163728365e+00
1.14160952599e+00
1.14142054112e+00
1.14144614939e+00
1.14174854081e+00
1.14176086784e+00
1.14153210877e+00
1.14183175694e+00
1.14180547010e+00
1.14204390168e+00
1.14153460752e+00
1.14111365478e+00
1.14214178991e+00
1.14199326693e+00
1.14152933444e+00
1.14187207269e+00
1.14162381293e+00
1.14168734655e+00
1.14199019996e+00
1.14204784479e+00
1.14122056110e+00
1.14166722198e+00
1.14160103804e+00
1.14190400463e+00
1.14153716197e+00
1.14144644053e+00
1.14148158351e+00
1.14169007189e+00
1.14122199799e+00
1.14219573881e+00
1.14161597028e+00
1.14166344460e+00
1.14185199161e+00
1.14165188292e+00
1.14155618001e+00
1.14156960993e+00
1.14199471441e+00
1.14158308227e+00
1.14125980187e+00
1.14183404653e+00
1.14176744611e+00
1.14165892887e+00
1.14204288323e+00
1.14150075795e+00
1.14181627546e+00
1.14164738686e+00
1.14181069210e+00
1.14167615027e+00
1.14173491541e+00
1.14157607345e+00
1.14201809822e+00
1.14149607868e+00
1.14217009813e+00
1.14138689923e+00
1.14156903997e+00
1.14178826462e+00
1.14181830995e+00
1.14190571575e+00
1.14139762063e+00
1.14077321351e+00
1.14133735307e+00
1.14180032366e+00
1.14209397345e+00
1.14199199624e+00
1.14161292104e+00
1.14159810225e+00
1.14165993103e+00
1.14159023709e+00
1.14165973191e+00
1.14195965485e+00
1.14151862234e+00
1.14188343910e+00
1.14201887374e+00
1.14166080320e+00
1.14127559977e+00
1.14152286788e+00
1.14138382360e+00
1.14182173539e+00
1.14199044333e+00
1.14177081069e+00
1.14115088765e+00
1.14172456080e+00
1.14154786535e+00
1.14168892622e+00
1.14176624998e+00
1.14246110462e+00
1.14167788866e+00
1.14186064798e+00
1.14126429269e+00
1.14163143620e+00
1.14148519040e+00
1.14164416303e+00
1.14187065436e+00
1.14182047216e+00
1.14197063902e+00
1.14168483278e+00
1.14206706563e+00
1.14160305656e+00
1.14148461683e+00
1.14189192555e+00
1.14163447561e+00
1.14163430946e+00
1.14156143959e+00
1.14179009280e+00
1.14161129037e+00
1.14171883475e+00
1.14166463017e+00
1.14203431798e+00
1.14175295632e+00
1.14205981565e+00
1.14176698066e+00
1.14149171031e+00
1.14159324817e+00
1.14155482726e+00
1.14130273676e+00
1.14192058254e+00
1.14154297341e+00
1.14199037909e+00
1.14151172935e+00
1.14167397650e+00
1.14121521877e+00
1.14160666897e+00
1.14193969284e+00
1.14156467163e+00
1.14132691854e+00
1.14162748742e+00
1.14153291874e+00
1.14183191074e+00
1.14262733688e+00
1.14173657959e+00
1.14194637406e+00
1.14162194259e+00
1.14159222251e+00
1.14182417404e+00
1.14193207831e+00
1.14161255169e+00
1.14146819313e+00
1.14157750056e+00
1.14183903081e+00
1.14208681092e+00
1.14173124617e+00
1.14171135652e+00
1.14144097268e+00
1.14190608158e+00
1.14191282655e+00
1.14180611905e+00
1.14161663272e+00
1.14160510625e+00
1.14150401919e+00
1.14183194070e+00
1.14181463804e+00
1.14188519891e+00
1.14148941471e+00
1.14180238073e+00
1.14157484414e+00
1.14153543653e+00
1.14143078596e+00
1.14167354143e+00
1.14206458403e+00
1.14200541830e+00
1.14202864928e+00
1.14148931152e+00
1.14188600332e+00
1.14183332578e+00
1.14182798803e+00
1.14176292186e+00
1.14157491152e+00
1.14142321992e+00
1.14199664384e+00
1.14124510683e+00
1.14170132862e+00
1.14166904674e+00
1.14186048466e+00
1.14245324419e+00
1.14183261167e+00
1.14175069882e+00
1.14143077215e+00
1.14135980471e+00
1.14116139186e+00
1.14190205943e+00
1.14188153010e+00
1.14183741023e+00
1.14196106587e+00
1.14223758967e+00
1.14186874427e+00
1.14162725844e+00
1.14233860462e+00
1.14191117743e+00
1.14171307617e+00
1.14177589256e+00
1.14200483904e+00
1.14238230838e+00
1.14235541910e+00
1.14205375624e+00
1.14191798782e+00
1.14196848511e+00
1.14162228494e+00
1.14148425379e+00
1.14151357838e+00
1.14175563614e+00
1.14135325828e+00
1.14182691271e+00
1.14153486336e+00
1.14172952194e+00
1.14128047496e+00
1.14162866098e+00
1.14193984109e+00
1.14167600572e+00
1.14145612525e+00
1.14146736037e+00
1.14176793051e+00
1.14258381737e+00
1.14151426388e+00
1.14155549361e+00
1.14148244595e+00
1.14187889905e+00
1.14140525153e+00
1.14133059611e+00
1.14179459804e+00
1.14177004152e+00
1.14210615603e+00
1.14220653066e+00
1.14161282709e+00
1.14208220218e+00
1.14190344081e+00
1.14201722312e+00
1.14238153376e+00
1.14184165640e+00
1.14229555757e+00
1.14213889078e+00
1.14171778783e+00
1.14164104557e+00
1.14171457791e+00