1.01826997043e+01
1.01833181254e+01
1.01717702524e+01
1.01852096751e+01
1.01846488178e+01
1.01910877191e+01
1.01718039990e+01
1.01960464110e+01
1.01799398539e+01
1.01791787802e+01
1.01936484028e+01
1.01884697385e+01
1.01855433048e+01
1.01850680303e+01
1.01975111840e+01
1.01811362203e+01
1.01844980788e+01
1.01878640079e+01
1.01846828079e+01
1.01928347540e+01
1.01931758681e+01
1.01791552520e+01
1.01867929978e+01
1.01849879718e+01
1.01891096225e+01
1.01832028736e+01
1.01798736224e+01
1.01882332473e+01
1.01863600173e+01
1.01815607865e+01
1.01916612320e+01
1.01967571507e+01
1.01830672840e+01
1.01829009980e+01
1.01791784775e+01
1.01902949098e+01
1.01944356372e+01
1.01841464171e+01
1.01895755295e+01
1.01895407171e+01
1.01826407954e+01
1.01860472787e+01
1.01862266254e+01
1.01879180987e+01
1.01899412784e+01
1.01975715246e+01
1.01855036636e+01
1.01913553556e+01
1.01714197116e+01
1.01798832082e+01
1.01837471583e+01
1.01916367947e+01
1.01813140219e+01
1.01770685736e+01
1.01799355588e+01
1.01766549227e+01
1.01975951764e+01
1.01979773804e+01
1.01863645757e+01
1.01885136224e+01
1.01946694122e+01
1.01958422742e+01
1.01905609843e+01
1.01868170895e+01
1.01863161593e+01
1.01878095003e+01
1.01762774838e+01
1.01964524312e+01
1.01864138581e+01
1.02039254344e+01
1.01968161800e+01
1.01997416189e+01
1.01908158573e+01
1.01805163402e+01
1.01787354544e+01
1.01811675823e+01
1.01845047389e+01
1.01970925057e+01
1.02015929997e+01
1.01881168027e+01
1.01850491926e+01
1.01935135471e+01
1.01753142384e+01
1.01814006225e+01
1.01873484732e+01
1.01744974189e+01
1.01870318949e+01
1.01977849457e+01
1.01917357999e+01
1.01876563400e+01
1.01855623593e+01
1.01818267622e+01
1.01899811856e+01
1.01824140534e+01
1.01853920278e+01
1.01790042525e+01
1.01915832821e+01
1.01955431925e+01
1.01742809564e+01
1.01712652058e+01
1.01936354948e+01
1.01963324364e+01
1.01829076497e+01
1.01856620431e+01
1.01878892634e+01
1.01880371837e+01
1.01919513107e+01
1.01884228294e+01
1.01989263169e+01
1.01769564315e+01
1.01912323269e+01
1.01784704325e+01
1.01945576639e+01
1.01864739329e+01
1.01827927597e+01
1.01941426178e+01
1.01834132256e+01
1.01926912990e+01
1.01807227207e+01
1.01926375394e+01
1.01842940665e+01
1.01797748368e+01
1.01780859337e+01
1.01969010949e+01
1.01679285319e+01
1.01973495901e+01
1.01939787984e+01
1.01882324906e+01
1.01889292485e+01
1.01660480718e+01
1.01887626433e+01
1.02019182459e+01
1.01866163127e+01
1.01897866975e+01
1.01849669546e+01
1.01861359655e+01
1.01939048474e+01
1.01765583579e+01
1.01815605055e+01
1.01955855999e+01
1.01993833616e+01
1.01835331468e+01
1.01851832147e+01
1.01813563834e+01
1.01913402188e+01
1.01792132837e+01
1.01851262477e+01
1.01816911005e+01
1.01863326752e+01
1.01838457526e+01
1.01710077246e+01
1.01872286334e+01
1.01866816537e+01
1.01923755657e+01
1.01836838642e+01
1.01893559029e+01
1.01804487354e+01
1.01881303826e+01
1.01851493257e+01
1.01781061973e+01
1.01846131856e+01
1.01967009777e+01
1.01929827040e+01
1.01685553292e+01
1.01856476819e+01
1.01858966377e+01
1.01939629863e+01
1.01927784516e+01
1.01806478277e+01
1.01882068804e+01
1.01845702483e+01
1.01922106943e+01
1.01895014194e+01
1.01913169496e+01
1.01789321915e+01
1.01993623652e+01
1.01895389786e+01
1.02006368622e+01
1.01876999254e+01
1.01768085007e+01
1.01844515038e+01
1.01918150364e+01
1.01813741580e+01
1.01959669561e+01
1.01882074333e+01
1.01950307512e+01
1.01882448786e+01
1.01775280632e+01
1.01873935479e+01
1.01827773185e+01
1.01781620489e+01
1.01785397141e+01
1.01954506389e+01
1.01858923405e+01
1.01908365843e+01
1.01929512805e+01
1.01706948610e+01
1.01797894598e+01
1.01796733373e+01
1.01865135096e+01
1.01974456008e+01
1.01830873977e+01
1.01878877939e+01
1.01835244870e+01
1.01905505870e+01
1.01813781420e+01
1.01824717499e+01
1.01735487833e+01
1.01848862170e+01
1.01952530291e+01
1.01816146999e+01
1.01945838340e+01
1.01897715184e+01
1.01654494935e+01
1.01806392566e+01
1.01796953775e+01
1.01843857713e+01
1.01755813088e+01
1.01731687351e+01
1.01924421531e+01
1.01906211377e+01
1.01901940487e+01
1.01740618110e+01
1.01890179048e+01
1.01926528398e+01
1.01760294432e+01
1.01769701419e+01
1.01899373429e+01
1.01945508615e+01
1.01736501657e+01
1.01895902545e+01
1.01840813249e+01
1.01868215570e+01
1.01773638910e+01
1.01881631229e+01
1.01990420177e+01
1.01995098817e+01
1.01919666303e+01
1.01857251576e+01
1.01928131574e+01
1.01808300765e+01
1.01738247331e+01
1.01927051634e+01
1.01903471749e+01
1.01897096140e+01
1.01859697585e+01
1.01867152074e+01
1.01760206599e+01
1.01792141601e+01
1.01854138163e+01
1.01768630410e+01
1.01919429661e+01
1.01806357908e+01
1.01820380278e+01
1.01960538071e+01
1.01895673407e+01
1.01856223523e+01
1.01894463564e+01
1.01871609820e+01
1.01701311622e+01
1.01930694146e+01
1.01724810074e+01
1.01760410710e+01
1.01903378433e+01
1.01864307650e+01
1.01857504071e+01
1.01848223908e+01
1.01867060150e+01
1.01805392761e+01
1.01879405005e+01
1.01808578650e+01
1.01858863052e+01
1.01777039977e+01
1.01903416893e+01
1.01854282206e+01
1.01847313882e+01
1.01736897976e+01
1.01962471296e+01
1.01883045319e+01
1.01837877146e+01
1.01816216232e+01
1.01947429001e+01
1.01880004319e+01
1.01715808566e+01
1.01860458286e+01
1.01683373687e+01
1.01749148329e+01
1.01867983167e+01
1.01841638313e+01
1.01724763315e+01
1.01888112542e+01
1.01904342165e+01
1.01824083960e+01
1.01833761819e+01
1.01902816092e+01
1.01907586792e+01
1.01865602260e+01
1.01859557754e+01
1.01871428239e+01
1.01804411441e+01
1.01913650324e+01
1.01864424250e+01
1.01774165446e+01
1.01894562241e+01
1.01811230970e+01
1.01828417969e+01
1.01982527678e+01
1.01912019526e+01
1.01764912848e+01
1.01845347517e+01
1.01796302977e+01
1.01681415470e+01
1.01914723278e+01
1.01861197154e+01
1.01726675098e+01
1.01962068544e+01
1.01918933070e+01
1.01825232016e+01
1.01977001584e+01
1.01817756608e+01
1.01907706094e+01
1.01876038401e+01
1.01749950604e+01
1.01850691983e+01
1.01745588509e+01
1.01842920500e+01
1.01876675877e+01
1.01851162209e+01
1.01921041985e+01
1.01878830299e+01
1.01944742486e+01
1.01938812413e+01
1.01930364016e+01
1.01876257221e+01
1.01806128314e+01
1.01841303002e+01
1.01733554812e+01
1.01868945636e+01
1.01902255046e+01
1.01741316142e+01
1.01843885118e+01
1.01897132483e+01
1.01881005679e+01
1.01962920800e+01
1.01706955140e+01
1.01709671539e+01
1.01862597571e+01
1.01775979026e+01
1.01905159923e+01
1.01878838734e+01
1.01916757871e+01
1.01890384018e+01
1.01838639301e+01
1.01870802514e+01
1.01938059661e+01
1.01893281275e+01
1.01940808167e+01
1.01823415010e+01
1.01719148093e+01
1.01878791094e+01
1.01742705611e+01
1.01834797340e+01
1.01891875913e+01
1.01976446358e+01
1.01870235223e+01
1.01797981360e+01
1.01756753724e+01
1.01986530309e+01
1.01846237664e+01
1.01855931492e+01
1.01826347775e+01
1.01837132036e+01
1.01918404982e+01
1.01795820458e+01
1.01871051812e+01
1.01880199351e+01
1.01909093794e+01
1.01840698513e+01
1.01805365819e+01
1.01915948446e+01
1.01827380355e+01
1.01942367329e+01
1.01866313774e+01
1.01970393805e+01
1.01780169352e+01
1.01960311220e+01
1.01779452087e+01
1.01825135354e+01
1.01953915313e+01
1.01828666788e+01
1.02012034701e+01
1.01835063332e+01
1.01956366516e+01
1.01801837314e+01
1.02031001019e+01
1.01719922165e+01
1.01874278671e+01
1.01815795578e+01
1.01814902932e+01
1.01820332787e+01
1.01633681968e+01
1.01866961957e+01
1.01828699788e+01
1.01719935368e+01
1.01837969832e+01
1.01873940652e+01
1.01841961801e+01
1.02028055871e+01
1.01938883525e+01
1.01785156170e+01
1.01917915907e+01
1.01701724410e+01
1.02017829309e+01
1.01836875340e+01
1.01868738159e+01
1.01921326987e+01
1.01943837001e+01
1.01886253317e+01
1.01950622000e+01
1.01855005286e+01
1.01895752541e+01
1.01922700250e+01
1.01792898348e+01
1.01916329646e+01
1.01947504616e+01
1.01855482634e+01
1.01855639947e+01
1.01884078860e+01
1.01896485841e+01
1.01868035895e+01
1.01903080809e+01
1.01964053225e+01
1.01907090677e+01
1.01965509561e+01
1.01824138292e+01
1.01819220302e+01
1.01856267476e+01
1.01846477481e+01
1.01709134176e+01
1.02055044725e+01
1.01903647847e+01
1.02049219811e+01
1.01995830788e+01
1.01775544564e+01
1.01872035927e+01
1.01806156337e+01
1.01812282769e+01
1.01824070093e+01
1.02013607411e+01
1.01917606331e+01
1.01949061778e+01
1.01948224272e+01
1.01863364385e+01
1.01799492956e+01
1.01932664260e+01
1.01803609388e+01
1.01834491363e+01
1.01715867095e+01
1.01811059536e+01
1.01913102576e+01
1.02010026003e+01
1.01912772993e+01
1.01948420716e+01
1.01935424807e+01
1.01882383223e+01
1.01953391465e+01
1.01880948668e+01
1.01827584761e+01
1.01792824175e+01
1.01798042681e+01
1.01796474621e+01
1.01892405032e+01
1.01839612156e+01
1.01749113236e+01
1.01849483675e+01
1.01850448670e+01
1.01799273386e+01
1.01839710305e+01
1.01914024044e+01
1.01799400601e+01
1.01817083854e+01
1.01823337872e+01
1.01936130409e+01
1.01816703741e+01
1.01790957537e+01
1.01887447718e+01
1.01894652173e+01
1.01864376147e+01
1.02042633168e+01
1.01985706620e+01
1.01896057882e+01
1.01905814436e+01
1.01854736170e+01
1.01805713532e+01
1.01915098776e+01
1.01778002684e+01
1.02052150817e+01
1.01921667235e+01
1.01740541392e+01
1.01778228351e+01
1.01864355051e+01