-5.95925988944e+00
-5.92246084400e+00
-5.92584119418e+00
-5.93592368642e+00
-5.96503489616e+00
-5.94704432617e+00
-5.90832301642e+00
-5.98347496991e+00
-5.92425582051e+00
-5.96013556346e+00
-5.94614473653e+00
-5.91854461800e+00
-5.95246080708e+00
-5.92033145371e+00
-5.95312667258e+00
-5.92516770956e+00
-5.94911192162e+00
-5.95457807185e+00
-5.95821656303e+00
-5.92771970628e+00
-5.90091059003e+00
-5.91680756266e+00
-5.94077889618e+00
-5.95127666070e+00
-5.93227889493e+00
-5.94672813633e+00
-5.94980623033e+00
-5.96430965086e+00
-5.96106317654e+00
-5.95797589078e+00
-5.93066697719e+00
-5.93629729790e+00
-5.93315508129e+00
-5.92057501371e+00
-5.93245787735e+00
-5.93992178186e+00
-5.95545045150e+00
-5.94199052859e+00
-5.94602639216e+00
-5.96321650963e+00
-5.95541416689e+00
-5.93966501446e+00
-5.93637593048e+00
-5.93123131928e+00
-5.95697142154e+00
-5.92947799869e+00
-5.93639411758e+00
-5.94872432607e+00
-5.96649382436e+00
-5.99405906704e+00
-5.98696700852e+00
-5.96340858117e+00
-5.99819177404e+00
-5.92052822098e+00
-5.95732658800e+00
-5.94048803695e+00
-5.91629346548e+00
-5.94843841411e+00
-5.95285359465e+00
-5.95762506075e+00
-5.93242719559e+00
-5.96351711561e+00
-5.95052838899e+00
-5.92843504870e+00
-5.92920689362e+00
-5.94840510919e+00
-5.95194424510e+00
-5.96196756768e+00
-5.95138230862e+00
-5.97999783473e+00
-5.95457774993e+00
-5.97460614479e+00
-5.92525570374e+00
-5.97875564831e+00
-5.93366583341e+00
-5.92212844495e+00
-5.92569019638e+00
-5.92814485483e+00
-5.94715025780e+00
-5.94335222731e+00
-5.96615953992e+00
-5.95216106387e+00
-5.93996550253e+00
-5.96230681092e+00
-5.93269616924e+00
-5.95484316217e+00
-5.95914974977e+00
-5.93799629518e+00
-5.95326688109e+00
-5.92044690559e+00
-5.93513898949e+00
-5.96496460130e+00
-5.92930769394e+00
-5.93273046103e+00
-5.93285454832e+00
-5.95324800530e+00
-5.94089779580e+00
-5.95504447006e+00
-5.92522353746e+00
-5.91775866156e+00
-5.94015029825e+00
-5.96654943279e+00
-5.96328844147e+00
-5.95579084960e+00
-5.93243442512e+00
-5.95511989788e+00
-5.94120142377e+00
-5.93980635675e+00
-5.92025708108e+00
-5.95246456672e+00
-5.93195878453e+00
-5.94795113874e+00
-5.97315193290e+00
-5.92139315460e+00
-5.94590964145e+00
-5.94835535674e+00
-5.98081600541e+00
-5.95469850434e+00
-5.94817453884e+00
-5.96226166220e+00
-5.96507891749e+00
-5.93208083291e+00
-5.94096687788e+00
-5.93543224622e+00
-5.97500271076e+00
-5.94441870911e+00
-5.95512029970e+00
-5.95734859830e+00
-5.96267539716e+00
-5.94849537148e+00
-5.97252827031e+00
-5.94712983716e+00
-5.93360967298e+00
-5.95187327418e+00
-5.94026295266e+00
-5.93806647916e+00
-5.94403329937e+00
-5.95483712922e+00
-5.93115357151e+00
-5.94243096359e+00
-5.91199110575e+00
-5.96989299922e+00
-5.99221239798e+00
-5.91196196699e+00
-5.92907163141e+00
-5.94564505164e+00
-5.93329075912e+00
-5.93190167161e+00
-5.95185462602e+00
-5.92924348545e+00
-5.94709199297e+00
-5.97868440296e+00
-5.92785553674e+00
-5.94185027057e+00
-5.95522850614e+00
-5.95481102680e+00
-5.94325466152e+00
-5.94030879991e+00
-5.91805545526e+00
-5.95266013173e+00
-5.97204355692e+00
-5.97351279726e+00
-5.90965858750e+00
-5.94252504594e+00
-5.92144546883e+00
-5.93944976226e+00
-5.94410480592e+00
-5.94062329222e+00
-5.94312316178e+00
-5.93809300100e+00
-5.96279519006e+00
-5.95741561511e+00
-5.95310932253e+00
-5.97386501502e+00
-5.96515930014e+00
-5.95365455587e+00
-5.96026823497e+00
-5.94988959804e+00
-5.96761293309e+00
-5.94225235995e+00
-5.96813598170e+00
-5.95438798517e+00
-5.93765434953e+00
-5.92110284522e+00
-5.94407874081e+00
-5.97193570208e+00
-5.97631850453e+00
-5.95791650349e+00
-5.95961779066e+00
-5.92925380807e+00
-5.97067676507e+00
-5.95000408131e+00
-5.93252345824e+00
-5.96212016516e+00
-5.94439101685e+00
-5.92476850243e+00
-5.96753806404e+00
-5.96113639568e+00
-5.94541626501e+00
-5.97415787059e+00
-5.98415240415e+00
-5.93017020296e+00
-5.98300064862e+00
-5.92510370657e+00
-5.91574749663e+00
-5.89486959723e+00
-5.92866591535e+00
-5.94630871283e+00
-5.93686613472e+00
-5.95386592321e+00
-5.90974018479e+00
-5.91534528697e+00
-5.92131767846e+00
-5.96653793837e+00
-5.95491260606e+00
-5.91691730898e+00
-5.96421537438e+00
-5.95132735295e+00
-5.97297257498e+00
-5.92518381034e+00
-5.93924263374e+00
-5.95203808513e+00
-5.97980520820e+00
-5.95256116749e+00
-5.95566107661e+00
-5.92539129411e+00
-5.97464180571e+00
-5.97708588775e+00
-5.93262984115e+00
-5.95333405380e+00
-5.97015699441e+00
-5.92389043966e+00
-5.89479994774e+00
-5.95849007001e+00
-5.94415316977e+00
-5.92396938610e+00
-5.97494214873e+00
-5.93358461518e+00
-5.94992755912e+00
-5.95581167246e+00
-5.93854003119e+00
-5.96322283968e+00
-5.92461920436e+00
-5.91036651697e+00
-5.98415382064e+00
-5.97618610696e+00
-5.93111044804e+00
-5.93289210890e+00
-5.95318305495e+00
-5.94990130356e+00
-5.96046369968e+00
-5.92998010850e+00
-5.95470532709e+00
-5.96916213480e+00
-5.91614867358e+00
-5.92173042410e+00
-5.94212763881e+00
-5.97113082841e+00
-5.94727780558e+00
-5.95041763956e+00
-5.96784538528e+00
-5.95572836116e+00
-5.95660081986e+00
-5.94817541427e+00
-5.95427789288e+00
-5.90272661264e+00
-5.98463420271e+00
-5.94235793768e+00
-5.94200602079e+00
-5.93931858557e+00
-5.93650600825e+00
-5.94044962148e+00
-5.97692274280e+00
-5.93085036208e+00
-5.96289485798e+00
-5.96393479684e+00
-5.94612010430e+00
-5.93209526060e+00
-5.94569092891e+00
-5.93733649945e+00
-5.95256333948e+00
-5.96093407481e+00
-5.93974372532e+00
-5.95313358312e+00
-5.96257328325e+00
-5.97376852190e+00
-5.96564528626e+00
-5.94429659687e+00
-5.96905081116e+00
-5.98378950682e+00
-5.97199524124e+00
-5.93242152839e+00
-5.96970642512e+00
-5.92787937869e+00
-5.95585163048e+00
-5.93192697022e+00
-5.94723467668e+00
-5.94113723282e+00
-5.94224938207e+00
-5.93526460494e+00
-5.92447843170e+00
-5.95513736470e+00
-5.98678690547e+00
-5.92926999513e+00
-5.98754344353e+00
-5.95651399661e+00
-5.98478938229e+00
-5.92503169284e+00
-5.97059256681e+00
-5.96457976890e+00
-5.93105742438e+00
-5.96446628809e+00
-5.93033990502e+00
-5.93899812521e+00
-5.96931060595e+00
-5.94773402399e+00
-5.98048859321e+00
-5.95579697217e+00
-5.90599324302e+00
-5.95259481447e+00
-5.93666964858e+00
-5.98667218081e+00
-5.95767766479e+00
-5.96399637653e+00
-5.89785679418e+00
-5.95805132339e+00
-5.97981664301e+00
-5.95981807172e+00
-5.92939019764e+00
-5.95956996855e+00
-5.92947123991e+00
-5.91421949094e+00
-5.96045336432e+00
-5.96552382274e+00
-5.96334990098e+00
-5.93655983715e+00
-5.92099422171e+00
-5.93586879908e+00
-5.94213756010e+00
-5.92630565150e+00
-5.95708854744e+00
-5.94845348221e+00
-5.93497827974e+00
-5.91178450872e+00
-5.96025573907e+00
-5.99198156634e+00
-5.96126496707e+00
-5.96290011556e+00
-5.96395591889e+00
-5.96152734658e+00
-5.94371547949e+00
-5.94930018274e+00
-5.95884469428e+00
-5.94705311714e+00
-5.97143299816e+00
-5.95660265096e+00
-5.91554418154e+00
-5.95270791975e+00
-5.95344635727e+00
-5.96265357958e+00
-5.97917482286e+00
-5.96738452425e+00
-5.96363522946e+00
-5.95885342161e+00
-5.98726231356e+00
-5.97046208125e+00
-5.97262162900e+00
-5.93435443822e+00
-5.93133388503e+00
-5.95468636527e+00
-5.95268985319e+00
-5.96435782379e+00
-5.95972940118e+00
-5.94448363609e+00
-5.95634255293e+00
-5.94953178624e+00
-5.93274477151e+00
-5.95763271282e+00
-5.94281337872e+00
-5.93241848954e+00
-5.96898642656e+00
-5.95459199778e+00
-5.94031145171e+00
-5.95404830170e+00
-5.93297245006e+00
-5.95835728288e+00
-5.91664217891e+00
-5.93812044398e+00
-5.99112635771e+00
-5.97860151838e+00
-5.93298777692e+00
-5.93944284510e+00
-5.97553406450e+00
-5.95167613465e+00
-5.93363035379e+00
-5.92378970302e+00
-5.94061478962e+00
-5.95402800962e+00
-5.93585376390e+00
-5.93709081220e+00
-5.93674119900e+00
-6.00388236174e+00
-5.97587943924e+00
-5.95569634936e+00
-5.94007804760e+00
-5.97549376018e+00
-5.92290089784e+00
-5.94266001043e+00
-5.93183241147e+00
-5.96957553339e+00
-5.94621203294e+00
-5.94600124274e+00
-5.90898985692e+00
-5.96058592050e+00
-5.94262593365e+00
-5.94362188317e+00
-5.96234951504e+00
-5.94426293279e+00
-5.92442795834e+00
-5.96676333953e+00
-5.94635315781e+00
-5.93931604223e+00
-5.92958329151e+00
-5.93044874029e+00
-5.94483464267e+00
-5.96654350726e+00
-5.94032230190e+00
-5.90287740375e+00
-5.94498605762e+00
-5.95448990252e+00
-5.93449546257e+00
-5.91966259665e+00
-5.93975298233e+00
-5.91932513952e+00
-5.95837827122e+00
-5.95719627353e+00
-5.92157067369e+00
-5.93537033658e+00
-5.92410832231e+00
-5.95571949360e+00
-5.94282760250e+00
-5.95191612268e+00
-5.93896580659e+00
-5.97345687695e+00
-5.95914449319e+00
-5.93571666689e+00
-5.94710048584e+00
-5.96935400387e+00
-5.93211758167e+00
-5.94823269414e+00
-5.97368325583e+00
-5.96966629364e+00
-5.93963853850e+00
-5.96785844427e+00
-5.92811771537e+00
-5.94142429634e+00
-5.91968991563e+00
-5.93654552963e+00
-5.95810910148e+00
-5.95130546785e+00
-5.94719417968e+00
-5.93959236785e+00
-5.95832986015e+00
-5.93814052052e+00
-5.97877745730e+00
-5.94324663028e+00
-5.93685606558e+00
-5.94636660691e+00
-5.95858923520e+00
-5.90312364151e+00
-5.96360594183e+00
-5.92736989814e+00
-5.93148039868e+00
-5.97058988208e+00
-5.93006621094e+00
-5.95076571168e+00
-5.94353027030e+00
-5.95558708202e+00
-5.96045286731e+00
-5.93564332378e+00
-5.97633846342e+00
-5.91726846488e+00
-5.94194015200e+00
-5.96537644732e+00
-5.95948053633e+00
-5.93887490262e+00
-5.95407813355e+00
-5.95460968277e+00
-5.95920852296e+00
-5.95290391483e+00
-5.95387352800e+00
-5.94146290739e+00
-5.92458395205e+00
-5.94209313166e+00
-5.93696459435e+00
-5.94955699213e+00
-5.92792355201e+00
-5.94868256360e+00
-5.96003964004e+00
-5.95701468976e+00
-5.94791299214e+00