-5.65395097491e+00
-5.64444352249e+00
-5.62783549875e+00
-5.69380723673e+00
-5.65964303001e+00
-5.61463238881e+00
-5.61580621076e+00
-5.63281507909e+00
-5.66691465907e+00
-5.67220870324e+00
-5.70047091929e+00
-5.63900664901e+00
-5.67554478625e+00
-5.65503999124e+00
-5.63742061844e+00
-5.68173044343e+00
-5.66088840660e+00
-5.65445360542e+00
-5.65922908086e+00
-5.66659734374e+00
-5.69311354639e+00
-5.66485256268e+00
-5.60089712889e+00
-5.65409840245e+00
-5.68581404414e+00
-5.70381256056e+00
-5.66154785199e+00
-5.69236965635e+00
-5.60953993114e+00
-5.63373426094e+00
-5.70332313704e+00
-5.67222844025e+00
-5.64342804244e+00
-5.65951740458e+00
-5.67773553481e+00
-5.68674604114e+00
-5.65800262232e+00
-5.66216812114e+00
-5.63736396586e+00
-5.65301293862e+00
-5.67383016159e+00
-5.65750075139e+00
-5.65416130343e+00
-5.64046433437e+00
-5.63540634676e+00
-5.63830877655e+00
-5.71314787566e+00
-5.65744035560e+00
-5.64865136648e+00
-5.70266824028e+00
-5.63613430270e+00
-5.66856598076e+00
-5.66074069255e+00
-5.65252824996e+00
-5.66246659183e+00
-5.65161406881e+00
-5.67584898460e+00
-5.66049388975e+00
-5.63071882222e+00
-5.66218972452e+00
-5.66820329165e+00
-5.66150544047e+00
-5.71917628448e+00
-5.65185018729e+00
-5.65500678316e+00
-5.64701739137e+00
-5.65827232203e+00
-5.67786433583e+00
-5.68929622587e+00
-5.62987121480e+00
-5.66236166054e+00
-5.66290715012e+00
-5.69208410808e+00
-5.67719737118e+00
-5.71215669528e+00
-5.62734608303e+00
-5.67085383876e+00
-5.64370089945e+00
-5.69286278719e+00
-5.67233811966e+00
-5.67195439240e+00
-5.67777851663e+00
-5.64712224609e+00
-5.66560063697e+00
-5.68108731928e+00
-5.70386494957e+00
-5.66921219125e+00
-5.69294420922e+00
-5.69264566827e+00
-5.67213115172e+00
-5.65423264210e+00
-5.69773540853e+00
-5.64702209745e+00
-5.67564432095e+00
-5.64671866833e+00
-5.62774761894e+00
-5.68279205524e+00
-5.67358329711e+00
-5.67463548993e+00
-5.63429028520e+00
-5.68444393889e+00
-5.67856144059e+00
-5.70046294528e+00
-5.67939992570e+00
-5.63197817110e+00
-5.69232178533e+00
-5.69282929314e+00
-5.65682898582e+00
-5.66114443411e+00
-5.66932525014e+00
-5.66211239677e+00
-5.68470187033e+00
-5.65243683967e+00
-5.67022169394e+00
-5.68262165832e+00
-5.68705946485e+00
-5.66514847416e+00
-5.67750436680e+00
-5.67058779098e+00
-5.65206375545e+00
-5.62433033321e+00
-5.66463964902e+00
-5.66719903344e+00
-5.66652695322e+00
-5.66272355339e+00
-5.67659192892e+00
-5.70738920913e+00
-5.61055390298e+00
-5.64393295707e+00
-5.65220706201e+00
-5.69005233901e+00
-5.65838215054e+00
-5.64064092621e+00
-5.65040306946e+00
-5.63523078442e+00
-5.66674539788e+00
-5.65346739925e+00
-5.64659006815e+00
-5.63955506228e+00
-5.62623300898e+00
-5.61675154409e+00
-5.64391522325e+00
-5.68795923862e+00
-5.65448858795e+00
-5.62123432231e+00
-5.66359552512e+00
-5.63547841816e+00
-5.70000690497e+00
-5.65240521456e+00
-5.65425335685e+00
-5.65544622513e+00
-5.64962696919e+00
-5.71493859849e+00
-5.73735981617e+00
-5.64095419143e+00
-5.63185288875e+00
-5.63458232647e+00
-5.70699464206e+00
-5.64750602168e+00
-5.66546698622e+00
-5.69223134394e+00
-5.64801009361e+00
-5.67569929275e+00
-5.66370569238e+00
-5.65368157078e+00
-5.67623861202e+00
-5.63005908283e+00
-5.68357431694e+00
-5.58963685431e+00
-5.68814383733e+00
-5.67598834588e+00
-5.67078466260e+00
-5.66905757328e+00
-5.64134160194e+00
-5.65759498018e+00
-5.65105184277e+00
-5.67088207204e+00
-5.66081844397e+00
-5.63292364524e+00
-5.68799561601e+00
-5.68134884568e+00
-5.68997373850e+00
-5.69867591508e+00
-5.65047697266e+00
-5.66458688355e+00
-5.62342814380e+00
-5.64821793424e+00
-5.66519233241e+00
-5.64397890904e+00
-5.66378516799e+00
-5.64054473390e+00
-5.63582657779e+00
-5.63976414320e+00
-5.63609048380e+00
-5.64232299399e+00
-5.65644462767e+00
-5.62902253635e+00
-5.62355275864e+00
-5.68229230267e+00
-5.66557036205e+00
-5.64510927783e+00
-5.66050525800e+00
-5.64561842356e+00
-5.66035430280e+00
-5.61648766888e+00
-5.63298704613e+00
-5.61997046646e+00
-5.66370135059e+00
-5.59119197670e+00
-5.70002834338e+00
-5.64217030171e+00
-5.67870490395e+00
-5.65517637457e+00
-5.65288254127e+00
-5.65561151335e+00
-5.69387600039e+00
-5.64014567410e+00
-5.64750785734e+00
-5.67776399045e+00
-5.65321433340e+00
-5.65407611604e+00
-5.63665125637e+00
-5.64438795938e+00
-5.62681147758e+00
-5.66141880115e+00
-5.66476013787e+00
-5.63776003772e+00
-5.65719464440e+00
-5.65852126846e+00
-5.65711581590e+00
-5.62781749733e+00
-5.65394350016e+00
-5.64890669127e+00
-5.68725700815e+00
-5.63968013399e+00
-5.65783237539e+00
-5.71735258020e+00
-5.68599240122e+00
-5.67047553368e+00
-5.68654277948e+00
-5.67930160412e+00
-5.70106324081e+00
-5.64727130591e+00
-5.68516460495e+00
-5.67976237986e+00
-5.67632459866e+00
-5.67107564490e+00
-5.67649411255e+00
-5.67276354194e+00
-5.66113917061e+00
-5.67259880645e+00
-5.63399969376e+00
-5.62956391062e+00
-5.66603194169e+00
-5.71580346052e+00
-5.68321229467e+00
-5.64039088055e+00
-5.64582548328e+00
-5.65300339729e+00
-5.67061428481e+00
-5.66970536590e+00
-5.66199083202e+00
-5.71579520592e+00
-5.69680708878e+00
-5.68854730973e+00
-5.65690222231e+00
-5.68416004641e+00
-5.67355446221e+00
-5.64816209873e+00
-5.63991043810e+00
-5.65391758853e+00
-5.63337162367e+00
-5.60955154061e+00
-5.66057852033e+00
-5.61437164701e+00
-5.66801683388e+00
-5.66730192622e+00
-5.69578871549e+00
-5.66575304621e+00
-5.68034233947e+00
-5.65310631665e+00
-5.64743468626e+00
-5.70739015516e+00
-5.65761712325e+00
-5.68768251812e+00
-5.68618340682e+00
-5.70110742421e+00
-5.68098952914e+00
-5.62933240577e+00
-5.67422683642e+00
-5.67446449868e+00
-5.65462785941e+00
-5.70595164928e+00
-5.64082779608e+00
-5.66314240629e+00
-5.63508582094e+00
-5.65641523749e+00
-5.66291495359e+00
-5.66858121327e+00
-5.64737830731e+00
-5.67361797495e+00
-5.68454344466e+00
-5.62409782708e+00
-5.60639252862e+00
-5.64463292009e+00
-5.67562010364e+00
-5.61685739659e+00
-5.66053231601e+00
-5.67222278475e+00
-5.67047805005e+00
-5.62886190080e+00
-5.64517239633e+00
-5.68621393535e+00
-5.66334684990e+00
-5.71929878121e+00
-5.66522893801e+00
-5.67187561751e+00
-5.64632583234e+00
-5.68414737331e+00
-5.71069311878e+00
-5.65706690948e+00
-5.64990087168e+00
-5.64534365305e+00
-5.65215506302e+00
-5.66029927268e+00
-5.63921701337e+00
-5.61797788954e+00
-5.64489087869e+00
-5.65257564360e+00
-5.71421267193e+00
-5.67253041085e+00
-5.66185093614e+00
-5.64515394885e+00
-5.67315466606e+00
-5.60660505394e+00
-5.64048097712e+00
-5.64798759666e+00
-5.66133307142e+00
-5.66548417724e+00
-5.67976224064e+00
-5.65223101085e+00
-5.64830126449e+00
-5.63518509228e+00
-5.66772578216e+00
-5.68612159479e+00
-5.67744091692e+00
-5.68598102291e+00
-5.68875351689e+00
-5.65819307745e+00
-5.68686881819e+00
-5.69460486248e+00
-5.65570530076e+00
-5.61174596405e+00
-5.69793529917e+00
-5.65673806750e+00
-5.66463516567e+00
-5.66591521227e+00
-5.68489820977e+00
-5.71057757524e+00
-5.64307581598e+00
-5.70765903810e+00
-5.64345410825e+00
-5.68474622523e+00
-5.68774421276e+00
-5.67052355518e+00
-5.61584197400e+00
-5.66022893787e+00
-5.59688214402e+00
-5.64405532866e+00
-5.67525167429e+00
-5.69265056561e+00
-5.66375772426e+00
-5.64520743628e+00
-5.66169149355e+00
-5.72133567144e+00
-5.62224217447e+00
-5.68649911552e+00
-5.63931848898e+00
-5.64759135795e+00
-5.68507679087e+00
-5.70352559746e+00
-5.64993966484e+00
-5.63487912106e+00
-5.67385035894e+00
-5.67088319729e+00
-5.60213071899e+00
-5.64878197054e+00
-5.64639875334e+00
-5.64669935888e+00
-5.66534421917e+00
-5.66021758544e+00
-5.64201767132e+00
-5.66044858588e+00
-5.66563377474e+00
-5.66529259071e+00
-5.67016857669e+00
-5.69122947543e+00
-5.67155839774e+00
-5.61861135718e+00
-5.68034482106e+00
-5.67457530189e+00
-5.63810321607e+00
-5.63648111734e+00
-5.61775111500e+00
-5.69275307152e+00
-5.68072996495e+00
-5.64518953052e+00
-5.64936174339e+00
-5.69216866748e+00
-5.62863920649e+00
-5.66441578512e+00
-5.63264478185e+00
-5.58954416225e+00
-5.61825631337e+00
-5.66393501580e+00
-5.65148177614e+00
-5.67294206004e+00
-5.68529601942e+00
-5.67429374577e+00
-5.64727540043e+00
-5.64997281794e+00
-5.65297078290e+00
-5.66220336469e+00
-5.63818102501e+00
-5.68108395443e+00
-5.65910637084e+00
-5.67291927588e+00
-5.67176828247e+00
-5.63457439152e+00
-5.71435765465e+00
-5.67958724944e+00
-5.65151876486e+00
-5.62767159519e+00
-5.66771861998e+00
-5.64769560601e+00
-5.68383926539e+00
-5.64963780953e+00
-5.63880782630e+00
-5.63351951276e+00
-5.63053510874e+00
-5.65342907825e+00
-5.69443429976e+00
-5.65139720008e+00
-5.67377602295e+00
-5.63478547231e+00
-5.68195334636e+00
-5.68854569656e+00
-5.64892349773e+00
-5.66895153721e+00
-5.66767214076e+00
-5.67982875340e+00
-5.64572740266e+00
-5.64080337144e+00
-5.66729635751e+00
-5.64035299459e+00
-5.67512916003e+00
-5.69734855523e+00
-5.65125424829e+00
-5.62995690613e+00
-5.64465133120e+00
-5.70719837102e+00
-5.65715598400e+00
-5.64919798815e+00
-5.69882956284e+00
-5.64077758228e+00
-5.68465269503e+00
-5.68395394407e+00
-5.66549242339e+00
-5.65020152812e+00
-5.68407301230e+00
-5.66373128377e+00
-5.64237138205e+00
-5.67929939328e+00
-5.64511205489e+00
-5.66960825084e+00
-5.62322306344e+00
-5.65927970893e+00
-5.64226610732e+00
-5.68589096145e+00
-5.69476985796e+00
-5.67419404923e+00
-5.66654317690e+00
-5.67937362513e+00
-5.70071734653e+00
-5.67522278424e+00
-5.63405811773e+00
-5.65771967414e+00
-5.67616824409e+00
-5.63220715189e+00
-5.63095752008e+00
-5.65463668667e+00
-5.64694647888e+00
-5.65784217852e+00
-5.66912620598e+00
-5.68087864713e+00
-5.66508256874e+00
-5.66776727908e+00
-5.64931424951e+00
-5.63190576784e+00
-5.64016719264e+00
-5.65983405936e+00