5.58927026577e+03
5.48596924573e+03
5.67489179503e+03
5.59923057439e+03
5.58752647710e+03
5.61118343748e+03
5.59856579279e+03
5.57843352901e+03
5.63844240985e+03
5.79493980568e+03
5.67231088757e+03
5.74092054146e+03
5.70371622040e+03
5.60244518885e+03
5.77356944403e+03
5.65486019790e+03
5.53839461076e+03
5.65457739851e+03
5.78372663933e+03
5.81765088148e+03
5.88942780749e+03
5.67333959629e+03
5.54531494692e+03
5.63098935330e+03
5.79919549808e+03
5.81967458330e+03
5.60392918635e+03
5.65874425052e+03
5.71026641833e+03
5.71397511707e+03
5.73002170915e+03
5.72469406176e+03
5.57855074181e+03
5.60750542495e+03
5.86349481601e+03
5.78677359394e+03
5.69835371666e+03
5.79103175619e+03
5.57304785789e+03
5.63736474219e+03
5.66647239993e+03
5.62366295556e+03
5.72413232524e+03
5.70998104860e+03
5.57799950996e+03
5.61967780227e+03
5.74382672248e+03
5.67385532314e+03
5.69215233914e+03
5.67418371411e+03
5.45677132265e+03
5.60449751336e+03
5.64845846647e+03
5.62170293328e+03
5.81024997963e+03
5.63148227297e+03
5.62676568118e+03
5.55893659043e+03
5.80879433289e+03
5.68277318019e+03
5.72275481414e+03
5.71782057370e+03
5.71830435827e+03
5.77995277052e+03
5.68886983074e+03
5.55844679131e+03
5.63645180024e+03
5.74580943936e+03
5.76841665568e+03
5.61357853448e+03
5.85876049051e+03
5.57465479663e+03
5.61844071734e+03
5.66992339630e+03
5.70765338013e+03
5.59435483836e+03
5.81068822291e+03
5.64487007480e+03
5.76061122935e+03
5.73252640220e+03
5.69829253199e+03
5.65145660282e+03
5.68880012281e+03
5.63596432927e+03
5.73793985286e+03
5.76063586233e+03
5.57022914007e+03
5.63652120120e+03
5.71264653654e+03
5.68425832803e+03
5.71234163754e+03
5.73717076384e+03
5.68700298751e+03
5.74827999333e+03
5.64752994520e+03
5.65923392173e+03
5.68898165167e+03
5.67757021280e+03
5.78938151444e+03
5.61267799577e+03
5.79753456326e+03
5.63070693113e+03
5.58054077018e+03
5.66453940865e+03
5.62575891405e+03
5.75115080987e+03
5.68228874468e+03
5.80876809188e+03
5.64716413301e+03
5.61022991424e+03
5.64448555475e+03
5.78830044451e+03
5.68758665363e+03
5.56770722485e+03
5.67805739168e+03
5.74276061079e+03
5.58075741687e+03
5.74622765052e+03
5.73021676038e+03
5.65644230561e+03
5.59026337396e+03
5.66939586060e+03
5.73362136998e+03
5.69324422493e+03
5.65936838676e+03
5.72117834540e+03
5.70801929345e+03
5.60548984376e+03
5.68481418237e+03
5.63767908049e+03
5.76470536870e+03
5.61352451666e+03
5.60147637069e+03
5.66411576854e+03
5.61451230535e+03
5.65544119947e+03
5.68183214222e+03
5.67801890619e+03
5.64727153820e+03
5.62679538216e+03
5.56183667719e+03
5.58233303819e+03
5.67027305795e+03
5.70481201439e+03
5.61334874274e+03
5.70210905637e+03
5.58722519731e+03
5.72993491551e+03
5.71093415169e+03
5.78268714524e+03
5.75802424577e+03
5.68594220108e+03
5.84791158292e+03
5.82648771913e+03
5.72800120210e+03
5.68316417040e+03
5.59928864614e+03
5.59587049791e+03
5.67364763249e+03
5.55633533331e+03
5.69548927351e+03
5.70998818830e+03
5.68351431231e+03
5.65815851702e+03
5.66691131673e+03
5.71789518941e+03
5.74655996617e+03
5.75698697498e+03
5.66554184754e+03
5.70865056530e+03
5.79950031137e+03
5.64108619778e+03
5.70192512301e+03
5.62644986802e+03
5.72212487501e+03
5.66349998237e+03
5.69640376882e+03
5.67208104747e+03
5.66415404634e+03
5.68478385702e+03
5.71109453311e+03
5.62619150444e+03
5.82200884551e+03
5.76420317602e+03
5.65862569767e+03
5.67598746084e+03
5.59239175466e+03
5.79289383864e+03
5.61604252432e+03
5.68140376760e+03
5.69317566870e+03
5.71171454615e+03
5.70542721251e+03
5.83935292122e+03
5.49791882239e+03
5.67556024045e+03
5.64457271513e+03
5.64334333482e+03
5.70234063073e+03
5.68656955465e+03
5.62202393959e+03
5.61188197842e+03
5.59471702237e+03
5.65250086358e+03
5.63400545423e+03
5.56442924853e+03
5.58458139428e+03
5.70992852099e+03
5.58374947886e+03
5.66739253659e+03
5.75997989838e+03
5.70007073513e+03
5.66663716058e+03
5.73684012840e+03
5.66879407149e+03
5.64990689974e+03
5.70816106003e+03
5.67775929377e+03
5.69635659276e+03
5.64981097204e+03
5.63398677434e+03
5.72753616760e+03
5.81078919090e+03
5.70255014208e+03
5.72203457746e+03
5.63712158550e+03
5.70010080468e+03
5.69371345605e+03
5.68306836738e+03
5.78118896783e+03
5.64344919017e+03
5.65233564660e+03
5.61863326617e+03
5.75524796956e+03
5.56448100987e+03
5.66118975149e+03
5.73695470714e+03
5.73652431582e+03
5.70104380620e+03
5.62807570491e+03
5.85238409057e+03
5.73721201038e+03
5.70874987635e+03
5.75949185196e+03
5.65686980680e+03
5.63489166801e+03
5.73020735423e+03
5.71233380205e+03
5.87003422529e+03
5.84828820041e+03
5.71329492629e+03
5.64330735657e+03
5.73076076171e+03
5.58193132195e+03
5.68542829720e+03
5.72256776058e+03
5.57861755135e+03
5.59586190865e+03
5.64952657517e+03
5.65666432379e+03
5.69951891585e+03
5.73047505514e+03
5.65446176124e+03
5.71672181083e+03
5.69277022689e+03
5.83142137894e+03
5.76552424916e+03
5.64174467845e+03
5.69494892073e+03
5.75415360905e+03
5.68290247376e+03
5.61810711952e+03
5.56648925434e+03
5.64061411595e+03
5.61969906989e+03
5.59061885108e+03
5.65097168908e+03
5.59164100219e+03
5.72186307066e+03
5.70903697560e+03
5.66327342820e+03
5.69253523937e+03
5.69177254645e+03
5.73557044032e+03
5.70191437490e+03
5.71989202056e+03
5.78063795414e+03
5.62426885669e+03
5.72866631600e+03
5.82599450064e+03
5.80614577978e+03
5.67045235220e+03
5.68791630707e+03
5.68071588761e+03
5.71867388687e+03
5.56919201285e+03
5.73198991557e+03
5.57830410706e+03
5.66129457212e+03
5.66190689936e+03
5.71445705100e+03
5.73115316117e+03
5.72353279013e+03
5.65296162297e+03
5.67467573285e+03
5.58257952762e+03
5.63720354033e+03
5.79659002060e+03
5.78796337906e+03
5.73274849003e+03
5.67262329766e+03
5.73250622011e+03
5.61513398822e+03
5.70156446455e+03
5.75517656917e+03
5.65937465380e+03
5.82199802809e+03
5.63128820068e+03
5.76522150637e+03
5.72684601692e+03
5.63452380041e+03
5.69746582201e+03
5.67461845700e+03
5.54706067046e+03
5.70433622285e+03
5.65365432645e+03
5.55315745761e+03
5.65335366196e+03
5.75971180076e+03
5.76722473904e+03
5.73345728326e+03
5.74343918578e+03
5.60139822634e+03
5.78403322404e+03
5.58182199427e+03
5.60079236383e+03
5.52738365648e+03
5.73359972119e+03
5.67135848913e+03
5.67107492371e+03
5.60313644684e+03
5.60934369684e+03
5.64316043769e+03
5.68241785246e+03
5.67879052943e+03
5.64718709821e+03
5.68113321983e+03
5.83508785627e+03
5.74715881106e+03
5.72578612950e+03
5.63763413438e+03
5.69208196290e+03
5.73220567503e+03
5.62665400162e+03
5.65831444208e+03
5.83110307764e+03
5.57340050183e+03
5.77646294011e+03
5.80090982229e+03
5.68243754373e+03
5.77137880470e+03
5.71721881097e+03
5.69206186426e+03
5.71074628319e+03
5.64202173611e+03
5.60553458846e+03
5.68688531153e+03
5.77578433870e+03
5.63479710127e+03
5.67959618807e+03
5.68589753836e+03
5.77698911996e+03
5.68467436188e+03
5.71526011681e+03
5.65255993749e+03
5.58891248598e+03
5.81802741964e+03
5.75510626600e+03
5.73153737657e+03
5.67434850573e+03
5.81526936437e+03
5.77556530388e+03
5.83883436871e+03
5.76002278447e+03
5.61579570736e+03
5.65332792164e+03
5.74488891634e+03
5.70306206723e+03
5.82581633828e+03
5.85023113858e+03
5.60599296892e+03
5.75928799598e+03
5.63468568617e+03
5.63898981901e+03
5.70604902048e+03
5.62305915951e+03
5.76363337129e+03
5.74561443807e+03
5.54842422190e+03
5.58519022279e+03
5.73134289289e+03
5.64301203996e+03
5.68985101298e+03
5.53135304965e+03
5.57717554372e+03
5.71187400894e+03
5.65814354649e+03
5.61172926125e+03
5.70831141322e+03
5.71937068557e+03
5.69865693328e+03
5.52624746347e+03
5.70728237329e+03
5.75506296051e+03
5.90545396779e+03
5.65109177577e+03
5.66493024000e+03
5.63394659037e+03
5.74873463064e+03
5.50360096777e+03
5.53365467532e+03
5.61601186706e+03
5.68334017444e+03
5.62620098613e+03
5.69836427516e+03
5.77368222254e+03
5.84579034949e+03
5.81139051701e+03
5.76801226729e+03
5.72351174594e+03
5.68778105146e+03
5.64182326651e+03
5.72092421348e+03
5.66201445767e+03
5.64362898227e+03
5.77331133150e+03
5.80929646369e+03
5.49960311573e+03
5.66861972688e+03
5.63977103411e+03
5.57505270690e+03
5.78848770981e+03
5.57460694535e+03
5.54970729501e+03
5.75664053329e+03
5.49240627382e+03
5.54338128506e+03
5.71930095334e+03
5.62918179450e+03
5.67216761192e+03
5.60830761615e+03
5.65374632053e+03
5.70770683620e+03
5.61033560915e+03
5.76704920522e+03
5.66152046522e+03
5.70831798225e+03
5.58752241650e+03
5.69052492821e+03
5.66988777248e+03
5.83752919590e+03
5.70493772444e+03
5.64654974195e+03
5.70304123749e+03
5.63854690957e+03
5.66140577751e+03
5.68888772543e+03
5.75656892557e+03
5.64581229749e+03
5.78038167788e+03
5.61070003772e+03
5.59308904231e+03
5.75084238720e+03
5.68431440623e+03
5.71391688544e+03
5.63972035522e+03
5.69367894558e+03
5.65555972998e+03
5.66318755577e+03
5.67764257541e+03
5.64303703467e+03
5.68142844305e+03
5.68069906741e+03
5.81422001801e+03
5.69850534772e+03
5.64544934378e+03
5.63670772854e+03
5.64556265555e+03
5.74197956912e+03
5.66943492697e+03
5.62680363421e+03
5.55155267083e+03
5.58070208280e+03
5.67163890149e+03
5.73136527986e+03
5.83507882548e+03
5.57018805293e+03
5.69038031959e+03
5.68551248536e+03
5.77618630597e+03
5.68226140402e+03