2.40362110670e+00
2.40711949043e+00
2.39027650783e+00
2.40468234957e+00
2.40031513144e+00
2.41093759035e+00
2.39000672979e+00
2.41957498044e+00
2.40140839686e+00
2.41291210661e+00
2.40775241297e+00
2.40832181642e+00
2.39939892490e+00
2.40164240745e+00
2.40208817122e+00
2.40803042637e+00
2.39630586211e+00
2.40188188924e+00
2.40897925114e+00
2.41205550335e+00
2.40001759838e+00
2.39683759137e+00
2.38991366109e+00
2.39011472947e+00
2.40089866260e+00
2.39684410334e+00
2.40956848113e+00
2.41725741577e+00
2.40285488464e+00
2.40240392302e+00
2.40526885207e+00
2.40538915638e+00
2.39604930711e+00
2.39306043359e+00
2.39609983546e+00
2.40432555781e+00
2.40659889024e+00
2.39541972816e+00
2.39340773668e+00
2.39676344232e+00
2.39389432440e+00
2.40437028340e+00
2.40825842124e+00
2.39160264636e+00
2.40573419342e+00
2.39547563520e+00
2.42773670786e+00
2.39855628427e+00
2.39876146084e+00
2.39584955556e+00
2.39223434973e+00
2.41622319497e+00
2.40189376057e+00
2.40313454201e+00
2.39527140908e+00
2.41257855941e+00
2.39385094135e+00
2.41304304513e+00
2.40302688083e+00
2.40503772948e+00
2.39391200218e+00
2.41207007900e+00
2.40629577428e+00
2.41185958909e+00
2.40761453351e+00
2.40471349061e+00
2.40065919443e+00
2.40941745571e+00
2.39456398092e+00
2.40729627201e+00
2.40434725392e+00
2.40223784847e+00
2.42126522923e+00
2.39332311116e+00
2.40000317265e+00
2.39863099214e+00
2.40406856745e+00
2.40511681242e+00
2.40724599209e+00
2.40706834323e+00
2.40492241992e+00
2.39546960665e+00
2.39797942451e+00
2.40276618745e+00
2.39967503444e+00
2.40370476759e+00
2.40673898265e+00
2.40764115103e+00
2.38618659490e+00
2.41878259661e+00
2.40868592589e+00
2.40111857954e+00
2.40349270329e+00
2.40771674281e+00
2.39683546030e+00
2.39709989716e+00
2.40404176949e+00
2.39452758108e+00
2.41090868259e+00
2.40664258235e+00
2.40693759900e+00
2.40405257361e+00
2.40219538919e+00
2.39474285115e+00
2.38669611905e+00
2.40506141486e+00
2.40422941448e+00
2.39437717269e+00
2.40393778059e+00
2.39887783102e+00
2.40269522556e+00
2.39271481567e+00
2.40519458648e+00
2.40826373600e+00
2.40245664373e+00
2.40638899349e+00
2.39784817252e+00
2.40164147437e+00
2.40407171421e+00
2.40813082861e+00
2.40181064476e+00
2.39229755159e+00
2.39192451724e+00
2.41401821405e+00
2.40877877495e+00
2.43075094477e+00
2.39548067587e+00
2.40599944041e+00
2.39325180264e+00
2.39762807078e+00
2.40070178901e+00
2.40430374807e+00
2.41531191474e+00
2.41017287826e+00
2.40554006117e+00
2.40246982423e+00
2.39830394861e+00
2.39613444378e+00
2.39092190651e+00
2.41124201274e+00
2.40295630290e+00
2.39834619459e+00
2.40185171531e+00
2.39157766573e+00
2.40199114655e+00
2.39424224981e+00
2.42303148395e+00
2.39861558626e+00
2.39105953495e+00
2.41587843634e+00
2.40117184334e+00
2.41524768097e+00
2.41172417210e+00
2.41328961246e+00
2.39931207079e+00
2.41155508425e+00
2.40546550362e+00
2.40267361040e+00
2.41429184521e+00
2.40210146500e+00
2.38098571987e+00
2.40477619161e+00
2.39892669928e+00
2.40990239494e+00
2.40569355780e+00
2.41449047055e+00
2.41687752574e+00
2.40631779603e+00
2.40433066933e+00
2.40678160413e+00
2.40282287079e+00
2.39845927374e+00
2.40149602591e+00
2.39898376258e+00
2.41691479575e+00
2.41110245731e+00
2.40673065830e+00
2.40246688173e+00
2.40204320156e+00
2.40747383225e+00
2.38549031499e+00
2.39261657381e+00
2.39426293228e+00
2.40619966009e+00
2.39637287169e+00
2.40232289220e+00
2.38898035730e+00
2.38736286482e+00
2.40340811034e+00
2.40078099816e+00
2.39381106971e+00
2.40414191246e+00
2.40192754802e+00
2.39544898679e+00
2.41024115044e+00
2.41831275446e+00
2.39660940732e+00
2.40015887049e+00
2.40231961635e+00
2.39566584511e+00
2.40834146599e+00
2.41514709167e+00
2.40562179975e+00
2.38093618688e+00
2.40301138969e+00
2.40684818006e+00
2.39762173843e+00
2.37977904026e+00
2.41354990963e+00
2.42455115349e+00
2.38879954398e+00
2.40353513950e+00
2.39491659384e+00
2.40211740293e+00
2.39962453646e+00
2.38637915511e+00
2.40138337010e+00
2.41351573457e+00
2.39613820595e+00
2.39600839340e+00
2.40008846827e+00
2.40304975061e+00
2.39396506551e+00
2.39995753591e+00
2.41287737659e+00
2.40882996871e+00
2.39474690929e+00
2.39764798099e+00
2.39241904390e+00
2.39975047665e+00
2.39317710014e+00
2.40722306152e+00
2.38896215523e+00
2.38803171363e+00
2.40941794582e+00
2.41071408421e+00
2.40406765414e+00
2.40095424866e+00
2.39551553486e+00
2.40783938176e+00
2.41268962986e+00
2.38843037231e+00
2.40053889571e+00
2.40368059792e+00
2.40006419221e+00
2.39723114295e+00
2.41158272395e+00
2.40846809339e+00
2.39688630065e+00
2.41118442398e+00
2.40788304721e+00
2.40933539106e+00
2.40634588723e+00
2.39776720446e+00
2.40601876674e+00
2.40583659917e+00
2.39444326924e+00
2.41446843828e+00
2.39790540884e+00
2.39458638731e+00
2.40378759776e+00
2.39385929986e+00
2.39946150566e+00
2.41111827513e+00
2.41312467354e+00
2.38958352536e+00
2.39723609627e+00
2.39924567663e+00
2.42041736982e+00
2.41245015071e+00
2.40519027425e+00
2.40802034846e+00
2.39198398479e+00
2.40774198251e+00
2.40453605779e+00
2.40258337249e+00
2.38946628499e+00
2.40640631002e+00
2.42180429371e+00
2.39362957834e+00
2.40832549232e+00
2.41929483213e+00
2.39721221917e+00
2.40040849577e+00
2.41340291906e+00
2.39501500661e+00
2.39349068637e+00
2.40922263757e+00
2.39321417209e+00
2.39865657738e+00
2.40037637141e+00
2.40521933414e+00
2.39286502748e+00
2.39850866838e+00
2.39899133927e+00
2.42526182961e+00
2.39624070225e+00
2.40248780643e+00
2.39900812683e+00
2.40499917128e+00
2.38678094572e+00
2.40744862142e+00
2.41310811751e+00
2.40685852326e+00
2.40897957771e+00
2.40359226717e+00
2.41390278546e+00
2.40871228260e+00
2.39896616474e+00
2.39988599496e+00
2.40212717362e+00
2.40935009179e+00
2.40238413658e+00
2.39746020856e+00
2.39776186497e+00
2.39612190385e+00
2.41043403482e+00
2.40723826123e+00
2.40086138043e+00
2.39293468251e+00
2.40415599500e+00
2.40725045144e+00
2.40976627623e+00
2.40249017924e+00
2.40609105412e+00
2.40834051134e+00
2.41783930749e+00
2.39151877587e+00
2.40244807033e+00
2.40712284249e+00
2.41316260654e+00
2.39547872822e+00
2.41666907020e+00
2.40747494343e+00
2.40325823090e+00
2.40586796769e+00
2.40085509457e+00
2.38963230459e+00
2.40108912655e+00
2.39953322760e+00
2.40784272147e+00
2.40982700263e+00
2.39307289535e+00
2.39482186386e+00
2.38873835156e+00
2.40385219860e+00
2.40013436061e+00
2.39474669444e+00
2.40659466302e+00
2.40600906749e+00
2.39681804607e+00
2.38712966267e+00
2.41414800294e+00
2.41780979196e+00
2.41833149619e+00
2.40424020495e+00
2.39032790295e+00
2.40962009426e+00
2.41518789204e+00
2.41376544440e+00
2.39448021305e+00
2.39517359967e+00
2.41113782218e+00
2.40419409828e+00
2.40239562474e+00
2.40004846659e+00
2.38994098888e+00
2.40026347213e+00
2.40977361767e+00
2.40650812866e+00
2.40701768827e+00
2.39602827555e+00
2.41280951937e+00
2.40830380493e+00
2.40204475394e+00
2.40095117437e+00
2.40340223967e+00
2.40524368489e+00
2.41260524471e+00
2.41670598899e+00
2.40063481145e+00
2.40630186900e+00
2.40883185596e+00
2.41129786930e+00
2.40687246584e+00
2.40611482935e+00
2.40438856715e+00
2.40037795576e+00
2.40808661894e+00
2.41278554190e+00
2.38309815453e+00
2.41474795200e+00
2.39777267170e+00
2.40689137211e+00
2.39832767727e+00
2.39546584422e+00
2.39633709203e+00
2.40823396740e+00
2.41011463943e+00
2.39019223600e+00
2.38916515991e+00
2.40770886287e+00
2.42225173876e+00
2.38762332298e+00
2.39946675154e+00
2.40410590078e+00
2.41625064597e+00
2.39575905138e+00
2.38719809542e+00
2.40568554216e+00
2.39551303062e+00
2.40995662003e+00
2.42416097750e+00
2.40277505307e+00
2.39522878491e+00
2.41116514949e+00
2.41377392884e+00
2.39951555845e+00
2.40131763694e+00
2.41836075682e+00
2.39827847954e+00
2.39098045599e+00
2.40057844707e+00
2.41071199504e+00
2.41933537363e+00
2.40897948128e+00
2.40618922320e+00
2.40270687258e+00
2.41117451612e+00
2.41465850984e+00
2.40571044282e+00
2.39916054394e+00
2.39864577597e+00
2.40542301347e+00
2.40267448698e+00
2.39835168630e+00
2.41920010869e+00
2.40115529808e+00
2.41348302284e+00
2.41640031143e+00
2.41435236103e+00
2.40919498095e+00
2.39905938359e+00
2.40172430914e+00
2.40694535078e+00
2.41882481589e+00
2.40450515548e+00
2.40245056156e+00
2.39985167837e+00
2.38868975903e+00
2.39798416712e+00
2.40684729205e+00
2.40757256001e+00
2.39773472945e+00
2.40158500837e+00
2.39513816553e+00
2.40888346833e+00
2.40979535557e+00
2.39761810227e+00
2.39584342031e+00
2.42082019409e+00
2.40837961337e+00
2.40284835367e+00
2.40099193699e+00
2.40705155367e+00
2.39665854260e+00
2.41096850119e+00
2.40175921155e+00
2.39902019288e+00
2.39732337059e+00
2.40238735597e+00
2.41036993903e+00
2.39874713147e+00
2.40250791577e+00
2.41396340618e+00
2.39796711600e+00
2.40185224158e+00
2.41117278381e+00
2.40412767774e+00
2.38887476266e+00
2.38331294733e+00
2.40134768108e+00
2.39480256153e+00
2.39254175991e+00
2.40492391698e+00
2.41093961577e+00
2.39900018393e+00
2.39610922424e+00
2.41526720657e+00
2.40553657373e+00
2.38188199467e+00
2.38929468036e+00
2.40463216545e+00
2.40224722207e+00
2.39067880187e+00
2.40767618772e+00
2.40414971588e+00
2.40759834462e+00
2.39179067451e+00
2.41278143998e+00
2.40206855148e+00