-2.97721722415e+00
-2.99956538430e+00
-2.90204580594e+00
-2.91282913424e+00
-3.03613057974e+00
-2.92291264472e+00
-2.98241042854e+00
-2.92961781980e+00
-2.88836505808e+00
-3.09609691617e+00
-3.00159833033e+00
-3.06628781752e+00
-2.87949162599e+00
-2.86323756154e+00
-2.95751284131e+00
-3.07017184580e+00
-2.96258148284e+00
-2.86764379905e+00
-2.87848236541e+00
-2.83397247397e+00
-2.89760244440e+00
-3.06179602382e+00
-2.89901250572e+00
-3.05422019787e+00
-2.94466426101e+00
-3.02924783812e+00
-2.92313936686e+00
-2.91603231762e+00
-2.85720806819e+00
-3.01085694266e+00
-3.03787740450e+00
-3.01649341396e+00
-2.88187410397e+00
-2.89760440489e+00
-3.01227994624e+00
-3.02908987835e+00
-2.87061242774e+00
-2.99063346289e+00
-2.91630378115e+00
-3.02026403784e+00
-2.99191105529e+00
-2.99689591696e+00
-2.93258050026e+00
-3.07198831602e+00
-3.03866023051e+00
-2.96370442184e+00
-3.05279113990e+00
-3.05998229989e+00
-2.83546771470e+00
-2.91706066979e+00
-2.89354820906e+00
-3.04741155011e+00
-2.94567933843e+00
-3.04308523793e+00
-3.07142543367e+00
-2.98130235580e+00
-3.00097066209e+00
-2.95846885473e+00
-2.96076934112e+00
-3.07737597544e+00
-3.01135678501e+00
-3.03506839772e+00
-2.91576521316e+00
-2.98029703132e+00
-2.81194230629e+00
-2.91433563760e+00
-2.94147927837e+00
-3.02452643355e+00
-2.96962974830e+00
-2.95328086103e+00
-3.03061450609e+00
-3.06455487027e+00
-2.89940727471e+00
-3.00986922165e+00
-2.88919776437e+00
-2.88127490259e+00
-3.00968625493e+00
-3.13712613018e+00
-2.92052793533e+00
-2.88517545054e+00
-2.90095984998e+00
-3.11803053222e+00
-2.95046430730e+00
-2.96864106945e+00
-2.90922737144e+00
-3.01921688891e+00
-2.91280327108e+00
-2.88478012526e+00
-3.01812882367e+00
-2.91572920640e+00
-2.97970754184e+00
-2.94223694392e+00
-2.95010544600e+00
-2.87123571221e+00
-2.92915238451e+00
-2.99282124086e+00
-2.99187984207e+00
-2.93143898362e+00
-3.03722162258e+00
-3.04031979802e+00
-3.05516739446e+00
-2.95904467259e+00
-3.03235130113e+00
-2.93218400820e+00
-3.10148645790e+00
-3.06293046526e+00
-2.96418996904e+00
-2.92104122627e+00
-3.00822695920e+00
-2.92186591506e+00
-2.94100064273e+00
-3.02229305514e+00
-3.07394732012e+00
-2.94649943005e+00
-2.95018695564e+00
-3.22249775825e+00
-2.85612631606e+00
-3.05739602349e+00
-3.07096872602e+00
-2.99281566698e+00
-2.87052503537e+00
-2.92807990382e+00
-2.95143339978e+00
-2.96127657584e+00
-2.96591007228e+00
-2.95081014960e+00
-2.97633791255e+00
-2.89565393453e+00
-2.92657191667e+00
-2.97322054482e+00
-2.98309158616e+00
-2.95378181410e+00
-2.93427310472e+00
-2.95733203974e+00
-2.86457567288e+00
-2.90824314343e+00
-2.95564434654e+00
-2.91290511149e+00
-2.98620759742e+00
-2.98438132391e+00
-2.96780216166e+00
-2.88630817979e+00
-2.93198135138e+00
-3.01892947707e+00
-3.02685459256e+00
-2.95070934322e+00
-2.97489129252e+00
-2.99027243027e+00
-2.92459245933e+00
-2.94350835536e+00
-2.87671793531e+00
-2.80844971333e+00
-2.90404971770e+00
-2.92466063321e+00
-3.02946767014e+00
-2.92937017871e+00
-3.02663077977e+00
-2.86708283342e+00
-2.89585676094e+00
-3.00106031360e+00
-3.00267270138e+00
-2.98983796717e+00
-3.02511869619e+00
-3.08213444717e+00
-2.85327478902e+00
-3.06630111377e+00
-2.88664958433e+00
-2.87924732353e+00
-2.93720073521e+00
-3.02760413752e+00
-3.03804604101e+00
-3.00312365821e+00
-2.97269513346e+00
-2.94507501117e+00
-3.01804725680e+00
-3.00285374560e+00
-2.81444244770e+00
-3.08633502835e+00
-3.02031620705e+00
-2.80542726568e+00
-2.96543359335e+00
-2.90415132058e+00
-3.03256566435e+00
-3.10385188834e+00
-3.07497150279e+00
-2.83527568303e+00
-3.01631080391e+00
-2.96158727486e+00
-3.00822346844e+00
-2.87498234595e+00
-2.99102166647e+00
-3.02458019441e+00
-3.00615104052e+00
-3.04443924982e+00
-2.98999885554e+00
-3.06503445079e+00
-2.99394493290e+00
-2.97919340206e+00
-3.01479913358e+00
-2.98142248658e+00
-2.82767422678e+00
-2.90663089574e+00
-2.93018485938e+00
-2.96255277052e+00
-3.03120187512e+00
-2.99784327680e+00
-2.86590145495e+00
-2.98123251009e+00
-2.97360719373e+00
-3.03422018333e+00
-3.03225822515e+00
-2.93308260250e+00
-3.00212691826e+00
-2.92862411515e+00
-3.05644292994e+00
-2.95106602708e+00
-2.90315832277e+00
-3.09230440938e+00
-2.92930157412e+00
-3.04586830902e+00
-2.87703544365e+00
-2.93309941069e+00
-2.94011390145e+00
-2.91104382315e+00
-3.03045377414e+00
-2.90602224559e+00
-3.05118920227e+00
-2.99428407220e+00
-2.81355496978e+00
-2.91375163984e+00
-2.97662102503e+00
-3.04243700698e+00
-2.88185344955e+00
-2.91774495245e+00
-3.05641243111e+00
-2.94771692677e+00
-2.97533690914e+00
-2.90983959939e+00
-3.02841079528e+00
-2.89730449381e+00
-2.88959317666e+00
-2.94046253735e+00
-2.89078477229e+00
-2.93692476018e+00
-2.96525694385e+00
-2.91237931419e+00
-2.99316232356e+00
-3.03939733650e+00
-3.00737570698e+00
-3.05787545172e+00
-2.93173001146e+00
-2.94552139537e+00
-2.94975782905e+00
-2.89293358814e+00
-2.95052787927e+00
-2.94654191865e+00
-2.98458806662e+00
-2.88181804546e+00
-2.96057500465e+00
-2.95572073524e+00
-2.91794088728e+00
-2.85580329205e+00
-3.02101822219e+00
-3.01678618376e+00
-2.96112994226e+00
-3.02512380451e+00
-3.02411050253e+00
-3.02189687907e+00
-3.06482041770e+00
-3.08173845801e+00
-3.06547163916e+00
-2.90127393339e+00
-2.91018095635e+00
-2.99368193850e+00
-3.00485969204e+00
-2.92840240310e+00
-2.95079163442e+00
-2.99295211922e+00
-3.05870079508e+00
-2.93387547418e+00
-3.02831042491e+00
-2.98358507447e+00
-2.98631828995e+00
-3.03907547851e+00
-3.02328227498e+00
-3.03503303295e+00
-2.99316213738e+00
-2.99766712692e+00
-2.92230433176e+00
-2.88071661113e+00
-2.97624878395e+00
-3.04019468244e+00
-2.92816300550e+00
-3.01112898494e+00
-2.83396129156e+00
-2.99355044687e+00
-2.99281442060e+00
-2.84138697116e+00
-2.89993577577e+00
-2.89903318016e+00
-2.94049287923e+00
-2.92941006848e+00
-2.92356969351e+00
-2.96414967401e+00
-3.04875565011e+00
-2.92467616442e+00
-2.93483292525e+00
-2.92198389935e+00
-2.98962124795e+00
-2.96926151992e+00
-3.05104051732e+00
-2.97441120385e+00
-2.89031004462e+00
-2.90656028362e+00
-2.90271382880e+00
-2.96908774442e+00
-3.02507010788e+00
-3.01689870036e+00
-2.94737977148e+00
-3.01165518101e+00
-2.88621302048e+00
-2.92845077073e+00
-2.91142684053e+00
-2.92897831609e+00
-3.04540863400e+00
-2.94633384143e+00
-3.00128967593e+00
-3.01360510452e+00
-3.01375127285e+00
-2.91391682857e+00
-2.93774355851e+00
-3.01323913611e+00
-3.01293298543e+00
-3.03137187760e+00
-2.89720727148e+00
-2.96290708001e+00
-2.98086577649e+00
-2.85673955433e+00
-3.03442232747e+00
-2.92672054086e+00
-3.00616011614e+00
-2.99663329548e+00
-2.85629100667e+00
-2.99785486996e+00
-2.89643106769e+00
-3.03769732682e+00
-2.92804989438e+00
-2.96120277492e+00
-3.00245293933e+00
-2.97063124186e+00
-2.89707018163e+00
-2.88344441647e+00
-2.96441564996e+00
-2.98878509024e+00
-2.98199684607e+00
-3.04700554335e+00
-3.04053913954e+00
-2.97990777125e+00
-2.90008963864e+00
-2.95122241024e+00
-3.01514212231e+00
-2.92942184493e+00
-2.86271214158e+00
-2.94730523498e+00
-2.95746934937e+00
-2.93090434308e+00
-3.00331612113e+00
-2.92196680048e+00
-2.95194336691e+00
-3.02020708123e+00
-2.85972159613e+00
-3.04567941478e+00
-2.94476777424e+00
-3.04071395101e+00
-2.87830343908e+00
-2.97357187540e+00
-3.05037576926e+00
-3.07296955713e+00
-2.90694545121e+00
-2.90151132466e+00
-2.86518364799e+00
-2.85481706244e+00
-3.04897460600e+00
-2.92553388682e+00
-2.98983457504e+00
-2.95092363586e+00
-2.97666700557e+00
-2.97939974293e+00
-3.04279839338e+00
-3.14352016000e+00
-2.88212513863e+00
-2.92908534425e+00
-2.96843201407e+00
-2.92349713262e+00
-2.94450317211e+00
-2.92488897441e+00
-3.01813684068e+00
-2.99269509696e+00
-2.94305079645e+00
-3.02083917452e+00
-2.95276642771e+00
-3.07452095300e+00
-3.01798380945e+00
-2.97722939479e+00
-2.98043605960e+00
-3.00593617492e+00
-2.97698179339e+00
-2.92917264449e+00
-3.03660999271e+00
-2.84312719653e+00
-3.11012598871e+00
-2.89448128858e+00
-2.88511900305e+00
-2.88936701741e+00
-3.17850859157e+00
-2.97245508333e+00
-2.90043537259e+00
-2.96959922006e+00
-2.87707108865e+00
-3.02539724339e+00
-2.88201469958e+00
-2.97161928428e+00
-2.89974167935e+00
-2.94859643746e+00
-2.91123032134e+00
-2.95585335660e+00
-3.07214144587e+00
-2.96158401749e+00
-3.01920618706e+00
-2.94483920923e+00
-2.91960452577e+00
-3.15752105404e+00
-2.96539197026e+00
-2.91721007350e+00
-2.95079667206e+00
-3.02877352236e+00
-2.94763836139e+00
-2.86605436215e+00
-2.98597410672e+00
-3.01936219762e+00
-2.95061612964e+00
-3.07342958819e+00
-2.90548369595e+00
-2.90753732431e+00
-2.98229175214e+00
-2.97781943504e+00
-2.93128433241e+00
-2.92471502401e+00
-3.02674501980e+00
-2.89135957392e+00
-2.94226869133e+00
-2.82974118613e+00
-2.99828876501e+00
-3.06209098645e+00
-3.06880800311e+00
-3.03022922294e+00
-2.96012610465e+00
-2.96773188960e+00
-2.89269599637e+00
-2.92624941320e+00
-2.95571425009e+00
-3.00009361836e+00
-3.10550685920e+00
-3.07710461532e+00
-2.87211232146e+00
-3.03453534962e+00
-2.80942362143e+00
-2.91323629313e+00
-3.05840226925e+00
-3.00416199593e+00
-3.16115947539e+00
-3.03844532219e+00
-3.00707526076e+00
-3.03420067358e+00
-2.96938677342e+00
-2.85966681269e+00
-3.06573485991e+00
-3.07769871906e+00
-3.01889649949e+00
-2.90486413568e+00
-2.95793030082e+00
-2.95625727853e+00
-3.06815389934e+00
-3.15654092184e+00
-2.89821584378e+00
-2.90886701304e+00
-2.91567762379e+00
-3.02142529266e+00
-3.04511062316e+00
-2.95548914514e+00
-2.93341890744e+00
-2.90778244788e+00
-3.00370886851e+00
-2.91542970669e+00
-2.92763905757e+00
-2.88199149088e+00
-2.96828909790e+00
-2.96557075884e+00
-2.91014776197e+00
-3.07651485703e+00
-2.96515271342e+00