1.40984210527e+00
1.38823032394e+00
1.38117787178e+00
1.37072885710e+00
1.33881296191e+00
1.40060850355e+00
1.39688322049e+00
1.30870973412e+00
1.38631715051e+00
1.37143451994e+00
1.35589038933e+00
1.42018285071e+00
1.39684417013e+00
1.35734300816e+00
1.40002988495e+00
1.35867708631e+00
1.38311855187e+00
1.33322341011e+00
1.35446850146e+00
1.37222065543e+00
1.34212573257e+00
1.41955672691e+00
1.37580766048e+00
1.37176842703e+00
1.41505227420e+00
1.34364250072e+00
1.40596241767e+00
1.42717518188e+00
1.33277428352e+00
1.35347188122e+00
1.40407029954e+00
1.36465002387e+00
1.37092320556e+00
1.39398541570e+00
1.36625142663e+00
1.41391134939e+00
1.38640929003e+00
1.37805333100e+00
1.37809457836e+00
1.42404887118e+00
1.36728028898e+00
1.42036092313e+00
1.36293269309e+00
1.37593840940e+00
1.35338842439e+00
1.38307489669e+00
1.32576954749e+00
1.36863241662e+00
1.37906417130e+00
1.37145339040e+00
1.35866225164e+00
1.37375986954e+00
1.38830568672e+00
1.36107976901e+00
1.33207433148e+00
1.39584477225e+00
1.34167687935e+00
1.32749091334e+00
1.35812581717e+00
1.40073010684e+00
1.37896660058e+00
1.36475769629e+00
1.32735749895e+00
1.32003785906e+00
1.37774006969e+00
1.41604250057e+00
1.33664792056e+00
1.36059051641e+00
1.42269119875e+00
1.34494540403e+00
1.34237981062e+00
1.38264813228e+00
1.37213103173e+00
1.36548072539e+00
1.31461125151e+00
1.38800499985e+00
1.38665699246e+00
1.31200581918e+00
1.37949764152e+00
1.34613243150e+00
1.43077291237e+00
1.37306898384e+00
1.38840856810e+00
1.38023898858e+00
1.35543398207e+00
1.38304542096e+00
1.39833714958e+00
1.31894119778e+00
1.38674390491e+00
1.36269486599e+00
1.37671798480e+00
1.39951447112e+00
1.40160766344e+00
1.36210076137e+00
1.41322312628e+00
1.32140181144e+00
1.39286135196e+00
1.34160868766e+00
1.41871162760e+00
1.35757349295e+00
1.40783819341e+00
1.37682148059e+00
1.41662649158e+00
1.37364336979e+00
1.39286306621e+00
1.35638184474e+00
1.42462731800e+00
1.35786767427e+00
1.37225301232e+00
1.37664290573e+00
1.36650285441e+00
1.39233646220e+00
1.38240658876e+00
1.39740572272e+00
1.41816075299e+00
1.39375489480e+00
1.36935579834e+00
1.40421842441e+00
1.34225863742e+00
1.35133331421e+00
1.36094538022e+00
1.39181651161e+00
1.37762848033e+00
1.43099917871e+00
1.35732738263e+00
1.37793385480e+00
1.36775359498e+00
1.39292440332e+00
1.37743699505e+00
1.36478232265e+00
1.35231638978e+00
1.42189360331e+00
1.35926859584e+00
1.38377119174e+00
1.36815854668e+00
1.37138874315e+00
1.42338510528e+00
1.39463069260e+00
1.33137500385e+00
1.36252024614e+00
1.35893269107e+00
1.38418507793e+00
1.38682628867e+00
1.36599930908e+00
1.31662201365e+00
1.33586849820e+00
1.37563836266e+00
1.42259248412e+00
1.38028198434e+00
1.40494278604e+00
1.34040843951e+00
1.40511662795e+00
1.36679903190e+00
1.35444130219e+00
1.33558459720e+00
1.38890238345e+00
1.36088449015e+00
1.39988279017e+00
1.38111494403e+00
1.35649445645e+00
1.38495167176e+00
1.36970142454e+00
1.39706958627e+00
1.43415424367e+00
1.36869450263e+00
1.42327093857e+00
1.34236010304e+00
1.38011527762e+00
1.37421277161e+00
1.39985362005e+00
1.35034189737e+00
1.40636286367e+00
1.38389286096e+00
1.38891248464e+00
1.38863063583e+00
1.34053420402e+00
1.39946474370e+00
1.34173887768e+00
1.39502247881e+00
1.36671013662e+00
1.42122224807e+00
1.37545612954e+00
1.38417383522e+00
1.35697417831e+00
1.36705264371e+00
1.38911476298e+00
1.37894837638e+00
1.37915863316e+00
1.39538611947e+00
1.34397562348e+00
1.37331317367e+00
1.40207521974e+00
1.35652130214e+00
1.38418740604e+00
1.39094053570e+00
1.39256677780e+00
1.38609766999e+00
1.38915390566e+00
1.39702962999e+00
1.37322813390e+00
1.34600443883e+00
1.42860826074e+00
1.39044137607e+00
1.36354219991e+00
1.39606505086e+00
1.40546188276e+00
1.38826140069e+00
1.32048719046e+00
1.37439183330e+00
1.37549366891e+00
1.32196465025e+00
1.35971551610e+00
1.35177217911e+00
1.37033305027e+00
1.37255349696e+00
1.37673163158e+00
1.39381152149e+00
1.39293351082e+00
1.38610876380e+00
1.37787557199e+00
1.38621476369e+00
1.36841848230e+00
1.35003334947e+00
1.35529449922e+00
1.38294152438e+00
1.38507288352e+00
1.39917656542e+00
1.38461080339e+00
1.38701788673e+00
1.34708156754e+00
1.35558845568e+00
1.39793004691e+00
1.35562775318e+00
1.35535380101e+00
1.37024317313e+00
1.39169027881e+00
1.38381836872e+00
1.38144761134e+00
1.37500807462e+00
1.37735836564e+00
1.38941655764e+00
1.38979725635e+00
1.40135802301e+00
1.37375286189e+00
1.38824426140e+00
1.38259142686e+00
1.37085269334e+00
1.42361365513e+00
1.34062895899e+00
1.38485360236e+00
1.38935172821e+00
1.34107546111e+00
1.36430549095e+00
1.38253868338e+00
1.40459476378e+00
1.38970426556e+00
1.37557640011e+00
1.36333901024e+00
1.39228399289e+00
1.37168600566e+00
1.35309389138e+00
1.35121998618e+00
1.39409018622e+00
1.37743603487e+00
1.34857235110e+00
1.33193412607e+00
1.33700563017e+00
1.38916714939e+00
1.37049142278e+00
1.33279726356e+00
1.38295322345e+00
1.42088445966e+00
1.38953816897e+00
1.39609555937e+00
1.37379694305e+00
1.41012485165e+00
1.36158142990e+00
1.38426071768e+00
1.34909782271e+00
1.33289555791e+00
1.39784395563e+00
1.36882296483e+00
1.40643997619e+00
1.36775704640e+00
1.38528485084e+00
1.34727557338e+00
1.37517284092e+00
1.39943140621e+00
1.40398201784e+00
1.38341979397e+00
1.36388175603e+00
1.35277896295e+00
1.39117495333e+00
1.37191782828e+00
1.39766032969e+00
1.40403731102e+00
1.38372316236e+00
1.39311301442e+00
1.42242521859e+00
1.39530134032e+00
1.38353066269e+00
1.37465513895e+00
1.39384544570e+00
1.38066046156e+00
1.35613745747e+00
1.36959244834e+00
1.38658137798e+00
1.33988350399e+00
1.38612115870e+00
1.38218501057e+00
1.38087932393e+00
1.36668853041e+00
1.37182901213e+00
1.38947293633e+00
1.39979806153e+00
1.40606545304e+00
1.35310782720e+00
1.41638873205e+00
1.37004872896e+00
1.37945597968e+00
1.38087003505e+00
1.39272380019e+00
1.33617606741e+00
1.40830305802e+00
1.39514397683e+00
1.38044252887e+00
1.36243026257e+00
1.39947189645e+00
1.36936482821e+00
1.37456340223e+00
1.37041551524e+00
1.36569305067e+00
1.37311653628e+00
1.39265375858e+00
1.35645100176e+00
1.36819095671e+00
1.33432326110e+00
1.36773847419e+00
1.40006068190e+00
1.37160951418e+00
1.37414962242e+00
1.37462032753e+00
1.38334002621e+00
1.35454680787e+00
1.36956311800e+00
1.40545512413e+00
1.33299068630e+00
1.39086379006e+00
1.40424355492e+00
1.45760621722e+00
1.40093446554e+00
1.43659651703e+00
1.33783135293e+00
1.34738396322e+00
1.35367336020e+00
1.33674631049e+00
1.41876458678e+00
1.35884566736e+00
1.39291963586e+00
1.35628002868e+00
1.40196782887e+00
1.35104096658e+00
1.38882841712e+00
1.37333851540e+00
1.35310115271e+00
1.36821067854e+00
1.38402991388e+00
1.36353541688e+00
1.37720298061e+00
1.37319036237e+00
1.36573895050e+00
1.36661153636e+00
1.36711893130e+00
1.40141700825e+00
1.37376189517e+00
1.36183563614e+00
1.36684164156e+00
1.36744371655e+00
1.37871876644e+00
1.42009877811e+00
1.37051493850e+00
1.39814838882e+00
1.33724649209e+00
1.33527104337e+00
1.41945990985e+00
1.35285794074e+00
1.31980031740e+00
1.39611518113e+00
1.39064671395e+00
1.36661095875e+00
1.40328089153e+00
1.37737466715e+00
1.40546162570e+00
1.35609026003e+00
1.37792486666e+00
1.36701573515e+00
1.32280089817e+00
1.38239212913e+00
1.36533433715e+00
1.45428948389e+00
1.38614383640e+00
1.39324086781e+00
1.35962510522e+00
1.39976053465e+00
1.34302772649e+00
1.38355857510e+00
1.34568079654e+00
1.36298484643e+00
1.41889940117e+00
1.37402779020e+00
1.38447857336e+00
1.32671247697e+00
1.33898427941e+00
1.35448069338e+00
1.31417257823e+00
1.39438325375e+00
1.39665948683e+00
1.39874048118e+00
1.38758988465e+00
1.37035125362e+00
1.38082101560e+00
1.38563610189e+00
1.41402250964e+00
1.41926111804e+00
1.40489103212e+00
1.39038789188e+00
1.36904700209e+00
1.33520224585e+00
1.34765113131e+00
1.38682395774e+00
1.38730660089e+00
1.38678420504e+00
1.37539952311e+00
1.36358000169e+00
1.34393899661e+00
1.37105904799e+00
1.38157556996e+00
1.32005137269e+00
1.31956239237e+00
1.35313101974e+00
1.36136193815e+00
1.31756749269e+00
1.37092855816e+00
1.35394758655e+00
1.40299204397e+00
1.44108511660e+00
1.35481768593e+00
1.36676729774e+00
1.36389969827e+00
1.37777333227e+00
1.36098552034e+00
1.34617789496e+00
1.35309966973e+00
1.41806672210e+00
1.36907948249e+00
1.38281620668e+00
1.37647198213e+00
1.35946374166e+00
1.42335785066e+00
1.35544067748e+00
1.37492472493e+00
1.34954330425e+00
1.40611799813e+00
1.42040233671e+00
1.41460147512e+00
1.37749165237e+00
1.37987165373e+00
1.40201494687e+00
1.44621782288e+00
1.41310821934e+00
1.41120514317e+00
1.40065012061e+00
1.35974493124e+00
1.37383515581e+00
1.40035182877e+00
1.32331621098e+00
1.38619997265e+00
1.37925127054e+00
1.35584287183e+00
1.37166246304e+00
1.39862437445e+00
1.39405045110e+00
1.40205576772e+00
1.33210324677e+00
1.37494985881e+00
1.41058048860e+00
1.41349510810e+00
1.37117737246e+00
1.38554218158e+00
1.35624919607e+00
1.42231243233e+00
1.36046394318e+00
1.41559362257e+00
1.35311305455e+00
1.35422926017e+00
1.36633631483e+00
1.38948065116e+00
1.38210849298e+00
1.36965132939e+00
1.35790167963e+00
1.37659514289e+00