6.55122315445e-01
6.53081213991e-01
6.58853711671e-01
6.56636744295e-01
6.43860064134e-01
6.49329313482e-01
6.62813316907e-01
6.57948694754e-01
6.52845191585e-01
6.58721277856e-01
6.52020555645e-01
6.58939344329e-01
6.56515469999e-01
6.57612704423e-01
6.58703739642e-01
6.56497256907e-01
6.42219429553e-01
6.44485456728e-01
6.38916496369e-01
6.45673833151e-01
6.46870523216e-01
6.51049193394e-01
6.42740859062e-01
6.42990271295e-01
6.43846449305e-01
6.58981857300e-01
6.48144327296e-01
6.54388446935e-01
6.57080427216e-01
6.74393489611e-01
6.63074322468e-01
6.62354880730e-01
6.48168628493e-01
6.44746480973e-01
6.51945413414e-01
6.40307259373e-01
6.55772933955e-01
6.41538582849e-01
6.55126433815e-01
6.53179648490e-01
6.47492365828e-01
6.36109829421e-01
6.55695520273e-01
6.51031603443e-01
6.47185993332e-01
6.36577022353e-01
6.39790000710e-01
6.44850825912e-01
6.43912314459e-01
6.51445097383e-01
6.40252351382e-01
6.46993970244e-01
6.35973296288e-01
6.48552697014e-01
6.32758249841e-01
6.45207513556e-01
6.62209053483e-01
6.51512667473e-01
6.50882433511e-01
6.53523902625e-01
6.42703697275e-01
6.55800946412e-01
6.38550450119e-01
6.50822127668e-01
6.40916201874e-01
6.58576610432e-01
6.64742824050e-01
6.60895499261e-01
6.49831035532e-01
6.34568313833e-01
6.49614721873e-01
6.43700197417e-01
6.47189258111e-01
6.56531695144e-01
6.51830548895e-01
6.39457483572e-01
6.46283760457e-01
6.60297957888e-01
6.52126069954e-01
6.40885682893e-01
6.61276383404e-01
6.41012908440e-01
6.42291418974e-01
6.48600797650e-01
6.46308900358e-01
6.58568146399e-01
6.50035404615e-01
6.49296413960e-01
6.50518622585e-01
6.41842240530e-01
6.61812863906e-01
6.36464624513e-01
6.44611211765e-01
6.43956143887e-01
6.56460657631e-01
6.59796812201e-01
6.59994638081e-01
6.38044162124e-01
6.43063340839e-01
6.42619257720e-01
6.34632362976e-01
6.23734301801e-01
6.37285653794e-01
6.54038502221e-01
6.48446252701e-01
6.54831409320e-01
6.52107199788e-01
6.52413203384e-01
6.52364395475e-01
6.44286124951e-01
6.40051773467e-01
6.60948876436e-01
6.45299372754e-01
6.52412822040e-01
6.40504097349e-01
6.43552798544e-01
6.30698536946e-01
6.41896011073e-01
6.52768271538e-01
6.50259242361e-01
6.61308273433e-01
6.56969662487e-01
6.50363928085e-01
6.46319887142e-01
6.54462727648e-01
6.60235109207e-01
6.42083693401e-01
6.35532721652e-01
6.54946234936e-01
6.51102416319e-01
6.37116101909e-01
6.47760360411e-01
6.48746228917e-01
6.56822393458e-01
6.49313368776e-01
6.56263119030e-01
6.50935860766e-01
6.52554126929e-01
6.38877936327e-01
6.33202207741e-01
6.45448954523e-01
6.34044618533e-01
6.50680652516e-01
6.74797073742e-01
6.44878738837e-01
6.57571895710e-01
6.50756064090e-01
6.51665843986e-01
6.49834667448e-01
6.56765422857e-01
6.39518771480e-01
6.36120863653e-01
6.63658376350e-01
6.55656883981e-01
6.47417178139e-01
6.40450517838e-01
6.48595236829e-01
6.54486445810e-01
6.44843967477e-01
6.54473380683e-01
6.46656052038e-01
6.46561317427e-01
6.52002408033e-01
6.45757521195e-01
6.46595093431e-01
6.54729301613e-01
6.38323597821e-01
6.51335173764e-01
6.58340662146e-01
6.44798990395e-01
6.39448612325e-01
6.54200472413e-01
6.52575260820e-01
6.65271049262e-01
6.39564010941e-01
6.42409608895e-01
6.56256419733e-01
6.38635862965e-01
6.39423839398e-01
6.51808327284e-01
6.37930743351e-01
6.48395512526e-01
6.44776484836e-01
6.59238289283e-01
6.58355193125e-01
6.45620002303e-01
6.47227658426e-01
6.58565835073e-01
6.56247946908e-01
6.46412576188e-01
6.47313845860e-01
6.60712363584e-01
6.65716650033e-01
6.55077492822e-01
6.48999924850e-01
6.53952680655e-01
6.58103606423e-01
6.39279427709e-01
6.50766539008e-01
6.35309706464e-01
6.50955921901e-01
6.39189171070e-01
6.58423710496e-01
6.60409609555e-01
6.65951796347e-01
6.55619242201e-01
6.57788942185e-01
6.50924805398e-01
6.46972339151e-01
6.51626384631e-01
6.55502083449e-01
6.62544956936e-01
6.50327821774e-01
6.51317731876e-01
6.56562784040e-01
6.75240230553e-01
6.50474656270e-01
6.59450474370e-01
6.48895122990e-01
6.39419755549e-01
6.32995350048e-01
6.38418541311e-01
6.39324703802e-01
6.55723849331e-01
6.55575803811e-01
6.66197928815e-01
6.41989069605e-01
6.43196274366e-01
6.42263103930e-01
6.53198644951e-01
6.42154161748e-01
6.51157043471e-01
6.55933184969e-01
6.63860027386e-01
6.39234508306e-01
6.72963848825e-01
6.50178517256e-01
6.54802332007e-01
6.56003589363e-01
6.53211860296e-01
6.60945351074e-01
6.42742300096e-01
6.53244438810e-01
6.61550180667e-01
6.45344631673e-01
6.43140460474e-01
6.48219037364e-01
6.52359867607e-01
6.48746599628e-01
6.52019419698e-01
6.60153372163e-01
6.54014706220e-01
6.58149513364e-01
6.39359383866e-01
6.52868455539e-01
6.44965550487e-01
6.57407954488e-01
6.44453718015e-01
6.62234794155e-01
6.43369116855e-01
6.49268881121e-01
6.36277506755e-01
6.56969070926e-01
6.48238539014e-01
6.47407473264e-01
6.60533211665e-01
6.40554628840e-01
6.56895886942e-01
6.60888467163e-01
6.35379150532e-01
6.49945737430e-01
6.39911905339e-01
6.43291606673e-01
6.49000817146e-01
6.51691184735e-01
6.48259816168e-01
6.35212290580e-01
6.45380938532e-01
6.57643885858e-01
6.32804051853e-01
6.50273552977e-01
6.44110458588e-01
6.58277504505e-01
6.30461467114e-01
6.44976521841e-01
6.49020349707e-01
6.37897816805e-01
6.47206955531e-01
6.40291830479e-01
6.47270650706e-01
6.43128665544e-01
6.47429484208e-01
6.41251033105e-01
6.54611395236e-01
6.49463874895e-01
6.48936790951e-01
6.44831913979e-01
6.55749930578e-01
6.45090728323e-01
6.54329512607e-01
6.48709207496e-01
6.45885063454e-01
6.47810778195e-01
6.49005665084e-01
6.52537324479e-01
6.62735118332e-01
6.44820041563e-01
6.54253648778e-01
6.58300722467e-01
6.39460475423e-01
6.49398189783e-01
6.51088798171e-01
6.44823875252e-01
6.60446502115e-01
6.35474357595e-01
6.57504001983e-01
6.61799775158e-01
6.43610670996e-01
6.60551887921e-01
6.34897778546e-01
6.38576470684e-01
6.54085769498e-01
6.52701465136e-01
6.44536305436e-01
6.54116033874e-01
6.49345586322e-01
6.37360774900e-01
6.46487282539e-01
6.43101973031e-01
6.45010949235e-01
6.44681210291e-01
6.44456004033e-01
6.45376376361e-01
6.44402570983e-01
6.64140316431e-01
6.50980464039e-01
6.47975581187e-01
6.41476609341e-01
6.39596408306e-01
6.43157383633e-01
6.51342788359e-01
6.57744398036e-01
6.51157837062e-01
6.43695035466e-01
6.38904731374e-01
6.45547111635e-01
6.51331052413e-01
6.61869328046e-01
6.44524471327e-01
6.49788435008e-01
6.40184234889e-01
6.39245368206e-01
6.56330187931e-01
6.62157659329e-01
6.59976819106e-01
6.36484455644e-01
6.61043877780e-01
6.47264268335e-01
6.48026798898e-01
6.48861914261e-01
6.37635661697e-01
6.53413387271e-01
6.35366349731e-01
6.52515026065e-01
6.51577473681e-01
6.38311346775e-01
6.34492422305e-01
6.46581420415e-01
6.56638164760e-01
6.42831500543e-01
6.39174014985e-01
6.60998569813e-01
6.40471585911e-01
6.50518439425e-01
6.58116529615e-01
6.47161641368e-01
6.44092448636e-01
6.62945510748e-01
6.47608008740e-01
6.45879524481e-01
6.47485738488e-01
6.35972171995e-01
6.31509975628e-01
6.45991583125e-01
6.45351519854e-01
6.60111580241e-01
6.58396940838e-01
6.39754124991e-01
6.42729524411e-01
6.61124674030e-01
6.50347479177e-01
6.66844953396e-01
6.40961765557e-01
6.44489971726e-01
6.37465977666e-01
6.72423936568e-01
6.64835391905e-01
6.39147547949e-01
6.50207369219e-01
6.46052186238e-01
6.42020084089e-01
6.30746886413e-01
6.34324398268e-01
6.52580366425e-01
6.54589345478e-01
6.38433068305e-01
6.48848974380e-01
6.48071841569e-01
6.56110794889e-01
6.43468786333e-01
6.64317996033e-01
6.53708974496e-01
6.54065904035e-01
6.40180533424e-01
6.48163825655e-01
6.49412799899e-01
6.49171783060e-01
6.49686410527e-01
6.58831279771e-01
6.32680132927e-01
6.63008725901e-01
6.54015252957e-01
6.55810916855e-01
6.68168519324e-01
6.63808640725e-01
6.59494654635e-01
6.40587457931e-01
6.49487759683e-01
6.39751894293e-01
6.63505899409e-01
6.54737140907e-01
6.57762383282e-01
6.50714456783e-01
6.51673755296e-01
6.58268913454e-01
6.58821388640e-01
6.54333572504e-01
6.49092838881e-01
6.44568068014e-01
6.46552622629e-01
6.47603202700e-01
6.42232769272e-01
6.48084194640e-01
6.49224977642e-01
6.38857972622e-01
6.49477911420e-01
6.44884437381e-01
6.45906096072e-01
6.58099273116e-01
6.40778384025e-01
6.61149041588e-01
6.42908665773e-01
6.51365388486e-01
6.64440035570e-01
6.40116944715e-01
6.52660395353e-01
6.51563910214e-01
6.41295531718e-01
6.48483191824e-01
6.46520561946e-01
6.51865733570e-01
6.56403209876e-01
6.46123134156e-01
6.41502826667e-01
6.42220624829e-01
6.63532908846e-01
6.61460668353e-01
6.38982227756e-01
6.51038302215e-01
6.53981423926e-01
6.47321952996e-01
6.60689561287e-01
6.60882049023e-01
6.44100585746e-01
6.47382757966e-01
6.48611426843e-01
6.45685444252e-01
6.41978646019e-01
6.48848544254e-01
6.48747792354e-01
6.37229709461e-01
6.41440485310e-01
6.54224634620e-01
6.39696724675e-01
6.35695213902e-01
6.64441391506e-01
6.59396821195e-01
6.43187194254e-01
6.46744239998e-01
6.47483540624e-01
6.67289532558e-01
6.40073378969e-01
6.52700032008e-01
6.57273545607e-01
6.43990005607e-01
6.50198040593e-01
6.58174947429e-01
6.38650093537e-01
6.48163607388e-01
6.35982082104e-01
6.49651288648e-01