4.75343148918e-01
4.74038165527e-01
4.72528599591e-01
4.74157721087e-01
4.74245825691e-01
4.73501181217e-01
4.73050783061e-01
4.74650367586e-01
4.72513900569e-01
4.74495627214e-01
4.74584162522e-01
4.71667855464e-01
4.74779943217e-01
4.75328885176e-01
4.75372161075e-01
4.73025036906e-01
4.73282504940e-01
4.75025732153e-01
4.73342729314e-01
4.73494014559e-01
4.74135390211e-01
4.73157873557e-01
4.73674952258e-01
4.73466596276e-01
4.73735460302e-01
4.74342281241e-01
4.73902652408e-01
4.74395951493e-01
4.74265514134e-01
4.74690252215e-01
4.75439157706e-01
4.73762300865e-01
4.74107120415e-01
4.74013472561e-01
4.73540268316e-01
4.74282867652e-01
4.72641816238e-01
4.75783485934e-01
4.74620980257e-01
4.75661492351e-01
4.73525427999e-01
4.74513795703e-01
4.73175406593e-01
4.75961150917e-01
4.72714516747e-01
4.72935236139e-01
4.75777450315e-01
4.73394161657e-01
4.73721866470e-01
4.73732501266e-01
4.75240550050e-01
4.74393464454e-01
4.73330591957e-01
4.73685265513e-01
4.74376488432e-01
4.74330716688e-01
4.72033062157e-01
4.74549578622e-01
4.76403300138e-01
4.74432930045e-01
4.73550527749e-01
4.73703917972e-01
4.74226558495e-01
4.73209898751e-01
4.74139062525e-01
4.75283882453e-01
4.73849181140e-01
4.73855205270e-01
4.73686248585e-01
4.73545643851e-01
4.75401560244e-01
4.76810981658e-01
4.73895486241e-01
4.75732857112e-01
4.73983454163e-01
4.75007882850e-01
4.73538257712e-01
4.74076058617e-01
4.73345422290e-01
4.74144494005e-01
4.73593621248e-01
4.74228383476e-01
4.72540419248e-01
4.75254318279e-01
4.73261814846e-01
4.74481958980e-01
4.73680515547e-01
4.74413767784e-01
4.72181968496e-01
4.74102281811e-01
4.75109861452e-01
4.74544849790e-01
4.73329012700e-01
4.73396611819e-01
4.73477614695e-01
4.73857867836e-01
4.73682715945e-01
4.75601470716e-01
4.72970858319e-01
4.73573807337e-01
4.75104724759e-01
4.74472993207e-01
4.74323647208e-01
4.75424308032e-01
4.72275249997e-01
4.73117247167e-01
4.73558859586e-01
4.74219137576e-01
4.72939480009e-01
4.74387989129e-01
4.72433897633e-01
4.75523979988e-01
4.73257371809e-01
4.73878924306e-01
4.73793744575e-01
4.74054525139e-01
4.75639602978e-01
4.74073639393e-01
4.73233721800e-01
4.74244382550e-01
4.73766478477e-01
4.74053267352e-01
4.72836843100e-01
4.74308276210e-01
4.75059696855e-01
4.73297655717e-01
4.74969408052e-01
4.74876770953e-01
4.73786469742e-01
4.74576802126e-01
4.73241581464e-01
4.73824422579e-01
4.73619237221e-01
4.74050233381e-01
4.74634688615e-01
4.75708790616e-01
4.75489614641e-01
4.73356060147e-01
4.74719835237e-01
4.74750664555e-01
4.73180962428e-01
4.74162957628e-01
4.75127932063e-01
4.74793997944e-01
4.74868601358e-01
4.75156763999e-01
4.74082156703e-01
4.75276469697e-01
4.74837508995e-01
4.75063279774e-01
4.75150475521e-01
4.75256472515e-01
4.74114257776e-01
4.75182663346e-01
4.73310128980e-01
4.74397843461e-01
4.72736778134e-01
4.73773353234e-01
4.72973346757e-01
4.75215980852e-01
4.74322229726e-01
4.73460298938e-01
4.74327883074e-01
4.73856205025e-01
4.73691465986e-01
4.73187093969e-01
4.75447026097e-01
4.74234175298e-01
4.73514851355e-01
4.73918133233e-01
4.74320313178e-01
4.74182080410e-01
4.73770990621e-01
4.75416862168e-01
4.73880700955e-01
4.74072217959e-01
4.73622071399e-01
4.71963156415e-01
4.74529939722e-01
4.73016045548e-01
4.74970603701e-01
4.74405840900e-01
4.74433150659e-01
4.73754251551e-01
4.72564061492e-01
4.75608649952e-01
4.73232883661e-01
4.75263229059e-01
4.73289733560e-01
4.74754621140e-01
4.74504388387e-01
4.73136146104e-01
4.73417491929e-01
4.74596814550e-01
4.73186434946e-01
4.75409746538e-01
4.74967676255e-01
4.74704349966e-01
4.72589464866e-01
4.76408577135e-01
4.74720768181e-01
4.72748412702e-01
4.73751431959e-01
4.73593182316e-01
4.73276552574e-01
4.72693617878e-01
4.75523749393e-01
4.75429652395e-01
4.73920217153e-01
4.73945612418e-01
4.71927660452e-01
4.73580929344e-01
4.74222724103e-01
4.72739852571e-01
4.74401830994e-01
4.73546071700e-01
4.72725035219e-01
4.75023186638e-01
4.73733751515e-01
4.73930466170e-01
4.74015078875e-01
4.73575558267e-01
4.73978420849e-01
4.73147524433e-01
4.73187912522e-01
4.73678731235e-01
4.74346964990e-01
4.74935646958e-01
4.74006441487e-01
4.75602375724e-01
4.73598193963e-01
4.74448247479e-01
4.73840985089e-01
4.73899960214e-01
4.75307546628e-01
4.74254067575e-01
4.74873780589e-01
4.74116391922e-01
4.75251277917e-01
4.74383704520e-01
4.75098706281e-01
4.73778527542e-01
4.73649118500e-01
4.72951027661e-01
4.73770736262e-01
4.74045143929e-01
4.74584219963e-01
4.73931827805e-01
4.72092247997e-01
4.74212148464e-01
4.74523827058e-01
4.74573602235e-01
4.73345766536e-01
4.75026382803e-01
4.74016164968e-01
4.72913145522e-01
4.73441974646e-01
4.72759968537e-01
4.73490390158e-01
4.72402892357e-01
4.75527843570e-01
4.73764893393e-01
4.74414782948e-01
4.73898297770e-01
4.73529020423e-01
4.72857744831e-01
4.76423421039e-01
4.73487897580e-01
4.73741780449e-01
4.75618504589e-01
4.74908469191e-01
4.73014070868e-01
4.74385515198e-01
4.74089086533e-01
4.74591508511e-01
4.74452403109e-01
4.72644284087e-01
4.75120995286e-01
4.73291637518e-01
4.74443644935e-01
4.72896791061e-01
4.72026345795e-01
4.74417609693e-01
4.74180807815e-01
4.73523055677e-01
4.75447282488e-01
4.75148563026e-01
4.72435110420e-01
4.74124031717e-01
4.75180999924e-01
4.74325466515e-01
4.73556956016e-01
4.74493525607e-01
4.72407595536e-01
4.73647865227e-01
4.72011491427e-01
4.72732055313e-01
4.74950727554e-01
4.74911477310e-01
4.73286513279e-01
4.74694038184e-01
4.73167583789e-01
4.75461148164e-01
4.75759611929e-01
4.75308410118e-01
4.74025182918e-01
4.74342541730e-01
4.73119942084e-01
4.73063352672e-01
4.74448921163e-01
4.73512193169e-01
4.73142025347e-01
4.73630708533e-01
4.73040319956e-01
4.74877642333e-01
4.74535738949e-01
4.74254189897e-01
4.73981298898e-01
4.73303574091e-01
4.74495784870e-01
4.73570176790e-01
4.74663562613e-01
4.75370445698e-01
4.73066094330e-01
4.71906459558e-01
4.74040658419e-01
4.75465956599e-01
4.72444212290e-01
4.73551335491e-01
4.74889521869e-01
4.75887112953e-01
4.72608786371e-01
4.75870309772e-01
4.73583882249e-01
4.74890160292e-01
4.76006723735e-01
4.74909522477e-01
4.74545828227e-01
4.75418536794e-01
4.71980891294e-01
4.74091254802e-01
4.75931502681e-01
4.73588410713e-01
4.72590469419e-01
4.74513808119e-01
4.74126181630e-01
4.74331249426e-01
4.75220115737e-01
4.73855139525e-01
4.71512828267e-01
4.74699354215e-01
4.74292588349e-01
4.75307446172e-01
4.73402543697e-01
4.74543053973e-01
4.74035122607e-01
4.72125282070e-01
4.72889944802e-01
4.75493578414e-01
4.73954911105e-01
4.75797702080e-01
4.73881417630e-01
4.73537771042e-01
4.74977142971e-01
4.75203573726e-01
4.74231716187e-01
4.73592388092e-01
4.75679042309e-01
4.72974627688e-01
4.73591656890e-01
4.73738941261e-01
4.72589249972e-01
4.73465190327e-01
4.75086739878e-01
4.73518877527e-01
4.73946600042e-01
4.75339638789e-01
4.74392391669e-01
4.72774693717e-01
4.76132064032e-01
4.72257733168e-01
4.75325000887e-01
4.73965468666e-01
4.73773017658e-01
4.73139776980e-01
4.73712264365e-01
4.74106958617e-01
4.73149452986e-01
4.74537876315e-01
4.76034603585e-01
4.73411274947e-01
4.74069294838e-01
4.74997846473e-01
4.72422280427e-01
4.72455692671e-01
4.73088108994e-01
4.74666562483e-01
4.73548144182e-01
4.74603295777e-01
4.72988591993e-01
4.75773173585e-01
4.75706167832e-01
4.74673798404e-01
4.74072574629e-01
4.72817018075e-01
4.75047424823e-01
4.72389963491e-01
4.75453062842e-01
4.73527375957e-01
4.73932380714e-01
4.73950574774e-01
4.74273294380e-01
4.73486531399e-01
4.74459467591e-01
4.73132379796e-01
4.74133014818e-01
4.73639783403e-01
4.71580444258e-01
4.73879094079e-01
4.75593005395e-01
4.73716768481e-01
4.73314728750e-01
4.74711665242e-01
4.74895519536e-01
4.73689125148e-01
4.74366840799e-01
4.73974892272e-01
4.71783668547e-01
4.74678865548e-01
4.74980700894e-01
4.71931590289e-01
4.72331614493e-01
4.74853957228e-01
4.73515906864e-01
4.74467331338e-01
4.74506150951e-01
4.74312135431e-01
4.74993528765e-01
4.72935008940e-01
4.74579366883e-01
4.74096915489e-01
4.73476440892e-01
4.74494068537e-01
4.75030774566e-01
4.73387869433e-01
4.71916322682e-01
4.73343067402e-01
4.75069764359e-01
4.73019226096e-01
4.72604120436e-01
4.73968711799e-01
4.74701387088e-01
4.74386938894e-01
4.74707510847e-01
4.74971811082e-01
4.73358502492e-01
4.72766186413e-01
4.74727500133e-01
4.74878619401e-01
4.72438493173e-01
4.75938735824e-01
4.74103732768e-01
4.74508836097e-01
4.74278211039e-01
4.73819549459e-01
4.72638734048e-01
4.73592014627e-01
4.72401228899e-01
4.72310798794e-01
4.74551798235e-01
4.74513754279e-01
4.72418448449e-01
4.74620189151e-01
4.72792985560e-01
4.73773625636e-01
4.72696496767e-01
4.73437062167e-01
4.73331122727e-01
4.74301354910e-01
4.73476305072e-01
4.74236127763e-01
4.73588039026e-01
4.73684850754e-01
4.73559411773e-01
4.73515527152e-01
4.72680519061e-01
4.74116413083e-01
4.73689199425e-01
4.73906722247e-01
4.74480679613e-01
4.73783587210e-01
4.76843478215e-01
4.74404030633e-01
4.72640828720e-01
4.72982964131e-01
4.72629893999e-01
4.72919438890e-01
4.74968430297e-01
4.74446946966e-01
4.73827764562e-01
4.74015413173e-01