9.40153315828e-01
9.37488265564e-01
9.35233745938e-01
9.38987135828e-01
9.38293817466e-01
9.37843586967e-01
9.34225380105e-01
9.39342963519e-01
9.32437788484e-01
9.36195872728e-01
9.37988834474e-01
9.32063683330e-01
9.38095193977e-01
9.39066440860e-01
9.39445509500e-01
9.34209001853e-01
9.36196980374e-01
9.38469261317e-01
9.33874929852e-01
9.36849071924e-01
9.35909810819e-01
9.34390157759e-01
9.36591844406e-01
9.34892532511e-01
9.35253076254e-01
9.36252104748e-01
9.37312791330e-01
9.39158545830e-01
9.37165500917e-01
9.38715416173e-01
9.39073249551e-01
9.37714176409e-01
9.36392632556e-01
9.34746153397e-01
9.34315619799e-01
9.37136292135e-01
9.35432112964e-01
9.40159296863e-01
9.38691238268e-01
9.39453088733e-01
9.35922702312e-01
9.37940990352e-01
9.36191268500e-01
9.39386452689e-01
9.34408004864e-01
9.36577155297e-01
9.39655878363e-01
9.35958872747e-01
9.36888749496e-01
9.38863688853e-01
9.37882070411e-01
9.39024312094e-01
9.34467828070e-01
9.35912321917e-01
9.37312857185e-01
9.37313886208e-01
9.33689852495e-01
9.38277472885e-01
9.40130311974e-01
9.39380409772e-01
9.35262907071e-01
9.37235077357e-01
9.36725884963e-01
9.34741836094e-01
9.34972994948e-01
9.37743320967e-01
9.35366975566e-01
9.38802079664e-01
9.39300402572e-01
9.36477717746e-01
9.37815945644e-01
9.44089365828e-01
9.37828874156e-01
9.39678390147e-01
9.35324689587e-01
9.39589682530e-01
9.36225426527e-01
9.35798800145e-01
9.34321747894e-01
9.35689619900e-01
9.35465145028e-01
9.35909029432e-01
9.33188721352e-01
9.39222666313e-01
9.35014071561e-01
9.37854511149e-01
9.35519355006e-01
9.36893570135e-01
9.33707018040e-01
9.36605042806e-01
9.40109878892e-01
9.38824424920e-01
9.34795391386e-01
9.35139884142e-01
9.35644051864e-01
9.36192153950e-01
9.35120491063e-01
9.40299068358e-01
9.36748025476e-01
9.37584955354e-01
9.38712701662e-01
9.38200155931e-01
9.37330823303e-01
9.38016335799e-01
9.35138302077e-01
9.35962898987e-01
9.35725145281e-01
9.40321194066e-01
9.34343481505e-01
9.37630820974e-01
9.34364430295e-01
9.39860593400e-01
9.37050552847e-01
9.35968092008e-01
9.36834988077e-01
9.36468055545e-01
9.39673616566e-01
9.37290839512e-01
9.33835387630e-01
9.35634696155e-01
9.37594428378e-01
9.36308421145e-01
9.35756095234e-01
9.37807168844e-01
9.39903955463e-01
9.34838414151e-01
9.40779188053e-01
9.37459977366e-01
9.37124777506e-01
9.35967385897e-01
9.35540277456e-01
9.37129424312e-01
9.35245647753e-01
9.38056429764e-01
9.36486282078e-01
9.38527523152e-01
9.36743354562e-01
9.34015175728e-01
9.37242739087e-01
9.37677344069e-01
9.38153028550e-01
9.37727704068e-01
9.39753246654e-01
9.38091434395e-01
9.38006686497e-01
9.37794104598e-01
9.37064350445e-01
9.38073785944e-01
9.39735839573e-01
9.37864643179e-01
9.38022392108e-01
9.39841370040e-01
9.37527922205e-01
9.38980980424e-01
9.36153767679e-01
9.38018812616e-01
9.35078795072e-01
9.35891748596e-01
9.36278030628e-01
9.37668571560e-01
9.39090819053e-01
9.36631409305e-01
9.36647565256e-01
9.35715196160e-01
9.35716225324e-01
9.35255476751e-01
9.41272179889e-01
9.37011783901e-01
9.35645891697e-01
9.36770305535e-01
9.38637856226e-01
9.36585279776e-01
9.35666202351e-01
9.39699444860e-01
9.35045950009e-01
9.35182874936e-01
9.36267413039e-01
9.35042649295e-01
9.38138137931e-01
9.34715311609e-01
9.39284178277e-01
9.38434608041e-01
9.38549413211e-01
9.35102769107e-01
9.34404151276e-01
9.40552949284e-01
9.36566297607e-01
9.40771766308e-01
9.36714110035e-01
9.38185675646e-01
9.38999942017e-01
9.35428991611e-01
9.35403113338e-01
9.37766373174e-01
9.34746366813e-01
9.38536586104e-01
9.38069133476e-01
9.37758512272e-01
9.34169709756e-01
9.41785193275e-01
9.37662470875e-01
9.34086447166e-01
9.36115795075e-01
9.37264317901e-01
9.34708783240e-01
9.34331765852e-01
9.38681599728e-01
9.39744149085e-01
9.35874417199e-01
9.36662316959e-01
9.33194067985e-01
9.37013427442e-01
9.36312288280e-01
9.35526508851e-01
9.38325061025e-01
9.35033460106e-01
9.35388100709e-01
9.39251170051e-01
9.37081401119e-01
9.38289164976e-01
9.38404624336e-01
9.37487537502e-01
9.38013034350e-01
9.35420203582e-01
9.34905850995e-01
9.35581008618e-01
9.38537625373e-01
9.38807542454e-01
9.38873859572e-01
9.40606913983e-01
9.36400616129e-01
9.37209390109e-01
9.35120512603e-01
9.37107010831e-01
9.38143677392e-01
9.37848043001e-01
9.39315042683e-01
9.36770907476e-01
9.37974555598e-01
9.36501588848e-01
9.39728843622e-01
9.35654828507e-01
9.34213586477e-01
9.33959307413e-01
9.36982497691e-01
9.36976929915e-01
9.37607244613e-01
9.37170309948e-01
9.32985236745e-01
9.36609102193e-01
9.36414042977e-01
9.37954436544e-01
9.36039248628e-01
9.38089969799e-01
9.37116936770e-01
9.34786719674e-01
9.36360721838e-01
9.34284724058e-01
9.37689241428e-01
9.35462921976e-01
9.39462943561e-01
9.37667555157e-01
9.37622485155e-01
9.36881949033e-01
9.37835666775e-01
9.33193156342e-01
9.41761635377e-01
9.36211289862e-01
9.36011580693e-01
9.38142700491e-01
9.39099246038e-01
9.35928726571e-01
9.37038726085e-01
9.36783780812e-01
9.40072684701e-01
9.38566094948e-01
9.36282220774e-01
9.38635650684e-01
9.35995272425e-01
9.36078619278e-01
9.34490624421e-01
9.32646217126e-01
9.38057055509e-01
9.37782854776e-01
9.37751893413e-01
9.39683750652e-01
9.36282549666e-01
9.34100007363e-01
9.36256473947e-01
9.40007389509e-01
9.37538191042e-01
9.36655592428e-01
9.38089128840e-01
9.33437591922e-01
9.36685397552e-01
9.32966046456e-01
9.34103859288e-01
9.40489003726e-01
9.37529579034e-01
9.33289285334e-01
9.36737131387e-01
9.33567790997e-01
9.39602983753e-01
9.40156676500e-01
9.40406719872e-01
9.38727118152e-01
9.39544584952e-01
9.35236810540e-01
9.34230600236e-01
9.40462339263e-01
9.35188238377e-01
9.36525516823e-01
9.36209719437e-01
9.35899705050e-01
9.37337891292e-01
9.36154196913e-01
9.36769612874e-01
9.35337612794e-01
9.33733218724e-01
9.37990350993e-01
9.34864896602e-01
9.37536084105e-01
9.39599720401e-01
9.35497831837e-01
9.31546905278e-01
9.38216984853e-01
9.40350223430e-01
9.34191602507e-01
9.35354343707e-01
9.37840444890e-01
9.39583195366e-01
9.33910929988e-01
9.38437791918e-01
9.37435143840e-01
9.38975906289e-01
9.39971928374e-01
9.38265097138e-01
9.37222063887e-01
9.38374375065e-01
9.32076704048e-01
9.35254906413e-01
9.41223605381e-01
9.36244520102e-01
9.33970188764e-01
9.37428060204e-01
9.38934266576e-01
9.36571745304e-01
9.38801640213e-01
9.38325938653e-01
9.32421600561e-01
9.37227195509e-01
9.38535480255e-01
9.39041886667e-01
9.37728986528e-01
9.36466132661e-01
9.36283418337e-01
9.33708615614e-01
9.35225537568e-01
9.39617269270e-01
9.37155331181e-01
9.41092597076e-01
9.37022225985e-01
9.36108319336e-01
9.38607231993e-01
9.41064509629e-01
9.38509464561e-01
9.37367975282e-01
9.39652268370e-01
9.35131409759e-01
9.35803320445e-01
9.35780961405e-01
9.33724663188e-01
9.36550805652e-01
9.38658361735e-01
9.36120865460e-01
9.35988141496e-01
9.37349481045e-01
9.38800794590e-01
9.34221287001e-01
9.38963522592e-01
9.33196665701e-01
9.39758399769e-01
9.37392741335e-01
9.36538991756e-01
9.35282448348e-01
9.35856467856e-01
9.35638405262e-01
9.36793820130e-01
9.38592486944e-01
9.41378338479e-01
9.35847805349e-01
9.35201708847e-01
9.40017441932e-01
9.32416592228e-01
9.35219230661e-01
9.34095255543e-01
9.36631983479e-01
9.35524870726e-01
9.37754227728e-01
9.34688436124e-01
9.41183109743e-01
9.38816212017e-01
9.39531684776e-01
9.36396212208e-01
9.35845468349e-01
9.39243089577e-01
9.34003679381e-01
9.38455684352e-01
9.37190147130e-01
9.37076352186e-01
9.37240543698e-01
9.36778674831e-01
9.35803337719e-01
9.37665814127e-01
9.35302865722e-01
9.37836480775e-01
9.34760251353e-01
9.33435429535e-01
9.37537442739e-01
9.39431658237e-01
9.34142934387e-01
9.34640325601e-01
9.37177401491e-01
9.36342314487e-01
9.37468212140e-01
9.38353948125e-01
9.36948922730e-01
9.30736337885e-01
9.36324421130e-01
9.39708702173e-01
9.33252311408e-01
9.33610384857e-01
9.37574898961e-01
9.33837872242e-01
9.38910982969e-01
9.37791017210e-01
9.36785073475e-01
9.38430708436e-01
9.34987379753e-01
9.39253507954e-01
9.37124603694e-01
9.36207063590e-01
9.37305021411e-01
9.39734667700e-01
9.36360037353e-01
9.31706362167e-01
9.33980952647e-01
9.39241985896e-01
9.35576383902e-01
9.33836229658e-01
9.38347221772e-01
9.36762443387e-01
9.36563023962e-01
9.38099233469e-01
9.37247742573e-01
9.36144178793e-01
9.33480468442e-01
9.36785608264e-01
9.37760444458e-01
9.34714071689e-01
9.39342811201e-01
9.35928345019e-01
9.37440154265e-01
9.36551123654e-01
9.38641429960e-01
9.32147368889e-01
9.34716809047e-01
9.34867610020e-01
9.32602956368e-01
9.36734821410e-01
9.39185847619e-01
9.35879745883e-01
9.37331458444e-01
9.34369563539e-01
9.37822062559e-01
9.36155843274e-01
9.35111915451e-01
9.36314391480e-01
9.39362717664e-01
9.34562111355e-01
9.37222886954e-01
9.35302027730e-01
9.35971636874e-01
9.34906861148e-01
9.36104565072e-01
9.33503790222e-01
9.37865710327e-01
9.35469408072e-01
9.37446816244e-01
9.36870819140e-01
9.35493040973e-01
9.40968507178e-01
9.37633486295e-01
9.35561551799e-01
9.34589027296e-01
9.34949852892e-01
9.35765457895e-01
9.37678703200e-01
9.37854390829e-01
9.37684744824e-01
9.36845363876e-01