5.74925799102e-01
5.73057052933e-01
5.70408301288e-01
5.72901696858e-01
5.73096402752e-01
5.72079488224e-01
5.70767411120e-01
5.74307224442e-01
5.69782555151e-01
5.72100077959e-01
5.73340166065e-01
5.69526576207e-01
5.73046615464e-01
5.73804616299e-01
5.73380249256e-01
5.71488724229e-01
5.71677886315e-01
5.74026465785e-01
5.71505858384e-01
5.71496041345e-01
5.72122404424e-01
5.70562713434e-01
5.71669652672e-01
5.71349481686e-01
5.71850052479e-01
5.72914292274e-01
5.72654482172e-01
5.74366461480e-01
5.72005837598e-01
5.73446477758e-01
5.73535995588e-01
5.72784711176e-01
5.72044121469e-01
5.72065250067e-01
5.71482181841e-01
5.72977076786e-01
5.71491716573e-01
5.74835948612e-01
5.73086373788e-01
5.75341925026e-01
5.72216812284e-01
5.73760544752e-01
5.70832776243e-01
5.75201826205e-01
5.71245548610e-01
5.71541504860e-01
5.74737792059e-01
5.71356119998e-01
5.72474540596e-01
5.73153217477e-01
5.73920558081e-01
5.73172186044e-01
5.70780643332e-01
5.71562060782e-01
5.72419567969e-01
5.73998340730e-01
5.70352463370e-01
5.73357637201e-01
5.75679981671e-01
5.73680244473e-01
5.71646101191e-01
5.72524374234e-01
5.73067737959e-01
5.71222782148e-01
5.72932600833e-01
5.73027512814e-01
5.71693939248e-01
5.73202310973e-01
5.72170017206e-01
5.71878230736e-01
5.74242878518e-01
5.76808155090e-01
5.72808808665e-01
5.73795349324e-01
5.72022735830e-01
5.73873459836e-01
5.70899022219e-01
5.72415501078e-01
5.71663000787e-01
5.71366479998e-01
5.72203749078e-01
5.72972223720e-01
5.70588612694e-01
5.74146085353e-01
5.71664531348e-01
5.74036816158e-01
5.72019422782e-01
5.72631988627e-01
5.69890946903e-01
5.72689599851e-01
5.72417851708e-01
5.74491287359e-01
5.72997556907e-01
5.72473008770e-01
5.71545107624e-01
5.72427785351e-01
5.72918181835e-01
5.75644173047e-01
5.70749368927e-01
5.72194056649e-01
5.74808179342e-01
5.73414951499e-01
5.72912048403e-01
5.74255137645e-01
5.69535351114e-01
5.71549400752e-01
5.71565536023e-01
5.73099400459e-01
5.70538898601e-01
5.73143601887e-01
5.70606518028e-01
5.73896265107e-01
5.72588776204e-01
5.70893132991e-01
5.72910857292e-01
5.72552928557e-01
5.75124274784e-01
5.73233406452e-01
5.71057892289e-01
5.72366220783e-01
5.72432758828e-01
5.71397133907e-01
5.72079372694e-01
5.72921900305e-01
5.73302407777e-01
5.70728768997e-01
5.74546822743e-01
5.73194887173e-01
5.71602983420e-01
5.72151053043e-01
5.72175388654e-01
5.73338325022e-01
5.71856043066e-01
5.73171557534e-01
5.73218408807e-01
5.74404254442e-01
5.73917382114e-01
5.71056529235e-01
5.74274483095e-01
5.73385116782e-01
5.71766578240e-01
5.72101975141e-01
5.74634568725e-01
5.73481386757e-01
5.73387259188e-01
5.73785134997e-01
5.72932300245e-01
5.74493135479e-01
5.73694916630e-01
5.73637329719e-01
5.74052216251e-01
5.74067335342e-01
5.72343722457e-01
5.74349949008e-01
5.72122484700e-01
5.73791441718e-01
5.70236698534e-01
5.71937379834e-01
5.71182083355e-01
5.73471019992e-01
5.74043583497e-01
5.71696410663e-01
5.72264647473e-01
5.72433335914e-01
5.71516224554e-01
5.71445549811e-01
5.74885672567e-01
5.73420940030e-01
5.71371174274e-01
5.72997292414e-01
5.73558177102e-01
5.72513034518e-01
5.71836599563e-01
5.74002139959e-01
5.71193184057e-01
5.73455123110e-01
5.71583119159e-01
5.69744268750e-01
5.74238124671e-01
5.71084145342e-01
5.74194817607e-01
5.73274730062e-01
5.72881316717e-01
5.71105618026e-01
5.70834999670e-01
5.74096391324e-01
5.71942692426e-01
5.74453040474e-01
5.70980910752e-01
5.73419914187e-01
5.72820088842e-01
5.70886338137e-01
5.71535044521e-01
5.73851087957e-01
5.71458405544e-01
5.74306626513e-01
5.73442768829e-01
5.73357041591e-01
5.69258803213e-01
5.75369553614e-01
5.72036318922e-01
5.71764282813e-01
5.72849592631e-01
5.71659699273e-01
5.71309739892e-01
5.70166433084e-01
5.74093848889e-01
5.75030370697e-01
5.73311780674e-01
5.72803003152e-01
5.69206448109e-01
5.72524076084e-01
5.73106245942e-01
5.70731166381e-01
5.73218879948e-01
5.71584057094e-01
5.71284143157e-01
5.73719338213e-01
5.72650953580e-01
5.72243048161e-01
5.73093540747e-01
5.71268905717e-01
5.73293327261e-01
5.72503429076e-01
5.72123483826e-01
5.71249818325e-01
5.72745805233e-01
5.74402755576e-01
5.72852466710e-01
5.75228716274e-01
5.72952091288e-01
5.72972656607e-01
5.71821671882e-01
5.72358960902e-01
5.74084655748e-01
5.72322576053e-01
5.74150505286e-01
5.72191256758e-01
5.73979345870e-01
5.73903369687e-01
5.73671420572e-01
5.71618071963e-01
5.70933395227e-01
5.70703425226e-01
5.72278503267e-01
5.72916749737e-01
5.72944229877e-01
5.73333054563e-01
5.69691188856e-01
5.71983857547e-01
5.73188338301e-01
5.72965952132e-01
5.71338390056e-01
5.73616062468e-01
5.72312662668e-01
5.70578443813e-01
5.71915095144e-01
5.71933845713e-01
5.71656181301e-01
5.70945945264e-01
5.74741700296e-01
5.73167803281e-01
5.73095474764e-01
5.71578861197e-01
5.72997657107e-01
5.70473622342e-01
5.76101558695e-01
5.72541127497e-01
5.70853405542e-01
5.75172889850e-01
5.74208933260e-01
5.71180308367e-01
5.72811464471e-01
5.71436464564e-01
5.75142693720e-01
5.74085067486e-01
5.71034884416e-01
5.74472796373e-01
5.70979707830e-01
5.73494459970e-01
5.70749173008e-01
5.70176358108e-01
5.73754544206e-01
5.72961813540e-01
5.72169511433e-01
5.75331361229e-01
5.73891585516e-01
5.70138141106e-01
5.72748229157e-01
5.73762008769e-01
5.72497246235e-01
5.71700979075e-01
5.72932757990e-01
5.70134377975e-01
5.71477905380e-01
5.70693794091e-01
5.71230320658e-01
5.74158764666e-01
5.74265758105e-01
5.71113171955e-01
5.72807851213e-01
5.71290114288e-01
5.74306174436e-01
5.74900428644e-01
5.74901774196e-01
5.73098045930e-01
5.74370177856e-01
5.70753216903e-01
5.70886057208e-01
5.74458744537e-01
5.72121204099e-01
5.72490188034e-01
5.71947356958e-01
5.71591970532e-01
5.73170778848e-01
5.73038473618e-01
5.72877951076e-01
5.72262263788e-01
5.72048732375e-01
5.73606654775e-01
5.71118612242e-01
5.73285262164e-01
5.75313121188e-01
5.70513329677e-01
5.68936990531e-01
5.73418664087e-01
5.74918950520e-01
5.70145629647e-01
5.71929792039e-01
5.73197164073e-01
5.75672083989e-01
5.70392636093e-01
5.75025811715e-01
5.71663698047e-01
5.73797570265e-01
5.75037865560e-01
5.73981654892e-01
5.73561744687e-01
5.75210588630e-01
5.69550310246e-01
5.71890066759e-01
5.75511422112e-01
5.71257271144e-01
5.70441279882e-01
5.73680809160e-01
5.72185021389e-01
5.73266940463e-01
5.74568221127e-01
5.73050117260e-01
5.68632761866e-01
5.73887441906e-01
5.73481806573e-01
5.74560419905e-01
5.71849552269e-01
5.73477719764e-01
5.72165147319e-01
5.70505197012e-01
5.70534079220e-01
5.74493816735e-01
5.72311709847e-01
5.74848603592e-01
5.72227476943e-01
5.71940661237e-01
5.73174924548e-01
5.75241640530e-01
5.73541404256e-01
5.72851369221e-01
5.74838016951e-01
5.71152752429e-01
5.71851129975e-01
5.72907174485e-01
5.70078292315e-01
5.72361909342e-01
5.74562184655e-01
5.71587021889e-01
5.72491233656e-01
5.74280547548e-01
5.73071296374e-01
5.70755561845e-01
5.75956883488e-01
5.69831963880e-01
5.74816988859e-01
5.73407889855e-01
5.71974728406e-01
5.71480630660e-01
5.72737860426e-01
5.72192760920e-01
5.71076849762e-01
5.73499267330e-01
5.75202049450e-01
5.71831726795e-01
5.72402154028e-01
5.74761198498e-01
5.70704375286e-01
5.70478890726e-01
5.71175139354e-01
5.73520410767e-01
5.72792607184e-01
5.72775910043e-01
5.71264471468e-01
5.76592389230e-01
5.75761637985e-01
5.73890977084e-01
5.72868829805e-01
5.70363889110e-01
5.74090276203e-01
5.70899346844e-01
5.75108154689e-01
5.72060165865e-01
5.73895132194e-01
5.72856073768e-01
5.72727505620e-01
5.70735676263e-01
5.73571212134e-01
5.70684076355e-01
5.73625139386e-01
5.71987018650e-01
5.69731374701e-01
5.72340926071e-01
5.74614941891e-01
5.71226852644e-01
5.71036267066e-01
5.73077381454e-01
5.73610498350e-01
5.72109420279e-01
5.72963809473e-01
5.72768341062e-01
5.67965916208e-01
5.73510761565e-01
5.75018195474e-01
5.69942114960e-01
5.69175199774e-01
5.73999498957e-01
5.71583547394e-01
5.73560821367e-01
5.73118856878e-01
5.73514275637e-01
5.74552152137e-01
5.69906144729e-01
5.73591269209e-01
5.73901866290e-01
5.71524353490e-01
5.73035729364e-01
5.73584689642e-01
5.71386853051e-01
5.69863727016e-01
5.70703434040e-01
5.75254216028e-01
5.71853223160e-01
5.71354277630e-01
5.73098447660e-01
5.73042985827e-01
5.73515139082e-01
5.72244901512e-01
5.72687921569e-01
5.71137661481e-01
5.70912147630e-01
5.72725068808e-01
5.74606604027e-01
5.69999581402e-01
5.74622399329e-01
5.72189429556e-01
5.72560260178e-01
5.73208388661e-01
5.72860659952e-01
5.69769195093e-01
5.71399475227e-01
5.69630228195e-01
5.70224733458e-01
5.73480024499e-01
5.73499310630e-01
5.71488186348e-01
5.72766782298e-01
5.70819279287e-01
5.72722283775e-01
5.70480262853e-01
5.70897798789e-01
5.72135013016e-01
5.73548115996e-01
5.71266335851e-01
5.73508987914e-01
5.71764633970e-01
5.72234915075e-01
5.70952420161e-01
5.72596671230e-01
5.70129458897e-01
5.72467740605e-01
5.71521308622e-01
5.72567159088e-01
5.73197241486e-01
5.71991304434e-01
5.75964900105e-01
5.72030196257e-01
5.69741617769e-01
5.71435643317e-01
5.70881080861e-01
5.71801734931e-01
5.73500758355e-01
5.73161192096e-01
5.73048672102e-01
5.72524382450e-01