-6.33269985824e-01
-6.33215778782e-01
-6.33332336453e-01
-6.33350277000e-01
-6.33635754893e-01
-6.33544851534e-01
-6.33522514629e-01
-6.33699715661e-01
-6.34350517310e-01
-6.34659905933e-01
-6.31909796213e-01
-6.34188718941e-01
-6.33688945551e-01
-6.33898351318e-01
-6.32270696603e-01
-6.33156009567e-01
-6.32555082934e-01
-6.33883081900e-01
-6.35646488512e-01
-6.34843364934e-01
-6.35197668919e-01
-6.33256299068e-01
-6.33193840742e-01
-6.33101641122e-01
-6.34137683292e-01
-6.34076972591e-01
-6.34377817525e-01
-6.34640960468e-01
-6.34029561295e-01
-6.34125344958e-01
-6.33052762843e-01
-6.32019910261e-01
-6.34837121561e-01
-6.33480277115e-01
-6.33693585101e-01
-6.33839957778e-01
-6.31876831667e-01
-6.33692812143e-01
-6.32064287677e-01
-6.34697150057e-01
-6.32842459041e-01
-6.32813659251e-01
-6.32090929168e-01
-6.32601586395e-01
-6.34654687776e-01
-6.34657796726e-01
-6.33046142477e-01
-6.31509781298e-01
-6.34841266718e-01
-6.33015350605e-01
-6.34636907410e-01
-6.33026694202e-01
-6.34054436202e-01
-6.34226092559e-01
-6.35128844197e-01
-6.33630157692e-01
-6.33729190751e-01
-6.33414779723e-01
-6.35699606707e-01
-6.34235755209e-01
-6.33269427481e-01
-6.33836948879e-01
-6.33684384833e-01
-6.34334923366e-01
-6.32272078161e-01
-6.33527359325e-01
-6.33872717146e-01
-6.33516942431e-01
-6.33908116522e-01
-6.32692273629e-01
-6.34053660587e-01
-6.33998556783e-01
-6.32973384653e-01
-6.34032705450e-01
-6.35109237758e-01
-6.34062160264e-01
-6.33528198824e-01
-6.33460662357e-01
-6.32573527840e-01
-6.34843512391e-01
-6.32770094446e-01
-6.33745859846e-01
-6.33092538438e-01
-6.33639998243e-01
-6.32280651784e-01
-6.32832943222e-01
-6.33189593546e-01
-6.33578738822e-01
-6.33008942283e-01
-6.32997251369e-01
-6.34434622199e-01
-6.32438025939e-01
-6.34143008205e-01
-6.32609197734e-01
-6.33355809312e-01
-6.34962676341e-01
-6.33217869169e-01
-6.34915134807e-01
-6.33830619851e-01
-6.32969281124e-01
-6.34538406504e-01
-6.33329707155e-01
-6.33389840888e-01
-6.33557833684e-01
-6.33629287446e-01
-6.32958519341e-01
-6.34149777216e-01
-6.33396823413e-01
-6.33856738272e-01
-6.34042149433e-01
-6.33183403631e-01
-6.34953828414e-01
-6.33196428256e-01
-6.33140881855e-01
-6.34625454571e-01
-6.35136499939e-01
-6.32907650760e-01
-6.33886939616e-01
-6.34263053403e-01
-6.32394213580e-01
-6.33263169979e-01
-6.33606755550e-01
-6.33409641997e-01
-6.33539019715e-01
-6.34685572488e-01
-6.33535536380e-01
-6.33769115287e-01
-6.34351416624e-01
-6.33799954954e-01
-6.33596978988e-01
-6.34416086774e-01
-6.32710994356e-01
-6.33121348363e-01
-6.32987850170e-01
-6.33501776030e-01
-6.32702202228e-01
-6.32810273056e-01
-6.33166208409e-01
-6.32146073679e-01
-6.35626103305e-01
-6.33117095782e-01
-6.34126253725e-01
-6.34080337415e-01
-6.33093912569e-01
-6.33777898304e-01
-6.33934528169e-01
-6.33631888473e-01
-6.34697224883e-01
-6.33873125938e-01
-6.34271332060e-01
-6.33919200463e-01
-6.34485121039e-01
-6.33669233057e-01
-6.34532318153e-01
-6.33904602496e-01
-6.34939759372e-01
-6.33524732015e-01
-6.33605295726e-01
-6.34435105037e-01
-6.35858628057e-01
-6.34782394708e-01
-6.33170521303e-01
-6.34177561464e-01
-6.35230549390e-01
-6.34779106595e-01
-6.33892245773e-01
-6.34420495000e-01
-6.34414137719e-01
-6.33190288014e-01
-6.33757177233e-01
-6.33880076262e-01
-6.32125341718e-01
-6.33767235449e-01
-6.33017944705e-01
-6.33635262410e-01
-6.32523716754e-01
-6.32873903944e-01
-6.33616541078e-01
-6.33147842232e-01
-6.34151419384e-01
-6.33344633761e-01
-6.35228347806e-01
-6.34269226620e-01
-6.34537436338e-01
-6.34709050152e-01
-6.32971398809e-01
-6.34391189927e-01
-6.33042429259e-01
-6.33615531204e-01
-6.34257591165e-01
-6.33146138110e-01
-6.33123056765e-01
-6.33798917391e-01
-6.33904877230e-01
-6.33613404232e-01
-6.32524767383e-01
-6.33532481613e-01
-6.34283725854e-01
-6.34525732469e-01
-6.33848937702e-01
-6.32871592501e-01
-6.31748459356e-01
-6.33281475392e-01
-6.32950405503e-01
-6.32188393787e-01
-6.33665573957e-01
-6.34023837130e-01
-6.35020143795e-01
-6.33693082238e-01
-6.32725349266e-01
-6.33485728965e-01
-6.33754953839e-01
-6.33736481936e-01
-6.34028330515e-01
-6.34690201609e-01
-6.33121050884e-01
-6.31864766565e-01
-6.32039704769e-01
-6.32191475259e-01
-6.34249308997e-01
-6.33974418374e-01
-6.34887910381e-01
-6.32897418419e-01
-6.34055221296e-01
-6.34309350328e-01
-6.32510880959e-01
-6.32095175606e-01
-6.34347423816e-01
-6.34614445093e-01
-6.32663628544e-01
-6.33055273418e-01
-6.34422821335e-01
-6.32365916686e-01
-6.32499228756e-01
-6.34680119952e-01
-6.34216952030e-01
-6.33499412572e-01
-6.33165576594e-01
-6.34707790778e-01
-6.33093154039e-01
-6.34822923721e-01
-6.34278336772e-01
-6.34954845743e-01
-6.32945422205e-01
-6.33736484919e-01
-6.33987848621e-01
-6.33609281157e-01
-6.33639348372e-01
-6.33672427791e-01
-6.34174204671e-01
-6.32396639102e-01
-6.33152909525e-01
-6.35094865494e-01
-6.34243782964e-01
-6.33672911342e-01
-6.34056113609e-01
-6.33339495583e-01
-6.32373932859e-01
-6.33436800858e-01
-6.33211361169e-01
-6.33525387229e-01
-6.34304290429e-01
-6.34515230754e-01
-6.32848084500e-01
-6.32299438239e-01
-6.33223011169e-01
-6.33858285631e-01
-6.33265170717e-01
-6.33195944012e-01
-6.35670623684e-01
-6.34636973455e-01
-6.32839148266e-01
-6.33389984237e-01
-6.34233408022e-01
-6.33033314581e-01
-6.32965726932e-01
-6.33295074847e-01
-6.35168899614e-01
-6.33915810505e-01
-6.33943939133e-01
-6.33432072891e-01
-6.33658756576e-01
-6.31793868265e-01
-6.34141692411e-01
-6.33937307223e-01
-6.31377508824e-01
-6.33981865096e-01
-6.34386564006e-01
-6.33472032700e-01
-6.32747118430e-01
-6.34271164664e-01
-6.33517532478e-01
-6.33746352891e-01
-6.34322348003e-01
-6.33285536808e-01
-6.34173501060e-01
-6.32248289105e-01
-6.32491285470e-01
-6.32548044993e-01
-6.35486696197e-01
-6.32163968500e-01
-6.32421055829e-01
-6.34309181358e-01
-6.33435961915e-01
-6.34903195509e-01
-6.33374693121e-01
-6.32417249609e-01
-6.34413955695e-01
-6.30786518187e-01
-6.33858328817e-01
-6.35050856814e-01
-6.32778890000e-01
-6.32779588001e-01
-6.33131567828e-01
-6.33388104160e-01
-6.33829668242e-01
-6.33484039265e-01
-6.33705084852e-01
-6.33055967698e-01
-6.32622548383e-01
-6.35588235007e-01
-6.35290918371e-01
-6.33312524556e-01
-6.35027850549e-01
-6.32702641188e-01
-6.32558212620e-01
-6.33605689006e-01
-6.32824493449e-01
-6.32993485803e-01
-6.33295079963e-01
-6.34016450560e-01
-6.33815613858e-01
-6.34649455525e-01
-6.31793817676e-01
-6.34075404956e-01
-6.35424143331e-01
-6.33875369459e-01
-6.34243338675e-01
-6.34140419824e-01
-6.34830899173e-01
-6.33468261098e-01
-6.33239396113e-01
-6.34070280244e-01
-6.34795279595e-01
-6.34652452534e-01
-6.34073312815e-01
-6.34027501755e-01
-6.32698114494e-01
-6.32965473507e-01
-6.33260347775e-01
-6.33521413788e-01
-6.34675340170e-01
-6.33218428821e-01
-6.31802807317e-01
-6.33045628197e-01
-6.33856473847e-01
-6.34225205309e-01
-6.33879144728e-01
-6.33729757726e-01
-6.33454937980e-01
-6.33623687857e-01
-6.34021744157e-01
-6.33977454944e-01
-6.34781462763e-01
-6.34104292657e-01
-6.33702156083e-01
-6.33508285689e-01
-6.34009944994e-01
-6.32959326981e-01
-6.33868488272e-01
-6.33939801000e-01
-6.34098533656e-01
-6.32010281135e-01
-6.32242021036e-01
-6.35501054274e-01
-6.33484829168e-01
-6.33754644875e-01
-6.33740901416e-01
-6.33482740838e-01
-6.33421068007e-01
-6.32699573474e-01
-6.34038928908e-01
-6.33888776835e-01
-6.33542057805e-01
-6.33341992081e-01
-6.32997457952e-01
-6.33323230314e-01
-6.33574835772e-01
-6.34014181536e-01
-6.35488756328e-01
-6.33331908932e-01
-6.33752872413e-01
-6.33041510290e-01
-6.33583503618e-01
-6.32427786194e-01
-6.33908606173e-01
-6.34059340386e-01
-6.33287489907e-01
-6.33547423548e-01
-6.33464966891e-01
-6.34096785001e-01
-6.35010476790e-01
-6.33814922675e-01
-6.35364427556e-01
-6.35091888720e-01
-6.33688237139e-01
-6.33268972267e-01
-6.34097426923e-01
-6.32548301116e-01
-6.33429932945e-01
-6.33375220300e-01
-6.36933483709e-01
-6.34603335125e-01
-6.34019589861e-01
-6.34479842764e-01
-6.32090200719e-01
-6.33890696658e-01
-6.34613120790e-01
-6.35100408196e-01
-6.34095842438e-01
-6.33270197564e-01
-6.33600731459e-01
-6.32894421008e-01
-6.33777902839e-01
-6.32868212822e-01
-6.32973582113e-01
-6.31381775520e-01
-6.33454438955e-01
-6.33415471585e-01
-6.32313708669e-01
-6.32415529207e-01
-6.33979235446e-01
-6.34142144840e-01
-6.33735832352e-01
-6.33501201090e-01
-6.33592016923e-01
-6.33321922707e-01
-6.34028821132e-01
-6.32979438833e-01
-6.32566942868e-01
-6.34330064738e-01
-6.33947874497e-01
-6.33617918260e-01
-6.32516815606e-01
-6.35243559092e-01
-6.33189490638e-01
-6.33974115043e-01
-6.33332278461e-01
-6.33217183922e-01
-6.34071515934e-01
-6.33286726228e-01
-6.33632513375e-01
-6.34075214218e-01
-6.33162085851e-01
-6.35056345340e-01
-6.32768990090e-01
-6.32654694275e-01
-6.35160136519e-01
-6.31474590316e-01
-6.34135168973e-01
-6.33786015835e-01
-6.35211887792e-01
-6.34304405022e-01
-6.34252881834e-01
-6.34335970560e-01
-6.33791244892e-01
-6.32066586015e-01
-6.34523890960e-01
-6.33098600540e-01
-6.32773575143e-01
-6.35042822776e-01
-6.33991732685e-01
-6.33753178523e-01
-6.34734241858e-01
-6.34196232070e-01
-6.33449857291e-01
-6.34798189772e-01
-6.35261482673e-01
-6.33866218006e-01
-6.34128997565e-01
-6.33362253325e-01
-6.34438621617e-01
-6.33985473199e-01
-6.34878524205e-01
-6.32430042873e-01
-6.33790493449e-01
-6.32923797720e-01
-6.34143533176e-01
-6.34528321947e-01
-6.32242360694e-01
-6.33335981106e-01
-6.34935173092e-01
-6.34439913946e-01
-6.34500391648e-01
-6.33776233293e-01
-6.32829629888e-01
-6.33210717575e-01
-6.34770032375e-01
-6.33190694696e-01
-6.35247588285e-01
-6.33671957727e-01