2.88470671742e-01
2.88316923953e-01
2.88336878424e-01
2.88549076350e-01
2.88350051301e-01
2.88249738865e-01
2.88083991522e-01
2.88197290260e-01
2.88557257462e-01
2.88635613602e-01
2.88432073638e-01
2.88607559146e-01
2.88609469027e-01
2.88422637997e-01
2.88337736380e-01
2.88550777618e-01
2.88039854936e-01
2.88444325574e-01
2.88545041422e-01
2.88331963520e-01
2.88644213286e-01
2.88608270541e-01
2.88395168360e-01
2.88389274193e-01
2.88562222661e-01
2.88723922255e-01
2.88704775578e-01
2.88279630546e-01
2.88119550407e-01
2.88572270398e-01
2.88452977763e-01
2.88484887265e-01
2.88598353836e-01
2.88394936796e-01
2.88563522398e-01
2.88356216469e-01
2.88521998095e-01
2.88709329611e-01
2.88450281390e-01
2.88540766135e-01
2.88441799168e-01
2.88458072044e-01
2.88462603922e-01
2.88359569082e-01
2.88472963946e-01
2.88483649500e-01
2.88630797598e-01
2.88345534101e-01
2.88365105350e-01
2.88612888517e-01
2.88482290471e-01
2.88512611930e-01
2.88267247427e-01
2.88388071676e-01
2.88622770804e-01
2.88543418571e-01
2.88470078575e-01
2.88326067129e-01
2.88672259948e-01
2.88636308374e-01
2.88425000926e-01
2.88480871459e-01
2.88399187396e-01
2.88425503211e-01
2.88704680369e-01
2.88239752295e-01
2.88432537472e-01
2.88453167267e-01
2.88498727359e-01
2.88240063343e-01
2.88510649672e-01
2.88353586847e-01
2.88385223705e-01
2.88561303797e-01
2.88477165545e-01
2.88333785642e-01
2.88612216392e-01
2.88380923114e-01
2.88591553256e-01
2.88429598492e-01
2.88278098522e-01
2.88405784855e-01
2.88217239018e-01
2.88423089830e-01
2.88388622794e-01
2.88500416276e-01
2.88270616124e-01
2.88502186051e-01
2.88595280684e-01
2.88597904990e-01
2.88415538950e-01
2.88413747979e-01
2.88572411562e-01
2.88645461968e-01
2.88647420884e-01
2.88269543437e-01
2.88413264920e-01
2.88339833244e-01
2.88166939611e-01
2.88410650287e-01
2.88618909318e-01
2.88785512757e-01
2.88389841459e-01
2.88417063233e-01
2.88201251463e-01
2.88358044709e-01
2.88470084386e-01
2.88401579688e-01
2.88563776231e-01
2.88504970097e-01
2.88368057066e-01
2.88635668641e-01
2.88389414834e-01
2.88272024811e-01
2.88210856280e-01
2.88663104678e-01
2.88577634986e-01
2.88731848974e-01
2.88644423904e-01
2.88562049094e-01
2.88220573144e-01
2.88563255099e-01
2.88581629906e-01
2.88615339929e-01
2.88231116945e-01
2.88391381159e-01
2.88309878367e-01
2.88669987454e-01
2.88367429415e-01
2.88337359523e-01
2.88319798177e-01
2.88392248310e-01
2.88361723447e-01
2.88333355591e-01
2.88224244118e-01
2.88274699841e-01
2.88464374979e-01
2.88257777991e-01
2.88154170102e-01
2.88381015691e-01
2.88428584781e-01
2.88315237312e-01
2.88522255159e-01
2.88425690309e-01
2.88125054852e-01
2.88330585572e-01
2.88437869221e-01
2.88595063620e-01
2.88529441120e-01
2.88560775042e-01
2.88634251537e-01
2.88396175399e-01
2.88460246274e-01
2.88276428766e-01
2.88336344965e-01
2.88454105265e-01
2.88450469894e-01
2.88557952667e-01
2.88162381482e-01
2.88353306314e-01
2.88490744974e-01
2.88413167109e-01
2.88570190088e-01
2.88465358563e-01
2.88606768835e-01
2.88521496286e-01
2.88290114586e-01
2.88510265360e-01
2.88429870329e-01
2.88553997501e-01
2.88350184562e-01
2.88235543108e-01
2.88468878627e-01
2.88335622665e-01
2.88624309181e-01
2.88462709982e-01
2.88458447727e-01
2.88714263659e-01
2.88588463097e-01
2.88470246221e-01
2.88546404500e-01
2.88453243836e-01
2.88195985217e-01
2.88528358588e-01
2.88770416399e-01
2.88576411341e-01
2.88052936299e-01
2.88402960289e-01
2.88531362064e-01
2.88484419223e-01
2.88677457493e-01
2.88189012583e-01
2.88557995994e-01
2.88251520895e-01
2.88138219388e-01
2.88315361433e-01
2.88435985166e-01
2.88605256722e-01
2.88588225510e-01
2.88506650755e-01
2.88393454656e-01
2.88416663016e-01
2.88793454253e-01
2.88514798893e-01
2.88641448594e-01
2.88239384254e-01
2.88249717180e-01
2.88409286124e-01
2.88483047514e-01
2.88449383426e-01
2.88736394193e-01
2.88631508710e-01
2.88442100831e-01
2.88332399909e-01
2.88577613365e-01
2.88446683637e-01
2.88148587054e-01
2.88556355089e-01
2.88635888648e-01
2.88209014534e-01
2.88419634238e-01
2.88336582976e-01
2.88656085775e-01
2.88222727290e-01
2.88333120136e-01
2.88602610669e-01
2.88503143500e-01
2.88726877812e-01
2.88476631324e-01
2.88652137425e-01
2.88355676879e-01
2.88577183628e-01
2.88405873098e-01
2.88786190427e-01
2.88549641752e-01
2.88538525038e-01
2.88694274201e-01
2.88552525665e-01
2.88552497091e-01
2.88508204175e-01
2.88466893283e-01
2.88531083206e-01
2.88559599812e-01
2.88725385656e-01
2.88408311272e-01
2.88037618886e-01
2.88414160544e-01
2.88414331023e-01
2.88636164679e-01
2.88704455695e-01
2.88479720234e-01
2.88441638016e-01
2.88453744011e-01
2.88562034835e-01
2.88610307298e-01
2.88574916996e-01
2.88173046372e-01
2.88515285988e-01
2.88511323080e-01
2.88506399554e-01
2.88592796209e-01
2.88488900065e-01
2.88522326390e-01
2.88448579657e-01
2.88522051128e-01
2.88412625192e-01
2.88432621753e-01
2.88485387042e-01
2.88644107460e-01
2.88483025331e-01
2.88241123604e-01
2.88532025284e-01
2.88355108626e-01
2.88463831421e-01
2.88301237797e-01
2.88382832673e-01
2.88265662768e-01
2.88418807490e-01
2.88601330967e-01
2.88596048468e-01
2.88495776167e-01
2.88560432084e-01
2.88434911206e-01
2.88197755199e-01
2.88660060245e-01
2.88672859728e-01
2.88634646917e-01
2.88272240991e-01
2.88562531742e-01
2.88440859306e-01
2.88505131625e-01
2.88576157749e-01
2.88469325191e-01
2.88556939739e-01
2.88404130468e-01
2.88441382255e-01
2.88499123795e-01
2.88351861002e-01
2.88706608811e-01
2.88468536658e-01
2.88487354689e-01
2.88413396613e-01
2.88339081210e-01
2.88405742450e-01
2.88075971973e-01
2.88494256902e-01
2.88197804075e-01
2.88589047117e-01
2.88808087032e-01
2.88511376568e-01
2.88502425164e-01
2.88458470589e-01
2.88488987949e-01
2.88338637172e-01
2.88372049487e-01
2.88397021753e-01
2.88291710754e-01
2.88644679258e-01
2.88483057897e-01
2.88316481208e-01
2.88561778425e-01
2.88350231569e-01
2.88139884015e-01
2.88340607111e-01
2.88544536726e-01
2.88541364670e-01
2.88158866953e-01
2.88581404215e-01
2.88454126038e-01
2.88533784553e-01
2.88421378659e-01
2.88675292082e-01
2.88561885145e-01
2.88618086789e-01
2.88087614337e-01
2.88291132299e-01
2.88417928410e-01
2.88484159606e-01
2.88201499279e-01
2.88558600742e-01
2.88201699159e-01
2.88379566044e-01
2.88431087413e-01
2.88630744489e-01
2.88311893642e-01
2.88543217858e-01
2.88499879348e-01
2.88404120805e-01
2.88604064276e-01
2.88472177154e-01
2.88567641506e-01
2.88455740752e-01
2.88476796925e-01
2.88747836720e-01
2.88391857129e-01
2.88421058671e-01
2.88347757904e-01
2.88602425761e-01
2.88647680808e-01
2.88295319501e-01
2.88483409792e-01
2.88600411741e-01
2.88644573545e-01
2.88420845555e-01
2.88499988230e-01
2.88376137046e-01
2.88403122157e-01
2.88547981926e-01
2.88512191801e-01
2.88482357021e-01
2.88403452295e-01
2.88411714031e-01
2.88261529491e-01
2.88679921525e-01
2.88496452930e-01
2.88339793364e-01
2.88618881669e-01
2.88461425351e-01
2.88522812457e-01
2.88360886631e-01
2.88555151915e-01
2.88362333855e-01
2.88386365923e-01
2.88481007499e-01
2.88691463925e-01
2.88467633617e-01
2.88527393913e-01
2.88508248294e-01
2.88729425998e-01
2.88600270282e-01
2.88566178805e-01
2.88574121846e-01
2.88512569980e-01
2.88609803304e-01
2.88375793173e-01
2.88241471415e-01
2.88758860548e-01
2.88489919983e-01
2.88176308543e-01
2.88516712346e-01
2.88626254952e-01
2.88349007025e-01
2.88317678741e-01
2.88253187752e-01
2.88195110560e-01
2.88641922047e-01
2.88496767243e-01
2.88697383571e-01
2.88509516609e-01
2.88543742758e-01
2.88592546493e-01
2.88475375877e-01
2.88626115915e-01
2.88072077055e-01
2.88585347799e-01
2.88495763022e-01
2.88502772514e-01
2.88270523436e-01
2.88747948922e-01
2.88513409396e-01
2.88541329573e-01
2.88356084232e-01
2.88277057861e-01
2.88293065266e-01
2.88463686556e-01
2.88634585495e-01
2.88530657968e-01
2.88661357297e-01
2.88540566394e-01
2.88490171511e-01
2.88518201041e-01
2.88461043758e-01
2.88322291626e-01
2.88543436669e-01
2.88290918707e-01
2.88610954676e-01
2.88524342798e-01
2.88208157170e-01
2.88396087077e-01
2.88518541151e-01
2.88597251923e-01
2.88462223732e-01
2.88398700575e-01
2.88452062723e-01
2.88477410503e-01
2.88436838368e-01
2.88268974672e-01
2.88332111424e-01
2.88146566203e-01
2.88473790975e-01
2.88256076961e-01
2.88563475951e-01
2.88567160445e-01
2.88438292630e-01
2.88484175625e-01
2.88589452629e-01
2.88470454782e-01
2.88264420067e-01
2.88683220626e-01
2.88252074816e-01
2.88235619373e-01
2.88393300549e-01
2.88562006773e-01
2.88551730114e-01
2.88271639627e-01
2.88445159531e-01
2.88669522386e-01
2.88560276292e-01
2.88533316565e-01
2.88378900515e-01
2.88422077338e-01
2.88482469583e-01
2.88460000230e-01
2.88725614150e-01
2.88517394336e-01
2.88404070566e-01
2.88322798521e-01
2.88408002647e-01
2.88663701933e-01
2.88411073071e-01
2.88609871020e-01
2.88625451157e-01
2.88593801005e-01
2.88732787572e-01
2.88331111940e-01
2.88347774942e-01
2.88658796647e-01
2.88312643950e-01
2.88467860971e-01
2.88317053551e-01
2.88528237271e-01
2.88261990898e-01
2.88520016249e-01
2.88677045917e-01
2.88773021129e-01
2.88474955214e-01
2.88345611399e-01
2.88344146889e-01
2.88341160494e-01
2.88471149596e-01
2.88451013022e-01