-5.78392643685e+02
-5.64900329476e+02
-5.56876178533e+02
-5.65085921973e+02
-5.60059615629e+02
-5.70357264984e+02
-5.58238192340e+02
-5.59078848255e+02
-5.59321970139e+02
-5.68727260475e+02
-5.57134421661e+02
-5.72562153616e+02
-5.71461498582e+02
-5.63519612357e+02
-5.63433081073e+02
-5.53497878003e+02
-5.62908239623e+02
-5.68450662018e+02
-5.72743897569e+02
-5.53424947629e+02
-5.69651332774e+02
-5.71785631619e+02
-5.57980281501e+02
-5.67090657024e+02
-5.68415527548e+02
-5.72318008373e+02
-5.68934581319e+02
-5.54693387399e+02
-5.63053032211e+02
-5.78510927940e+02
-5.69874541100e+02
-5.73998090534e+02
-5.69499519172e+02
-5.75668413411e+02
-5.80203002238e+02
-5.68764136302e+02
-5.67794406958e+02
-5.77805576061e+02
-5.61992728128e+02
-5.79249241756e+02
-5.59877097189e+02
-5.74450851433e+02
-5.62564870233e+02
-5.74989952858e+02
-5.69505622073e+02
-5.67553076068e+02
-5.70725328950e+02
-5.74250389213e+02
-5.50283776623e+02
-5.69209860097e+02
-5.66577737489e+02
-5.66471159228e+02
-5.69683182294e+02
-5.62691430443e+02
-5.62333528752e+02
-5.76325346018e+02
-5.66584418176e+02
-5.57075889483e+02
-5.65121850031e+02
-5.75806531393e+02
-5.55822624804e+02
-5.65846808237e+02
-5.47099651386e+02
-5.67764464053e+02
-5.72300890424e+02
-5.53967354025e+02
-5.64665407479e+02
-5.77466144915e+02
-5.55814447650e+02
-5.70753638793e+02
-5.75104967786e+02
-5.74417465460e+02
-5.70060250622e+02
-5.61579172289e+02
-5.61537443050e+02
-5.55655936554e+02
-5.62220191022e+02
-5.60277171134e+02
-5.74290369109e+02
-5.51593276398e+02
-5.69257629923e+02
-5.72399332189e+02
-5.61245405420e+02
-5.66349651577e+02
-5.62004294234e+02
-5.60356094685e+02
-5.69765320053e+02
-5.66330488196e+02
-5.75700913665e+02
-5.58795398213e+02
-5.57844331388e+02
-5.68757057703e+02
-5.70035065261e+02
-5.62021063311e+02
-5.78888045977e+02
-5.70756158956e+02
-5.58059836645e+02
-5.61399531426e+02
-5.75112178937e+02
-5.55490181097e+02
-5.65340287716e+02
-5.78351612389e+02
-5.58390371901e+02
-5.63422501686e+02
-5.67557343451e+02
-5.63029542606e+02
-5.68451312825e+02
-5.62314696800e+02
-5.58035790515e+02
-5.62751715003e+02
-5.58900471322e+02
-5.80604960615e+02
-5.72151397076e+02
-5.70043050529e+02
-5.66921055720e+02
-5.85781150788e+02
-5.73678259960e+02
-5.80659770067e+02
-5.59744097853e+02
-5.71516620828e+02
-5.69831798018e+02
-5.62640702768e+02
-5.70032328766e+02
-5.68637406637e+02
-5.72355262695e+02
-5.56209837069e+02
-5.51605320881e+02
-5.65450459432e+02
-5.71128225168e+02
-5.65502308679e+02
-5.65264474780e+02
-5.73296948677e+02
-5.74130542896e+02
-5.70389457153e+02
-5.56609237832e+02
-5.47609642503e+02
-5.79454596277e+02
-5.54946183305e+02
-5.51922820272e+02
-5.65201340727e+02
-5.78016967956e+02
-5.53759577151e+02
-5.73937035428e+02
-5.63219273680e+02
-5.57010100107e+02
-5.59760837247e+02
-5.64154954957e+02
-5.71700459311e+02
-5.81113747088e+02
-5.60526321751e+02
-5.59291324544e+02
-5.67643041748e+02
-5.59382919719e+02
-5.57110366822e+02
-5.49019840259e+02
-5.84566754432e+02
-5.70616538021e+02
-5.81612119574e+02
-5.67223207225e+02
-5.57282151724e+02
-5.74052957022e+02
-5.69431213329e+02
-5.75572071696e+02
-5.73983828268e+02
-5.62146496141e+02
-5.68179248521e+02
-5.52818023252e+02
-5.66599952694e+02
-5.58327231997e+02
-5.73954665672e+02
-5.69983917544e+02
-5.54892847536e+02
-5.67886700547e+02
-5.71081188793e+02
-5.69706730692e+02
-5.66117290297e+02
-5.59220583574e+02
-5.67868324874e+02
-5.71821133340e+02
-5.70262383008e+02
-5.68826697264e+02
-5.57663509738e+02
-5.50797157927e+02
-5.70630242238e+02
-5.77753447814e+02
-5.58406447680e+02
-5.67183634635e+02
-5.59916958230e+02
-5.59642315692e+02
-5.57806921563e+02
-5.68622218896e+02
-5.54451215588e+02
-5.74375554931e+02
-5.59610524741e+02
-5.62482269478e+02
-5.67612039368e+02
-5.59544242408e+02
-5.84390792031e+02
-5.58596570206e+02
-5.71631481084e+02
-5.62873055790e+02
-5.58579957328e+02
-5.77990275824e+02
-5.67725003354e+02
-5.73595688350e+02
-5.67886302687e+02
-5.73326781541e+02
-5.58578476720e+02
-5.70865752276e+02
-5.51114414072e+02
-5.70812353773e+02
-5.73537065678e+02
-5.68608090354e+02
-5.67089152538e+02
-5.77720096372e+02
-5.55921455559e+02
-5.56248843341e+02
-5.80713581813e+02
-5.66769867021e+02
-5.62217264499e+02
-5.68641531486e+02
-5.72523478605e+02
-5.85439077105e+02
-5.54107294730e+02
-5.72739866054e+02
-5.76739132902e+02
-5.87559716452e+02
-5.70660746650e+02
-5.65601753446e+02
-5.51873448651e+02
-5.70705971495e+02
-5.78673774150e+02
-5.64818939193e+02
-5.68848130358e+02
-5.71150141990e+02
-5.57556479710e+02
-5.74183935415e+02
-5.66845468015e+02
-5.73596529775e+02
-5.68930979925e+02
-5.70425680561e+02
-5.72143208997e+02
-5.70921331526e+02
-5.56767756500e+02
-5.81439294834e+02
-5.52400555612e+02
-5.67054105683e+02
-5.56844851287e+02
-5.77481937104e+02
-5.78930976572e+02
-5.74850366472e+02
-5.72525860880e+02
-5.68008338590e+02
-5.65714098115e+02
-5.52897039048e+02
-5.59883094728e+02
-5.49247095938e+02
-5.66642679685e+02
-5.66984428677e+02
-5.77490003222e+02
-5.63624069787e+02
-5.61938471173e+02
-5.67091955107e+02
-5.70319446697e+02
-5.61376839388e+02
-5.59904348208e+02
-5.66660426926e+02
-5.70313217221e+02
-5.72961091277e+02
-5.70618101874e+02
-5.56045216479e+02
-5.57867960667e+02
-5.76035893936e+02
-5.65809390308e+02
-5.63424249179e+02
-5.52427907505e+02
-5.52389296850e+02
-5.70774186185e+02
-5.60966804814e+02
-5.64194663437e+02
-5.64476363374e+02
-5.75864371427e+02
-5.56018327043e+02
-5.63530532862e+02
-5.69684007607e+02
-5.65080640903e+02
-5.63511365304e+02
-5.60632144414e+02
-5.63481826819e+02
-5.58478087891e+02
-5.66322635613e+02
-5.67377574615e+02
-5.59268673436e+02
-5.73219015304e+02
-5.53231981170e+02
-5.69317384078e+02
-5.75196214678e+02
-5.75684428276e+02
-5.73868327203e+02
-5.71406548392e+02
-5.60829752918e+02
-5.72983142624e+02
-5.56732800985e+02
-5.69302626132e+02
-5.60111334545e+02
-5.64344119054e+02
-5.65765308020e+02
-5.60090736344e+02
-5.62098013670e+02
-5.65190532649e+02
-5.65218006439e+02
-5.78662887450e+02
-5.67311962146e+02
-5.66816502673e+02
-5.64385061509e+02
-5.66728383635e+02
-5.62104466579e+02
-5.59938819563e+02
-5.49936158512e+02
-5.66467870688e+02
-5.61908513479e+02
-5.60793787152e+02
-5.52794890192e+02
-5.60751369643e+02
-5.81334159807e+02
-5.68974392167e+02
-5.68974018329e+02
-5.66080863304e+02
-5.75232438061e+02
-5.67492397927e+02
-5.63841281535e+02
-5.75801646901e+02
-5.72512167380e+02
-5.63732689072e+02
-5.65214635622e+02
-5.55675827654e+02
-5.69380053028e+02
-5.71007848683e+02
-5.51249207467e+02
-5.71538423978e+02
-5.75064569831e+02
-5.71541425834e+02
-5.74805037182e+02
-5.58811050314e+02
-5.66697274341e+02
-5.68492574202e+02
-5.60072595999e+02
-5.55409396495e+02
-5.63058383255e+02
-5.71433016619e+02
-5.64505229971e+02
-5.79908511364e+02
-5.62806729083e+02
-5.66134746064e+02
-5.47392290101e+02
-5.67933694960e+02
-5.60480379529e+02
-5.64792258305e+02
-5.66871785077e+02
-5.53931832513e+02
-5.53742263765e+02
-5.63285841924e+02
-5.51416187186e+02
-5.64283457537e+02
-5.52997880378e+02
-5.68684015614e+02
-5.65297616448e+02
-5.80098832172e+02
-5.64814389262e+02
-5.66808766186e+02
-5.61875792257e+02
-5.65220749839e+02
-5.58318115573e+02
-5.55144358962e+02
-5.57934291126e+02
-5.64621939427e+02
-5.72879904739e+02
-5.63786185875e+02
-5.75602578131e+02
-5.55735341190e+02
-5.72546503647e+02
-5.64280244082e+02
-5.59733655029e+02
-5.63083205254e+02
-5.75324039255e+02
-5.75471049788e+02
-5.54000671798e+02
-5.69638969718e+02
-5.74715171391e+02
-5.78274388392e+02
-5.62280748509e+02
-5.71571514941e+02
-5.64639401962e+02
-5.73105418215e+02
-5.58008711348e+02
-5.54546280098e+02
-5.61598835368e+02
-5.60710069609e+02
-5.59040478539e+02
-5.73867544672e+02
-5.64491534423e+02
-5.62386834510e+02
-5.67508676852e+02
-5.65391572597e+02
-5.63172849001e+02
-5.70492188490e+02
-5.65578188798e+02
-5.77442996825e+02
-5.62831567898e+02
-5.68741631647e+02
-5.64817786637e+02
-5.61801230039e+02
-5.68106811867e+02
-5.66163984482e+02
-5.58837227364e+02
-5.65466863993e+02
-5.54909588402e+02
-5.59307988897e+02
-5.66789097961e+02
-5.69244114185e+02
-5.69096696538e+02
-5.66794266030e+02
-5.66601819942e+02
-5.61320876548e+02
-5.69437686053e+02
-5.57826147998e+02
-5.74871737727e+02
-5.64290457696e+02
-5.62133764701e+02
-5.64569405818e+02
-5.57751593385e+02
-5.64215260346e+02
-5.67285571986e+02
-5.70986207089e+02
-5.53831956622e+02
-5.72612397540e+02
-5.63813874173e+02
-5.65366960045e+02
-5.53907514451e+02
-5.63936296547e+02
-5.62574256312e+02
-5.60202183615e+02
-5.73909601489e+02
-5.55111184710e+02
-5.74307440760e+02
-5.58312678966e+02
-5.49800297886e+02
-5.69952842990e+02
-5.51043338479e+02
-5.69768690073e+02
-5.65973467026e+02
-5.56708381414e+02
-5.65918409950e+02
-5.71788496739e+02
-5.65243877109e+02
-5.75845688739e+02
-5.74885104742e+02
-5.62758061220e+02
-5.77410290292e+02
-5.38791631066e+02
-5.63625912174e+02
-5.70323612352e+02
-5.74248665525e+02
-5.60110043249e+02
-5.74849732051e+02
-5.64328920882e+02
-5.74295551076e+02
-5.79366979605e+02
-5.62302903237e+02
-5.77499673430e+02
-5.82905196363e+02
-5.65918283447e+02
-5.61954078524e+02
-5.62102483562e+02
-5.69982597193e+02
-5.59091600901e+02
-5.78275742443e+02
-5.72032359047e+02
-5.74583321977e+02
-5.69144536003e+02
-5.79116392123e+02
-5.59669178893e+02
-5.73945523849e+02
-5.74612479096e+02
-5.65628465679e+02
-5.59486663315e+02
-5.65684048791e+02
-5.60259869546e+02
-5.70238608284e+02
-5.60523857699e+02
-5.78870273786e+02
-5.74919724754e+02
-5.77382173051e+02
-5.67508799735e+02
-5.61807462677e+02
-5.68914097477e+02
-5.52888369497e+02
-5.64122011050e+02
-5.63197438475e+02
-5.74517829792e+02
-5.65618703234e+02