7.66248796943e+00
7.65383272142e+00
7.65858582149e+00
7.66339649138e+00
7.66124649862e+00
7.66033906806e+00
7.65928725331e+00
7.65859439561e+00
7.66095925886e+00
7.66454407915e+00
7.65948925871e+00
7.66407909914e+00
7.66015110304e+00
7.66084808528e+00
7.65856553454e+00
7.66346855437e+00
7.65945543807e+00
7.66050946829e+00
7.66107484893e+00
7.66391278316e+00
7.66466016833e+00
7.66221511893e+00
7.65930817888e+00
7.65808070790e+00
7.66017185887e+00
7.66204307624e+00
7.66175711940e+00
7.66087075451e+00
7.65962798893e+00
7.66073017863e+00
7.66727535545e+00
7.65969249802e+00
7.65647551701e+00
7.66220476081e+00
7.66242934347e+00
7.66033757349e+00
7.66183377668e+00
7.65945499974e+00
7.65909454426e+00
7.65784945692e+00
7.65829667901e+00
7.66158626362e+00
7.66202663308e+00
7.66440667501e+00
7.65922482819e+00
7.65902936375e+00
7.66342259821e+00
7.65900463078e+00
7.66245266038e+00
7.66198176067e+00
7.65959722427e+00
7.66201971345e+00
7.65935603723e+00
7.66124522717e+00
7.66231727561e+00
7.66302397381e+00
7.66198268472e+00
7.66141513185e+00
7.66129719799e+00
7.66307991120e+00
7.65950875357e+00
7.65909941378e+00
7.65999494114e+00
7.66218947466e+00
7.65874788958e+00
7.66097083066e+00
7.66148100300e+00
7.65930005883e+00
7.65956867856e+00
7.65756783116e+00
7.66378992143e+00
7.65942617536e+00
7.65763233497e+00
7.65773742540e+00
7.65892375428e+00
7.65885409091e+00
7.65829487875e+00
7.66043826892e+00
7.65782462040e+00
7.65801224143e+00
7.66226215784e+00
7.66049745957e+00
7.65910845569e+00
7.65975411526e+00
7.66013879795e+00
7.66286192850e+00
7.65768220249e+00
7.65619803497e+00
7.66183476137e+00
7.66154025731e+00
7.66261483524e+00
7.65715425119e+00
7.66021115692e+00
7.66035619839e+00
7.66221387122e+00
7.65860051189e+00
7.65884398093e+00
7.66131232125e+00
7.65817757059e+00
7.65771927635e+00
7.65914129020e+00
7.66141126410e+00
7.65840274940e+00
7.65831522014e+00
7.65487553229e+00
7.65585176065e+00
7.66136877124e+00
7.66049771212e+00
7.65841528963e+00
7.65883905054e+00
7.66118316165e+00
7.66081412675e+00
7.66090240355e+00
7.65729928643e+00
7.66092705888e+00
7.66184305305e+00
7.66228330367e+00
7.65727154865e+00
7.65950473577e+00
7.66244318975e+00
7.66242636740e+00
7.65832960329e+00
7.66330349029e+00
7.66115289378e+00
7.65908317603e+00
7.66088729982e+00
7.66021535552e+00
7.65668607972e+00
7.66443672909e+00
7.65575049134e+00
7.66391889151e+00
7.65994206823e+00
7.65916686309e+00
7.66295083927e+00
7.65738840515e+00
7.65647803810e+00
7.66256262325e+00
7.66126961611e+00
7.66236480389e+00
7.65876475529e+00
7.66055603981e+00
7.65880646720e+00
7.65510113855e+00
7.66106804299e+00
7.65818018383e+00
7.66511032339e+00
7.65844772715e+00
7.66598166522e+00
7.66046096948e+00
7.65921197390e+00
7.66425706894e+00
7.65919014571e+00
7.65962246109e+00
7.65943422089e+00
7.65804998137e+00
7.66071089708e+00
7.66004621239e+00
7.66448454971e+00
7.66088730961e+00
7.66228916230e+00
7.65828951077e+00
7.66128266060e+00
7.65809624341e+00
7.66298904115e+00
7.66072743524e+00
7.66599001390e+00
7.66462338743e+00
7.65831484827e+00
7.65608699841e+00
7.66547355358e+00
7.66265733184e+00
7.65910976332e+00
7.65897737782e+00
7.65820204679e+00
7.66149546055e+00
7.65960357634e+00
7.65854670828e+00
7.66079258693e+00
7.66311452044e+00
7.66090286469e+00
7.66336469583e+00
7.65982181989e+00
7.66134528100e+00
7.66351846893e+00
7.66157769822e+00
7.66192090583e+00
7.66176783794e+00
7.66430847872e+00
7.65939820198e+00
7.66037310173e+00
7.66002519990e+00
7.66035330897e+00
7.65944802565e+00
7.66284305869e+00
7.66078640810e+00
7.65890657495e+00
7.66133940941e+00
7.66138017138e+00
7.66055584447e+00
7.66183446713e+00
7.66218538560e+00
7.65646591026e+00
7.65861740077e+00
7.66184281838e+00
7.66173623164e+00
7.65574516584e+00
7.66122641813e+00
7.65970255214e+00
7.66015381388e+00
7.66094494500e+00
7.66407748031e+00
7.66209167406e+00
7.65675906479e+00
7.65877589273e+00
7.65942610659e+00
7.66397645775e+00
7.66272142175e+00
7.65827478738e+00
7.66224861293e+00
7.65839625939e+00
7.65642767752e+00
7.65916788845e+00
7.66430957193e+00
7.66178245646e+00
7.65970978296e+00
7.65931523473e+00
7.66050399944e+00
7.65939768607e+00
7.66123802913e+00
7.66018271163e+00
7.65888734219e+00
7.66291109923e+00
7.66107200598e+00
7.65971057026e+00
7.66493102804e+00
7.66021704896e+00
7.65901993092e+00
7.66191091638e+00
7.66070296532e+00
7.65942202204e+00
7.66011850261e+00
7.66198577697e+00
7.65940905205e+00
7.65876500649e+00
7.66007549342e+00
7.66131737861e+00
7.65760909054e+00
7.66017535406e+00
7.66154298991e+00
7.66183430582e+00
7.65634303306e+00
7.65845702009e+00
7.66312253815e+00
7.65968831554e+00
7.65601222867e+00
7.66162663656e+00
7.66021183202e+00
7.65703328325e+00
7.66065437711e+00
7.66335852177e+00
7.66398457306e+00
7.66239397851e+00
7.66031656028e+00
7.66650309292e+00
7.65947899305e+00
7.66346770433e+00
7.66192574880e+00
7.66119547687e+00
7.65846702138e+00
7.66292626722e+00
7.66263247563e+00
7.65907854479e+00
7.66341105604e+00
7.65819798446e+00
7.66098620692e+00
7.65694981853e+00
7.65988965663e+00
7.66296904516e+00
7.66300739718e+00
7.66126845691e+00
7.66413096667e+00
7.66068326018e+00
7.65927332132e+00
7.66218168854e+00
7.66045272818e+00
7.66403499293e+00
7.65703466010e+00
7.66035978944e+00
7.65830770556e+00
7.65956853584e+00
7.65770609315e+00
7.66029379371e+00
7.66248193792e+00
7.66121051939e+00
7.65626128527e+00
7.65814431416e+00
7.66122829366e+00
7.66216474859e+00
7.66181807129e+00
7.66297130284e+00
7.65606655247e+00
7.66186874952e+00
7.65879973141e+00
7.66118812342e+00
7.65524741913e+00
7.65880702063e+00
7.65791561536e+00
7.66243155217e+00
7.66010046334e+00
7.66002696707e+00
7.66088676624e+00
7.66056749083e+00
7.66093712659e+00
7.66101141674e+00
7.65826843258e+00
7.65883239131e+00
7.66150149314e+00
7.66222213925e+00
7.65973957870e+00
7.65685281437e+00
7.66022812184e+00
7.65869868697e+00
7.65933728065e+00
7.65950487869e+00
7.65852687290e+00
7.65761140657e+00
7.65957131454e+00
7.65969317262e+00
7.66043005942e+00
7.65911214713e+00
7.65936273318e+00
7.66123037406e+00
7.66125465569e+00
7.65879290878e+00
7.65804445376e+00
7.65733155572e+00
7.66100557168e+00
7.65754478941e+00
7.65972012884e+00
7.66251972976e+00
7.65711618373e+00
7.65887705707e+00
7.66075437400e+00
7.66071800104e+00
7.66320517776e+00
7.66055699157e+00
7.66373048836e+00
7.66552206479e+00
7.66161500414e+00
7.66009366639e+00
7.65816862847e+00
7.66045881686e+00
7.65884062168e+00
7.66031823900e+00
7.65655447884e+00
7.65981432709e+00
7.66040744693e+00
7.66103267614e+00
7.65910438383e+00
7.66207480086e+00
7.65487403702e+00
7.66296633871e+00
7.65899219150e+00
7.66018907506e+00
7.66281009627e+00
7.65744201618e+00
7.65864402790e+00
7.65841988922e+00
7.65722073369e+00
7.65871649883e+00
7.66204444496e+00
7.66162917025e+00
7.66035832570e+00
7.65987707315e+00
7.66359908168e+00
7.65922164124e+00
7.65949349699e+00
7.66049812514e+00
7.66169848425e+00
7.66138251293e+00
7.66284733341e+00
7.65676851950e+00
7.66238849423e+00
7.65904849333e+00
7.66181406605e+00
7.65822091027e+00
7.66120458640e+00
7.66251725537e+00
7.65991817756e+00
7.66154952794e+00
7.65624948989e+00
7.66251975108e+00
7.66173991828e+00
7.66145095386e+00
7.65963477398e+00
7.66194792272e+00
7.66112272814e+00
7.65879448762e+00
7.66443021543e+00
7.66046790694e+00
7.65934169105e+00
7.65899628402e+00
7.65966594689e+00
7.66160278658e+00
7.66089405528e+00
7.66697790933e+00
7.66271794346e+00
7.65661162852e+00
7.65935344410e+00
7.65862291685e+00
7.66042936311e+00
7.65805885112e+00
7.66257831746e+00
7.66130070314e+00
7.66055949215e+00
7.66305427716e+00
7.66017390321e+00
7.65886990425e+00
7.66307179642e+00
7.65886870107e+00
7.65677312897e+00
7.66014095567e+00
7.65666011273e+00
7.65919109283e+00
7.66162398000e+00
7.66161425590e+00
7.65911715090e+00
7.65907266030e+00
7.66316479615e+00
7.65984483201e+00
7.66326606379e+00
7.65877049614e+00
7.65921937762e+00
7.66172162480e+00
7.65829420202e+00
7.66179440518e+00
7.66421074508e+00
7.66275927422e+00
7.66131221334e+00
7.65842073821e+00
7.65885081753e+00
7.66287757099e+00
7.66163983038e+00
7.65885337555e+00
7.66199610318e+00
7.66001571910e+00
7.66471080003e+00
7.66390330639e+00
7.66168533116e+00
7.66200756366e+00
7.66047298947e+00
7.65902524534e+00
7.65944553965e+00
7.65956997144e+00
7.65722889363e+00
7.65811474202e+00
7.66159530909e+00
7.65986289060e+00
7.66098252411e+00
7.66097779650e+00
7.66197853148e+00
7.66395586436e+00
7.65929266654e+00
7.65923897342e+00
7.66078799391e+00
7.66355698731e+00
7.65915593629e+00
7.66086267083e+00
7.66016983572e+00
7.65899102306e+00
7.66020300902e+00
7.66070906768e+00
7.66044374718e+00
7.65830895698e+00
7.65750647360e+00
7.65492643830e+00
7.66214780439e+00
7.66077053157e+00
7.66258370479e+00
7.66403881107e+00
7.66229445486e+00
7.66050678243e+00
7.65928766075e+00
7.66078599651e+00
7.65956560059e+00
7.65944730702e+00
7.66017019980e+00
7.66283990873e+00
7.66285989455e+00
7.65729591677e+00
7.66655513085e+00
7.65903048561e+00
7.66003176440e+00
7.66253562362e+00
7.66313709517e+00
7.65942784384e+00
7.66055308074e+00
7.66136716646e+00
7.66043235456e+00
7.65701300137e+00
7.66020927013e+00