2.75310975651e+00
2.74644088674e+00
2.73839147301e+00
2.74951375820e+00
2.74560244962e+00
2.73473152699e+00
2.74209728402e+00
2.74916146356e+00
2.73637111324e+00
2.75511769292e+00
2.74891024534e+00
2.73338381733e+00
2.74675078469e+00
2.73063519082e+00
2.74074125498e+00
2.74368121846e+00
2.74677349114e+00
2.74460770661e+00
2.73342512186e+00
2.74164539367e+00
2.73474489885e+00
2.73590217150e+00
2.74372959934e+00
2.74230181395e+00
2.73711439104e+00
2.74928590611e+00
2.73646470762e+00
2.74526462244e+00
2.73667956034e+00
2.75050716790e+00
2.74961982905e+00
2.74793054188e+00
2.73360867296e+00
2.74556640323e+00
2.73741350675e+00
2.73446965256e+00
2.74598587626e+00
2.74878065980e+00
2.74497672279e+00
2.75674004532e+00
2.73647211322e+00
2.73828697264e+00
2.73535087802e+00
2.74190159582e+00
2.73131201991e+00
2.73676450954e+00
2.75090996063e+00
2.73705491419e+00
2.75240590767e+00
2.75037875571e+00
2.74674950613e+00
2.74090022207e+00
2.74832112449e+00
2.74252176657e+00
2.73863174916e+00
2.75794018425e+00
2.73555156196e+00
2.73777486226e+00
2.74941586568e+00
2.74184972312e+00
2.73819213866e+00
2.73372023738e+00
2.74238157244e+00
2.74038510145e+00
2.74496063115e+00
2.75250732584e+00
2.75163256738e+00
2.74846982860e+00
2.73873626010e+00
2.74749562705e+00
2.74750853809e+00
2.75444485541e+00
2.74590604790e+00
2.76431927263e+00
2.74681424852e+00
2.73540696464e+00
2.74646353652e+00
2.74096509303e+00
2.75195448532e+00
2.74039332881e+00
2.75324225601e+00
2.73401895904e+00
2.74696622038e+00
2.75267788557e+00
2.74229491671e+00
2.74569114806e+00
2.74454964367e+00
2.74146192524e+00
2.73580490932e+00
2.74682014124e+00
2.74190855111e+00
2.74093796524e+00
2.73394975238e+00
2.72798900507e+00
2.75927827679e+00
2.73623080404e+00
2.74050646842e+00
2.73830177983e+00
2.74558944032e+00
2.73295057817e+00
2.74563344800e+00
2.74688359707e+00
2.74004256996e+00
2.74918765220e+00
2.73068031921e+00
2.74286432823e+00
2.73862677773e+00
2.74527192205e+00
2.73576162696e+00
2.74739291314e+00
2.73680665061e+00
2.73702330397e+00
2.75300113004e+00
2.74660966550e+00
2.74043374163e+00
2.74149659861e+00
2.75233805987e+00
2.74155312366e+00
2.73898190965e+00
2.73886088873e+00
2.75427563832e+00
2.73836445144e+00
2.73240666229e+00
2.74757872175e+00
2.75081357034e+00
2.74460127765e+00
2.74555953327e+00
2.73852021555e+00
2.74404676412e+00
2.75087089583e+00
2.73534811602e+00
2.73299368571e+00
2.74087986528e+00
2.75056288776e+00
2.72821808051e+00
2.74093861755e+00
2.75355314982e+00
2.73831882571e+00
2.75594136390e+00
2.74058378895e+00
2.73415333270e+00
2.74731756637e+00
2.74735688631e+00
2.73547030097e+00
2.74578676942e+00
2.74728398426e+00
2.74461437481e+00
2.74201865154e+00
2.74690328237e+00
2.73909999380e+00
2.75264341526e+00
2.75705187718e+00
2.74422967575e+00
2.74455426055e+00
2.74550645223e+00
2.74385859538e+00
2.74333289614e+00
2.74916787761e+00
2.73497762286e+00
2.74759983820e+00
2.74902468646e+00
2.73650162737e+00
2.73651026561e+00
2.74416750862e+00
2.73887566485e+00
2.74919472216e+00
2.74763238908e+00
2.74051813358e+00
2.73857860226e+00
2.73542446383e+00
2.73930661642e+00
2.74541131131e+00
2.74200202541e+00
2.75112894277e+00
2.74888758370e+00
2.75467200139e+00
2.74589522211e+00
2.73923625791e+00
2.74937834252e+00
2.74161623054e+00
2.74475167239e+00
2.74066663508e+00
2.73852577965e+00
2.72811419215e+00
2.74695623379e+00
2.75601456410e+00
2.74518336530e+00
2.74624795821e+00
2.74551743725e+00
2.73115448805e+00
2.74711446440e+00
2.74982128422e+00
2.73708900295e+00
2.73330977765e+00
2.75017867138e+00
2.74416515782e+00
2.75437210925e+00
2.74939926535e+00
2.74402828322e+00
2.74509007578e+00
2.75429267362e+00
2.73265184906e+00
2.74877114929e+00
2.74431276578e+00
2.74848747848e+00
2.73404085927e+00
2.73760646042e+00
2.74866771301e+00
2.73769575285e+00
2.75087104210e+00
2.74202813331e+00
2.73614889450e+00
2.74198882941e+00
2.74821610177e+00
2.73814538120e+00
2.74830066855e+00
2.73987063694e+00
2.74191346637e+00
2.74550106617e+00
2.73701863681e+00
2.74042038976e+00
2.74472223221e+00
2.75514322032e+00
2.74130756245e+00
2.73750559382e+00
2.74392952805e+00
2.74414688745e+00
2.75203710011e+00
2.74134986846e+00
2.75527723908e+00
2.73131968451e+00
2.73178173904e+00
2.73205670878e+00
2.74123373338e+00
2.74999133506e+00
2.74175392432e+00
2.75041843458e+00
2.74076369477e+00
2.74185904437e+00
2.75112465957e+00
2.75710305889e+00
2.72961512719e+00
2.74353501731e+00
2.73578794983e+00
2.74248608005e+00
2.75190451352e+00
2.73574932655e+00
2.73282539605e+00
2.74564684956e+00
2.74375274597e+00
2.75678818887e+00
2.74838836509e+00
2.75567593173e+00
2.75106141139e+00
2.73634690703e+00
2.73011882126e+00
2.74634671832e+00
2.74590061393e+00
2.74576108312e+00
2.74029814593e+00
2.74533823277e+00
2.73981164271e+00
2.74633927993e+00
2.74897032858e+00
2.74899955095e+00
2.73832653198e+00
2.75001229593e+00
2.74943762759e+00
2.74495585875e+00
2.74234014843e+00
2.73680555561e+00
2.74164650332e+00
2.74769221751e+00
2.74412391060e+00
2.73454795783e+00
2.74552525567e+00
2.73657727496e+00
2.74438844033e+00
2.73531602637e+00
2.73259154040e+00
2.73201477364e+00
2.74793592606e+00
2.75157659776e+00
2.74395995880e+00
2.74437106023e+00
2.75516499483e+00
2.73886352755e+00
2.73465384856e+00
2.73974966877e+00
2.75084308247e+00
2.73135406595e+00
2.74341493772e+00
2.74481750991e+00
2.73156900581e+00
2.75037895789e+00
2.73228491086e+00
2.74629342231e+00
2.74373784211e+00
2.74184121661e+00
2.74229091982e+00
2.74569982765e+00
2.73919889997e+00
2.75906421339e+00
2.75007323520e+00
2.74896655271e+00
2.74752100278e+00
2.74936378038e+00
2.73801591805e+00
2.74383059699e+00
2.74940769375e+00
2.73553993248e+00
2.74804569993e+00
2.74064638828e+00
2.74850637304e+00
2.74910533393e+00
2.74700126486e+00
2.73971474405e+00
2.74108326944e+00
2.73648378666e+00
2.74485388227e+00
2.73043463100e+00
2.74015955276e+00
2.74183406169e+00
2.74150074216e+00
2.73483721532e+00
2.73799541127e+00
2.74732996148e+00
2.74563501952e+00
2.73648101654e+00
2.74609702938e+00
2.74670474066e+00
2.73616220815e+00
2.75115094782e+00
2.74428857668e+00
2.76077562356e+00
2.75799729799e+00
2.72313451377e+00
2.74620157872e+00
2.74738872590e+00
2.72971265132e+00
2.74589280206e+00
2.75606338936e+00
2.74006266026e+00
2.73725210457e+00
2.74307760970e+00
2.74651997986e+00
2.74426307272e+00
2.75958620086e+00
2.74424530119e+00
2.74447851959e+00
2.73662081784e+00
2.74253489183e+00
2.73790759966e+00
2.75071023801e+00
2.74325436925e+00
2.73952245893e+00
2.74018617747e+00
2.73822155731e+00
2.75401701959e+00
2.74578245320e+00
2.74931308971e+00
2.74205473575e+00
2.74161053836e+00
2.75343131698e+00
2.74226530222e+00
2.74252683119e+00
2.73985617461e+00
2.74895180682e+00
2.73585478832e+00
2.74212212569e+00
2.73966374340e+00
2.74184699129e+00
2.74721255368e+00
2.75005509101e+00
2.74658324045e+00
2.73756476166e+00
2.75010303327e+00
2.73559153482e+00
2.73958530749e+00
2.74409437556e+00
2.72834216663e+00
2.74858781837e+00
2.73944206689e+00
2.74069560364e+00
2.74381333395e+00
2.75438029879e+00
2.74259322590e+00
2.72632712217e+00
2.74617448044e+00
2.75784372288e+00
2.74246535950e+00
2.74971096097e+00
2.76265130464e+00
2.73583051648e+00
2.73483653715e+00
2.74729331134e+00
2.74998963318e+00
2.74378596380e+00
2.74756303349e+00
2.73942213155e+00
2.74502015809e+00
2.74602500150e+00
2.74908010431e+00
2.73581532810e+00
2.74287550791e+00
2.74876488665e+00
2.74290377720e+00
2.74610620738e+00
2.74154373976e+00
2.74214628315e+00
2.74364698359e+00
2.73611488857e+00
2.73603958816e+00
2.74684653312e+00
2.73162688527e+00
2.74341202171e+00
2.74608150191e+00
2.73590908475e+00
2.74083201002e+00
2.74794743427e+00
2.74617315135e+00
2.73598983085e+00
2.74214739007e+00
2.74897879301e+00
2.73897036687e+00
2.75804117696e+00
2.75260479750e+00
2.73194483642e+00
2.74302641680e+00
2.75448812884e+00
2.73144236671e+00
2.73957520318e+00
2.74818891996e+00
2.73917143356e+00
2.73899372523e+00
2.74051580585e+00
2.73911989584e+00
2.74657754931e+00
2.73038598808e+00
2.75089706074e+00
2.73734138198e+00
2.74139516238e+00
2.73327674610e+00
2.74857564696e+00
2.74502276698e+00
2.74789786341e+00
2.74510809311e+00
2.74273455324e+00
2.74012416580e+00
2.73612939275e+00
2.74984760653e+00
2.74585498005e+00
2.74028334332e+00
2.75181537718e+00
2.74344701995e+00
2.74194758713e+00
2.74436364721e+00
2.73430569174e+00
2.75404308833e+00
2.73941139527e+00
2.75677484639e+00
2.74338995916e+00
2.74937932251e+00
2.74479366928e+00
2.74519880142e+00
2.74112801792e+00
2.75143410033e+00
2.73514637737e+00
2.74963400538e+00
2.74327703506e+00
2.74090698346e+00
2.73087806732e+00
2.75470076668e+00
2.74007897864e+00
2.74204551119e+00
2.74662887906e+00
2.73827703913e+00
2.74466688024e+00
2.74474797414e+00
2.72258993289e+00
2.74945355389e+00
2.73050160776e+00
2.74417313073e+00
2.74105948643e+00
2.73932437268e+00
2.74230531406e+00
2.75356967109e+00
2.74256016734e+00
2.74496203696e+00
2.74855318483e+00
2.75115289149e+00
2.74735036994e+00
2.74377282964e+00
2.74266973538e+00
2.73182363149e+00
2.73268478350e+00
2.74038191992e+00
2.74485308154e+00
2.73074473472e+00
2.73635354459e+00
2.74352103647e+00