1.47377049591e+01
1.46805461602e+01
1.46207297647e+01
1.46720359052e+01
1.46869789826e+01
1.46454984233e+01
1.46261647610e+01
1.46740354619e+01
1.46143442704e+01
1.46467651957e+01
1.46759220087e+01
1.45744253008e+01
1.46585061058e+01
1.47084905138e+01
1.46556111064e+01
1.46489966842e+01
1.46360137487e+01
1.47087579210e+01
1.46154689871e+01
1.46309135348e+01
1.46738011404e+01
1.46345874141e+01
1.46305843675e+01
1.46292671251e+01
1.46296273993e+01
1.46810877240e+01
1.46598021285e+01
1.46585194201e+01
1.46710891209e+01
1.46797805345e+01
1.46970290316e+01
1.46566279910e+01
1.47048007709e+01
1.46926254535e+01
1.46691458679e+01
1.46582347107e+01
1.46103135357e+01
1.47395777952e+01
1.46692105137e+01
1.47260614172e+01
1.46265899887e+01
1.46840009984e+01
1.46558871897e+01
1.47387333335e+01
1.46297632590e+01
1.46080428649e+01
1.46974193053e+01
1.46318302926e+01
1.46283157792e+01
1.46053725668e+01
1.47133377121e+01
1.46703410253e+01
1.46361484629e+01
1.46151537306e+01
1.46889867474e+01
1.47025370481e+01
1.45700517569e+01
1.47015708179e+01
1.47606080612e+01
1.47083264775e+01
1.46407395602e+01
1.46203875763e+01
1.46776519247e+01
1.46544347279e+01
1.46589368411e+01
1.46882239612e+01
1.46318835373e+01
1.46650052133e+01
1.46293107571e+01
1.46432113340e+01
1.46819601670e+01
1.47722616270e+01
1.46693304100e+01
1.46785585155e+01
1.46784501930e+01
1.47192105124e+01
1.46198010243e+01
1.46606109928e+01
1.46591747000e+01
1.46484721025e+01
1.46405604886e+01
1.46763531111e+01
1.46099185741e+01
1.46845509099e+01
1.46167469122e+01
1.46594563214e+01
1.46638094717e+01
1.46883335183e+01
1.46129319458e+01
1.46985811526e+01
1.47063803713e+01
1.46762579285e+01
1.46667015467e+01
1.46613284114e+01
1.46886812552e+01
1.46732932460e+01
1.46497633096e+01
1.47402952781e+01
1.45810831691e+01
1.46115637235e+01
1.47316047542e+01
1.46490037297e+01
1.46558508986e+01
1.47103796819e+01
1.45831499225e+01
1.46162585953e+01
1.46369335841e+01
1.46940523700e+01
1.46166281442e+01
1.46455380289e+01
1.45948145331e+01
1.47139354931e+01
1.46651239347e+01
1.46272231247e+01
1.46554448456e+01
1.46675981438e+01
1.47120012165e+01
1.46856179762e+01
1.46240728070e+01
1.46878571153e+01
1.46403878042e+01
1.46448790026e+01
1.46360630109e+01
1.46613354746e+01
1.46626121828e+01
1.46273276755e+01
1.47043371024e+01
1.46811704113e+01
1.46257480225e+01
1.46717391354e+01
1.46236115189e+01
1.46714421192e+01
1.46592279936e+01
1.46436274463e+01
1.47171076339e+01
1.47236471013e+01
1.47339583587e+01
1.46102159730e+01
1.47362232227e+01
1.47263051727e+01
1.46555671581e+01
1.46472459485e+01
1.47075865277e+01
1.47270524839e+01
1.46906073337e+01
1.46992142581e+01
1.46742317774e+01
1.47369659973e+01
1.46721743000e+01
1.47269017011e+01
1.46902119335e+01
1.46678638979e+01
1.46317698587e+01
1.47177039271e+01
1.46175067547e+01
1.46775953964e+01
1.46076197700e+01
1.46220874592e+01
1.46410169838e+01
1.46725332164e+01
1.46865354391e+01
1.46498733418e+01
1.46829629248e+01
1.46530262009e+01
1.46864052754e+01
1.45904758193e+01
1.46943364980e+01
1.46952413892e+01
1.46768866362e+01
1.46786522288e+01
1.46847623616e+01
1.46436197152e+01
1.46406963711e+01
1.47246581346e+01
1.46365154540e+01
1.46593381678e+01
1.46857187243e+01
1.45430695432e+01
1.46695736398e+01
1.46337288650e+01
1.47125609020e+01
1.46570195345e+01
1.46743538762e+01
1.46348338787e+01
1.45992106234e+01
1.46912860072e+01
1.45896804114e+01
1.47374231594e+01
1.46103441613e+01
1.46929864237e+01
1.46583341949e+01
1.46328461652e+01
1.46506207598e+01
1.46789384863e+01
1.46292351259e+01
1.46814076153e+01
1.46900605265e+01
1.46870930320e+01
1.45847208218e+01
1.47739208959e+01
1.46446646356e+01
1.46269518880e+01
1.46146239605e+01
1.46557948142e+01
1.45609256070e+01
1.46112513500e+01
1.47142786048e+01
1.47377221444e+01
1.46612270602e+01
1.46459315081e+01
1.46086340102e+01
1.46604127713e+01
1.46763917347e+01
1.46183155734e+01
1.46309971837e+01
1.46340775079e+01
1.46140883731e+01
1.46795036116e+01
1.46129948337e+01
1.46202581022e+01
1.46632050885e+01
1.46090655931e+01
1.46470483232e+01
1.46402710327e+01
1.46261247286e+01
1.46323472138e+01
1.46815162613e+01
1.46954226293e+01
1.46614769678e+01
1.47200678752e+01
1.46773252919e+01
1.46918839865e+01
1.46562370752e+01
1.47076305128e+01
1.46860633634e+01
1.46783314549e+01
1.46822914220e+01
1.46434221944e+01
1.47107302453e+01
1.46902905175e+01
1.46689357539e+01
1.46409227911e+01
1.46572557397e+01
1.46355014566e+01
1.46590655520e+01
1.46276560005e+01
1.47026650536e+01
1.46801007493e+01
1.45503516864e+01
1.46825216272e+01
1.46685556392e+01
1.46701955381e+01
1.46187507090e+01
1.46899217137e+01
1.46833686654e+01
1.46055782764e+01
1.46583036735e+01
1.46157143685e+01
1.46196134485e+01
1.45823147707e+01
1.47221856975e+01
1.46387332552e+01
1.46486824930e+01
1.46161749554e+01
1.46322180617e+01
1.45852967284e+01
1.47159373656e+01
1.46576743170e+01
1.46200370935e+01
1.46892045539e+01
1.46906632753e+01
1.46011299813e+01
1.46863559594e+01
1.46916624088e+01
1.46572260649e+01
1.47281706050e+01
1.45948320863e+01
1.46878853992e+01
1.46423840176e+01
1.46859500739e+01
1.45951144226e+01
1.45375112505e+01
1.46477086063e+01
1.46492573387e+01
1.46034564197e+01
1.47140472780e+01
1.46861341981e+01
1.45946007851e+01
1.46378756524e+01
1.46880193576e+01
1.46714406573e+01
1.46643622612e+01
1.46650949687e+01
1.46238429546e+01
1.46363107929e+01
1.45986423125e+01
1.46013706690e+01
1.47250217500e+01
1.47208052729e+01
1.46196219984e+01
1.47106269447e+01
1.46557901098e+01
1.47000975265e+01
1.47180014104e+01
1.46717711664e+01
1.46966500471e+01
1.46511671415e+01
1.46134543068e+01
1.46157063894e+01
1.46883892481e+01
1.46297640828e+01
1.46212934551e+01
1.46195786281e+01
1.45994695205e+01
1.46832555398e+01
1.46768795162e+01
1.46576716814e+01
1.46474028697e+01
1.46774755035e+01
1.46995414146e+01
1.45976915122e+01
1.46743936234e+01
1.46745489599e+01
1.45822557685e+01
1.45737199167e+01
1.46641932344e+01
1.47186286408e+01
1.45930346610e+01
1.46235163485e+01
1.46831588222e+01
1.47685288699e+01
1.45829305106e+01
1.47200482082e+01
1.46557349015e+01
1.47223865534e+01
1.47462206412e+01
1.47271848110e+01
1.46947346250e+01
1.47178984685e+01
1.45712590881e+01
1.46093555944e+01
1.47385584389e+01
1.46175141359e+01
1.45750878973e+01
1.46560340489e+01
1.46259999417e+01
1.46245814662e+01
1.47164285198e+01
1.46626715155e+01
1.45295880652e+01
1.46896637783e+01
1.46551920909e+01
1.47137471662e+01
1.46740762497e+01
1.47183062745e+01
1.46426507793e+01
1.45729571256e+01
1.46369747325e+01
1.46643143060e+01
1.46737850691e+01
1.47131792504e+01
1.46549634842e+01
1.46291437290e+01
1.46859389533e+01
1.46813862329e+01
1.46593987353e+01
1.46736667742e+01
1.47380760451e+01
1.46306302754e+01
1.46509364623e+01
1.46364934634e+01
1.45743126224e+01
1.46596328276e+01
1.47258480755e+01
1.46326339386e+01
1.46353824784e+01
1.47290696111e+01
1.46487670316e+01
1.45979521181e+01
1.47717348203e+01
1.45606098843e+01
1.47085254132e+01
1.46587730377e+01
1.46846390318e+01
1.46243327735e+01
1.46713989255e+01
1.46740936996e+01
1.46233557352e+01
1.46734435964e+01
1.46893343373e+01
1.46354846940e+01
1.46326622628e+01
1.47434881169e+01
1.46033672036e+01
1.46023989890e+01
1.46236057244e+01
1.46769501729e+01
1.46419619221e+01
1.46610290082e+01
1.45759393888e+01
1.47210719182e+01
1.46961087028e+01
1.46945994386e+01
1.46676921671e+01
1.46090378885e+01
1.47121662964e+01
1.45696010510e+01
1.47006352003e+01
1.46180663683e+01
1.46607470246e+01
1.46431742253e+01
1.46580332573e+01
1.46195214700e+01
1.46648298839e+01
1.46259377779e+01
1.46623732684e+01
1.46600578377e+01
1.45706301088e+01
1.46588324070e+01
1.47367428578e+01
1.46422662354e+01
1.46431260290e+01
1.46491858456e+01
1.46890832030e+01
1.46561334956e+01
1.46804747812e+01
1.46520410849e+01
1.45660353553e+01
1.47133889558e+01
1.46865675192e+01
1.45580039019e+01
1.45643251358e+01
1.46703052072e+01
1.46462080127e+01
1.46671970938e+01
1.47104261930e+01
1.46524639244e+01
1.46975350413e+01
1.46081008468e+01
1.46754343959e+01
1.46473578458e+01
1.46306759447e+01
1.46829552140e+01
1.46913269852e+01
1.45834009322e+01
1.45786991906e+01
1.46297803613e+01
1.47038274925e+01
1.46230015548e+01
1.46019841246e+01
1.46250975500e+01
1.46487520176e+01
1.46687535949e+01
1.46505856265e+01
1.46867179319e+01
1.46282466867e+01
1.45980434554e+01
1.46627777646e+01
1.47079315927e+01
1.45704072331e+01
1.47180118217e+01
1.46505491396e+01
1.46399564473e+01
1.46901534870e+01
1.46466060019e+01
1.46012556755e+01
1.46239669664e+01
1.46332687842e+01
1.45506485957e+01
1.47040269129e+01
1.46574660363e+01
1.46275709263e+01
1.46947262273e+01
1.45819091915e+01
1.46700976064e+01
1.46035541310e+01
1.46259358758e+01
1.46348680143e+01
1.46916521884e+01
1.46277413510e+01
1.46974367546e+01
1.46711648550e+01
1.46532434199e+01
1.46423523628e+01
1.46252254222e+01
1.45987706223e+01
1.46553462337e+01
1.46270566280e+01
1.46203852091e+01
1.46392098333e+01
1.46533153428e+01
1.47209354061e+01
1.46343335476e+01
1.45772623634e+01
1.45941223699e+01
1.46105524829e+01
1.46461456943e+01
1.46901892504e+01
1.47124717409e+01
1.46251102239e+01
1.46583973898e+01