-1.49000440432e+01
-1.48365206773e+01
-1.47801864434e+01
-1.48324583874e+01
-1.48419838454e+01
-1.48041765696e+01
-1.47862091411e+01
-1.48374312294e+01
-1.47762839833e+01
-1.48021435604e+01
-1.48372208652e+01
-1.47314658027e+01
-1.48167820429e+01
-1.48678758622e+01
-1.48160188887e+01
-1.48070051952e+01
-1.47905759695e+01
-1.48664047113e+01
-1.47711768984e+01
-1.47887230905e+01
-1.48314200950e+01
-1.47913124356e+01
-1.47899636648e+01
-1.47887048133e+01
-1.47916345007e+01
-1.48403984488e+01
-1.48180115650e+01
-1.48179693663e+01
-1.48312782858e+01
-1.48372773329e+01
-1.48594737644e+01
-1.48149970998e+01
-1.48659777509e+01
-1.48486256079e+01
-1.48278114424e+01
-1.48155771211e+01
-1.47666961135e+01
-1.49016960886e+01
-1.48309190569e+01
-1.48844999275e+01
-1.47862190006e+01
-1.48435818571e+01
-1.48157610711e+01
-1.49004871382e+01
-1.47890623826e+01
-1.47664100186e+01
-1.48601595625e+01
-1.47915191027e+01
-1.47865723643e+01
-1.47643702047e+01
-1.48716971569e+01
-1.48285705019e+01
-1.47908254794e+01
-1.47706312304e+01
-1.48484366463e+01
-1.48557257743e+01
-1.47277270817e+01
-1.48614500565e+01
-1.49201709569e+01
-1.48674450154e+01
-1.47967015558e+01
-1.47784465163e+01
-1.48343777535e+01
-1.48096244048e+01
-1.48176061227e+01
-1.48455188469e+01
-1.47941832428e+01
-1.48257402034e+01
-1.47911115613e+01
-1.47995752808e+01
-1.48406811357e+01
-1.49326775447e+01
-1.48227625488e+01
-1.48368619608e+01
-1.48397896007e+01
-1.48802048430e+01
-1.47795430199e+01
-1.48219540770e+01
-1.48158425488e+01
-1.48084264877e+01
-1.47986190403e+01
-1.48391531488e+01
-1.47663266150e+01
-1.48412114619e+01
-1.47772872262e+01
-1.48201077331e+01
-1.48222900499e+01
-1.48458091848e+01
-1.47688853497e+01
-1.48558411706e+01
-1.48652903459e+01
-1.48330473970e+01
-1.48277262277e+01
-1.48218870626e+01
-1.48427971955e+01
-1.48331316529e+01
-1.48076194984e+01
-1.48936697022e+01
-1.47382849793e+01
-1.47722355819e+01
-1.48937401580e+01
-1.48074816502e+01
-1.48117406559e+01
-1.48679979391e+01
-1.47453375947e+01
-1.47738294098e+01
-1.47918245758e+01
-1.48537585545e+01
-1.47748862021e+01
-1.48018244900e+01
-1.47540497577e+01
-1.48750710462e+01
-1.48217735323e+01
-1.47884724637e+01
-1.48165648582e+01
-1.48253735982e+01
-1.48715158458e+01
-1.48463940378e+01
-1.47820300605e+01
-1.48451634267e+01
-1.47977631035e+01
-1.48056422634e+01
-1.47948193613e+01
-1.48221373388e+01
-1.48249842315e+01
-1.47867113361e+01
-1.48632043444e+01
-1.48369586855e+01
-1.47867290452e+01
-1.48307346616e+01
-1.47832388964e+01
-1.48291001790e+01
-1.48157666208e+01
-1.48038320795e+01
-1.48790908175e+01
-1.48836918531e+01
-1.48939580798e+01
-1.47719055218e+01
-1.48952296381e+01
-1.48855616433e+01
-1.48115738646e+01
-1.48058143040e+01
-1.48656139923e+01
-1.48846404664e+01
-1.48519692667e+01
-1.48587069878e+01
-1.48335765337e+01
-1.48959318494e+01
-1.48274539088e+01
-1.48870673791e+01
-1.48487873016e+01
-1.48269224475e+01
-1.47931605365e+01
-1.48785015453e+01
-1.47743698324e+01
-1.48410310044e+01
-1.47658470487e+01
-1.47825927911e+01
-1.47983281225e+01
-1.48322539447e+01
-1.48450173794e+01
-1.48082916693e+01
-1.48456090647e+01
-1.48089610280e+01
-1.48470690519e+01
-1.47456138258e+01
-1.48527588806e+01
-1.48568615286e+01
-1.48354208390e+01
-1.48364725115e+01
-1.48407630175e+01
-1.48049553051e+01
-1.48017732560e+01
-1.48833284535e+01
-1.47918707322e+01
-1.48158749365e+01
-1.48459088762e+01
-1.47014529169e+01
-1.48320604714e+01
-1.47934321004e+01
-1.48701937854e+01
-1.48171998864e+01
-1.48362611584e+01
-1.47941076090e+01
-1.47554624325e+01
-1.48515620497e+01
-1.47478237048e+01
-1.48959201336e+01
-1.47700648878e+01
-1.48491073859e+01
-1.48167941768e+01
-1.47901822717e+01
-1.48053251142e+01
-1.48389417505e+01
-1.47850464629e+01
-1.48430417130e+01
-1.48492665149e+01
-1.48483805510e+01
-1.47423627708e+01
-1.49318550152e+01
-1.48030596630e+01
-1.47853128357e+01
-1.47746788665e+01
-1.48145806714e+01
-1.47244504136e+01
-1.47689366200e+01
-1.48754875249e+01
-1.48970959693e+01
-1.48199598657e+01
-1.48050885890e+01
-1.47627550752e+01
-1.48172669666e+01
-1.48353987787e+01
-1.47743053977e+01
-1.47897973757e+01
-1.47917408320e+01
-1.47710587927e+01
-1.48391915754e+01
-1.47708127346e+01
-1.47806801774e+01
-1.48231297158e+01
-1.47686496035e+01
-1.48014010039e+01
-1.47990805229e+01
-1.47860444759e+01
-1.47899789097e+01
-1.48406184091e+01
-1.48547448286e+01
-1.48217735596e+01
-1.48805862667e+01
-1.48340316059e+01
-1.48508068426e+01
-1.48149751684e+01
-1.48637045850e+01
-1.48455682974e+01
-1.48384081882e+01
-1.48414534181e+01
-1.48013517652e+01
-1.48701637000e+01
-1.48467126717e+01
-1.48321188142e+01
-1.47996759775e+01
-1.48156047985e+01
-1.47925889410e+01
-1.48135332203e+01
-1.47892232533e+01
-1.48609378667e+01
-1.48378314302e+01
-1.47049854752e+01
-1.48415950491e+01
-1.48272064885e+01
-1.48313848335e+01
-1.47751423581e+01
-1.48472306348e+01
-1.48426363768e+01
-1.47629872345e+01
-1.48158116428e+01
-1.47740013898e+01
-1.47763881351e+01
-1.47424107131e+01
-1.48808334787e+01
-1.47995210163e+01
-1.48032289334e+01
-1.47727372797e+01
-1.47872256843e+01
-1.47415417052e+01
-1.48785508093e+01
-1.48147178177e+01
-1.47806566294e+01
-1.48507249866e+01
-1.48496760660e+01
-1.47578159945e+01
-1.48447047633e+01
-1.48484563486e+01
-1.48194075785e+01
-1.48841384566e+01
-1.47511709854e+01
-1.48486325077e+01
-1.47988562428e+01
-1.48480612276e+01
-1.47528400585e+01
-1.46965901982e+01
-1.48059446642e+01
-1.48070582503e+01
-1.47614193332e+01
-1.48733321390e+01
-1.48438453308e+01
-1.47537885328e+01
-1.47983460066e+01
-1.48483306996e+01
-1.48299728103e+01
-1.48216538956e+01
-1.48226482589e+01
-1.47786826407e+01
-1.47950275808e+01
-1.47614489704e+01
-1.47593933955e+01
-1.48821917148e+01
-1.48793723711e+01
-1.47761736597e+01
-1.48691770552e+01
-1.48114001154e+01
-1.48608227972e+01
-1.48787068886e+01
-1.48323780820e+01
-1.48585409620e+01
-1.48135388883e+01
-1.47704146686e+01
-1.47711424007e+01
-1.48478794175e+01
-1.47870853016e+01
-1.47789876083e+01
-1.47774365871e+01
-1.47619543076e+01
-1.48412456543e+01
-1.48397631950e+01
-1.48134568832e+01
-1.48093334195e+01
-1.48412070237e+01
-1.48595123056e+01
-1.47587391874e+01
-1.48316488726e+01
-1.48344179602e+01
-1.47392489680e+01
-1.47290457339e+01
-1.48290941116e+01
-1.48828023776e+01
-1.47511872617e+01
-1.47820021800e+01
-1.48393338507e+01
-1.49267476897e+01
-1.47413717547e+01
-1.48740610982e+01
-1.48148714022e+01
-1.48762291878e+01
-1.49023934364e+01
-1.48853835474e+01
-1.48535260588e+01
-1.48769442139e+01
-1.47307114861e+01
-1.47699935992e+01
-1.48975641626e+01
-1.47776178604e+01
-1.47340631273e+01
-1.48153998267e+01
-1.47879646690e+01
-1.47859847978e+01
-1.48716106348e+01
-1.48234979136e+01
-1.46871532902e+01
-1.48465438601e+01
-1.48139181878e+01
-1.48730726108e+01
-1.48293507305e+01
-1.48742896412e+01
-1.48000195140e+01
-1.47323016594e+01
-1.47896909974e+01
-1.48211115613e+01
-1.48320996623e+01
-1.48725114476e+01
-1.48153177023e+01
-1.47878497751e+01
-1.48452395785e+01
-1.48430898618e+01
-1.48192676259e+01
-1.48311774925e+01
-1.48965515629e+01
-1.47878102093e+01
-1.48050893736e+01
-1.47939826776e+01
-1.47343104777e+01
-1.48149734219e+01
-1.48856646852e+01
-1.47898361048e+01
-1.47945677674e+01
-1.48884924723e+01
-1.48082859530e+01
-1.47556716396e+01
-1.49341055069e+01
-1.47185483022e+01
-1.48685251701e+01
-1.48187008281e+01
-1.48416232435e+01
-1.47844057372e+01
-1.48287109941e+01
-1.48350364784e+01
-1.47842231005e+01
-1.48335503282e+01
-1.48481124381e+01
-1.47933145420e+01
-1.47899832592e+01
-1.48986736117e+01
-1.47622042849e+01
-1.47611572954e+01
-1.47836510761e+01
-1.48382092721e+01
-1.48006308069e+01
-1.48167019446e+01
-1.47294548931e+01
-1.48825746370e+01
-1.48590638137e+01
-1.48533286992e+01
-1.48266435884e+01
-1.47671437987e+01
-1.48699052881e+01
-1.47267235626e+01
-1.48620515555e+01
-1.47759986995e+01
-1.48166837208e+01
-1.48017556067e+01
-1.48164999376e+01
-1.47802592657e+01
-1.48201108083e+01
-1.47841057601e+01
-1.48224402337e+01
-1.48164644777e+01
-1.47267807775e+01
-1.48197985128e+01
-1.48958374369e+01
-1.47994281590e+01
-1.48012187842e+01
-1.48072002770e+01
-1.48468176102e+01
-1.48139599580e+01
-1.48365387539e+01
-1.48107522066e+01
-1.47237791353e+01
-1.48727803732e+01
-1.48468842709e+01
-1.47203067070e+01
-1.47260311260e+01
-1.48319024288e+01
-1.48040832269e+01
-1.48305910257e+01
-1.48659216036e+01
-1.48102443809e+01
-1.48557268457e+01
-1.47671443624e+01
-1.48327118297e+01
-1.48069059613e+01
-1.47848705503e+01
-1.48460031360e+01
-1.48479161014e+01
-1.47428134028e+01
-1.47356253076e+01
-1.47905734876e+01
-1.48650146726e+01
-1.47817739906e+01
-1.47611157138e+01
-1.47818766007e+01
-1.48074452299e+01
-1.48255933432e+01
-1.48125849234e+01
-1.48457067093e+01
-1.47851301274e+01
-1.47569151618e+01
-1.48221642198e+01
-1.48672354684e+01
-1.47278477299e+01
-1.48762966661e+01
-1.48117646440e+01
-1.48019550891e+01
-1.48468860277e+01
-1.48060325243e+01
-1.47562473634e+01
-1.47804802088e+01
-1.47901632336e+01
-1.47071238774e+01
-1.48605282857e+01
-1.48146866036e+01
-1.47867074053e+01
-1.48540651440e+01
-1.47417256719e+01
-1.48280305722e+01
-1.47611037672e+01
-1.47824941153e+01
-1.47888742136e+01
-1.48485015408e+01
-1.47848104095e+01
-1.48545360919e+01
-1.48288934931e+01
-1.48110775654e+01
-1.48019992544e+01
-1.47840805978e+01
-1.47563653457e+01
-1.48137619533e+01
-1.47839691043e+01
-1.47775250491e+01
-1.47968569087e+01
-1.48102057634e+01
-1.48818577655e+01
-1.47935227462e+01
-1.47352678380e+01
-1.47526851565e+01
-1.47668644081e+01
-1.48020063032e+01
-1.48498725059e+01
-1.48730187090e+01
-1.47814964562e+01
-1.48168703455e+01