5.76602061455e-01
5.76319968858e-01
5.75680207298e-01
5.76974172416e-01
5.75617730190e-01
5.76136537169e-01
5.76478515765e-01
5.75963464903e-01
5.76205219543e-01
5.76500082185e-01
5.76010728008e-01
5.76296849268e-01
5.76784809491e-01
5.76664425712e-01
5.76327799372e-01
5.76824189727e-01
5.76286971027e-01
5.75705002727e-01
5.76218348964e-01
5.76236501730e-01
5.76940228611e-01
5.76547219453e-01
5.76986975995e-01
5.75509801315e-01
5.77203196243e-01
5.77467935857e-01
5.77588500742e-01
5.75721888706e-01
5.76400516147e-01
5.76067431660e-01
5.76974634825e-01
5.76611540902e-01
5.76279495389e-01
5.75985735415e-01
5.76383687594e-01
5.77748409020e-01
5.77718915539e-01
5.76065355154e-01
5.76463225957e-01
5.76716698511e-01
5.76404429521e-01
5.76086838428e-01
5.76454308001e-01
5.75735090251e-01
5.76577634959e-01
5.76119953396e-01
5.77110915111e-01
5.76457094365e-01
5.75997727259e-01
5.76725107899e-01
5.76233436002e-01
5.77109625757e-01
5.76785158563e-01
5.76085470329e-01
5.76800858536e-01
5.76657441708e-01
5.76881713489e-01
5.76663941688e-01
5.76625922235e-01
5.76392372016e-01
5.77292714921e-01
5.77054892634e-01
5.76436037426e-01
5.76424349543e-01
5.76737952796e-01
5.75885005818e-01
5.76506407239e-01
5.76153936251e-01
5.76125829846e-01
5.75818867315e-01
5.75737847340e-01
5.77017212762e-01
5.76170526995e-01
5.76403570354e-01
5.77180892375e-01
5.76457708829e-01
5.76737620917e-01
5.75739025165e-01
5.76093295015e-01
5.76296731813e-01
5.75941722189e-01
5.75924864262e-01
5.76312970935e-01
5.76542171123e-01
5.76474118127e-01
5.76609240662e-01
5.76929996405e-01
5.76547844190e-01
5.76884236916e-01
5.76372747989e-01
5.76374647605e-01
5.77132310736e-01
5.76059731213e-01
5.76155394427e-01
5.77073765788e-01
5.76493808866e-01
5.76478997810e-01
5.76217449048e-01
5.76318918330e-01
5.75987895521e-01
5.76138999271e-01
5.76696368667e-01
5.76227320529e-01
5.77018673074e-01
5.76276215341e-01
5.76120917769e-01
5.77008018407e-01
5.76153176248e-01
5.76898990579e-01
5.76745706258e-01
5.77190924490e-01
5.76445924346e-01
5.75852387305e-01
5.76682674263e-01
5.76528156029e-01
5.76151842671e-01
5.76612473099e-01
5.75864805003e-01
5.77196730635e-01
5.76728910698e-01
5.76760555080e-01
5.75826633405e-01
5.76956058107e-01
5.76093745549e-01
5.76743388973e-01
5.76469919450e-01
5.77158174933e-01
5.76594333866e-01
5.75870235352e-01
5.76883601284e-01
5.76692487492e-01
5.76406046987e-01
5.76366341202e-01
5.76781278654e-01
5.76740751866e-01
5.76882640489e-01
5.76670370516e-01
5.77063615306e-01
5.76060776187e-01
5.75914645326e-01
5.76512135026e-01
5.76066951311e-01
5.76919231423e-01
5.75620439399e-01
5.76052804198e-01
5.76594080332e-01
5.76059524290e-01
5.76442275537e-01
5.77237411927e-01
5.76314678120e-01
5.76186135678e-01
5.76519898001e-01
5.76714123039e-01
5.77105403823e-01
5.76104061679e-01
5.75759963310e-01
5.76815641514e-01
5.76576362818e-01
5.77469022632e-01
5.76175052376e-01
5.76593699680e-01
5.76230032211e-01
5.76496539692e-01
5.76603279002e-01
5.76695314822e-01
5.76329071996e-01
5.76484260177e-01
5.77023448218e-01
5.76378830850e-01
5.76407592088e-01
5.76333422249e-01
5.76160108283e-01
5.76503143953e-01
5.77488846234e-01
5.76848963821e-01
5.76712171216e-01
5.76826669471e-01
5.76165055445e-01
5.76397722667e-01
5.76261868705e-01
5.76871897265e-01
5.76659963583e-01
5.76683871866e-01
5.76400851588e-01
5.77169650407e-01
5.77111920885e-01
5.75757376871e-01
5.75901680099e-01
5.76925514101e-01
5.76371930856e-01
5.76514930349e-01
5.76173538831e-01
5.76950078026e-01
5.75764881781e-01
5.76165165522e-01
5.76407227669e-01
5.76081886399e-01
5.76335656427e-01
5.76816329593e-01
5.75706698735e-01
5.76628834083e-01
5.76069516304e-01
5.76567029930e-01
5.76459851999e-01
5.76588311881e-01
5.75854591081e-01
5.77007844440e-01
5.76409713876e-01
5.75612610241e-01
5.76520625175e-01
5.76365155061e-01
5.76948205917e-01
5.76326001452e-01
5.76362932254e-01
5.76155284306e-01
5.77243755911e-01
5.76127694422e-01
5.75931044475e-01
5.76468267425e-01
5.76711221898e-01
5.76397092198e-01
5.77350554585e-01
5.76649875737e-01
5.76199633129e-01
5.76403971273e-01
5.76409348225e-01
5.76245100393e-01
5.76799331201e-01
5.76506914433e-01
5.76179174154e-01
5.76108042563e-01
5.76926276313e-01
5.76172646099e-01
5.77270697154e-01
5.76029760721e-01
5.76320999527e-01
5.76023825444e-01
5.76891080929e-01
5.76742348868e-01
5.77095386224e-01
5.76852595066e-01
5.76761729296e-01
5.76511992029e-01
5.76954797830e-01
5.76682207950e-01
5.76154890926e-01
5.76733761771e-01
5.76025860873e-01
5.77051557765e-01
5.76363562118e-01
5.76758817436e-01
5.76321213818e-01
5.76229775358e-01
5.76876442810e-01
5.77822289328e-01
5.76636935484e-01
5.76825283443e-01
5.76511764796e-01
5.76363443523e-01
5.76391571003e-01
5.76112237320e-01
5.76901134961e-01
5.77180865993e-01
5.76471322343e-01
5.76418209521e-01
5.76687753070e-01
5.76599357766e-01
5.76529672282e-01
5.76416392922e-01
5.76167589586e-01
5.76333142608e-01
5.76397363580e-01
5.76086589837e-01
5.76666104225e-01
5.76406354933e-01
5.77011682971e-01
5.76331650172e-01
5.76345593846e-01
5.76263520575e-01
5.77052551368e-01
5.76366578779e-01
5.76329567877e-01
5.76106645394e-01
5.76249148108e-01
5.76363579579e-01
5.76624127786e-01
5.77151847184e-01
5.76335658662e-01
5.76982203503e-01
5.76447241061e-01
5.76598620947e-01
5.75704873044e-01
5.76415187155e-01
5.76904401719e-01
5.75821681707e-01
5.76129150748e-01
5.75663139548e-01
5.76172477167e-01
5.76273261019e-01
5.76783532401e-01
5.76626576814e-01
5.76366525046e-01
5.76858717873e-01
5.76789826146e-01
5.76363998971e-01
5.76540083760e-01
5.77250884833e-01
5.76881729138e-01
5.76627284792e-01
5.75838430798e-01
5.76272609296e-01
5.77095984019e-01
5.76807519801e-01
5.76569245504e-01
5.76367769841e-01
5.76246775375e-01
5.75857490803e-01
5.76245011592e-01
5.76760737726e-01
5.76448699116e-01
5.76320362213e-01
5.76314237788e-01
5.75923924682e-01
5.75920599221e-01
5.76388076359e-01
5.76454793750e-01
5.76586104953e-01
5.77165086318e-01
5.76564129541e-01
5.76701245822e-01
5.76324796529e-01
5.76064902606e-01
5.76869339330e-01
5.76895685464e-01
5.76711846431e-01
5.76127866857e-01
5.76072380237e-01
5.76554642273e-01
5.76280469451e-01
5.76450329363e-01
5.75425960455e-01
5.77233127409e-01
5.76893194499e-01
5.76660190427e-01
5.76716483991e-01
5.77116786452e-01
5.76451764271e-01
5.77250857304e-01
5.76861000398e-01
5.77044118703e-01
5.76325889083e-01
5.76717309970e-01
5.76066827530e-01
5.76703715438e-01
5.76768266453e-01
5.76612948376e-01
5.75761381222e-01
5.76948125151e-01
5.76508909704e-01
5.77028836128e-01
5.76545085583e-01
5.75914600787e-01
5.77350042767e-01
5.76801455384e-01
5.76833404946e-01
5.76882316528e-01
5.76642553738e-01
5.77232275895e-01
5.76074622428e-01
5.76489168460e-01
5.76370820949e-01
5.76526896560e-01
5.75873403767e-01
5.76552506297e-01
5.76869513926e-01
5.76067422911e-01
5.76013475780e-01
5.75538814620e-01
5.75781104466e-01
5.76467219327e-01
5.76437311994e-01
5.76330600724e-01
5.76268610589e-01
5.76055176366e-01
5.76498184856e-01
5.76180716336e-01
5.76122041690e-01
5.77150513404e-01
5.76613881384e-01
5.76415174219e-01
5.76773129317e-01
5.76728588646e-01
5.76342324671e-01
5.76725055870e-01
5.76794986767e-01
5.77168118446e-01
5.76662197801e-01
5.76389006966e-01
5.75852844041e-01
5.77534498715e-01
5.76893043667e-01
5.75853315060e-01
5.75866050271e-01
5.76425872994e-01
5.76736898795e-01
5.76559758251e-01
5.76643972037e-01
5.76640143425e-01
5.76930517269e-01
5.76533413061e-01
5.76053521411e-01
5.76542466901e-01
5.76260265715e-01
5.76419682722e-01
5.76326587679e-01
5.76411598481e-01
5.76926321429e-01
5.76089438827e-01
5.76626121399e-01
5.76089665634e-01
5.77040843530e-01
5.76623977967e-01
5.77055584194e-01
5.75837151589e-01
5.77598627792e-01
5.77314734605e-01
5.76594236838e-01
5.76588277111e-01
5.76330744569e-01
5.76436952428e-01
5.77104556036e-01
5.77361429908e-01
5.76133840090e-01
5.76889392039e-01
5.76688267901e-01
5.76468882841e-01
5.76883836414e-01
5.75978811182e-01
5.76600748057e-01
5.76750242140e-01
5.76332613210e-01
5.76641617215e-01
5.76831348620e-01
5.76412932830e-01
5.76844132778e-01
5.76594190752e-01
5.76706149191e-01
5.76111479328e-01
5.75939067289e-01
5.76618546492e-01
5.76080000018e-01
5.75929302338e-01
5.76914148953e-01
5.75790371035e-01
5.76283177499e-01
5.76805692497e-01
5.76285830658e-01
5.76538388636e-01
5.76753795873e-01
5.76692225367e-01
5.76009627780e-01
5.76903589858e-01
5.76767492391e-01
5.76663430840e-01
5.75997561750e-01
5.76722362307e-01
5.76666210032e-01
5.76230995082e-01
5.77237590629e-01
5.77092522512e-01
5.76219745130e-01
5.76598021854e-01
5.76340338214e-01
5.76487469809e-01
5.76504468128e-01
5.76024837126e-01
5.76323392748e-01
5.76204609334e-01
5.76736577044e-01
5.75549635656e-01
5.76849648639e-01
5.76924251052e-01
5.76707013927e-01
5.76183597204e-01
5.76415004742e-01
5.76774969543e-01
5.77137891407e-01
5.76948090689e-01
5.76501973786e-01
5.75158607557e-01
5.76495315972e-01
5.76094335181e-01
5.75523178522e-01
5.77575904548e-01
5.76474349854e-01
5.76722391171e-01
5.76146010457e-01
5.76974475389e-01
5.76242938315e-01
5.76371602807e-01
5.76487497334e-01