9.93819586158e+00
9.94849208175e+00
9.92653553748e+00
9.94889044974e+00
9.94762590150e+00
9.95964946997e+00
9.92731963046e+00
9.94417657668e+00
9.94733187198e+00
9.94783730147e+00
9.94375591065e+00
9.94658913894e+00
9.94316171606e+00
9.96109765535e+00
9.95055682005e+00
9.94376299597e+00
9.95344670832e+00
9.94843098088e+00
9.95287084793e+00
9.95479523272e+00
9.95242179144e+00
9.95050602023e+00
9.95565056246e+00
9.93703058152e+00
9.95347491376e+00
9.93392224980e+00
9.95247699044e+00
9.95033777744e+00
9.93954415382e+00
9.94279194688e+00
9.94587450390e+00
9.95796670061e+00
9.93906973779e+00
9.94076501578e+00
9.94709020095e+00
9.94512525372e+00
9.96608771661e+00
9.94119078154e+00
9.95238725527e+00
9.93455274710e+00
9.94645838111e+00
9.95068284264e+00
9.93145920591e+00
9.93739420150e+00
9.95194425978e+00
9.96031215630e+00
9.94195545045e+00
9.95914151517e+00
9.93764912694e+00
9.93187104268e+00
9.94926053573e+00
9.95005320648e+00
9.93147546566e+00
9.94452293596e+00
9.93408845771e+00
9.93837197377e+00
9.96108218065e+00
9.95688207680e+00
9.94660664559e+00
9.95065646018e+00
9.94677842690e+00
9.95747767283e+00
9.94639718776e+00
9.94560194398e+00
9.94412001390e+00
9.94434654272e+00
9.95435053438e+00
9.95773571779e+00
9.94968042602e+00
9.96296139100e+00
9.94916767188e+00
9.95899308614e+00
9.94525746679e+00
9.95724663665e+00
9.93285779293e+00
9.94113830390e+00
9.94944709629e+00
9.93212085721e+00
9.96779220154e+00
9.95356702122e+00
9.94590159340e+00
9.94905221917e+00
9.93700987321e+00
9.96683542334e+00
9.93081895418e+00
9.92620497553e+00
9.94730845737e+00
9.96301479237e+00
9.94328506817e+00
9.95234529559e+00
9.94307646798e+00
9.94454196672e+00
9.94118710835e+00
9.94416230478e+00
9.93371308876e+00
9.94900229758e+00
9.96243770540e+00
9.95581967431e+00
9.91951717408e+00
9.93324526702e+00
9.94190451121e+00
9.94812672271e+00
9.94229993226e+00
9.93815562640e+00
9.94547127777e+00
9.94956157503e+00
9.95982781551e+00
9.93862326553e+00
9.95610770493e+00
9.93744388764e+00
9.94424493814e+00
9.93656939710e+00
9.94871712807e+00
9.95572269510e+00
9.95040487412e+00
9.95679781933e+00
9.93959545793e+00
9.95646558116e+00
9.95824414022e+00
9.94632785158e+00
9.94393401104e+00
9.92483088031e+00
9.92503544085e+00
9.96393697882e+00
9.93324565275e+00
9.96270036041e+00
9.94859554315e+00
9.95719983218e+00
9.95873046208e+00
9.93899154712e+00
9.95384895569e+00
9.95764663517e+00
9.93610334283e+00
9.95127104913e+00
9.94941535709e+00
9.94703581535e+00
9.95620736525e+00
9.93550292024e+00
9.94339657900e+00
9.95390244773e+00
9.98611030753e+00
9.93925182521e+00
9.94090754785e+00
9.95084137531e+00
9.95956454078e+00
9.94344755738e+00
9.95776171557e+00
9.93635592683e+00
9.94708405351e+00
9.95809446369e+00
9.94579423873e+00
9.95867310086e+00
9.95918965367e+00
9.94453412627e+00
9.94725478001e+00
9.94552155580e+00
9.92944498542e+00
9.94461545672e+00
9.95383997110e+00
9.94974162280e+00
9.93742064680e+00
9.95786017413e+00
9.95394571895e+00
9.92269048819e+00
9.93344924999e+00
9.95451380865e+00
9.94704822348e+00
9.94761984895e+00
9.93370533082e+00
9.92660249783e+00
9.93700178884e+00
9.94752341704e+00
9.94985158810e+00
9.96139026244e+00
9.93600475540e+00
9.95235742311e+00
9.94111370027e+00
9.96058800496e+00
9.94141460257e+00
9.93871075278e+00
9.94064805860e+00
9.94360515040e+00
9.93286065591e+00
9.96268284395e+00
9.95443763444e+00
9.95153842970e+00
9.94503840129e+00
9.94979962404e+00
9.92657586274e+00
9.95623751785e+00
9.94985036745e+00
9.93351562518e+00
9.95092931729e+00
9.94525561256e+00
9.95165938672e+00
9.94831669712e+00
9.94843535016e+00
9.93766839995e+00
9.95605603824e+00
9.94731748135e+00
9.96134258079e+00
9.94238784764e+00
9.94620815165e+00
9.93908060871e+00
9.95932443143e+00
9.94200514359e+00
9.94263439947e+00
9.92249094992e+00
9.96339702366e+00
9.95639392505e+00
9.93628206437e+00
9.98337811028e+00
9.95604715172e+00
9.93954129404e+00
9.95238086730e+00
9.93015816212e+00
9.94839369094e+00
9.94210976743e+00
9.92508714756e+00
9.94610775284e+00
9.95206555087e+00
9.94765530178e+00
9.93743984558e+00
9.96303144071e+00
9.94070278821e+00
9.92756114020e+00
9.95851319346e+00
9.95339237219e+00
9.95504352754e+00
9.92872361750e+00
9.94392144884e+00
9.94310635399e+00
9.94617900179e+00
9.93293460207e+00
9.94921844850e+00
9.94840871996e+00
9.95756161641e+00
9.94168164010e+00
9.94563138020e+00
9.94255032931e+00
9.93377531218e+00
9.93916263644e+00
9.96997245723e+00
9.93938445076e+00
9.94632453980e+00
9.94153611270e+00
9.93846697278e+00
9.95237572470e+00
9.93932357338e+00
9.95092976954e+00
9.93460098941e+00
9.94008731612e+00
9.94616742997e+00
9.94227228189e+00
9.96023166000e+00
9.95620698584e+00
9.96812500466e+00
9.95126039442e+00
9.94248176847e+00
9.94255535881e+00
9.95899488910e+00
9.94458120947e+00
9.94098868743e+00
9.94651333794e+00
9.94778908570e+00
9.95735565414e+00
9.93239152267e+00
9.95172062172e+00
9.95021795399e+00
9.94744058534e+00
9.94142305869e+00
9.95303152854e+00
9.93739315704e+00
9.95486382981e+00
9.94895410717e+00
9.94589362604e+00
9.93695015956e+00
9.97104611598e+00
9.95245135548e+00
9.94752602783e+00
9.93830366678e+00
9.95210242724e+00
9.93819795870e+00
9.94239610842e+00
9.93621613413e+00
9.91725395395e+00
9.92794813858e+00
9.94699139419e+00
9.94903400781e+00
9.92943444772e+00
9.95293619402e+00
9.95044456640e+00
9.95146360231e+00
9.95622481876e+00
9.94362447542e+00
9.96498834057e+00
9.94172214184e+00
9.93429739962e+00
9.93987995545e+00
9.93383352388e+00
9.94807429501e+00
9.96347001424e+00
9.93878113989e+00
9.95220533975e+00
9.94912018138e+00
9.94523925870e+00
9.96145991879e+00
9.95556825305e+00
9.95162050906e+00
9.95791207821e+00
9.93450613617e+00
9.93572150905e+00
9.94985961240e+00
9.94758997441e+00
9.93519972235e+00
9.95687930341e+00
9.95039119868e+00
9.95395937517e+00
9.96214708018e+00
9.93805491426e+00
9.94609750283e+00
9.93818414658e+00
9.93188263908e+00
9.92652351156e+00
9.94006057786e+00
9.95655771978e+00
9.94736407212e+00
9.94815732116e+00
9.94145101479e+00
9.94894191617e+00
9.95368477373e+00
9.94332286810e+00
9.95291444353e+00
9.95419421331e+00
9.94312149586e+00
9.95803900422e+00
9.93447139915e+00
9.94562569353e+00
9.94572034589e+00
9.93667487848e+00
9.93040811772e+00
9.95256691774e+00
9.94394007887e+00
9.96454110564e+00
9.92868420148e+00
9.94624359353e+00
9.95314801494e+00
9.93813095030e+00
9.94547488526e+00
9.95430147707e+00
9.94537259003e+00
9.94252056050e+00
9.95698687979e+00
9.95654855251e+00
9.97570016271e+00
9.95016416614e+00
9.94773584491e+00
9.93258414045e+00
9.93121681100e+00
9.95082664928e+00
9.93905828632e+00
9.94938216121e+00
9.95398791072e+00
9.95024297826e+00
9.94644280844e+00
9.94012430495e+00
9.92681879964e+00
9.94585662101e+00
9.93082437512e+00
9.95123692475e+00
9.93547700848e+00
9.92529061762e+00
9.95311909549e+00
9.94647987247e+00
9.95452720539e+00
9.96539493354e+00
9.96344208184e+00
9.96036874097e+00
9.95629599679e+00
9.96216618362e+00
9.94025862827e+00
9.94433903868e+00
9.94084171860e+00
9.96263151266e+00
9.93660956114e+00
9.95000820454e+00
9.94155678994e+00
9.94771726713e+00
9.94870902598e+00
9.94519519616e+00
9.95700804611e+00
9.94716173062e+00
9.95354458251e+00
9.94516071109e+00
9.96578280264e+00
9.94252908492e+00
9.94374504684e+00
9.96689868375e+00
9.95113673813e+00
9.95213036467e+00
9.91961005338e+00
9.94182373376e+00
9.94947099439e+00
9.94435552573e+00
9.94658810499e+00
9.95173244949e+00
9.94296610768e+00
9.94457517542e+00
9.94880103603e+00
9.93441372533e+00
9.95268668087e+00
9.94572567091e+00
9.96214768311e+00
9.94681375627e+00
9.95203983166e+00
9.94830400810e+00
9.95091013978e+00
9.96030845966e+00
9.95058613753e+00
9.94348013423e+00
9.94082118368e+00
9.95930177078e+00
9.93362857436e+00
9.93960054501e+00
9.96019778240e+00
9.94264235079e+00
9.94417377225e+00
9.96055816052e+00
9.95405910048e+00
9.94520587033e+00
9.96362480664e+00
9.97022124340e+00
9.93615974921e+00
9.94488753521e+00
9.94531563933e+00
9.96110791202e+00
9.94740097922e+00
9.94694983097e+00
9.94414669570e+00
9.96102808207e+00
9.95070243279e+00
9.95804223003e+00
9.94895346378e+00
9.93941083579e+00
9.93947414264e+00
9.94414723078e+00
9.94480304847e+00
9.95084599769e+00
9.93831787493e+00
9.92900479402e+00
9.95397974533e+00
9.95620717727e+00
9.94113613787e+00
9.93937326143e+00
9.94740345886e+00
9.95348356791e+00
9.95252159709e+00
9.91300429976e+00
9.95172105009e+00
9.94259527208e+00
9.94983128578e+00
9.94109948174e+00
9.95473188627e+00
9.94460498161e+00
9.95605587702e+00
9.95956487380e+00
9.94619747891e+00
9.92573415184e+00
9.94615413696e+00
9.93941924519e+00
9.94571970159e+00
9.97349407413e+00
9.95112258397e+00
9.94474946339e+00
9.94237465520e+00
9.95366873919e+00
9.93255370736e+00
9.93218423762e+00
9.93247711389e+00
9.94609327438e+00
9.94036745111e+00
9.94315939713e+00
9.95191186877e+00
9.94915712050e+00
9.94810715718e+00
9.94737123018e+00
9.94627848625e+00
9.93875135355e+00
9.95485872502e+00
9.95751307714e+00
9.93555004392e+00
9.94594623199e+00
9.94326796260e+00
9.94428667056e+00
9.95525799000e+00
9.94347323267e+00
9.96528594629e+00
9.95769606195e+00
9.94597686307e+00
9.93860350951e+00
9.94714705874e+00