1.10213338109e+00
1.10223146919e+00
1.10246864031e+00
1.10255217176e+00
1.10238366497e+00
1.10245207338e+00
1.10268777549e+00
1.10232731448e+00
1.10247247261e+00
1.10281170227e+00
1.10233784081e+00
1.10252621018e+00
1.10302048159e+00
1.10281990844e+00
1.10277837341e+00
1.10230837951e+00
1.10253034523e+00
1.10277340028e+00
1.10266029919e+00
1.10220170233e+00
1.10245596468e+00
1.10269192885e+00
1.10218958844e+00
1.10307321112e+00
1.10216875708e+00
1.10233613699e+00
1.10225043866e+00
1.10272336816e+00
1.10269704594e+00
1.10263041338e+00
1.10195899969e+00
1.10196647914e+00
1.10240582237e+00
1.10261835534e+00
1.10258971268e+00
1.10277289339e+00
1.10211446627e+00
1.10192998435e+00
1.10218791792e+00
1.10232877445e+00
1.10268061821e+00
1.10208054784e+00
1.10207611259e+00
1.10262969238e+00
1.10297398203e+00
1.10244804916e+00
1.10282308277e+00
1.10258457395e+00
1.10287026992e+00
1.10261957527e+00
1.10249349744e+00
1.10286208383e+00
1.10284815358e+00
1.10344739938e+00
1.10276297017e+00
1.10250370091e+00
1.10301195297e+00
1.10246381543e+00
1.10272355371e+00
1.10222576613e+00
1.10250007407e+00
1.10241206363e+00
1.10234452461e+00
1.10232694625e+00
1.10255130017e+00
1.10248240366e+00
1.10200648594e+00
1.10244604056e+00
1.10180388553e+00
1.10239509324e+00
1.10208802814e+00
1.10196539322e+00
1.10283310356e+00
1.10279065050e+00
1.10248549631e+00
1.10209746434e+00
1.10231200117e+00
1.10268967542e+00
1.10207245456e+00
1.10231934353e+00
1.10276453742e+00
1.10241179255e+00
1.10298619505e+00
1.10245743961e+00
1.10230118051e+00
1.10233126706e+00
1.10262865785e+00
1.10257087663e+00
1.10215030313e+00
1.10247501818e+00
1.10249401994e+00
1.10220114792e+00
1.10262372880e+00
1.10209649148e+00
1.10195528651e+00
1.10252020309e+00
1.10201286827e+00
1.10285166914e+00
1.10258124592e+00
1.10235154782e+00
1.10222465027e+00
1.10206888392e+00
1.10284567116e+00
1.10250819444e+00
1.10271329116e+00
1.10271862622e+00
1.10297449233e+00
1.10202132041e+00
1.10267907428e+00
1.10245614543e+00
1.10227177073e+00
1.10246705123e+00
1.10234241213e+00
1.10226669395e+00
1.10237187516e+00
1.10291984182e+00
1.10273767106e+00
1.10206627693e+00
1.10267194164e+00
1.10227659994e+00
1.10239306565e+00
1.10261864830e+00
1.10183337172e+00
1.10297465807e+00
1.10261713184e+00
1.10250512766e+00
1.10220219064e+00
1.10287620581e+00
1.10214568288e+00
1.10296788209e+00
1.10243937277e+00
1.10307369130e+00
1.10227758068e+00
1.10214023854e+00
1.10178252564e+00
1.10273695571e+00
1.10272381427e+00
1.10284370175e+00
1.10194824232e+00
1.10268326030e+00
1.10183879995e+00
1.10188675949e+00
1.10242430808e+00
1.10277140217e+00
1.10266223058e+00
1.10219314639e+00
1.10234231111e+00
1.10257724909e+00
1.10287644295e+00
1.10280316162e+00
1.10292307300e+00
1.10270551880e+00
1.10170656952e+00
1.10268675024e+00
1.10299052908e+00
1.10243790219e+00
1.10252196834e+00
1.10238783812e+00
1.10231770617e+00
1.10270859593e+00
1.10170472273e+00
1.10238755610e+00
1.10253806274e+00
1.10206281640e+00
1.10263114777e+00
1.10297456659e+00
1.10232216029e+00
1.10260300592e+00
1.10241695363e+00
1.10283078659e+00
1.10233555001e+00
1.10233321685e+00
1.10241479434e+00
1.10263316721e+00
1.10298542359e+00
1.10206430612e+00
1.10215403253e+00
1.10223177917e+00
1.10232163991e+00
1.10229530949e+00
1.10221079040e+00
1.10261899645e+00
1.10260186194e+00
1.10261805158e+00
1.10201434651e+00
1.10251695754e+00
1.10215203371e+00
1.10261783308e+00
1.10244893719e+00
1.10250528692e+00
1.10247141797e+00
1.10238685871e+00
1.10254275448e+00
1.10242581427e+00
1.10216241864e+00
1.10184236227e+00
1.10238068755e+00
1.10223923832e+00
1.10266966492e+00
1.10261308401e+00
1.10299378603e+00
1.10227071990e+00
1.10262209987e+00
1.10272480597e+00
1.10197690442e+00
1.10260504560e+00
1.10274907610e+00
1.10229204642e+00
1.10277429943e+00
1.10227167758e+00
1.10265701341e+00
1.10252518452e+00
1.10240316224e+00
1.10236066075e+00
1.10265321092e+00
1.10267894040e+00
1.10220569515e+00
1.10206889825e+00
1.10230927007e+00
1.10209464883e+00
1.10200100309e+00
1.10197055406e+00
1.10258492321e+00
1.10214613114e+00
1.10283122813e+00
1.10264773059e+00
1.10210519140e+00
1.10197785579e+00
1.10235096792e+00
1.10208768355e+00
1.10273257143e+00
1.10222828613e+00
1.10264208184e+00
1.10270006168e+00
1.10234604985e+00
1.10248738746e+00
1.10201883851e+00
1.10206739464e+00
1.10290543848e+00
1.10254821361e+00
1.10181872602e+00
1.10263884787e+00
1.10240370555e+00
1.10275131875e+00
1.10328861771e+00
1.10307483642e+00
1.10226787276e+00
1.10231722446e+00
1.10222227076e+00
1.10269639806e+00
1.10259634722e+00
1.10272226982e+00
1.10190340783e+00
1.10215320190e+00
1.10209405761e+00
1.10210026652e+00
1.10258523774e+00
1.10251401233e+00
1.10251334811e+00
1.10231463410e+00
1.10189487081e+00
1.10309690136e+00
1.10255253418e+00
1.10307578360e+00
1.10223606903e+00
1.10224045425e+00
1.10244339101e+00
1.10214108290e+00
1.10237835034e+00
1.10230553459e+00
1.10280813921e+00
1.10247086599e+00
1.10215058521e+00
1.10252571895e+00
1.10266971735e+00
1.10253215201e+00
1.10235458362e+00
1.10258860173e+00
1.10274486282e+00
1.10198883134e+00
1.10241285993e+00
1.10241704697e+00
1.10235676054e+00
1.10230274539e+00
1.10234874053e+00
1.10272989032e+00
1.10313221889e+00
1.10282356471e+00
1.10223152954e+00
1.10326011335e+00
1.10262153615e+00
1.10247971130e+00
1.10329895147e+00
1.10289877207e+00
1.10255159168e+00
1.10209067196e+00
1.10186605018e+00
1.10253375030e+00
1.10218314739e+00
1.10294984316e+00
1.10268668872e+00
1.10260635536e+00
1.10225224591e+00
1.10225185929e+00
1.10252349765e+00
1.10219098226e+00
1.10239326270e+00
1.10247478744e+00
1.10323358444e+00
1.10181851792e+00
1.10217883574e+00
1.10233576674e+00
1.10209086999e+00
1.10267694413e+00
1.10258510126e+00
1.10262344102e+00
1.10255609863e+00
1.10213767003e+00
1.10235690515e+00
1.10232051037e+00
1.10275931029e+00
1.10273355570e+00
1.10260411472e+00
1.10282609435e+00
1.10257013691e+00
1.10225102000e+00
1.10217432081e+00
1.10246550168e+00
1.10166524703e+00
1.10267813599e+00
1.10257310481e+00
1.10249044685e+00
1.10340337869e+00
1.10223166975e+00
1.10219063757e+00
1.10265509842e+00
1.10272724828e+00
1.10295327590e+00
1.10257432777e+00
1.10276710069e+00
1.10257941459e+00
1.10259425668e+00
1.10261701351e+00
1.10245629213e+00
1.10238518721e+00
1.10251259889e+00
1.10254637688e+00
1.10267575251e+00
1.10194319245e+00
1.10231311788e+00
1.10232046638e+00
1.10290461376e+00
1.10276273919e+00
1.10286121235e+00
1.10295134437e+00
1.10248339511e+00
1.10209952665e+00
1.10289823656e+00
1.10269772394e+00
1.10315631016e+00
1.10217440290e+00
1.10269035601e+00
1.10246472302e+00
1.10233841233e+00
1.10217613268e+00
1.10248185638e+00
1.10179192189e+00
1.10304613507e+00
1.10260080551e+00
1.10244205233e+00
1.10196220799e+00
1.10258696745e+00
1.10205680317e+00
1.10204394809e+00
1.10250673640e+00
1.10280800151e+00
1.10245485390e+00
1.10263395365e+00
1.10230818552e+00
1.10246454812e+00
1.10274297782e+00
1.10171390709e+00
1.10252856036e+00
1.10298865834e+00
1.10248900803e+00
1.10247345776e+00
1.10248485383e+00
1.10192824458e+00
1.10246057591e+00
1.10279635482e+00
1.10256544600e+00
1.10256971130e+00
1.10287156467e+00
1.10273289475e+00
1.10205396466e+00
1.10239536114e+00
1.10238234635e+00
1.10246090523e+00
1.10302725145e+00
1.10254175315e+00
1.10184241315e+00
1.10230141455e+00
1.10244802078e+00
1.10281449182e+00
1.10235992753e+00
1.10267195223e+00
1.10208341556e+00
1.10251699985e+00
1.10264349590e+00
1.10274923688e+00
1.10262681089e+00
1.10250741112e+00
1.10266656319e+00
1.10233242730e+00
1.10261034162e+00
1.10240375528e+00
1.10269364746e+00
1.10158925617e+00
1.10227539003e+00
1.10188135849e+00
1.10221747316e+00
1.10289083598e+00
1.10286271141e+00
1.10281490895e+00
1.10253913719e+00
1.10272784555e+00
1.10227029850e+00
1.10281273127e+00
1.10267646797e+00
1.10289779747e+00
1.10252546000e+00
1.10222342494e+00
1.10285536473e+00
1.10276688813e+00
1.10224047809e+00
1.10221384339e+00
1.10225808880e+00
1.10278311031e+00
1.10236421612e+00
1.10252099645e+00
1.10243859571e+00
1.10293769960e+00
1.10278577066e+00
1.10231239934e+00
1.10248418755e+00
1.10290953631e+00
1.10235872559e+00
1.10190907773e+00
1.10266081108e+00
1.10271415979e+00
1.10286735521e+00
1.10253328450e+00
1.10261865596e+00
1.10262043777e+00
1.10262861991e+00
1.10242632375e+00
1.10255851283e+00
1.10251138517e+00
1.10301770227e+00
1.10275100770e+00
1.10303871967e+00
1.10274173265e+00
1.10267037534e+00
1.10257176079e+00
1.10206580983e+00
1.10275026856e+00
1.10217088088e+00
1.10281758090e+00
1.10265584899e+00
1.10255891691e+00
1.10230998836e+00
1.10240344542e+00
1.10264694653e+00
1.10241212418e+00
1.10190091479e+00
1.10192480315e+00
1.10272381322e+00
1.10283215378e+00
1.10246641611e+00
1.10287162629e+00
1.10217858808e+00
1.10229400195e+00
1.10304735815e+00
1.10225735783e+00
1.10189491211e+00
1.10243660258e+00
1.10265878813e+00
1.10281694664e+00
1.10294333101e+00
1.10290940526e+00
1.10281421354e+00
1.10253677926e+00
1.10201370070e+00
1.10260788603e+00
1.10277702228e+00
1.10235617290e+00
1.10229227888e+00
1.10235044346e+00
1.10227299000e+00
1.10250779959e+00
1.10250193235e+00