7.21069207643e-01
7.21404925229e-01
7.22099794207e-01
7.21591220999e-01
7.21486076690e-01
7.21381175066e-01
7.21481725716e-01
7.21293195524e-01
7.21178607883e-01
7.21180887159e-01
7.19331118983e-01
7.20935408687e-01
7.22110156540e-01
7.21138473893e-01
7.21251869723e-01
7.21008849857e-01
7.21294559162e-01
7.22728489119e-01
7.22392380759e-01
7.22686394572e-01
7.22382829680e-01
7.21925176339e-01
7.20683998297e-01
7.21107371825e-01
7.22234590709e-01
7.21124640036e-01
7.21854616106e-01
7.22273620688e-01
7.20753686165e-01
7.20495978806e-01
7.20683088727e-01
7.20234047895e-01
7.22047681173e-01
7.21588432634e-01
7.21165057962e-01
7.21937950999e-01
7.19638134614e-01
7.21519010130e-01
7.19835132536e-01
7.21479569978e-01
7.20914305169e-01
7.21230693424e-01
7.19951612716e-01
7.20868068726e-01
7.22883099873e-01
7.22205240943e-01
7.20878668784e-01
7.21029472101e-01
7.21531592118e-01
7.20593179941e-01
7.21555748422e-01
7.21160802799e-01
7.21334761882e-01
7.22483333162e-01
7.22147371933e-01
7.21941589271e-01
7.21156361885e-01
7.21718838466e-01
7.21920202481e-01
7.21539484084e-01
7.20177252311e-01
7.21995469978e-01
7.20969354868e-01
7.21785109584e-01
7.21910147766e-01
7.20879396399e-01
7.21640083853e-01
7.21081916321e-01
7.21305874930e-01
7.21114818659e-01
7.22071793961e-01
7.21739450830e-01
7.22137494307e-01
7.22037540559e-01
7.22646179111e-01
7.21725845558e-01
7.21583766866e-01
7.21154646070e-01
7.20167397765e-01
7.22072600876e-01
7.21377719383e-01
7.20522323415e-01
7.21558672179e-01
7.21121954691e-01
7.20369772920e-01
7.20634451765e-01
7.21508681021e-01
7.22317732828e-01
7.20773486861e-01
7.21026876267e-01
7.20981553260e-01
7.20510288360e-01
7.20975476963e-01
7.21009486193e-01
7.21263544709e-01
7.22038665820e-01
7.21605344250e-01
7.22303476119e-01
7.21637026112e-01
7.21368713993e-01
7.22029697008e-01
7.20699544668e-01
7.21344373216e-01
7.20855802892e-01
7.21722854729e-01
7.21649087666e-01
7.21517705342e-01
7.21115188273e-01
7.21031513831e-01
7.22023594115e-01
7.21655113537e-01
7.21859793753e-01
7.21456295562e-01
7.21508416144e-01
7.22343191779e-01
7.22630949301e-01
7.20706092842e-01
7.20312636046e-01
7.21959087906e-01
7.20580698367e-01
7.22160497582e-01
7.21484703625e-01
7.21408738578e-01
7.22506819485e-01
7.21720636075e-01
7.20294969725e-01
7.20980109684e-01
7.22120610935e-01
7.20599124063e-01
7.22259557477e-01
7.21362918938e-01
7.21116789611e-01
7.21191236433e-01
7.21434010675e-01
7.21225859607e-01
7.20882225915e-01
7.21345767890e-01
7.21287440829e-01
7.21015606320e-01
7.22698176322e-01
7.21321046368e-01
7.22185545366e-01
7.20369810801e-01
7.20890838111e-01
7.22453875774e-01
7.21609841500e-01
7.22683363510e-01
7.21511950600e-01
7.21876089929e-01
7.20736087365e-01
7.21423111890e-01
7.21489437867e-01
7.20513156806e-01
7.21780234885e-01
7.21688874907e-01
7.21725746515e-01
7.21280617630e-01
7.20854368159e-01
7.21226076428e-01
7.22237102674e-01
7.21596651361e-01
7.20622188714e-01
7.20569243046e-01
7.22198232199e-01
7.21398565224e-01
7.22251689332e-01
7.21599607066e-01
7.21688974889e-01
7.20626952561e-01
7.21855615810e-01
7.21521127483e-01
7.20477044217e-01
7.21485594516e-01
7.20801208871e-01
7.21476726606e-01
7.20858895097e-01
7.20113691683e-01
7.21626899760e-01
7.21641594155e-01
7.21373243120e-01
7.21272451275e-01
7.22065894237e-01
7.21963710517e-01
7.20765023272e-01
7.22318441184e-01
7.20937802056e-01
7.21763529994e-01
7.20149018358e-01
7.21744948783e-01
7.22716041245e-01
7.21412352888e-01
7.20289532287e-01
7.20939228484e-01
7.21495214455e-01
7.21681460645e-01
7.19891573079e-01
7.20944091526e-01
7.22169309899e-01
7.21961642766e-01
7.21568860479e-01
7.21552460268e-01
7.20359140680e-01
7.20588364123e-01
7.20425566406e-01
7.20382380781e-01
7.20948323884e-01
7.21488654656e-01
7.22170134186e-01
7.22511492704e-01
7.20090839950e-01
7.20803021030e-01
7.21252981240e-01
7.21707494463e-01
7.20235356048e-01
7.20931170478e-01
7.20792613502e-01
7.21046703316e-01
7.20292664344e-01
7.20638308296e-01
7.21923965573e-01
7.21459371273e-01
7.21534732384e-01
7.21518710660e-01
7.21776751920e-01
7.22645106131e-01
7.21072544114e-01
7.21213132445e-01
7.22743511448e-01
7.21691281084e-01
7.20486208635e-01
7.22207094127e-01
7.21176058736e-01
7.20972694340e-01
7.20774086545e-01
7.22434025483e-01
7.22329438833e-01
7.20415948923e-01
7.21358172692e-01
7.21955870359e-01
7.21105780832e-01
7.20971406739e-01
7.21629294549e-01
7.21983100527e-01
7.21606677435e-01
7.21739231255e-01
7.21303095923e-01
7.21045411294e-01
7.21514317851e-01
7.21652849839e-01
7.21975814714e-01
7.20645990777e-01
7.20075242910e-01
7.21746753537e-01
7.21746474206e-01
7.21213243335e-01
7.21471894131e-01
7.21104592344e-01
7.21108328270e-01
7.20444563061e-01
7.21842588741e-01
7.21003852076e-01
7.22176101606e-01
7.21914583827e-01
7.21775686095e-01
7.20533850526e-01
7.21445838578e-01
7.21810642346e-01
7.21970326154e-01
7.20624331933e-01
7.21479268913e-01
7.22457743829e-01
7.20929728379e-01
7.20977123109e-01
7.21884588928e-01
7.20556857672e-01
7.21454646407e-01
7.21399086886e-01
7.21238574871e-01
7.21634323418e-01
7.22244505890e-01
7.21666673275e-01
7.22154641884e-01
7.20161311192e-01
7.22151183962e-01
7.21506785698e-01
7.20579767028e-01
7.21699761764e-01
7.21592764994e-01
7.21941061598e-01
7.21936306770e-01
7.21765585122e-01
7.21665260597e-01
7.20861072437e-01
7.22292604381e-01
7.21622096523e-01
7.21003083691e-01
7.19394329404e-01
7.21263866163e-01
7.20512967560e-01
7.22018409640e-01
7.21553836934e-01
7.20602144519e-01
7.20271201856e-01
7.21430401143e-01
7.22303520694e-01
7.19859523917e-01
7.20636520579e-01
7.22160934535e-01
7.20739873038e-01
7.21436698085e-01
7.22118503587e-01
7.20122701067e-01
7.21730107605e-01
7.21177563298e-01
7.21355993933e-01
7.21352068411e-01
7.21408102475e-01
7.22304555889e-01
7.21936683184e-01
7.21304453622e-01
7.22234060234e-01
7.21712625001e-01
7.21198710957e-01
7.22813944193e-01
7.20985357889e-01
7.20423981600e-01
7.20727025065e-01
7.21841668113e-01
7.20881334376e-01
7.22074335680e-01
7.21388368732e-01
7.22285235127e-01
7.22937134525e-01
7.19841042952e-01
7.21035214372e-01
7.22039394329e-01
7.20777296677e-01
7.21754469293e-01
7.21686570420e-01
7.22402824021e-01
7.21551941597e-01
7.22077843716e-01
7.22332655352e-01
7.22352197310e-01
7.21899014511e-01
7.21278601038e-01
7.21727070531e-01
7.21259955172e-01
7.20649422309e-01
7.21967803763e-01
7.21626048199e-01
7.22695078803e-01
7.22211773142e-01
7.20685528762e-01
7.21255654062e-01
7.22454774461e-01
7.21598735349e-01
7.21463499042e-01
7.22382987645e-01
7.21702811783e-01
7.20575948199e-01
7.21612676845e-01
7.21197185945e-01
7.21543870216e-01
7.21287964553e-01
7.21601209771e-01
7.21184393495e-01
7.21528168453e-01
7.21103679003e-01
7.21729709527e-01
7.21870503558e-01
7.21206418555e-01
7.20503735965e-01
7.19305807029e-01
7.21869570038e-01
7.21358577016e-01
7.21687718784e-01
7.21970079320e-01
7.21799645807e-01
7.21251340452e-01
7.21499297604e-01
7.21068595274e-01
7.21749138312e-01
7.20877073070e-01
7.21692978964e-01
7.20290760815e-01
7.21311605112e-01
7.21354980635e-01
7.21206283012e-01
7.21701243275e-01
7.21579990313e-01
7.21010603080e-01
7.20949276566e-01
7.21469018710e-01
7.21013092422e-01
7.21467379837e-01
7.21365625312e-01
7.21040947390e-01
7.21269737521e-01
7.21615778062e-01
7.22082523628e-01
7.22958933525e-01
7.21272925097e-01
7.23452472532e-01
7.21457204118e-01
7.20585821564e-01
7.22253812122e-01
7.20252915550e-01
7.20739076221e-01
7.22640250354e-01
7.21214065004e-01
7.23418521946e-01
7.21943568521e-01
7.22258050788e-01
7.22118571923e-01
7.20483431413e-01
7.21622155706e-01
7.21828899766e-01
7.21399888972e-01
7.21505529640e-01
7.21198082362e-01
7.21632749779e-01
7.20822397068e-01
7.22151741634e-01
7.20891593751e-01
7.19910403146e-01
7.20269937489e-01
7.21749186260e-01
7.21849726266e-01
7.20809543816e-01
7.21177320046e-01
7.21818442526e-01
7.22370460927e-01
7.21871886335e-01
7.21047302170e-01
7.21383299465e-01
7.20861944973e-01
7.21322609288e-01
7.21083310171e-01
7.20836289704e-01
7.21466789739e-01
7.22222592432e-01
7.21693687897e-01
7.20545458423e-01
7.22724876909e-01
7.21879247481e-01
7.21992787405e-01
7.21025336047e-01
7.21518713859e-01
7.21581973113e-01
7.20821693360e-01
7.22076485018e-01
7.20559624145e-01
7.20985655330e-01
7.22787550738e-01
7.20769647992e-01
7.20792726977e-01
7.22207417637e-01
7.19788971800e-01
7.21426420557e-01
7.21386836887e-01
7.23036148417e-01
7.22410664825e-01
7.22124148927e-01
7.22105595342e-01
7.21860227166e-01
7.20606936722e-01
7.22317425892e-01
7.21006086418e-01
7.21641982973e-01
7.21703759459e-01
7.21503425402e-01
7.22670740763e-01
7.22351568463e-01
7.21572100490e-01
7.21363531328e-01
7.21814359173e-01
7.22185259053e-01
7.21973514482e-01
7.21662306936e-01
7.22264681757e-01
7.21618878679e-01
7.22838795170e-01
7.22084900057e-01
7.19625086052e-01
7.21472123912e-01
7.20764099553e-01
7.21630034339e-01
7.23197882493e-01
7.21411530212e-01
7.21788447544e-01
7.21947990836e-01
7.21596516196e-01
7.21164520338e-01
7.22547576912e-01
7.20750393453e-01
7.21097217509e-01
7.22014068421e-01
7.20771925198e-01
7.21462201444e-01
7.21415525409e-01