2.48539118918e+00
1.63525398155e+00
1.35667948125e+00
2.72921315951e+00
3.05659156440e+00
1.97567480417e+00
2.76856442161e+00
2.44853929274e+00
2.88306835997e+00
2.78956127814e+00
1.90694741619e+00
1.90913886214e+00
2.19285601166e+00
1.63917528960e+00
1.84824547025e+00
2.29171634899e+00
2.56339446927e+00
2.08719468981e+00
1.72627351236e+00
1.73376793670e+00
3.06429168680e+00
1.93925672218e+00
2.33403349041e+00
3.15550268187e+00
1.64954975033e+00
2.21070185889e+00
2.87001595117e+00
2.13106150853e+00
2.70705738122e+00
2.47643546669e+00
2.05014518658e+00
2.25962689050e+00
1.64383069191e+00
2.57685923361e+00
2.64274579203e+00
2.99903517237e+00
2.20989691556e+00
2.49828921204e+00
2.17526018980e+00
1.70623791005e+00
3.19844575695e+00
1.99240144194e+00
2.42715749180e+00
2.96849132261e+00
2.62743823195e+00
2.44726766155e+00
1.94313645773e+00
2.71559751236e+00
1.48731830716e+00
1.81358710272e+00
1.20034368120e+00
2.30786376960e+00
1.65729116806e+00
2.22066060151e+00
2.62582936142e+00
2.54759817407e+00
1.91911522830e+00
1.91031953297e+00
1.63470652525e+00
2.20017644442e+00
2.63570522820e+00
1.94476462705e+00
2.66443042129e+00
1.43201575326e+00
1.72990826841e+00
2.13934864379e+00
1.86093210985e+00
2.28210155149e+00
2.80068917455e+00
2.46270314250e+00
2.45574363636e+00
2.34475617065e+00
3.45672502049e+00
1.78105669946e+00
2.15582915182e+00
2.18093544838e+00
1.92178213394e+00
2.56600890144e+00
1.19186618893e+00
1.89039424271e+00
2.45422466810e+00
2.35785800432e+00
2.81501654269e+00
3.03950247558e+00
1.96502249122e+00
2.33347663694e+00
2.27583643022e+00
2.23824063846e+00
2.33193436023e+00
2.82809780671e+00
2.55412627657e+00
1.87728725061e+00
2.08586756074e+00
1.94790619808e+00
1.98055323126e+00
2.27573386450e+00
2.05425618260e+00
2.51836395477e+00
1.79905726038e+00
2.35318454519e+00
2.32279577330e+00
2.00261009093e+00
2.92017725299e+00
2.22506374688e+00
2.19219593214e+00
2.14803424807e+00
1.94014694413e+00
2.95193887397e+00
3.48478738964e+00
1.55131144887e+00
2.57608983717e+00
1.86639566274e+00
2.16652025877e+00
2.16758475855e+00
2.56238877103e+00
2.43861853976e+00
2.44401932959e+00
2.13201069374e+00
1.92508542482e+00
2.16080228218e+00
3.15186604073e+00
1.67870587960e+00
1.72948319346e+00
2.48634247920e+00
2.53615777426e+00
2.22757904002e+00
1.80091167143e+00
2.32185825261e+00
2.62942231628e+00
1.96762653271e+00
2.00021353500e+00
2.61883311762e+00
2.56448403101e+00
3.31883786114e+00
2.54185571550e+00
2.62390650964e+00
2.32041049115e+00
1.78309080553e+00
2.40670682905e+00
2.65073991672e+00
2.69208855190e+00
1.69173963390e+00
2.38137500958e+00
2.65368742118e+00
2.04598426734e+00
2.37403077420e+00
2.93356891244e+00
1.73112971787e+00
2.25128585402e+00
1.64185444739e+00
2.28309285237e+00
2.08849525382e+00
2.30158082566e+00
1.72444249972e+00
2.31076570140e+00
1.76573486071e+00
2.90740116786e+00
1.43332146426e+00
3.20945749237e+00
2.40212222503e+00
2.07429975280e+00
2.47919899505e+00
2.52596634989e+00
2.65771937382e+00
2.36861666394e+00
2.79490219738e+00
2.56556303720e+00
1.71229033506e+00
1.95022477974e+00
2.24785498805e+00
2.46344915090e+00
1.27200117632e+00
1.90734702650e+00
2.73316932380e+00
2.83829185857e+00
2.67972358131e+00
2.30944607541e+00
3.15644186821e+00
2.47618493964e+00
1.70839790970e+00
1.92767278596e+00
2.35809989928e+00
2.72167350808e+00
2.79810714316e+00
2.36362529424e+00
2.55031138589e+00
1.42840118608e+00
1.74536564489e+00
1.99672222975e+00
2.39080678913e+00
1.47376334948e+00
2.12133720495e+00
2.42999184876e+00
2.41658656679e+00
2.00758054089e+00
1.91495013810e+00
2.51101477784e+00
1.89713102761e+00
2.67458039366e+00
2.56036424169e+00
2.32645701499e+00
1.56789904029e+00
1.27223193825e+00
1.70489744907e+00
2.30989118220e+00
1.87874443220e+00
1.90393489154e+00
2.70654493737e+00
2.50411521374e+00
1.77288974545e+00
2.44368474115e+00
9.83977034134e-01
2.06123416026e+00
2.04867787881e+00
2.27864081465e+00
2.05397570282e+00
1.31832868315e+00
2.13591300987e+00
1.69206416566e+00
2.49774666844e+00
2.05306014096e+00
2.38248411601e+00
1.36092078355e+00
2.28308802762e+00
2.23453880801e+00
1.76066348521e+00
2.20868534641e+00
2.29609413366e+00
2.00304933054e+00
2.01872702969e+00
1.49257803594e+00
1.70399363412e+00
2.07989811736e+00
2.39573966770e+00
1.81136297185e+00
2.16112383482e+00
2.03374743572e+00
1.84049396135e+00
2.24582715298e+00
2.03667239815e+00
2.20445645148e+00
2.14144315041e+00
1.78545817670e+00
2.00104344583e+00
2.21012913093e+00
2.31747665181e+00
1.96022104279e+00
2.09368593502e+00
2.56124572235e+00
1.77227342807e+00
2.66723118112e+00
1.78213185363e+00
2.02750980961e+00
2.22548877548e+00
2.55164655380e+00
2.31841787078e+00
3.05855695235e+00
2.07266191491e+00
2.34305021174e+00
2.45071991635e+00
2.26722513088e+00
2.69459681742e+00
2.21490118112e+00
2.11483097484e+00
2.13639902602e+00
2.39181903715e+00
2.47757210686e+00
2.89407637623e+00
1.66513272371e+00
2.82224015799e+00
2.45598672829e+00
1.14100065981e+00
2.25875918503e+00
2.88428128472e+00
2.26363671180e+00
1.75504339866e+00
2.18335117358e+00
2.37611641130e+00
1.94075302234e+00
2.28521666907e+00
1.93131061390e+00
2.40019819106e+00
1.92912707774e+00
2.81470672188e+00
2.48460532309e+00
2.13571997892e+00
1.77913234308e+00
2.46727402799e+00
1.93780468394e+00
1.63946770491e+00
2.33626084648e+00
2.83274894299e+00
1.73292348151e+00
2.63122573720e+00
2.04913126226e+00
2.06838432206e+00
2.27856346223e+00
1.79006990152e+00
2.43346107091e+00
2.93100549570e+00
1.90225298660e+00
2.61694756381e+00
2.37049980838e+00
3.11168424854e+00
2.39737284476e+00
1.98930334162e+00
2.32670098066e+00
1.82064020595e+00
1.69940816217e+00
2.40650808555e+00
2.09353841082e+00
2.91371853067e+00
1.19050739980e+00
2.23821420362e+00
1.90183168088e+00
2.34625166604e+00
1.99344499892e+00
2.46134288804e+00
1.82472951308e+00
1.52912450532e+00
1.90650196064e+00
1.51201391468e+00
2.97104799885e+00
2.99118291971e+00
2.59111303395e+00
2.02929769486e+00
2.34160368423e+00
1.41462757309e+00
2.08845628789e+00
2.69593748737e+00
2.62625374873e+00
1.61597409055e+00
2.72093637480e+00
1.80282867895e+00
2.73990183313e+00
1.22164110161e+00
2.06791734194e+00
2.18049071314e+00
2.08898854798e+00
2.73197646854e+00
2.15035517889e+00
2.38280837729e+00
1.99906573823e+00
2.22110958423e+00
1.97332653855e+00
2.48126597905e+00
2.82032193413e+00
2.30485530451e+00
1.46025693177e+00
2.51424312344e+00
1.93565030843e+00
1.19690059373e+00
2.49200629767e+00
2.75556311745e+00
2.33301994295e+00
2.08406860069e+00
2.78304322957e+00
2.80761039841e+00
1.51221600773e+00
2.15884076169e+00
2.44732767852e+00
2.24669248112e+00
2.38174946913e+00
1.93768916560e+00
2.43172303115e+00
2.10963163424e+00
2.49069771210e+00
3.09921629754e+00
2.09386515820e+00
1.98697867045e+00
2.50683575454e+00
2.40865762428e+00
2.46858868301e+00
1.38494846381e+00
3.17275455710e+00
1.89469894594e+00
2.22365771063e+00
2.14845127175e+00
2.75900218790e+00
1.94084397590e+00
1.82856803754e+00
1.33429951711e+00
1.90469612706e+00
1.50461506126e+00
1.71463589276e+00
2.72669409277e+00
2.05479283750e+00
2.26285724007e+00
2.20259819140e+00
2.18552240642e+00
2.58105874150e+00
1.99820799012e+00
1.86043210784e+00
1.78743781969e+00
1.94333740876e+00
3.15201151221e+00
1.92968009519e+00
2.46187520731e+00
2.72652480024e+00
2.76545356831e+00
1.68306133962e+00
2.12278264384e+00
2.49251989220e+00
2.07432336811e+00
2.26420891683e+00
2.38927208217e+00
2.92052530950e+00
1.43664361999e+00
2.51466233534e+00
1.94646651592e+00
2.44363273162e+00
1.45919934025e+00
1.79681245352e+00
2.95717189137e+00
1.39625765917e+00
2.29311866048e+00
2.40851154647e+00
1.70056596360e+00
1.54411897273e+00
3.01623817805e+00
2.05540107617e+00
1.96002176173e+00
2.46566580878e+00
2.46653220160e+00
2.51527275876e+00
2.95716251049e+00
2.14794067507e+00
2.30768420631e+00
2.44689114814e+00
2.34890136872e+00
2.55154980427e+00
3.50640061896e+00
2.93871054115e+00
2.10674267987e+00
2.49974841917e+00
2.02313136279e+00
3.01595117701e+00
2.16769081696e+00
2.41967188503e+00
2.43605189917e+00
2.12295168119e+00
2.08519653543e+00
2.58743502685e+00
2.46833491567e+00
2.51488499986e+00
1.79606519989e+00
2.15158130640e+00
2.19123181856e+00
2.26100626930e+00
1.80187844678e+00
2.05297149035e+00
1.88753493048e+00
1.89376219020e+00
2.22126937161e+00
2.41484365050e+00
2.49414693227e+00
1.89030256050e+00
2.08439188006e+00
1.99481642746e+00
2.38711602059e+00
2.90035415815e+00
2.58367315599e+00
2.57519431973e+00
2.80570750524e+00
2.12113058445e+00
2.43713712762e+00
1.93813474276e+00
2.45052040497e+00
2.97860171841e+00
2.84258979074e+00
2.15889249965e+00
1.87887563250e+00
1.88296760888e+00
2.35294014545e+00
1.82833898546e+00
1.81737688477e+00
2.96500247568e+00
2.17522623147e+00
2.55378598257e+00
1.27363952223e+00
1.94835455635e+00
1.73934392522e+00
2.72832266640e+00
2.34365995039e+00
1.90093112092e+00
2.29722969719e+00
1.96249921289e+00
2.48577324309e+00
2.41788848394e+00
2.07750925991e+00
2.50447145792e+00
2.24090178579e+00
2.09060139086e+00
2.55834994238e+00
2.32400370138e+00
2.02632910434e+00
1.84332858078e+00
2.72182104438e+00
2.29139035082e+00
2.50949822612e+00
2.23155961537e+00