9.65350156616e+00
9.69560798273e+00
9.68362142630e+00
9.64898993397e+00
9.61938834907e+00
9.75138748004e+00
9.63922026331e+00
9.62721359586e+00
9.66729575894e+00
9.68596267913e+00
9.75243949277e+00
9.76506134112e+00
9.61381626576e+00
9.66593469612e+00
9.61112512097e+00
9.68202639783e+00
9.68936579967e+00
9.72423315702e+00
9.66430520196e+00
9.69898169255e+00
9.62123345025e+00
9.62713012257e+00
9.62506257524e+00
9.75395111224e+00
9.69875791185e+00
9.74698320260e+00
9.69741073407e+00
9.70141049539e+00
9.67473542951e+00
9.71461647691e+00
9.68835315733e+00
9.68319857943e+00
9.63954032595e+00
9.64147688808e+00
9.70245298482e+00
9.76989209653e+00
9.65002952404e+00
9.77694020507e+00
9.62298147390e+00
9.71700334400e+00
9.72953340356e+00
9.70450758817e+00
9.70532663193e+00
9.71181350126e+00
9.67678642795e+00
9.67253335375e+00
9.61517706218e+00
9.73904048327e+00
9.65031244141e+00
9.70721795891e+00
9.59688555219e+00
9.69549201952e+00
9.73012904952e+00
9.69386805491e+00
9.62294045305e+00
9.72682649147e+00
9.70730123643e+00
9.62158916375e+00
9.55172245296e+00
9.67244846446e+00
9.68921492276e+00
9.53154618106e+00
9.76707268025e+00
9.65445169084e+00
9.67000533838e+00
9.68943785603e+00
9.56903564187e+00
9.57128992093e+00
9.69038867441e+00
9.75853095630e+00
9.69107381463e+00
9.73005964422e+00
9.72300577575e+00
9.69189489704e+00
9.69019418927e+00
9.67630916117e+00
9.63979217000e+00
9.68668574157e+00
9.71455135153e+00
9.71665801661e+00
9.72548066321e+00
9.66147365107e+00
9.80413963059e+00
9.79208499667e+00
9.70306545029e+00
9.69594381681e+00
9.65065297607e+00
9.65896256685e+00
9.64107464276e+00
9.64707367580e+00
9.63512876577e+00
9.68030103192e+00
9.63322233987e+00
9.71217130236e+00
9.63325372529e+00
9.71400560340e+00
9.62022411582e+00
9.72140413564e+00
9.70223776094e+00
9.66441558120e+00
9.74544312210e+00
9.66334728916e+00
9.73705534412e+00
9.70093746491e+00
9.60556768289e+00
9.59577388044e+00
9.69799607414e+00
9.72550760242e+00
9.68263816411e+00
9.68463889934e+00
9.70332728344e+00
9.70834695724e+00
9.72770498285e+00
9.67067261358e+00
9.70501531996e+00
9.75441439856e+00
9.68640051151e+00
9.67687165162e+00
9.67218943897e+00
9.67392758325e+00
9.64568929515e+00
9.59276870841e+00
9.67223314584e+00
9.71577291469e+00
9.78037324503e+00
9.67340667361e+00
9.67084509347e+00
9.66809772112e+00
9.70693732031e+00
9.70353978601e+00
9.71595744226e+00
9.69880958451e+00
9.67141673880e+00
9.66231623324e+00
9.67809068720e+00
9.73893871944e+00
9.65857649343e+00
9.57068678148e+00
9.58407446963e+00
9.68346906799e+00
9.63101523913e+00
9.65938662946e+00
9.65227964794e+00
9.66888741671e+00
9.65047543316e+00
9.72355699075e+00
9.75620539652e+00
9.69149234712e+00
9.63000104527e+00
9.64532768406e+00
9.67695845927e+00
9.68750403201e+00
9.70457110356e+00
9.63325801411e+00
9.71548334969e+00
9.67087837374e+00
9.66933513632e+00
9.74235472307e+00
9.62447579008e+00
9.67145488154e+00
9.72126141313e+00
9.67374882377e+00
9.76679725849e+00
9.67181997489e+00
9.72621213655e+00
9.72646716407e+00
9.70938107597e+00
9.70874018256e+00
9.65335192006e+00
9.61560402954e+00
9.67493739423e+00
9.67808045044e+00
9.67153901993e+00
9.68234759197e+00
9.70509758781e+00
9.67652917088e+00
9.65042465265e+00
9.69478296595e+00
9.72304125150e+00
9.70643573678e+00
9.76575289654e+00
9.68949908487e+00
9.76369145070e+00
9.74787517620e+00
9.74012991648e+00
9.54142688502e+00
9.66496032662e+00
9.69613093548e+00
9.66107915480e+00
9.68828250394e+00
9.58869107479e+00
9.61695062497e+00
9.66269159461e+00
9.71870159972e+00
9.62006377657e+00
9.65180316449e+00
9.60163995293e+00
9.72927538039e+00
9.71837976916e+00
9.60112450117e+00
9.65611942296e+00
9.63505740174e+00
9.58826723728e+00
9.72186848799e+00
9.65247125009e+00
9.72252200674e+00
9.59462343255e+00
9.64538905689e+00
9.67718142491e+00
9.59947334361e+00
9.65280217286e+00
9.71647480235e+00
9.60739216356e+00
9.63905717861e+00
9.61359804074e+00
9.66462355520e+00
9.67349555063e+00
9.71990390766e+00
9.68240787169e+00
9.65643918406e+00
9.65676730042e+00
9.62523998644e+00
9.60959523235e+00
9.72212762518e+00
9.69122342412e+00
9.68712678097e+00
9.62387829831e+00
9.68989273798e+00
9.67537420430e+00
9.74079724189e+00
9.63253460306e+00
9.67410919630e+00
9.63163705813e+00
9.67406028659e+00
9.73084195235e+00
9.70256342183e+00
9.75330853128e+00
9.68998189847e+00
9.65040733969e+00
9.66272864574e+00
9.66922535609e+00
9.70706442030e+00
9.64372209681e+00
9.71393913932e+00
9.58941371974e+00
9.65682724826e+00
9.67906621534e+00
9.72997943240e+00
9.80388974503e+00
9.74675118811e+00
9.72868734767e+00
9.68616671496e+00
9.64988281710e+00
9.74400297511e+00
9.56913698006e+00
9.66238188549e+00
9.69291888158e+00
9.67497615865e+00
9.68619271002e+00
9.67616986843e+00
9.61908968257e+00
9.69085064651e+00
9.70529732958e+00
9.69317721993e+00
9.74068147448e+00
9.69206587938e+00
9.66022195133e+00
9.62053190694e+00
9.73516487713e+00
9.63345573330e+00
9.81765277637e+00
9.70110356247e+00
9.62873540539e+00
9.67234845965e+00
9.70262015007e+00
9.66448957955e+00
9.66228171303e+00
9.76367536708e+00
9.73150893065e+00
9.62773122764e+00
9.65740451692e+00
9.61670773303e+00
9.70275971585e+00
9.66072678239e+00
9.66965029258e+00
9.68753964112e+00
9.68537741429e+00
9.68787139710e+00
9.69876748932e+00
9.60053005592e+00
9.64700317842e+00
9.66908296378e+00
9.74628475564e+00
9.71044884608e+00
9.61476068585e+00
9.63134757219e+00
9.69323319963e+00
9.72494686043e+00
9.64768448116e+00
9.63806550756e+00
9.71130872531e+00
9.73603097034e+00
9.68499036473e+00
9.64502056910e+00
9.64261905045e+00
9.72725842170e+00
9.65401553104e+00
9.69307454397e+00
9.61531346591e+00
9.64869591693e+00
9.65349079181e+00
9.67035508742e+00
9.70185563962e+00
9.68182368758e+00
9.72778450306e+00
9.63682782930e+00
9.75484897883e+00
9.66590192467e+00
9.68838935038e+00
9.68696970845e+00
9.68829954856e+00
9.63633335191e+00
9.78872247898e+00
9.60822880487e+00
9.76509237681e+00
9.71151371289e+00
9.62518879673e+00
9.59503485642e+00
9.68955463996e+00
9.73272289676e+00
9.75064148768e+00
9.70515171752e+00
9.70122912454e+00
9.59559161521e+00
9.67299539734e+00
9.63540826004e+00
9.61534185109e+00
9.68464673747e+00
9.63002841306e+00
9.71043934505e+00
9.69950360351e+00
9.65208295051e+00
9.59055167034e+00
9.72789044745e+00
9.67409986277e+00
9.67988378314e+00
9.73942456292e+00
9.74749343045e+00
9.71225214004e+00
9.68204170391e+00
9.63868995016e+00
9.58961026448e+00
9.68072036596e+00
9.68861530780e+00
9.67098483348e+00
9.66987155022e+00
9.69118914605e+00
9.63201317336e+00
9.73205059651e+00
9.68728136235e+00
9.71235368953e+00
9.68022926740e+00
9.57302467993e+00
9.59643143549e+00
9.75656403942e+00
9.64224388351e+00
9.66023984276e+00
9.69354762536e+00
9.69376156231e+00
9.63762667526e+00
9.72937215481e+00
9.64272415052e+00
9.70844237505e+00
9.61383332155e+00
9.80837721209e+00
9.70383879729e+00
9.65064850162e+00
9.65959333825e+00
9.67715615913e+00
9.71798967491e+00
9.66301666708e+00
9.62379038803e+00
9.63762848920e+00
9.68558883600e+00
9.62995043605e+00
9.70774062796e+00
9.65564322226e+00
9.67380053844e+00
9.56963872254e+00
9.75274150477e+00
9.67518925661e+00
9.75239672077e+00
9.69966319081e+00
9.61123174870e+00
9.61861945804e+00
9.65991716339e+00
9.69738488874e+00
9.68881824797e+00
9.65463873310e+00
9.57405257154e+00
9.60235340801e+00
9.73353696758e+00
9.73142460164e+00
9.60044575409e+00
9.69189079424e+00
9.63007982210e+00
9.66670897065e+00
9.73257077390e+00
9.72016251859e+00
9.72001084152e+00
9.68601408061e+00
9.66764070709e+00
9.63137053404e+00
9.68675475997e+00
9.73613326003e+00
9.70318678419e+00
9.65380065751e+00
9.76570654961e+00
9.70221856111e+00
9.70264151814e+00
9.67909427752e+00
9.69136663718e+00
9.67039773772e+00
9.71176319515e+00
9.69711511524e+00
9.64439942312e+00
9.72773435793e+00
9.65792326571e+00
9.67773121144e+00
9.69994279202e+00
9.69724676155e+00
9.77507424283e+00
9.75729090149e+00
9.68697573660e+00
9.72401678515e+00
9.70071746959e+00
9.75387117614e+00
9.64478112386e+00
9.64019236390e+00
9.65040457244e+00
9.60272045893e+00
9.68756571343e+00
9.68934970649e+00
9.68372953121e+00
9.60025168874e+00
9.74421062156e+00
9.66276158789e+00
9.65771839999e+00
9.71456816864e+00
9.72197152507e+00
9.71985027231e+00
9.67800639392e+00
9.57443785948e+00
9.65504389135e+00
9.66421622437e+00
9.65476168852e+00
9.67030438871e+00
9.66071681806e+00
9.58748683087e+00
9.62457679241e+00
9.86112613640e+00
9.60607552685e+00
9.65561589768e+00
9.76999395329e+00
9.65916019508e+00
9.67195814954e+00
9.62441992706e+00
9.67394412248e+00
9.78510111966e+00
9.69286444118e+00
9.64054139427e+00
9.65165093424e+00
9.70816332250e+00
9.67336006468e+00
9.69150688158e+00
9.61214830490e+00
9.67238695379e+00
9.68092039900e+00
9.71261580744e+00
9.69288557974e+00
9.63036395066e+00
9.74391113545e+00
9.71325479488e+00
9.79115914684e+00
9.70436875527e+00
9.58750202166e+00
9.65033805391e+00
9.72713702329e+00
9.65907008972e+00
9.71433285122e+00
9.63666849841e+00
9.68649081705e+00
9.71721068296e+00
9.71310747540e+00
9.67696368872e+00
9.72266682616e+00
9.67987650224e+00
9.64063702207e+00
9.59496693077e+00
9.66673307638e+00
9.67874495861e+00