5.84602145328e+01
5.84997317857e+01
5.84945323020e+01
5.85086996400e+01
5.84706738634e+01
5.85010387167e+01
5.84214810285e+01
5.84460914373e+01
5.85032510541e+01
5.85605483922e+01
5.84879610939e+01
5.85178924638e+01
5.84863702644e+01
5.84717619174e+01
5.84819524372e+01
5.84624368435e+01
5.84380732279e+01
5.85354791695e+01
5.85078443144e+01
5.84739547896e+01
5.84858499953e+01
5.85256079685e+01
5.84386494861e+01
5.84883066682e+01
5.84770464106e+01
5.85257148847e+01
5.84515476218e+01
5.85259255225e+01
5.83975929872e+01
5.85529924240e+01
5.84475310217e+01
5.84864051783e+01
5.85778443883e+01
5.85064159908e+01
5.85703552681e+01
5.84050657572e+01
5.84595815927e+01
5.85513955172e+01
5.84510529576e+01
5.85299779437e+01
5.84865420380e+01
5.85068817153e+01
5.84472736282e+01
5.84756764021e+01
5.85298607414e+01
5.85328791192e+01
5.85099908764e+01
5.84790591430e+01
5.85099128734e+01
5.85094396784e+01
5.85298708061e+01
5.84614657053e+01
5.84549000424e+01
5.85084685001e+01
5.85111538143e+01
5.84496329724e+01
5.84766961324e+01
5.84343891961e+01
5.85452678544e+01
5.85440395428e+01
5.84248305227e+01
5.84873996637e+01
5.84681608269e+01
5.84996573141e+01
5.85258701294e+01
5.84508858956e+01
5.84290518164e+01
5.85107144411e+01
5.84973835586e+01
5.84861131660e+01
5.85237277029e+01
5.84368629945e+01
5.84768213883e+01
5.85468791827e+01
5.84754837532e+01
5.84365974620e+01
5.85123855766e+01
5.84403998429e+01
5.85694281413e+01
5.84422358886e+01
5.84120795329e+01
5.85339953990e+01
5.84343359449e+01
5.85071152234e+01
5.84698001794e+01
5.84783083529e+01
5.84444620393e+01
5.84939367522e+01
5.85463973090e+01
5.85061615401e+01
5.84297956818e+01
5.84332573351e+01
5.85598031522e+01
5.85025119821e+01
5.85074197413e+01
5.84160666302e+01
5.84421049211e+01
5.85062349045e+01
5.84716772759e+01
5.84842125675e+01
5.85087035901e+01
5.85403249814e+01
5.85242723305e+01
5.84235626342e+01
5.84032103212e+01
5.84972847831e+01
5.84738349332e+01
5.85229494929e+01
5.84723419358e+01
5.84738759066e+01
5.84315629913e+01
5.85825627919e+01
5.85129835686e+01
5.84180303559e+01
5.83695781034e+01
5.86053160933e+01
5.85356336496e+01
5.85808846923e+01
5.84600039280e+01
5.85542833985e+01
5.83883340697e+01
5.84928532753e+01
5.84988331096e+01
5.85773801852e+01
5.84290668518e+01
5.84808887590e+01
5.84161052128e+01
5.85191475932e+01
5.84813046847e+01
5.84416642033e+01
5.84804325292e+01
5.85042168681e+01
5.84561616085e+01
5.84247290574e+01
5.83850057271e+01
5.83939436450e+01
5.84509746381e+01
5.84428167961e+01
5.84163181452e+01
5.84999413145e+01
5.84619205007e+01
5.84598422136e+01
5.85447440462e+01
5.84587808133e+01
5.84286882587e+01
5.84672256902e+01
5.84906868311e+01
5.84754165072e+01
5.85178130225e+01
5.85038670685e+01
5.84765498960e+01
5.84696006089e+01
5.84829148577e+01
5.83903801163e+01
5.84915660166e+01
5.84845890786e+01
5.84556358843e+01
5.84584919968e+01
5.83738837067e+01
5.84652246130e+01
5.84662468144e+01
5.84318787140e+01
5.84986036684e+01
5.85120816394e+01
5.85008934822e+01
5.85134713711e+01
5.84536447554e+01
5.84661376843e+01
5.84826907613e+01
5.85228377098e+01
5.84541220431e+01
5.85240265253e+01
5.84988694296e+01
5.84263967683e+01
5.85049295693e+01
5.84803262297e+01
5.84539489149e+01
5.84806972872e+01
5.85028390337e+01
5.84915713719e+01
5.84495728926e+01
5.84761236688e+01
5.84407529278e+01
5.84725208920e+01
5.85486242245e+01
5.84815668800e+01
5.84438017497e+01
5.85064680492e+01
5.84596760483e+01
5.85274330955e+01
5.85411934051e+01
5.84257980084e+01
5.84747604545e+01
5.84795991675e+01
5.84599142027e+01
5.84620967419e+01
5.84830763906e+01
5.85914874093e+01
5.84777533724e+01
5.85436227488e+01
5.84226511833e+01
5.85211923558e+01
5.86036877985e+01
5.85070735470e+01
5.85554882274e+01
5.84782487159e+01
5.84435226472e+01
5.84503668202e+01
5.85341276074e+01
5.85151225673e+01
5.85422810754e+01
5.85314837132e+01
5.85197274198e+01
5.84250581797e+01
5.84919094133e+01
5.84376073881e+01
5.84355938430e+01
5.85636352397e+01
5.85233734315e+01
5.84583878087e+01
5.84887609064e+01
5.83988346470e+01
5.85363145524e+01
5.84382359822e+01
5.84439206003e+01
5.85482060357e+01
5.85220489977e+01
5.84970472642e+01
5.84908748372e+01
5.85427054818e+01
5.84722952190e+01
5.85399918228e+01
5.84640802449e+01
5.85500622699e+01
5.85482018719e+01
5.85575292671e+01
5.85577263302e+01
5.85073539500e+01
5.85309017191e+01
5.84457725436e+01
5.84898122636e+01
5.85340616770e+01
5.84527040839e+01
5.85426298576e+01
5.84587639139e+01
5.83929223723e+01
5.84141717885e+01
5.84479561943e+01
5.84558067441e+01
5.85713497723e+01
5.84921601125e+01
5.85255983922e+01
5.84927595279e+01
5.84952855516e+01
5.84399109958e+01
5.84582513717e+01
5.84251030213e+01
5.84810890061e+01
5.85225056658e+01
5.84954292456e+01
5.85577267312e+01
5.84434355823e+01
5.85077591758e+01
5.84641013546e+01
5.84957413836e+01
5.84231130487e+01
5.84688915721e+01
5.84704607046e+01
5.85146329754e+01
5.85255995465e+01
5.84381389712e+01
5.85749801479e+01
5.84719437725e+01
5.84340835441e+01
5.84644910731e+01
5.84267797139e+01
5.84077895124e+01
5.85300741082e+01
5.85060229807e+01
5.84955749160e+01
5.84634895529e+01
5.85133326880e+01
5.85128731968e+01
5.85079492225e+01
5.85427858960e+01
5.85170634460e+01
5.85421510280e+01
5.84746653001e+01
5.84974832537e+01
5.84325466383e+01
5.84551732360e+01
5.85953333175e+01
5.85010574315e+01
5.84918644738e+01
5.84977371858e+01
5.84689533384e+01
5.85342899136e+01
5.84487323903e+01
5.85372232029e+01
5.84981164875e+01
5.85189714887e+01
5.84667470125e+01
5.84501433059e+01
5.84215185156e+01
5.83808118990e+01
5.84584057333e+01
5.83886773741e+01
5.85063245703e+01
5.85740671813e+01
5.85169979303e+01
5.85350956323e+01
5.84362721477e+01
5.85401078047e+01
5.84441602394e+01
5.84984175806e+01
5.84874214825e+01
5.84953771623e+01
5.85843244798e+01
5.84715650327e+01
5.84485134099e+01
5.84946820166e+01
5.84423147019e+01
5.84596697855e+01
5.85070266513e+01
5.85575510850e+01
5.85205223152e+01
5.84364482979e+01
5.85456514422e+01
5.84496256102e+01
5.85415806093e+01
5.84948700489e+01
5.85624444094e+01
5.84929984802e+01
5.84714465804e+01
5.84306931484e+01
5.84464897273e+01
5.85198468105e+01
5.85184551245e+01
5.84230340904e+01
5.84964673219e+01
5.85352049190e+01
5.84256370517e+01
5.84404928091e+01
5.84762668876e+01
5.84663554482e+01
5.84357090625e+01
5.85589779397e+01
5.84196389465e+01
5.84703246179e+01
5.84802583765e+01
5.85477708420e+01
5.84693937204e+01
5.84913480242e+01
5.85706082088e+01
5.84349096643e+01
5.84893745345e+01
5.85162435573e+01
5.84991695042e+01
5.85143219292e+01
5.84310521283e+01
5.84630805374e+01
5.85718665641e+01
5.84844045183e+01
5.85091675045e+01
5.84804227771e+01
5.84507448304e+01
5.84896709052e+01
5.84909209549e+01
5.84927354894e+01
5.84937325624e+01
5.84524275508e+01
5.84827003335e+01
5.85079799488e+01
5.85190892372e+01
5.84921824153e+01
5.84742106411e+01
5.85341989603e+01
5.85538298447e+01
5.85285298208e+01
5.85159849236e+01
5.85042403326e+01
5.84833675691e+01
5.85331563831e+01
5.85190413274e+01
5.85646538013e+01
5.85626488348e+01
5.85087980987e+01
5.84515314728e+01
5.85575198938e+01
5.85846116287e+01
5.84643259723e+01
5.84543056027e+01
5.84976481752e+01
5.84803154375e+01
5.84908365166e+01
5.83990322347e+01
5.85017539423e+01
5.84943077905e+01
5.84211787757e+01
5.84329029263e+01
5.85310253263e+01
5.84780098088e+01
5.84483380014e+01
5.83970255438e+01
5.84076568124e+01
5.85052434401e+01
5.85282585450e+01
5.85505630790e+01
5.84689603616e+01
5.85755574385e+01
5.85097529310e+01
5.85223635598e+01
5.85753166107e+01
5.84020936485e+01
5.84767556110e+01
5.84500138684e+01
5.84518398050e+01
5.84504503090e+01
5.85303695094e+01
5.85429659932e+01
5.84626888725e+01
5.84621890562e+01
5.84258304687e+01
5.84796191862e+01
5.84203957533e+01
5.84518493948e+01
5.85193227999e+01
5.85361796046e+01
5.84746274506e+01
5.84977698732e+01
5.84715873417e+01
5.84005752697e+01
5.85036268215e+01
5.85113431178e+01
5.84611108971e+01
5.85359756087e+01
5.85083030979e+01
5.84736449059e+01
5.84388596153e+01
5.85253539262e+01
5.85437441052e+01
5.84915010032e+01
5.84805411193e+01
5.84973764885e+01
5.84739383184e+01
5.84948499277e+01
5.84127571702e+01
5.85015012739e+01
5.84320501624e+01
5.84937582283e+01
5.84680145637e+01
5.85298907881e+01
5.84734931749e+01
5.85868908015e+01
5.85362289729e+01
5.84783824845e+01
5.84574561153e+01
5.84799403878e+01
5.84759911951e+01
5.84199410045e+01
5.84654766335e+01
5.84760403001e+01
5.85242510375e+01
5.84943238332e+01
5.85315225500e+01
5.84917329363e+01
5.85629709929e+01
5.85491352452e+01
5.84957631108e+01
5.84408991216e+01
5.84955124920e+01
5.84975502513e+01
5.84616143949e+01
5.85880485978e+01
5.85337837734e+01
5.85061834686e+01
5.84770688648e+01
5.85126500991e+01
5.85148058031e+01
5.85389484930e+01
5.85398610219e+01
5.84866388913e+01
5.85070574933e+01
5.85662316024e+01
5.84861866138e+01
5.84510737156e+01
5.85188636895e+01
5.84381350360e+01
5.84581367944e+01
5.84910122528e+01
5.85503242014e+01
5.84820172442e+01
5.85514131115e+01
5.85201038314e+01
5.85730357441e+01
5.84860603665e+01
5.85207796663e+01
5.84247211240e+01
5.84886713427e+01
5.84734763451e+01
5.84854754651e+01