1.06771722315e+00
1.06617600305e+00
1.07233987834e+00
1.07135834572e+00
1.06443734859e+00
1.06954579341e+00
1.06320720199e+00
1.07187489620e+00
1.06258816495e+00
1.07287703529e+00
1.06915256573e+00
1.06536167811e+00
1.06202754595e+00
1.06543437659e+00
1.06295069434e+00
1.06803390238e+00
1.07154906654e+00
1.05892918248e+00
1.06376050111e+00
1.06417071898e+00
1.06887119927e+00
1.06865212376e+00
1.06507290262e+00
1.06839460094e+00
1.06054633794e+00
1.06555404516e+00
1.06431589712e+00
1.07243426994e+00
1.07336593809e+00
1.07133793464e+00
1.06132532321e+00
1.06368648937e+00
1.05759199524e+00
1.06453134899e+00
1.06567198666e+00
1.06365177588e+00
1.06466799672e+00
1.06465549150e+00
1.06374209976e+00
1.06980267805e+00
1.06628175949e+00
1.06150611087e+00
1.06299499689e+00
1.06365367648e+00
1.06114445290e+00
1.07093717556e+00
1.07139146968e+00
1.06863801560e+00
1.07086985112e+00
1.06889950711e+00
1.06778932562e+00
1.07269158200e+00
1.06354819948e+00
1.06821034448e+00
1.06683838779e+00
1.06710958711e+00
1.06456124200e+00
1.06960934959e+00
1.06619098257e+00
1.06258378053e+00
1.06949392246e+00
1.06688468827e+00
1.06869327274e+00
1.07011690412e+00
1.06126960683e+00
1.05959359916e+00
1.06798227725e+00
1.06885392111e+00
1.06906731161e+00
1.06622587442e+00
1.06472103474e+00
1.06819290358e+00
1.06186299497e+00
1.07106952288e+00
1.06085805059e+00
1.05974883972e+00
1.06360844512e+00
1.06842400264e+00
1.06460440285e+00
1.06372972869e+00
1.06475504345e+00
1.06739265097e+00
1.07314115901e+00
1.07386071978e+00
1.06751696669e+00
1.06394610096e+00
1.06422964725e+00
1.07216834786e+00
1.07031908180e+00
1.05861357255e+00
1.07283778610e+00
1.06556238808e+00
1.06626919516e+00
1.05901580072e+00
1.07138007270e+00
1.06369552938e+00
1.06647658995e+00
1.06691020450e+00
1.06810973891e+00
1.06355983896e+00
1.06916853786e+00
1.07013731395e+00
1.06680826372e+00
1.07039024830e+00
1.06109418245e+00
1.07178490895e+00
1.06484803306e+00
1.05818798399e+00
1.07061131312e+00
1.07018021707e+00
1.06168872835e+00
1.06725699438e+00
1.07247445482e+00
1.06208485328e+00
1.06008887050e+00
1.06888670050e+00
1.07242803919e+00
1.06762802472e+00
1.06005832895e+00
1.06739440798e+00
1.06885053073e+00
1.05923142399e+00
1.06518772956e+00
1.06980304915e+00
1.06860537855e+00
1.07037118674e+00
1.07090905145e+00
1.06242363425e+00
1.06744484520e+00
1.06935104077e+00
1.06627296568e+00
1.06516459247e+00
1.06563344062e+00
1.06625986669e+00
1.05844541276e+00
1.06340924750e+00
1.06944785748e+00
1.06784555705e+00
1.06938633802e+00
1.06791277245e+00
1.06172735964e+00
1.06704076958e+00
1.07332223499e+00
1.06898148395e+00
1.06505422169e+00
1.06960879278e+00
1.06693507567e+00
1.06283574392e+00
1.07051865820e+00
1.06815240667e+00
1.06615899251e+00
1.07065896225e+00
1.06197646151e+00
1.06468897021e+00
1.07293906249e+00
1.06965910552e+00
1.05883632177e+00
1.06327076584e+00
1.06241015137e+00
1.07039159652e+00
1.06776172905e+00
1.06941412465e+00
1.06374200676e+00
1.06375675398e+00
1.06320998565e+00
1.07215712943e+00
1.06651406101e+00
1.06652667193e+00
1.06544646444e+00
1.06819121785e+00
1.07073631280e+00
1.05879153668e+00
1.06692001598e+00
1.06803250306e+00
1.06665168395e+00
1.06903186030e+00
1.06268958794e+00
1.07548252926e+00
1.06943795086e+00
1.06571521115e+00
1.06522966976e+00
1.06834538367e+00
1.06119617122e+00
1.06151086581e+00
1.06723371385e+00
1.06735216334e+00
1.06898713836e+00
1.06922233822e+00
1.06348015641e+00
1.06677565104e+00
1.07915391204e+00
1.06773782880e+00
1.06495560294e+00
1.06425063707e+00
1.06771558761e+00
1.05950451315e+00
1.06152480050e+00
1.06559693720e+00
1.06791414576e+00
1.06668575491e+00
1.07166711837e+00
1.06498257974e+00
1.06994411050e+00
1.05986998649e+00
1.06361522785e+00
1.06395048546e+00
1.06266477531e+00
1.06194878603e+00
1.05582939340e+00
1.06880813889e+00
1.07049381359e+00
1.07265946928e+00
1.05553839477e+00
1.07243022603e+00
1.07102884012e+00
1.06980812768e+00
1.07142991635e+00
1.05929518889e+00
1.07179141822e+00
1.06110267006e+00
1.06824418855e+00
1.06728962476e+00
1.06267643444e+00
1.06391291774e+00
1.06889197707e+00
1.05935876969e+00
1.06785756657e+00
1.06894997645e+00
1.06752508250e+00
1.06955101991e+00
1.07197682404e+00
1.06100298888e+00
1.06209998354e+00
1.07001869358e+00
1.06921701205e+00
1.06800112903e+00
1.06384068021e+00
1.05956729369e+00
1.06322517863e+00
1.06804306977e+00
1.06895094210e+00
1.07128166233e+00
1.07303410486e+00
1.06623513867e+00
1.07514572788e+00
1.06806842953e+00
1.06625412766e+00
1.06055165393e+00
1.06733648175e+00
1.07364829289e+00
1.06823017061e+00
1.06998020990e+00
1.06891408565e+00
1.06256729573e+00
1.06096274154e+00
1.06587344777e+00
1.06584818145e+00
1.06544805772e+00
1.06586221703e+00
1.06242343072e+00
1.06891487777e+00
1.06596414038e+00
1.06860510440e+00
1.06903836953e+00
1.06985713750e+00
1.06201964908e+00
1.06805160861e+00
1.06755369682e+00
1.06487741195e+00
1.06747368615e+00
1.06536497614e+00
1.06565939630e+00
1.07705758526e+00
1.06511726470e+00
1.06424776535e+00
1.06844250354e+00
1.06406773829e+00
1.06253882371e+00
1.06854804942e+00
1.05810847392e+00
1.06677749748e+00
1.06659642779e+00
1.06689341203e+00
1.06288706662e+00
1.06570921699e+00
1.06549936270e+00
1.07494087711e+00
1.06199521666e+00
1.06377044090e+00
1.06503815710e+00
1.06586173858e+00
1.06505874442e+00
1.07076025510e+00
1.06775471899e+00
1.07659177524e+00
1.06829283370e+00
1.06710349258e+00
1.06545247397e+00
1.06894286387e+00
1.06403205763e+00
1.06175746167e+00
1.07331914228e+00
1.06764220245e+00
1.07002387860e+00
1.06642971852e+00
1.07467693349e+00
1.06578601503e+00
1.06175944712e+00
1.06213797403e+00
1.06802123927e+00
1.06712448124e+00
1.06926018378e+00
1.06648872927e+00
1.06677352376e+00
1.06023444979e+00
1.06276821548e+00
1.07215928302e+00
1.06367735474e+00
1.06550790055e+00
1.06650245311e+00
1.06659085640e+00
1.06630506336e+00
1.06359452233e+00
1.07022351450e+00
1.06541782615e+00
1.06622024088e+00
1.06758686768e+00
1.07170798534e+00
1.06179644850e+00
1.06519620335e+00
1.06511524359e+00
1.06143458105e+00
1.07002815185e+00
1.06744068630e+00
1.07475732747e+00
1.06678475922e+00
1.06211685759e+00
1.07130917128e+00
1.06825431822e+00
1.06870629039e+00
1.06166660256e+00
1.07124816723e+00
1.06145825373e+00
1.05662153370e+00
1.06553993965e+00
1.06656067971e+00
1.06510899081e+00
1.06903210544e+00
1.06398326446e+00
1.06905461956e+00
1.06785456268e+00
1.06631608791e+00
1.06555984396e+00
1.07127697757e+00
1.06401223136e+00
1.05792757169e+00
1.06320013620e+00
1.06839990871e+00
1.06753573028e+00
1.06586988370e+00
1.06765600910e+00
1.07074256190e+00
1.06568929209e+00
1.06438156062e+00
1.06715891930e+00
1.06435264979e+00
1.06561835513e+00
1.07028388011e+00
1.06260159432e+00
1.06794518510e+00
1.06653427506e+00
1.06768164782e+00
1.06420603198e+00
1.06629413354e+00
1.06772544541e+00
1.06635634021e+00
1.06149784515e+00
1.07186779948e+00
1.06073564215e+00
1.06129306024e+00
1.06747516760e+00
1.05998981021e+00
1.07096422714e+00
1.07115352079e+00
1.06940773921e+00
1.06227441094e+00
1.06477261261e+00
1.06334882408e+00
1.07300742722e+00
1.08129116189e+00
1.06535550263e+00
1.06672110780e+00
1.07258011036e+00
1.06876494868e+00
1.06866168772e+00
1.06094746491e+00
1.06279975523e+00
1.06298494537e+00
1.06640907929e+00
1.07386061321e+00
1.06818882462e+00
1.07067723813e+00
1.07267255271e+00
1.06679315855e+00
1.06694465870e+00
1.06874534229e+00
1.06318851933e+00
1.07054118089e+00
1.07398539927e+00
1.06729737665e+00
1.06496066119e+00
1.06134614760e+00
1.06478790946e+00
1.06661023857e+00
1.06523978586e+00
1.06540008718e+00
1.07167768172e+00
1.06328477476e+00
1.06683884785e+00
1.07249679341e+00
1.05971464464e+00
1.06785322957e+00
1.06297036995e+00
1.06149012916e+00
1.06660951097e+00
1.07322275373e+00
1.06858770151e+00
1.06092144309e+00
1.06170596876e+00
1.06877747980e+00
1.05967400032e+00
1.06198749369e+00
1.06602392737e+00
1.06550809523e+00
1.06398936897e+00
1.06808350487e+00
1.06318734750e+00
1.06702523113e+00
1.06354260621e+00
1.06951054759e+00
1.05824976792e+00
1.07423801095e+00
1.06425183220e+00
1.06952269886e+00
1.06484944123e+00
1.06816776380e+00
1.06911516054e+00
1.06467420280e+00
1.05805876785e+00
1.06706543021e+00
1.06765889460e+00
1.06470041271e+00
1.06505177367e+00
1.06911340074e+00
1.05771127864e+00
1.06620144113e+00
1.06847548007e+00
1.06912491555e+00
1.06682651063e+00
1.06386582380e+00
1.06525230486e+00
1.06132330479e+00
1.06478319437e+00
1.05772119892e+00
1.07436535196e+00
1.06243388555e+00
1.06624448589e+00
1.07366597833e+00
1.07112874449e+00
1.06375499912e+00
1.07073210709e+00
1.07017167661e+00
1.06671361150e+00
1.06317374886e+00
1.06845680745e+00
1.06299362541e+00
1.07659192960e+00
1.07086972068e+00
1.07211781935e+00
1.06427880810e+00
1.06936956104e+00
1.06788743186e+00
1.07429542241e+00
1.06468012929e+00
1.07062216942e+00
1.06156727045e+00
1.06634313375e+00
1.06844855161e+00
1.07066161125e+00
1.06294506377e+00
1.07522011374e+00
1.06242744437e+00
1.05947520494e+00
1.06088237767e+00
1.06695448281e+00
1.06218646261e+00
1.06483635118e+00
1.06878910975e+00
1.06177295811e+00
1.06222562494e+00
1.06663024932e+00