1.34003453548e+00
1.34323375683e+00
1.34970497453e+00
1.36180258712e+00
1.33307683927e+00
1.35518495756e+00
1.34248149643e+00
1.35876005783e+00
1.35371909282e+00
1.35946521747e+00
1.33712548386e+00
1.33224797707e+00
1.35946391287e+00
1.33573264643e+00
1.35700087457e+00
1.35347785786e+00
1.34299442967e+00
1.34381754747e+00
1.35801198445e+00
1.34984943802e+00
1.35058997291e+00
1.35283740894e+00
1.35317882825e+00
1.34982022011e+00
1.33827945394e+00
1.34842390976e+00
1.34919746923e+00
1.33123323493e+00
1.32630726930e+00
1.35549259155e+00
1.35014308649e+00
1.33609664041e+00
1.32543480297e+00
1.35880824315e+00
1.33568324976e+00
1.36383595371e+00
1.34386061958e+00
1.32313791262e+00
1.35532138087e+00
1.33377925739e+00
1.32645280589e+00
1.34765790926e+00
1.36089003672e+00
1.35000863798e+00
1.33036306342e+00
1.32668745677e+00
1.34890571306e+00
1.35114991859e+00
1.35419408239e+00
1.35021458180e+00
1.35329655593e+00
1.33129053700e+00
1.34444230956e+00
1.33206699696e+00
1.36635578089e+00
1.34616571037e+00
1.33961114268e+00
1.32296195299e+00
1.33910876789e+00
1.35237064114e+00
1.33950532598e+00
1.37335634359e+00
1.34836379036e+00
1.34601485967e+00
1.34983763420e+00
1.35080141371e+00
1.35765241196e+00
1.35446695464e+00
1.35503580050e+00
1.33196374476e+00
1.35383518693e+00
1.35483534787e+00
1.35782730062e+00
1.34875638007e+00
1.34889805206e+00
1.31478352639e+00
1.34564131699e+00
1.35361977265e+00
1.35691646803e+00
1.32901305499e+00
1.34880085745e+00
1.35818109950e+00
1.34269157507e+00
1.34156582581e+00
1.31717975433e+00
1.35095648307e+00
1.34549229414e+00
1.33830956739e+00
1.32611343923e+00
1.33753559357e+00
1.35124946284e+00
1.35647024132e+00
1.35982499204e+00
1.35514818792e+00
1.35807452035e+00
1.33324903593e+00
1.34694087150e+00
1.34787395049e+00
1.36166288879e+00
1.34585500393e+00
1.35523554934e+00
1.33481134425e+00
1.33194051828e+00
1.35017115226e+00
1.35627471600e+00
1.35527263061e+00
1.35520166318e+00
1.34472890816e+00
1.34242005362e+00
1.32617295282e+00
1.34876934992e+00
1.35195020508e+00
1.34106722525e+00
1.36733357624e+00
1.36742080225e+00
1.35287687786e+00
1.34705204704e+00
1.35498837281e+00
1.33694925766e+00
1.34967332614e+00
1.32479682547e+00
1.35084541146e+00
1.33139689528e+00
1.34473024023e+00
1.35500472342e+00
1.35596952987e+00
1.35626691157e+00
1.32623532618e+00
1.34798165443e+00
1.34155164884e+00
1.34767004793e+00
1.34653810201e+00
1.36373585148e+00
1.36128328392e+00
1.32868813747e+00
1.34403525442e+00
1.35106966555e+00
1.34351549908e+00
1.36560642945e+00
1.34729289322e+00
1.35807487781e+00
1.32796503449e+00
1.33974620702e+00
1.38557606846e+00
1.35987734575e+00
1.35701927540e+00
1.34048591359e+00
1.35739502521e+00
1.34131002936e+00
1.36012951861e+00
1.34745318487e+00
1.34816908395e+00
1.34692906430e+00
1.34456171533e+00
1.32832093867e+00
1.36811299827e+00
1.35981166533e+00
1.35348803109e+00
1.35892011817e+00
1.35193021537e+00
1.36097049256e+00
1.34277188008e+00
1.33693144869e+00
1.35334116028e+00
1.31820364372e+00
1.32455978041e+00
1.34446363935e+00
1.34575050141e+00
1.35568183653e+00
1.35863637055e+00
1.35112441027e+00
1.33984210984e+00
1.34148966146e+00
1.34042204163e+00
1.34526318569e+00
1.32311779587e+00
1.33428117788e+00
1.36666617903e+00
1.34644583205e+00
1.35329463291e+00
1.34239802182e+00
1.33652815977e+00
1.31750324238e+00
1.33617924944e+00
1.34186717660e+00
1.35632830192e+00
1.34497915412e+00
1.35614715601e+00
1.33996538614e+00
1.32120288819e+00
1.34648774389e+00
1.33880723176e+00
1.34067184948e+00
1.33368017714e+00
1.33166783033e+00
1.34363578210e+00
1.34009675379e+00
1.36101718364e+00
1.34038221047e+00
1.34533712069e+00
1.35415358858e+00
1.34031109175e+00
1.33896105384e+00
1.33115168809e+00
1.34842014909e+00
1.33759181884e+00
1.34174919672e+00
1.37623016577e+00
1.33453160245e+00
1.34648007630e+00
1.34847322746e+00
1.34462225745e+00
1.34068228844e+00
1.37128971695e+00
1.32867012771e+00
1.34125627095e+00
1.33763291299e+00
1.35919293988e+00
1.34055563205e+00
1.34074599986e+00
1.35537603498e+00
1.35785923831e+00
1.35343073050e+00
1.34307722453e+00
1.33061546506e+00
1.35100939875e+00
1.37118437423e+00
1.32793595900e+00
1.35158265714e+00
1.35048231787e+00
1.35090234177e+00
1.33598368563e+00
1.32889479760e+00
1.34701258863e+00
1.35266907871e+00
1.35941429053e+00
1.33873013772e+00
1.33080851214e+00
1.33755348551e+00
1.35858018722e+00
1.35003934132e+00
1.33896403486e+00
1.34829646039e+00
1.33841467243e+00
1.35233346903e+00
1.35250598040e+00
1.34378610866e+00
1.34715196288e+00
1.33190586598e+00
1.34374687670e+00
1.33350820062e+00
1.34622692863e+00
1.35923757475e+00
1.32647795184e+00
1.34837217730e+00
1.33932846306e+00
1.34962963270e+00
1.34095246653e+00
1.33460421709e+00
1.34250980218e+00
1.35589663947e+00
1.34557958885e+00
1.34383849570e+00
1.36377506513e+00
1.35406079825e+00
1.33815655178e+00
1.35449946208e+00
1.34602195080e+00
1.34885998358e+00
1.34862237018e+00
1.35037000524e+00
1.33709941916e+00
1.34428682540e+00
1.36048876945e+00
1.34709036170e+00
1.35444091018e+00
1.35484092564e+00
1.34613190709e+00
1.33530772650e+00
1.34402187696e+00
1.35447503788e+00
1.34858611105e+00
1.36063677279e+00
1.34305581529e+00
1.34426057232e+00
1.35461221725e+00
1.36609334389e+00
1.34693159343e+00
1.35500483623e+00
1.33759546692e+00
1.35172232872e+00
1.33136136657e+00
1.33403457496e+00
1.35107894794e+00
1.34253495646e+00
1.34031676606e+00
1.34556114286e+00
1.33417005944e+00
1.35635064251e+00
1.35121098720e+00
1.34353554133e+00
1.34793426974e+00
1.34963767707e+00
1.34905758755e+00
1.35145691308e+00
1.35516605471e+00
1.34214741701e+00
1.35361427749e+00
1.34980901025e+00
1.34022588960e+00
1.34265241748e+00
1.33722411252e+00
1.33293323694e+00
1.32875762856e+00
1.35641272971e+00
1.31717657558e+00
1.32225675151e+00
1.35738952306e+00
1.36185733438e+00
1.35386002221e+00
1.34119653563e+00
1.35394359162e+00
1.34508127625e+00
1.33836590976e+00
1.33529818108e+00
1.33927835971e+00
1.34780244867e+00
1.35049125516e+00
1.33320771463e+00
1.34417047427e+00
1.34904150081e+00
1.34089232782e+00
1.34207598467e+00
1.35130140626e+00
1.32151242385e+00
1.36224537004e+00
1.33009697490e+00
1.33327913624e+00
1.34915797439e+00
1.33363463014e+00
1.34597536236e+00
1.34276670077e+00
1.35873640172e+00
1.35769285915e+00
1.33485418599e+00
1.35260960915e+00
1.36191156150e+00
1.34023147179e+00
1.34821038269e+00
1.34618453576e+00
1.34846773475e+00
1.36002184487e+00
1.35965737465e+00
1.35439383999e+00
1.35093577745e+00
1.35524816055e+00
1.35797118234e+00
1.35012268217e+00
1.35644975638e+00
1.32323208891e+00
1.36720536247e+00
1.34603583687e+00
1.35706583868e+00
1.36166562529e+00
1.34005595326e+00
1.35257781941e+00
1.34695725428e+00
1.34718561141e+00
1.35794207613e+00
1.32304549158e+00
1.32882396513e+00
1.36149160498e+00
1.32930079120e+00
1.33404206707e+00
1.34717618157e+00
1.36808139855e+00
1.36305437164e+00
1.34810215784e+00
1.35789191791e+00
1.34393215643e+00
1.34444714344e+00
1.33183193116e+00
1.35307181046e+00
1.35920657380e+00
1.32320500397e+00
1.34232308817e+00
1.34202106589e+00
1.35994525569e+00
1.35272049512e+00
1.35514201697e+00
1.33665788118e+00
1.34597801588e+00
1.34098871331e+00
1.34477138686e+00
1.34078995167e+00
1.36167721719e+00
1.34278574361e+00
1.36637239563e+00
1.34630623447e+00
1.34569825851e+00
1.33161062673e+00
1.35150017511e+00
1.36421124187e+00
1.36224092242e+00
1.36216348993e+00
1.34615209681e+00
1.34886212245e+00
1.33618571519e+00
1.33745628927e+00
1.32461247150e+00
1.34046855873e+00
1.33762439665e+00
1.35840341606e+00
1.35715377266e+00
1.33728640417e+00
1.34662499581e+00
1.34094430455e+00
1.33314774087e+00
1.34351214575e+00
1.33367665879e+00
1.36288259453e+00
1.33925059790e+00
1.35698779921e+00
1.35157378072e+00
1.36015910545e+00
1.35094929732e+00
1.36078207824e+00
1.36002158256e+00
1.33544069771e+00
1.36134456438e+00
1.34197100989e+00
1.32313205433e+00
1.34430133813e+00
1.33117284533e+00
1.32152874236e+00
1.33733099189e+00
1.34318505503e+00
1.33623539014e+00
1.34662701180e+00
1.36040038767e+00
1.34032602388e+00
1.35616166677e+00
1.34233949912e+00
1.34998431590e+00
1.34495619954e+00
1.33925162524e+00
1.34344053542e+00
1.35831795956e+00
1.33603168117e+00
1.35056634277e+00
1.34436893435e+00
1.35730867469e+00
1.33762635605e+00
1.35214119075e+00
1.35149039985e+00
1.34572862862e+00
1.34777756536e+00
1.34650400987e+00
1.32932310401e+00
1.33913183420e+00
1.35477237549e+00
1.34505738430e+00
1.34780321767e+00
1.35476805341e+00
1.34776486576e+00
1.33289674544e+00
1.35404930528e+00
1.33391680201e+00
1.32938431791e+00
1.35803636004e+00
1.35284767172e+00
1.35729758637e+00
1.35165878427e+00
1.34688627983e+00
1.33676658903e+00
1.34917412253e+00
1.35456622331e+00
1.34150618488e+00
1.34127713155e+00
1.32794385900e+00
1.33432068221e+00
1.33930822076e+00
1.35088028863e+00
1.35712267343e+00
1.34014241724e+00
1.36432078471e+00
1.34965601666e+00
1.36206655088e+00
1.35636352235e+00
1.36163822487e+00
1.36687493368e+00
1.35270135773e+00
1.34246620593e+00
1.34810947556e+00
1.32619110019e+00
1.35969045364e+00
1.33114316329e+00
1.33505701861e+00
1.34171651227e+00
1.34937856928e+00
1.34686432085e+00