1.10095542031e+00
1.11186656097e+00
1.11588711048e+00
1.11664043788e+00
1.09928836523e+00
1.12095668199e+00
1.10689026574e+00
1.11958787191e+00
1.11507469338e+00
1.11873560869e+00
1.10178519827e+00
1.09924805277e+00
1.12050529162e+00
1.10621601091e+00
1.11176671064e+00
1.11099145884e+00
1.10648790632e+00
1.10894541682e+00
1.11831136591e+00
1.11615960153e+00
1.10527279661e+00
1.10718674851e+00
1.12165497511e+00
1.10199168152e+00
1.10175915640e+00
1.10730355687e+00
1.11526115984e+00
1.10116145391e+00
1.08952323938e+00
1.11701722285e+00
1.11481001500e+00
1.09754688840e+00
1.09060545325e+00
1.11810994392e+00
1.10483539243e+00
1.11665920949e+00
1.11273969336e+00
1.10047668496e+00
1.11434504566e+00
1.10119142019e+00
1.09315579435e+00
1.11020463270e+00
1.11986138269e+00
1.10313892420e+00
1.09843558343e+00
1.09078162957e+00
1.10987499872e+00
1.11427380671e+00
1.11115330448e+00
1.10926613924e+00
1.11530620588e+00
1.10152359546e+00
1.10681829049e+00
1.10308067003e+00
1.11536630765e+00
1.10588725528e+00
1.10512515133e+00
1.09161407855e+00
1.10502914932e+00
1.11510231870e+00
1.11034434425e+00
1.12451724121e+00
1.11053099632e+00
1.10363300719e+00
1.11670049579e+00
1.11342961576e+00
1.10668177212e+00
1.10930296588e+00
1.11013872738e+00
1.10287298423e+00
1.10927321106e+00
1.11396116561e+00
1.11251845288e+00
1.10838926913e+00
1.10894166390e+00
1.08274089567e+00
1.11527243230e+00
1.11306894039e+00
1.12182753528e+00
1.09932880567e+00
1.10467598049e+00
1.11547328972e+00
1.10717602047e+00
1.10246015752e+00
1.08557440426e+00
1.11065199275e+00
1.10300322580e+00
1.09846026493e+00
1.09043201408e+00
1.10022220945e+00
1.10675234239e+00
1.11505506140e+00
1.11673879731e+00
1.11700996167e+00
1.12152845269e+00
1.10167190396e+00
1.10849092224e+00
1.10573469696e+00
1.11849162751e+00
1.10632311153e+00
1.11510981386e+00
1.09906010026e+00
1.09882842970e+00
1.11752268428e+00
1.11036193568e+00
1.10974084329e+00
1.11538768027e+00
1.10355766099e+00
1.09876304498e+00
1.09635801165e+00
1.12019944687e+00
1.11862267431e+00
1.11026661968e+00
1.11732054388e+00
1.12385392174e+00
1.10852185232e+00
1.10912455331e+00
1.11163841342e+00
1.10212899257e+00
1.11105253523e+00
1.08517144277e+00
1.11482887148e+00
1.10167716424e+00
1.11005856322e+00
1.11583914454e+00
1.11296649102e+00
1.11969134511e+00
1.09802052433e+00
1.10988654868e+00
1.10957149778e+00
1.10634597056e+00
1.11235048967e+00
1.12034005924e+00
1.11842535164e+00
1.09207519521e+00
1.10539063893e+00
1.10886611592e+00
1.11023818950e+00
1.11834983028e+00
1.11122070066e+00
1.12437863776e+00
1.09101986653e+00
1.10796958545e+00
1.13396996773e+00
1.11608128108e+00
1.11944937462e+00
1.10264698221e+00
1.12069850236e+00
1.10474376183e+00
1.11683956237e+00
1.11396019290e+00
1.11189115665e+00
1.09903552868e+00
1.10189836949e+00
1.09065550449e+00
1.12420928942e+00
1.11536019517e+00
1.10906268453e+00
1.11607550974e+00
1.10951786490e+00
1.11536004933e+00
1.10819213970e+00
1.10250005055e+00
1.11729159247e+00
1.09556224521e+00
1.10000273654e+00
1.10985625056e+00
1.10717135499e+00
1.11494810623e+00
1.11287799213e+00
1.10681043915e+00
1.10859918354e+00
1.10423911839e+00
1.10338952745e+00
1.10356324140e+00
1.08796325427e+00
1.09678104792e+00
1.11980159587e+00
1.10526416958e+00
1.10942697066e+00
1.09829817518e+00
1.10611202283e+00
1.09006964579e+00
1.09628249865e+00
1.10698218597e+00
1.11618460684e+00
1.10853133267e+00
1.11103124528e+00
1.10046354078e+00
1.09224743782e+00
1.10514919329e+00
1.10371593094e+00
1.10230378743e+00
1.09600368896e+00
1.09305778432e+00
1.10249030519e+00
1.10680205099e+00
1.12201485279e+00
1.10624499831e+00
1.10543135083e+00
1.11234062428e+00
1.10728645268e+00
1.09993095357e+00
1.11068297186e+00
1.11504512832e+00
1.10191595616e+00
1.10454304571e+00
1.13436322401e+00
1.09816134461e+00
1.10087757499e+00
1.11018415944e+00
1.11078691579e+00
1.10216518506e+00
1.12260253151e+00
1.09735210493e+00
1.10688673210e+00
1.10665215839e+00
1.12354503377e+00
1.10856373614e+00
1.10483892167e+00
1.11256555514e+00
1.10911623073e+00
1.11119148812e+00
1.10654916530e+00
1.09583976254e+00
1.11182535543e+00
1.12800694311e+00
1.09623636705e+00
1.10980796122e+00
1.11782416333e+00
1.10839737823e+00
1.10213255240e+00
1.09428407969e+00
1.10856818679e+00
1.11915779031e+00
1.12464875087e+00
1.10427232211e+00
1.09858454668e+00
1.10364962595e+00
1.11929291685e+00
1.10367504888e+00
1.10971516086e+00
1.11273973337e+00
1.10779324421e+00
1.11048492720e+00
1.10626037956e+00
1.10364420957e+00
1.11023742376e+00
1.09909845337e+00
1.10700476397e+00
1.09482390450e+00
1.11007070081e+00
1.11422428765e+00
1.09668159600e+00
1.10843047798e+00
1.10286846280e+00
1.11217577918e+00
1.10805617760e+00
1.10167572615e+00
1.10157992314e+00
1.10938697255e+00
1.10239616391e+00
1.10768906126e+00
1.12160820374e+00
1.11008221279e+00
1.10300381973e+00
1.11055205183e+00
1.10957612203e+00
1.11136144003e+00
1.10896577400e+00
1.10991032834e+00
1.10497019649e+00
1.10095171259e+00
1.11974294601e+00
1.11349213833e+00
1.12506688288e+00
1.10832173709e+00
1.11000224536e+00
1.10477342052e+00
1.11004632613e+00
1.11491922797e+00
1.10342374909e+00
1.12086639394e+00
1.09908758225e+00
1.10653703362e+00
1.11415608742e+00
1.12069902177e+00
1.10436011521e+00
1.12000590536e+00
1.10200559156e+00
1.10933990861e+00
1.10010630747e+00
1.10504954966e+00
1.11060795902e+00
1.10367367122e+00
1.09557324947e+00
1.10634218074e+00
1.09527845258e+00
1.11751875062e+00
1.11077846808e+00
1.10346631303e+00
1.10975345708e+00
1.11879151431e+00
1.10778828345e+00
1.11452218861e+00
1.11517002000e+00
1.10536874766e+00
1.11621745503e+00
1.11190080994e+00
1.10135885918e+00
1.11159870464e+00
1.10090969667e+00
1.10045765019e+00
1.09683975153e+00
1.11400266056e+00
1.08650342916e+00
1.09443232643e+00
1.11507367471e+00
1.11826333844e+00
1.11040762274e+00
1.10612289587e+00
1.11433921853e+00
1.10709096891e+00
1.10722943231e+00
1.10683930165e+00
1.10360218955e+00
1.11226204389e+00
1.11369882450e+00
1.10246796146e+00
1.11064960263e+00
1.11222377258e+00
1.10752054272e+00
1.09896052816e+00
1.10553244827e+00
1.09720649150e+00
1.12300486279e+00
1.10053098170e+00
1.10465421218e+00
1.11000244114e+00
1.09190371349e+00
1.10928265300e+00
1.10875931553e+00
1.11787577944e+00
1.11904152353e+00
1.10420849758e+00
1.11047023170e+00
1.12240408830e+00
1.10640718527e+00
1.11229238228e+00
1.11157042119e+00
1.10598860153e+00
1.11962004910e+00
1.11469640265e+00
1.11646594494e+00
1.11457611039e+00
1.11764758509e+00
1.12309306433e+00
1.11142084323e+00
1.11461404816e+00
1.09584564213e+00
1.11992008762e+00
1.10529323573e+00
1.11642106023e+00
1.12203407099e+00
1.10869774496e+00
1.11163225600e+00
1.11059017297e+00
1.11238527520e+00
1.11513981095e+00
1.08692431648e+00
1.09435887514e+00
1.11726577781e+00
1.09659274677e+00
1.09588635556e+00
1.10625837292e+00
1.13348400567e+00
1.11599660164e+00
1.10773913697e+00
1.11026387609e+00
1.10669358986e+00
1.10239425762e+00
1.09682489743e+00
1.12123546610e+00
1.12068539277e+00
1.09316516929e+00
1.11210778993e+00
1.10664499039e+00
1.12295645533e+00
1.11213356899e+00
1.11863707369e+00
1.10209924829e+00
1.10963804384e+00
1.10764863946e+00
1.10570781339e+00
1.10446867994e+00
1.11390174344e+00
1.11153242549e+00
1.11969102898e+00
1.11520098424e+00
1.10819986865e+00
1.09408749348e+00
1.11343654264e+00
1.12605362751e+00
1.11637833853e+00
1.12473823822e+00
1.10755260984e+00
1.10928731244e+00
1.10130588786e+00
1.09992609371e+00
1.09172965082e+00
1.10324901517e+00
1.11105035658e+00
1.11667420410e+00
1.11164742207e+00
1.10166131857e+00
1.11075443337e+00
1.10501111243e+00
1.10188991977e+00
1.10530903005e+00
1.10285615925e+00
1.11712577281e+00
1.10494219941e+00
1.11102823143e+00
1.11820562347e+00
1.12214971108e+00
1.11196822633e+00
1.11883681969e+00
1.11614518842e+00
1.10163428357e+00
1.11955865258e+00
1.10270040506e+00
1.09308344516e+00
1.10484363244e+00
1.09613947631e+00
1.09202009880e+00
1.10034384158e+00
1.10629631609e+00
1.10222590817e+00
1.10942307838e+00
1.11708378894e+00
1.10994983057e+00
1.12085069064e+00
1.10540274148e+00
1.11156347968e+00
1.11013819376e+00
1.10946475880e+00
1.10999309128e+00
1.11466409708e+00
1.09619905143e+00
1.11529373417e+00
1.11033555846e+00
1.11471256052e+00
1.10075982484e+00
1.11401757537e+00
1.11600651960e+00
1.10163789491e+00
1.11334758629e+00
1.11143811348e+00
1.09418633264e+00
1.10169002868e+00
1.10821751173e+00
1.10563570766e+00
1.10273863884e+00
1.11562573574e+00
1.11094508594e+00
1.09744095558e+00
1.11335075580e+00
1.09653817892e+00
1.09552327485e+00
1.11848542147e+00
1.11534593137e+00
1.11608307597e+00
1.11638998815e+00
1.11213883625e+00
1.10242217125e+00
1.11138934605e+00
1.10784830345e+00
1.10604475229e+00
1.10529650461e+00
1.10095962916e+00
1.10520704299e+00
1.10786917606e+00
1.11268323749e+00
1.11153273661e+00
1.10153945228e+00
1.12356999570e+00
1.11314241809e+00
1.11927255664e+00
1.11976161229e+00
1.11820302630e+00
1.12285327718e+00
1.11266739495e+00
1.10454357406e+00
1.11121034325e+00
1.09415866371e+00
1.11783279255e+00
1.09354512388e+00
1.10123257329e+00
1.09870880953e+00
1.10566103870e+00
1.10860471106e+00