-6.67358040324e+00
-6.66849909804e+00
-6.68287566616e+00
-6.69760910217e+00
-6.68639338241e+00
-6.67027098451e+00
-6.66262881839e+00
-6.67719099383e+00
-6.68994852166e+00
-6.68963400084e+00
-6.68438634872e+00
-6.66901066078e+00
-6.68438036275e+00
-6.68251061382e+00
-6.67813732033e+00
-6.70002670300e+00
-6.68415565426e+00
-6.67787457802e+00
-6.69732306114e+00
-6.67257658741e+00
-6.69888851898e+00
-6.69243846092e+00
-6.67569409479e+00
-6.68426584541e+00
-6.68760426041e+00
-6.68445879827e+00
-6.67834564243e+00
-6.68533133231e+00
-6.67782717824e+00
-6.68206460016e+00
-6.69285989093e+00
-6.68979930721e+00
-6.68238662981e+00
-6.68356727491e+00
-6.68739509807e+00
-6.67962401165e+00
-6.68834027655e+00
-6.68973382041e+00
-6.67365358660e+00
-6.67942126136e+00
-6.68932021534e+00
-6.67160743961e+00
-6.68249735013e+00
-6.69110161440e+00
-6.67866011510e+00
-6.68091319278e+00
-6.69005811209e+00
-6.68157967840e+00
-6.67975044726e+00
-6.68893257913e+00
-6.69250474106e+00
-6.67881126078e+00
-6.69241013950e+00
-6.68012508061e+00
-6.69224414843e+00
-6.67511250321e+00
-6.69217482109e+00
-6.66502756771e+00
-6.69426094174e+00
-6.67776618845e+00
-6.67757812818e+00
-6.68429219800e+00
-6.68063615623e+00
-6.68652361063e+00
-6.67297323970e+00
-6.67284378730e+00
-6.68443052399e+00
-6.67874548246e+00
-6.67737800607e+00
-6.68574192454e+00
-6.69305766390e+00
-6.67627309017e+00
-6.69595901182e+00
-6.67628270070e+00
-6.70380478730e+00
-6.68125400289e+00
-6.68791126334e+00
-6.69879308987e+00
-6.68620455530e+00
-6.66877269653e+00
-6.67829425816e+00
-6.69877738272e+00
-6.67345762929e+00
-6.68491059754e+00
-6.67105042426e+00
-6.68718932053e+00
-6.66623636169e+00
-6.69084322346e+00
-6.70163244788e+00
-6.68283221327e+00
-6.67806552327e+00
-6.67783890538e+00
-6.68949695255e+00
-6.68617830300e+00
-6.68564326240e+00
-6.67606207313e+00
-6.68107781676e+00
-6.70156439156e+00
-6.68031262226e+00
-6.67576513736e+00
-6.67974875177e+00
-6.68112728573e+00
-6.67098290662e+00
-6.69300357924e+00
-6.67811400165e+00
-6.69365184664e+00
-6.68524968853e+00
-6.68343931301e+00
-6.68454625308e+00
-6.69347060027e+00
-6.68521603969e+00
-6.68903518585e+00
-6.68719606253e+00
-6.68459693554e+00
-6.66524240670e+00
-6.69857283534e+00
-6.68622790210e+00
-6.69092586301e+00
-6.68755542106e+00
-6.68879352572e+00
-6.68219708562e+00
-6.68211769039e+00
-6.68451143099e+00
-6.68163267091e+00
-6.69050160209e+00
-6.67715111598e+00
-6.68681557022e+00
-6.66705707576e+00
-6.69084846060e+00
-6.67709529184e+00
-6.68033025735e+00
-6.68064902889e+00
-6.67273274335e+00
-6.67773192643e+00
-6.66464717028e+00
-6.67213803373e+00
-6.68780787498e+00
-6.69280886972e+00
-6.67236589808e+00
-6.68794859380e+00
-6.66518085429e+00
-6.67651690610e+00
-6.68521592000e+00
-6.68395239549e+00
-6.68191853530e+00
-6.68760635467e+00
-6.67339924268e+00
-6.68356915446e+00
-6.67996419754e+00
-6.67612175216e+00
-6.67577390226e+00
-6.67888778977e+00
-6.69210519841e+00
-6.69741621601e+00
-6.68962395254e+00
-6.68241753697e+00
-6.68252344971e+00
-6.69142720137e+00
-6.67615460377e+00
-6.68450790441e+00
-6.68994401173e+00
-6.69022563040e+00
-6.68249482043e+00
-6.68919285898e+00
-6.67949938192e+00
-6.68449230610e+00
-6.67877769487e+00
-6.68185383268e+00
-6.67307953070e+00
-6.68151179476e+00
-6.67701413178e+00
-6.66283967744e+00
-6.69489114210e+00
-6.69550096208e+00
-6.67865725106e+00
-6.69038525129e+00
-6.69270952021e+00
-6.67465149402e+00
-6.67590316434e+00
-6.68998738515e+00
-6.68816762962e+00
-6.68277452238e+00
-6.68600435220e+00
-6.67704323516e+00
-6.68789227671e+00
-6.68777215045e+00
-6.66595995536e+00
-6.69706057949e+00
-6.68106652453e+00
-6.69280790695e+00
-6.67161105006e+00
-6.68182478572e+00
-6.66718570451e+00
-6.66228891809e+00
-6.68241124825e+00
-6.66981412662e+00
-6.67992240641e+00
-6.67923300287e+00
-6.68231528562e+00
-6.69267149879e+00
-6.67856113255e+00
-6.68127555833e+00
-6.68859272923e+00
-6.68176330811e+00
-6.67739158232e+00
-6.66807855567e+00
-6.66719170837e+00
-6.68784195628e+00
-6.69245273788e+00
-6.67241905520e+00
-6.69841501477e+00
-6.67747208508e+00
-6.69302561182e+00
-6.67365938062e+00
-6.68413492791e+00
-6.67425452136e+00
-6.67534727503e+00
-6.68730920490e+00
-6.68261467893e+00
-6.68004846051e+00
-6.66729667897e+00
-6.67776844155e+00
-6.67789441837e+00
-6.67503327349e+00
-6.68568370055e+00
-6.68774840952e+00
-6.66679370186e+00
-6.67888010986e+00
-6.68271555046e+00
-6.67123320719e+00
-6.67606740769e+00
-6.68693871439e+00
-6.68349055955e+00
-6.69845601527e+00
-6.67960435666e+00
-6.67781777807e+00
-6.68885975573e+00
-6.69740105456e+00
-6.67238615632e+00
-6.68814455626e+00
-6.69408259050e+00
-6.68283624692e+00
-6.68230385073e+00
-6.68306590220e+00
-6.68875326095e+00
-6.68543261260e+00
-6.66671638164e+00
-6.67684473269e+00
-6.69147943453e+00
-6.68822019614e+00
-6.67575207538e+00
-6.68937658739e+00
-6.65940278080e+00
-6.68329586880e+00
-6.69162010406e+00
-6.66863174994e+00
-6.68972275286e+00
-6.68414063547e+00
-6.67524300009e+00
-6.69272709182e+00
-6.69344876340e+00
-6.68658424280e+00
-6.68089449727e+00
-6.67521858805e+00
-6.67938662893e+00
-6.69163126983e+00
-6.68601934936e+00
-6.69723862753e+00
-6.66888822684e+00
-6.69432299702e+00
-6.65894652023e+00
-6.68246272555e+00
-6.68272215562e+00
-6.68483235677e+00
-6.68503673587e+00
-6.68670899533e+00
-6.68445220240e+00
-6.66942955226e+00
-6.68228861162e+00
-6.67663425612e+00
-6.66344949964e+00
-6.68231063293e+00
-6.68865909437e+00
-6.69893006555e+00
-6.68845727649e+00
-6.67343701028e+00
-6.68031311687e+00
-6.69402098223e+00
-6.68455271756e+00
-6.68549045643e+00
-6.68264027494e+00
-6.66904121801e+00
-6.67970610653e+00
-6.68027052312e+00
-6.69195025956e+00
-6.68782964392e+00
-6.67658509329e+00
-6.68958635229e+00
-6.68739497441e+00
-6.69135362439e+00
-6.69070207952e+00
-6.68804620426e+00
-6.66958959782e+00
-6.68136609447e+00
-6.67513804351e+00
-6.67975656686e+00
-6.67345794668e+00
-6.69866247199e+00
-6.68415610601e+00
-6.68174810258e+00
-6.68128191140e+00
-6.69034495753e+00
-6.69178607237e+00
-6.68523837880e+00
-6.69221370616e+00
-6.67628139239e+00
-6.68656079402e+00
-6.66565163068e+00
-6.68101428790e+00
-6.67259742882e+00
-6.69172741049e+00
-6.68033757359e+00
-6.68248914109e+00
-6.67847554039e+00
-6.67792035020e+00
-6.68303704215e+00
-6.67442963115e+00
-6.68708208951e+00
-6.67419997542e+00
-6.69618454272e+00
-6.69095661124e+00
-6.68001665734e+00
-6.66835336726e+00
-6.68323456983e+00
-6.69359755138e+00
-6.67656452351e+00
-6.68478320999e+00
-6.69321110825e+00
-6.67001734615e+00
-6.68486994689e+00
-6.67577859783e+00
-6.67883944840e+00
-6.69951341011e+00
-6.68548694779e+00
-6.67660980599e+00
-6.68241464364e+00
-6.68115991916e+00
-6.67612620995e+00
-6.67523968211e+00
-6.68101878737e+00
-6.68889764519e+00
-6.67691375351e+00
-6.68444359803e+00
-6.70133375393e+00
-6.68774735285e+00
-6.67494512209e+00
-6.67229076173e+00
-6.68083011482e+00
-6.69256639970e+00
-6.67890429958e+00
-6.67470285698e+00
-6.69810200860e+00
-6.69434278571e+00
-6.68936315780e+00
-6.67413083261e+00
-6.68849805419e+00
-6.67981957794e+00
-6.67445204254e+00
-6.68579221534e+00
-6.68358313568e+00
-6.68983042109e+00
-6.69008609009e+00
-6.67367432596e+00
-6.68038326316e+00
-6.67563002864e+00
-6.67332526249e+00
-6.68619365727e+00
-6.67187507548e+00
-6.67679396076e+00
-6.68026529563e+00
-6.68104782738e+00
-6.68091663595e+00
-6.68281085817e+00
-6.69237945723e+00
-6.68387860352e+00
-6.67968296129e+00
-6.67796314042e+00
-6.65684900271e+00
-6.69314993661e+00
-6.68996038345e+00
-6.67981933523e+00
-6.69146986760e+00
-6.67888387641e+00
-6.67786150283e+00
-6.68660327241e+00
-6.67437219944e+00
-6.68931104792e+00
-6.66430638541e+00
-6.66699441960e+00
-6.67564937810e+00
-6.69127971376e+00
-6.67361640090e+00
-6.66964272584e+00
-6.67258152305e+00
-6.68354517104e+00
-6.68249470064e+00
-6.69616911869e+00
-6.68435660227e+00
-6.68147894907e+00
-6.67151147309e+00
-6.68667045357e+00
-6.68800897285e+00
-6.66667845425e+00
-6.67307770884e+00
-6.68374752026e+00
-6.68617041677e+00
-6.67233553646e+00
-6.68286221972e+00
-6.68030653511e+00
-6.67861254858e+00
-6.68485033131e+00
-6.67212260656e+00
-6.67359241024e+00
-6.67157331956e+00
-6.69157488379e+00
-6.68673246636e+00
-6.68902892869e+00
-6.69487639504e+00
-6.66969738280e+00
-6.68331369015e+00
-6.68211682004e+00
-6.68228160366e+00
-6.67237408519e+00
-6.68566609569e+00
-6.67164793174e+00
-6.68772823712e+00
-6.67003582104e+00
-6.67774539284e+00
-6.69107970365e+00
-6.68215257512e+00
-6.66873588278e+00
-6.68480469206e+00
-6.68269395729e+00
-6.68791449856e+00
-6.68653177933e+00
-6.67421252405e+00
-6.68922708216e+00
-6.67555352343e+00
-6.68003956485e+00
-6.67755657774e+00
-6.67378327274e+00
-6.68799158879e+00
-6.69063551120e+00
-6.68227048192e+00
-6.67060482423e+00
-6.67407238172e+00
-6.68966026157e+00
-6.68021373391e+00
-6.67776199133e+00
-6.68120574007e+00
-6.68212590865e+00
-6.70433714345e+00
-6.69462902747e+00
-6.68222429389e+00
-6.67606745232e+00
-6.69345142136e+00
-6.69187937368e+00
-6.68851631473e+00
-6.67376412975e+00
-6.68293592222e+00
-6.67498588934e+00
-6.69673065432e+00
-6.68691259204e+00
-6.68838003679e+00
-6.68922060627e+00
-6.67728757115e+00
-6.67988377416e+00
-6.67334503682e+00
-6.69693018143e+00
-6.68745059175e+00
-6.68477883729e+00
-6.68631782959e+00
-6.67700744949e+00
-6.70469361087e+00
-6.68590946830e+00
-6.68989167618e+00
-6.68033074532e+00
-6.67280829400e+00
-6.66560015598e+00
-6.67516626274e+00
-6.66943244126e+00
-6.67509125093e+00
-6.68468541285e+00
-6.68866861557e+00
-6.67706144499e+00
-6.67738202836e+00
-6.67183052558e+00
-6.67010394036e+00
-6.67545304558e+00
-6.67266769662e+00
-6.68194897711e+00