8.53450266568e+00
8.57353808348e+00
8.43507498128e+00
8.47587006714e+00
8.37385007509e+00
8.37221756534e+00
8.30244058843e+00
8.36430229088e+00
8.26390829035e+00
8.34237003622e+00
8.25583739371e+00
8.32612034695e+00
8.21088418694e+00
8.36133529590e+00
8.48782858060e+00
8.29884054085e+00
8.25789905419e+00
8.29842897527e+00
8.29282614807e+00
8.18209743019e+00
8.26718021170e+00
8.27312047361e+00
8.38577823178e+00
8.18995115267e+00
8.15656737759e+00
8.34965342395e+00
8.26415765498e+00
8.28979107208e+00
8.30387265351e+00
8.38622761177e+00
8.28606205433e+00
8.41320495448e+00
8.22705760800e+00
8.40120659659e+00
8.17906495317e+00
8.22801626316e+00
8.47412998631e+00
8.33174868425e+00
8.28671113309e+00
8.43104707622e+00
8.29700443124e+00
8.15810571807e+00
8.30285267708e+00
8.32778429430e+00
8.24047879750e+00
8.29347046121e+00
8.34740372812e+00
8.39049126825e+00
8.18634830629e+00
8.29887998443e+00
8.41891825901e+00
8.30057488321e+00
8.45213588826e+00
8.46412796991e+00
8.27280282007e+00
8.30469032208e+00
8.39578951210e+00
8.34356682443e+00
8.19364459384e+00
8.31527009482e+00
8.18900167678e+00
8.25154444280e+00
8.22509631020e+00
8.28193529603e+00
8.25264061230e+00
8.33435413318e+00
8.26986124472e+00
8.29706840053e+00
8.44314289923e+00
8.37422334831e+00
8.49936429627e+00
8.46938223304e+00
8.46668498048e+00
8.51623748009e+00
8.30917262369e+00
8.13789495494e+00
8.45699534847e+00
8.36552795741e+00
8.42948828734e+00
8.11410585534e+00
8.47617457740e+00
8.15912972110e+00
8.40060445483e+00
8.54976975714e+00
8.30305195467e+00
8.21358428880e+00
8.20156406613e+00
8.38438295448e+00
8.37459343098e+00
8.33937144027e+00
8.28077644085e+00
8.39563059512e+00
8.27684722980e+00
8.20829972141e+00
8.32708204835e+00
8.41636659354e+00
8.37140999325e+00
8.22544749948e+00
8.29789998755e+00
8.10802600706e+00
8.10360970849e+00
8.23429495157e+00
8.16396824846e+00
8.27489406870e+00
8.24586680432e+00
8.40717088472e+00
8.33289916219e+00
8.34422191624e+00
8.09448082524e+00
8.30038876931e+00
8.45342798670e+00
8.30131652169e+00
8.38435288339e+00
8.26652960983e+00
8.35476658000e+00
8.33662849343e+00
8.35763794809e+00
8.26737099263e+00
8.28470688322e+00
8.22134427528e+00
8.29920490921e+00
8.24088192819e+00
8.26535698982e+00
8.31362191715e+00
8.34885529662e+00
8.35405028509e+00
8.34345210649e+00
8.31035058857e+00
8.36707024729e+00
8.29974201792e+00
8.36454472994e+00
8.31055053619e+00
8.41023670686e+00
8.57221904273e+00
8.30890474183e+00
8.30955433374e+00
8.26160349429e+00
8.28688731863e+00
8.46676562519e+00
8.27633800209e+00
8.31583060201e+00
8.24971481972e+00
8.31074790462e+00
8.38076103474e+00
8.28326807970e+00
8.32229291838e+00
8.09183500257e+00
8.27552196117e+00
8.28127971130e+00
8.20896609019e+00
8.22946561767e+00
8.39877518625e+00
8.47708999405e+00
8.35921287739e+00
8.36899454004e+00
8.26347544855e+00
8.39389357405e+00
8.17295675601e+00
8.35415922985e+00
8.44896594679e+00
8.31258042837e+00
8.34393603562e+00
8.26370729029e+00
8.51180778458e+00
8.17112610869e+00
8.33996421469e+00
8.40727976676e+00
8.42581835574e+00
8.42664685630e+00
8.31044299579e+00
8.24585604829e+00
8.39103215904e+00
8.34096827523e+00
8.44011340337e+00
8.25744224907e+00
8.32836222993e+00
8.35244662822e+00
8.32757651405e+00
8.58703343389e+00
8.25541032779e+00
8.22159782464e+00
8.25706365249e+00
8.32278950844e+00
8.25952888068e+00
8.32723267879e+00
8.35231681613e+00
8.32663495602e+00
8.44024067667e+00
8.43721927948e+00
8.23779213774e+00
8.23730352856e+00
8.37438799001e+00
8.32439592737e+00
8.38352218316e+00
8.21817369468e+00
8.27071692427e+00
8.41588488519e+00
8.00963866736e+00
8.35584582921e+00
8.24254260964e+00
8.34864819495e+00
8.46732455905e+00
8.35050749517e+00
8.39176660135e+00
8.44464439433e+00
8.26207218041e+00
8.53597435187e+00
8.26977685060e+00
8.38246941827e+00
8.29586143357e+00
8.37662651305e+00
8.34211746856e+00
8.17957609782e+00
8.21829840810e+00
8.38361887872e+00
8.36475053374e+00
8.29405521692e+00
8.14382180436e+00
8.33251070527e+00
8.26350622443e+00
8.51388726530e+00
8.35751163602e+00
8.27964675968e+00
8.37032801712e+00
8.39640609079e+00
8.62548452108e+00
8.23948558065e+00
8.17692742374e+00
8.50205658045e+00
8.41313339582e+00
8.31812848053e+00
8.18367226018e+00
8.34633797162e+00
8.39760250317e+00
8.50219321297e+00
8.48901488320e+00
8.45793076295e+00
8.35676429717e+00
8.28421417010e+00
8.39331476835e+00
8.43986547750e+00
8.18216371652e+00
8.12920719858e+00
8.39414098260e+00
8.37560105912e+00
8.28073765677e+00
8.25078763100e+00
8.44867849466e+00
8.18691980078e+00
8.37517652777e+00
8.38754374039e+00
8.48243952646e+00
8.43411844288e+00
8.43224097702e+00
8.50645040995e+00
8.19343936112e+00
8.37204941982e+00
8.26956181462e+00
8.31097751573e+00
8.38903476645e+00
8.35863723615e+00
8.32885934617e+00
8.35739223477e+00
8.33981408449e+00
8.48439354868e+00
8.29356717469e+00
8.25601541250e+00
8.52676711054e+00
8.34625452835e+00
8.12681587606e+00
8.28122600591e+00
8.42583354300e+00
8.38298061408e+00
8.33654129158e+00
8.55458296176e+00
8.42955626564e+00
8.36324083879e+00
8.47072506316e+00
8.22245297483e+00
8.19874542952e+00
8.40008349812e+00
8.29034498157e+00
8.39539010862e+00
8.28889470166e+00
8.34050736815e+00
8.37420640677e+00
8.10927523648e+00
8.25642651992e+00
8.24946363423e+00
8.26901035256e+00
8.11612533452e+00
8.30946985568e+00
8.25605346383e+00
8.32796834619e+00
8.29811603700e+00
8.26661126022e+00
8.18195446010e+00
8.30528977909e+00
8.26119704257e+00
8.25896793986e+00
8.42811913051e+00
8.28107037144e+00
8.32816297518e+00
8.42138249775e+00
8.51798622169e+00
8.44406316258e+00
8.45034094152e+00
8.28413154972e+00
8.30682524871e+00
8.52722049995e+00
8.32098476753e+00
8.49196595011e+00
8.22557503849e+00
8.41839980680e+00
8.36371245462e+00
8.35890907786e+00
8.28972936543e+00
8.14700747577e+00
8.25884347988e+00
8.35004799673e+00
8.29435268325e+00
8.24330703319e+00
8.32667567614e+00
8.20164691376e+00
8.23115710028e+00
8.24388850889e+00
8.30784516093e+00
8.32086202320e+00
8.26727319505e+00
8.32353220503e+00
8.26358648715e+00
8.15853018358e+00
8.34235471073e+00
8.38627042150e+00
8.25660280710e+00
8.27732955869e+00
8.29713216441e+00
8.29726500566e+00
8.38164423186e+00
8.11943971497e+00
8.14629387174e+00
8.23780995276e+00
8.19827457568e+00
8.09319299274e+00
8.12861979889e+00
8.39076002377e+00
8.19736258422e+00
8.41902774581e+00
8.32861658992e+00
8.14909259760e+00
8.30554776364e+00
8.33830413751e+00
8.37214212974e+00
8.63311787118e+00
8.38237247369e+00
8.24248683695e+00
8.33552098373e+00
8.29685118901e+00
8.25295837857e+00
8.26040967387e+00
8.30892015780e+00
8.32166452888e+00
8.11579884812e+00
8.31672552119e+00
8.38011207448e+00
8.47383094443e+00
8.56351134228e+00
8.10689504585e+00
8.43691166778e+00
8.24987003544e+00
8.16652789040e+00
8.18671673564e+00
8.36535139223e+00
8.21901551553e+00
8.40593238382e+00
8.25287735675e+00
8.27605813868e+00
8.42836784341e+00
8.21526638730e+00
8.34208199314e+00
8.28858818215e+00
8.17241392799e+00
8.19666887355e+00
8.31866415306e+00
8.29414495018e+00
8.30114407777e+00
8.43019005303e+00
8.14750988320e+00
8.35511059772e+00
8.43945766063e+00
8.34427857403e+00
8.24261208417e+00
8.53303051873e+00
8.42955536708e+00
8.42578586400e+00
8.25983854896e+00
8.29347375994e+00
8.26104599362e+00
8.33329286373e+00
8.21600148716e+00
8.36905740392e+00
8.32116624344e+00
8.39162696054e+00
8.22491395903e+00
8.38142739052e+00
8.31602242838e+00
8.46053037823e+00
8.45348791187e+00
8.51410562446e+00
8.26895618372e+00
8.38278033063e+00
8.36961053700e+00
8.35543082952e+00
8.16600536456e+00
8.16594632779e+00
8.19452397874e+00
8.28726639053e+00
8.36793511461e+00
8.27880147614e+00
8.30012082030e+00
8.34863561603e+00
8.24331262302e+00
8.33744479295e+00
8.10126725584e+00
8.40047632465e+00
8.40137309748e+00
8.48910603867e+00
8.27646976406e+00
8.48571559208e+00
8.37310998997e+00
8.35112378893e+00
8.27311675583e+00
8.32986709943e+00
8.23121950511e+00
8.33588513377e+00
8.41204169624e+00
8.22643337355e+00
8.45876420497e+00
8.36503787173e+00
8.38601724088e+00
8.34287142940e+00
8.15175756556e+00
8.20407906064e+00
8.32165005197e+00
8.17432516940e+00
8.37566400552e+00
8.10901716983e+00
8.35091506037e+00
8.29108118017e+00
8.30149796284e+00
8.56666282346e+00
8.41324929719e+00
8.20655987565e+00
8.37131638576e+00
8.19850228594e+00
8.39847257923e+00
8.36307046806e+00
8.26742833837e+00
8.38548424889e+00
8.39250071967e+00
8.41614835931e+00
8.34592316945e+00
8.25596945619e+00
8.29997479361e+00
8.40108023153e+00
8.18497095616e+00
8.31353379617e+00
8.26161047483e+00
8.33621258282e+00
8.34577066600e+00
8.18574698209e+00
8.41398780810e+00
8.33252162032e+00
8.19524741104e+00
8.22763400114e+00
8.30064485208e+00
8.36035625115e+00
8.42865113987e+00
8.52199134001e+00
8.47758234201e+00
8.33901035987e+00
8.26944361455e+00
8.43790011547e+00
8.15421044020e+00
8.19431865407e+00
8.41430641366e+00
8.33235774459e+00
8.18426227893e+00
8.24033188686e+00
8.31176554679e+00
8.34705958099e+00
8.28714132654e+00
8.40626246115e+00
8.21019121917e+00
8.27523649509e+00
8.31780668453e+00
8.39227547234e+00
8.22853212172e+00
8.20918359133e+00
8.27688485704e+00
8.31785886460e+00