7.45967072838e-01
7.43801379735e-01
7.45395904707e-01
7.45348740155e-01
7.40824470245e-01
7.44096719422e-01
7.42776300274e-01
7.45961618700e-01
7.39405798031e-01
7.45111196348e-01
7.49107902556e-01
7.40282672693e-01
7.41645509111e-01
7.42081104978e-01
7.46569567736e-01
7.44579365960e-01
7.45922183017e-01
7.44083691843e-01
7.41025168342e-01
7.41026950141e-01
7.40777244317e-01
7.43807633528e-01
7.44257870030e-01
7.43778686126e-01
7.40567456052e-01
7.44599291137e-01
7.39876937824e-01
7.43506064610e-01
7.41555793522e-01
7.48387263533e-01
7.45006043319e-01
7.45971594879e-01
7.39532029404e-01
7.44929790682e-01
7.42979425227e-01
7.43601528989e-01
7.44128998497e-01
7.43446986140e-01
7.44379540795e-01
7.45258033430e-01
7.44954539984e-01
7.42605597443e-01
7.41310220167e-01
7.45919187651e-01
7.40158906856e-01
7.41658665789e-01
7.45601108282e-01
7.44730936969e-01
7.45048170675e-01
7.44521587505e-01
7.42018187184e-01
7.45220038910e-01
7.44361977878e-01
7.42004073542e-01
7.40171412013e-01
7.45012257496e-01
7.43567971374e-01
7.44847332884e-01
7.43190237499e-01
7.43470153490e-01
7.40209763146e-01
7.42053222256e-01
7.42053946049e-01
7.45337329588e-01
7.45449931824e-01
7.46311556756e-01
7.42787554115e-01
7.42328993430e-01
7.42358318190e-01
7.40001326488e-01
7.44197333455e-01
7.46348242466e-01
7.44862650316e-01
7.44884704398e-01
7.43185846742e-01
7.41451052530e-01
7.43714976417e-01
7.45400463425e-01
7.44283191762e-01
7.37794281787e-01
7.44016753945e-01
7.45252344575e-01
7.42515856846e-01
7.46370335277e-01
7.43182680357e-01
7.48612668768e-01
7.40713755236e-01
7.43692177452e-01
7.41096999047e-01
7.42491457837e-01
7.43562811800e-01
7.43428357792e-01
7.44564465422e-01
7.44241335863e-01
7.44034001880e-01
7.43601140546e-01
7.46632169858e-01
7.41877950303e-01
7.44360772542e-01
7.43490672502e-01
7.39880395566e-01
7.44421269765e-01
7.42119671416e-01
7.48691122391e-01
7.39344967422e-01
7.41206841240e-01
7.44234710162e-01
7.41619762545e-01
7.42848852310e-01
7.45966104864e-01
7.43125916197e-01
7.42624814771e-01
7.43360482298e-01
7.39814223122e-01
7.42095193113e-01
7.40746463457e-01
7.44259120180e-01
7.42869965250e-01
7.41385100332e-01
7.43312515582e-01
7.44018187521e-01
7.44070956745e-01
7.39316772623e-01
7.44892058485e-01
7.41192652690e-01
7.40624428318e-01
7.43922738220e-01
7.39756332481e-01
7.42948473738e-01
7.44267365577e-01
7.44592158961e-01
7.44204757578e-01
7.45534036428e-01
7.43774145975e-01
7.40722802559e-01
7.45664578870e-01
7.50486333515e-01
7.43149047739e-01
7.46022923123e-01
7.40950413242e-01
7.42032226861e-01
7.38470165345e-01
7.46110886930e-01
7.44214155791e-01
7.43447564082e-01
7.45339151604e-01
7.43562313606e-01
7.42449793876e-01
7.46889309219e-01
7.44023048331e-01
7.47221181868e-01
7.42760432888e-01
7.45005627306e-01
7.43648815953e-01
7.43796237236e-01
7.42738000096e-01
7.41693928715e-01
7.43457809489e-01
7.39611442080e-01
7.43058670152e-01
7.44268040230e-01
7.40893344493e-01
7.42418385047e-01
7.45326822402e-01
7.41117866363e-01
7.48054457041e-01
7.45642762323e-01
7.45912276026e-01
7.43831969416e-01
7.42523800028e-01
7.45282950122e-01
7.45428301041e-01
7.42887549535e-01
7.47785202688e-01
7.43280981979e-01
7.41717448939e-01
7.43186410352e-01
7.43498319366e-01
7.45301562519e-01
7.40358138872e-01
7.40576418892e-01
7.43231990914e-01
7.41675978419e-01
7.40485405352e-01
7.43744431465e-01
7.46620059775e-01
7.42934454645e-01
7.48359942912e-01
7.41766268585e-01
7.40269421337e-01
7.44254806344e-01
7.43119591181e-01
7.42535701426e-01
7.41881108826e-01
7.43107023872e-01
7.44750977592e-01
7.46664632920e-01
7.43594100787e-01
7.42320822241e-01
7.43279543465e-01
7.47661839749e-01
7.42953036676e-01
7.49549144603e-01
7.43186706746e-01
7.43962018292e-01
7.43561394762e-01
7.43641381107e-01
7.40613663214e-01
7.45670028407e-01
7.47304288318e-01
7.42737638714e-01
7.47438354688e-01
7.42772876504e-01
7.42224980107e-01
7.41482558632e-01
7.45670375233e-01
7.43317079530e-01
7.43992243898e-01
7.46345879556e-01
7.38294962884e-01
7.42920575467e-01
7.42300066617e-01
7.43310143251e-01
7.45165678631e-01
7.45173907198e-01
7.45101231932e-01
7.41936682861e-01
7.44587101801e-01
7.44431435628e-01
7.47849946411e-01
7.44845083133e-01
7.39683562429e-01
7.43813691247e-01
7.41583984196e-01
7.45482768139e-01
7.44198231259e-01
7.44101537499e-01
7.43662154349e-01
7.44739673909e-01
7.47188736889e-01
7.44986916647e-01
7.40532530814e-01
7.40980828103e-01
7.44400190956e-01
7.45486270008e-01
7.47714847175e-01
7.42477546502e-01
7.43297335646e-01
7.45379787909e-01
7.44777696227e-01
7.47689381113e-01
7.42628458660e-01
7.40628203220e-01
7.42218756931e-01
7.42354736967e-01
7.41146408506e-01
7.43770191715e-01
7.46765603260e-01
7.43435231050e-01
7.41979719640e-01
7.43080085630e-01
7.46697890985e-01
7.44084904872e-01
7.47899728300e-01
7.46280032711e-01
7.42448757500e-01
7.46142096237e-01
7.46845091523e-01
7.40549388504e-01
7.42410264117e-01
7.43986430561e-01
7.45062413808e-01
7.43999841171e-01
7.39983692702e-01
7.47035664870e-01
7.42878225681e-01
7.39589723905e-01
7.42864599568e-01
7.42353433557e-01
7.42203055267e-01
7.39686537903e-01
7.44029083888e-01
7.44901924237e-01
7.41291645899e-01
7.42403979986e-01
7.46279681391e-01
7.41948132797e-01
7.40316688216e-01
7.44037878650e-01
7.43733032027e-01
7.39766989393e-01
7.38971344265e-01
7.48006161317e-01
7.38773458607e-01
7.40411758516e-01
7.40693849649e-01
7.46926466236e-01
7.41516189470e-01
7.41554204670e-01
7.42239184550e-01
7.43519024912e-01
7.41054348222e-01
7.45231002701e-01
7.44589748524e-01
7.43680927069e-01
7.47283941465e-01
7.48153793126e-01
7.38859753396e-01
7.48254202243e-01
7.43373056226e-01
7.44104323109e-01
7.45952097914e-01
7.44328384323e-01
7.43931228625e-01
7.45039361562e-01
7.40364968565e-01
7.43723843840e-01
7.43685728551e-01
7.42026892121e-01
7.42960386781e-01
7.41741320451e-01
7.43732127548e-01
7.46334156563e-01
7.41283972280e-01
7.41566676382e-01
7.43176380932e-01
7.42896714053e-01
7.43954474518e-01
7.42568750050e-01
7.43687985333e-01
7.43855182573e-01
7.40691144856e-01
7.46890724773e-01
7.45056081768e-01
7.45729615623e-01
7.44037852489e-01
7.41138522515e-01
7.46904136416e-01
7.46390410032e-01
7.40494732599e-01
7.43623785531e-01
7.48118657628e-01
7.39493038263e-01
7.41614250197e-01
7.44158027789e-01
7.44383164469e-01
7.44222375320e-01
7.51059782812e-01
7.41931712303e-01
7.40714188594e-01
7.40452800761e-01
7.41612587604e-01
7.46705544134e-01
7.43620042802e-01
7.44392020113e-01
7.40115175497e-01
7.42688721438e-01
7.42169920038e-01
7.46213034469e-01
7.43934427888e-01
7.43946504064e-01
7.46096764403e-01
7.40834060895e-01
7.42832603372e-01
7.43556856872e-01
7.46180136697e-01
7.44297280059e-01
7.44944183786e-01
7.40695162925e-01
7.44151729876e-01
7.41503892532e-01
7.40448962908e-01
7.40093357476e-01
7.45853627879e-01
7.40454215008e-01
7.44535830518e-01
7.43924740003e-01
7.42939325406e-01
7.40913258420e-01
7.42947602681e-01
7.45606252697e-01
7.41563409354e-01
7.45628467297e-01
7.42348259312e-01
7.44227117290e-01
7.47158714757e-01
7.43237636141e-01
7.40180822512e-01
7.42768701645e-01
7.45034098444e-01
7.46102499384e-01
7.48767554538e-01
7.46830819707e-01
7.40857014158e-01
7.44826342195e-01
7.44336652909e-01
7.44075414153e-01
7.43846967377e-01
7.41567570222e-01
7.41137410811e-01
7.47675896197e-01
7.39120117088e-01
7.41830662572e-01
7.43561564857e-01
7.40522912852e-01
7.44282811233e-01
7.41599504752e-01
7.47367917760e-01
7.41191694186e-01
7.43175723256e-01
7.44619805887e-01
7.39597846381e-01
7.37315934663e-01
7.44008460555e-01
7.41085273315e-01
7.45271298276e-01
7.43706045187e-01
7.40333996464e-01
7.40703789501e-01
7.40314294994e-01
7.43202559845e-01
7.41973860356e-01
7.46160246740e-01
7.44901007263e-01
7.42337370470e-01
7.48851011503e-01
7.45838979801e-01
7.36365961541e-01
7.44295762304e-01
7.46770701042e-01
7.43004400887e-01
7.41113137050e-01
7.43626563794e-01
7.43898170285e-01
7.45102330614e-01
7.42790767332e-01
7.41959824897e-01
7.43440741651e-01
7.42065073071e-01
7.44841072864e-01
7.43469449046e-01
7.44332654070e-01
7.41472911128e-01
7.46731051551e-01
7.43384106538e-01
7.42925762767e-01
7.38670398616e-01
7.44693798286e-01
7.43696577961e-01
7.39301227409e-01
7.46695897894e-01
7.42296639473e-01
7.44907005604e-01
7.47647440618e-01
7.39955726655e-01
7.45086317106e-01
7.43850017180e-01
7.40036016688e-01
7.48102645961e-01
7.38616906242e-01
7.45101345572e-01
7.43701075421e-01
7.42654041176e-01
7.44871545625e-01
7.43442270680e-01
7.41865161814e-01
7.44208172060e-01
7.36084995322e-01
7.43706367342e-01
7.44431224965e-01
7.42067445430e-01
7.43831935857e-01
7.43742655023e-01
7.44907769049e-01
7.43721485407e-01
7.43853525291e-01
7.39963967893e-01
7.43415456871e-01
7.43160240749e-01
7.45005317947e-01
7.40399075076e-01
7.38511748109e-01
7.42033432545e-01
7.41865461604e-01
7.46791500488e-01
7.41121711944e-01
7.44028366566e-01
7.42461150924e-01
7.44571446467e-01
7.44929157108e-01
7.43974158487e-01
7.44019045278e-01
7.44553968611e-01
7.43215992150e-01
7.38796145187e-01
7.40091738899e-01
7.42110893295e-01
7.43730771717e-01
7.40088708001e-01
7.41454756674e-01
7.43501837709e-01