2.68553503178e+00
2.68349530569e+00
2.68251506934e+00
2.68673628957e+00
2.68290935365e+00
2.68398011980e+00
2.68327681050e+00
2.68511661859e+00
2.68402899758e+00
2.68520979824e+00
2.68404787603e+00
2.68524872556e+00
2.68581830122e+00
2.68558794989e+00
2.68343774233e+00
2.68339859361e+00
2.68312994614e+00
2.68350761699e+00
2.68605830475e+00
2.68643534924e+00
2.68357415658e+00
2.68257925305e+00
2.68345865802e+00
2.68221540541e+00
2.68391238598e+00
2.68259532315e+00
2.68496572539e+00
2.68656154185e+00
2.68280534458e+00
2.68310323073e+00
2.68506232744e+00
2.68498099228e+00
2.68499776920e+00
2.68302338551e+00
2.68399290399e+00
2.68408934416e+00
2.68487792321e+00
2.68215634131e+00
2.68249440892e+00
2.68384591820e+00
2.68296646675e+00
2.68192754773e+00
2.68387466748e+00
2.68439538062e+00
2.68419356196e+00
2.68475525737e+00
2.68494050356e+00
2.68385203346e+00
2.68544359015e+00
2.68367526948e+00
2.68350202546e+00
2.68811766235e+00
2.68049148576e+00
2.68544128680e+00
2.68464277691e+00
2.68472037183e+00
2.68466015108e+00
2.68430522774e+00
2.68562708243e+00
2.68319684604e+00
2.68280452374e+00
2.68467082126e+00
2.68355493883e+00
2.68487350463e+00
2.68359603923e+00
2.68326641070e+00
2.68387301362e+00
2.68711774738e+00
2.68277451217e+00
2.68519157523e+00
2.68341642458e+00
2.68420309449e+00
2.68541549670e+00
2.68332700884e+00
2.68296946388e+00
2.68659409333e+00
2.68528259440e+00
2.68474310574e+00
2.68535258946e+00
2.68225909219e+00
2.68309817220e+00
2.68392601657e+00
2.68097345577e+00
2.68399873045e+00
2.68538114557e+00
2.68533978409e+00
2.68520615397e+00
2.68601629609e+00
2.68352181153e+00
2.68674679960e+00
2.68348536545e+00
2.68318816283e+00
2.68352610691e+00
2.68579268721e+00
2.68271511566e+00
2.68317332809e+00
2.68456522545e+00
2.68552794320e+00
2.68565829024e+00
2.68523207733e+00
2.68560237895e+00
2.68415179708e+00
2.68455953394e+00
2.68459494540e+00
2.68296141482e+00
2.68582791312e+00
2.68650265525e+00
2.68290258397e+00
2.68533856326e+00
2.68167786276e+00
2.68380788960e+00
2.68371256331e+00
2.68406257812e+00
2.68617953973e+00
2.68419196236e+00
2.68833298671e+00
2.68127379988e+00
2.68508979289e+00
2.68465274539e+00
2.68479435056e+00
2.68279301500e+00
2.68350544488e+00
2.68114103650e+00
2.68752962666e+00
2.68319431253e+00
2.68624317294e+00
2.68497484280e+00
2.68647293998e+00
2.68452609756e+00
2.68691110684e+00
2.68196847735e+00
2.68733968918e+00
2.68631025035e+00
2.68490514726e+00
2.68679292842e+00
2.68619258030e+00
2.68594724665e+00
2.68420596059e+00
2.68155159088e+00
2.68212974906e+00
2.68424720214e+00
2.68337996612e+00
2.68259714969e+00
2.68343846938e+00
2.68342288095e+00
2.68297161735e+00
2.68458251271e+00
2.68307641682e+00
2.68499012305e+00
2.68573287958e+00
2.68447972164e+00
2.68355812793e+00
2.68385592554e+00
2.68571719592e+00
2.68461245774e+00
2.68597920042e+00
2.68040614715e+00
2.68469970190e+00
2.68688187309e+00
2.68285454224e+00
2.68356935193e+00
2.68344059957e+00
2.68269522496e+00
2.68533774767e+00
2.68408075296e+00
2.68661786770e+00
2.68484852552e+00
2.68463027766e+00
2.68468119403e+00
2.68235186689e+00
2.68533996197e+00
2.68451540674e+00
2.68419358642e+00
2.68275427331e+00
2.68663162239e+00
2.68753700279e+00
2.68418115867e+00
2.68393884466e+00
2.68235177791e+00
2.68397371231e+00
2.68282766280e+00
2.68280491475e+00
2.68380222933e+00
2.68457716129e+00
2.68178724255e+00
2.68462365392e+00
2.68692542808e+00
2.68118292642e+00
2.68363984711e+00
2.68444761431e+00
2.68425007619e+00
2.68362393277e+00
2.68386322949e+00
2.68210320452e+00
2.68407475516e+00
2.68623772422e+00
2.68404735620e+00
2.68386321118e+00
2.68249615982e+00
2.68321184824e+00
2.68449199180e+00
2.68356625051e+00
2.68509823599e+00
2.68275577428e+00
2.68193856751e+00
2.68368667163e+00
2.68312280276e+00
2.68247888962e+00
2.68328812519e+00
2.68714790298e+00
2.68528843314e+00
2.68538648021e+00
2.68254549312e+00
2.68396732315e+00
2.68531045720e+00
2.68284253872e+00
2.68272126678e+00
2.68647603782e+00
2.68192099496e+00
2.68451586384e+00
2.68248508661e+00
2.68478057094e+00
2.68120683273e+00
2.68324908753e+00
2.68641633660e+00
2.68525330844e+00
2.68100461086e+00
2.68410686952e+00
2.68273150002e+00
2.68204829084e+00
2.68255950418e+00
2.68429764132e+00
2.68544560507e+00
2.68142442745e+00
2.68398506196e+00
2.68923223069e+00
2.68382157966e+00
2.68509020884e+00
2.68302516249e+00
2.68418859987e+00
2.68625049354e+00
2.68124632729e+00
2.68419731566e+00
2.68514799759e+00
2.68368682101e+00
2.68745384621e+00
2.68516538771e+00
2.68456347303e+00
2.68376498588e+00
2.68576458479e+00
2.68255994842e+00
2.68319070086e+00
2.68557609019e+00
2.68374416609e+00
2.68493633859e+00
2.68520132702e+00
2.68256436737e+00
2.68765005031e+00
2.68505106522e+00
2.68207594118e+00
2.68547723286e+00
2.68526084429e+00
2.68316414778e+00
2.68275859671e+00
2.68508478521e+00
2.68467936913e+00
2.68366751808e+00
2.68436860163e+00
2.68518522727e+00
2.68499455032e+00
2.68405475820e+00
2.68279657808e+00
2.68326902474e+00
2.68441573793e+00
2.68522219645e+00
2.68371780762e+00
2.68298110614e+00
2.68517597595e+00
2.68582896512e+00
2.68132657663e+00
2.68818220894e+00
2.68692670384e+00
2.68159400004e+00
2.68471388990e+00
2.68519944877e+00
2.68093012293e+00
2.68474067950e+00
2.68587115941e+00
2.68455895358e+00
2.68119166557e+00
2.68257017674e+00
2.68307257177e+00
2.68310095001e+00
2.68400400564e+00
2.68432361279e+00
2.68703077317e+00
2.68474795731e+00
2.68545099301e+00
2.68315953023e+00
2.68333148079e+00
2.68304480852e+00
2.68458806745e+00
2.68650594104e+00
2.68578334793e+00
2.68682991410e+00
2.68482167400e+00
2.68651200998e+00
2.68181725039e+00
2.68269951030e+00
2.68393378070e+00
2.68320235773e+00
2.68314062407e+00
2.68360583312e+00
2.68493643847e+00
2.68522394020e+00
2.68595837423e+00
2.68486678857e+00
2.68471686906e+00
2.68409023733e+00
2.68361204367e+00
2.68361460458e+00
2.68571589720e+00
2.68401964305e+00
2.68317880573e+00
2.68667496172e+00
2.68469903649e+00
2.68694960567e+00
2.68221249482e+00
2.68411985005e+00
2.68458909273e+00
2.68506774481e+00
2.68487998260e+00
2.68392129253e+00
2.68205997494e+00
2.68388360803e+00
2.68119871992e+00
2.68421987959e+00
2.68250870370e+00
2.68141872191e+00
2.68374276859e+00
2.68513556549e+00
2.68517892574e+00
2.68296616562e+00
2.68428624991e+00
2.67990986473e+00
2.68155991599e+00
2.68310172764e+00
2.68354897703e+00
2.68328057151e+00
2.68301863711e+00
2.68488388783e+00
2.68549987468e+00
2.68477269104e+00
2.68818709608e+00
2.68700723176e+00
2.68495837752e+00
2.68179762106e+00
2.68431688209e+00
2.68542388318e+00
2.68459107935e+00
2.68449263656e+00
2.68431928841e+00
2.68391419325e+00
2.68521296466e+00
2.68323480666e+00
2.68271905826e+00
2.68437147038e+00
2.68299689082e+00
2.68607302164e+00
2.68285291501e+00
2.68582784668e+00
2.68440311163e+00
2.68652820301e+00
2.68517515997e+00
2.68390022628e+00
2.68301341841e+00
2.68455951709e+00
2.68378828012e+00
2.68649830069e+00
2.68337571549e+00
2.68352228294e+00
2.68537989258e+00
2.68641160281e+00
2.68267754922e+00
2.68281427545e+00
2.68504941461e+00
2.68362241481e+00
2.68394751901e+00
2.68486827280e+00
2.68667600037e+00
2.68432475661e+00
2.68500537540e+00
2.68378595298e+00
2.68553272853e+00
2.68445129895e+00
2.68291149975e+00
2.68372253762e+00
2.68547343224e+00
2.68384540601e+00
2.68294398773e+00
2.68272304095e+00
2.68274283810e+00
2.68494241706e+00
2.68195035009e+00
2.68313087658e+00
2.68518820150e+00
2.68513614654e+00
2.68455738730e+00
2.68425479630e+00
2.68320253074e+00
2.68411178139e+00
2.68396646177e+00
2.68552887422e+00
2.68323027265e+00
2.68222545880e+00
2.68415586184e+00
2.68514432066e+00
2.68650528601e+00
2.68496090182e+00
2.68544778939e+00
2.68337040043e+00
2.68653666484e+00
2.68247426973e+00
2.68493617465e+00
2.68662619292e+00
2.68293034203e+00
2.68710057479e+00
2.68419324326e+00
2.68529485361e+00
2.68580591768e+00
2.68374474363e+00
2.68294058272e+00
2.68325718717e+00
2.68629754570e+00
2.68412672333e+00
2.68415236457e+00
2.68666797197e+00
2.68396672894e+00
2.68503659992e+00
2.68566282924e+00
2.68501153247e+00
2.68528153056e+00
2.68538773570e+00
2.68345639652e+00
2.68695587805e+00
2.68473612949e+00
2.68509386430e+00
2.68456904861e+00
2.68598703933e+00
2.68567345266e+00
2.68570661546e+00
2.68382193056e+00
2.68346683270e+00
2.68283666284e+00
2.68371027699e+00
2.68490833384e+00
2.68482030348e+00
2.68354847726e+00
2.68420875872e+00
2.68337518455e+00
2.68811223578e+00
2.68405461041e+00
2.68599528789e+00
2.68333020238e+00
2.68548335301e+00
2.68328119114e+00
2.68586443574e+00
2.68328540794e+00
2.68632298832e+00
2.68441896883e+00
2.68379060719e+00
2.68596918706e+00
2.68473668238e+00
2.68513736496e+00
2.68325621930e+00
2.68339022199e+00
2.68335402088e+00
2.68313147183e+00
2.68403058336e+00
2.68356635217e+00
2.68228150756e+00
2.68061734910e+00
2.68559372032e+00
2.68068839757e+00
2.68335981728e+00
2.68562135472e+00
2.68493874342e+00
2.68306660077e+00
2.68544769456e+00
2.68662238359e+00
2.68324382306e+00
2.68115559366e+00
2.68502890202e+00
2.68148283928e+00
2.68403956833e+00
2.68675189353e+00
2.68501659820e+00
2.68411215811e+00
2.68124358062e+00
2.68570687333e+00
2.68430646459e+00