9.30637992069e-01
9.27610164040e-01
9.24544911577e-01
9.28611406963e-01
9.28556030583e-01
9.28345669419e-01
9.22959204907e-01
9.29827179529e-01
9.21370266397e-01
9.25309604535e-01
9.27467353518e-01
9.21918286071e-01
9.26958336710e-01
9.29664602742e-01
9.28928988228e-01
9.24148070494e-01
9.26072484712e-01
9.27917105091e-01
9.22665325611e-01
9.26362923228e-01
9.25583252192e-01
9.23059343937e-01
9.26899782367e-01
9.23813232130e-01
9.24462692310e-01
9.26248446259e-01
9.26242598183e-01
9.28981142975e-01
9.26842262731e-01
9.28447056077e-01
9.28774109080e-01
9.28022035135e-01
9.25354900874e-01
9.23677414516e-01
9.24018244426e-01
9.27149920187e-01
9.25354438158e-01
9.30374350357e-01
9.28871253710e-01
9.29509223688e-01
9.24931655343e-01
9.26824460866e-01
9.25847793827e-01
9.29291898317e-01
9.22607876722e-01
9.26244531434e-01
9.28858966347e-01
9.24580287789e-01
9.26850977086e-01
9.28287256385e-01
9.26897577770e-01
9.28440845097e-01
9.22869587374e-01
9.25210126539e-01
9.26927858497e-01
9.27203271743e-01
9.24112566093e-01
9.27689110156e-01
9.29800683130e-01
9.29740988152e-01
9.23626526565e-01
9.26838936924e-01
9.26168833069e-01
9.23155656314e-01
9.24270507677e-01
9.27557398632e-01
9.25109671923e-01
9.28913330272e-01
9.29973633555e-01
9.26971160271e-01
9.27108368107e-01
9.35389187748e-01
9.28071057777e-01
9.29644230684e-01
9.24975757380e-01
9.30171543592e-01
9.26170689964e-01
9.25798341482e-01
9.24021902765e-01
9.24829352085e-01
9.24652496629e-01
9.25355919712e-01
9.22551421636e-01
9.29199549368e-01
9.24671933697e-01
9.27354823215e-01
9.24385444407e-01
9.26051000783e-01
9.22858719611e-01
9.26417761498e-01
9.29596480601e-01
9.28330563980e-01
9.23748824188e-01
9.23393189114e-01
9.24687431098e-01
9.25119039835e-01
9.24582755570e-01
9.29642568791e-01
9.25855473318e-01
9.26976614818e-01
9.28227715544e-01
9.28213551061e-01
9.26784771512e-01
9.27369386779e-01
9.24007525108e-01
9.25638734731e-01
9.25269579794e-01
9.30573534020e-01
9.23326626934e-01
9.27641834922e-01
9.24349266247e-01
9.29514198224e-01
9.27004757106e-01
9.25004696840e-01
9.26017797146e-01
9.25820800158e-01
9.30439415824e-01
9.26863272340e-01
9.22629432866e-01
9.25448487627e-01
9.26907769908e-01
9.25913362163e-01
9.26096188616e-01
9.27605259948e-01
9.29339520354e-01
9.23993058154e-01
9.31144978041e-01
9.26125502793e-01
9.25912947575e-01
9.25213008135e-01
9.25343010203e-01
9.26833369398e-01
9.24875993188e-01
9.27673335956e-01
9.26092090540e-01
9.27630862598e-01
9.26119672448e-01
9.22031040348e-01
9.27135020003e-01
9.27638265717e-01
9.28062646157e-01
9.26393884116e-01
9.29067092473e-01
9.28515222898e-01
9.27145593589e-01
9.27432914685e-01
9.26773050410e-01
9.27313030595e-01
9.30306306580e-01
9.27425437073e-01
9.27341275135e-01
9.30315514747e-01
9.27117693893e-01
9.28647863763e-01
9.25690955573e-01
9.27458854397e-01
9.24220821944e-01
9.25291588221e-01
9.25468902289e-01
9.26688912499e-01
9.29431074297e-01
9.25718652339e-01
9.25984281555e-01
9.25494829102e-01
9.25222877356e-01
9.24748193793e-01
9.31745016281e-01
9.26754743443e-01
9.25828726724e-01
9.26014435998e-01
9.28567351659e-01
9.25160761639e-01
9.25047260891e-01
9.29000971406e-01
9.24183565682e-01
9.24003147149e-01
9.26606138555e-01
9.24201874469e-01
9.28097876796e-01
9.23765731845e-01
9.28928981030e-01
9.28124613364e-01
9.27299085246e-01
9.23584182124e-01
9.23152104317e-01
9.30497517322e-01
9.26263344628e-01
9.31598841475e-01
9.25537223467e-01
9.27327514252e-01
9.27970592167e-01
9.25717022565e-01
9.24825664060e-01
9.27566024018e-01
9.24032521314e-01
9.28509977774e-01
9.27292371431e-01
9.27002575513e-01
9.22278998144e-01
9.31201769688e-01
9.26214960697e-01
9.23072346075e-01
9.25350540220e-01
9.27596866439e-01
9.24244710093e-01
9.23553885309e-01
9.28323529317e-01
9.29432851632e-01
9.25673286243e-01
9.26903308493e-01
9.22807522236e-01
9.26985836174e-01
9.25025925317e-01
9.24385499503e-01
9.27911706215e-01
9.24256338107e-01
9.24542544509e-01
9.28997190385e-01
9.26952045023e-01
9.28151037296e-01
9.29193673139e-01
9.26154078998e-01
9.27879841998e-01
9.24175400102e-01
9.23336637443e-01
9.23899327773e-01
9.27455649101e-01
9.29182611732e-01
9.28573950246e-01
9.31129638968e-01
9.26097733386e-01
9.25895515745e-01
9.24353540657e-01
9.27390226430e-01
9.27506275146e-01
9.27778699410e-01
9.29862685061e-01
9.25377783636e-01
9.27141360912e-01
9.26120750491e-01
9.30180276159e-01
9.24119890175e-01
9.23348207229e-01
9.22569333941e-01
9.26922091810e-01
9.25460507783e-01
9.27241509253e-01
9.26722264217e-01
9.21053328623e-01
9.25758516715e-01
9.25465508974e-01
9.27914288925e-01
9.25453725363e-01
9.27534304192e-01
9.26777055798e-01
9.23134619370e-01
9.26148702630e-01
9.23578490279e-01
9.27939640403e-01
9.25742930933e-01
9.29144749609e-01
9.27392562656e-01
9.26999708888e-01
9.25463251657e-01
9.28344812749e-01
9.22022208728e-01
9.30989477889e-01
9.26658450994e-01
9.26111766355e-01
9.28136695943e-01
9.29384693566e-01
9.25436694441e-01
9.26189182486e-01
9.26525089416e-01
9.30177807295e-01
9.28467631072e-01
9.25960700097e-01
9.28696849898e-01
9.24254214731e-01
9.25240553655e-01
9.23427157824e-01
9.21114512578e-01
9.27018180677e-01
9.27548324863e-01
9.27081324136e-01
9.29614591200e-01
9.24968986440e-01
9.22985705006e-01
9.24299029540e-01
9.30258550069e-01
9.26820604400e-01
9.26775352744e-01
9.27643459637e-01
9.23360194020e-01
9.26249086136e-01
9.22350372839e-01
9.23626144240e-01
9.30701435667e-01
9.25475146581e-01
9.22445087455e-01
9.25682494091e-01
9.21937325588e-01
9.29411561061e-01
9.30486616623e-01
9.29386748215e-01
9.29301132707e-01
9.29301694993e-01
9.24564030989e-01
9.23588447487e-01
9.32157136886e-01
9.24452180750e-01
9.26719888806e-01
9.25327253031e-01
9.25246481766e-01
9.26487965870e-01
9.26201653029e-01
9.25930772554e-01
9.24492028610e-01
9.23429949195e-01
9.27952969167e-01
9.23874426022e-01
9.26561909534e-01
9.29160250777e-01
9.24223922405e-01
9.20255969353e-01
9.28167959552e-01
9.29570440540e-01
9.23945735593e-01
9.25151238353e-01
9.27844033409e-01
9.29530488867e-01
9.22037227461e-01
9.27728081763e-01
9.26640636874e-01
9.29230617098e-01
9.30037054106e-01
9.27598833099e-01
9.26952277432e-01
9.28457286460e-01
9.20975283567e-01
9.23912931235e-01
9.30585612923e-01
9.26578999329e-01
9.23234765085e-01
9.26648504509e-01
9.28677282775e-01
9.25828672295e-01
9.28888000231e-01
9.28699569043e-01
9.20549955680e-01
9.27823270813e-01
9.27753346897e-01
9.28674540581e-01
9.27210780350e-01
9.26143553501e-01
9.26227127496e-01
9.22948927739e-01
9.24476486361e-01
9.29489584029e-01
9.26578866164e-01
9.29966260566e-01
9.26507735837e-01
9.25609336028e-01
9.27563186739e-01
9.30958113959e-01
9.28680261771e-01
9.27416170221e-01
9.29556153947e-01
9.23994177708e-01
9.25308912554e-01
9.25076557478e-01
9.23055749901e-01
9.27000504324e-01
9.29644817696e-01
9.25470788971e-01
9.24863575944e-01
9.26544659234e-01
9.28201286882e-01
9.23180038415e-01
9.30001093485e-01
9.21735536116e-01
9.30679828185e-01
9.27156530662e-01
9.26354276089e-01
9.25267648231e-01
9.26790063448e-01
9.25682283353e-01
9.26237299728e-01
9.27781131430e-01
9.31138146235e-01
9.25520787270e-01
9.23989271577e-01
9.30168041602e-01
9.20999618562e-01
9.24759428091e-01
9.23818932663e-01
9.26154218747e-01
9.23981884875e-01
9.27467207450e-01
9.23652582507e-01
9.32246129317e-01
9.27509352364e-01
9.28531609154e-01
9.25350863795e-01
9.24585220209e-01
9.28394283405e-01
9.23292621152e-01
9.28592884769e-01
9.26945427428e-01
9.26308871838e-01
9.27488456646e-01
9.25854448546e-01
9.24769114369e-01
9.27592372087e-01
9.23690595118e-01
9.27842325253e-01
9.23646590490e-01
9.23534301659e-01
9.26999422346e-01
9.29165278688e-01
9.22545563692e-01
9.23524070570e-01
9.26519271037e-01
9.25249156686e-01
9.27634538714e-01
9.28165562558e-01
9.26905709467e-01
9.18808132672e-01
9.25890966680e-01
9.29543329496e-01
9.21971837888e-01
9.22124470017e-01
9.27418340348e-01
9.23093908856e-01
9.28649471738e-01
9.27643053546e-01
9.26511133801e-01
9.27886824740e-01
9.23797295751e-01
9.28951519958e-01
9.27406207885e-01
9.25613426486e-01
9.26468807876e-01
9.29707119974e-01
9.25472408765e-01
9.20982021904e-01
9.22996162367e-01
9.29002829026e-01
9.25105216724e-01
9.23335083244e-01
9.28235756161e-01
9.25624668088e-01
9.25205065897e-01
9.27679961962e-01
9.26664475717e-01
9.25894713498e-01
9.22868151165e-01
9.26009362565e-01
9.28591290742e-01
9.23201464849e-01
9.29315575389e-01
9.24289074044e-01
9.26901096881e-01
9.25800767036e-01
9.28519885593e-01
9.20782385449e-01
9.23439248615e-01
9.24143648205e-01
9.22291068696e-01
9.26939454937e-01
9.29174766025e-01
9.25690254698e-01
9.26980353600e-01
9.22389811691e-01
9.28575724573e-01
9.25984232713e-01
9.23990522569e-01
9.26933971973e-01
9.29105654754e-01
9.23335215867e-01
9.26270492391e-01
9.24149050754e-01
9.25502425729e-01
9.24587903577e-01
9.25513413690e-01
9.22361732580e-01
9.27874657931e-01
9.25214890007e-01
9.26523884820e-01
9.26054734398e-01
9.25303020441e-01
9.29757824057e-01
9.27455063627e-01
9.25449148186e-01
9.23811196900e-01
9.24226448016e-01
9.26184063041e-01
9.26320491098e-01
9.27459225688e-01
9.27442933623e-01
9.26347196925e-01