-6.34075617010e+00
-6.34267327860e+00
-6.33692503475e+00
-6.34339519518e+00
-6.34158021728e+00
-6.34206364842e+00
-6.34079315685e+00
-6.34729040569e+00
-6.34158030255e+00
-6.34206653902e+00
-6.35110750486e+00
-6.34486026990e+00
-6.33974715972e+00
-6.34425797771e+00
-6.34860124189e+00
-6.33676628238e+00
-6.34498484370e+00
-6.34669601995e+00
-6.34475485020e+00
-6.34694394756e+00
-6.34803929337e+00
-6.34174038050e+00
-6.34213620021e+00
-6.35062872041e+00
-6.34452849380e+00
-6.35067308725e+00
-6.34159310218e+00
-6.34735540045e+00
-6.33915778119e+00
-6.34106815375e+00
-6.34831684264e+00
-6.34836483834e+00
-6.34120401546e+00
-6.34408382263e+00
-6.33536781940e+00
-6.35033506207e+00
-6.34766931931e+00
-6.34602334536e+00
-6.34733218838e+00
-6.34688105022e+00
-6.34382213739e+00
-6.34376421560e+00
-6.34970246916e+00
-6.34733541596e+00
-6.34052827564e+00
-6.34934477936e+00
-6.34394903675e+00
-6.34759434040e+00
-6.33646549356e+00
-6.34375720148e+00
-6.34493812047e+00
-6.34754929700e+00
-6.33991912368e+00
-6.34204382080e+00
-6.34127114910e+00
-6.34360033248e+00
-6.35225177766e+00
-6.34911654106e+00
-6.34546804112e+00
-6.34941780341e+00
-6.34970573527e+00
-6.34867368417e+00
-6.34451087110e+00
-6.34148094549e+00
-6.34621666999e+00
-6.34235758299e+00
-6.34012698463e+00
-6.34613818918e+00
-6.34684718622e+00
-6.35502569754e+00
-6.34915347376e+00
-6.35421204186e+00
-6.34415114961e+00
-6.34287524291e+00
-6.34286772216e+00
-6.34251194428e+00
-6.34266163615e+00
-6.34935768885e+00
-6.34523556461e+00
-6.34654656568e+00
-6.34454638574e+00
-6.35214878985e+00
-6.34022220958e+00
-6.34490902249e+00
-6.33968077153e+00
-6.34170437133e+00
-6.33949098531e+00
-6.34870931491e+00
-6.34808063358e+00
-6.34651168468e+00
-6.34070627201e+00
-6.34140699995e+00
-6.34753765290e+00
-6.33744288719e+00
-6.34938066938e+00
-6.33916469909e+00
-6.34421109067e+00
-6.34653797424e+00
-6.34340317367e+00
-6.34008333739e+00
-6.34651857705e+00
-6.35052937645e+00
-6.34125517927e+00
-6.34733565716e+00
-6.34516185887e+00
-6.34606937544e+00
-6.34616701286e+00
-6.34588423682e+00
-6.34725070985e+00
-6.34253147245e+00
-6.34467947403e+00
-6.34064741169e+00
-6.34548272708e+00
-6.34589889214e+00
-6.34042498682e+00
-6.34894723104e+00
-6.34410471641e+00
-6.34856706667e+00
-6.33857321744e+00
-6.34257038251e+00
-6.34147707314e+00
-6.34050425899e+00
-6.34391999250e+00
-6.34250654428e+00
-6.33901796533e+00
-6.35009719442e+00
-6.34720744618e+00
-6.34663948327e+00
-6.34350525380e+00
-6.34002139951e+00
-6.34203989740e+00
-6.35323014709e+00
-6.34554649495e+00
-6.34720645070e+00
-6.34564887545e+00
-6.34746650362e+00
-6.34580671476e+00
-6.34140562291e+00
-6.34309974637e+00
-6.34942589050e+00
-6.34831438337e+00
-6.34301340558e+00
-6.34553454617e+00
-6.34341021345e+00
-6.34559186567e+00
-6.34249756872e+00
-6.34290430696e+00
-6.34489759298e+00
-6.34235146409e+00
-6.34397817869e+00
-6.33478813291e+00
-6.34113228585e+00
-6.34613294296e+00
-6.34445359258e+00
-6.34467044344e+00
-6.34781128295e+00
-6.34155151599e+00
-6.34834819180e+00
-6.34520289691e+00
-6.34051709785e+00
-6.34768040683e+00
-6.35316268951e+00
-6.34838083197e+00
-6.33634702823e+00
-6.34591454977e+00
-6.34646488065e+00
-6.34720223160e+00
-6.34648002853e+00
-6.34859302984e+00
-6.34642036270e+00
-6.34612705152e+00
-6.34726365518e+00
-6.34449849971e+00
-6.34499808690e+00
-6.33478640820e+00
-6.35143945772e+00
-6.34880296333e+00
-6.35230257595e+00
-6.34457829424e+00
-6.34153930530e+00
-6.34549219009e+00
-6.34727921098e+00
-6.34192536987e+00
-6.34847715780e+00
-6.34634005066e+00
-6.34539857893e+00
-6.34627979652e+00
-6.34438662099e+00
-6.34830021733e+00
-6.34350460189e+00
-6.33923334674e+00
-6.33820553612e+00
-6.34682928568e+00
-6.34261011812e+00
-6.34639864966e+00
-6.34318033991e+00
-6.33655262207e+00
-6.34152720317e+00
-6.34199969905e+00
-6.34426760567e+00
-6.35123690346e+00
-6.34107149444e+00
-6.34582631291e+00
-6.34044612880e+00
-6.34845470342e+00
-6.34244471495e+00
-6.34436525604e+00
-6.33928784970e+00
-6.34113977831e+00
-6.34800318566e+00
-6.34563296783e+00
-6.34425854491e+00
-6.34591735192e+00
-6.33245983047e+00
-6.33977804705e+00
-6.34335039024e+00
-6.34237839389e+00
-6.33972107861e+00
-6.33622811909e+00
-6.35104138336e+00
-6.34503732428e+00
-6.34761078237e+00
-6.34125649926e+00
-6.34551911464e+00
-6.34598089921e+00
-6.33135557818e+00
-6.33855959237e+00
-6.34735320221e+00
-6.34776757810e+00
-6.33861120962e+00
-6.34559489298e+00
-6.33974037625e+00
-6.34652242271e+00
-6.33984520084e+00
-6.34296197061e+00
-6.34821276597e+00
-6.34712744085e+00
-6.34772909195e+00
-6.34375445365e+00
-6.34660011927e+00
-6.34454967013e+00
-6.34215984840e+00
-6.34449793731e+00
-6.34765668334e+00
-6.34637371771e+00
-6.34757988911e+00
-6.34952410582e+00
-6.33511112134e+00
-6.34150274146e+00
-6.34242544000e+00
-6.33931962464e+00
-6.35181325046e+00
-6.34178053054e+00
-6.34176850920e+00
-6.34886257322e+00
-6.34354122667e+00
-6.34748635246e+00
-6.34417599381e+00
-6.34702825343e+00
-6.33803056420e+00
-6.35004740755e+00
-6.33744858213e+00
-6.33441907827e+00
-6.34886306216e+00
-6.34202473093e+00
-6.34600842991e+00
-6.34420507243e+00
-6.34721290829e+00
-6.33935405767e+00
-6.34081343722e+00
-6.34238698135e+00
-6.34794401434e+00
-6.34254482254e+00
-6.34535713733e+00
-6.34000935244e+00
-6.34151539597e+00
-6.33861361711e+00
-6.34739356376e+00
-6.34417375737e+00
-6.34741217563e+00
-6.33712425757e+00
-6.34751589471e+00
-6.34700406528e+00
-6.33649796824e+00
-6.33699010440e+00
-6.33862674608e+00
-6.33728575564e+00
-6.34567447307e+00
-6.34903085592e+00
-6.33714734075e+00
-6.34705100310e+00
-6.34272770908e+00
-6.34428172628e+00
-6.34274926574e+00
-6.35054135102e+00
-6.34544959462e+00
-6.34977220912e+00
-6.34483790129e+00
-6.34421169082e+00
-6.34324906716e+00
-6.34625494704e+00
-6.34432104512e+00
-6.34125967600e+00
-6.34867314204e+00
-6.33806198327e+00
-6.34333304751e+00
-6.35037691059e+00
-6.34707387466e+00
-6.33750913364e+00
-6.34284005021e+00
-6.33702545495e+00
-6.33629135817e+00
-6.34568646706e+00
-6.34661327562e+00
-6.34018619637e+00
-6.35223349166e+00
-6.34687472573e+00
-6.34136177848e+00
-6.35022792715e+00
-6.34307123948e+00
-6.34238394071e+00
-6.34506155207e+00
-6.34237707193e+00
-6.34513973659e+00
-6.34207584121e+00
-6.34313256901e+00
-6.34304400622e+00
-6.34544758350e+00
-6.34931267538e+00
-6.34306154640e+00
-6.34886291470e+00
-6.34430342009e+00
-6.34919047643e+00
-6.34201975310e+00
-6.33898731909e+00
-6.34274210989e+00
-6.33904360675e+00
-6.34046734616e+00
-6.34797790109e+00
-6.34273861313e+00
-6.34406064624e+00
-6.34682249405e+00
-6.34652768704e+00
-6.35223900087e+00
-6.34189490144e+00
-6.33512874272e+00
-6.34074388316e+00
-6.33610076025e+00
-6.34908364367e+00
-6.34267364537e+00
-6.34702162819e+00
-6.34849745013e+00
-6.34414425295e+00
-6.33900944838e+00
-6.34806511502e+00
-6.35001882960e+00
-6.34720890715e+00
-6.34328891550e+00
-6.33358309898e+00
-6.34606820548e+00
-6.34246605347e+00
-6.34652979028e+00
-6.34129665765e+00
-6.35273886113e+00
-6.34414050787e+00
-6.33989872615e+00
-6.33971501720e+00
-6.35386318766e+00
-6.34614637190e+00
-6.34223824204e+00
-6.34115425798e+00
-6.34983660148e+00
-6.34665648365e+00
-6.34172579184e+00
-6.34533485741e+00
-6.34512297132e+00
-6.34683436368e+00
-6.34329611077e+00
-6.34220343426e+00
-6.34922718622e+00
-6.34617127490e+00
-6.34851335762e+00
-6.35009889841e+00
-6.35013200172e+00
-6.34204116027e+00
-6.34412851542e+00
-6.34112954962e+00
-6.34124077942e+00
-6.35151532718e+00
-6.34924854424e+00
-6.35105057633e+00
-6.34595056972e+00
-6.34678631568e+00
-6.33883767369e+00
-6.35088878023e+00
-6.33460340320e+00
-6.33581752145e+00
-6.34181816003e+00
-6.33912922462e+00
-6.34600252739e+00
-6.33340965112e+00
-6.34931050041e+00
-6.34775668376e+00
-6.33184481592e+00
-6.33998060475e+00
-6.34284333169e+00
-6.33982446909e+00
-6.34837711771e+00
-6.34845565638e+00
-6.34244070178e+00
-6.35008926216e+00
-6.33892745787e+00
-6.35171297569e+00
-6.33977132059e+00
-6.34113682316e+00
-6.34409231737e+00
-6.34471463712e+00
-6.34416456786e+00
-6.35047999996e+00
-6.34446373946e+00
-6.34340126845e+00
-6.34796973674e+00
-6.34159973994e+00
-6.34767716416e+00
-6.35079314712e+00
-6.34897255930e+00
-6.34446828713e+00
-6.35013850753e+00
-6.34027348156e+00
-6.34223409577e+00
-6.34532190356e+00
-6.34823174645e+00
-6.35094643441e+00
-6.35044350800e+00
-6.34024384588e+00
-6.34376218697e+00
-6.34105237148e+00
-6.34469630053e+00
-6.33560057248e+00
-6.35379110838e+00
-6.34520317208e+00
-6.35595790328e+00
-6.35288097785e+00
-6.34394500501e+00
-6.34261427236e+00
-6.34157079653e+00
-6.33885888074e+00
-6.34072572373e+00
-6.35217115190e+00
-6.34047249328e+00
-6.35059320329e+00
-6.34543585695e+00
-6.34545695468e+00
-6.34109018167e+00
-6.34920573366e+00
-6.33934755098e+00
-6.33975845669e+00
-6.33836486303e+00
-6.34098590335e+00
-6.34476069469e+00
-6.35275319743e+00
-6.35082974318e+00
-6.34297829327e+00
-6.34763107016e+00
-6.34338976530e+00
-6.34874042308e+00
-6.34864856385e+00
-6.34452592584e+00
-6.33559865970e+00
-6.34432815908e+00
-6.34085251944e+00
-6.34597318062e+00
-6.34281087670e+00
-6.34039199024e+00
-6.34296445549e+00
-6.34336551000e+00
-6.34173799797e+00
-6.34561189683e+00
-6.35026177160e+00
-6.34332334259e+00
-6.34355041339e+00
-6.34303661834e+00
-6.34460794465e+00
-6.34747666636e+00
-6.34092308404e+00
-6.34979525921e+00
-6.34849706553e+00
-6.34740633938e+00
-6.35196894337e+00
-6.35212702980e+00
-6.34671355422e+00
-6.34672171114e+00
-6.34378424320e+00
-6.33745910589e+00
-6.34388617408e+00
-6.34178612719e+00
-6.35298156232e+00
-6.34419662361e+00
-6.34126636021e+00
-6.34109270032e+00
-6.34464578450e+00