-2.49269868509e+00
-2.49655936242e+00
-2.49371388023e+00
-2.49783127971e+00
-2.49638519012e+00
-2.50156779359e+00
-2.49119681920e+00
-2.50003837251e+00
-2.49646306911e+00
-2.49610145208e+00
-2.49541481101e+00
-2.49881865516e+00
-2.49728523958e+00
-2.49762638205e+00
-2.49776936669e+00
-2.49597363143e+00
-2.49495378500e+00
-2.49545429187e+00
-2.49821018270e+00
-2.50247281909e+00
-2.49992522068e+00
-2.49635646817e+00
-2.49758003032e+00
-2.49680088338e+00
-2.49647070943e+00
-2.49589314742e+00
-2.49452116590e+00
-2.49908756425e+00
-2.49907773259e+00
-2.49578739912e+00
-2.49869318867e+00
-2.49631364810e+00
-2.49514253179e+00
-2.49071322597e+00
-2.49853394292e+00
-2.49635139240e+00
-2.49636209469e+00
-2.49496474848e+00
-2.49641818629e+00
-2.49731892729e+00
-2.49513383578e+00
-2.49591728888e+00
-2.49630299049e+00
-2.49638366369e+00
-2.49707294706e+00
-2.49970910007e+00
-2.49613126866e+00
-2.49535640095e+00
-2.49387788401e+00
-2.49811462184e+00
-2.49664090630e+00
-2.50002337639e+00
-2.49563303407e+00
-2.49352107213e+00
-2.49554919014e+00
-2.49561460714e+00
-2.50040964073e+00
-2.49817052720e+00
-2.49748053128e+00
-2.49837837423e+00
-2.49487934537e+00
-2.49987418030e+00
-2.49815485339e+00
-2.49721860163e+00
-2.49894005714e+00
-2.49504474490e+00
-2.49555452078e+00
-2.49907078201e+00
-2.49430739816e+00
-2.49936616568e+00
-2.49781168676e+00
-2.50313711682e+00
-2.49701984777e+00
-2.49332606567e+00
-2.49465879416e+00
-2.49198346316e+00
-2.49484740880e+00
-2.49798224663e+00
-2.50048923825e+00
-2.49768114191e+00
-2.49624793142e+00
-2.49997723296e+00
-2.49696160516e+00
-2.49445373665e+00
-2.49379757970e+00
-2.49573180316e+00
-2.49794024800e+00
-2.49704388384e+00
-2.49898252878e+00
-2.49614896384e+00
-2.49678022802e+00
-2.49647127559e+00
-2.49660504287e+00
-2.49881997300e+00
-2.49902985620e+00
-2.49478591796e+00
-2.49827732737e+00
-2.49567774493e+00
-2.49498602837e+00
-2.49341171643e+00
-2.49962180621e+00
-2.50075296190e+00
-2.49582243298e+00
-2.49518346614e+00
-2.49845396597e+00
-2.49837900466e+00
-2.49513649825e+00
-2.49538316529e+00
-2.49927018455e+00
-2.49440466546e+00
-2.49874858381e+00
-2.49736804664e+00
-2.49753305233e+00
-2.49591466371e+00
-2.49352951442e+00
-2.49637193268e+00
-2.49986583439e+00
-2.49856386158e+00
-2.49346181690e+00
-2.49736099900e+00
-2.49562364216e+00
-2.49366842031e+00
-2.49368090307e+00
-2.50231554754e+00
-2.49341080525e+00
-2.50301646928e+00
-2.49418046549e+00
-2.49712581136e+00
-2.49996723584e+00
-2.49411638485e+00
-2.49680311514e+00
-2.49933833911e+00
-2.49669198361e+00
-2.49586265630e+00
-2.49477615216e+00
-2.49653386276e+00
-2.49605874345e+00
-2.49408783399e+00
-2.49323220023e+00
-2.49755363167e+00
-2.50164837168e+00
-2.49442717672e+00
-2.49559327280e+00
-2.49283334560e+00
-2.49539413201e+00
-2.49611668926e+00
-2.49820324472e+00
-2.49634964384e+00
-2.49796970670e+00
-2.49512083306e+00
-2.49297929952e+00
-2.49989217278e+00
-2.49907091204e+00
-2.50095938783e+00
-2.49582183012e+00
-2.49955288853e+00
-2.49281811094e+00
-2.49622876037e+00
-2.49618246189e+00
-2.49078347815e+00
-2.49701079596e+00
-2.49998326236e+00
-2.49609246666e+00
-2.49214767162e+00
-2.49367455700e+00
-2.49557164849e+00
-2.49925992175e+00
-2.49825995657e+00
-2.49328662390e+00
-2.49997782741e+00
-2.49890498128e+00
-2.49641677060e+00
-2.49690894842e+00
-2.49724938662e+00
-2.49411646454e+00
-2.50123819561e+00
-2.49870158402e+00
-2.49785064858e+00
-2.49515978757e+00
-2.49429268926e+00
-2.49687385595e+00
-2.49836286364e+00
-2.49754999303e+00
-2.49924654369e+00
-2.49661636569e+00
-2.49833011456e+00
-2.49532254774e+00
-2.49413090953e+00
-2.49861367299e+00
-2.49638400010e+00
-2.49469290903e+00
-2.49475071237e+00
-2.49415787059e+00
-2.49444841751e+00
-2.49639090973e+00
-2.49796309088e+00
-2.49774353349e+00
-2.49714938921e+00
-2.49556604839e+00
-2.49568927941e+00
-2.49686771501e+00
-2.49454080040e+00
-2.49438113588e+00
-2.49276451734e+00
-2.49616799884e+00
-2.49722251968e+00
-2.49736523505e+00
-2.49376058576e+00
-2.49411088532e+00
-2.49978994313e+00
-2.49693804917e+00
-2.49518542307e+00
-2.49668953951e+00
-2.49136969193e+00
-2.49563763713e+00
-2.49627746111e+00
-2.49468439263e+00
-2.49513927322e+00
-2.49317168568e+00
-2.49643276091e+00
-2.49603136694e+00
-2.49749030294e+00
-2.49023598656e+00
-2.49786698908e+00
-2.49700370996e+00
-2.49313828266e+00
-2.49518215094e+00
-2.49602750829e+00
-2.49617661342e+00
-2.49350148052e+00
-2.49675577649e+00
-2.49444070542e+00
-2.49668633031e+00
-2.49524488560e+00
-2.49783602715e+00
-2.50027365313e+00
-2.49790056914e+00
-2.49762382278e+00
-2.49404758936e+00
-2.49657378116e+00
-2.49402538226e+00
-2.49514472262e+00
-2.49909864109e+00
-2.49821450408e+00
-2.49738177750e+00
-2.49792818110e+00
-2.49694537940e+00
-2.49295288002e+00
-2.49440174261e+00
-2.49557455525e+00
-2.49640613315e+00
-2.49723965793e+00
-2.49371092996e+00
-2.49680969040e+00
-2.49909511531e+00
-2.49560294219e+00
-2.49803902046e+00
-2.49337594529e+00
-2.49427894921e+00
-2.49359980639e+00
-2.49650744965e+00
-2.49400796649e+00
-2.49633182033e+00
-2.49946872798e+00
-2.49508346989e+00
-2.49365255779e+00
-2.49827719251e+00
-2.49685175816e+00
-2.49852168339e+00
-2.49322302955e+00
-2.49412603752e+00
-2.49708790737e+00
-2.49432843562e+00
-2.49859364811e+00
-2.49723176653e+00
-2.49553158744e+00
-2.49565183135e+00
-2.50043856821e+00
-2.49557476152e+00
-2.49410759581e+00
-2.49665498766e+00
-2.50247950974e+00
-2.49466242536e+00
-2.49182991482e+00
-2.49489261575e+00
-2.49172798572e+00
-2.49435721521e+00
-2.49742131995e+00
-2.49709675400e+00
-2.49276391033e+00
-2.49659843049e+00
-2.49754799151e+00
-2.49263474869e+00
-2.49524618286e+00
-2.50059550614e+00
-2.49718106855e+00
-2.49643808280e+00
-2.50154414208e+00
-2.49653572413e+00
-2.49722490205e+00
-2.49700986775e+00
-2.49791907471e+00
-2.49716045806e+00
-2.49986180686e+00
-2.49542585152e+00
-2.49805374174e+00
-2.49616626070e+00
-2.49874786876e+00
-2.49235838470e+00
-2.49317388838e+00
-2.49650953405e+00
-2.49599112437e+00
-2.49860264354e+00
-2.49499317102e+00
-2.49346115952e+00
-2.49571301987e+00
-2.49904236020e+00
-2.49694470159e+00
-2.49761236211e+00
-2.49534555400e+00
-2.49682072932e+00
-2.49940162826e+00
-2.49542695540e+00
-2.49476027025e+00
-2.49203077629e+00
-2.49940986553e+00
-2.49528048623e+00
-2.49327304004e+00
-2.49594699120e+00
-2.49940696557e+00
-2.49551223802e+00
-2.49996453222e+00
-2.49651258702e+00
-2.49599663636e+00
-2.49585030337e+00
-2.49370437944e+00
-2.49197179485e+00
-2.49524632993e+00
-2.49847422472e+00
-2.49713363524e+00
-2.49688013108e+00
-2.49706136004e+00
-2.49702714494e+00
-2.49747394712e+00
-2.49197187389e+00
-2.49371495530e+00
-2.49585209761e+00
-2.49282733439e+00
-2.49811955224e+00
-2.49677013818e+00
-2.49731259901e+00
-2.49872944943e+00
-2.49682856215e+00
-2.49742189515e+00
-2.50040785807e+00
-2.49590825658e+00
-2.49468298281e+00
-2.49545856376e+00
-2.49396302552e+00
-2.49780644447e+00
-2.49514379683e+00
-2.50054914328e+00
-2.49742797530e+00
-2.49970815699e+00
-2.49841130361e+00
-2.49274491556e+00
-2.49648444733e+00
-2.50102519814e+00
-2.49632380516e+00
-2.49612634801e+00
-2.49591829940e+00
-2.49881115896e+00
-2.49665958728e+00
-2.49454896182e+00
-2.49822105934e+00
-2.49777967277e+00
-2.49808056002e+00
-2.49824788637e+00
-2.49677176891e+00
-2.49844945262e+00
-2.49303637333e+00
-2.49640891329e+00
-2.49525739757e+00
-2.49832198593e+00
-2.49479978749e+00
-2.50056241226e+00
-2.49544897794e+00
-2.49615556763e+00
-2.49912455015e+00
-2.49697799480e+00
-2.49933774580e+00
-2.49408561746e+00
-2.50091922513e+00
-2.49400435951e+00
-2.49873985538e+00
-2.49279822304e+00
-2.49905829988e+00
-2.49557234581e+00
-2.49468941037e+00
-2.49458984564e+00
-2.49238001104e+00
-2.49900488098e+00
-2.49910914086e+00
-2.49259539871e+00
-2.49712481609e+00
-2.49402732408e+00
-2.49768688158e+00
-2.49928532502e+00
-2.50029834716e+00
-2.49411434610e+00
-2.49211090504e+00
-2.49388396066e+00
-2.50070371628e+00
-2.49557767554e+00
-2.49693433766e+00
-2.49431675268e+00
-2.49478902082e+00
-2.49707910764e+00
-2.50061411364e+00
-2.49919105971e+00
-2.49876431797e+00
-2.49775962743e+00
-2.49357841795e+00
-2.49629980155e+00
-2.50417448299e+00
-2.49409902221e+00
-2.49759976462e+00
-2.49696400944e+00
-2.49725884497e+00
-2.49482153389e+00
-2.49462790532e+00
-2.50232356665e+00
-2.49557613915e+00
-2.49805752461e+00
-2.49760976219e+00
-2.49576363187e+00
-2.49772177651e+00
-2.49721428507e+00
-2.48870449490e+00
-2.50001969234e+00
-2.49863539576e+00
-2.50472984253e+00
-2.50014152634e+00
-2.49487586523e+00
-2.49570765419e+00
-2.49664181225e+00
-2.49170503655e+00
-2.49699959051e+00
-2.49994213669e+00
-2.49675774471e+00
-2.49570898092e+00
-2.49883959282e+00
-2.49872631288e+00
-2.49343403278e+00
-2.50006279748e+00
-2.49663321558e+00
-2.49760187160e+00
-2.49285489639e+00
-2.49560458250e+00
-2.49674329717e+00
-2.50421201731e+00
-2.49545032928e+00
-2.49532559545e+00
-2.49857927919e+00
-2.49449585611e+00
-2.49599921157e+00
-2.49684280224e+00
-2.49427627901e+00
-2.49530899714e+00
-2.49684172681e+00
-2.49489571021e+00
-2.49760081565e+00
-2.49478519628e+00
-2.49762496516e+00
-2.49995746471e+00
-2.49768511701e+00
-2.49631991443e+00
-2.49540467439e+00
-2.49981677083e+00
-2.49694805504e+00
-2.49431373043e+00
-2.49408249966e+00
-2.49873810196e+00
-2.49733942545e+00
-2.49388965175e+00
-2.49460432048e+00
-2.49725602797e+00
-2.49621399603e+00
-2.50066223125e+00
-2.49965696577e+00
-2.49667259416e+00
-2.49558975932e+00
-2.49825367791e+00
-2.49605694633e+00
-2.50188231726e+00
-2.49770787252e+00
-2.50250147979e+00
-2.49936051805e+00
-2.49424722582e+00
-2.49538954996e+00
-2.49667007462e+00