9.30662008694e-01
9.28042210528e-01
9.25538556009e-01
9.29595631713e-01
9.29082707493e-01
9.28985013665e-01
9.24419331690e-01
9.30034071514e-01
9.23006788067e-01
9.26736419956e-01
9.28550457710e-01
9.22868068130e-01
9.28571620783e-01
9.30589513314e-01
9.30266141126e-01
9.24764785841e-01
9.26836836969e-01
9.29192046059e-01
9.24212902463e-01
9.27534035068e-01
9.26225934785e-01
9.24269642129e-01
9.28248580840e-01
9.25446865089e-01
9.25973673617e-01
9.27136267914e-01
9.27493277901e-01
9.30227385250e-01
9.27620576100e-01
9.29294808402e-01
9.29559138906e-01
9.28811843857e-01
9.26624581644e-01
9.24908347527e-01
9.24484787360e-01
9.27788442205e-01
9.25894579757e-01
9.30828860603e-01
9.29444774569e-01
9.30174960116e-01
9.26006581353e-01
9.28261973327e-01
9.26423085743e-01
9.30119931634e-01
9.23917525556e-01
9.27169310663e-01
9.30500583668e-01
9.26234590654e-01
9.27672915108e-01
9.29616325338e-01
9.28629021356e-01
9.29160931158e-01
9.24597203298e-01
9.26613144469e-01
9.28039787915e-01
9.27748156328e-01
9.24528995961e-01
9.28797678884e-01
9.30813159925e-01
9.29985615959e-01
9.25394398194e-01
9.27568762502e-01
9.27405158147e-01
9.24821868760e-01
9.25485268898e-01
9.28390307488e-01
9.25944061841e-01
9.29768951460e-01
9.30742242313e-01
9.27695697489e-01
9.28010922029e-01
9.35468533793e-01
9.28404249239e-01
9.30696414530e-01
9.25871285549e-01
9.30463943703e-01
9.27364934576e-01
9.26369611297e-01
9.25207598172e-01
9.26032638525e-01
9.25570806992e-01
9.25999170102e-01
9.23837618282e-01
9.30379003434e-01
9.25953638089e-01
9.28625785627e-01
9.25669393158e-01
9.26901839432e-01
9.24055565151e-01
9.27178361609e-01
9.30731526934e-01
9.29556552083e-01
9.25037185931e-01
9.24869673210e-01
9.25465371974e-01
9.26010532800e-01
9.25610604047e-01
9.31087386610e-01
9.26921227011e-01
9.27914536489e-01
9.29104616831e-01
9.29337709070e-01
9.27782577542e-01
9.28581062402e-01
9.25429635678e-01
9.26464102343e-01
9.26129347798e-01
9.31566077230e-01
9.24532456366e-01
9.28194031824e-01
9.24771746739e-01
9.30735742087e-01
9.27832299663e-01
9.26408665198e-01
9.27654039298e-01
9.27281511177e-01
9.31296766858e-01
9.27964725212e-01
9.23674893201e-01
9.26298049673e-01
9.27727379870e-01
9.26868874305e-01
9.26644158930e-01
9.28406273911e-01
9.30586123696e-01
9.25415357605e-01
9.31725388848e-01
9.27936811480e-01
9.27552259445e-01
9.26227744099e-01
9.26255211538e-01
9.27511887601e-01
9.26017879931e-01
9.28519317717e-01
9.26903648148e-01
9.29406483397e-01
9.27128776819e-01
9.24014598230e-01
9.27905266720e-01
9.28133219315e-01
9.28642536641e-01
9.28075197387e-01
9.30092996267e-01
9.28949450930e-01
9.28531248788e-01
9.27850481878e-01
9.27355180872e-01
9.28642431148e-01
9.30838356230e-01
9.28024027723e-01
9.28543739190e-01
9.31527866572e-01
9.28327737185e-01
9.29341891150e-01
9.26837234363e-01
9.28981669526e-01
9.25470458382e-01
9.26321438160e-01
9.26803271430e-01
9.28102681660e-01
9.29849244347e-01
9.26559395173e-01
9.27011346091e-01
9.26364096509e-01
9.25855229598e-01
9.25823016030e-01
9.32670558008e-01
9.27632860705e-01
9.26513369286e-01
9.27148785335e-01
9.29194766895e-01
9.26837266301e-01
9.26087470286e-01
9.30240176264e-01
9.25148802213e-01
9.25679458385e-01
9.26962604225e-01
9.25603563537e-01
9.28770001822e-01
9.25258074781e-01
9.29936861582e-01
9.29384269450e-01
9.29301669721e-01
9.25660791009e-01
9.24197509615e-01
9.31657218326e-01
9.26874922361e-01
9.31745060330e-01
9.26769601483e-01
9.28843636415e-01
9.29646479472e-01
9.26114410976e-01
9.25488559220e-01
9.28096620385e-01
9.25039847619e-01
9.29599851235e-01
9.28506004754e-01
9.28094421457e-01
9.23958770755e-01
9.32436992032e-01
9.27794753532e-01
9.24163612818e-01
9.26108094623e-01
9.28210579742e-01
9.25307204280e-01
9.24484466044e-01
9.29095203219e-01
9.30415141577e-01
9.26521254486e-01
9.27485590466e-01
9.23975797884e-01
9.27907332192e-01
9.26501542590e-01
9.25545283812e-01
9.29274908818e-01
9.25585606115e-01
9.25553304601e-01
9.29156914650e-01
9.27593735620e-01
9.28991822938e-01
9.29797653123e-01
9.27596471224e-01
9.28471691777e-01
9.25363829694e-01
9.24738239752e-01
9.25364941226e-01
9.28882117221e-01
9.29400699074e-01
9.29470340926e-01
9.31695041250e-01
9.26963262252e-01
9.27399442272e-01
9.25629107628e-01
9.27778219808e-01
9.28933347947e-01
9.27931612179e-01
9.30198906343e-01
9.26568574432e-01
9.28712563575e-01
9.26711645809e-01
9.31040003271e-01
9.25160996875e-01
9.24759296780e-01
9.23797678559e-01
9.27273776415e-01
9.27836675100e-01
9.27749491278e-01
9.27195284527e-01
9.23010217903e-01
9.26714714217e-01
9.26665128515e-01
9.29041767958e-01
9.26679317308e-01
9.28600040073e-01
9.27867745928e-01
9.24924503665e-01
9.26518711274e-01
9.24485604140e-01
9.28902358574e-01
9.26458890437e-01
9.30373011293e-01
9.28821754083e-01
9.28102416408e-01
9.27213033420e-01
9.29007052547e-01
9.23232534430e-01
9.32448321162e-01
9.27153931914e-01
9.27141010422e-01
9.29010152386e-01
9.30403833212e-01
9.26714913628e-01
9.27656984685e-01
9.27505181434e-01
9.30957101922e-01
9.29193737864e-01
9.27210957500e-01
9.29622437239e-01
9.25701709283e-01
9.26823749173e-01
9.24652884773e-01
9.22618725262e-01
9.28953148844e-01
9.28489640636e-01
9.27903148896e-01
9.30632015199e-01
9.26359532337e-01
9.24422829963e-01
9.26560562270e-01
9.30849039220e-01
9.28288175432e-01
9.27531701187e-01
9.28460361657e-01
9.24414694339e-01
9.27741190112e-01
9.23628856674e-01
9.24844713528e-01
9.31162166337e-01
9.27897183730e-01
9.23200339296e-01
9.26822784179e-01
9.24057131914e-01
9.30362311482e-01
9.31348165916e-01
9.31057806413e-01
9.29748810827e-01
9.30632550915e-01
9.25405934308e-01
9.24305177847e-01
9.32037154912e-01
9.26254327173e-01
9.27283916953e-01
9.26591170471e-01
9.26519867439e-01
9.28019797483e-01
9.26874365629e-01
9.26489690053e-01
9.25624253210e-01
9.24322855795e-01
9.28737783973e-01
9.25200975402e-01
9.27732273327e-01
9.30428276233e-01
9.25840940571e-01
9.21530730338e-01
9.29072139293e-01
9.30886012631e-01
9.24650175620e-01
9.26209370210e-01
9.28599786791e-01
9.30364565094e-01
9.24085537541e-01
9.28963332960e-01
9.27487428950e-01
9.29745337772e-01
9.31095374278e-01
9.28585142695e-01
9.27910569271e-01
9.29328631089e-01
9.22032164841e-01
9.25314404172e-01
9.31445569618e-01
9.27187092390e-01
9.24367221427e-01
9.27862262004e-01
9.29485761866e-01
9.27178097342e-01
9.29564952675e-01
9.29211326510e-01
9.22109767463e-01
9.27968074264e-01
9.29476079538e-01
9.29350496715e-01
9.28154362468e-01
9.26510592410e-01
9.27066054192e-01
9.24556769993e-01
9.25381109797e-01
9.30265302397e-01
9.27592863645e-01
9.31624056043e-01
9.27555809765e-01
9.26956513322e-01
9.28808188052e-01
9.31658383882e-01
9.29383588309e-01
9.28056150994e-01
9.30691993461e-01
9.24803990665e-01
9.26296291783e-01
9.26472131734e-01
9.24126827458e-01
9.27387941039e-01
9.29892126804e-01
9.26622015289e-01
9.26067953008e-01
9.27680835960e-01
9.28868039334e-01
9.24502702930e-01
9.30268516709e-01
9.23048446132e-01
9.30824469649e-01
9.27882957027e-01
9.27244734871e-01
9.25917289487e-01
9.26841701319e-01
9.26158915196e-01
9.27312089533e-01
9.28771659523e-01
9.32432375013e-01
9.26913584836e-01
9.25176198490e-01
9.30767910772e-01
9.22495884786e-01
9.25803694398e-01
9.24550241936e-01
9.27271047245e-01
9.25685062438e-01
9.28796362396e-01
9.25216651389e-01
9.32574156230e-01
9.29555275441e-01
9.29916622286e-01
9.26819737743e-01
9.26129223803e-01
9.29463311474e-01
9.24399437392e-01
9.29365375460e-01
9.28339753663e-01
9.27757712789e-01
9.27881490731e-01
9.27246991754e-01
9.26714263785e-01
9.28528004432e-01
9.25496969451e-01
9.28629783447e-01
9.24872874214e-01
9.23836492861e-01
9.28560493060e-01
9.30451016553e-01
9.24163126690e-01
9.25285633667e-01
9.27835815249e-01
9.26161340504e-01
9.28631539144e-01
9.29000046650e-01
9.27354137489e-01
9.20573213721e-01
9.27006291539e-01
9.30530035779e-01
9.23396203788e-01
9.23957218680e-01
9.28216565145e-01
9.24014301825e-01
9.29763875803e-01
9.28119165845e-01
9.27474942168e-01
9.29163801360e-01
9.25335401670e-01
9.30063962828e-01
9.27808916728e-01
9.26370229050e-01
9.27620260482e-01
9.30439043213e-01
9.26961969701e-01
9.21777877755e-01
9.24229052150e-01
9.29822726022e-01
9.25986505544e-01
9.24559308883e-01
9.29263841451e-01
9.27071431737e-01
9.26687188183e-01
9.29089677559e-01
9.27856423207e-01
9.26307873984e-01
9.23718949009e-01
9.27512681886e-01
9.28811526667e-01
9.25238394998e-01
9.30517490350e-01
9.25982934391e-01
9.28168722295e-01
9.26987430889e-01
9.29728207430e-01
9.22078977569e-01
9.25184723426e-01
9.25567963130e-01
9.23167472876e-01
9.27812527653e-01
9.29877579724e-01
9.26482015271e-01
9.27775215875e-01
9.24054712930e-01
9.28819728380e-01
9.26805167259e-01
9.25712826823e-01
9.27710198855e-01
9.29806707923e-01
9.24771186339e-01
9.27747337407e-01
9.25620142351e-01
9.26376095429e-01
9.25434586400e-01
9.26549860500e-01
9.23429328548e-01
9.28875832466e-01
9.26381259036e-01
9.28273355623e-01
9.27765772595e-01
9.26011585675e-01
9.31904626852e-01
9.28441433399e-01
9.26280248700e-01
9.25871865049e-01
9.24946224584e-01
9.26908418350e-01
9.27491231866e-01
9.28171803557e-01
9.28536668969e-01
9.27406231516e-01