5.76644152747e-01
5.76472097473e-01
5.76048396335e-01
5.77130281048e-01
5.76093174963e-01
5.76059825629e-01
5.76593694912e-01
5.76033160436e-01
5.76254803847e-01
5.76673681231e-01
5.76305876904e-01
5.76162362422e-01
5.77229255728e-01
5.76523334631e-01
5.76445215847e-01
5.77189091590e-01
5.76530906625e-01
5.75704595410e-01
5.76322767610e-01
5.76579471039e-01
5.77054296202e-01
5.76421600970e-01
5.77234348057e-01
5.75865366684e-01
5.77463125652e-01
5.77623137093e-01
5.77581534707e-01
5.75557402555e-01
5.76436688205e-01
5.75818806021e-01
5.77646166706e-01
5.76818048486e-01
5.76251511006e-01
5.76327899723e-01
5.76839354190e-01
5.77621185069e-01
5.77987049923e-01
5.76491086699e-01
5.76697918517e-01
5.76687705249e-01
5.76974229290e-01
5.76391346871e-01
5.76565351587e-01
5.75965672622e-01
5.76870839619e-01
5.76319601237e-01
5.77174617195e-01
5.76525142486e-01
5.76015649561e-01
5.77008623447e-01
5.76702555354e-01
5.77340315802e-01
5.76974918946e-01
5.76487061053e-01
5.77027898286e-01
5.77151701587e-01
5.77241915272e-01
5.76726479513e-01
5.76790078175e-01
5.76942820084e-01
5.77493815666e-01
5.77333804622e-01
5.76450264684e-01
5.76844503267e-01
5.76912424987e-01
5.76027649112e-01
5.76616996260e-01
5.76202913356e-01
5.76078343574e-01
5.76003197840e-01
5.75699532466e-01
5.77332376860e-01
5.76473789540e-01
5.76625038045e-01
5.77233144604e-01
5.76692952021e-01
5.77218316253e-01
5.75739630439e-01
5.76128163901e-01
5.76535084128e-01
5.76471227032e-01
5.76071732759e-01
5.76123651134e-01
5.76491220479e-01
5.76595268924e-01
5.76755890277e-01
5.76883247762e-01
5.76740496613e-01
5.76824780146e-01
5.76888032700e-01
5.76255519566e-01
5.77257466218e-01
5.76300665372e-01
5.76330025975e-01
5.77734257569e-01
5.76909646331e-01
5.76513140284e-01
5.76541742203e-01
5.76551176574e-01
5.76348571611e-01
5.75907023331e-01
5.76901240072e-01
5.76625111235e-01
5.77145988876e-01
5.76566597208e-01
5.76653648128e-01
5.76731334779e-01
5.76181679973e-01
5.76704122702e-01
5.77450733021e-01
5.77174954100e-01
5.76766874044e-01
5.76034094078e-01
5.76557288345e-01
5.76366051696e-01
5.76309022421e-01
5.76723721945e-01
5.76397243325e-01
5.77483955876e-01
5.76807876575e-01
5.77031098087e-01
5.76382527938e-01
5.77166016299e-01
5.75988647375e-01
5.77043783595e-01
5.76642161479e-01
5.77232676320e-01
5.77348845685e-01
5.76109609610e-01
5.77136537498e-01
5.77195063236e-01
5.76450865484e-01
5.76613974335e-01
5.76676806140e-01
5.76581537159e-01
5.76802398079e-01
5.76909753342e-01
5.77288480715e-01
5.76546473779e-01
5.76479414777e-01
5.76722216378e-01
5.75829632642e-01
5.77452071196e-01
5.76215673829e-01
5.76331932916e-01
5.76650846197e-01
5.76010286977e-01
5.77068072327e-01
5.77071828337e-01
5.76547200543e-01
5.76448941288e-01
5.76810207434e-01
5.76846643104e-01
5.77506260703e-01
5.76177988358e-01
5.76149839834e-01
5.76914203377e-01
5.76866471767e-01
5.77190924662e-01
5.75899658723e-01
5.76578766587e-01
5.76580323440e-01
5.76821671582e-01
5.76871288778e-01
5.77209206032e-01
5.76494711965e-01
5.76369236879e-01
5.77498463866e-01
5.76463428783e-01
5.76480220760e-01
5.76457775437e-01
5.76444492370e-01
5.76895374560e-01
5.77601900745e-01
5.77251005026e-01
5.76747309295e-01
5.77145789506e-01
5.76368650652e-01
5.76699953025e-01
5.76538088628e-01
5.77218825346e-01
5.76868332719e-01
5.76966994546e-01
5.76508913951e-01
5.77200437746e-01
5.77443255459e-01
5.75683472837e-01
5.76445293711e-01
5.76716393529e-01
5.76360870936e-01
5.76254744909e-01
5.76486386282e-01
5.76946880544e-01
5.75763848440e-01
5.76561713844e-01
5.76311153990e-01
5.76093704529e-01
5.76429086929e-01
5.77017392631e-01
5.76281761084e-01
5.76629550843e-01
5.75805819894e-01
5.76449863751e-01
5.77096532821e-01
5.76768623217e-01
5.76001805865e-01
5.76981722140e-01
5.76748694203e-01
5.75929804174e-01
5.76620094525e-01
5.76356832364e-01
5.77109642486e-01
5.76690023978e-01
5.76559275202e-01
5.76662118697e-01
5.77672916576e-01
5.76481897315e-01
5.76297831887e-01
5.76520269729e-01
5.76601358193e-01
5.76642553207e-01
5.77753073857e-01
5.77066048266e-01
5.76250358146e-01
5.76746086432e-01
5.76275586859e-01
5.76432698827e-01
5.76913571729e-01
5.76816016947e-01
5.76624900574e-01
5.76010820863e-01
5.76918448160e-01
5.76378140387e-01
5.77593129151e-01
5.76317446734e-01
5.76314368059e-01
5.76328147121e-01
5.77156877236e-01
5.76883859999e-01
5.77539624586e-01
5.76612745423e-01
5.76780632203e-01
5.77134501909e-01
5.76877384952e-01
5.76807012616e-01
5.76091900098e-01
5.77274660718e-01
5.76360587373e-01
5.77533262916e-01
5.76422140493e-01
5.76837640815e-01
5.76491425952e-01
5.76557883974e-01
5.77170162933e-01
5.78019436095e-01
5.76928381622e-01
5.77375161026e-01
5.76843774684e-01
5.76007894742e-01
5.76682811705e-01
5.76151311011e-01
5.76898442580e-01
5.77102654993e-01
5.76850232914e-01
5.76427227746e-01
5.76961713930e-01
5.76934055185e-01
5.76514958229e-01
5.76695992736e-01
5.76700206153e-01
5.76546564275e-01
5.76481546970e-01
5.76270300865e-01
5.76874193730e-01
5.76759135039e-01
5.77865214214e-01
5.76669347360e-01
5.76542826599e-01
5.76897074193e-01
5.77586848301e-01
5.76508307531e-01
5.76184423774e-01
5.76491647188e-01
5.76202134701e-01
5.76428914532e-01
5.77144789258e-01
5.77208931539e-01
5.76488652612e-01
5.77479521609e-01
5.77026340083e-01
5.76759189017e-01
5.75900589652e-01
5.76580581901e-01
5.76794067641e-01
5.76206430250e-01
5.76145419052e-01
5.75631411314e-01
5.76359207518e-01
5.76726265189e-01
5.76778387256e-01
5.76535186242e-01
5.76287573802e-01
5.77295409978e-01
5.76731738138e-01
5.76569651620e-01
5.76685258129e-01
5.77241793788e-01
5.77403288127e-01
5.76780768142e-01
5.75786326873e-01
5.76498342475e-01
5.77568525911e-01
5.76647905116e-01
5.76819833705e-01
5.76481392331e-01
5.76396070948e-01
5.75513951139e-01
5.76300669814e-01
5.77173004386e-01
5.76265481046e-01
5.76783658310e-01
5.76565633058e-01
5.75647789312e-01
5.76260839531e-01
5.76165749821e-01
5.76457085841e-01
5.76892495613e-01
5.77389425375e-01
5.77168730435e-01
5.76712934976e-01
5.76350638399e-01
5.76166698654e-01
5.76925944097e-01
5.76973996133e-01
5.76823500222e-01
5.76195038558e-01
5.76541444040e-01
5.76468102518e-01
5.76636926521e-01
5.76920157748e-01
5.75650484103e-01
5.77364727628e-01
5.77011187685e-01
5.76590643626e-01
5.77160060986e-01
5.77239250363e-01
5.76621125359e-01
5.77292768166e-01
5.77030786926e-01
5.77248507674e-01
5.76039977538e-01
5.77248567795e-01
5.76296926299e-01
5.76510913977e-01
5.77061295517e-01
5.76796740449e-01
5.76001967329e-01
5.77203261350e-01
5.76668650750e-01
5.77505736065e-01
5.76092951908e-01
5.75743198583e-01
5.77796056451e-01
5.76902063000e-01
5.76718484761e-01
5.77374192483e-01
5.76293587180e-01
5.77295064840e-01
5.76506022134e-01
5.76957272481e-01
5.76749658262e-01
5.76865550153e-01
5.75957609993e-01
5.76779857146e-01
5.76849757484e-01
5.76443891168e-01
5.76015696114e-01
5.75638344402e-01
5.75786386949e-01
5.75883928251e-01
5.76300401104e-01
5.76635784097e-01
5.76413276615e-01
5.76260996195e-01
5.77137235791e-01
5.76035630657e-01
5.76378889877e-01
5.77409665722e-01
5.76836014503e-01
5.76564761273e-01
5.77176725065e-01
5.77009339678e-01
5.76668940178e-01
5.77004330963e-01
5.76626182703e-01
5.76930255302e-01
5.76840721649e-01
5.76058951506e-01
5.76204405622e-01
5.77681042890e-01
5.76696494796e-01
5.75929893117e-01
5.75693579762e-01
5.76648922183e-01
5.76771471034e-01
5.76761754286e-01
5.76913835671e-01
5.77089271292e-01
5.76826360707e-01
5.75840034502e-01
5.76493092384e-01
5.76958149985e-01
5.76408137215e-01
5.76312492836e-01
5.76653586473e-01
5.76660249202e-01
5.77392773964e-01
5.76315245701e-01
5.76694840857e-01
5.76234786999e-01
5.77335737334e-01
5.76538031813e-01
5.77117611581e-01
5.75917447071e-01
5.77529942740e-01
5.77556002505e-01
5.76778556112e-01
5.76745615975e-01
5.76734430106e-01
5.76337944684e-01
5.77182850536e-01
5.77196353460e-01
5.76063115996e-01
5.77001181220e-01
5.76876591190e-01
5.76612643888e-01
5.76662236902e-01
5.76084510576e-01
5.76849705931e-01
5.76852357540e-01
5.76672619273e-01
5.76798246763e-01
5.76855180382e-01
5.76571496536e-01
5.77193992398e-01
5.77009592041e-01
5.76719678587e-01
5.76777924462e-01
5.76242901006e-01
5.76745315429e-01
5.76488628685e-01
5.76517143920e-01
5.77289330764e-01
5.75789495784e-01
5.77049629439e-01
5.76887282467e-01
5.76631827591e-01
5.76822168208e-01
5.77151318552e-01
5.76845291241e-01
5.76279587593e-01
5.77081243361e-01
5.76645361597e-01
5.76732564813e-01
5.75564067674e-01
5.76822796721e-01
5.76625063893e-01
5.76218057430e-01
5.77184437937e-01
5.77014838362e-01
5.76748646218e-01
5.77189253890e-01
5.76463476021e-01
5.76893038820e-01
5.76399485379e-01
5.76178036438e-01
5.76259876802e-01
5.76221323160e-01
5.76844745530e-01
5.75382870397e-01
5.77198549370e-01
5.77312578974e-01
5.76560751782e-01
5.76084020938e-01
5.76434502653e-01
5.77141114955e-01
5.77113143077e-01
5.77111015084e-01
5.76852240590e-01
5.75891732630e-01
5.76060602218e-01
5.76131707524e-01
5.75504603790e-01
5.77434255141e-01
5.76628852627e-01
5.76764751484e-01
5.76097066536e-01
5.77127917802e-01
5.76316092009e-01
5.76523359661e-01
5.76676881991e-01