9.19355990751e-01
9.19997212719e-01
9.20626171624e-01
9.19549895170e-01
9.21068044239e-01
9.20798525818e-01
9.20764021505e-01
9.20337753149e-01
9.19733951881e-01
9.19402027669e-01
9.19625838634e-01
9.20267921640e-01
9.19128197289e-01
9.19450828889e-01
9.19783018695e-01
9.19811775086e-01
9.19703316221e-01
9.21566888047e-01
9.20829023741e-01
9.20283170012e-01
9.19420544098e-01
9.19216617803e-01
9.19345279566e-01
9.20510404573e-01
9.18892950452e-01
9.18536059651e-01
9.18998714459e-01
9.21152345490e-01
9.20136259217e-01
9.20971598397e-01
9.19534035800e-01
9.19290401942e-01
9.20259349627e-01
9.20879127485e-01
9.20042475684e-01
9.18902106746e-01
9.19231048598e-01
9.19421563049e-01
9.19450448496e-01
9.19251459085e-01
9.19360600423e-01
9.19827681316e-01
9.19886984350e-01
9.20977789676e-01
9.18983617527e-01
9.19020798950e-01
9.17996707588e-01
9.19044958517e-01
9.21644366912e-01
9.20044500614e-01
9.20527750352e-01
9.18490562781e-01
9.19854118506e-01
9.19984051433e-01
9.19455258915e-01
9.19691314352e-01
9.19334120978e-01
9.19748303901e-01
9.19568580455e-01
9.19887091563e-01
9.18586295834e-01
9.19162331980e-01
9.20476354682e-01
9.20363857428e-01
9.19921282019e-01
9.21178244677e-01
9.20752111047e-01
9.19861991112e-01
9.19741113695e-01
9.20180829099e-01
9.21077886764e-01
9.18965340324e-01
9.19898394274e-01
9.19534229574e-01
9.18953969779e-01
9.19780225248e-01
9.19416721252e-01
9.20522984526e-01
9.19782036938e-01
9.19192594970e-01
9.19646374533e-01
9.20879667907e-01
9.21185635619e-01
9.20337093519e-01
9.19153560373e-01
9.20133728006e-01
9.19368495081e-01
9.19226649626e-01
9.18521623061e-01
9.19939296162e-01
9.20626030319e-01
9.19603728147e-01
9.20294231423e-01
9.21209000214e-01
9.18627692630e-01
9.19110230363e-01
9.19507704135e-01
9.20741794038e-01
9.19378442700e-01
9.20565049153e-01
9.19699383080e-01
9.19401958663e-01
9.20880892316e-01
9.18875012749e-01
9.19933274843e-01
9.20044900212e-01
9.19502380932e-01
9.20512280913e-01
9.19761924229e-01
9.18710780479e-01
9.19354197521e-01
9.19000527635e-01
9.21054910588e-01
9.19626987983e-01
9.19595432460e-01
9.19324211254e-01
9.19328470851e-01
9.20041059109e-01
9.19116462150e-01
9.20227284259e-01
9.18591323062e-01
9.20653970085e-01
9.19267412276e-01
9.21048406863e-01
9.19952085898e-01
9.20523926311e-01
9.19400626740e-01
9.19642174547e-01
9.20648064987e-01
9.19118963274e-01
9.20596715288e-01
9.19951447932e-01
9.20348889673e-01
9.19830506692e-01
9.19774260935e-01
9.19538957771e-01
9.19259177912e-01
9.20290390266e-01
9.19831273411e-01
9.20702689417e-01
9.20509210370e-01
9.20260267536e-01
9.18393060354e-01
9.20723806144e-01
9.21215962254e-01
9.19947924664e-01
9.20691824739e-01
9.19087207942e-01
9.19711314997e-01
9.19713576584e-01
9.20462263217e-01
9.20218805907e-01
9.20209734838e-01
9.18793651037e-01
9.20369615903e-01
9.20962917881e-01
9.19591450642e-01
9.19343599955e-01
9.18679645228e-01
9.20507858521e-01
9.19224232608e-01
9.19426564578e-01
9.19153350885e-01
9.19560323534e-01
9.19090217633e-01
9.20498273450e-01
9.21082976946e-01
9.18396238874e-01
9.20186133393e-01
9.20256275150e-01
9.19709953808e-01
9.20761204902e-01
9.19356981023e-01
9.18526479368e-01
9.19339047555e-01
9.19180176982e-01
9.19618128683e-01
9.20396523700e-01
9.19552054191e-01
9.19398793785e-01
9.19728064644e-01
9.19844064940e-01
9.19704217394e-01
9.20186277124e-01
9.19214584043e-01
9.19302008574e-01
9.21910970164e-01
9.20729241665e-01
9.19964235902e-01
9.20476350735e-01
9.20103616750e-01
9.20116775225e-01
9.18454818708e-01
9.21362459314e-01
9.20433792423e-01
9.20469602966e-01
9.20872780514e-01
9.20307936400e-01
9.19546151056e-01
9.19649776902e-01
9.20494329483e-01
9.21255298880e-01
9.19359792378e-01
9.18866614375e-01
9.19418482591e-01
9.20955036164e-01
9.19580595987e-01
9.20095969043e-01
9.21256862312e-01
9.20384298400e-01
9.20750926851e-01
9.19900015948e-01
9.20195064872e-01
9.19541089744e-01
9.19398638497e-01
9.18702909277e-01
9.20288131922e-01
9.19846688542e-01
9.19734840107e-01
9.19013417194e-01
9.19622979348e-01
9.18948470075e-01
9.19506926099e-01
9.21326945618e-01
9.20311393486e-01
9.20802579926e-01
9.19968704050e-01
9.19097319118e-01
9.19813625495e-01
9.20119938515e-01
9.20440868734e-01
9.19858130822e-01
9.20911731523e-01
9.18555006095e-01
9.20715621763e-01
9.20997986462e-01
9.19122166970e-01
9.19029865527e-01
9.18546647620e-01
9.18501229684e-01
9.19549110066e-01
9.19628306682e-01
9.19126411292e-01
9.19789618357e-01
9.19778202895e-01
9.19895640013e-01
9.19042132021e-01
9.19726029350e-01
9.18489631795e-01
9.20220753205e-01
9.18670857684e-01
9.19791105952e-01
9.20623187954e-01
9.19108652098e-01
9.18584949519e-01
9.19887113055e-01
9.19108697298e-01
9.19376682130e-01
9.19790825653e-01
9.19606171837e-01
9.21189821489e-01
9.19783747548e-01
9.19238036860e-01
9.19893213665e-01
9.20677233037e-01
9.19947747012e-01
9.19561091939e-01
9.19846816371e-01
9.19664894718e-01
9.20411778944e-01
9.21801174481e-01
9.20483583285e-01
9.21328641460e-01
9.20077911841e-01
9.19920964782e-01
9.20274405914e-01
9.20105637071e-01
9.20185396647e-01
9.19615982101e-01
9.18914619958e-01
9.20807598587e-01
9.20805445842e-01
9.20207441693e-01
9.21586310183e-01
9.19992161960e-01
9.19264906109e-01
9.18805217853e-01
9.20445748973e-01
9.18944949960e-01
9.20130887288e-01
9.19393335884e-01
9.20908078893e-01
9.21001520858e-01
9.19872559390e-01
9.20052516649e-01
9.20131116712e-01
9.20723064279e-01
9.19938210760e-01
9.20183367932e-01
9.19938693440e-01
9.19483127871e-01
9.20449240208e-01
9.19356133113e-01
9.19982789410e-01
9.19755435118e-01
9.19857330500e-01
9.18437656588e-01
9.19984006557e-01
9.19617819337e-01
9.20327135771e-01
9.20432697309e-01
9.17952896782e-01
9.20135321204e-01
9.20198915440e-01
9.20589149926e-01
9.20264449286e-01
9.20251082056e-01
9.20538130841e-01
9.20796995705e-01
9.19245642695e-01
9.20372383600e-01
9.19611175383e-01
9.21064648762e-01
9.19992426027e-01
9.18454928251e-01
9.20660875008e-01
9.18774242524e-01
9.18160433337e-01
9.18810555498e-01
9.20732359775e-01
9.20116413586e-01
9.19540337506e-01
9.19711770348e-01
9.19008832468e-01
9.20560593787e-01
9.21210347910e-01
9.20255215597e-01
9.19936389441e-01
9.20609294945e-01
9.19180812575e-01
9.21168693332e-01
9.18473174164e-01
9.18852778989e-01
9.20113487191e-01
9.19705804066e-01
9.19104765375e-01
9.19949531823e-01
9.19904311264e-01
9.20084445512e-01
9.18882947891e-01
9.20071134377e-01
9.19517513682e-01
9.20404561601e-01
9.18761787417e-01
9.19302265436e-01
9.20173206049e-01
9.19895110476e-01
9.19147825542e-01
9.18951783157e-01
9.19360618423e-01
9.19956662170e-01
9.20656628330e-01
9.18412385260e-01
9.20429247156e-01
9.19585547041e-01
9.19161582506e-01
9.20194679133e-01
9.18363597617e-01
9.20798281518e-01
9.19918337578e-01
9.19228235041e-01
9.19031936039e-01
9.21210121248e-01
9.19713191682e-01
9.19922661515e-01
9.20726619277e-01
9.20199483765e-01
9.20546260321e-01
9.20458436798e-01
9.20775907271e-01
9.20249989520e-01
9.20242614842e-01
9.20962456103e-01
9.20319723475e-01
9.19951113723e-01
9.20408673301e-01
9.20393123940e-01
9.19608743546e-01
9.19147046750e-01
9.19527980533e-01
9.18918074730e-01
9.19622528227e-01
9.19641544904e-01
9.18857726873e-01
9.19248299632e-01
9.19053890317e-01
9.19617541191e-01
9.20524664491e-01
9.20985655779e-01
9.17709658527e-01
9.18771716067e-01
9.20557067135e-01
9.20863442492e-01
9.20589254920e-01
9.19251219206e-01
9.20223131375e-01
9.19519708862e-01
9.19330743210e-01
9.19115768275e-01
9.19960844953e-01
9.19750867149e-01
9.20695933236e-01
9.21070862132e-01
9.20121263186e-01
9.20308671616e-01
9.20209412360e-01
9.19674265195e-01
9.21090962657e-01
9.19780758828e-01
9.19727490594e-01
9.19758471014e-01
9.19465387432e-01
9.19108611771e-01
9.21234647128e-01
9.18684064607e-01
9.19191436523e-01
9.19189588497e-01
9.20021731646e-01
9.19693804500e-01
9.20104827271e-01
9.18879464728e-01
9.18048795233e-01
9.20607943438e-01
9.19791266546e-01
9.19464384294e-01
9.19602263824e-01
9.20863866096e-01
9.21279937305e-01
9.19728752601e-01
9.19163773803e-01
9.19933911747e-01
9.18753809927e-01
9.19390492097e-01
9.21271007154e-01
9.19796533835e-01
9.19550961026e-01
9.19937728249e-01
9.19954819027e-01
9.20578165175e-01
9.20285947531e-01
9.20700103677e-01
9.20555858554e-01
9.19116994131e-01
9.20823811228e-01
9.19606571727e-01
9.18923948802e-01
9.19381391427e-01
9.20429896475e-01
9.18219200990e-01
9.21103300940e-01
9.20473643954e-01
9.19336935411e-01
9.19383192653e-01
9.19790785423e-01
9.21175950060e-01
9.19921503264e-01
9.18862335134e-01
9.20035080077e-01
9.18415037570e-01
9.18887463887e-01
9.20153952092e-01
9.20125127288e-01
9.20321924859e-01
9.19669340198e-01
9.20725858467e-01
9.19865386077e-01
9.20295088852e-01
9.20634848067e-01
9.18990436705e-01
9.21346567864e-01
9.19025959631e-01
9.19566226716e-01
9.19530547436e-01
9.19946934605e-01
9.20578798770e-01
9.19768408421e-01
9.18744840906e-01
9.19360697160e-01
9.19280274988e-01
9.20373841429e-01
9.20701062093e-01
9.20908911839e-01
9.20920728075e-01
9.18680061364e-01
9.19334216376e-01
9.20018057028e-01
9.20723836037e-01
9.19007431693e-01
9.20459255961e-01
9.20144065725e-01
9.19836420604e-01