9.71149772864e-01
9.70212239933e-01
9.72700855352e-01
9.71508493582e-01
9.71251591530e-01
9.72328243347e-01
9.71779052646e-01
9.71638268379e-01
9.72480357512e-01
9.75277336004e-01
9.72895817997e-01
9.74596657509e-01
9.71603033590e-01
9.71296017510e-01
9.75321824645e-01
9.73152775055e-01
9.71535399882e-01
9.73442529049e-01
9.75294401767e-01
9.75454907422e-01
9.75805907914e-01
9.72021876601e-01
9.70481120890e-01
9.72718335768e-01
9.75226210584e-01
9.75607486849e-01
9.72414696123e-01
9.72867650210e-01
9.72473893666e-01
9.73281016105e-01
9.74523929776e-01
9.74167139418e-01
9.70978325968e-01
9.71662148239e-01
9.75738026338e-01
9.74981112400e-01
9.72890269485e-01
9.75967199519e-01
9.70664639290e-01
9.71790876286e-01
9.72972778307e-01
9.72874073459e-01
9.73258658118e-01
9.73904898859e-01
9.71252331004e-01
9.72839654060e-01
9.74169986392e-01
9.73099729904e-01
9.72691707586e-01
9.72771026754e-01
9.69799898392e-01
9.71932956676e-01
9.73515601522e-01
9.72414971122e-01
9.74662898868e-01
9.72048000319e-01
9.72436660032e-01
9.70810674620e-01
9.75279921430e-01
9.74201436446e-01
9.73351111570e-01
9.72548370958e-01
9.73503050802e-01
9.74565039422e-01
9.72576068531e-01
9.70906384407e-01
9.71478514358e-01
9.74067036514e-01
9.74478911214e-01
9.72906610033e-01
9.76213029675e-01
9.71307858979e-01
9.71993031178e-01
9.72119991616e-01
9.73667554100e-01
9.71143720095e-01
9.75318095772e-01
9.72538377991e-01
9.74110143684e-01
9.73341275698e-01
9.73286496660e-01
9.73346156305e-01
9.72892974748e-01
9.72250467387e-01
9.73404755671e-01
9.75031142721e-01
9.70261760659e-01
9.70961472560e-01
9.73589215528e-01
9.72886712548e-01
9.73002119805e-01
9.73461670670e-01
9.73734370584e-01
9.73793561480e-01
9.72296217593e-01
9.71957001086e-01
9.73634048557e-01
9.73753011032e-01
9.74977593269e-01
9.71179416761e-01
9.74184562362e-01
9.71318750978e-01
9.71454382682e-01
9.72896515407e-01
9.72377742163e-01
9.74217866870e-01
9.72867346382e-01
9.74630776532e-01
9.72563192249e-01
9.72947548507e-01
9.73106478129e-01
9.74929607405e-01
9.73893262890e-01
9.71129827215e-01
9.73254763618e-01
9.74780778784e-01
9.71859808954e-01
9.73716910884e-01
9.73257641808e-01
9.72543882299e-01
9.71679123585e-01
9.72379968568e-01
9.73439707208e-01
9.72719766410e-01
9.73009733600e-01
9.74156254008e-01
9.74270916682e-01
9.71314807580e-01
9.73631738453e-01
9.72219462641e-01
9.73526247457e-01
9.72129667704e-01
9.71763219536e-01
9.73194004886e-01
9.70925840121e-01
9.71838185854e-01
9.73270106255e-01
9.73066133064e-01
9.71943352285e-01
9.72407093577e-01
9.70402848477e-01
9.70494240810e-01
9.72831868367e-01
9.73440117489e-01
9.72280934729e-01
9.73955365330e-01
9.71917110006e-01
9.74378893145e-01
9.74048962458e-01
9.74709297311e-01
9.73700683751e-01
9.73213368806e-01
9.74919184374e-01
9.75243086387e-01
9.73691265575e-01
9.73132233634e-01
9.72017923885e-01
9.71965869349e-01
9.72409034691e-01
9.71259690676e-01
9.73190069299e-01
9.73145292034e-01
9.73390612771e-01
9.72945036221e-01
9.73169812476e-01
9.74160748937e-01
9.74170758425e-01
9.73819036909e-01
9.72262120866e-01
9.73676679598e-01
9.74775960133e-01
9.72372598519e-01
9.73203101018e-01
9.72021737548e-01
9.73679026147e-01
9.72483600122e-01
9.72476328416e-01
9.72420694246e-01
9.72685164883e-01
9.73094122470e-01
9.74504156445e-01
9.71274486444e-01
9.75665292647e-01
9.73705624934e-01
9.72497242921e-01
9.72623897433e-01
9.71676473637e-01
9.74773712205e-01
9.72124666958e-01
9.72679551411e-01
9.72432194650e-01
9.73757951284e-01
9.72659867381e-01
9.75716001650e-01
9.70566502690e-01
9.72894970032e-01
9.73138978875e-01
9.73049420209e-01
9.73260191597e-01
9.72932076166e-01
9.72365864018e-01
9.71758541697e-01
9.70880053272e-01
9.72934141110e-01
9.72729011210e-01
9.70804583397e-01
9.71481518758e-01
9.74268785081e-01
9.71977700114e-01
9.72653222848e-01
9.74754357067e-01
9.73389789091e-01
9.72278216140e-01
9.73140666495e-01
9.72313409466e-01
9.72469554044e-01
9.74017107261e-01
9.73701909551e-01
9.73728267482e-01
9.72271257270e-01
9.71988232918e-01
9.73832853698e-01
9.75246257607e-01
9.73616418860e-01
9.74068687710e-01
9.72902334220e-01
9.73837389803e-01
9.72892040500e-01
9.72783223950e-01
9.74464377810e-01
9.72384961150e-01
9.73434116274e-01
9.71617833175e-01
9.73863722536e-01
9.71574407489e-01
9.72951986011e-01
9.73913391146e-01
9.73937048651e-01
9.72821526459e-01
9.71835765653e-01
9.75132774245e-01
9.73628265783e-01
9.73272972901e-01
9.73712772945e-01
9.72848605730e-01
9.72755697297e-01
9.73343132475e-01
9.73649199223e-01
9.76937471299e-01
9.76149166391e-01
9.72920801395e-01
9.71562238540e-01
9.72783647843e-01
9.71243653458e-01
9.72633625093e-01
9.72733296165e-01
9.71443241647e-01
9.71700020005e-01
9.72323184112e-01
9.72608329355e-01
9.72991640681e-01
9.73733358988e-01
9.72593192020e-01
9.73730383039e-01
9.73327194817e-01
9.75963834449e-01
9.75287242623e-01
9.72599417058e-01
9.73728422348e-01
9.74339361504e-01
9.73571908632e-01
9.72627168797e-01
9.70903601696e-01
9.72050970099e-01
9.72857903100e-01
9.72054507060e-01
9.72733686814e-01
9.72333405443e-01
9.73973524475e-01
9.73243133261e-01
9.73466085135e-01
9.72805300696e-01
9.73103657737e-01
9.74493355191e-01
9.73797725537e-01
9.73206060502e-01
9.73816895006e-01
9.72719811920e-01
9.74249620801e-01
9.75033590565e-01
9.74807593129e-01
9.72848792562e-01
9.73189579671e-01
9.73203901147e-01
9.72882130509e-01
9.70652503389e-01
9.73765695391e-01
9.72244168394e-01
9.72304193484e-01
9.72337502279e-01
9.73204535479e-01
9.73863402553e-01
9.73701043171e-01
9.72209045104e-01
9.72630359567e-01
9.71799442668e-01
9.72467584110e-01
9.75351017338e-01
9.74537540385e-01
9.73041374800e-01
9.73347603450e-01
9.73285695563e-01
9.72209281543e-01
9.72924113668e-01
9.74068775276e-01
9.72528249475e-01
9.75132180878e-01
9.72176038273e-01
9.74758152242e-01
9.73198997330e-01
9.71485200570e-01
9.73575085996e-01
9.73376204681e-01
9.71056305707e-01
9.74094367618e-01
9.72676424119e-01
9.71736122882e-01
9.72551079177e-01
9.73997943450e-01
9.74730152288e-01
9.74374277153e-01
9.74198427225e-01
9.71190853892e-01
9.74103350840e-01
9.71974013419e-01
9.72348088436e-01
9.69846469713e-01
9.74217753342e-01
9.72808193770e-01
9.73038556462e-01
9.72590488793e-01
9.71980602777e-01
9.72538447196e-01
9.73413204397e-01
9.72377082255e-01
9.71789747487e-01
9.72556458216e-01
9.76585345431e-01
9.74274319095e-01
9.74031986377e-01
9.71062872224e-01
9.72932428025e-01
9.73294040107e-01
9.71791866032e-01
9.72421640545e-01
9.76336876636e-01
9.71714818962e-01
9.74613549017e-01
9.75252199011e-01
9.73611910923e-01
9.73804421387e-01
9.72682128647e-01
9.72310528609e-01
9.73858113796e-01
9.71849340083e-01
9.71822665444e-01
9.73305421915e-01
9.74485201015e-01
9.72330499361e-01
9.72984770788e-01
9.73082426666e-01
9.74655160483e-01
9.73095178568e-01
9.73470887599e-01
9.73072405493e-01
9.71822580445e-01
9.75856285213e-01
9.74351740845e-01
9.73552250418e-01
9.73031198953e-01
9.75219562022e-01
9.74836849245e-01
9.76071908841e-01
9.74387968316e-01
9.71942925362e-01
9.73131285726e-01
9.73057780863e-01
9.73569630059e-01
9.74984407148e-01
9.75389158578e-01
9.72395302682e-01
9.73786093386e-01
9.72558033790e-01
9.72158208018e-01
9.72702694448e-01
9.71926454211e-01
9.75054069738e-01
9.73982596701e-01
9.70833362035e-01
9.72064454608e-01
9.73065434848e-01
9.73176489123e-01
9.73324365114e-01
9.70352909374e-01
9.71652507386e-01
9.73714404262e-01
9.73189368280e-01
9.71520409811e-01
9.73092757789e-01
9.72699451431e-01
9.73755105770e-01
9.69933067471e-01
9.73569278263e-01
9.74613411905e-01
9.77264537196e-01
9.73288231302e-01
9.71826924736e-01
9.72766710743e-01
9.73556674419e-01
9.69303831502e-01
9.69842547758e-01
9.72074117592e-01
9.72541407587e-01
9.72885245655e-01
9.74431624284e-01
9.74254986785e-01
9.75994839090e-01
9.74545740824e-01
9.74163662887e-01
9.73582697820e-01
9.72548448474e-01
9.73413124046e-01
9.73756261871e-01
9.73381760414e-01
9.71340594680e-01
9.74490242903e-01
9.74839618960e-01
9.69319657013e-01
9.73322914444e-01
9.72053844123e-01
9.70420709035e-01
9.74966752289e-01
9.71509820998e-01
9.70714907506e-01
9.74474355965e-01
9.69936584455e-01
9.70996195816e-01
9.73165983349e-01
9.72043512826e-01
9.73256087522e-01
9.72631347080e-01
9.72427826854e-01
9.73571532877e-01
9.72338358697e-01
9.74964882984e-01
9.71617224524e-01
9.73106188059e-01
9.71372122727e-01
9.72929225645e-01
9.72952714801e-01
9.75865498618e-01
9.73530154727e-01
9.72633759232e-01
9.74353541102e-01
9.72518196154e-01
9.73398217773e-01
9.73008887670e-01
9.74557104689e-01
9.73200068873e-01
9.74004772799e-01
9.71723958056e-01
9.71159671597e-01
9.74232267230e-01
9.73106112272e-01
9.73444501204e-01
9.71457941498e-01
9.73545769867e-01
9.72135735100e-01
9.73093394446e-01
9.72683106763e-01
9.71713744649e-01
9.73464106171e-01
9.73128930619e-01
9.75137353799e-01
9.73551712772e-01
9.73167656232e-01
9.71875789869e-01
9.72624945763e-01
9.74145947186e-01
9.73034631000e-01
9.72017497025e-01
9.71011166986e-01
9.71764542718e-01
9.73643591935e-01
9.73915995654e-01
9.74397200326e-01
9.71147631700e-01
9.73223709538e-01
9.72891621800e-01
9.74727345997e-01
9.73058894752e-01