-3.65374524722e+00
-3.65356288425e+00
-3.65188917086e+00
-3.65456962698e+00
-3.65245252238e+00
-3.65376384345e+00
-3.65122457336e+00
-3.65192434840e+00
-3.65307802137e+00
-3.65410446784e+00
-3.65367464295e+00
-3.65288793032e+00
-3.65395968953e+00
-3.65374514343e+00
-3.65223370404e+00
-3.65187748974e+00
-3.65233924125e+00
-3.65381913888e+00
-3.65298241745e+00
-3.65203552741e+00
-3.65502686610e+00
-3.65271554961e+00
-3.65311842492e+00
-3.65234340144e+00
-3.65454783611e+00
-3.65173625874e+00
-3.65302996716e+00
-3.65374626192e+00
-3.65123504676e+00
-3.65353510767e+00
-3.65201143623e+00
-3.65367129921e+00
-3.65245097970e+00
-3.65192941788e+00
-3.65405440115e+00
-3.65277563895e+00
-3.65303318757e+00
-3.65288571699e+00
-3.65148889626e+00
-3.65215570967e+00
-3.65287702697e+00
-3.65169301102e+00
-3.65294767894e+00
-3.65240384063e+00
-3.65249920254e+00
-3.65295506959e+00
-3.65248581275e+00
-3.65395363063e+00
-3.65191656963e+00
-3.65349096746e+00
-3.65257923575e+00
-3.65421056961e+00
-3.65285664515e+00
-3.65221871359e+00
-3.65323602046e+00
-3.65257230161e+00
-3.65169557213e+00
-3.65241506207e+00
-3.65400173559e+00
-3.65407857263e+00
-3.65287327859e+00
-3.65274516382e+00
-3.65178518093e+00
-3.65263288034e+00
-3.65193315485e+00
-3.65177111647e+00
-3.65263826615e+00
-3.65359297277e+00
-3.65408721502e+00
-3.65219183234e+00
-3.65321182001e+00
-3.65225284523e+00
-3.65316367116e+00
-3.65388019395e+00
-3.65390055315e+00
-3.65346429001e+00
-3.65262030963e+00
-3.65110764817e+00
-3.65326551260e+00
-3.65108380216e+00
-3.65319342507e+00
-3.65339464101e+00
-3.65141326541e+00
-3.65228715494e+00
-3.65268250192e+00
-3.65309873669e+00
-3.65296492025e+00
-3.65299848709e+00
-3.65382026913e+00
-3.65318289509e+00
-3.65370073369e+00
-3.65144196703e+00
-3.65264122743e+00
-3.65271312844e+00
-3.65272811856e+00
-3.65147906029e+00
-3.65173773150e+00
-3.65167558246e+00
-3.65336708792e+00
-3.65160987192e+00
-3.65126519006e+00
-3.65393582213e+00
-3.65281206278e+00
-3.65240033467e+00
-3.65011215173e+00
-3.65259777265e+00
-3.65278902975e+00
-3.65296252610e+00
-3.65188936301e+00
-3.65292367791e+00
-3.65300087727e+00
-3.65357348978e+00
-3.65325696987e+00
-3.65259753840e+00
-3.65213838832e+00
-3.65289462309e+00
-3.65315282345e+00
-3.65403042366e+00
-3.65257669686e+00
-3.65278562223e+00
-3.65340545488e+00
-3.65184885212e+00
-3.65404261101e+00
-3.65378726917e+00
-3.65276733088e+00
-3.65221789909e+00
-3.65250677165e+00
-3.65210302209e+00
-3.65237990150e+00
-3.65222130702e+00
-3.65297036184e+00
-3.65300384953e+00
-3.65251817020e+00
-3.65276055582e+00
-3.65220218801e+00
-3.65224641255e+00
-3.65381819262e+00
-3.65213488819e+00
-3.65199679311e+00
-3.65237366488e+00
-3.65273891905e+00
-3.65318863560e+00
-3.65287906514e+00
-3.65262936506e+00
-3.65167769729e+00
-3.65396831509e+00
-3.65258766021e+00
-3.65510258066e+00
-3.65384507445e+00
-3.65285092121e+00
-3.65382435629e+00
-3.65243611728e+00
-3.65325777441e+00
-3.65243976739e+00
-3.65213894751e+00
-3.65206752708e+00
-3.65294201189e+00
-3.65268296393e+00
-3.65268795177e+00
-3.65255659150e+00
-3.65332370474e+00
-3.65281036543e+00
-3.65321029237e+00
-3.65409638692e+00
-3.65329134371e+00
-3.65323416092e+00
-3.65313459807e+00
-3.65241488523e+00
-3.65112944562e+00
-3.65371553474e+00
-3.65186961233e+00
-3.65146713676e+00
-3.65316126170e+00
-3.65209593679e+00
-3.65220497843e+00
-3.65260613801e+00
-3.65291207143e+00
-3.65314161689e+00
-3.65347415610e+00
-3.65301810098e+00
-3.65341261486e+00
-3.65301241446e+00
-3.65313097509e+00
-3.65303331432e+00
-3.65314117390e+00
-3.65254943586e+00
-3.65186184229e+00
-3.65290825656e+00
-3.65188689589e+00
-3.65307391906e+00
-3.65250740294e+00
-3.65156437172e+00
-3.65225858820e+00
-3.65155128120e+00
-3.65243667122e+00
-3.65129350684e+00
-3.65307224797e+00
-3.65375636820e+00
-3.65319293333e+00
-3.65328457328e+00
-3.65399002784e+00
-3.65190243665e+00
-3.65351350070e+00
-3.65366913612e+00
-3.65457580302e+00
-3.65137517718e+00
-3.65187431368e+00
-3.65216481029e+00
-3.65301343876e+00
-3.65192791375e+00
-3.65447698092e+00
-3.65221166843e+00
-3.65249427797e+00
-3.65299775716e+00
-3.65319734493e+00
-3.65302302928e+00
-3.65207740813e+00
-3.65319739714e+00
-3.65360492358e+00
-3.65278601024e+00
-3.65193386425e+00
-3.65217545841e+00
-3.65336800680e+00
-3.65274157608e+00
-3.65200021496e+00
-3.65315415522e+00
-3.65308601404e+00
-3.65275546715e+00
-3.65362951278e+00
-3.65321266416e+00
-3.65184163757e+00
-3.65283860999e+00
-3.65160920161e+00
-3.65444534899e+00
-3.65274308337e+00
-3.65242190732e+00
-3.65335099498e+00
-3.65383313939e+00
-3.65422976051e+00
-3.65333787073e+00
-3.65376432149e+00
-3.65273473933e+00
-3.65349651489e+00
-3.65326295059e+00
-3.65245480024e+00
-3.65350053578e+00
-3.65115579748e+00
-3.65198182573e+00
-3.65307597920e+00
-3.65360667254e+00
-3.65272944683e+00
-3.65259674177e+00
-3.65413557854e+00
-3.65343645238e+00
-3.65271966884e+00
-3.65258740675e+00
-3.65386065969e+00
-3.65318993665e+00
-3.65275422728e+00
-3.65322599553e+00
-3.65283613031e+00
-3.65243515250e+00
-3.65345069799e+00
-3.65375497047e+00
-3.65095706223e+00
-3.65154517260e+00
-3.65181292704e+00
-3.65265393094e+00
-3.65249534281e+00
-3.65282485288e+00
-3.65142849569e+00
-3.65230905123e+00
-3.65312498018e+00
-3.65169105584e+00
-3.65106155220e+00
-3.65140543950e+00
-3.65311335939e+00
-3.65230489114e+00
-3.65371480262e+00
-3.65414136452e+00
-3.65247306167e+00
-3.65281223251e+00
-3.65394324799e+00
-3.65243041326e+00
-3.65280086451e+00
-3.65372105291e+00
-3.65287274080e+00
-3.65258426949e+00
-3.65394182219e+00
-3.65200782705e+00
-3.65180042826e+00
-3.65384390683e+00
-3.65314162749e+00
-3.65162736550e+00
-3.65378317340e+00
-3.65175933991e+00
-3.65219726143e+00
-3.65215122081e+00
-3.65243635556e+00
-3.65312354698e+00
-3.65299486874e+00
-3.65187534651e+00
-3.65109875760e+00
-3.65251623342e+00
-3.65116992793e+00
-3.65284407386e+00
-3.65349380727e+00
-3.65255400979e+00
-3.65333751516e+00
-3.65272533152e+00
-3.65186098068e+00
-3.65381799269e+00
-3.65156778035e+00
-3.65205750890e+00
-3.65260095984e+00
-3.65351224690e+00
-3.65320898364e+00
-3.65352979862e+00
-3.65239233939e+00
-3.65218093927e+00
-3.65314503051e+00
-3.65228610879e+00
-3.65247837042e+00
-3.65312459049e+00
-3.65475859685e+00
-3.65222911141e+00
-3.65207178613e+00
-3.65267821699e+00
-3.65276171982e+00
-3.65223531692e+00
-3.65263367346e+00
-3.65417132234e+00
-3.65225479839e+00
-3.65204135775e+00
-3.65206673742e+00
-3.65128221088e+00
-3.65278420200e+00
-3.65202948261e+00
-3.65088537585e+00
-3.65256791245e+00
-3.65379951981e+00
-3.65168901196e+00
-3.65292701942e+00
-3.65212277392e+00
-3.65358226777e+00
-3.65197009347e+00
-3.65521887623e+00
-3.65274787621e+00
-3.65159898059e+00
-3.65277356865e+00
-3.65461465107e+00
-3.65297050852e+00
-3.65128545648e+00
-3.65356436540e+00
-3.65159311038e+00
-3.65213675355e+00
-3.65356179713e+00
-3.65235280377e+00
-3.65431809184e+00
-3.65231846896e+00
-3.65158287220e+00
-3.65329441497e+00
-3.65315153885e+00
-3.65220354698e+00
-3.65382044701e+00
-3.65126340065e+00
-3.65120779913e+00
-3.65290482475e+00
-3.65143544127e+00
-3.65285425472e+00
-3.65277972335e+00
-3.65477676394e+00
-3.65268038874e+00
-3.65322331574e+00
-3.65381335936e+00
-3.65256982164e+00
-3.65282191397e+00
-3.65325703559e+00
-3.65263744012e+00
-3.65294760504e+00
-3.65421627418e+00
-3.65105902855e+00
-3.65229882135e+00
-3.65349079666e+00
-3.65153690020e+00
-3.65241853955e+00
-3.65236648243e+00
-3.65155078657e+00
-3.65439702271e+00
-3.65480404364e+00
-3.65196881877e+00
-3.65271426903e+00
-3.65310859886e+00
-3.65393401651e+00
-3.65354613607e+00
-3.65246618683e+00
-3.65242083004e+00
-3.65154757195e+00
-3.65187443902e+00
-3.65273729768e+00
-3.65378150035e+00
-3.65280917010e+00
-3.65252234406e+00
-3.65171108115e+00
-3.65228939847e+00
-3.65321155631e+00
-3.65314248469e+00
-3.65161760057e+00
-3.65344656835e+00
-3.65349307188e+00
-3.65276582475e+00
-3.65185326920e+00
-3.65322964736e+00
-3.65139420682e+00
-3.65169710724e+00
-3.65350354665e+00
-3.65115039556e+00
-3.65179347425e+00
-3.65374586154e+00
-3.65375272993e+00
-3.65230132597e+00
-3.65189284257e+00
-3.65251907574e+00
-3.65224301606e+00
-3.65120864336e+00
-3.65257617763e+00
-3.65239181410e+00
-3.65271196542e+00
-3.65359127331e+00
-3.65364326539e+00
-3.65278344503e+00
-3.65273010847e+00
-3.65265285018e+00
-3.65222205443e+00
-3.65197471895e+00
-3.65346927820e+00
-3.65260103187e+00
-3.65292914542e+00
-3.65322787049e+00
-3.65257942585e+00
-3.65356166620e+00
-3.65295643046e+00
-3.65347382054e+00
-3.65208465761e+00
-3.65218599229e+00
-3.65354575666e+00
-3.65400338193e+00
-3.65244103494e+00
-3.65355969796e+00
-3.65255641983e+00
-3.65238011575e+00
-3.65312419697e+00
-3.65369684578e+00
-3.65186848971e+00
-3.65174949804e+00
-3.65296967870e+00
-3.65364649096e+00
-3.65292068224e+00
-3.65361802158e+00
-3.65046094709e+00
-3.65263577384e+00
-3.65365458739e+00
-3.65266259726e+00
-3.65202403152e+00
-3.65279262095e+00
-3.65255236912e+00
-3.65477495348e+00
-3.65298197018e+00
-3.65394891210e+00
-3.65192851018e+00
-3.65264968899e+00
-3.65314882696e+00
-3.65197781900e+00
-3.65473252844e+00
-3.65332738722e+00
-3.65313139172e+00
-3.65143323280e+00
-3.65316904504e+00
-3.65336263288e+00
-3.65384988201e+00
-3.65366812011e+00
-3.65277485438e+00
-3.65355607278e+00
-3.65243812675e+00
-3.65240447195e+00
-3.65184114265e+00
-3.65368784343e+00
-3.65280271690e+00
-3.65370762242e+00
-3.65341111396e+00
-3.65350992251e+00
-3.65201863084e+00
-3.65376485559e+00
-3.65336392621e+00
-3.65533740234e+00
-3.65245080476e+00
-3.65254020781e+00
-3.65363663244e+00
-3.65194592436e+00
-3.65290199086e+00
-3.65273192964e+00