8.62137790248e-01
8.75587011093e-01
8.00154349150e-01
7.64994586059e-01
8.07642530872e-01
8.57168329847e-01
7.81131422982e-01
7.82417010569e-01
7.51728342305e-01
8.39659228941e-01
8.20789137844e-01
8.43822182041e-01
7.45257392561e-01
7.34588259300e-01
7.80075543861e-01
8.67480669258e-01
7.63156543963e-01
8.06883446500e-01
7.96760980829e-01
7.20435312457e-01
7.99492506951e-01
8.40675589308e-01
8.51062522690e-01
9.02685387204e-01
7.66399697282e-01
8.53226549313e-01
8.18732616974e-01
7.90158462382e-01
8.11195181296e-01
8.80306229243e-01
8.11466873984e-01
8.26703743161e-01
7.34154985638e-01
8.21955201760e-01
8.26763369302e-01
8.58182692872e-01
8.37455019998e-01
8.35749338681e-01
7.65822844682e-01
8.41351209468e-01
7.52519531007e-01
8.00452490736e-01
8.13454615378e-01
8.47325224589e-01
8.90584168059e-01
7.24607513723e-01
8.52848718972e-01
8.44474491064e-01
7.41537667922e-01
8.41460563746e-01
8.01021815586e-01
8.68947186518e-01
8.21509706250e-01
8.47463912181e-01
8.42539179822e-01
8.97816675976e-01
8.16889409670e-01
8.12660810509e-01
8.01952111365e-01
9.02426696298e-01
8.48470965360e-01
8.48682623018e-01
7.76834992348e-01
7.98434321760e-01
7.77795437127e-01
7.95946904789e-01
7.94806625532e-01
8.20117803297e-01
8.07343365505e-01
8.00073798068e-01
8.57358026288e-01
8.27354062728e-01
7.43894288795e-01
8.17744860998e-01
7.97358947375e-01
8.01176265264e-01
8.79250635617e-01
9.07577477214e-01
8.49888704103e-01
6.98994986510e-01
8.17717466655e-01
8.88222941322e-01
8.30702847032e-01
8.51353150742e-01
7.89946360725e-01
8.18621842541e-01
7.86956349289e-01
7.56238330888e-01
7.76871821794e-01
7.48938974259e-01
8.27716423247e-01
7.91738301529e-01
7.64578293043e-01
7.68461246285e-01
8.07229587311e-01
8.72314586041e-01
8.51594126598e-01
8.52509944792e-01
8.43256200948e-01
8.76323893248e-01
8.53650745434e-01
8.32138953143e-01
8.47863941335e-01
7.86462295871e-01
8.73705346841e-01
8.29165691875e-01
8.20865163439e-01
7.95885688578e-01
7.95244215553e-01
7.81857282076e-01
8.41740542744e-01
7.86256092156e-01
8.42525343440e-01
8.04090124114e-01
8.07357102277e-01
9.30822725384e-01
7.59131943898e-01
8.12275724792e-01
8.20183833608e-01
8.55214995458e-01
7.60504121406e-01
7.94468595110e-01
8.61720030101e-01
8.31449363662e-01
8.63978005846e-01
7.68658915830e-01
8.09094598824e-01
8.24317727823e-01
7.73770923746e-01
8.60052920653e-01
8.85941568042e-01
7.70528997637e-01
8.35572682565e-01
7.81215209632e-01
8.13590268224e-01
7.84409780550e-01
8.26594868360e-01
7.97401776173e-01
8.30531165236e-01
8.12114408300e-01
8.49311241514e-01
7.66346437170e-01
7.76913183409e-01
8.20570627707e-01
8.25793827255e-01
8.52757854166e-01
8.37208837820e-01
8.61481917659e-01
7.97439289311e-01
7.69181370910e-01
7.68842753970e-01
8.00338610071e-01
7.93429495515e-01
8.05246180674e-01
8.24217741180e-01
7.81021914392e-01
8.54370574857e-01
7.68702730690e-01
7.51010562796e-01
8.02215504588e-01
8.47231488210e-01
8.59081344083e-01
8.65529083753e-01
8.26612404594e-01
8.12138497642e-01
8.70380505970e-01
7.92489915304e-01
7.19611441463e-01
7.72118739855e-01
7.94339851662e-01
8.73391372159e-01
7.86529660259e-01
8.31093447314e-01
7.89744303875e-01
8.11780983048e-01
8.01049202596e-01
7.27326558723e-01
9.38547754789e-01
8.95499354946e-01
7.14922120769e-01
8.34262603571e-01
7.82048086760e-01
8.43414971472e-01
9.47858337915e-01
8.95354776629e-01
7.45297487037e-01
8.59516360643e-01
8.20782918457e-01
8.31716270535e-01
6.71851715652e-01
7.99895640297e-01
8.36312173628e-01
8.20404085561e-01
7.70583695215e-01
8.35747959477e-01
8.27796374740e-01
7.93661243616e-01
8.43309789701e-01
8.27413973500e-01
7.80281362033e-01
7.72192749091e-01
7.68308374933e-01
7.46393627708e-01
8.17830458217e-01
8.41325749079e-01
7.71889610898e-01
7.88657873588e-01
8.79714750856e-01
8.37308416798e-01
8.30696706195e-01
8.87496474417e-01
8.07831156878e-01
8.24818978636e-01
8.14580119931e-01
8.70174116537e-01
8.16591764741e-01
7.93589491209e-01
8.95512795530e-01
7.78458517422e-01
8.04227870134e-01
7.35318698607e-01
8.10461760055e-01
8.29757989423e-01
8.75622848641e-01
9.30914996377e-01
8.08622317185e-01
8.71683825388e-01
8.60009571622e-01
8.21770980994e-01
7.67092044157e-01
7.93446797352e-01
9.05311499514e-01
7.12062103769e-01
8.35924083936e-01
8.52108112085e-01
8.15687051023e-01
8.32109518072e-01
7.92671512017e-01
7.75694006601e-01
8.24620158381e-01
7.43905452955e-01
7.30122677682e-01
8.03808698102e-01
8.42017486840e-01
8.42187832490e-01
7.00336487117e-01
8.29685710332e-01
8.66055921708e-01
8.41874910139e-01
8.66543297449e-01
7.79892904916e-01
7.97714695249e-01
8.23761533253e-01
8.18745811774e-01
7.79572826737e-01
7.76444283852e-01
8.23779670318e-01
7.70176023916e-01
7.97890138980e-01
7.63308972165e-01
7.48517937182e-01
7.69626603394e-01
7.66455370688e-01
8.62229651209e-01
7.77877516739e-01
8.26565258340e-01
8.04141441599e-01
8.46670571241e-01
9.12684125267e-01
8.75654762041e-01
8.97540365330e-01
7.63446077678e-01
7.97378691236e-01
8.35705292187e-01
8.32202178709e-01
7.77773912558e-01
8.11893712452e-01
8.87875280423e-01
8.62673603489e-01
8.49795726010e-01
8.61917143325e-01
7.83318057254e-01
8.49627968713e-01
7.71529727699e-01
7.59739914385e-01
8.81595304205e-01
8.41935557489e-01
7.97349800934e-01
7.98029907318e-01
8.15955462990e-01
7.49093507974e-01
8.83241245919e-01
7.78298693853e-01
8.87751190290e-01
7.01228539540e-01
8.14705018612e-01
8.09461449059e-01
7.58394799467e-01
7.71834292043e-01
7.48574957773e-01
7.89649420918e-01
8.33341288149e-01
7.92445595320e-01
8.65096177485e-01
8.62211838255e-01
8.05212615642e-01
7.53085487749e-01
7.93324162920e-01
8.21057767746e-01
7.75857586573e-01
8.33326503408e-01
8.24824740439e-01
7.63907765983e-01
7.87037413092e-01
7.51250069137e-01
7.78560682716e-01
7.93194768934e-01
8.41228110551e-01
7.97376714748e-01
7.92925485427e-01
7.47444520098e-01
7.03409653872e-01
8.00284817646e-01
7.31486689729e-01
8.74549393429e-01
8.32384517103e-01
8.53222205289e-01
8.10050977341e-01
8.49464319175e-01
7.82304580588e-01
7.71572410118e-01
8.58837843664e-01
8.81079539497e-01
8.52574333922e-01
8.40750733056e-01
7.83872596029e-01
9.02968619435e-01
7.93090866006e-01
7.68752238269e-01
7.56801777064e-01
7.73813248011e-01
8.17481831673e-01
7.76185197599e-01
7.80294709914e-01
7.94507854268e-01
8.20033910399e-01
7.59608292415e-01
8.08673807620e-01
8.24846731380e-01
7.85619266099e-01
7.55818352301e-01
8.09283892191e-01
8.36685231307e-01
8.12230307931e-01
8.32110335602e-01
8.73805797831e-01
8.26258947839e-01
8.31299079973e-01
7.88660072883e-01
8.57652869758e-01
7.87068784722e-01
8.16285225409e-01
7.54747967738e-01
8.28294861973e-01
8.11789661314e-01
7.71602770123e-01
7.94333749642e-01
7.97728340569e-01
8.23137684370e-01
8.13774403874e-01
7.50179030778e-01
8.78743828511e-01
8.02909301959e-01
7.64205047059e-01
7.38534780727e-01
8.37231656616e-01
8.34452090865e-01
8.15032236478e-01
7.38191668329e-01
7.66766581685e-01
7.21192042273e-01
7.35762240312e-01
8.50246203752e-01
8.06394547777e-01
8.26573057470e-01
8.34014265874e-01
8.74446938280e-01
8.70223499894e-01
8.40679150462e-01
9.17175157748e-01
7.85360071912e-01
8.07711768855e-01
7.90475001206e-01
8.25723551582e-01
7.54521135573e-01
7.88609852957e-01
8.30178129142e-01
8.36467745036e-01
8.66623547415e-01
8.47843372079e-01
7.33930252497e-01
8.65514525926e-01
8.58985815234e-01
8.35349893453e-01
8.45037530426e-01
7.84175432031e-01
8.13094631832e-01
8.31729466071e-01
7.64141374147e-01
7.95987419375e-01
8.64186662723e-01
8.02327189144e-01
7.77419711362e-01
7.97212843926e-01
9.08060741421e-01
8.05739416338e-01
7.50762299228e-01
8.39384204605e-01
7.18465449494e-01
8.62030668769e-01
7.85121869031e-01
7.62514902261e-01
8.31448034713e-01
8.34121531218e-01
7.83153591866e-01
7.60998431044e-01
8.71119995671e-01
7.91711886914e-01
8.10235109522e-01
8.10196760967e-01
7.85152531850e-01
9.25911029324e-01
8.35383192203e-01
7.77721460573e-01
8.04584679161e-01
8.33375436245e-01
8.54408315978e-01
7.84050744318e-01
7.95007057258e-01
8.31833522688e-01
8.39128832136e-01
8.13863526171e-01
7.83555290075e-01
7.96666434176e-01
8.79967441544e-01
8.70720006907e-01
8.05705108288e-01
7.91256229644e-01
8.16403387047e-01
7.82511608501e-01
8.22259590666e-01
7.19375954452e-01
8.03277867623e-01
8.06849950744e-01
9.15273393765e-01
8.60729881041e-01
8.28603406303e-01
8.87945691797e-01
7.67718126657e-01
7.46506667782e-01
8.06796617436e-01
8.61131241798e-01
8.60437266476e-01
8.79749767801e-01
7.49053063253e-01
8.40858952833e-01
7.18948863593e-01
7.62609571440e-01
7.78496410542e-01
8.43878532652e-01
9.39364798764e-01
8.52444180067e-01
8.33359679141e-01
9.09793036499e-01
7.98800481407e-01
8.13260439421e-01
8.57087808381e-01
8.51059895967e-01
8.13608586951e-01
8.24886494837e-01
8.08923761725e-01
8.62323962371e-01
9.02004505494e-01
9.01818367230e-01
7.46067389078e-01
7.68344615772e-01
7.91426367521e-01
8.27592742233e-01
8.61492301444e-01
8.46380593572e-01
7.60917474434e-01
8.09439108628e-01
8.33294131631e-01
7.85789527370e-01
7.80667595580e-01
7.47251530475e-01
7.60395812082e-01
7.77925344089e-01
7.10810366383e-01
8.95362536612e-01
8.14307167428e-01