7.65216215632e-01
8.33461841310e-01
7.76763794424e-01
6.41230359847e-01
7.25382266835e-01
7.25275732959e-01
6.82803812799e-01
8.83431609683e-01
6.72493115889e-01
7.33323196154e-01
6.92085378643e-01
7.11228116514e-01
7.60840165048e-01
6.71440461941e-01
6.10339390038e-01
7.15994640486e-01
7.39876601585e-01
7.54662011999e-01
6.52220128458e-01
8.95588584783e-01
7.01674304775e-01
8.01587206719e-01
7.24926023550e-01
7.58798861924e-01
5.65724970312e-01
7.70404848392e-01
7.78651217029e-01
8.16293415201e-01
6.99273946803e-01
8.29917465598e-01
7.34747577728e-01
7.88517068182e-01
5.72114321668e-01
7.44682569382e-01
7.16739350220e-01
5.47617609745e-01
7.30105928827e-01
6.61267572566e-01
9.25705414111e-01
7.76214104658e-01
6.31132276214e-01
7.26763761739e-01
6.81127643595e-01
8.73768108052e-01
8.14287794959e-01
5.81157642761e-01
8.76963501618e-01
7.02815200914e-01
6.84015618685e-01
9.48738704156e-01
6.73049846393e-01
7.55414874459e-01
5.96439081098e-01
8.26314976912e-01
7.63767473424e-01
7.80280978191e-01
7.87093982102e-01
6.51192224368e-01
6.77871236881e-01
7.11534695473e-01
7.11815620870e-01
6.65877162888e-01
7.86534299160e-01
6.70358068407e-01
7.58098399693e-01
5.37899094988e-01
7.55949816580e-01
6.42619667598e-01
7.53859794416e-01
8.47140725438e-01
7.31221189743e-01
5.63408720378e-01
6.00678299085e-01
7.71070222000e-01
7.63056754584e-01
6.76076140537e-01
8.46016489380e-01
6.20030773495e-01
7.30491477694e-01
5.87593863481e-01
8.44381151073e-01
7.83950942504e-01
7.03295804865e-01
7.81622854405e-01
5.23064141194e-01
6.69934128797e-01
7.50826469536e-01
7.21820480303e-01
5.81670632802e-01
7.69105377093e-01
8.15328889417e-01
6.60358217200e-01
7.30377365208e-01
7.45561817573e-01
8.00814799321e-01
7.69823253042e-01
7.15873834252e-01
8.49545111162e-01
6.84572436894e-01
9.01860913705e-01
7.37127753559e-01
7.11074087593e-01
8.00437088813e-01
7.88399542083e-01
6.88543818612e-01
8.34239138828e-01
7.28149422108e-01
6.58464111814e-01
6.94427908616e-01
7.32614418695e-01
8.86239673345e-01
6.33832081417e-01
7.40121530880e-01
6.22711726324e-01
5.22369272023e-01
7.75436409676e-01
7.12475261064e-01
5.92971422072e-01
8.54092390647e-01
6.65070312192e-01
6.44899198209e-01
6.98978312543e-01
7.85070177680e-01
6.11256221926e-01
6.21000428973e-01
6.51629557305e-01
6.82175199593e-01
9.32973811285e-01
6.53624121414e-01
6.91484191738e-01
8.11676044769e-01
8.01955420969e-01
8.25829144867e-01
6.80207122010e-01
6.01045566929e-01
6.39745052606e-01
8.00729386853e-01
7.00042159306e-01
7.77142346534e-01
8.62094660395e-01
8.58582012804e-01
7.56354888292e-01
8.19845585194e-01
7.17002893238e-01
8.32735609597e-01
6.68184915359e-01
7.15275328040e-01
7.58236929171e-01
6.85985441379e-01
6.19416558143e-01
5.90175818652e-01
7.21615427637e-01
4.19933615212e-01
6.56096060650e-01
7.51398144355e-01
7.15717754649e-01
7.75612476455e-01
7.33336576208e-01
5.71747039131e-01
7.90931416608e-01
7.55590233910e-01
7.74847893996e-01
8.06739676970e-01
9.02995173807e-01
7.20760633075e-01
8.32179636991e-01
6.63110249206e-01
6.48545019688e-01
7.75392926823e-01
7.90831070410e-01
7.72643630700e-01
9.00667022024e-01
8.91018683620e-01
7.46024002488e-01
6.45367154480e-01
5.78605961719e-01
6.66962458189e-01
7.38225216145e-01
7.58947125252e-01
5.67057644705e-01
6.62983849502e-01
6.62709842968e-01
7.41447573093e-01
7.56569708985e-01
7.07563408089e-01
8.51126693088e-01
8.81126023627e-01
8.48410736929e-01
8.00423690278e-01
6.77182756585e-01
5.94227823018e-01
8.03148699696e-01
6.94410562889e-01
6.93851503971e-01
7.72447686787e-01
7.05344461143e-01
7.57954155595e-01
7.31600852293e-01
7.74219537386e-01
7.48922121575e-01
6.90983362389e-01
8.87835460463e-01
7.40754714406e-01
7.13650518407e-01
6.90866262667e-01
7.00250512134e-01
6.26797985275e-01
7.89354837243e-01
6.52080961174e-01
1.07980194834e+00
7.69890053336e-01
6.10968309441e-01
7.27258193098e-01
5.20055728473e-01
1.01150146356e+00
7.17495892548e-01
7.44835845707e-01
8.28108546154e-01
7.00510450468e-01
7.30965881331e-01
7.61425032103e-01
6.34794606195e-01
7.97401388473e-01
7.56598743767e-01
7.36540276048e-01
7.04361141370e-01
7.81774732978e-01
8.03741765938e-01
8.97695475984e-01
7.42400460350e-01
7.21157517389e-01
8.61122321736e-01
6.42976857998e-01
7.57672933815e-01
8.76008674659e-01
8.81896235820e-01
7.45438600698e-01
7.07369635582e-01
6.91567576911e-01
7.99198117437e-01
4.96769338759e-01
4.92265602757e-01
7.43907204433e-01
8.14235748801e-01
7.77988059588e-01
5.23852538371e-01
5.74777916181e-01
6.60354333879e-01
4.98834772118e-01
5.54602201159e-01
6.03146554124e-01
7.08072405543e-01
6.20420356483e-01
7.47945561329e-01
7.30451641708e-01
7.98638079945e-01
7.48493499202e-01
6.87840614522e-01
6.73940102028e-01
7.72961649959e-01
6.05552562457e-01
7.67728055723e-01
5.68786303718e-01
7.78489787666e-01
7.49988676464e-01
8.10142813985e-01
8.76559551399e-01
8.06378785639e-01
8.02615569004e-01
8.84300058648e-01
8.43045959507e-01
6.49762290445e-01
8.28820487625e-01
6.09143479027e-01
1.01028950180e+00
8.21855412144e-01
5.62569196289e-01
7.35684031412e-01
7.57267209187e-01
7.67743399647e-01
7.96100272989e-01
7.83465475684e-01
7.84166328761e-01
6.44057019998e-01
7.68524609749e-01
5.88310137396e-01
8.26673406061e-01
7.51792160398e-01
6.36255024031e-01
7.67303356220e-01
7.44501925399e-01
8.27384787198e-01
7.26193061290e-01
7.25106514999e-01
7.00885415787e-01
8.48907103124e-01
6.66283837910e-01
6.98032918574e-01
7.36430470644e-01
6.57515778993e-01
7.00756251059e-01
8.18405945679e-01
8.64759596797e-01
7.01300187483e-01
7.01598960034e-01
5.12320084569e-01
4.74563748762e-01
5.93605859902e-01
7.50206379461e-01
6.20592921332e-01
7.84402965512e-01
5.29097283897e-01
4.82751337699e-01
6.65438329752e-01
6.64077895035e-01
5.55760791245e-01
5.81976483481e-01
7.78215521562e-01
6.28275124419e-01
6.72669465660e-01
7.82629327020e-01
7.25191968093e-01
6.98863068076e-01
5.97370587175e-01
6.98811539972e-01
8.21611744802e-01
6.89679996257e-01
8.17833412158e-01
8.34485429360e-01
7.77309730669e-01
6.58035455489e-01
7.55091545593e-01
6.98249614111e-01
8.00671077383e-01
8.03466797294e-01
7.03483349415e-01
9.03425052061e-01
6.71543602196e-01
6.71984370213e-01
8.06514603234e-01
7.28593736888e-01
7.88832504789e-01
7.72692806031e-01
7.98832574703e-01
6.61959925202e-01
7.64410326160e-01
7.03284126213e-01
5.39650495095e-01
6.56366668344e-01
6.62701453881e-01
8.46641996655e-01
8.53580161921e-01
8.40628754721e-01
8.30035188437e-01
7.52700133904e-01
6.51318810265e-01
7.91649251732e-01
6.47839196700e-01
7.70449611130e-01
7.80158078959e-01
6.52177251479e-01
7.66184114267e-01
6.02797282881e-01
7.98458244049e-01
6.47369727349e-01
7.79967514693e-01
6.71553578394e-01
6.94640115196e-01
6.51255762894e-01
6.40464975617e-01
7.51764510918e-01
7.46953875825e-01
7.32005502009e-01
6.22395043939e-01
6.53448966844e-01
9.66328040501e-01
7.87503511889e-01
6.81715278722e-01
6.49046773076e-01
7.48518494234e-01
5.66323431394e-01
6.39584120471e-01
7.21896576017e-01
8.11793272681e-01
8.24914966104e-01
7.25980339992e-01
7.95541658210e-01
8.65281042158e-01
7.81107649741e-01
6.77490112626e-01
7.62256418921e-01
6.84595957128e-01
8.23499130831e-01
6.94946743213e-01
5.93764295445e-01
5.43726913346e-01
7.63866233589e-01
7.00256974379e-01
8.23903226182e-01
9.13832922448e-01
7.53402834901e-01
6.75840794397e-01
7.71740574731e-01
8.18238522407e-01
7.78033763348e-01
7.26234499512e-01
6.67923122462e-01
7.62513720696e-01
6.90984210971e-01
6.00674044010e-01
8.20573960486e-01
8.57850244011e-01
8.55424974193e-01
6.76739858998e-01
8.70351637346e-01
7.52851720379e-01
6.22531907847e-01
7.01722136875e-01
5.94775711360e-01
9.01173366744e-01
6.54702429476e-01
6.91763317424e-01
7.46568599726e-01
7.93045832448e-01
7.21909470861e-01
6.97581805358e-01
7.23815378676e-01
5.94614118849e-01
6.70755906621e-01
7.07678616193e-01
7.89554294374e-01
7.00929986080e-01
7.25051574136e-01
7.38070845635e-01
6.32227330739e-01
7.20898059375e-01
7.05353456281e-01
7.85276304963e-01
7.73802903082e-01
8.21275162673e-01
8.97678930439e-01
8.42885718866e-01
6.49635479146e-01
8.33364436406e-01
8.51667791980e-01
7.34890620892e-01
6.25713386742e-01
7.58379949485e-01
8.19203655874e-01
5.78202516538e-01
8.01813218209e-01
7.29248953681e-01
7.43854799199e-01
7.73050792491e-01
7.11252076391e-01
7.45040082373e-01
7.08358388703e-01
7.92041809606e-01
7.24806119849e-01
6.97115519658e-01
6.14623084946e-01
9.02050204288e-01
7.42250321477e-01
7.61626320517e-01
7.51643562318e-01
8.10854223928e-01
5.71440498423e-01
5.63207242132e-01
7.20618027406e-01
7.74714261356e-01
7.06726866032e-01
6.84370040447e-01
6.99969394023e-01
7.06928056283e-01
6.79537374745e-01
7.40090743094e-01
7.58956241815e-01
8.62379139316e-01
6.56133687042e-01
6.61730884164e-01
6.88580297627e-01
5.99455504237e-01
6.78769510703e-01
6.14316292131e-01
5.52709322315e-01
6.82232644991e-01
7.67154450318e-01
7.24818023069e-01
6.83440384865e-01
9.21069960466e-01
5.90316683262e-01
7.03403653958e-01
7.28288424102e-01
6.48043909344e-01
6.68503614545e-01
6.59287373146e-01
6.71366177320e-01
5.01507668000e-01
7.90967744471e-01
7.22825868750e-01
7.24040214095e-01