5.66189411273e-01
5.62282425233e-01
5.59847270098e-01
5.61156547692e-01
5.65174993499e-01
5.61881315427e-01
5.58516627193e-01
5.65504929415e-01
5.57519012012e-01
5.59988306287e-01
5.64640223585e-01
5.58069120540e-01
5.61706667087e-01
5.63424026358e-01
5.59330566427e-01
5.64400323790e-01
5.59556798647e-01
5.62924635911e-01
5.58056381825e-01
5.58378171000e-01
5.63589838552e-01
5.60879435613e-01
5.59142039983e-01
5.59087689143e-01
5.60947890934e-01
5.60671300938e-01
5.59953791224e-01
5.62480001999e-01
5.60341509318e-01
5.64100491822e-01
5.63213461759e-01
5.60005297381e-01
5.63572166641e-01
5.60120772690e-01
5.62711179574e-01
5.60226556854e-01
5.59306071656e-01
5.67216100034e-01
5.63838219191e-01
5.65101674327e-01
5.59457934307e-01
5.60177917215e-01
5.63378823666e-01
5.65035206960e-01
5.59948291271e-01
5.57552846550e-01
5.64106118754e-01
5.58324294973e-01
5.60190001967e-01
5.61550951229e-01
5.64999729690e-01
5.64401871606e-01
5.58790752721e-01
5.59133468983e-01
5.61317050234e-01
5.62864554330e-01
5.58680980645e-01
5.64710353313e-01
5.64147403320e-01
5.65322083938e-01
5.60196001291e-01
5.60540260060e-01
5.60955483549e-01
5.61382613068e-01
5.61539919642e-01
5.61303382787e-01
5.59476464134e-01
5.64376106008e-01
5.59678299878e-01
5.58445913484e-01
5.64297842450e-01
5.68086186253e-01
5.62241635426e-01
5.60398974135e-01
5.61603786766e-01
5.66369697686e-01
5.59058114134e-01
5.60871190976e-01
5.61739667406e-01
5.57545604802e-01
5.60651293213e-01
5.63261909138e-01
5.58596042213e-01
5.60770856899e-01
5.56834735621e-01
5.63345107657e-01
5.59781171041e-01
5.63065294277e-01
5.59248207398e-01
5.61251871289e-01
5.62880117827e-01
5.61119963371e-01
5.63926248710e-01
5.62513451153e-01
5.62232940687e-01
5.61856062766e-01
5.62168042108e-01
5.65154512914e-01
5.57754890100e-01
5.60683457769e-01
5.64719781004e-01
5.60189065799e-01
5.61186492309e-01
5.63351551152e-01
5.56570294676e-01
5.59986446911e-01
5.58566181705e-01
5.62159838796e-01
5.59336633581e-01
5.60398054993e-01
5.58933408020e-01
5.62558055903e-01
5.62057557363e-01
5.60064244869e-01
5.61644516521e-01
5.60645432265e-01
5.65812101697e-01
5.63385033992e-01
5.58845047839e-01
5.61980045345e-01
5.61170599930e-01
5.61706577083e-01
5.59197207294e-01
5.62957340623e-01
5.60502374361e-01
5.59869522451e-01
5.63421664887e-01
5.59105347117e-01
5.56830000116e-01
5.61611278053e-01
5.60126699388e-01
5.62334056348e-01
5.60946086322e-01
5.62150375518e-01
5.64420332862e-01
5.62095359840e-01
5.63889553512e-01
5.57300935511e-01
5.63025962265e-01
5.65522119114e-01
5.62138417503e-01
5.58254646322e-01
5.64846715777e-01
5.65449690888e-01
5.64114263587e-01
5.61920557972e-01
5.63201340589e-01
5.62036143172e-01
5.61243426235e-01
5.65006387876e-01
5.61734568037e-01
5.60428689690e-01
5.61933249959e-01
5.65269481694e-01
5.60436059734e-01
5.62325142327e-01
5.57045703303e-01
5.60848143507e-01
5.58656371267e-01
5.60382976318e-01
5.64163990052e-01
5.60284577961e-01
5.61296612875e-01
5.62508906236e-01
5.63720850195e-01
5.60384436025e-01
5.63681526985e-01
5.64312651863e-01
5.64766531601e-01
5.60916184094e-01
5.62748826998e-01
5.58209334342e-01
5.58876241312e-01
5.64106363942e-01
5.57538701772e-01
5.60191927279e-01
5.61817290546e-01
5.59203553452e-01
5.62216767755e-01
5.57327331333e-01
5.64091285734e-01
5.59869922152e-01
5.60325770860e-01
5.62228087427e-01
5.57262680416e-01
5.61518104970e-01
5.59878585559e-01
5.66906123906e-01
5.59622378143e-01
5.61790800461e-01
5.60272602964e-01
5.59543733113e-01
5.59361591254e-01
5.63454602073e-01
5.60594952785e-01
5.63602869058e-01
5.63188336909e-01
5.61877030885e-01
5.53466495384e-01
5.65152814978e-01
5.62921999985e-01
5.58137322588e-01
5.58699552823e-01
5.61774985499e-01
5.57214300034e-01
5.61279859900e-01
5.63703420692e-01
5.62441755747e-01
5.63285818621e-01
5.61971618595e-01
5.59777988478e-01
5.61365144623e-01
5.64024347113e-01
5.58702873858e-01
5.60809817537e-01
5.58257702236e-01
5.58782685690e-01
5.64616800134e-01
5.59430024574e-01
5.61638747572e-01
5.61449921931e-01
5.60035788892e-01
5.62164672105e-01
5.61195998320e-01
5.60728544981e-01
5.60083879067e-01
5.62518554991e-01
5.64516379124e-01
5.62877750438e-01
5.64057472143e-01
5.63224932522e-01
5.62294849101e-01
5.62845779744e-01
5.61775207218e-01
5.61696268549e-01
5.63540344832e-01
5.64007044076e-01
5.60624230684e-01
5.63321967137e-01
5.60904796763e-01
5.61092606634e-01
5.59223188079e-01
5.57232811254e-01
5.58841790772e-01
5.64157167399e-01
5.59909352676e-01
5.62738879102e-01
5.66133461622e-01
5.55369558570e-01
5.61466745229e-01
5.60386884437e-01
5.62454929355e-01
5.60208965530e-01
5.60992875527e-01
5.63286038244e-01
5.59241677902e-01
5.61677648725e-01
5.60022808453e-01
5.57331983061e-01
5.58469171471e-01
5.62914217808e-01
5.61482168678e-01
5.60703146283e-01
5.57201108246e-01
5.60938832391e-01
5.56120359372e-01
5.63646900817e-01
5.62605374131e-01
5.59896470444e-01
5.64058851747e-01
5.60454055600e-01
5.57878908882e-01
5.59511707395e-01
5.59432686235e-01
5.62304184741e-01
5.63579680387e-01
5.58720381840e-01
5.64082043080e-01
5.61570339479e-01
5.60615614515e-01
5.57834638228e-01
5.54606903553e-01
5.60495687902e-01
5.60716025649e-01
5.61572412185e-01
5.62343326889e-01
5.60547883224e-01
5.58553207404e-01
5.57460709612e-01
5.63683775814e-01
5.61281467484e-01
5.61090550988e-01
5.62338961278e-01
5.59196093066e-01
5.60630436353e-01
5.59070703256e-01
5.57358918680e-01
5.63890312840e-01
5.63053786820e-01
5.58159531892e-01
5.61707624370e-01
5.57077795345e-01
5.62524090979e-01
5.63829778580e-01
5.60031000114e-01
5.66384762207e-01
5.63282647408e-01
5.59063399828e-01
5.60799110608e-01
5.62836582085e-01
5.57266122867e-01
5.61927761245e-01
5.59758170634e-01
5.58812355449e-01
5.61016680497e-01
5.62387520582e-01
5.61115339498e-01
5.60275362768e-01
5.62198337005e-01
5.63314691179e-01
5.59649768707e-01
5.60753447644e-01
5.63944636671e-01
5.57660769182e-01
5.59110352004e-01
5.64229787001e-01
5.62500796914e-01
5.58169383071e-01
5.59954872705e-01
5.62711860183e-01
5.67151185717e-01
5.57638203929e-01
5.61234170391e-01
5.61908620141e-01
5.63684960613e-01
5.63241215357e-01
5.64559891389e-01
5.62780283228e-01
5.65805273851e-01
5.58019711126e-01
5.58110467516e-01
5.66825600043e-01
5.56011336812e-01
5.57596165797e-01
5.59679132013e-01
5.62355977334e-01
5.62221463801e-01
5.64569812385e-01
5.64743484029e-01
5.53399260985e-01
5.62971448404e-01
5.60787061223e-01
5.64692212888e-01
5.63191178654e-01
5.63734134498e-01
5.59976689251e-01
5.57976767262e-01
5.59671948084e-01
5.62641234177e-01
5.61935320342e-01
5.64918500042e-01
5.61224515582e-01
5.59125835260e-01
5.60000116375e-01
5.64272189588e-01
5.61474653359e-01
5.64214986108e-01
5.65376719689e-01
5.60936549287e-01
5.59261360494e-01
5.60787413314e-01
5.58198107386e-01
5.60874338926e-01
5.64374298161e-01
5.61177544450e-01
5.60759491921e-01
5.58553396027e-01
5.59215244194e-01
5.58477324175e-01
5.65642657371e-01
5.57543581516e-01
5.64680374203e-01
5.63212892844e-01
5.62921408040e-01
5.58859116267e-01
5.63789918793e-01
5.62972463868e-01
5.58893735169e-01
5.62532823501e-01
5.64134999680e-01
5.59477593248e-01
5.61714180698e-01
5.67357159028e-01
5.57455035302e-01
5.59198351936e-01
5.61229493633e-01
5.62677563137e-01
5.60185108011e-01
5.63480476923e-01
5.59331529255e-01
5.65207644813e-01
5.61269004314e-01
5.61944292870e-01
5.59466865522e-01
5.59373192261e-01
5.61536380957e-01
5.58591364415e-01
5.64089650052e-01
5.59132583808e-01
5.63392528286e-01
5.62909858032e-01
5.61881173215e-01
5.54636692341e-01
5.60716026891e-01
5.59662584633e-01
5.63112077756e-01
5.61112693965e-01
5.57535091601e-01
5.59316394144e-01
5.62922323833e-01
5.57537030556e-01
5.58767275646e-01
5.64023087912e-01
5.64104645120e-01
5.61961938247e-01
5.65638474150e-01
5.62855925295e-01
5.54430695876e-01
5.61832798179e-01
5.64051001310e-01
5.57011685320e-01
5.54582417620e-01
5.62305288174e-01
5.60377507230e-01
5.62517739676e-01
5.66389051265e-01
5.62106132305e-01
5.65145893538e-01
5.58355579172e-01
5.60987173965e-01
5.61290371185e-01
5.58634933465e-01
5.61092928248e-01
5.65039424958e-01
5.59211867386e-01
5.56246101434e-01
5.57524060998e-01
5.65594474985e-01
5.57166580212e-01
5.58485491560e-01
5.61046137452e-01
5.58507258286e-01
5.61315037597e-01
5.60506867237e-01
5.59255258549e-01
5.60222104591e-01
5.61141626660e-01
5.58632611799e-01
5.64379064537e-01
5.56124571630e-01
5.63493908034e-01
5.61102507254e-01
5.59784097895e-01
5.63510025956e-01
5.62145413157e-01
5.57388227413e-01
5.56728958847e-01
5.58957432914e-01
5.55664171454e-01
5.63949847168e-01
5.61284231085e-01
5.59999879073e-01
5.61901171264e-01
5.58209409550e-01
5.63558282470e-01
5.56620329257e-01
5.59532919771e-01
5.62079277081e-01
5.65712725577e-01
5.60521360798e-01
5.60126343258e-01
5.62028869423e-01
5.59199209602e-01
5.58613605835e-01
5.61155340788e-01
5.58684938907e-01
5.63175436901e-01
5.56749680882e-01
5.59779997684e-01
5.58953241421e-01
5.59942029858e-01
5.61374711496e-01
5.62370979846e-01
5.61107454180e-01
5.55638126286e-01
5.59502229142e-01
5.59650225618e-01
5.63268408853e-01
5.62974060134e-01
5.58670651898e-01
5.61201891479e-01
