8.98914488025e-01
8.98078547266e-01
8.97292511101e-01
8.97781812124e-01
8.94489064146e-01
8.98038401433e-01
8.98557330088e-01
8.96037156925e-01
8.97818456173e-01
8.95513079167e-01
8.96580498619e-01
8.96300784673e-01
8.95393609794e-01
8.99134935801e-01
8.94837156089e-01
8.96787726262e-01
8.96265756915e-01
8.96053340955e-01
8.95488829681e-01
8.95821099071e-01
8.95562119704e-01
8.97097287118e-01
8.95341929583e-01
8.95865798312e-01
8.95470684363e-01
8.96751179406e-01
8.95553011806e-01
8.97741510722e-01
8.96295886030e-01
8.97614632948e-01
8.96471782158e-01
8.95798376782e-01
8.97474020610e-01
8.97197653579e-01
8.95740813226e-01
8.94569955963e-01
8.95907979216e-01
8.97661685597e-01
8.98690509246e-01
8.93220435188e-01
8.98557190721e-01
8.95666795867e-01
8.97651746157e-01
8.96478819429e-01
8.96304687510e-01
8.95624965258e-01
8.96529546952e-01
8.95017116171e-01
8.93904521117e-01
8.94772595713e-01
8.95661537428e-01
8.95498130958e-01
8.95478417114e-01
8.96984434663e-01
8.98344769621e-01
8.94423743086e-01
8.95446815530e-01
8.97677497954e-01
8.96884994921e-01
8.94519319490e-01
8.95696958614e-01
8.96278539750e-01
8.94391542318e-01
8.97130669792e-01
8.96628933930e-01
8.96254695183e-01
8.94862949617e-01
8.98074264515e-01
8.95859015434e-01
8.95940068357e-01
8.95627228378e-01
8.98290688421e-01
8.96246775626e-01
8.97815526666e-01
8.97066579442e-01
8.97032918472e-01
8.98179104882e-01
8.96652961767e-01
8.95575035930e-01
8.93858464757e-01
8.97169626862e-01
8.97993753133e-01
8.95855631589e-01
8.94631941049e-01
8.94164571015e-01
8.95824689690e-01
8.95015357844e-01
8.96723477695e-01
8.95650724810e-01
8.95919079947e-01
8.97887057391e-01
8.94670959827e-01
8.97669786888e-01
8.97957193171e-01
8.95057407431e-01
8.97074474455e-01
8.95694851517e-01
8.94963501616e-01
8.96546418197e-01
8.97355083223e-01
8.95530131733e-01
8.94854362635e-01
8.95705277314e-01
8.97012375393e-01
8.97990258709e-01
8.95723870317e-01
8.96867103676e-01
8.97186021903e-01
8.96124990523e-01
8.96656232734e-01
8.94921462527e-01
8.98004175910e-01
8.97268988874e-01
8.97180391019e-01
8.96217161385e-01
8.95188535770e-01
8.96280341642e-01
8.97599738903e-01
8.95805728546e-01
8.94723947884e-01
8.95317765792e-01
8.97636528731e-01
8.95445521964e-01
8.96416059765e-01
8.96130287180e-01
8.96656171406e-01
8.96943517364e-01
8.94660781078e-01
8.95582513371e-01
8.95832678403e-01
8.95317167660e-01
8.95778202310e-01
8.95742734758e-01
8.95905528743e-01
8.97757512756e-01
8.96240862001e-01
8.95919728688e-01
8.96535386350e-01
8.97088587893e-01
8.96925534815e-01
8.96929713781e-01
8.95318711564e-01
8.95125207202e-01
8.99343928509e-01
8.97225691403e-01
8.96788568150e-01
8.98925298094e-01
8.96046402374e-01
8.96279440027e-01
8.97102564233e-01
8.96115731286e-01
8.95320021588e-01
8.98163438732e-01
8.96324044825e-01
8.96823933664e-01
8.97529412103e-01
8.95049107188e-01
8.94925769465e-01
8.96125152328e-01
8.97217116483e-01
8.97241688230e-01
8.96513611371e-01
8.96176003694e-01
8.95458933176e-01
8.95782071741e-01
8.98049851082e-01
8.97190239784e-01
8.96397672171e-01
8.98038605997e-01
8.96698466650e-01
8.96026681407e-01
8.97383542003e-01
8.95522841932e-01
8.95591835932e-01
8.96959947959e-01
8.94881203460e-01
8.95763286643e-01
8.95091368693e-01
8.97706725885e-01
8.95974671113e-01
8.96011849620e-01
8.96560486294e-01
8.96825556777e-01
8.96452158301e-01
8.93340124356e-01
8.96293380498e-01
8.94117207458e-01
8.98432274886e-01
8.97222010765e-01
8.95909899825e-01
8.95241311970e-01
8.94419987987e-01
8.94519348005e-01
8.97186032125e-01
8.94757321881e-01
8.97097550641e-01
8.94830300612e-01
8.96861712265e-01
8.96709037347e-01
8.95344188710e-01
8.95783240320e-01
8.95477870208e-01
8.96139144224e-01
8.97377667805e-01
8.96150305953e-01
8.99044924960e-01
8.98045471641e-01
8.94841453350e-01
8.94853832032e-01
8.95117979786e-01
8.97329911134e-01
8.95567101480e-01
8.95797917835e-01
8.95075350335e-01
8.95844573231e-01
8.96967250982e-01
8.96600285148e-01
8.94527410566e-01
8.95365713582e-01
8.96279863803e-01
8.96115150190e-01
8.96256904935e-01
8.95814203434e-01
8.96177692604e-01
8.96589555320e-01
8.95887105248e-01
8.95594790031e-01
8.93763758074e-01
8.99622055612e-01
8.97427449909e-01
8.96041805572e-01
8.98228149528e-01
8.99416427027e-01
8.95469113382e-01
8.96546775902e-01
8.97832426817e-01
8.96254415963e-01
8.95761468553e-01
8.96898617695e-01
8.94132536527e-01
8.97063955524e-01
8.95971610373e-01
8.94599965577e-01
8.97174792005e-01
8.95976202510e-01
8.96235158936e-01
8.97003189591e-01
8.96879329320e-01
8.94819598477e-01
8.98314884061e-01
8.95223515137e-01
8.96828161082e-01
8.96611830719e-01
8.94386513986e-01
8.98175210296e-01
8.95945399842e-01
8.95321930037e-01
8.97239339836e-01
8.95724361725e-01
8.95835767764e-01
8.95702923874e-01
8.98106903144e-01
8.95190550490e-01
8.96206258512e-01
8.95900571240e-01
8.94678332866e-01
8.96501374947e-01
8.95522454732e-01
8.95901584103e-01
8.97249620341e-01
8.95600143976e-01
8.96987435823e-01
8.94978636935e-01
8.97382858852e-01
8.99406467158e-01
8.97201180460e-01
8.95936253110e-01
8.96705398144e-01
8.95039534478e-01
8.96978337983e-01
8.95832872563e-01
8.94444203594e-01
8.95828360354e-01
8.94445458455e-01
8.95873292958e-01
8.95676016343e-01
8.96383471771e-01
8.97481308475e-01
8.95329206611e-01
8.98127563685e-01
8.96370954195e-01
8.98438841149e-01
8.95771180685e-01
8.96965962014e-01
8.96817136217e-01
8.98809438915e-01
8.94131452432e-01
8.97654058420e-01
8.98140253171e-01
8.95310904112e-01
8.96151298215e-01
8.96579589632e-01
8.95437787193e-01
8.98583056629e-01
8.95315544591e-01
8.96970898435e-01
8.98329938840e-01
8.97122567880e-01
8.97467366815e-01
8.97270909557e-01
8.96156773597e-01
8.96437009226e-01
8.95043876524e-01
8.97239992718e-01
8.95036406978e-01
8.95636239835e-01
8.95020015130e-01
8.94296082723e-01
8.98090638289e-01
8.97577526084e-01
8.96508519577e-01
8.95360991126e-01
8.95958074369e-01
8.95120989507e-01
8.95391539035e-01
8.97230243524e-01
8.97204501434e-01
8.96483055064e-01
8.96059137830e-01
8.97056244677e-01
8.96739431577e-01
8.95432545865e-01
8.95796715263e-01
8.98110119439e-01
8.93857300589e-01
8.97824204455e-01
8.97876867736e-01
8.95275860559e-01
8.95791389647e-01
8.95974210644e-01
8.95394497514e-01
8.97767889200e-01
8.96780836026e-01
8.94295067461e-01
8.95082471641e-01
8.96997480105e-01
8.96467226364e-01
8.96605520252e-01
8.97268394426e-01
8.94976047191e-01
8.95859746204e-01
8.97273064020e-01
8.96572561777e-01
8.97631200881e-01
8.94738854524e-01
8.96499366557e-01
8.95188352966e-01
8.94756504396e-01
8.96265299333e-01
8.97558543276e-01
8.96055468384e-01
8.96770368548e-01
8.94804524933e-01
8.96880354326e-01
8.95666322213e-01
8.96676698351e-01
8.95429890395e-01
8.97598647931e-01
8.95969688398e-01
8.93248100876e-01
8.94053634302e-01
8.95017191434e-01
8.95639980714e-01
8.96502942283e-01
8.96064536823e-01
8.94956993004e-01
8.97084877154e-01
8.97020625691e-01
8.95130472129e-01
8.96434451700e-01
8.95562885631e-01
8.93495716071e-01
8.96791922552e-01
8.98036237449e-01
8.95076974694e-01
8.96381915583e-01
8.96936862187e-01
8.96282628487e-01
8.96447177752e-01
8.96452888609e-01
8.96152976864e-01
8.94920316745e-01
8.97611945723e-01
8.95516121599e-01
8.97203086288e-01
8.97019263607e-01
8.96591256295e-01
8.94658073526e-01
8.95648233800e-01
8.95522851275e-01
8.97120693404e-01
8.95860632616e-01
8.95246546457e-01
8.96615406513e-01
8.95403605747e-01
8.96020202386e-01
8.95422703531e-01
8.97221856928e-01
8.98317046680e-01
8.95821399989e-01
8.96072392716e-01
8.96472743919e-01
8.96460301784e-01
8.93752624390e-01
8.94692040638e-01
8.96310916013e-01
8.96604956997e-01
8.95876041630e-01
8.96192349647e-01
8.94691625266e-01
8.95788393368e-01
8.96016199349e-01
8.97030783747e-01
8.95340628353e-01
8.96826943860e-01
8.96638140885e-01
8.95876955943e-01
8.96216349745e-01
8.96838091140e-01
8.96814517663e-01
8.97132232193e-01
8.96496866231e-01
8.96148220384e-01
8.96822171610e-01
8.96175104306e-01
8.95350503824e-01
8.95786052069e-01
8.96750164548e-01
8.96879734187e-01
8.94953106725e-01
8.95209391080e-01
8.95218386076e-01
8.97211073568e-01
8.95590405171e-01
8.95520221973e-01
8.94477966384e-01
8.95538042451e-01
8.95617130681e-01
8.99189058456e-01
8.95463556136e-01
8.97770448267e-01
8.96584944218e-01
8.95049378667e-01
8.98366857670e-01
8.96535594774e-01
8.97122759024e-01
8.96368932569e-01
8.96369860293e-01
8.98355177783e-01
8.96979803331e-01
8.96345507089e-01
8.95929116013e-01
8.95794556309e-01
8.95608959603e-01
8.97016290348e-01
8.95181186355e-01
8.95809953605e-01
8.96373084002e-01
8.93924049006e-01
8.98041879701e-01
8.95119670627e-01
8.97628134625e-01
8.97165837863e-01
8.95201012076e-01
8.96525177243e-01
8.96324359239e-01
8.95947899854e-01
8.95892920736e-01
8.98680764447e-01
8.96684778732e-01
8.97422536555e-01
8.95517400302e-01
8.96095346200e-01
8.93341841726e-01
8.93138663744e-01
8.98198911990e-01
8.97760009754e-01
8.96399986648e-01
8.96876196175e-01
8.97596148925e-01
8.97935701168e-01
8.93955013805e-01
8.96967742254e-01
8.97212342703e-01
8.95906303731e-01
8.95970331817e-01
8.95937446076e-01
8.94724679047e-01
8.95302048216e-01
8.96274929006e-01
8.96249284345e-01