-5.91011349772e+00
-6.06321114495e+00
-5.83054348784e+00
-5.99610110259e+00
-5.97071963674e+00
-5.97491664699e+00
-5.90917782018e+00
-5.89322907477e+00
-5.90065015919e+00
-6.11235260713e+00
-6.01303074525e+00
-6.02347149637e+00
-5.88542329820e+00
-6.05227040057e+00
-5.86982450622e+00
-5.97769154911e+00
-6.05792717113e+00
-6.00784743919e+00
-5.85846796416e+00
-5.84326123213e+00
-5.94890727778e+00
-5.93427967398e+00
-6.00962999792e+00
-5.89704299019e+00
-5.87833460182e+00
-5.84653061513e+00
-5.72428015431e+00
-5.92464008376e+00
-5.83723784284e+00
-6.00112400743e+00
-5.87255707278e+00
-5.96623046416e+00
-5.75951122760e+00
-6.00099422262e+00
-5.96441559536e+00
-5.95826817381e+00
-6.04099165183e+00
-5.89125192758e+00
-5.96753801962e+00
-5.96268751961e+00
-5.88180812142e+00
-5.85529677917e+00
-5.87059296628e+00
-5.89982962557e+00
-5.76687925709e+00
-5.84992250921e+00
-5.99715154741e+00
-5.83258736531e+00
-6.02195827248e+00
-6.01208169742e+00
-5.94661981662e+00
-6.06512568000e+00
-6.11705545320e+00
-6.00143042293e+00
-5.99056985707e+00
-6.07501503043e+00
-5.96827758740e+00
-5.85911700205e+00
-5.98120969359e+00
-5.99815976223e+00
-5.82958283474e+00
-5.95255195544e+00
-6.02412836743e+00
-5.93362024436e+00
-5.98915916091e+00
-6.11157273361e+00
-5.93653548045e+00
-6.03896985235e+00
-5.87248166009e+00
-6.00923192455e+00
-5.80470408678e+00
-6.00992263063e+00
-6.05514349767e+00
-5.98527960378e+00
-5.99465056167e+00
-5.94372457934e+00
-6.07644843660e+00
-5.96355748730e+00
-6.10464967847e+00
-5.81586459326e+00
-5.92675446204e+00
-5.87496389929e+00
-6.02431601597e+00
-5.83104224451e+00
-5.94371579607e+00
-5.99913100515e+00
-5.88854794681e+00
-5.86427672621e+00
-5.93076574014e+00
-6.10957705060e+00
-5.93434755301e+00
-5.96109885135e+00
-5.90877549194e+00
-5.83515215815e+00
-5.98691895351e+00
-5.83251346795e+00
-5.78317375603e+00
-5.89678776754e+00
-6.03303769750e+00
-5.98145105786e+00
-5.84317653431e+00
-6.01164780763e+00
-5.94227019265e+00
-5.94373486522e+00
-5.84026822844e+00
-5.76526857718e+00
-6.03060760906e+00
-6.03112771821e+00
-5.84855942149e+00
-6.01128875785e+00
-5.97934877052e+00
-5.85704774055e+00
-5.96087675286e+00
-5.93876937179e+00
-5.92429015160e+00
-5.88255939658e+00
-6.12010787551e+00
-6.00659926427e+00
-5.95627077692e+00
-5.98314425959e+00
-5.95739414615e+00
-6.02476006880e+00
-5.86623346181e+00
-5.84175338023e+00
-5.90100905025e+00
-5.89530679394e+00
-6.05673573695e+00
-5.88487152558e+00
-5.91049266493e+00
-5.96142335202e+00
-6.00520849849e+00
-6.09198734808e+00
-6.14382207111e+00
-5.89819041085e+00
-5.95964610488e+00
-5.82761503082e+00
-5.98256179587e+00
-5.86131939641e+00
-5.89665716963e+00
-5.96480051735e+00
-6.02142682511e+00
-5.85668613350e+00
-5.99687349596e+00
-5.95992517401e+00
-6.02218907821e+00
-5.97388185851e+00
-5.86021964405e+00
-5.83359270241e+00
-6.08759747317e+00
-5.94933615964e+00
-6.01525946980e+00
-6.08880840955e+00
-5.90465810902e+00
-5.84288043267e+00
-5.96856079262e+00
-5.85324128042e+00
-5.95755409387e+00
-5.96610208725e+00
-5.88120747181e+00
-5.79616745085e+00
-5.99059508572e+00
-5.87933043419e+00
-5.93400052195e+00
-5.99983025816e+00
-5.90331479335e+00
-6.00099426403e+00
-6.07251185626e+00
-5.87507472317e+00
-6.13369555608e+00
-5.89733605204e+00
-5.99101801937e+00
-5.88204338080e+00
-5.84302173206e+00
-5.85263272375e+00
-6.03320154183e+00
-5.83323934192e+00
-5.87466433657e+00
-5.93945336017e+00
-5.93067173471e+00
-5.94083664804e+00
-5.94197059373e+00
-5.98850197393e+00
-5.88923555114e+00
-5.86594214582e+00
-5.87867032068e+00
-5.95407864529e+00
-5.98789118717e+00
-6.03842285877e+00
-5.89441238853e+00
-5.91957368656e+00
-5.94888551895e+00
-5.97212218328e+00
-5.86563983382e+00
-5.87413090123e+00
-5.96974098072e+00
-5.85336564558e+00
-5.87828688538e+00
-5.94304003593e+00
-5.78466664461e+00
-5.90846587773e+00
-5.81768358362e+00
-5.91572878656e+00
-5.97493935148e+00
-6.01368390090e+00
-5.93403728386e+00
-5.87449154585e+00
-5.99281432007e+00
-5.95787407711e+00
-5.97563942251e+00
-5.95604234902e+00
-6.16636022226e+00
-5.86955001405e+00
-5.89100396089e+00
-5.92711924975e+00
-5.90245713982e+00
-5.93519309449e+00
-5.98742390989e+00
-5.98024247168e+00
-5.90450675965e+00
-5.89662772015e+00
-6.07592811032e+00
-5.78678718546e+00
-6.07733619568e+00
-5.94627412567e+00
-5.81758240610e+00
-5.97208513926e+00
-5.88325594320e+00
-6.01276067304e+00
-6.00217885802e+00
-5.96158147001e+00
-5.85456291798e+00
-5.91223310766e+00
-5.97032563398e+00
-5.96795369475e+00
-5.90423241545e+00
-6.00074728045e+00
-6.06043436345e+00
-5.79585590081e+00
-5.82947394283e+00
-5.93608501482e+00
-5.87154878500e+00
-5.87579116691e+00
-5.74200702743e+00
-5.92904694575e+00
-6.06672853507e+00
-5.90899648119e+00
-5.87491711407e+00
-5.98832041060e+00
-5.95806686390e+00
-5.98750003063e+00
-5.91923412939e+00
-5.95853456760e+00
-5.96420703213e+00
-6.03045607246e+00
-5.97715476038e+00
-5.81951109573e+00
-5.86597687254e+00
-6.01119773986e+00
-5.98566788768e+00
-6.05224314304e+00
-5.91947126972e+00
-6.00364785100e+00
-5.91853019277e+00
-5.95541809882e+00
-6.12124573088e+00
-5.82010507223e+00
-5.86585838268e+00
-6.01823237795e+00
-5.95008555737e+00
-5.91741520230e+00
-5.95477787590e+00
-5.93927552860e+00
-5.81363705580e+00
-5.91364204965e+00
-5.91652756093e+00
-6.04665802669e+00
-5.98070426568e+00
-5.94326933126e+00
-5.76298712894e+00
-5.81907150348e+00
-5.91913741302e+00
-5.85020970763e+00
-5.88849088847e+00
-5.93182501534e+00
-5.88590916463e+00
-6.01336232895e+00
-5.89522710926e+00
-6.01770060607e+00
-5.81004959855e+00
-6.00808821185e+00
-5.82584498133e+00
-6.07021143951e+00
-6.01901705051e+00
-5.96754976080e+00
-5.98038917039e+00
-5.92691534055e+00
-5.95727947504e+00
-5.96387837240e+00
-5.90952478702e+00
-6.00740483952e+00
-5.98197685501e+00
-5.90230045378e+00
-5.83764021185e+00
-6.00154519704e+00
-5.88884864190e+00
-5.97337578896e+00
-6.00864748356e+00
-5.95441608920e+00
-6.09512633338e+00
-5.94688239934e+00
-5.98865933882e+00
-6.06231585295e+00
-5.91641910493e+00
-5.88555180736e+00
-6.06681003756e+00
-5.93014525878e+00
-5.95181588492e+00
-5.86283543680e+00
-5.83948199422e+00
-5.99521774303e+00
-5.87876655946e+00
-5.90468498889e+00
-5.96697527599e+00
-5.87841140940e+00
-5.85082372970e+00
-5.89742741473e+00
-5.73008238285e+00
-5.95952475754e+00
-6.02094554033e+00
-6.02302528880e+00
-5.95420142339e+00
-5.88698608276e+00
-5.93882426523e+00
-5.94322186091e+00
-5.90161008809e+00
-6.10757716367e+00
-5.91908921506e+00
-5.98473888782e+00
-5.91017552790e+00
-5.89881696421e+00
-5.84654086710e+00
-5.90638387113e+00
-6.05431889667e+00
-5.97508453131e+00
-6.02483778243e+00
-6.01646672095e+00
-5.91121287495e+00
-6.16491031611e+00
-6.00016189978e+00
-5.98334752190e+00
-5.88655750935e+00
-5.82199749061e+00
-5.90728693061e+00
-6.06263595634e+00
-5.97407009571e+00
-5.91919340760e+00
-5.91402908559e+00
-5.90525353360e+00
-5.91475492340e+00
-6.09625245709e+00
-5.81389898439e+00
-5.92324279248e+00
-5.94038221558e+00
-5.81949119531e+00
-5.90922481214e+00
-6.00409376764e+00
-5.99481117588e+00
-5.99383470240e+00
-5.86111010354e+00
-5.94641973277e+00
-5.83728924187e+00
-5.92390701153e+00
-6.03924650674e+00
-6.12574115736e+00
-5.85783116928e+00
-5.83474506363e+00
-5.90665065215e+00
-5.78080592980e+00
-5.97390025497e+00
-5.92820519917e+00
-5.90906895948e+00
-5.93184071827e+00
-5.95428412335e+00
-6.09707847182e+00
-5.90211709712e+00
-6.09008733694e+00
-5.83159261251e+00
-5.79031833572e+00
-5.84523706511e+00
-5.91880298218e+00
-6.02673205786e+00
-5.86128892733e+00
-6.08182185940e+00
-5.92333716919e+00
-6.07089315732e+00
-5.86969048200e+00
-5.86819137809e+00
-5.86756407387e+00
-6.06528847675e+00
-5.98513190964e+00
-5.98331029884e+00
-5.71566763043e+00
-5.89475217012e+00
-5.77081682383e+00
-5.91448411721e+00
-5.99290842773e+00
-5.99911206822e+00
-5.87930141281e+00
-6.04496277329e+00
-5.89068348541e+00
-6.00755460095e+00
-5.76026247115e+00
-5.85566043855e+00
-6.01922221099e+00
-5.92360583107e+00
-5.91189159161e+00
-5.94147803214e+00
-6.01167409489e+00
-5.86967184250e+00
-5.78346207503e+00
-5.91217835175e+00
-5.85042766205e+00
-5.95188377373e+00
-5.87133554140e+00
-5.97024561420e+00
-6.07122525634e+00
-5.84295524663e+00
-5.87043126263e+00
-5.86612133979e+00
-5.84704593225e+00
-5.86402908151e+00
-5.89025032043e+00
-5.79809727079e+00
-5.89415132372e+00
-5.92262733338e+00
-5.95525209876e+00
-5.86734970884e+00
-5.95301016142e+00
-5.86447157848e+00
-6.00946157004e+00
-5.97889435700e+00
-5.85916521160e+00
-5.71233357225e+00
-6.02949760329e+00
-5.94975549432e+00
-5.98177161468e+00
-5.88573166700e+00
-5.90365556965e+00
-6.02158105890e+00
-5.84123802170e+00
-6.07605145747e+00
-5.77744133155e+00
-6.06242429261e+00
-5.99438211315e+00
-5.82759224340e+00
-6.01683198999e+00
-6.02013500868e+00
-5.71774610732e+00
-6.16809099659e+00
-5.90375687294e+00
-6.06070650133e+00
-5.77725052722e+00
-5.83819082625e+00
-5.94675390555e+00
-5.86575370187e+00
-6.04866722897e+00
-5.90999651342e+00
-5.90417499668e+00
-5.93414631113e+00
-6.03341418757e+00
-5.86747460086e+00
-5.91658508260e+00
-5.90887535412e+00
-6.00706814271e+00
-5.98710837683e+00
-5.97529999669e+00
-5.86790700163e+00
-6.08099480503e+00
-5.87935511908e+00
-5.87508285009e+00
-5.84570094150e+00
-5.88084018766e+00
-5.91052548305e+00
-5.94813616883e+00
-5.92570411663e+00
-5.92965143078e+00
-6.00484197419e+00
-6.02219172816e+00
-6.03469840937e+00
-6.01319018775e+00
-5.85893098574e+00
-5.91717664229e+00
-5.87916903539e+00
-6.07217469619e+00
-5.93095228949e+00
-5.94628333135e+00
-6.08022647694e+00
-5.72166266885e+00
-5.92876249823e+00
-5.98839962511e+00
-5.94133769718e+00