2.05677271742e+00
2.13073837759e+00
2.10913647367e+00
2.05648058329e+00
2.05678832207e+00
2.14830408890e+00
2.08051086036e+00
2.15655062573e+00
2.07589949435e+00
2.13918547460e+00
2.16500226915e+00
2.09729555359e+00
2.10137197625e+00
2.06311496610e+00
2.12407657279e+00
2.09380538934e+00
2.13920310046e+00
2.12317746137e+00
2.19689133610e+00
2.05527873737e+00
2.05870403355e+00
2.10256442252e+00
2.00867395949e+00
2.08244666001e+00
2.00571293718e+00
2.11777047229e+00
2.09119926914e+00
2.05167409639e+00
2.20264414010e+00
2.27675664796e+00
2.08899342138e+00
2.15174123120e+00
1.97757264476e+00
2.12683984429e+00
2.13399515210e+00
2.11944016917e+00
2.17845693223e+00
2.20859966067e+00
2.02834476269e+00
2.11664891631e+00
2.14792748470e+00
2.06922321293e+00
2.07450406075e+00
2.10743406930e+00
2.08433426966e+00
2.12147026051e+00
2.17576366483e+00
2.04439281745e+00
2.05677274658e+00
2.17274481405e+00
2.04864741352e+00
2.11536916238e+00
2.13491652835e+00
2.17991792245e+00
2.06129799189e+00
2.20727731438e+00
2.09712366147e+00
2.12999146492e+00
2.16037552444e+00
2.19492543090e+00
2.12978933543e+00
2.21284056459e+00
2.16395437129e+00
2.01232549029e+00
2.07785498262e+00
2.08854662780e+00
2.24174079024e+00
2.21519917460e+00
2.06212387102e+00
2.08338629708e+00
2.13403794223e+00
2.17740216955e+00
2.16504777175e+00
2.08376651653e+00
2.08721668882e+00
2.14039869614e+00
2.24371551098e+00
2.18486033977e+00
2.02181208716e+00
2.04558210117e+00
2.07461756087e+00
2.20724343107e+00
1.97826678913e+00
1.98172561436e+00
2.11394686900e+00
2.16649058957e+00
2.03963153706e+00
2.15324140012e+00
2.23662252533e+00
2.09991247417e+00
2.09838691952e+00
2.05911662495e+00
2.11031916243e+00
2.07328498064e+00
2.05910218295e+00
2.11463904767e+00
2.14686641981e+00
2.16257006017e+00
2.12920972770e+00
2.05740454785e+00
2.18138024405e+00
2.04197274566e+00
2.07074802746e+00
2.07823499479e+00
2.12013607138e+00
2.21800038804e+00
2.18909910469e+00
2.06091112981e+00
2.07914162712e+00
2.15919708403e+00
2.22158873906e+00
2.22082279095e+00
2.10212603717e+00
2.13640520577e+00
1.97800344792e+00
2.25504816479e+00
2.14803586314e+00
2.07585728316e+00
2.21400273423e+00
2.19985806226e+00
2.06609829261e+00
2.06811501266e+00
2.07535540190e+00
2.01034989167e+00
2.08608623561e+00
2.13298964008e+00
2.12446232230e+00
2.09137245823e+00
2.14233126024e+00
2.10839475518e+00
2.20638914742e+00
2.02831109062e+00
2.00801664575e+00
2.01758318240e+00
2.09878259956e+00
2.01435347629e+00
2.03300497052e+00
2.08977915657e+00
1.96223274148e+00
2.06969794722e+00
2.16298434059e+00
1.94316046861e+00
2.19208545328e+00
2.14222661132e+00
2.16341757287e+00
2.15548962334e+00
2.01435297453e+00
2.16695223986e+00
2.13754295630e+00
2.12502867808e+00
1.97321939067e+00
2.11446064976e+00
1.96965067694e+00
2.14899353650e+00
2.15137590370e+00
2.16453747698e+00
2.17182899581e+00
2.08168569617e+00
2.07778805012e+00
2.13026253716e+00
2.14490292814e+00
2.19251300844e+00
2.17746897846e+00
2.13058890577e+00
2.04998744940e+00
2.13427626172e+00
1.94516928918e+00
2.11768363242e+00
1.99070710426e+00
2.18948556453e+00
2.12630836113e+00
2.07777994248e+00
2.13867017582e+00
2.09534850923e+00
2.09870663824e+00
2.11593213752e+00
2.20653593326e+00
2.13486118148e+00
2.18715698693e+00
2.08404041721e+00
2.09794192039e+00
1.97135438357e+00
2.04798271433e+00
2.16845405003e+00
2.15807227366e+00
2.11802753673e+00
2.08848423185e+00
2.10339309435e+00
2.10991704881e+00
2.04658185163e+00
2.04478839174e+00
2.20242212216e+00
2.08228244779e+00
2.03928281456e+00
2.09901395080e+00
2.09242033775e+00
2.17305324814e+00
2.03697223733e+00
2.11331594282e+00
2.17184765175e+00
2.14214915733e+00
2.07480162111e+00
2.11036863763e+00
2.01019319208e+00
2.08061721571e+00
1.97602144928e+00
2.09352328399e+00
2.22889600547e+00
2.04089006281e+00
2.10024226944e+00
2.10756447399e+00
2.16093497087e+00
2.20651878747e+00
2.11125225235e+00
2.17386531427e+00
2.18954643797e+00
2.10308312890e+00
2.09107149582e+00
2.01958790736e+00
2.14761178679e+00
2.09979324618e+00
2.17304369174e+00
2.11348706831e+00
2.07385130802e+00
2.12468152583e+00
2.03531375928e+00
2.17112801036e+00
2.03901096134e+00
2.09984956223e+00
2.13763621169e+00
2.04997502396e+00
2.01293874149e+00
2.10659623923e+00
2.21988456465e+00
2.08332301600e+00
2.06136926856e+00
2.09710178893e+00
2.03994247702e+00
2.10527507317e+00
2.06368306895e+00
2.17557731011e+00
2.01708410104e+00
2.14028034348e+00
2.08587415913e+00
2.24368440316e+00
2.05317585235e+00
2.14245666490e+00
2.07633909408e+00
2.07845166248e+00
2.14820275821e+00
2.02836249350e+00
2.11430087413e+00
2.12096350162e+00
2.15674076946e+00
2.09891402778e+00
2.06968494190e+00
2.00853777620e+00
2.05372432873e+00
2.08714858267e+00
2.14602520650e+00
2.09731010186e+00
2.11443004317e+00
2.10950657341e+00
2.09673798054e+00
2.03527884602e+00
2.13298554634e+00
2.22297874633e+00
2.11061256205e+00
2.21541342402e+00
2.20130366122e+00
2.08738694937e+00
1.99657069737e+00
2.17444346153e+00
2.16026572568e+00
2.19995605278e+00
2.16796429397e+00
2.08278082164e+00
2.14989228950e+00
1.95259516916e+00
2.18546114543e+00
2.12000182403e+00
2.18465875873e+00
2.12950519708e+00
2.13366806749e+00
2.10836385174e+00
2.15675305641e+00
2.11786798012e+00
2.08787319428e+00
2.10568570920e+00
2.19631754633e+00
2.27101052079e+00
2.10514549837e+00
2.10242549566e+00
2.23275230121e+00
2.08016577891e+00
2.14141109506e+00
2.22211281765e+00
2.15020579199e+00
2.18135393635e+00
2.08561763832e+00
2.07462039708e+00
2.23597651298e+00
2.06273850569e+00
2.17715231527e+00
2.12776099837e+00
2.09097388099e+00
2.12880980973e+00
2.04379951899e+00
2.12007743685e+00
2.02298260721e+00
2.09727495337e+00
2.01506672778e+00
2.15763795565e+00
2.13076587057e+00
2.12775493600e+00
2.15120634380e+00
2.12444493378e+00
2.21418832291e+00
2.14056847371e+00
2.10677237479e+00
2.05308888309e+00
2.07157273890e+00
2.04975118903e+00
2.07560398568e+00
2.11127456162e+00
2.01788139685e+00
2.17611334172e+00
2.10485617484e+00
2.10275459243e+00
2.18361698990e+00
2.06201577268e+00
2.13263448866e+00
2.17175505372e+00
2.13378817906e+00
2.10773375598e+00
2.13815978267e+00
2.18602738514e+00
2.16906672136e+00
2.16601367649e+00
2.14659632592e+00
2.10139651388e+00
2.18707437960e+00
2.11263881507e+00
2.06284370709e+00
2.18990816267e+00
2.09761933646e+00
2.09299771255e+00
2.18228643794e+00
2.08086228893e+00
2.15884577138e+00
2.02578848477e+00
2.11526713097e+00
2.23994904579e+00
2.14447692943e+00
2.07765050590e+00
2.20528611876e+00
2.00593757340e+00
2.08682250927e+00
2.04856145414e+00
2.13352679612e+00
2.02420307812e+00
2.03759604804e+00
2.15740970674e+00
2.19022229275e+00
2.15561041352e+00
2.13830037741e+00
2.12358425988e+00
2.12300978387e+00
2.04097727878e+00
2.15703696251e+00
2.05052844181e+00
2.11730717325e+00
2.04693078135e+00
2.13896369813e+00
2.09866512223e+00
2.04203035054e+00
2.15322462362e+00
2.09353568147e+00
2.07715638349e+00
2.05249018383e+00
2.17477168393e+00
1.99755520380e+00
2.16972240998e+00
2.13852777859e+00
1.99249947323e+00
2.05299025039e+00
2.15690638428e+00
2.16252115350e+00
2.26606840278e+00
2.07654418452e+00
1.99102357463e+00
2.13833695181e+00
2.14916426217e+00
2.13031711669e+00
2.10861013673e+00
2.01775370242e+00
2.27033865943e+00
2.15954421078e+00
2.17776432110e+00
2.08933851633e+00
2.01583705865e+00
2.01289696938e+00
2.14661621139e+00
2.09347360995e+00
2.12335227273e+00
2.06843714450e+00
2.05737190172e+00
2.05190163023e+00
2.20347152355e+00
2.14668563126e+00
2.21634632802e+00
2.10230870434e+00
2.08229005564e+00
2.18083671075e+00
2.19392192983e+00
2.04165420803e+00
2.11174960749e+00
2.07771978080e+00
2.05012030771e+00
2.08073118341e+00
2.11051508238e+00
2.09126255384e+00
2.09807914934e+00
2.10920287904e+00
2.14668459098e+00
2.03734597984e+00
2.16003158371e+00
2.06438496156e+00
2.10688859339e+00
2.07442164485e+00
2.08694928576e+00
2.05526516411e+00
1.94602905662e+00
2.05545993585e+00
2.10643342245e+00
2.10609440208e+00
2.15404305225e+00
2.10800186251e+00
2.10662834663e+00
2.08277448396e+00
2.17849034493e+00
2.06660453614e+00
2.16538567611e+00
2.01863536523e+00
2.21754809457e+00
2.12476431550e+00
2.16134886098e+00
2.17171615195e+00
2.06575624302e+00
2.00687637988e+00
2.11045031096e+00
2.08669028542e+00
2.20325775520e+00
2.09943707601e+00
2.28397166387e+00
2.06671651970e+00
2.09926315684e+00
2.18495684264e+00
2.19128057003e+00
2.13301514084e+00
2.20363614366e+00
2.28422757991e+00
2.05508629423e+00
2.15663455294e+00
2.18623079529e+00
2.18936321837e+00
2.11851945632e+00
2.08299176564e+00
2.01191637701e+00
2.11201819944e+00
2.15470991505e+00
2.06470636294e+00
2.06558206650e+00
2.23933760409e+00
1.98043835328e+00
2.17064659496e+00
2.21656949276e+00
2.15562266574e+00
2.10504689342e+00
2.14362478579e+00
2.19220206206e+00
2.01239018393e+00
2.07754079747e+00
2.14996256326e+00
2.07604532221e+00
2.12828439947e+00
2.04323129868e+00
2.10010668436e+00
2.30553965058e+00
2.11555283590e+00
2.08157103600e+00
2.14262747615e+00
1.95236917254e+00
2.17723286296e+00
2.19267177110e+00
2.04320555538e+00
2.14100442090e+00
2.16026677842e+00
2.08067034569e+00
2.08660166280e+00
2.11551801650e+00