6.81285935025e-01
6.52447740667e-01
6.68358553798e-01
6.34517260950e-01
6.66120702488e-01
6.33407782245e-01
7.52443253079e-01
6.13828354548e-01
5.91052299916e-01
6.61950590913e-01
7.14707946719e-01
6.35559955981e-01
7.33179555910e-01
6.10878293025e-01
6.29141206135e-01
6.76911469366e-01
7.22883311918e-01
5.88600094672e-01
7.34128835445e-01
6.17748225372e-01
6.33573272625e-01
6.55835517955e-01
6.82482375366e-01
7.22000892978e-01
6.16081211144e-01
6.86662039863e-01
7.01371404169e-01
7.19832090781e-01
7.29596983510e-01
7.50910979044e-01
6.53808054157e-01
7.10582545733e-01
6.28735941591e-01
7.28893656152e-01
7.28776932524e-01
7.39062010428e-01
7.63281024735e-01
6.97904776917e-01
6.99000621193e-01
7.36708921240e-01
7.28512124162e-01
6.54381102344e-01
6.70125316475e-01
6.85163862462e-01
7.03674196369e-01
7.29408493448e-01
6.87617185064e-01
6.88579276168e-01
6.75100066219e-01
7.19788854630e-01
6.90540306755e-01
6.25144941578e-01
7.20488996159e-01
6.88737663925e-01
7.09745885992e-01
7.26785006697e-01
7.30876169744e-01
6.53474993951e-01
6.26980237437e-01
7.37688465516e-01
6.58923914211e-01
7.53705374334e-01
6.80675271819e-01
6.59670700733e-01
6.61171889403e-01
6.34050387408e-01
7.70553906219e-01
7.24833817201e-01
6.78754882590e-01
6.76688762511e-01
6.96089495113e-01
7.57336455146e-01
7.27942356728e-01
6.65122631778e-01
6.39821639186e-01
7.46883894656e-01
7.05785191289e-01
7.05027008951e-01
6.83853366686e-01
6.67655753761e-01
6.70385867379e-01
7.15239730997e-01
6.66349755511e-01
6.59075651510e-01
6.71396704975e-01
7.13742470667e-01
6.79904183359e-01
6.91289054064e-01
6.98404384369e-01
7.26904561645e-01
7.09608410821e-01
7.42131823358e-01
6.39744719513e-01
6.66068662564e-01
6.64672711574e-01
6.95799732618e-01
6.73537883660e-01
7.54702470688e-01
6.71681555792e-01
7.61400758154e-01
7.46930274490e-01
6.43382928139e-01
7.20598741247e-01
6.58657540577e-01
7.32628365027e-01
6.94521223486e-01
6.82135776496e-01
7.38297343563e-01
6.87764115249e-01
7.15886420534e-01
6.36978201923e-01
6.55895632074e-01
6.52459357199e-01
6.54518206462e-01
6.54777728626e-01
7.44154875108e-01
6.96182933018e-01
7.01378217740e-01
7.25805469131e-01
6.66456469673e-01
6.39224500283e-01
6.74192221856e-01
6.57782425241e-01
6.86149601246e-01
7.60756508056e-01
7.18375754974e-01
6.45467803896e-01
7.53432665623e-01
7.02733840636e-01
6.46163425693e-01
7.77361641392e-01
6.42171635340e-01
7.43203654495e-01
6.43710839094e-01
7.11167681888e-01
7.00817999624e-01
7.13553173375e-01
6.87785054151e-01
5.97041330974e-01
6.89922690552e-01
7.79451850663e-01
6.24426748089e-01
7.56292476463e-01
6.83993574158e-01
7.03587528662e-01
6.36714319215e-01
6.54325767425e-01
6.85765632838e-01
6.64499104243e-01
6.68424839843e-01
6.63308006839e-01
6.89092476892e-01
6.58018962860e-01
7.30955170888e-01
7.16969372682e-01
6.45782107995e-01
7.40358126524e-01
6.85260363836e-01
6.96758476114e-01
6.42679536559e-01
6.75851604757e-01
6.77658637757e-01
6.85232400483e-01
6.96759778599e-01
6.94648123309e-01
6.99911134961e-01
6.23837029797e-01
6.79281393836e-01
6.86395185948e-01
7.26405108247e-01
6.45779861886e-01
6.18864087483e-01
6.64179547157e-01
6.75984805027e-01
7.04732967625e-01
6.87193104568e-01
7.49311410013e-01
7.13304739599e-01
7.04699738667e-01
6.77228691282e-01
7.04011561670e-01
6.43535795838e-01
7.20298332606e-01
7.21903552655e-01
7.73734510970e-01
6.42679533110e-01
6.68385539467e-01
7.04631567513e-01
7.54734982744e-01
6.32248606612e-01
6.44766848806e-01
6.75319190347e-01
6.47284985639e-01
6.68830249647e-01
6.37001669047e-01
6.76502049896e-01
6.75694532680e-01
6.79206634765e-01
6.69264323462e-01
7.03718609828e-01
6.60529745994e-01
6.42192836556e-01
7.11016977592e-01
6.00921867248e-01
6.56745259717e-01
6.50493252904e-01
6.84266707519e-01
6.91188666675e-01
7.15615079800e-01
6.72866640811e-01
7.06333864509e-01
7.50305680262e-01
8.05791209150e-01
6.98766363192e-01
7.87159282322e-01
6.92616697373e-01
6.88612323737e-01
7.27339142634e-01
6.12523097436e-01
7.25794533546e-01
6.57512353669e-01
7.15564838949e-01
6.80318909981e-01
6.49223469686e-01
6.75952958149e-01
6.02367689105e-01
7.01707652946e-01
6.67413684408e-01
6.37359453720e-01
7.44497086555e-01
6.96677308701e-01
6.56535073378e-01
5.90731876652e-01
6.60255437014e-01
6.91597425229e-01
6.62702313875e-01
6.48978673187e-01
6.92682606628e-01
6.76644437911e-01
7.35244655392e-01
6.73195544655e-01
6.10524565710e-01
6.92773579267e-01
6.61452956642e-01
7.74809059853e-01
7.14488127802e-01
7.33554687999e-01
6.64306749741e-01
6.89761070477e-01
6.97289363701e-01
7.29977632873e-01
7.52984301584e-01
6.94681931218e-01
7.81211332291e-01
7.26670723142e-01
6.90246613419e-01
6.68616845623e-01
6.78447412799e-01
6.42341021350e-01
6.59226910189e-01
6.61358869429e-01
6.42764825541e-01
6.68719498627e-01
6.03948201974e-01
6.59952483809e-01
6.24797034333e-01
6.77563471707e-01
7.39962126294e-01
6.92609010790e-01
6.95946015021e-01
7.46756838067e-01
5.45806874724e-01
7.12521466608e-01
7.07803295410e-01
7.00939047969e-01
7.19960194015e-01
6.78927357073e-01
7.09056892034e-01
6.27455586249e-01
7.56595739962e-01
7.04779112956e-01
6.71249590226e-01
7.44461896725e-01
6.20839222319e-01
6.30147607235e-01
7.32730021661e-01
7.72662614304e-01
6.64528949388e-01
6.56632658540e-01
6.96159350981e-01
7.04989976581e-01
6.57569610223e-01
6.66191673475e-01
6.99245263820e-01
6.99573943666e-01
7.24231877221e-01
7.08531653770e-01
6.39778379864e-01
6.36123986981e-01
6.42879157260e-01
7.12607256399e-01
7.12997384479e-01
6.86898392362e-01
7.87418988287e-01
6.92698959312e-01
6.33205364574e-01
6.86281942398e-01
6.39566600872e-01
7.27078890569e-01
6.29600184208e-01
6.34435268600e-01
7.28903968004e-01
6.68481647003e-01
7.05854283800e-01
7.20544564995e-01
6.82084216972e-01
5.94938379821e-01
7.78319166900e-01
7.10946146517e-01
6.91955889411e-01
6.76792906260e-01
6.44722820212e-01
7.39736774626e-01
6.09398031938e-01
6.74831936478e-01
7.40329084387e-01
6.82772330633e-01
7.53594714178e-01
7.40075574600e-01
6.77657284587e-01
6.30601325174e-01
6.94545080070e-01
7.78347955215e-01
7.08600157997e-01
6.99296737580e-01
6.57946158279e-01
8.01548465868e-01
7.12837487374e-01
7.20658800910e-01
7.65688096214e-01
6.13474015801e-01
6.85700399785e-01
7.53535862365e-01
6.25258160792e-01
6.50248894591e-01
6.79828357238e-01
6.70988251509e-01
6.33883481744e-01
6.47070230502e-01
6.82028773711e-01
7.05707302671e-01
7.14951576790e-01
7.33032022997e-01
6.53538243389e-01
6.47999178506e-01
7.24359609405e-01
6.05589871855e-01
7.51157595631e-01
6.50543974409e-01
6.86313554568e-01
6.63501595381e-01
6.70639508972e-01
6.76351397127e-01
6.70378224878e-01
6.70321560293e-01
6.33959123029e-01
6.68389432280e-01
7.57298331631e-01
7.22205507531e-01
7.58090752090e-01
5.96325646905e-01
6.55903665525e-01
6.48153624898e-01
6.70242275913e-01
6.50340766219e-01
6.70860452305e-01
6.95971085764e-01
6.91086717426e-01
6.75772748930e-01
6.19725124293e-01
6.76905450679e-01
7.50129340057e-01
6.83084498490e-01
7.05203372163e-01
6.98408497862e-01
6.95853750218e-01
7.13155976129e-01
7.26088864008e-01
7.09096974951e-01
7.30470178643e-01
6.86875546896e-01
6.87214619232e-01
6.77175017389e-01
7.28896160664e-01
6.35738442732e-01
7.06736699195e-01
7.08968443310e-01
7.07664600244e-01
6.73254048245e-01
7.30790686161e-01
6.78922698034e-01
6.74423068923e-01
6.49186333441e-01
7.10313255076e-01
6.35570554687e-01
6.74796496694e-01
6.62595300911e-01
7.40566448997e-01
7.07650778369e-01
7.14967998893e-01
7.01224887146e-01
6.64771758860e-01
6.58943287504e-01
7.09870075637e-01
6.87249389232e-01
6.54671554861e-01
7.10047822775e-01
6.82230158278e-01
7.06871774114e-01
6.85572223528e-01
7.18081791956e-01
6.19788991156e-01
7.29026262757e-01
7.02144314313e-01
6.22006336925e-01
7.48050231421e-01
6.79992394511e-01
6.93301179134e-01
7.20932182892e-01
7.03353553391e-01
6.86288791194e-01
6.16216823200e-01
6.48010934640e-01
6.75528798887e-01
6.47372306507e-01
7.04281766490e-01
7.45558739479e-01
7.02221654582e-01
6.63129738655e-01
7.05519549127e-01
7.54073220358e-01
6.59032237961e-01
6.60954417447e-01
7.00305894816e-01
7.24115182284e-01
7.25198043791e-01
6.73431577201e-01
7.19294088741e-01
7.09751521835e-01
6.00216072607e-01
6.52952278994e-01
7.63112908311e-01
7.77088465657e-01
6.44487568850e-01
7.86443125096e-01
6.77273528369e-01
6.90891707832e-01
7.13835066856e-01
6.50349958008e-01
6.68072717030e-01
7.78247285207e-01
7.27920961703e-01
6.21135448390e-01
7.26590045486e-01
6.64042873998e-01
6.64216312167e-01
6.50436236660e-01
7.04520442124e-01
6.83502521116e-01
7.55906289391e-01
7.33685297991e-01
6.75170984363e-01
6.39724495257e-01
7.12513559510e-01
6.76736964912e-01
7.73142519820e-01
7.12449371789e-01
7.68799875531e-01
6.65880024467e-01
6.84055610929e-01
7.01058204036e-01
7.27007305676e-01
7.26164605489e-01
6.90059192602e-01
6.29149560263e-01
6.88399632940e-01
6.32864389356e-01
6.88260819014e-01
7.13323806885e-01
7.02298761982e-01
6.76421480356e-01
6.79008008703e-01
6.86939057127e-01
7.29863849451e-01
6.52929744341e-01
7.03007597014e-01
7.28719832122e-01
5.69114286153e-01
6.24127910373e-01
7.37282788817e-01
6.90101228185e-01