1.15105165423e+00
1.15112339902e+00
1.15122378514e+00
1.15127159465e+00
1.15120072405e+00
1.15117173537e+00
1.15101051463e+00
1.15103867614e+00
1.15119463906e+00
1.15121021437e+00
1.15108698253e+00
1.15127889233e+00
1.15114327193e+00
1.15113377180e+00
1.15112210242e+00
1.15124606409e+00
1.15123587327e+00
1.15108513499e+00
1.15127050840e+00
1.15116515924e+00
1.15113993004e+00
1.15120702894e+00
1.15120022510e+00
1.15127455578e+00
1.15117767065e+00
1.15112983361e+00
1.15112669015e+00
1.15116230202e+00
1.15114198415e+00
1.15108285817e+00
1.15105747321e+00
1.15119452826e+00
1.15101004751e+00
1.15118823362e+00
1.15118444589e+00
1.15112279794e+00
1.15125430274e+00
1.15111473019e+00
1.15102316342e+00
1.15135546478e+00
1.15113848247e+00
1.15115506739e+00
1.15113031953e+00
1.15120984185e+00
1.15122647515e+00
1.15113904262e+00
1.15115632244e+00
1.15121460804e+00
1.15113721646e+00
1.15118014209e+00
1.15125853543e+00
1.15114117916e+00
1.15125111248e+00
1.15120018163e+00
1.15085559476e+00
1.15123031003e+00
1.15126513432e+00
1.15115884196e+00
1.15115705579e+00
1.15120517505e+00
1.15127979085e+00
1.15125697570e+00
1.15116417067e+00
1.15127335755e+00
1.15114804852e+00
1.15101564407e+00
1.15118257498e+00
1.15126447309e+00
1.15105848914e+00
1.15122342950e+00
1.15109974845e+00
1.15102971662e+00
1.15119612989e+00
1.15104626808e+00
1.15113669428e+00
1.15103968710e+00
1.15121516918e+00
1.15124033678e+00
1.15115677319e+00
1.15118780436e+00
1.15113082837e+00
1.15126577425e+00
1.15127383920e+00
1.15107448719e+00
1.15116970535e+00
1.15111529990e+00
1.15113667637e+00
1.15105696116e+00
1.15110112929e+00
1.15116447267e+00
1.15110053460e+00
1.15119794551e+00
1.15121133057e+00
1.15119019898e+00
1.15116672280e+00
1.15119500600e+00
1.15124154701e+00
1.15126102495e+00
1.15105162354e+00
1.15106222155e+00
1.15105228119e+00
1.15098036888e+00
1.15124402284e+00
1.15096890755e+00
1.15114050484e+00
1.15110732702e+00
1.15107142931e+00
1.15112005365e+00
1.15122657141e+00
1.15105376139e+00
1.15110215494e+00
1.15115097754e+00
1.15104463570e+00
1.15117637395e+00
1.15110319733e+00
1.15116683474e+00
1.15127640454e+00
1.15124613796e+00
1.15119160876e+00
1.15115739271e+00
1.15110310490e+00
1.15102526521e+00
1.15114222480e+00
1.15125057151e+00
1.15126998279e+00
1.15129634998e+00
1.15110632132e+00
1.15116473139e+00
1.15100407417e+00
1.15129685439e+00
1.15114911123e+00
1.15121821929e+00
1.15116740335e+00
1.15112850009e+00
1.15099125220e+00
1.15116563032e+00
1.15119650941e+00
1.15119650979e+00
1.15116658224e+00
1.15121926304e+00
1.15101743687e+00
1.15096111725e+00
1.15118150600e+00
1.15117734829e+00
1.15112235398e+00
1.15098564222e+00
1.15103341017e+00
1.15124676728e+00
1.15117736535e+00
1.15111946030e+00
1.15115155019e+00
1.15103081081e+00
1.15110857119e+00
1.15108712409e+00
1.15126372133e+00
1.15108933336e+00
1.15117279961e+00
1.15107708058e+00
1.15128759403e+00
1.15107622682e+00
1.15104485385e+00
1.15109145997e+00
1.15118970432e+00
1.15114550397e+00
1.15119367996e+00
1.15112898973e+00
1.15103023884e+00
1.15120009758e+00
1.15120738161e+00
1.15117508944e+00
1.15117476181e+00
1.15111403282e+00
1.15119309589e+00
1.15117387804e+00
1.15135108554e+00
1.15114114775e+00
1.15125913175e+00
1.15120662003e+00
1.15120313028e+00
1.15094684305e+00
1.15117105308e+00
1.15111890673e+00
1.15112327607e+00
1.15111788609e+00
1.15124480270e+00
1.15109490135e+00
1.15108163664e+00
1.15114443598e+00
1.15105537868e+00
1.15126892404e+00
1.15109546150e+00
1.15119582036e+00
1.15119843042e+00
1.15111449711e+00
1.15117516393e+00
1.15112836575e+00
1.15119965647e+00
1.15107545013e+00
1.15110376110e+00
1.15111155474e+00
1.15120136515e+00
1.15106354590e+00
1.15109169354e+00
1.15110547657e+00
1.15120014140e+00
1.15095583044e+00
1.15112950489e+00
1.15115222850e+00
1.15120647891e+00
1.15108676651e+00
1.15117935288e+00
1.15126886803e+00
1.15114247917e+00
1.15115793417e+00
1.15123235923e+00
1.15114048986e+00
1.15120104882e+00
1.15120367510e+00
1.15109967026e+00
1.15121432685e+00
1.15109847597e+00
1.15104986118e+00
1.15114817678e+00
1.15116444115e+00
1.15123583455e+00
1.15126131707e+00
1.15119737421e+00
1.15116036102e+00
1.15105036609e+00
1.15095412526e+00
1.15113880664e+00
1.15113639819e+00
1.15108849572e+00
1.15113392466e+00
1.15107490524e+00
1.15115755046e+00
1.15101877779e+00
1.15124784305e+00
1.15114103369e+00
1.15125874953e+00
1.15104778132e+00
1.15132844095e+00
1.15124933582e+00
1.15116555615e+00
1.15122890346e+00
1.15109260790e+00
1.15112490023e+00
1.15118160182e+00
1.15109736759e+00
1.15095590787e+00
1.15116261157e+00
1.15119679536e+00
1.15115712299e+00
1.15115494604e+00
1.15113944507e+00
1.15107300921e+00
1.15122813719e+00
1.15099245734e+00
1.15111419919e+00
1.15116427870e+00
1.15107828492e+00
1.15113877482e+00
1.15128668484e+00
1.15109316822e+00
1.15105507187e+00
1.15140243356e+00
1.15099474363e+00
1.15115936715e+00
1.15102181329e+00
1.15112893997e+00
1.15117707003e+00
1.15117162597e+00
1.15116289920e+00
1.15119240586e+00
1.15125541512e+00
1.15107957020e+00
1.15132397239e+00
1.15116425845e+00
1.15110538150e+00
1.15106665719e+00
1.15115441838e+00
1.15108378661e+00
1.15116295356e+00
1.15105276199e+00
1.15126678350e+00
1.15110630617e+00
1.15116279463e+00
1.15109527672e+00
1.15106197629e+00
1.15108212532e+00
1.15105747816e+00
1.15106791119e+00
1.15119149385e+00
1.15110666876e+00
1.15105996396e+00
1.15112127753e+00
1.15108165293e+00
1.15118585338e+00
1.15128507279e+00
1.15115993357e+00
1.15124407775e+00
1.15118794827e+00
1.15102068327e+00
1.15114478423e+00
1.15131068496e+00
1.15109211595e+00
1.15117705417e+00
1.15115732696e+00
1.15112905480e+00
1.15111433903e+00
1.15113569372e+00
1.15115881936e+00
1.15109879751e+00
1.15124666075e+00
1.15112095139e+00
1.15123215149e+00
1.15113650283e+00
1.15128242671e+00
1.15118941923e+00
1.15102197499e+00
1.15113690037e+00
1.15107171987e+00
1.15101066349e+00
1.15119695839e+00
1.15115424139e+00
1.15109674775e+00
1.15098450276e+00
1.15112566615e+00
1.15106054904e+00
1.15122515488e+00
1.15121612446e+00
1.15119502689e+00
1.15130224167e+00
1.15122250185e+00
1.15118367818e+00
1.15104714271e+00
1.15121581118e+00
1.15127875307e+00
1.15119244911e+00
1.15115810411e+00
1.15108289490e+00
1.15110783023e+00
1.15106373303e+00
1.15119928461e+00
1.15095367406e+00
1.15109173050e+00
1.15122406208e+00
1.15103941921e+00
1.15110051644e+00
1.15127619723e+00
1.15133344221e+00
1.15116384496e+00
1.15112196508e+00
1.15129497590e+00
1.15122226062e+00
1.15122965166e+00
1.15117695327e+00
1.15121726391e+00
1.15117093188e+00
1.15119534486e+00
1.15096997479e+00
1.15101221788e+00
1.15102507490e+00
1.15113945305e+00
1.15104841776e+00
1.15120608288e+00
1.15135334346e+00
1.15111163421e+00
1.15117506850e+00
1.15117839025e+00
1.15122760716e+00
1.15114729489e+00
1.15104491936e+00
1.15104694825e+00
1.15104564516e+00
1.15124894858e+00
1.15097976353e+00
1.15116957546e+00
1.15123464875e+00
1.15120721624e+00
1.15119210676e+00
1.15112023444e+00
1.15109942540e+00
1.15119817586e+00
1.15126191675e+00
1.15128639983e+00
1.15114841810e+00
1.15121307938e+00
1.15103098337e+00
1.15110221298e+00
1.15102639871e+00
1.15109883203e+00
1.15127159608e+00
1.15134930312e+00
1.15114728982e+00
1.15102389342e+00
1.15116977166e+00
1.15112057997e+00
1.15117215920e+00
1.15125869414e+00
1.15106716371e+00
1.15107690328e+00
1.15108343614e+00
1.15112186894e+00
1.15125995394e+00
1.15093119368e+00
1.15120699986e+00
1.15112863877e+00
1.15132224407e+00
1.15128308905e+00
1.15104087867e+00
1.15122397272e+00
1.15115721596e+00
1.15114135201e+00
1.15117126882e+00
1.15116809114e+00
1.15119110988e+00
1.15101921568e+00
1.15114792916e+00
1.15124072816e+00
1.15112388042e+00
1.15111777758e+00
1.15119636133e+00
1.15115892398e+00
1.15120664729e+00
1.15106239894e+00
1.15120424496e+00
1.15119239497e+00
1.15116409118e+00
1.15126926771e+00
1.15124997130e+00
1.15113403669e+00
1.15121704113e+00
1.15125074618e+00
1.15110552897e+00
1.15106203781e+00
1.15112107624e+00
1.15109346232e+00
1.15105649433e+00
1.15116485757e+00
1.15127070420e+00
1.15128372009e+00
1.15122374961e+00
1.15107975439e+00
1.15115656225e+00
1.15131832517e+00
1.15119566911e+00
1.15105346938e+00
1.15107987353e+00
1.15108838305e+00
1.15123833210e+00
1.15115694058e+00
1.15103255852e+00
1.15106399682e+00
1.15116589356e+00
1.15107368484e+00
1.15120178551e+00
1.15110597381e+00
1.15123759883e+00
1.15113006267e+00
1.15104132035e+00
1.15110575627e+00
1.15102173178e+00
1.15110825881e+00
1.15109059556e+00
1.15107410121e+00
1.15112282614e+00
1.15123969135e+00
1.15122450296e+00
1.15102082426e+00
1.15111187617e+00
1.15114466316e+00
1.15120126068e+00
1.15101663763e+00
1.15105847074e+00
1.15111786762e+00
1.15116501757e+00
1.15115380484e+00
1.15111093819e+00
1.15116081785e+00
1.15100127487e+00
1.15122616525e+00
1.15121485896e+00
1.15113672154e+00
1.15109644463e+00
1.15122679120e+00
1.15100726892e+00
1.15098877765e+00
1.15103389584e+00
1.15128132540e+00
1.15120074600e+00
1.15111610916e+00
1.15112067126e+00
1.15117843212e+00
1.15120251655e+00
1.15123897225e+00
1.15118838714e+00
1.15117924482e+00
1.15126445941e+00
1.15103266383e+00
1.15114946601e+00