2.16293369868e+00
2.16212331851e+00
2.16412151516e+00
2.16410089785e+00
2.16268171279e+00
2.16351388833e+00
2.16345280923e+00
2.16264859381e+00
2.16249702197e+00
2.16436404293e+00
2.16337629122e+00
2.16252071232e+00
2.16286767023e+00
2.16284055745e+00
2.16258738759e+00
2.16202978826e+00
2.16409371292e+00
2.16355889264e+00
2.16312328684e+00
2.16262814120e+00
2.16168484388e+00
2.16333450450e+00
2.16130881212e+00
2.16276362127e+00
2.16218576334e+00
2.16279240491e+00
2.16367603519e+00
2.16491920703e+00
2.16266168791e+00
2.16323584083e+00
2.16243896486e+00
2.16150136698e+00
2.16313574548e+00
2.16302768756e+00
2.16300079742e+00
2.16278819410e+00
2.16355717372e+00
2.16305096283e+00
2.16390280554e+00
2.16294993892e+00
2.16318660054e+00
2.16287843255e+00
2.16188643943e+00
2.16250182800e+00
2.16403126001e+00
2.16350155039e+00
2.16340924343e+00
2.16211935406e+00
2.16278814019e+00
2.16187461876e+00
2.16165395079e+00
2.16273587435e+00
2.16249370673e+00
2.16379557503e+00
2.16419362615e+00
2.16320342169e+00
2.16206026597e+00
2.16326795105e+00
2.16334599725e+00
2.16205801091e+00
2.16309631128e+00
2.16278867955e+00
2.16249409253e+00
2.16222964446e+00
2.16322298194e+00
2.16285139132e+00
2.16253692419e+00
2.16359810518e+00
2.16219077479e+00
2.16388352142e+00
2.16268182863e+00
2.16340961463e+00
2.16213549144e+00
2.16427007971e+00
2.16341120789e+00
2.16308005268e+00
2.16318111549e+00
2.16290483653e+00
2.16064239560e+00
2.16211604583e+00
2.16394869952e+00
2.16383971569e+00
2.16233433216e+00
2.16328352713e+00
2.16254293206e+00
2.16177701922e+00
2.16436561804e+00
2.16332829720e+00
2.16261434754e+00
2.16368609437e+00
2.16237918060e+00
2.16208650624e+00
2.16349901889e+00
2.16327348550e+00
2.16230841917e+00
2.16364076750e+00
2.16270291839e+00
2.16348603857e+00
2.16342231834e+00
2.16252942832e+00
2.16299744009e+00
2.16168608648e+00
2.16328421725e+00
2.16328953690e+00
2.16420071430e+00
2.16320852622e+00
2.16308464709e+00
2.16322893132e+00
2.16244579694e+00
2.16315438246e+00
2.16310180709e+00
2.16374060808e+00
2.16354015515e+00
2.16236862642e+00
2.16352903242e+00
2.16207047899e+00
2.16287760435e+00
2.16234833277e+00
2.16310847869e+00
2.16229398897e+00
2.16292657001e+00
2.16291876944e+00
2.16249112545e+00
2.16425421565e+00
2.16390879622e+00
2.16239511336e+00
2.16142680202e+00
2.16330415528e+00
2.16215819417e+00
2.16464638260e+00
2.16227845742e+00
2.16336054257e+00
2.16141032085e+00
2.16353594235e+00
2.16235663516e+00
2.16290790456e+00
2.16392693203e+00
2.16424428129e+00
2.16338482455e+00
2.16357035473e+00
2.16214776488e+00
2.16183774741e+00
2.16233641197e+00
2.16386347297e+00
2.16310386165e+00
2.16140692898e+00
2.16394477125e+00
2.16277131812e+00
2.16350295330e+00
2.16309120715e+00
2.16293849096e+00
2.16266461280e+00
2.16192881936e+00
2.16262603440e+00
2.16311173848e+00
2.16321541128e+00
2.16243848649e+00
2.16339759752e+00
2.16280771649e+00
2.16321499227e+00
2.16213879250e+00
2.16265279772e+00
2.16244123499e+00
2.16190482528e+00
2.16280640889e+00
2.16423734364e+00
2.16332695176e+00
2.16261952815e+00
2.16266069869e+00
2.16373143419e+00
2.16315167565e+00
2.16256102255e+00
2.16324004124e+00
2.16335173450e+00
2.16401932534e+00
2.16210881962e+00
2.16314930817e+00
2.16307202774e+00
2.16380557807e+00
2.16240982023e+00
2.16282711457e+00
2.16437795798e+00
2.16309009913e+00
2.16192394240e+00
2.16193322959e+00
2.16283838455e+00
2.16183633365e+00
2.16327083425e+00
2.16361712697e+00
2.16351277454e+00
2.16183943696e+00
2.16219138014e+00
2.16212300626e+00
2.16250385853e+00
2.16303514221e+00
2.16166784041e+00
2.16268790035e+00
2.16234488666e+00
2.16356968004e+00
2.16217469640e+00
2.16293250177e+00
2.16303381778e+00
2.16276614192e+00
2.16240756316e+00
2.16175926704e+00
2.16303662084e+00
2.16255894941e+00
2.16248051017e+00
2.16260494909e+00
2.16170635584e+00
2.16312070183e+00
2.16329454264e+00
2.16271487349e+00
2.16223568633e+00
2.16307637248e+00
2.16326019964e+00
2.16278701408e+00
2.16264333999e+00
2.16239366926e+00
2.16247264027e+00
2.16260465978e+00
2.16228048417e+00
2.16290412244e+00
2.16320557786e+00
2.16381496760e+00
2.16259622262e+00
2.16320290087e+00
2.16153659012e+00
2.16281491335e+00
2.16247392972e+00
2.16344968172e+00
2.16192643060e+00
2.16274731330e+00
2.16252143694e+00
2.16286400895e+00
2.16410203649e+00
2.16285778119e+00
2.16240510839e+00
2.16361909836e+00
2.16285617408e+00
2.16229631509e+00
2.16385325116e+00
2.16375260941e+00
2.16336046676e+00
2.16415301067e+00
2.16394989042e+00
2.16264391657e+00
2.16194646087e+00
2.16293843202e+00
2.16257478945e+00
2.16332665606e+00
2.16287588541e+00
2.16238244713e+00
2.16248197987e+00
2.16288421890e+00
2.16297090494e+00
2.16312954785e+00
2.16277917052e+00
2.16312563533e+00
2.16343003308e+00
2.16283534218e+00
2.16454457838e+00
2.16330494735e+00
2.16336313661e+00
2.16221550176e+00
2.16260076279e+00
2.16380926192e+00
2.16353958411e+00
2.16185007402e+00
2.16160028427e+00
2.16338751659e+00
2.16178102637e+00
2.16240090204e+00
2.16348296725e+00
2.16347944527e+00
2.16320659753e+00
2.16199065505e+00
2.16281487756e+00
2.16299053067e+00
2.16234501825e+00
2.16321212811e+00
2.16252468568e+00
2.16204206333e+00
2.16206208944e+00
2.16315895702e+00
2.16304114896e+00
2.16350502938e+00
2.16296935201e+00
2.16243522742e+00
2.16485836175e+00
2.16346355155e+00
2.16336170092e+00
2.16389532166e+00
2.16223378599e+00
2.16307860990e+00
2.16339855830e+00
2.16144488448e+00
2.16395171217e+00
2.16263611500e+00
2.16305351136e+00
2.16375045597e+00
2.16368860469e+00
2.16226250531e+00
2.16341344677e+00
2.16312064128e+00
2.16287962272e+00
2.16289567363e+00
2.16214757229e+00
2.16353013168e+00
2.16295385803e+00
2.16313156840e+00
2.16290809374e+00
2.16232666681e+00
2.16414468754e+00
2.16215297384e+00
2.16290916165e+00
2.16328900562e+00
2.16249028416e+00
2.16249963612e+00
2.16270625713e+00
2.16271118561e+00
2.16335767072e+00
2.16294416401e+00
2.16341906618e+00
2.16209331449e+00
2.16274006883e+00
2.16275069362e+00
2.16318739075e+00
2.16069680099e+00
2.16330171751e+00
2.16270277836e+00
2.16256820979e+00
2.16456875113e+00
2.16358183604e+00
2.16286735701e+00
2.16306890676e+00
2.16292847291e+00
2.16300853635e+00
2.16195464092e+00
2.16324665071e+00
2.16259386727e+00
2.16338817513e+00
2.16338666750e+00
2.16199723192e+00
2.16207064283e+00
2.16368311026e+00
2.16346486006e+00
2.16304896229e+00
2.16241401095e+00
2.16378926390e+00
2.16215330726e+00
2.16347993724e+00
2.16411461889e+00
2.16379598893e+00
2.16298386501e+00
2.16236892155e+00
2.16235349910e+00
2.16291181484e+00
2.16371695550e+00
2.16420356045e+00
2.16267943168e+00
2.16282844467e+00
2.16247640969e+00
2.16332700853e+00
2.16225128742e+00
2.16443119050e+00
2.16151408227e+00
2.16333233103e+00
2.16337234237e+00
2.16249724930e+00
2.16190807186e+00
2.16271754090e+00
2.16257586833e+00
2.16188074303e+00
2.16204448781e+00
2.16372648376e+00
2.16418254459e+00
2.16320202161e+00
2.16335311512e+00
2.16242796184e+00
2.16284924685e+00
2.16187293362e+00
2.16311343893e+00
2.16294075637e+00
2.16371558609e+00
2.16222387186e+00
2.16326338860e+00
2.16157232118e+00
2.16336299243e+00
2.16353628343e+00
2.16201997550e+00
2.16315000212e+00
2.16407844447e+00
2.16368318699e+00
2.16157245879e+00
2.16306286008e+00
2.16373931278e+00
2.16247444123e+00
2.16232355371e+00
2.16282759986e+00
2.16255689873e+00
2.16347770676e+00
2.16265207585e+00
2.16400378782e+00
2.16265150633e+00
2.16346638224e+00
2.16254131414e+00
2.16250540970e+00
2.16382979877e+00
2.16407085776e+00
2.16194553200e+00
2.16314054988e+00
2.16326478202e+00
2.16258663563e+00
2.16314315342e+00
2.16251041954e+00
2.16376862527e+00
2.16216362479e+00
2.16356826012e+00
2.16229715870e+00
2.16208944733e+00
2.16380381301e+00
2.16254234365e+00
2.16314864682e+00
2.16276485289e+00
2.16190627539e+00
2.16258550955e+00
2.16311868992e+00
2.16302588400e+00
2.16376506672e+00
2.16201102194e+00
2.16430715807e+00
2.16364149428e+00
2.16306269778e+00
2.16237752412e+00
2.16180288133e+00
2.16143512289e+00
2.16330530872e+00
2.16198171321e+00
2.16322548909e+00
2.16274114145e+00
2.16343223700e+00
2.16351827689e+00
2.16187919802e+00
2.16330363928e+00
2.16302527926e+00
2.16279640088e+00
2.16204797218e+00
2.16422480439e+00
2.16285930226e+00
2.16238391999e+00
2.16432490203e+00
2.16239574225e+00
2.16289795155e+00
2.16384739725e+00
2.16341651580e+00
2.16228305632e+00
2.16293590787e+00
2.16411273088e+00
2.16344086323e+00
2.16261175557e+00
2.16339787161e+00
2.16282125826e+00
2.16314830125e+00
2.16256210858e+00
2.16202900983e+00
2.16263070009e+00
2.16369986779e+00
2.16248713945e+00
2.16229624707e+00
2.16285216435e+00
2.16298840075e+00
2.16368571795e+00
2.16303971130e+00
2.16173967657e+00
2.16305495416e+00
2.16346663828e+00
2.16239472925e+00
2.16370117728e+00
2.16219836467e+00
2.16360826965e+00
2.16184660573e+00
2.16331765394e+00
2.16219435668e+00
2.16189527510e+00
2.16267916644e+00
2.16338762238e+00
2.16298865941e+00
2.16337816817e+00
2.16419329367e+00
2.16438289283e+00
2.16206939794e+00
2.16221244730e+00
2.16293124296e+00
2.16297414766e+00
2.16231839672e+00
2.16276643577e+00
2.16308037413e+00
2.16310963612e+00
2.16312700734e+00
2.16291897300e+00