-3.25824497188e+00
-3.24734799517e+00
-3.26386978226e+00
-3.27229353470e+00
-3.22750454821e+00
-3.29315386608e+00
-3.27975786664e+00
-3.24708447225e+00
-3.25989516067e+00
-3.29542939269e+00
-3.26806219396e+00
-3.34087453328e+00
-3.29806515386e+00
-3.29639604343e+00
-3.28965173205e+00
-3.28760715872e+00
-3.28437283723e+00
-3.23268569059e+00
-3.29101694721e+00
-3.25667251583e+00
-3.29663769391e+00
-3.30329167718e+00
-3.30135258627e+00
-3.27069459887e+00
-3.32434056391e+00
-3.27599723256e+00
-3.29092349491e+00
-3.27718530733e+00
-3.27068855655e+00
-3.29656365711e+00
-3.28130724925e+00
-3.27581136746e+00
-3.26249934277e+00
-3.22912989287e+00
-3.30226787192e+00
-3.27677983274e+00
-3.31812002520e+00
-3.28530841213e+00
-3.26617535467e+00
-3.32479807780e+00
-3.28298458642e+00
-3.28852557714e+00
-3.25780910076e+00
-3.30536961891e+00
-3.29060973607e+00
-3.29462229947e+00
-3.28301256743e+00
-3.29317099286e+00
-3.26723303656e+00
-3.28916257870e+00
-3.24448185008e+00
-3.29046459498e+00
-3.30677069354e+00
-3.29263785690e+00
-3.28672338945e+00
-3.28073601106e+00
-3.27763676789e+00
-3.24137452328e+00
-3.31093438016e+00
-3.29371998772e+00
-3.27142841350e+00
-3.27208904499e+00
-3.26317594170e+00
-3.26372561848e+00
-3.29092232475e+00
-3.25910122671e+00
-3.29390934235e+00
-3.31863305142e+00
-3.28096128299e+00
-3.26788086273e+00
-3.28591482648e+00
-3.29199714606e+00
-3.23451201871e+00
-3.24500714893e+00
-3.31093910470e+00
-3.27680361526e+00
-3.29835712504e+00
-3.25618069983e+00
-3.24735653053e+00
-3.25655022559e+00
-3.25986635337e+00
-3.28704696398e+00
-3.24668000902e+00
-3.26275171700e+00
-3.30335826284e+00
-3.30070731359e+00
-3.24708488636e+00
-3.25178063451e+00
-3.28175625552e+00
-3.29698631310e+00
-3.29994192648e+00
-3.29116875927e+00
-3.28657283545e+00
-3.26935475754e+00
-3.29602912630e+00
-3.24325887743e+00
-3.25480786871e+00
-3.28459600631e+00
-3.31106533977e+00
-3.25262201254e+00
-3.31716003755e+00
-3.27002960710e+00
-3.26094162087e+00
-3.26692288379e+00
-3.26175029066e+00
-3.27884291020e+00
-3.28487272792e+00
-3.26233098815e+00
-3.27301196733e+00
-3.24983887592e+00
-3.28341593110e+00
-3.27972073886e+00
-3.26364369844e+00
-3.27700719346e+00
-3.27826550769e+00
-3.36765809469e+00
-3.25615725802e+00
-3.26080904955e+00
-3.27981148894e+00
-3.30358490196e+00
-3.29182643450e+00
-3.24812003239e+00
-3.32274563695e+00
-3.26584246568e+00
-3.29339493440e+00
-3.26319430191e+00
-3.28064563483e+00
-3.28185596496e+00
-3.29267418883e+00
-3.26306772295e+00
-3.28554538582e+00
-3.25257429508e+00
-3.25477472173e+00
-3.26610503751e+00
-3.27322642385e+00
-3.26891400065e+00
-3.28577994070e+00
-3.28941769789e+00
-3.25858782627e+00
-3.25812442403e+00
-3.27132402921e+00
-3.25413616017e+00
-3.31960116001e+00
-3.26270165527e+00
-3.26264132876e+00
-3.31344984510e+00
-3.25810231900e+00
-3.29371021111e+00
-3.32576522300e+00
-3.27205123293e+00
-3.27413621325e+00
-3.26741555116e+00
-3.31021782320e+00
-3.29351488735e+00
-3.28291770629e+00
-3.23267366636e+00
-3.25847065524e+00
-3.26657883770e+00
-3.29043516629e+00
-3.25958383937e+00
-3.28014652551e+00
-3.29176651345e+00
-3.28894120902e+00
-3.30860600760e+00
-3.26932546780e+00
-3.25315089813e+00
-3.27588195144e+00
-3.29951746631e+00
-3.31396565341e+00
-3.29476876390e+00
-3.25691971986e+00
-3.25367554150e+00
-3.26588942023e+00
-3.28203990352e+00
-3.25919794415e+00
-3.32379593056e+00
-3.27815553571e+00
-3.27540942328e+00
-3.30052192770e+00
-3.26210237536e+00
-3.31207630980e+00
-3.23736638782e+00
-3.33146268006e+00
-3.30008128382e+00
-3.28868118792e+00
-3.28974959900e+00
-3.25696941376e+00
-3.29893620107e+00
-3.27330190256e+00
-3.27071762550e+00
-3.29639972709e+00
-3.28394610271e+00
-3.27350024180e+00
-3.29076620295e+00
-3.26186412282e+00
-3.27456786077e+00
-3.24641332072e+00
-3.29524202354e+00
-3.26527169322e+00
-3.28182249016e+00
-3.25642151439e+00
-3.25166376990e+00
-3.30545687800e+00
-3.27366281565e+00
-3.31207184910e+00
-3.26134568776e+00
-3.28366422679e+00
-3.25302826148e+00
-3.29660653586e+00
-3.25570359520e+00
-3.28896639618e+00
-3.29175638511e+00
-3.28266655132e+00
-3.28392049173e+00
-3.29872255041e+00
-3.26785580323e+00
-3.28912433328e+00
-3.27173744854e+00
-3.27071433691e+00
-3.29450674420e+00
-3.26923283827e+00
-3.31753406584e+00
-3.30031061941e+00
-3.26572623297e+00
-3.26836916100e+00
-3.28876941076e+00
-3.26635421373e+00
-3.31054540870e+00
-3.27707976332e+00
-3.29188851671e+00
-3.26644100689e+00
-3.31443202520e+00
-3.24672970268e+00
-3.30068211263e+00
-3.26705802873e+00
-3.28564065363e+00
-3.26247767561e+00
-3.27805463784e+00
-3.25956566662e+00
-3.24037833430e+00
-3.27842772659e+00
-3.28081362632e+00
-3.26114536789e+00
-3.25802278959e+00
-3.27835808543e+00
-3.25441424873e+00
-3.27619360622e+00
-3.27401990759e+00
-3.30584639900e+00
-3.34353328450e+00
-3.29722701316e+00
-3.27334480935e+00
-3.28637605162e+00
-3.26503504477e+00
-3.28200565638e+00
-3.26185955335e+00
-3.28368851366e+00
-3.25705205341e+00
-3.27335020351e+00
-3.29389976360e+00
-3.27524418623e+00
-3.29972106363e+00
-3.28087388327e+00
-3.28461390644e+00
-3.26659940872e+00
-3.27325421880e+00
-3.28311271083e+00
-3.26939373992e+00
-3.29355641464e+00
-3.24476649549e+00
-3.27915023979e+00
-3.27886914371e+00
-3.27715962404e+00
-3.24616054325e+00
-3.24323915043e+00
-3.29043017582e+00
-3.26828898297e+00
-3.27145920515e+00
-3.28902384477e+00
-3.29124829457e+00
-3.26214711082e+00
-3.29422142405e+00
-3.27776085330e+00
-3.26677068316e+00
-3.26642556289e+00
-3.30279406515e+00
-3.29784555427e+00
-3.27857597649e+00
-3.29271104231e+00
-3.28320576511e+00
-3.28593827021e+00
-3.25980496837e+00
-3.28126518857e+00
-3.30575637891e+00
-3.24844072767e+00
-3.29228297615e+00
-3.26694798439e+00
-3.27401455501e+00
-3.26190354878e+00
-3.29049466512e+00
-3.30153206661e+00
-3.26486980845e+00
-3.29655544954e+00
-3.29421601559e+00
-3.25146542281e+00
-3.22665786484e+00
-3.29941116057e+00
-3.27918908334e+00
-3.27913862885e+00
-3.31343608057e+00
-3.25862581980e+00
-3.27478022966e+00
-3.29376682428e+00
-3.26780271871e+00
-3.29626294316e+00
-3.26207070575e+00
-3.29297985894e+00
-3.31083185339e+00
-3.29184935718e+00
-3.27465801667e+00
-3.25681930042e+00
-3.25799062857e+00
-3.26559386030e+00
-3.23541887605e+00
-3.30695303861e+00
-3.29752266963e+00
-3.24768679935e+00
-3.31848811277e+00
-3.31376491345e+00
-3.25296562616e+00
-3.26065397607e+00
-3.27992217096e+00
-3.25012803587e+00
-3.31592702720e+00
-3.28084266991e+00
-3.30172961061e+00
-3.24397349135e+00
-3.26715027549e+00
-3.20089573886e+00
-3.30324373616e+00
-3.26155106847e+00
-3.29271488230e+00
-3.31246879930e+00
-3.25824950467e+00
-3.29661874417e+00
-3.26673146445e+00
-3.27922364227e+00
-3.29928278429e+00
-3.30089922766e+00
-3.29927242434e+00
-3.27536547889e+00
-3.28801728896e+00
-3.28345169776e+00
-3.27521804992e+00
-3.29838544732e+00
-3.28935668458e+00
-3.23543949717e+00
-3.29285006078e+00
-3.26891932767e+00
-3.29390086112e+00
-3.28722969850e+00
-3.27741313683e+00
-3.24076165968e+00
-3.28263309655e+00
-3.26303519690e+00
-3.27151819412e+00
-3.26440328529e+00
-3.30993771754e+00
-3.27130280013e+00
-3.31652899767e+00
-3.27408815967e+00
-3.30608658534e+00
-3.27446695488e+00
-3.27044444063e+00
-3.25439536065e+00
-3.23848116939e+00
-3.27099293902e+00
-3.27771053932e+00
-3.25037404281e+00
-3.30057037449e+00
-3.26519891729e+00
-3.28720295672e+00
-3.29719390966e+00
-3.25276357237e+00
-3.26945369174e+00
-3.29487281602e+00
-3.23567409589e+00
-3.28454798381e+00
-3.30290303000e+00
-3.29760742772e+00
-3.24902356228e+00
-3.30451884155e+00
-3.28973719843e+00
-3.25784024796e+00
-3.29151394249e+00
-3.28660559952e+00
-3.27873923917e+00
-3.27437537421e+00
-3.28270888646e+00
-3.29037771412e+00
-3.25960861549e+00
-3.27460648987e+00
-3.25833231774e+00
-3.30383749952e+00
-3.22312830025e+00
-3.23087990836e+00
-3.28072129843e+00
-3.27435664801e+00
-3.29435441831e+00
-3.29223775541e+00
-3.25905767415e+00
-3.24389619812e+00
-3.28418993011e+00
-3.29493003208e+00
-3.30794241251e+00
-3.25734953233e+00
-3.26625929572e+00
-3.27276776897e+00
-3.28632224316e+00
-3.24401576367e+00
-3.27981095512e+00
-3.28074734462e+00
-3.27091927892e+00
-3.25971847353e+00
-3.29639908659e+00
-3.29969479912e+00
-3.29264136352e+00
-3.28236715657e+00
-3.27434223537e+00
-3.27860007664e+00
-3.32330721307e+00
-3.33417275293e+00
-3.25096284732e+00
-3.28258719766e+00
-3.27856531561e+00
-3.29383912877e+00
-3.29109313502e+00
-3.23770482763e+00
-3.26620595056e+00
-3.25154825416e+00
-3.23651864602e+00
-3.24530075089e+00
-3.29026495579e+00
-3.25475788020e+00
-3.31427268216e+00
-3.25221624505e+00
-3.22224141255e+00
-3.27967180012e+00
-3.25639911828e+00
-3.28954141267e+00
-3.23008997322e+00
-3.27531679308e+00
-3.32349223573e+00
-3.28785230373e+00
-3.30285978535e+00
-3.29390301749e+00
-3.24507337636e+00
-3.26810853671e+00
-3.30558254020e+00
-3.23446439954e+00
-3.27281797227e+00
-3.29718196535e+00
-3.29850627698e+00
-3.30531751555e+00
-3.26488933632e+00
-3.26504473572e+00
-3.27836635863e+00
-3.26678134041e+00
-3.34220941031e+00
-3.28284408452e+00
-3.26198873730e+00
-3.27832537808e+00
-3.26998580711e+00
-3.30594974610e+00
-3.27065785951e+00
-3.26172078219e+00
-3.30639811509e+00
-3.25381247068e+00
-3.28547318418e+00
-3.27398455277e+00
-3.29787060264e+00
-3.29490982556e+00
-3.30188028617e+00
-3.27111045657e+00
-3.25563394571e+00
-3.28144123789e+00
-3.32030495849e+00
-3.31476623763e+00
-3.31779438731e+00
-3.24253691367e+00
-3.29475797252e+00
-3.24449701899e+00
-3.24598848837e+00
-3.31073410108e+00
-3.28930100770e+00
-3.30354047093e+00
-3.26960263538e+00
-3.29887008946e+00
-3.27789952862e+00
-3.29463497739e+00
-3.28038561365e+00