-8.39552942877e+00
-8.44489034434e+00
-8.52839891754e+00
-8.56703911385e+00
-8.46689602381e+00
-8.46658772646e+00
-8.41922818615e+00
-8.54231833679e+00
-8.48816226416e+00
-8.55085506168e+00
-8.55359602512e+00
-8.40939782500e+00
-8.44199880923e+00
-8.50611009630e+00
-8.48930619199e+00
-8.44837416377e+00
-8.49700571599e+00
-8.48267926804e+00
-8.48544154144e+00
-8.42114798255e+00
-8.41007839221e+00
-8.45883785369e+00
-8.43624598974e+00
-8.57707094986e+00
-8.57127184861e+00
-8.48906579574e+00
-8.46214691034e+00
-8.48300523610e+00
-8.46074673700e+00
-8.52337803727e+00
-8.40080664476e+00
-8.48237888993e+00
-8.54285538436e+00
-8.46519032316e+00
-8.45509469933e+00
-8.49478241530e+00
-8.44978783162e+00
-8.56368327641e+00
-8.49068906973e+00
-8.52532820921e+00
-8.48416017603e+00
-8.50414540457e+00
-8.43320047504e+00
-8.58551879651e+00
-8.43851386393e+00
-8.39632410416e+00
-8.59146779007e+00
-8.52414298913e+00
-8.54993850814e+00
-8.39698837767e+00
-8.58696814808e+00
-8.49240949990e+00
-8.54309324664e+00
-8.51286205062e+00
-8.64097367063e+00
-8.51799161658e+00
-8.47390841974e+00
-8.55659048909e+00
-8.44665440270e+00
-8.48718052076e+00
-8.39245220795e+00
-8.51295649499e+00
-8.46712635518e+00
-8.44214042302e+00
-8.51448084434e+00
-8.47730016444e+00
-8.48309901198e+00
-8.51702137312e+00
-8.47191134897e+00
-8.53277674742e+00
-8.52912992323e+00
-8.55012655873e+00
-8.46816822089e+00
-8.51276810612e+00
-8.55413075786e+00
-8.47913994543e+00
-8.40568786068e+00
-8.58770436786e+00
-8.47090197265e+00
-8.48418500484e+00
-8.60705393281e+00
-8.44521954118e+00
-8.47211464972e+00
-8.52435026382e+00
-8.49047536953e+00
-8.50059430764e+00
-8.51731696748e+00
-8.51731059119e+00
-8.48776497529e+00
-8.53827055791e+00
-8.38125987202e+00
-8.39712336386e+00
-8.54712607964e+00
-8.53630384719e+00
-8.52758095242e+00
-8.46496584316e+00
-8.43582569841e+00
-8.49712671982e+00
-8.52112082429e+00
-8.52102795741e+00
-8.48880472419e+00
-8.51587476123e+00
-8.40203692165e+00
-8.41377358943e+00
-8.54642669486e+00
-8.54334391765e+00
-8.48507984550e+00
-8.52853934966e+00
-8.45695470068e+00
-8.54236037307e+00
-8.33790062247e+00
-8.52108965743e+00
-8.44715222945e+00
-8.49601895381e+00
-8.44646984556e+00
-8.50426613805e+00
-8.63275873392e+00
-8.51275896393e+00
-8.53910728512e+00
-8.49570908486e+00
-8.50599602154e+00
-8.48899353993e+00
-8.43890920570e+00
-8.51146295383e+00
-8.47109069479e+00
-8.49145442858e+00
-8.45981877566e+00
-8.40620817758e+00
-8.47203441483e+00
-8.45594808538e+00
-8.48433926978e+00
-8.52417314186e+00
-8.55127716233e+00
-8.48082489372e+00
-8.48169167499e+00
-8.31379201433e+00
-8.51916220069e+00
-8.43432101809e+00
-8.58354293684e+00
-8.51261002500e+00
-8.39158280743e+00
-8.58173001543e+00
-8.48042914473e+00
-8.62141574934e+00
-8.58476849086e+00
-8.54224240129e+00
-8.40855461459e+00
-8.41165678403e+00
-8.49524199428e+00
-8.54494137900e+00
-8.42796418064e+00
-8.43961177247e+00
-8.50698000206e+00
-8.38161491321e+00
-8.54543837118e+00
-8.52886294077e+00
-8.55167943736e+00
-8.55228850787e+00
-8.48087616116e+00
-8.54402837520e+00
-8.59048980710e+00
-8.46555940633e+00
-8.45967667247e+00
-8.44930125908e+00
-8.56555018674e+00
-8.43160415761e+00
-8.40368996659e+00
-8.44004712103e+00
-8.43629153857e+00
-8.52754061581e+00
-8.51226351395e+00
-8.37318158603e+00
-8.61527098083e+00
-8.60488968609e+00
-8.56601018901e+00
-8.53987812054e+00
-8.57298632482e+00
-8.43501820042e+00
-8.58663880347e+00
-8.52633761201e+00
-8.44653133000e+00
-8.39707586492e+00
-8.45848099857e+00
-8.44328496324e+00
-8.55787840689e+00
-8.52266155594e+00
-8.35954659134e+00
-8.55460953811e+00
-8.48673027538e+00
-8.54192649380e+00
-8.53290248397e+00
-8.48238092528e+00
-8.56691453681e+00
-8.42835008530e+00
-8.61048600965e+00
-8.48399294087e+00
-8.47865517319e+00
-8.49159173688e+00
-8.43683908481e+00
-8.47532923337e+00
-8.47218718072e+00
-8.54892329910e+00
-8.51931865781e+00
-8.48771247281e+00
-8.44594340978e+00
-8.51729570894e+00
-8.49437040533e+00
-8.42118341282e+00
-8.49928295410e+00
-8.46479533161e+00
-8.58171618429e+00
-8.45996602052e+00
-8.35801592424e+00
-8.58483073880e+00
-8.47139718331e+00
-8.49879830356e+00
-8.59718699591e+00
-8.45053220671e+00
-8.51739589840e+00
-8.50488977497e+00
-8.53064878478e+00
-8.64479770127e+00
-8.43559634562e+00
-8.35554444338e+00
-8.44063741759e+00
-8.52235227210e+00
-8.48801315337e+00
-8.51287413635e+00
-8.58719285917e+00
-8.43926473097e+00
-8.52717542172e+00
-8.41646377392e+00
-8.54961030893e+00
-8.56750162079e+00
-8.50453617053e+00
-8.45300974480e+00
-8.50191740302e+00
-8.46011209090e+00
-8.44380689857e+00
-8.48338126665e+00
-8.51112684321e+00
-8.50356352075e+00
-8.53123952931e+00
-8.46774906653e+00
-8.54722044124e+00
-8.54411349039e+00
-8.53797168123e+00
-8.52665320263e+00
-8.56907735137e+00
-8.50212260522e+00
-8.52714691407e+00
-8.52803480878e+00
-8.46111038478e+00
-8.55460714577e+00
-8.54655529713e+00
-8.48274320315e+00
-8.55692737555e+00
-8.59465935633e+00
-8.47258071702e+00
-8.46119368377e+00
-8.51033364370e+00
-8.45578782697e+00
-8.40880454181e+00
-8.48689327388e+00
-8.41794918569e+00
-8.41932271993e+00
-8.47461511644e+00
-8.45298005325e+00
-8.46212141935e+00
-8.46088010969e+00
-8.46068562055e+00
-8.52281850237e+00
-8.51573953860e+00
-8.47668311503e+00
-8.49255161204e+00
-8.39300636339e+00
-8.60956574685e+00
-8.49594469589e+00
-8.46576576271e+00
-8.46738665987e+00
-8.48694418923e+00
-8.57653295449e+00
-8.45142870659e+00
-8.43634875071e+00
-8.51649089827e+00
-8.54180921489e+00
-8.45579940889e+00
-8.55385010000e+00
-8.53150953015e+00
-8.33779419334e+00
-8.44037315660e+00
-8.48077483207e+00
-8.37953171487e+00
-8.40356487366e+00
-8.46129202276e+00
-8.60660967419e+00
-8.35267822766e+00
-8.56713111351e+00
-8.46787638801e+00
-8.54081946679e+00
-8.63477199385e+00
-8.48721159711e+00
-8.36777742112e+00
-8.47092073889e+00
-8.52065371739e+00
-8.51755994222e+00
-8.57741783654e+00
-8.50247783735e+00
-8.50341554245e+00
-8.55723189133e+00
-8.48855748332e+00
-8.44388584864e+00
-8.47057052365e+00
-8.56532394650e+00
-8.41508213260e+00
-8.62688626926e+00
-8.51515218881e+00
-8.50285224596e+00
-8.40086932088e+00
-8.45339544662e+00
-8.46816432511e+00
-8.53054029767e+00
-8.51862442996e+00
-8.49888815191e+00
-8.50167278367e+00
-8.47267237410e+00
-8.49775533878e+00
-8.48411022500e+00
-8.46884639880e+00
-8.56935870274e+00
-8.57473976982e+00
-8.46720104841e+00
-8.57021255254e+00
-8.50481732388e+00
-8.40982133833e+00
-8.40422081218e+00
-8.51115959883e+00
-8.36804317487e+00
-8.42290847432e+00
-8.56992698209e+00
-8.51788073964e+00
-8.47001488798e+00
-8.57295222097e+00
-8.47494840453e+00
-8.57672639044e+00
-8.60181798623e+00
-8.57816955634e+00
-8.47269290902e+00
-8.48459470518e+00
-8.44339229595e+00
-8.52319685271e+00
-8.47357159962e+00
-8.64302101107e+00
-8.54993760926e+00
-8.39960558202e+00
-8.39196896102e+00
-8.48815034809e+00
-8.43816834125e+00
-8.50526307877e+00
-8.48086741907e+00
-8.41681708652e+00
-8.47671934511e+00
-8.46492674402e+00
-8.37883687609e+00
-8.50706192092e+00
-8.51496381183e+00
-8.40097411107e+00
-8.55324500306e+00
-8.46650447814e+00
-8.42959269161e+00
-8.37637247700e+00
-8.54913408355e+00
-8.44324789687e+00
-8.47042259841e+00
-8.49147681343e+00
-8.35965017762e+00
-8.58821035764e+00
-8.35803606203e+00
-8.60369022553e+00
-8.37789979279e+00
-8.55465887993e+00
-8.49179816457e+00
-8.31083159023e+00
-8.51605502684e+00
-8.44924408046e+00
-8.57365191431e+00
-8.50675065126e+00
-8.40023502095e+00
-8.49938529303e+00
-8.60271528815e+00
-8.46668350254e+00
-8.44685291766e+00
-8.46932767143e+00
-8.51352255182e+00
-8.44805850778e+00
-8.45889063153e+00
-8.35651887376e+00
-8.54052199567e+00
-8.48888033910e+00
-8.51292703273e+00
-8.45866702797e+00
-8.64364900554e+00
-8.37739713116e+00
-8.38948749497e+00
-8.52069233756e+00
-8.47050236707e+00
-8.58472259496e+00
-8.50295604742e+00
-8.50361238096e+00
-8.47221690842e+00
-8.49917914391e+00
-8.45801170786e+00
-8.56842352821e+00
-8.45067688460e+00
-8.44013738734e+00
-8.48635920313e+00
-8.56540461798e+00
-8.40640067428e+00
-8.56573496843e+00
-8.50118721179e+00
-8.56034507062e+00
-8.50899485095e+00
-8.56981064162e+00
-8.36823375440e+00
-8.48377809834e+00
-8.43257326032e+00
-8.54886076645e+00
-8.57834586685e+00
-8.51620584337e+00
-8.40811269928e+00
-8.48674782061e+00
-8.48902382164e+00
-8.41630845971e+00
-8.46557756978e+00
-8.46496219601e+00
-8.59267309658e+00
-8.44452781056e+00
-8.57047152020e+00
-8.47435886561e+00
-8.60006177896e+00
-8.40897223409e+00
-8.49732775828e+00
-8.51376588704e+00
-8.49444815198e+00
-8.45195120025e+00
-8.48020179874e+00
-8.50282177571e+00
-8.54147153274e+00
-8.53468765260e+00
-8.53738722699e+00
-8.54406894071e+00
-8.42882165853e+00
-8.53000918032e+00
-8.49376748418e+00
-8.66127858721e+00
-8.51266622418e+00
-8.52095935054e+00
-8.58734750571e+00
-8.56597879253e+00
-8.52951429011e+00
-8.54471477008e+00
-8.64818416978e+00
-8.65446883683e+00
-8.49835011335e+00
-8.48475825899e+00
-8.41990209193e+00
-8.59204553238e+00
-8.55189828107e+00
-8.46993439515e+00
-8.48852588227e+00
-8.51445622185e+00
-8.50118008924e+00
-8.43642890027e+00
-8.54527628245e+00
-8.53276996260e+00
-8.53725780843e+00
-8.44852310203e+00
-8.52186434619e+00
-8.58940832476e+00
-8.61010468052e+00
-8.53355988618e+00
-8.38604624860e+00
-8.55647376018e+00
-8.69314099929e+00
-8.43868684913e+00
-8.43609147077e+00
-8.50925236988e+00
-8.44331332566e+00
-8.53152741493e+00
-8.51033741360e+00
-8.50972004631e+00
-8.44256894152e+00
-8.43191867124e+00
-8.37902163724e+00
-8.52937339100e+00
-8.51534438430e+00
-8.54094091973e+00
-8.58140393721e+00
-8.54399820590e+00
-8.45642979770e+00
-8.49636603914e+00