2.93831931986e+00
2.93802801918e+00
2.93882670987e+00
2.93915182279e+00
2.93776676274e+00
2.93769822686e+00
2.93837075185e+00
2.93707494517e+00
2.93753444679e+00
2.93850408273e+00
2.93750269669e+00
2.93737617522e+00
2.93803243698e+00
2.93733882864e+00
2.93726647903e+00
2.93704333269e+00
2.93821410994e+00
2.93813743216e+00
2.93787969968e+00
2.93770666136e+00
2.93679327800e+00
2.93844592801e+00
2.93681907171e+00
2.93837590749e+00
2.93764796540e+00
2.93848915016e+00
2.93773134511e+00
2.93860444423e+00
2.93749343744e+00
2.93782529851e+00
2.93801445366e+00
2.93755539277e+00
2.93750513452e+00
2.93844932863e+00
2.93785374051e+00
2.93785778525e+00
2.93841382838e+00
2.93743485212e+00
2.93790662490e+00
2.93796689962e+00
2.93812447636e+00
2.93803484609e+00
2.93698727176e+00
2.93787374330e+00
2.93898186323e+00
2.93815673109e+00
2.93805809371e+00
2.93740386408e+00
2.93759293948e+00
2.93679033877e+00
2.93753425319e+00
2.93725874903e+00
2.93835730406e+00
2.93827115827e+00
2.93756041862e+00
2.93757439506e+00
2.93683198713e+00
2.93813921252e+00
2.93810167622e+00
2.93683826986e+00
2.93763461709e+00
2.93751342821e+00
2.93802261269e+00
2.93792477258e+00
2.93786094654e+00
2.93768977537e+00
2.93780255343e+00
2.93780745320e+00
2.93721424865e+00
2.93895970250e+00
2.93783363533e+00
2.93838636873e+00
2.93793153628e+00
2.93847972586e+00
2.93801159262e+00
2.93737865820e+00
2.93802814604e+00
2.93789612454e+00
2.93670232545e+00
2.93808191769e+00
2.93844641003e+00
2.93838636641e+00
2.93725594280e+00
2.93904089732e+00
2.93780897175e+00
2.93761736236e+00
2.93884077974e+00
2.93870302131e+00
2.93798587299e+00
2.93805361608e+00
2.93750337463e+00
2.93733187132e+00
2.93812891456e+00
2.93815092700e+00
2.93810959105e+00
2.93788652402e+00
2.93866121521e+00
2.93859082456e+00
2.93845083594e+00
2.93744148337e+00
2.93688563151e+00
2.93698771682e+00
2.93811043917e+00
2.93864316890e+00
2.93852012517e+00
2.93865875899e+00
2.93817817945e+00
2.93842128448e+00
2.93753970649e+00
2.93839754905e+00
2.93766779358e+00
2.93928146517e+00
2.93853756821e+00
2.93760124502e+00
2.93830139810e+00
2.93714385959e+00
2.93792254077e+00
2.93716879270e+00
2.93763676273e+00
2.93741974682e+00
2.93770110978e+00
2.93701773028e+00
2.93779942900e+00
2.93883168854e+00
2.93828137918e+00
2.93754294612e+00
2.93696644838e+00
2.93861607782e+00
2.93826634235e+00
2.93950032348e+00
2.93703945942e+00
2.93722916751e+00
2.93715846027e+00
2.93886146974e+00
2.93737316549e+00
2.93859866218e+00
2.93873230119e+00
2.93846750898e+00
2.93880245636e+00
2.93763920723e+00
2.93714557590e+00
2.93714754030e+00
2.93742127319e+00
2.93855043235e+00
2.93766440138e+00
2.93683704243e+00
2.93859252737e+00
2.93770440852e+00
2.93767169131e+00
2.93746724851e+00
2.93799531214e+00
2.93706098158e+00
2.93766451564e+00
2.93774385776e+00
2.93783461224e+00
2.93805929704e+00
2.93778669835e+00
2.93744933061e+00
2.93782813837e+00
2.93827796533e+00
2.93728441859e+00
2.93746083099e+00
2.93739229068e+00
2.93701556180e+00
2.93664537136e+00
2.93894821457e+00
2.93770049930e+00
2.93778207269e+00
2.93755096057e+00
2.93865928998e+00
2.93799564821e+00
2.93808151368e+00
2.93811013147e+00
2.93812575296e+00
2.93823324581e+00
2.93823182465e+00
2.93851489561e+00
2.93811870943e+00
2.93829681048e+00
2.93777875846e+00
2.93827756934e+00
2.93848282765e+00
2.93789665560e+00
2.93692362947e+00
2.93738586343e+00
2.93803036104e+00
2.93686041147e+00
2.93775005139e+00
2.93820183938e+00
2.93879522764e+00
2.93767648464e+00
2.93692593163e+00
2.93769458535e+00
2.93732658877e+00
2.93812531281e+00
2.93703688755e+00
2.93780345223e+00
2.93783783653e+00
2.93871172760e+00
2.93740631570e+00
2.93825359449e+00
2.93790483596e+00
2.93834420593e+00
2.93748605621e+00
2.93699340230e+00
2.93807837641e+00
2.93717700546e+00
2.93788462019e+00
2.93674732981e+00
2.93696454752e+00
2.93794718052e+00
2.93843244516e+00
2.93798934592e+00
2.93744818885e+00
2.93855885342e+00
2.93826357451e+00
2.93727881052e+00
2.93723794296e+00
2.93728011253e+00
2.93762190496e+00
2.93705325860e+00
2.93795790877e+00
2.93767391376e+00
2.93814281326e+00
2.93904166328e+00
2.93836918430e+00
2.93854905533e+00
2.93686931138e+00
2.93803072039e+00
2.93824455833e+00
2.93814726548e+00
2.93774288019e+00
2.93779889024e+00
2.93715292489e+00
2.93808402097e+00
2.93872993738e+00
2.93754532518e+00
2.93838260450e+00
2.93920431005e+00
2.93858525507e+00
2.93827810553e+00
2.93866950704e+00
2.93885222048e+00
2.93801941460e+00
2.93761652900e+00
2.93856941860e+00
2.93775395331e+00
2.93692846510e+00
2.93837089601e+00
2.93731787896e+00
2.93897018964e+00
2.93740068358e+00
2.93775572483e+00
2.93704645520e+00
2.93832137843e+00
2.93795515718e+00
2.93795966164e+00
2.93779061297e+00
2.93827198034e+00
2.93811094054e+00
2.93790835245e+00
2.93835914550e+00
2.93882915423e+00
2.93869373458e+00
2.93728832144e+00
2.93792720144e+00
2.93867462813e+00
2.93850076345e+00
2.93669183715e+00
2.93719353310e+00
2.93801215169e+00
2.93740258687e+00
2.93866534700e+00
2.93884575817e+00
2.93856641180e+00
2.93781598051e+00
2.93774694005e+00
2.93752577326e+00
2.93849609243e+00
2.93735519257e+00
2.93764229821e+00
2.93764859526e+00
2.93724505001e+00
2.93769825984e+00
2.93781095925e+00
2.93849168788e+00
2.93791925797e+00
2.93781906352e+00
2.93874091920e+00
2.93763959607e+00
2.93823872895e+00
2.93755129124e+00
2.93804900472e+00
2.93758416957e+00
2.93774056273e+00
2.93819484331e+00
2.93704215909e+00
2.93874215344e+00
2.93827605192e+00
2.93792408066e+00
2.93804869504e+00
2.93889004728e+00
2.93734935758e+00
2.93845504768e+00
2.93811483012e+00
2.93782734706e+00
2.93813721756e+00
2.93692580815e+00
2.93864224552e+00
2.93788197367e+00
2.93833910069e+00
2.93774487169e+00
2.93720164082e+00
2.93871483018e+00
2.93691691189e+00
2.93803083683e+00
2.93738163834e+00
2.93729430939e+00
2.93762286151e+00
2.93752402975e+00
2.93716164799e+00
2.93788996105e+00
2.93809079834e+00
2.93846664307e+00
2.93715376890e+00
2.93804995625e+00
2.93814690108e+00
2.93797044019e+00
2.93694496157e+00
2.93773071285e+00
2.93756274522e+00
2.93803579408e+00
2.93918007803e+00
2.93916718234e+00
2.93823628624e+00
2.93816488771e+00
2.93787543887e+00
2.93768714054e+00
2.93740191908e+00
2.93767492488e+00
2.93743297904e+00
2.93824435058e+00
2.93820276062e+00
2.93708270698e+00
2.93720603042e+00
2.93837036981e+00
2.93827885338e+00
2.93814871748e+00
2.93752767039e+00
2.93864004815e+00
2.93734157238e+00
2.93813990345e+00
2.93806439512e+00
2.93816157806e+00
2.93834914899e+00
2.93760549809e+00
2.93747672195e+00
2.93783416014e+00
2.93828299052e+00
2.93830389297e+00
2.93816801518e+00
2.93750943727e+00
2.93733271756e+00
2.93824507380e+00
2.93696491580e+00
2.93878462771e+00
2.93682658135e+00
2.93793824919e+00
2.93779337870e+00
2.93807351247e+00
2.93827454357e+00
2.93786207777e+00
2.93708593532e+00
2.93655291778e+00
2.93767990345e+00
2.93820921761e+00
2.93875094432e+00
2.93824879816e+00
2.93826696835e+00
2.93779664219e+00
2.93762955405e+00
2.93752856382e+00
2.93754552470e+00
2.93754873789e+00
2.93798205472e+00
2.93708650353e+00
2.93827413315e+00
2.93782064444e+00
2.93798041291e+00
2.93888100154e+00
2.93828783607e+00
2.93838791550e+00
2.93818138267e+00
2.93853777691e+00
2.93707524633e+00
2.93732617816e+00
2.93859532794e+00
2.93789201338e+00
2.93709761340e+00
2.93776636139e+00
2.93712024467e+00
2.93838007748e+00
2.93875877118e+00
2.93902018084e+00
2.93873273381e+00
2.93768091805e+00
2.93785392729e+00
2.93791317227e+00
2.93859509935e+00
2.93923498947e+00
2.93742711598e+00
2.93755024254e+00
2.93799871955e+00
2.93846663698e+00
2.93806600690e+00
2.93813934296e+00
2.93862265377e+00
2.93726422346e+00
2.93835496407e+00
2.93816785337e+00
2.93748720054e+00
2.93858396292e+00
2.93767926841e+00
2.93793904510e+00
2.93773441827e+00
2.93759989804e+00
2.93750407290e+00
2.93802710793e+00
2.93856203847e+00
2.93849748133e+00
2.93748184298e+00
2.93906114407e+00
2.93844186151e+00
2.93768343585e+00
2.93813400466e+00
2.93692901209e+00
2.93684452477e+00
2.93858351635e+00
2.93720634726e+00
2.93805490694e+00
2.93760861064e+00
2.93851614752e+00
2.93837535494e+00
2.93744838441e+00
2.93839840113e+00
2.93810075304e+00
2.93785473702e+00
2.93787598099e+00
2.93826883508e+00
2.93780928803e+00
2.93774434047e+00
2.93880068070e+00
2.93725685867e+00
2.93771103254e+00
2.93894149220e+00
2.93772042128e+00
2.93711470779e+00
2.93820564593e+00
2.93859676099e+00
2.93846950812e+00
2.93736194956e+00
2.93825462669e+00
2.93772431621e+00
2.93776118485e+00
2.93830397736e+00
2.93761354980e+00
2.93846396509e+00
2.93865281813e+00
2.93780986868e+00
2.93777783898e+00
2.93798968824e+00
2.93774337008e+00
2.93822620736e+00
2.93769407793e+00
2.93666544449e+00
2.93794290541e+00
2.93850828862e+00
2.93732204651e+00
2.93873050456e+00
2.93738002864e+00
2.93854405021e+00
2.93738343793e+00
2.93837863736e+00
2.93762750897e+00
2.93694764463e+00
2.93760835122e+00
2.93775318890e+00
2.93766825535e+00
2.93794832219e+00
2.93888894202e+00
2.93920000795e+00
2.93800419015e+00
2.93847721824e+00
2.93702616830e+00
2.93758803971e+00
2.93694535528e+00
2.93791304240e+00
2.93815457015e+00
2.93772612788e+00
2.93744344337e+00
2.93790794773e+00