1.41978128851e+00
1.41954397629e+00
1.42009718367e+00
1.41982402250e+00
1.41993590949e+00
1.41955615535e+00
1.42059780960e+00
1.42024063948e+00
1.41995722076e+00
1.41919740148e+00
1.42007562761e+00
1.42065736534e+00
1.41997199766e+00
1.41996013343e+00
1.42000082240e+00
1.41988313698e+00
1.42032378221e+00
1.41952738007e+00
1.42022074441e+00
1.41981300914e+00
1.41897449990e+00
1.41974330938e+00
1.41983425848e+00
1.42004100653e+00
1.41910394821e+00
1.41989737964e+00
1.42003865085e+00
1.41946739458e+00
1.42021300089e+00
1.41992388888e+00
1.42032741755e+00
1.41927523526e+00
1.41977429550e+00
1.42047505550e+00
1.41998327165e+00
1.41983711441e+00
1.41981525238e+00
1.41973478367e+00
1.42033499107e+00
1.41965746340e+00
1.41947887623e+00
1.42097413848e+00
1.41933251591e+00
1.42058141312e+00
1.41995367387e+00
1.41949362316e+00
1.42006137621e+00
1.41934107044e+00
1.42034342304e+00
1.41946353919e+00
1.42007606048e+00
1.42023349057e+00
1.41915715675e+00
1.42003484972e+00
1.42016682734e+00
1.42044764497e+00
1.42028290761e+00
1.41994237154e+00
1.41984260336e+00
1.42038402765e+00
1.41911757056e+00
1.42026145913e+00
1.42014769480e+00
1.41985345282e+00
1.42020548442e+00
1.41978699948e+00
1.42005570903e+00
1.41946613085e+00
1.41941267838e+00
1.41995047341e+00
1.41983834702e+00
1.42019552065e+00
1.42021313899e+00
1.42014271572e+00
1.41940995759e+00
1.41949608128e+00
1.42060966577e+00
1.42024370958e+00
1.41970656153e+00
1.42039118110e+00
1.42020747257e+00
1.42024695316e+00
1.42059883838e+00
1.42061433514e+00
1.41949454843e+00
1.42000982117e+00
1.42070320376e+00
1.41995621573e+00
1.41962895904e+00
1.42021651555e+00
1.41928229953e+00
1.42026049829e+00
1.41937676757e+00
1.41972640656e+00
1.42053861342e+00
1.41991941648e+00
1.41991835738e+00
1.41993026855e+00
1.42094030373e+00
1.41967585805e+00
1.42035044426e+00
1.41950954993e+00
1.42052936918e+00
1.42005025589e+00
1.42030716203e+00
1.41994633668e+00
1.41981953623e+00
1.41999856277e+00
1.42019697819e+00
1.41985658983e+00
1.42023299736e+00
1.41991930716e+00
1.42013691378e+00
1.41989596412e+00
1.42084618404e+00
1.42079216176e+00
1.41968595453e+00
1.41992929973e+00
1.41979641481e+00
1.41988885181e+00
1.41993983042e+00
1.41956138899e+00
1.41945997973e+00
1.41986041588e+00
1.42006764873e+00
1.41954384217e+00
1.41999083729e+00
1.42008490996e+00
1.42102392987e+00
1.41991766271e+00
1.42009384846e+00
1.41975066564e+00
1.42008555600e+00
1.42014040031e+00
1.42015571711e+00
1.42020292876e+00
1.41998474690e+00
1.42014799327e+00
1.42068166862e+00
1.41962970534e+00
1.42051087533e+00
1.41995786243e+00
1.42017783840e+00
1.42073379210e+00
1.42015880476e+00
1.42037553898e+00
1.41926349396e+00
1.41894665270e+00
1.41969104827e+00
1.41916309144e+00
1.41965436695e+00
1.42014079415e+00
1.41951587113e+00
1.42012584154e+00
1.41973551554e+00
1.42029829510e+00
1.41930608929e+00
1.42072089774e+00
1.41983486276e+00
1.42000681873e+00
1.41972162575e+00
1.41989002187e+00
1.41952664648e+00
1.41998069923e+00
1.41974213936e+00
1.41963355783e+00
1.42024367816e+00
1.42010200120e+00
1.42020715718e+00
1.42036847483e+00
1.41987209389e+00
1.42059718413e+00
1.42015560340e+00
1.41974982551e+00
1.41969175460e+00
1.41975477373e+00
1.42032302775e+00
1.42014079740e+00
1.42063115451e+00
1.41975894266e+00
1.41997216291e+00
1.41985889884e+00
1.42008529994e+00
1.41982688640e+00
1.41953284935e+00
1.41998590705e+00
1.42033889969e+00
1.42059851187e+00
1.41952989245e+00
1.41996772141e+00
1.42046681214e+00
1.42067474984e+00
1.41981172169e+00
1.42025833027e+00
1.41960827907e+00
1.42067273289e+00
1.41938333992e+00
1.41985353617e+00
1.42037118467e+00
1.41984332078e+00
1.41936480391e+00
1.42027260049e+00
1.41932327341e+00
1.41978405984e+00
1.41920322598e+00
1.41990766023e+00
1.42124020755e+00
1.41973700415e+00
1.42044859104e+00
1.41945980879e+00
1.41894792941e+00
1.42047589671e+00
1.42019520886e+00
1.42033291922e+00
1.42014668785e+00
1.41993512396e+00
1.42053229605e+00
1.41978633852e+00
1.41976635333e+00
1.42003721582e+00
1.42010538955e+00
1.42101385195e+00
1.41978566439e+00
1.41958913518e+00
1.41945832171e+00
1.42004328692e+00
1.42007807205e+00
1.41867593845e+00
1.42059245887e+00
1.41941000154e+00
1.42008028114e+00
1.42008375197e+00
1.41974137519e+00
1.41988028493e+00
1.42022292691e+00
1.41997922123e+00
1.42017584290e+00
1.41961805513e+00
1.41930061395e+00
1.41944336794e+00
1.41905900634e+00
1.41977962455e+00
1.41980753745e+00
1.41899692467e+00
1.42037443375e+00
1.42002780200e+00
1.42052938128e+00
1.42016419875e+00
1.42024120315e+00
1.41909910067e+00
1.41968507784e+00
1.42007013583e+00
1.41992475651e+00
1.41949773939e+00
1.41946892278e+00
1.42061240240e+00
1.42007119625e+00
1.41996190885e+00
1.41954891195e+00
1.42014841611e+00
1.41991941515e+00
1.42019245756e+00
1.41960709014e+00
1.41956666243e+00
1.41991270370e+00
1.42074212289e+00
1.42008967175e+00
1.41975429250e+00
1.42051153607e+00
1.42039902995e+00
1.42055866315e+00
1.41997029842e+00
1.42022383143e+00
1.41997686261e+00
1.42041022871e+00
1.42057362123e+00
1.41967799151e+00
1.42082382948e+00
1.41982089046e+00
1.41975490368e+00
1.41979466487e+00
1.42014395161e+00
1.41977153322e+00
1.42062060693e+00
1.42038148849e+00
1.41943308211e+00
1.41976071729e+00
1.42045452472e+00
1.41907460522e+00
1.41976293675e+00
1.42003280657e+00
1.42004224003e+00
1.41948907594e+00
1.42044134164e+00
1.41942580867e+00
1.42055395489e+00
1.42098551408e+00
1.42046824318e+00
1.41971942989e+00
1.41992048203e+00
1.42012644151e+00
1.42018884277e+00
1.42118043185e+00
1.42015310334e+00
1.42018395996e+00
1.41981664349e+00
1.41970896133e+00
1.41984415417e+00
1.41941083565e+00
1.41965626042e+00
1.41984577829e+00
1.41870948145e+00
1.42025859816e+00
1.42069190440e+00
1.42039527666e+00
1.41974539804e+00
1.42022191039e+00
1.41994456164e+00
1.42024501305e+00
1.42063179679e+00
1.41952708739e+00
1.41977204095e+00
1.42020503829e+00
1.41987622500e+00
1.41941699620e+00
1.42029298846e+00
1.41998134014e+00
1.41995145375e+00
1.41997427507e+00
1.41983829124e+00
1.41961426660e+00
1.41979571556e+00
1.41974998199e+00
1.42067105416e+00
1.42012799251e+00
1.42090433685e+00
1.41958598528e+00
1.42001864971e+00
1.42072289719e+00
1.42027075298e+00
1.41997837777e+00
1.42061076486e+00
1.42035848980e+00
1.41995912815e+00
1.41973126630e+00
1.42091920543e+00
1.41975833188e+00
1.42055749542e+00
1.42001163497e+00
1.42035337988e+00
1.41980593378e+00
1.42073971693e+00
1.42037014765e+00
1.41976021466e+00
1.41994855811e+00
1.42011348263e+00
1.41909088217e+00
1.42006518351e+00
1.41905746750e+00
1.41960374756e+00
1.41989727974e+00
1.42028427638e+00
1.41994090311e+00
1.41987402487e+00
1.41948975871e+00
1.42062988508e+00
1.42031098871e+00
1.42002760624e+00
1.41960610607e+00
1.42006051621e+00
1.41952271354e+00
1.41971928194e+00
1.42053033558e+00
1.42005210561e+00
1.41998226084e+00
1.41987099235e+00
1.41976004152e+00
1.41965968411e+00
1.42032938041e+00
1.41952603608e+00
1.41873003351e+00
1.42032315675e+00
1.42000712085e+00
1.41919740880e+00
1.41946159640e+00
1.41962312977e+00
1.41945851894e+00
1.42008077614e+00
1.41945353552e+00
1.41919131831e+00
1.41933058281e+00
1.42006775387e+00
1.42057801829e+00
1.41936823725e+00
1.41957862554e+00
1.41993681319e+00
1.41964694094e+00
1.42006323040e+00
1.42118408929e+00
1.42059474690e+00
1.41909760604e+00
1.41994126019e+00
1.41977092277e+00
1.42057912916e+00
1.41971776428e+00
1.41983097413e+00
1.41942583800e+00
1.41985450889e+00
1.41991932303e+00
1.41946882980e+00
1.41947568889e+00
1.42018869745e+00
1.41917293925e+00
1.42089435185e+00
1.42032198983e+00
1.41972884814e+00
1.42031766515e+00
1.42015687139e+00
1.41895343527e+00
1.41955293139e+00
1.42066761047e+00
1.42035602822e+00
1.41988788750e+00
1.42032294973e+00
1.42011561972e+00
1.42024032640e+00
1.41965693355e+00
1.41975898405e+00
1.41905363328e+00
1.41954053445e+00
1.42066161429e+00
1.41962439514e+00
1.41950632633e+00
1.41953516847e+00
1.42008762917e+00
1.42002878794e+00
1.41970880492e+00
1.41959743292e+00
1.42007582296e+00
1.42041108946e+00
1.41960378460e+00
1.41927392009e+00
1.42050480573e+00
1.42000828220e+00
1.42039724351e+00
1.41911442922e+00
1.41940610033e+00
1.42106777182e+00
1.41999218424e+00
1.42008290892e+00
1.42012132386e+00
1.42000356531e+00
1.41927900735e+00
1.42054379117e+00
1.42021958655e+00
1.42010166908e+00
1.41959584144e+00
1.42008213200e+00
1.41986807878e+00
1.42017431435e+00
1.42051995887e+00
1.42009672723e+00
1.42002826201e+00
1.42029607653e+00
1.42040793180e+00
1.42000008286e+00
1.41932124231e+00
1.42019675927e+00
1.41947259539e+00
1.42100777212e+00
1.42056437538e+00
1.41971167122e+00
1.41977776539e+00
1.41914603174e+00
1.41948025819e+00
1.41970960516e+00
1.42048044247e+00
1.41992979164e+00
1.41960434147e+00
1.42006110287e+00
1.42020030263e+00
1.42023317813e+00
1.41991434011e+00
1.41973430392e+00
1.41964637964e+00
1.42049429935e+00
1.41942551548e+00
1.41997974209e+00
1.41944054170e+00
1.41938750146e+00
1.42043988350e+00
1.41987512896e+00
1.41970200715e+00
1.42005222713e+00
1.41975565889e+00
1.42009584803e+00
1.41983333103e+00
1.41943194697e+00
1.42105503301e+00
1.41983974245e+00
1.41998769493e+00