8.15004304525e-01
8.14933430303e-01
8.14590366616e-01
8.15593571440e-01
8.15001118309e-01
8.14642358875e-01
8.14718054055e-01
8.14916797067e-01
8.15007021401e-01
8.15058318047e-01
8.14709082233e-01
8.15037237357e-01
8.15229486859e-01
8.14759949485e-01
8.15137521094e-01
8.15225996909e-01
8.14913385304e-01
8.14754505239e-01
8.15017819627e-01
8.14726248403e-01
8.15375007852e-01
8.14993343199e-01
8.15185151535e-01
8.14569709274e-01
8.14915493355e-01
8.15064262705e-01
8.15176739423e-01
8.14513862864e-01
8.14858934036e-01
8.14970786068e-01
8.15202883257e-01
8.14828321601e-01
8.14894160674e-01
8.14999718454e-01
8.15009564464e-01
8.15148425041e-01
8.15238825612e-01
8.14825941496e-01
8.14752855545e-01
8.14578707862e-01
8.14917165479e-01
8.14942499888e-01
8.15072856810e-01
8.15108019359e-01
8.15262025255e-01
8.14926128356e-01
8.15100784114e-01
8.15083180999e-01
8.14747664074e-01
8.14986572174e-01
8.14910588384e-01
8.15171340454e-01
8.14779572554e-01
8.14554568297e-01
8.15296681530e-01
8.15015904558e-01
8.14863001973e-01
8.15026803110e-01
8.15124721179e-01
8.15116169673e-01
8.15028483195e-01
8.15386131865e-01
8.14996177424e-01
8.15179575799e-01
8.14872224446e-01
8.14833380129e-01
8.14983685111e-01
8.14859735412e-01
8.14843813336e-01
8.14701537619e-01
8.15003227755e-01
8.15160977013e-01
8.15266632997e-01
8.15141639503e-01
8.14771141082e-01
8.14962078109e-01
8.15071230593e-01
8.14978627180e-01
8.14767678351e-01
8.15048454432e-01
8.14795317740e-01
8.14946893389e-01
8.14834150558e-01
8.14892569315e-01
8.14775711589e-01
8.14850260306e-01
8.14834641857e-01
8.14870802055e-01
8.15022117445e-01
8.14910947714e-01
8.14943870920e-01
8.14719705745e-01
8.14820135502e-01
8.14709263547e-01
8.14840286485e-01
8.15029799023e-01
8.15016695079e-01
8.14957487739e-01
8.14904560805e-01
8.14827280884e-01
8.14912913976e-01
8.15054057354e-01
8.14961279158e-01
8.14988290997e-01
8.14657604265e-01
8.14455502791e-01
8.15293845259e-01
8.14957109085e-01
8.15011684901e-01
8.14753338413e-01
8.15021603267e-01
8.14763653148e-01
8.15223687986e-01
8.14922434608e-01
8.14937464678e-01
8.15257142997e-01
8.14861871795e-01
8.14826568941e-01
8.14966996838e-01
8.15064144751e-01
8.15214936038e-01
8.14987332789e-01
8.14756729736e-01
8.14917159066e-01
8.14651655479e-01
8.15018683028e-01
8.14963401831e-01
8.14978018033e-01
8.15455043484e-01
8.14727425565e-01
8.14717959502e-01
8.15088036535e-01
8.14855337585e-01
8.15266816131e-01
8.15204741795e-01
8.15207135567e-01
8.14997985879e-01
8.15086588630e-01
8.15185931257e-01
8.14768383416e-01
8.15151896245e-01
8.14660273723e-01
8.14890888018e-01
8.15172324475e-01
8.14561213725e-01
8.15086999027e-01
8.14910753642e-01
8.14807938869e-01
8.14809344670e-01
8.14873305642e-01
8.14746915224e-01
8.14968939449e-01
8.15320014129e-01
8.14789762992e-01
8.14722118641e-01
8.15093387233e-01
8.14967607149e-01
8.15024613599e-01
8.15167061543e-01
8.14998483048e-01
8.15112889988e-01
8.15032815204e-01
8.14843243381e-01
8.15398324385e-01
8.14863158425e-01
8.14776700787e-01
8.15036230033e-01
8.14635096017e-01
8.14744393824e-01
8.15185580388e-01
8.14840766965e-01
8.14918780731e-01
8.14657420523e-01
8.15060709039e-01
8.14991335673e-01
8.14844162905e-01
8.14997717299e-01
8.15227265068e-01
8.15285118799e-01
8.15045778046e-01
8.14968715047e-01
8.15064564174e-01
8.14785443806e-01
8.15054381128e-01
8.15034519411e-01
8.14968375967e-01
8.14688511207e-01
8.14750038616e-01
8.14981990502e-01
8.14781327540e-01
8.14923902382e-01
8.14714006961e-01
8.15120716420e-01
8.14749669348e-01
8.14723603538e-01
8.14909358276e-01
8.14894903887e-01
8.15014850209e-01
8.15026396153e-01
8.15126013819e-01
8.14912928758e-01
8.14536322751e-01
8.14816344044e-01
8.14810989523e-01
8.15075010151e-01
8.14622140235e-01
8.15324005874e-01
8.14967011118e-01
8.15037953225e-01
8.14593765022e-01
8.14913113274e-01
8.15083626876e-01
8.14912483316e-01
8.15000044585e-01
8.14942522857e-01
8.15068647258e-01
8.14750433255e-01
8.14897659255e-01
8.14822827340e-01
8.14899464530e-01
8.14970079754e-01
8.15212076759e-01
8.15014487709e-01
8.14909683924e-01
8.14847478855e-01
8.14840632045e-01
8.14833445544e-01
8.14731914476e-01
8.14923788300e-01
8.14850169215e-01
8.14945292419e-01
8.15099546956e-01
8.15089677281e-01
8.15186204162e-01
8.14888932950e-01
8.14785744406e-01
8.14786688681e-01
8.14982544073e-01
8.15169515682e-01
8.14763281008e-01
8.14992446783e-01
8.15037752775e-01
8.14992917390e-01
8.14811376352e-01
8.15019405883e-01
8.14984183978e-01
8.15119336594e-01
8.14860404626e-01
8.14799508260e-01
8.14839443443e-01
8.14789857749e-01
8.14980656773e-01
8.15091607836e-01
8.14926599427e-01
8.15067534259e-01
8.15150146689e-01
8.15056739140e-01
8.14780568882e-01
8.15047520344e-01
8.15323334924e-01
8.15509403765e-01
8.14853979722e-01
8.15314809054e-01
8.15203504432e-01
8.14832247278e-01
8.15191381228e-01
8.14670165161e-01
8.14949178899e-01
8.14812019131e-01
8.15216216664e-01
8.14728729378e-01
8.15044247142e-01
8.14952703935e-01
8.15094775244e-01
8.14942003458e-01
8.14829261350e-01
8.14717921834e-01
8.15287462582e-01
8.14772126691e-01
8.15001316974e-01
8.15095029770e-01
8.14976708388e-01
8.14954256611e-01
8.15106421290e-01
8.15188751312e-01
8.15078947691e-01
8.15058572098e-01
8.14967420508e-01
8.14905920108e-01
8.14993738156e-01
8.15018529562e-01
8.14965333147e-01
8.14940149170e-01
8.15041159776e-01
8.14653628174e-01
8.14752904322e-01
8.14903522643e-01
8.15032814242e-01
8.15063086723e-01
8.15374290694e-01
8.14994447353e-01
8.15135780976e-01
8.14951433569e-01
8.15215733257e-01
8.14749844209e-01
8.14936478121e-01
8.14893174635e-01
8.14878138318e-01
8.14756080218e-01
8.14915317552e-01
8.14836338698e-01
8.15015504790e-01
8.14923485038e-01
8.15081397554e-01
8.14981567831e-01
8.14734007369e-01
8.14823638512e-01
8.15006723157e-01
8.14981593279e-01
8.14892547775e-01
8.14945947809e-01
8.14592867345e-01
8.14877185494e-01
8.14877135518e-01
8.14808436229e-01
8.15030935166e-01
8.14986619249e-01
8.15191903598e-01
8.14824438345e-01
8.14739378516e-01
8.14973692958e-01
8.14872982431e-01
8.15154113717e-01
8.15051095667e-01
8.14833467075e-01
8.14935799026e-01
8.14659445258e-01
8.14877293112e-01
8.15204222108e-01
8.15093938342e-01
8.14554499032e-01
8.14953993069e-01
8.14899785769e-01
8.14892676524e-01
8.14751097166e-01
8.15290175942e-01
8.15157830977e-01
8.15174315676e-01
8.14848956464e-01
8.15124581166e-01
8.14844963416e-01
8.14960836333e-01
8.14788927721e-01
8.15183247203e-01
8.14920623713e-01
8.14951105644e-01
8.14825440359e-01
8.15208893643e-01
8.14815388439e-01
8.14873158224e-01
8.14794745351e-01
8.15171619216e-01
8.15295924582e-01
8.14811088828e-01
8.15131714618e-01
8.15124423771e-01
8.14868505220e-01
8.14795420711e-01
8.14630795758e-01
8.14899850765e-01
8.14598699598e-01
8.15163796675e-01
8.15263995340e-01
8.14885666066e-01
8.15021572860e-01
8.14767553295e-01
8.14892451872e-01
8.15182364829e-01
8.14908096584e-01
8.14554252996e-01
8.14891878905e-01
8.14608035787e-01
8.14863988941e-01
8.14882411955e-01
8.14765556691e-01
8.14578558596e-01
8.14767960032e-01
8.15167968854e-01
8.15302672700e-01
8.15247679673e-01
8.14461718374e-01
8.15129012147e-01
8.14992947646e-01
8.14919958694e-01
8.14981748943e-01
8.15290771583e-01
8.14936192614e-01
8.14860573398e-01
8.15093365729e-01
8.15006554539e-01
8.14880360251e-01
8.14802318460e-01
8.14653174189e-01
8.15024686750e-01
8.14866798451e-01
8.14790512680e-01
8.15210535754e-01
8.14896603769e-01
8.15092398897e-01
8.14801510533e-01
8.14810904053e-01
8.14456438084e-01
8.14713917473e-01
8.15035697997e-01
8.14487561084e-01
8.14947214807e-01
8.15102571600e-01
8.14601744706e-01
8.14647648446e-01
8.14921853882e-01
8.15031661344e-01
8.14963468562e-01
8.14802668540e-01
8.14885087870e-01
8.15042361860e-01
8.15319529207e-01
8.15150044888e-01
8.15002961354e-01
8.14773586881e-01
8.15090574439e-01
8.15082416901e-01
8.14930839048e-01
8.14737248612e-01
8.14792202012e-01
8.14794486517e-01
8.14697946474e-01
8.14994796723e-01
8.14835802114e-01
8.15114289836e-01
8.15095400351e-01
8.14679017941e-01
8.14763243600e-01
8.15134159496e-01
8.14845259437e-01
8.15208874241e-01
8.14863905379e-01
8.15000867101e-01
8.15271761334e-01
8.14894152926e-01
8.14994680240e-01
8.14884270913e-01
8.15108561159e-01
8.14912398661e-01
8.15162369328e-01
8.14912312649e-01
8.15323920858e-01
8.14908648672e-01
8.14982070081e-01
8.14920895679e-01
8.14893093029e-01
8.14784759380e-01
8.15187797690e-01
8.15095333845e-01
8.14923270750e-01
8.14795229964e-01
8.14885757007e-01
8.15025028383e-01
8.15197473472e-01
8.14984526321e-01
8.15200557570e-01
8.15149042627e-01
8.14955300654e-01
8.14773003616e-01
8.14790696076e-01
8.14537157258e-01
8.14775585409e-01
8.15204321582e-01
8.14820256622e-01
8.14939852892e-01
8.14985317624e-01
8.15032444334e-01
8.15266046976e-01
8.15167918035e-01
8.14971602928e-01
8.14813807377e-01
8.15109029945e-01
8.14941293754e-01
8.15129095188e-01
8.14853954432e-01
8.14573326261e-01
8.15292210026e-01
8.14774878921e-01
8.14738483536e-01
8.15616353589e-01
8.15235137011e-01
8.14771257158e-01
8.14963894853e-01
8.14873222486e-01
8.15035204350e-01
8.14796702919e-01
8.14939774052e-01