-2.37565171404e+02
-2.29725115964e+02
-2.26893913482e+02
-2.27415731008e+02
-2.25118180866e+02
-2.32383840691e+02
-2.24871342754e+02
-2.28570817697e+02
-2.24945336325e+02
-2.31417393108e+02
-2.25619488419e+02
-2.34016727154e+02
-2.33001149235e+02
-2.31077880350e+02
-2.26972101008e+02
-2.22142158117e+02
-2.25850109533e+02
-2.29885790394e+02
-2.31837459854e+02
-2.25851378312e+02
-2.30246146403e+02
-2.33547361473e+02
-2.24056999052e+02
-2.33653817176e+02
-2.30678136217e+02
-2.30269075373e+02
-2.28162913419e+02
-2.22749641652e+02
-2.28343047071e+02
-2.36388313561e+02
-2.27545926564e+02
-2.34415709984e+02
-2.31677918808e+02
-2.32902729192e+02
-2.33467063032e+02
-2.29885782865e+02
-2.26879075203e+02
-2.33457917498e+02
-2.25764988903e+02
-2.36483467807e+02
-2.26984857040e+02
-2.33775131148e+02
-2.27053572508e+02
-2.35159329460e+02
-2.29716134136e+02
-2.29661903357e+02
-2.33927963114e+02
-2.32721478422e+02
-2.20729693884e+02
-2.29936073100e+02
-2.28072954788e+02
-2.29844363780e+02
-2.27945699210e+02
-2.28198486605e+02
-2.26493779666e+02
-2.33601291102e+02
-2.28609820830e+02
-2.25254483185e+02
-2.27675758074e+02
-2.31276322980e+02
-2.22277302214e+02
-2.28696592163e+02
-2.20535620588e+02
-2.29411378082e+02
-2.30903917950e+02
-2.21892492082e+02
-2.30182895885e+02
-2.34681519439e+02
-2.23138000918e+02
-2.30417172628e+02
-2.30406284554e+02
-2.31235506501e+02
-2.30457137785e+02
-2.28031744667e+02
-2.28344144148e+02
-2.23247339990e+02
-2.25596583654e+02
-2.28283363064e+02
-2.34011827732e+02
-2.22315918637e+02
-2.33031101872e+02
-2.32768103657e+02
-2.28172086713e+02
-2.31316024569e+02
-2.24427437513e+02
-2.26304787474e+02
-2.32674854559e+02
-2.33093541727e+02
-2.32321189299e+02
-2.24718727924e+02
-2.25664813172e+02
-2.27814618519e+02
-2.32121000746e+02
-2.26149811654e+02
-2.34491940461e+02
-2.30447969578e+02
-2.23528770008e+02
-2.28185516227e+02
-2.35742251470e+02
-2.24548723230e+02
-2.28117070307e+02
-2.37412526276e+02
-2.23476587132e+02
-2.32515603409e+02
-2.31391814077e+02
-2.28021201214e+02
-2.35179533431e+02
-2.24891566402e+02
-2.23898695046e+02
-2.23054272925e+02
-2.25643679332e+02
-2.36332907948e+02
-2.31560464338e+02
-2.31223933004e+02
-2.31626397485e+02
-2.35526538916e+02
-2.31008679863e+02
-2.33647109720e+02
-2.29014767740e+02
-2.30982513964e+02
-2.33827164313e+02
-2.26377995928e+02
-2.32066826447e+02
-2.31362499580e+02
-2.32037767893e+02
-2.22669672431e+02
-2.18719977068e+02
-2.30298045639e+02
-2.31219995898e+02
-2.28258270560e+02
-2.29224509306e+02
-2.34501056305e+02
-2.34851580585e+02
-2.33227859574e+02
-2.25908227848e+02
-2.20652874966e+02
-2.33363843409e+02
-2.22204547175e+02
-2.22599935644e+02
-2.27105435459e+02
-2.34161907586e+02
-2.26309194112e+02
-2.30205218904e+02
-2.28480799924e+02
-2.26830284711e+02
-2.25597483877e+02
-2.30797481220e+02
-2.31864410710e+02
-2.39158152968e+02
-2.31327183291e+02
-2.24025373416e+02
-2.30407930093e+02
-2.23997979918e+02
-2.19969942298e+02
-2.21186683951e+02
-2.36868974436e+02
-2.32398537232e+02
-2.35251119525e+02
-2.30458802548e+02
-2.27589383315e+02
-2.36556905289e+02
-2.30857520214e+02
-2.34939356902e+02
-2.32979696612e+02
-2.25720507482e+02
-2.30363829703e+02
-2.20799940084e+02
-2.30172925238e+02
-2.25536835145e+02
-2.30123953027e+02
-2.31104189215e+02
-2.23700505004e+02
-2.30227635617e+02
-2.30946130099e+02
-2.31675126060e+02
-2.32312466074e+02
-2.25814444281e+02
-2.28813684601e+02
-2.35368027081e+02
-2.28979937340e+02
-2.31115041236e+02
-2.24926643976e+02
-2.20829270798e+02
-2.31637005519e+02
-2.35497533017e+02
-2.24174254609e+02
-2.31257883104e+02
-2.25573452921e+02
-2.26123694949e+02
-2.26032438408e+02
-2.29666808241e+02
-2.23303167801e+02
-2.35857449905e+02
-2.26492194314e+02
-2.29044902098e+02
-2.29605030892e+02
-2.25598882890e+02
-2.36182000723e+02
-2.21154750166e+02
-2.29630034043e+02
-2.26222151648e+02
-2.27344441510e+02
-2.33028723677e+02
-2.28105617380e+02
-2.30807343406e+02
-2.35246238753e+02
-2.30482028049e+02
-2.23521872922e+02
-2.32674198583e+02
-2.22463913360e+02
-2.30960313327e+02
-2.28846181983e+02
-2.29650941765e+02
-2.30300964227e+02
-2.36497381434e+02
-2.21879927487e+02
-2.23103055543e+02
-2.33510263981e+02
-2.30863124449e+02
-2.28454137912e+02
-2.31266891057e+02
-2.30331152859e+02
-2.36765724370e+02
-2.24788940006e+02
-2.33732955930e+02
-2.37367604398e+02
-2.40244834333e+02
-2.31434257477e+02
-2.31799030449e+02
-2.21361972193e+02
-2.31872998907e+02
-2.34108421049e+02
-2.28873776945e+02
-2.29764610876e+02
-2.34310067034e+02
-2.23301189055e+02
-2.33136391215e+02
-2.30050214119e+02
-2.32830450520e+02
-2.32171976581e+02
-2.31005263410e+02
-2.32062805264e+02
-2.29155832562e+02
-2.24551145849e+02
-2.36424259807e+02
-2.21023314717e+02
-2.27643669798e+02
-2.27707792538e+02
-2.35402251706e+02
-2.34856096303e+02
-2.35560310232e+02
-2.33216564762e+02
-2.30079544791e+02
-2.30100931227e+02
-2.22749540284e+02
-2.23854100630e+02
-2.20491580338e+02
-2.30238569502e+02
-2.32302287505e+02
-2.34381108444e+02
-2.26739645752e+02
-2.28710214553e+02
-2.28843072019e+02
-2.35505985388e+02
-2.28077010898e+02
-2.25504823585e+02
-2.29126171471e+02
-2.31112178071e+02
-2.31878068795e+02
-2.28535468622e+02
-2.27494448070e+02
-2.28040950051e+02
-2.37875173067e+02
-2.29661124224e+02
-2.25330293069e+02
-2.23844635894e+02
-2.21730619118e+02
-2.30019615299e+02
-2.25622194901e+02
-2.26419601777e+02
-2.28876595782e+02
-2.35268391108e+02
-2.22014777945e+02
-2.26359811456e+02
-2.32745663375e+02
-2.27953237141e+02
-2.28396824229e+02
-2.29430614373e+02
-2.28584654932e+02
-2.26002458833e+02
-2.25842175606e+02
-2.31621097940e+02
-2.27326676241e+02
-2.35350059805e+02
-2.19987132618e+02
-2.28639470386e+02
-2.33413888837e+02
-2.35196735580e+02
-2.32340985381e+02
-2.31352275657e+02
-2.27707865625e+02
-2.31383648145e+02
-2.25318944734e+02
-2.28921052420e+02
-2.26539894961e+02
-2.29085598797e+02
-2.29456363324e+02
-2.25599785344e+02
-2.25184512014e+02
-2.31212172644e+02
-2.29801187047e+02
-2.32690181906e+02
-2.27558434314e+02
-2.29990764720e+02
-2.28588985252e+02
-2.27276358920e+02
-2.30317701447e+02
-2.25018969958e+02
-2.21020653995e+02
-2.29835267971e+02
-2.29072887106e+02
-2.30096555244e+02
-2.21790604648e+02
-2.21737962938e+02
-2.37224403660e+02
-2.30962987870e+02
-2.31092963637e+02
-2.28511634056e+02
-2.31777931215e+02
-2.27811510456e+02
-2.29069463214e+02
-2.32391116648e+02
-2.33772988121e+02
-2.25754581035e+02
-2.27722585461e+02
-2.28023594675e+02
-2.30608877820e+02
-2.29413900756e+02
-2.20015472838e+02
-2.32364436889e+02
-2.35686007046e+02
-2.33996747691e+02
-2.31259713989e+02
-2.27255412795e+02
-2.27424821152e+02
-2.30522559130e+02
-2.25448834371e+02
-2.23311345514e+02
-2.29730209036e+02
-2.31061088020e+02
-2.31564366719e+02
-2.37057756836e+02
-2.30383272009e+02
-2.28594453412e+02
-2.19974873264e+02
-2.30769730735e+02
-2.29019240661e+02
-2.26097004412e+02
-2.30637633491e+02
-2.21746496689e+02
-2.23531347604e+02
-2.25844867769e+02
-2.18190113813e+02
-2.26374709592e+02
-2.25937743028e+02
-2.34146620765e+02
-2.26553896423e+02
-2.34187038752e+02
-2.26476278195e+02
-2.28067306712e+02
-2.25942379661e+02
-2.31301819459e+02
-2.25603322987e+02
-2.26780986823e+02
-2.25546135135e+02
-2.28257930171e+02
-2.33989291560e+02
-2.27161394735e+02
-2.34422248613e+02
-2.26579866940e+02
-2.34768999091e+02
-2.27123426682e+02
-2.23437628364e+02
-2.28097981897e+02
-2.29972460335e+02
-2.36097419737e+02
-2.22293851224e+02
-2.30259248179e+02
-2.32399135064e+02
-2.35752907604e+02
-2.25596624722e+02
-2.33146851509e+02
-2.29885263959e+02
-2.30861116136e+02
-2.25897074535e+02
-2.21244640054e+02
-2.26753698384e+02
-2.24353070403e+02
-2.24865025807e+02
-2.32449905446e+02
-2.28250786729e+02
-2.28217526363e+02
-2.32624689239e+02
-2.30131014350e+02
-2.30748894447e+02
-2.31235374127e+02
-2.27074880075e+02
-2.36049613599e+02
-2.27756959452e+02
-2.33229591313e+02
-2.28729643164e+02
-2.29238666253e+02
-2.32248777792e+02
-2.30287275941e+02
-2.24730443730e+02
-2.29507406950e+02
-2.28024408567e+02
-2.27257025045e+02
-2.28712055627e+02
-2.28537366717e+02
-2.29542302677e+02
-2.28784469454e+02
-2.29422288650e+02
-2.26907914463e+02
-2.29534754105e+02
-2.22537489400e+02
-2.35175202026e+02
-2.25017805656e+02
-2.27412293335e+02
-2.29871690516e+02
-2.24321158057e+02
-2.28065418073e+02
-2.29548369562e+02
-2.30665011048e+02
-2.24894741419e+02
-2.30285546182e+02
-2.24002581198e+02
-2.30001662629e+02
-2.24824516277e+02
-2.28240393163e+02
-2.26492909889e+02
-2.23907144375e+02
-2.32071229388e+02
-2.24277405161e+02
-2.32757316683e+02
-2.27027848129e+02
-2.21594287498e+02
-2.28552018332e+02
-2.23396671203e+02
-2.32124637282e+02
-2.28803718926e+02
-2.24399700760e+02
-2.29001354231e+02
-2.30785823619e+02
-2.25634426187e+02
-2.35300563131e+02
-2.34255344260e+02
-2.28560950318e+02
-2.34123399999e+02
-2.12921943000e+02
-2.27319219452e+02
-2.31955348395e+02
-2.34525449139e+02
-2.26000084325e+02
-2.34933874154e+02
-2.28430552219e+02
-2.30585091099e+02
-2.35854088315e+02
-2.30786331374e+02
-2.33587212115e+02
-2.34842219857e+02
-2.29149449009e+02
-2.27136954927e+02
-2.27088265361e+02
-2.30088741401e+02
-2.25850222009e+02
-2.35549048226e+02
-2.34224161645e+02
-2.33198663852e+02
-2.32030966432e+02
-2.34387232215e+02
-2.23311604108e+02
-2.32880190931e+02
-2.32189258393e+02
-2.27433095000e+02
-2.26952404609e+02
-2.30136957368e+02
-2.25326281685e+02
-2.33237080105e+02
-2.30009063541e+02
-2.32257461201e+02
-2.32035628105e+02
-2.36931693013e+02
-2.24664532714e+02
-2.28790392410e+02
-2.31576834460e+02
-2.22543569238e+02
-2.30728314766e+02
-2.30878781457e+02
-2.32662295793e+02
-2.28892589927e+02