-7.70540343818e+00
-8.29926574022e+00
-8.05993832761e+00
-8.18741315982e+00
-7.95788687628e+00
-7.84554563875e+00
-7.99998912420e+00
-7.88935512614e+00
-7.85071473270e+00
-7.94275077970e+00
-8.47301431809e+00
-7.86348504065e+00
-7.87719095005e+00
-7.85174814733e+00
-7.87070350732e+00
-7.41765845678e+00
-8.31578994890e+00
-8.08076278740e+00
-7.75598787840e+00
-7.98783952049e+00
-8.29404791186e+00
-7.30558692357e+00
-7.75739839009e+00
-7.99285543212e+00
-8.32002266927e+00
-8.35723784088e+00
-8.34153802342e+00
-8.17690023280e+00
-7.72407768206e+00
-8.03263363074e+00
-7.86230255790e+00
-7.89679215315e+00
-8.18988624393e+00
-8.13481965153e+00
-7.90084779920e+00
-8.02994903565e+00
-7.72278440049e+00
-8.11873243580e+00
-8.23554052492e+00
-8.11200447955e+00
-8.15675737150e+00
-7.85196644534e+00
-7.71383549236e+00
-8.41935036653e+00
-7.67959242867e+00
-7.59246875909e+00
-8.01067271036e+00
-8.09954107357e+00
-7.95381124869e+00
-8.01771402174e+00
-8.23922607027e+00
-8.39440310481e+00
-8.27461324580e+00
-8.03761820318e+00
-7.91670923301e+00
-8.47169193802e+00
-7.94373036522e+00
-8.01460773689e+00
-8.07064578611e+00
-7.87476891902e+00
-7.78960312912e+00
-7.64710705898e+00
-8.23944143094e+00
-8.25146613565e+00
-8.03349836213e+00
-8.21196172927e+00
-8.29298994216e+00
-8.30431312786e+00
-8.20415989084e+00
-7.66625957976e+00
-7.99950056833e+00
-7.87117099829e+00
-8.00737352606e+00
-8.42321146037e+00
-7.89969272714e+00
-8.23087787505e+00
-7.59369700072e+00
-7.59364292765e+00
-8.29657440927e+00
-8.08368476726e+00
-8.38672101427e+00
-7.96768401728e+00
-7.99883981854e+00
-8.19283731085e+00
-7.51337097149e+00
-8.36705749852e+00
-8.09947268069e+00
-7.93459743974e+00
-8.17871980979e+00
-7.90255530129e+00
-7.63009293294e+00
-7.78678886244e+00
-8.19609403829e+00
-7.87482991165e+00
-8.21658879845e+00
-7.56100121358e+00
-7.51005625569e+00
-7.81088886119e+00
-7.86683055521e+00
-8.12654536791e+00
-7.67518321583e+00
-8.22722210521e+00
-7.86079111944e+00
-7.76072954503e+00
-7.91805600597e+00
-8.17732229608e+00
-7.99357951946e+00
-7.91913193112e+00
-7.84768675810e+00
-7.91895654980e+00
-8.04356247115e+00
-8.15109370491e+00
-8.13622655222e+00
-8.18260685542e+00
-8.20423480648e+00
-7.80947974464e+00
-8.22798698456e+00
-8.05135403571e+00
-7.90566365394e+00
-7.75582694409e+00
-7.92581250618e+00
-8.00178405065e+00
-8.08094831427e+00
-8.10766283822e+00
-8.15833904598e+00
-8.19510761480e+00
-8.15135004717e+00
-8.25223059596e+00
-7.85802468846e+00
-7.84750858284e+00
-8.31990139562e+00
-7.95011357313e+00
-8.13357718794e+00
-7.95552049804e+00
-7.97940129676e+00
-7.97013058509e+00
-8.02384435996e+00
-7.88932997421e+00
-8.03284953992e+00
-7.93227883092e+00
-8.03354470891e+00
-8.46945295843e+00
-8.01560698624e+00
-8.15567169186e+00
-7.92660920371e+00
-7.98394801994e+00
-8.19243448974e+00
-7.91546252738e+00
-7.79278413100e+00
-7.98361938924e+00
-8.25930961761e+00
-8.14867774914e+00
-8.15196108112e+00
-8.01207584944e+00
-7.86605888090e+00
-7.84732352862e+00
-7.93562848612e+00
-7.94598179252e+00
-7.77471850099e+00
-7.93427846390e+00
-7.86158875783e+00
-7.71605703323e+00
-8.00655871470e+00
-8.05384018683e+00
-8.19613450592e+00
-8.31659850467e+00
-8.10630950960e+00
-8.32637940000e+00
-8.30373226323e+00
-8.00859085771e+00
-7.83081695846e+00
-8.02400820496e+00
-8.38231546846e+00
-7.81346460819e+00
-8.20070022217e+00
-8.09574476367e+00
-8.21751076046e+00
-8.25877032845e+00
-8.38070727331e+00
-8.33045986137e+00
-7.81143239735e+00
-8.23564619949e+00
-8.40737665416e+00
-7.85307698028e+00
-7.80928718154e+00
-8.19037772630e+00
-7.72005714998e+00
-8.61753293436e+00
-7.95509136858e+00
-8.48008868065e+00
-8.17292754700e+00
-8.04717247514e+00
-7.79944796591e+00
-8.15338582108e+00
-7.62889603704e+00
-8.04255085741e+00
-7.67204300380e+00
-7.56231598651e+00
-7.98455051024e+00
-7.75710032511e+00
-7.94661088626e+00
-8.24985458842e+00
-8.22535007578e+00
-8.58446204403e+00
-7.93591634539e+00
-7.65474355345e+00
-8.22160452955e+00
-7.59978523035e+00
-7.49946730217e+00
-8.33208470728e+00
-7.90808144236e+00
-8.10526933304e+00
-8.06127557225e+00
-8.43659729969e+00
-8.14719287462e+00
-8.04794453039e+00
-8.18017792488e+00
-7.82945566937e+00
-8.14151430465e+00
-7.89133447548e+00
-8.29192395037e+00
-7.95421821367e+00
-8.19909700533e+00
-7.66129340548e+00
-7.60860339948e+00
-7.98588577557e+00
-8.18168288066e+00
-7.68845992459e+00
-8.12158945028e+00
-8.17751318918e+00
-8.11939115564e+00
-7.82918943500e+00
-7.91805711632e+00
-7.91074373531e+00
-7.89416477049e+00
-8.42105089480e+00
-8.09725930696e+00
-7.89296935527e+00
-8.23403952225e+00
-7.81426189162e+00
-7.85486219138e+00
-8.40227693697e+00
-8.15858970402e+00
-8.08401596568e+00
-8.29641369777e+00
-8.55519102278e+00
-7.85147805879e+00
-8.16123761062e+00
-8.27146775070e+00
-7.82659320903e+00
-8.15014742156e+00
-7.75253397661e+00
-7.99478760321e+00
-8.17796129536e+00
-8.03611265210e+00
-8.07146485852e+00
-7.54595570657e+00
-8.21587484075e+00
-8.06164126140e+00
-7.71982035750e+00
-8.06228840147e+00
-7.65830085048e+00
-7.68613302493e+00
-7.99780198948e+00
-8.06469757012e+00
-7.33334485245e+00
-8.07285968737e+00
-7.70171368307e+00
-7.91700548070e+00
-8.11598341286e+00
-8.03143931181e+00
-7.68446377744e+00
-7.79617036888e+00
-7.68085853182e+00
-7.89597087884e+00
-8.12591214115e+00
-8.03430662559e+00
-7.89488548402e+00
-8.35400505580e+00
-8.19611115819e+00
-7.73548385644e+00
-7.87820377889e+00
-7.98842166575e+00
-8.22142721384e+00
-7.88193344391e+00
-7.93466869477e+00
-7.73575779126e+00
-8.29741749307e+00
-7.92327491682e+00
-7.90451536065e+00
-7.88124277486e+00
-7.64378105315e+00
-8.61225721031e+00
-7.88246760565e+00
-8.52767852254e+00
-8.51096661399e+00
-7.89835970166e+00
-7.70536451810e+00
-7.92240908398e+00
-7.82076299633e+00
-7.96587376160e+00
-7.96598894138e+00
-8.05622716416e+00
-7.71870727860e+00
-8.15503483718e+00
-7.64672532411e+00
-8.36724661022e+00
-7.90695985434e+00
-8.09309902498e+00
-7.97478571865e+00
-7.95977109601e+00
-8.07889121214e+00
-7.66045546854e+00
-8.00772577446e+00
-8.37586869169e+00
-8.46830676853e+00
-8.00774721015e+00
-7.75848349333e+00
-7.61669453724e+00
-8.07374929757e+00
-8.35811893943e+00
-8.44677729329e+00
-7.99967491331e+00
-8.04423798173e+00
-8.09159121205e+00
-7.84795985513e+00
-7.86187472791e+00
-8.15852583249e+00
-8.07538835240e+00
-8.15507620176e+00
-8.20317253606e+00
-8.00749512490e+00
-7.85658777176e+00
-7.79360521814e+00
-7.78894791766e+00
-8.28352989667e+00
-7.68578893092e+00
-7.55769460036e+00
-7.76983951211e+00
-8.16156743274e+00
-8.32793875399e+00
-8.26598669070e+00
-7.92284689845e+00
-7.85948447518e+00
-8.08845070397e+00
-7.99193130504e+00
-8.50296269161e+00
-7.81789831502e+00
-8.11364794567e+00
-8.14091646061e+00
-8.28401039347e+00
-7.92645603002e+00
-8.15842000984e+00
-7.92973812167e+00
-7.73673031265e+00
-7.76462709567e+00
-7.65519582586e+00
-7.90749926374e+00
-8.23597798342e+00
-7.67031157734e+00
-7.94332290664e+00
-7.81195091474e+00
-7.88779495007e+00
-7.57972155550e+00
-8.06167182630e+00
-7.93241822136e+00
-8.01791866055e+00
-7.97399542057e+00
-7.79065322121e+00
-7.92692010900e+00
-8.29688287424e+00
-7.91123759166e+00
-8.13407584621e+00
-7.93905253444e+00
-8.67037623836e+00
-8.13101834763e+00
-7.69433828127e+00
-7.91895890098e+00
-8.28905056080e+00
-7.81027180511e+00
-8.43686170493e+00
-8.15790421224e+00
-8.04691142012e+00
-8.03531916449e+00
-8.04185474661e+00
-8.11219339634e+00
-8.14287207571e+00
-7.58417648474e+00
-7.48341792444e+00
-8.01813219809e+00
-8.22818387159e+00
-7.77663825443e+00
-8.23153127884e+00
-8.15402633371e+00
-7.74467159686e+00
-7.91336019353e+00
-7.85624407799e+00
-8.01370874079e+00
-8.08442557101e+00
-8.26338647095e+00
-8.23724201115e+00
-8.22689310321e+00
-7.78746096545e+00
-7.94062689050e+00
-8.04501992136e+00
-8.36347022842e+00
-8.03613484989e+00
-8.06071014273e+00
-7.99526287902e+00
-7.89790995461e+00
-8.09836697985e+00
-7.91013871988e+00
-8.18126237075e+00
-8.30865445600e+00
-7.80111285055e+00
-8.42595630281e+00
-7.64490910560e+00
-7.50381503197e+00
-8.13791951867e+00
-8.00032087112e+00
-8.14968039777e+00
-8.23660478087e+00
-8.11459779848e+00
-8.08532165969e+00
-7.54363109361e+00
-8.34251751170e+00
-7.84866558756e+00
-7.99701338606e+00
-7.85698338754e+00
-7.83911814581e+00
-8.54480619785e+00
-7.54478122622e+00
-7.66329887598e+00
-7.88371443714e+00
-7.84521621330e+00
-8.31096771737e+00
-7.87834066531e+00
-8.05810647964e+00
-7.91378943824e+00
-7.87228721618e+00
-8.13072520570e+00
-8.31292603200e+00
-8.15412730985e+00
-7.91709415111e+00
-7.63456275409e+00
-7.98082631670e+00
-7.88274633816e+00
-7.78362948318e+00
-8.39016933289e+00
-7.94210359763e+00
-7.94541422392e+00
-7.96126290474e+00
-7.97993736258e+00
-7.75163124771e+00
-8.16163494827e+00
-7.83806217006e+00
-8.12263432783e+00
-8.04264778321e+00
-8.18520051537e+00
-8.02104133342e+00
-8.16685839854e+00
-7.92044355796e+00
-7.97829395242e+00
-7.77397843615e+00
-8.04608392790e+00
-8.10131992194e+00
-8.06387739257e+00
-8.11436078983e+00
-8.07107689392e+00
-8.43559868548e+00
-8.03469566926e+00
-7.89990457955e+00
-8.00020023354e+00
-8.21833601094e+00
-8.35897393469e+00
-7.92748941243e+00
-7.58655086545e+00
-8.28833656574e+00
-7.96847589439e+00
-7.82807838210e+00
-7.82492875048e+00
-7.69765607803e+00
-7.68734763210e+00
-7.76563790751e+00
-7.85400739487e+00
-8.32994273429e+00
-7.96258578801e+00
-8.00949082985e+00
-7.66979605873e+00
-8.12389294427e+00
-8.40579905231e+00
-7.94212925578e+00
-7.79633438507e+00
-7.55657396642e+00
-7.87454470060e+00
-8.06519572899e+00
-8.31897703690e+00
-7.84757112248e+00
-8.13622925175e+00
-7.98015311570e+00
-7.99757133308e+00