7.05175332734e-01
5.43641618188e-01
7.13106340100e-01
6.80668229128e-01
6.37973260474e-01
6.23320335018e-01
7.48149239779e-01
7.42842686215e-01
5.72826128426e-01
7.18139527219e-01
7.55104364214e-01
6.79408606617e-01
7.00117722388e-01
4.22981655602e-01
6.55261142117e-01
7.05638479863e-01
6.20218556499e-01
6.17788576961e-01
6.35119634508e-01
7.99111381567e-01
6.25328134869e-01
6.18929877576e-01
5.22400781452e-01
7.34368080711e-01
6.87498526727e-01
4.90211625497e-01
6.92835139886e-01
4.87437832208e-01
7.14930690986e-01
6.62032490211e-01
6.91287783372e-01
7.01079043844e-01
6.50138417877e-01
7.32465730676e-01
6.70630179949e-01
7.47819174377e-01
5.84402134800e-01
6.13637298997e-01
7.02604608959e-01
4.64606919949e-01
6.62544079557e-01
6.44603986471e-01
6.50625911071e-01
6.06764702277e-01
6.34313576427e-01
7.37256650773e-01
5.67104421023e-01
4.29705470967e-01
5.68257549278e-01
5.74424838292e-01
5.28737952684e-01
6.21953437034e-01
6.52938697191e-01
5.36330160828e-01
6.10551520260e-01
6.66299518833e-01
5.06559015954e-01
4.95796072916e-01
6.59406414144e-01
6.72922413581e-01
6.57538327746e-01
7.24342154208e-01
6.73229600383e-01
7.11102902523e-01
6.42304033639e-01
5.58881026653e-01
5.65908652459e-01
6.06129991470e-01
7.56225342832e-01
6.46058789769e-01
6.29932152955e-01
6.30155656507e-01
6.71002800750e-01
6.46140158216e-01
3.51894729021e-01
6.47140160065e-01
5.77383943877e-01
6.50710679867e-01
6.19864533812e-01
6.60460438094e-01
7.17132260073e-01
7.28534740302e-01
7.47931291147e-01
6.52627796712e-01
5.37445342904e-01
5.99326694271e-01
6.91635895285e-01
7.43732254790e-01
6.45557074345e-01
6.32774309153e-01
7.09313316209e-01
5.36666048059e-01
7.14090718963e-01
6.17456525524e-01
4.91570284452e-01
7.26229436297e-01
6.67489670775e-01
6.77759761909e-01
5.29223748030e-01
7.78092392257e-01
5.44157034790e-01
6.86884386150e-01
5.44175765110e-01
7.25256268810e-01
7.51156810490e-01
4.74315689960e-01
6.02394361262e-01
7.17441780246e-01
6.84792141778e-01
6.93498775449e-01
4.58816888773e-01
5.96969594214e-01
5.46426704852e-01
5.44607136042e-01
5.95496651688e-01
5.72878502041e-01
6.42738247208e-01
6.39232583172e-01
6.46917203429e-01
5.82972379373e-01
6.38214173420e-01
6.87350074000e-01
5.12417504493e-01
6.88003264739e-01
6.08196750577e-01
6.65939842241e-01
5.71762786409e-01
7.40864689361e-01
6.80443170374e-01
5.56879986345e-01
5.75003805939e-01
7.25294069987e-01
6.13579702761e-01
6.32539482085e-01
6.47632902721e-01
6.58418980491e-01
7.44924214086e-01
5.38618738199e-01
6.99306192731e-01
5.26651941213e-01
6.75887225393e-01
7.82480249517e-01
5.35391148952e-01
6.96840996288e-01
6.61490197235e-01
4.05059233286e-01
7.07659594734e-01
5.44640562984e-01
4.74889789773e-01
7.51468552684e-01
5.08426533933e-01
7.47410754948e-01
6.76430506723e-01
4.56124906360e-01
7.41860065768e-01
7.44164142392e-01
7.28566348059e-01
5.67959146643e-01
6.07000889539e-01
6.51034042561e-01
6.26789940168e-01
5.00084509496e-01
6.67257617134e-01
5.87005857517e-01
6.79617025717e-01
6.11453563765e-01
5.84377604396e-01
5.20670627203e-01
6.45226296477e-01
5.92050173887e-01
7.21683165963e-01
6.42432372437e-01
5.92676535147e-01
7.14565078222e-01
8.19011251061e-01
5.77015004027e-01
7.46662799388e-01
6.78083869539e-01
7.11141756269e-01
6.95396115706e-01
7.03161442547e-01
6.69612543171e-01
5.41934569586e-01
6.03001239687e-01
7.63171214868e-01
6.47821965352e-01
5.37151564355e-01
5.48535997616e-01
7.45157876970e-01
4.95883798447e-01
4.69550646332e-01
5.27164906287e-01
6.75712922305e-01
7.05752881759e-01
6.72590458872e-01
7.22496249321e-01
7.44835468801e-01
6.88997758686e-01
6.41543401637e-01
4.94213108054e-01
5.53104228068e-01
6.83081458660e-01
6.06492370505e-01
6.01095248888e-01
5.89938754594e-01
7.25101125756e-01
6.15001622136e-01
5.40240760995e-01
7.41021798490e-01
6.01123768664e-01
6.48227333055e-01
5.42770758392e-01
6.45491900857e-01
7.89448789688e-01
8.05623122970e-01
5.95599769704e-01
6.72220281006e-01
7.26147591088e-01
7.15778946152e-01
6.06360950212e-01
6.69213606088e-01
5.90093061765e-01
6.07873001181e-01
7.27958094378e-01
6.37071024959e-01
6.01938324110e-01
5.82073168298e-01
5.13837016759e-01
6.29670577290e-01
4.92661582706e-01
5.95301077795e-01
6.62196728801e-01
8.20180196159e-01
6.68639117890e-01
6.12446902497e-01
4.55580487872e-01
6.10450044401e-01
7.07683690380e-01
6.44185529540e-01
6.68548125189e-01
6.65131039686e-01
5.85393201661e-01
7.73074494812e-01
7.19227038784e-01
6.10734311357e-01
5.78603350977e-01
6.76262638522e-01
6.61771294544e-01
7.01310588491e-01
6.26360765763e-01
6.77366249864e-01
7.04163143546e-01
7.07508475972e-01
7.96219723439e-01
6.50133456769e-01
7.29908660792e-01
5.93196637290e-01
7.89830974164e-01
6.14177408272e-01
7.47761584925e-01
5.70878752129e-01
4.47804259850e-01
7.62525055606e-01
5.71611249440e-01
7.53759479573e-01
5.80489982921e-01
7.22056904810e-01
6.05414848441e-01
5.61061289197e-01
8.01221035786e-01
7.40507935185e-01
6.40752923624e-01
6.66411393625e-01
5.71872888376e-01
6.17192430236e-01
7.24088836090e-01
5.95654338371e-01
6.77949795817e-01
5.38023284075e-01
6.19443065078e-01
7.65858996306e-01
5.85988473502e-01
5.85041169987e-01
6.95090576644e-01
6.62877105701e-01
4.85449670655e-01
5.50825334223e-01
5.87950698326e-01
5.73865277662e-01
7.43746489249e-01
6.02186749593e-01
6.07894424249e-01
6.71245355809e-01
6.51064040516e-01
6.21344887586e-01
6.46701269666e-01
6.36793412900e-01
6.30406533265e-01
6.17635131166e-01
7.04911636604e-01
6.48696084779e-01
6.12623374294e-01
7.13016722339e-01
6.48090104097e-01
5.28681126344e-01
7.01668422676e-01
6.94980843529e-01
5.60894912642e-01
6.24824909588e-01
7.32541520308e-01
6.64098023639e-01
7.39212625699e-01
5.72654228429e-01
5.64946200914e-01
6.05332853386e-01
6.20936014507e-01
6.46484284599e-01
5.48317995992e-01
6.21024464227e-01
5.66376727648e-01
7.30797160841e-01
6.51939285314e-01
6.02941623517e-01
5.00004206513e-01
6.32898167361e-01
6.83465278844e-01
6.19363125571e-01
7.61880772889e-01
5.24767273281e-01
5.55449826151e-01
6.09975276634e-01
5.20277232565e-01
7.53622251613e-01
6.81723058192e-01
4.07947734118e-01
6.41990192462e-01
6.27770795548e-01
7.53103820015e-01
7.86821777460e-01
7.90040786360e-01
5.99884337680e-01
3.65434399014e-01
5.72000363465e-01
5.57133951989e-01
3.95196055392e-01
6.79401592759e-01
5.62060702712e-01
5.76056042881e-01
6.80042550727e-01
6.55986701933e-01
5.83248338169e-01
6.91319415545e-01
5.93889171043e-01
6.70826114316e-01
4.24492603720e-01
6.23891991839e-01
6.41193243997e-01
5.22002542585e-01
7.67919569729e-01
7.38876750963e-01
5.57186726609e-01
6.82118097559e-01
6.51614134702e-01
4.43802293118e-01
6.73131732134e-01
6.97328349853e-01
4.05842256130e-01
5.88718996090e-01
6.84011016139e-01
7.10660812395e-01
4.71613708656e-01
6.06683885011e-01
5.59524330963e-01
6.96490290575e-01
6.18321300165e-01
6.46283644624e-01
5.58520422105e-01
6.64470394364e-01
6.63521979803e-01
5.82295360495e-01
6.73883822356e-01
6.71060474813e-01
5.94496516976e-01
6.35154138583e-01
6.23016250331e-01
6.02696216467e-01
5.42881662935e-01
7.13678650512e-01
8.03291775415e-01
6.33407912126e-01
6.66349148112e-01
6.43057909403e-01
7.14091967582e-01
5.91834131486e-01
6.53683282425e-01
6.38982450074e-01
4.81265987014e-01
4.77129913331e-01
5.67168649375e-01
5.06302778578e-01
7.29875644445e-01
6.91606182744e-01
6.49006919469e-01
6.44275535651e-01
5.99421937196e-01
6.34374386780e-01
6.76362499078e-01
6.86898585109e-01
7.07197549699e-01
5.25246072805e-01
6.30912857297e-01
5.60630873285e-01
7.01678644578e-01
6.45904027869e-01
5.77060562487e-01
7.48895777352e-01
7.53264473792e-01
5.85490205892e-01
6.09679131639e-01
7.07054986629e-01
6.68661617615e-01
5.98064756792e-01
5.82348003245e-01
7.18314462281e-01
5.08520950088e-01
7.41290673762e-01
5.94398272576e-01
4.76012553361e-01
9.04614988050e-01
5.75945850340e-01
5.61586646246e-01
5.43011707860e-01
6.12493695014e-01
6.45531620229e-01
5.50116900442e-01
5.21432929870e-01
6.86886744412e-01
7.19556719794e-01
6.04583546141e-01
5.19501239129e-01
5.93706286288e-01
7.01712914680e-01
6.52731741806e-01
6.63609780316e-01
7.23478327287e-01
6.08661824805e-01
6.21295937324e-01
6.82420226082e-01
7.47287899765e-01
5.24539950233e-01
5.43927244593e-01
6.55217782692e-01
7.67123789459e-01
4.84375028446e-01
5.40248542372e-01
6.65006711819e-01
5.14041730728e-01
5.31300303210e-01
6.62213242461e-01
6.27698331207e-01
6.74565280894e-01
6.19027134200e-01
6.52734445179e-01
5.37979970810e-01
5.92134697798e-01
7.82738898950e-01
6.41209666917e-01
6.85312728869e-01
7.62880410294e-01
5.88221196974e-01
6.86511839935e-01
6.66776904770e-01
6.45158893520e-01
6.03185565715e-01
6.16924719648e-01
6.23644636762e-01
5.18883108192e-01
5.96611075269e-01
6.31534840113e-01
5.98176421946e-01
6.29211525457e-01
7.20608990237e-01
6.11313994992e-01
6.01654506404e-01
6.11841253448e-01
7.41499634263e-01
6.03322791979e-01
5.44339257105e-01
6.94476775364e-01
6.40923949356e-01
6.13691591257e-01
5.94327565838e-01
5.67702787579e-01
6.61520876292e-01
6.75885844992e-01
5.10077013744e-01
6.37003780773e-01
5.65355597670e-01
8.03091764112e-01
6.32513278196e-01
6.30878749571e-01