0.567332253743
0.564372941555
0.560900813667
0.563004414202
0.565818934658
0.562808047784
0.561002499926
0.565585208361
0.560853508318
0.561798699794
0.565436541731
0.559790057408
0.563065428593
0.56477142854
0.563325512105
0.564677203895
0.561717555479
0.56450243412
0.561516342146
0.561370814986
0.564522615851
0.562657023258
0.562697171685
0.561566053529
0.561887068755
0.563372441316
0.562503915116
0.562225730937
0.563998127962
0.565473943685
0.564684511996
0.56298356345
0.564319629818
0.563339580667
0.564340829126
0.56359708139
0.560855111937
0.567543774696
0.564837063998
0.566862753329
0.561646078207
0.562945801607
0.564488474891
0.566845870385
0.561574736313
0.560662754894
0.564111640115
0.561976046873
0.562451460327
0.562597033368
0.565071958044
0.564558311769
0.561896359796
0.561718386383
0.563984974294
0.565956955764
0.559895479824
0.565372786453
0.565798876366
0.567600449806
0.561414154064
0.561985547614
0.564297235967
0.563047827898
0.563607965148
0.564632602016
0.562006138391
0.564409245008
0.561843090279
0.56211306657
0.564964860963
0.568842939665
0.563144702755
0.563909626481
0.563165041923
0.56722654229
0.560795288137
0.563564322354
0.563113187617
0.562891707287
0.562140755914
0.564463673113
0.560886732498
0.563661133555
0.561119017564
0.565455421428
0.561924454593
0.564435671506
0.561351015115
0.564446179079
0.565118254294
0.563923248133
0.56476431823
0.564137436011
0.564244993701
0.564047223675
0.563475749903
0.56733731069
0.560128489409
0.562589106483
0.566551832984
0.562736310887
0.562415147453
0.565013793392
0.559300610048
0.561173054236
0.560541586399
0.563637863783
0.561742202183
0.562881841495
0.561389215615
0.564262720168
0.56358288149
0.561409974141
0.562453361168
0.562994106736
0.566602110255
0.564862706861
0.562134875375
0.563606677848
0.562899808031
0.563282999015
0.561498208192
0.563479214912
0.561784775787
0.560998950325
0.56436601445
0.562424860725
0.560748439512
0.563471048712
0.562411557083
0.564085719338
0.563430156571
0.563648212449
0.56587164311
0.5650258408
0.566626556567
0.560748891269
0.565746943484
0.565593270894
0.563501866105
0.561474347411
0.565965009689
0.566259813591
0.565340478946
0.564764552549
0.563611643249
0.565045629147
0.563112669503
0.566993780051
0.565330201196
0.563073244982
0.563661008116
0.566260758644
0.56130940909
0.563392979837
0.560191028707
0.562820245923
0.561805014173
0.562726399207
0.564873457729
0.562927754685
0.563989966978
0.56360706492
0.565050720162
0.561051743259
0.565297086377
0.565700398479
0.564872882447
0.563131434136
0.564757339492
0.562352730816
0.561596930918
0.566303557987
0.560674001934
0.562594545601
0.564059868406
0.559700328174
0.563714149392
0.561018923921
0.565274750476
0.562769793263
0.563238872614
0.562309383319
0.56065085545
0.564672310069
0.562230022229
0.567551939609
0.560814461817
0.56351805834
0.562485896133
0.562027858274
0.562158176669
0.564208421708
0.562570392782
0.564231290534
0.564750693427
0.564254569901
0.558598824496
0.568035728569
0.562941991098
0.560706780192
0.561615602731
0.563720192079
0.559893576928
0.562172503149
0.565514334746
0.565470208346
0.565387683433
0.564441375172
0.560847606581
0.563463047692
0.565288184581
0.561326333296
0.561804346883
0.561412060749
0.560354280596
0.565299224494
0.562757012556
0.562180737907
0.563743807455
0.562479262543
0.56332113784
0.563165495938
0.562021834166
0.561942047309
0.563183858868
0.566673956371
0.563683482803
0.566146990682
0.564017933343
0.563967164312
0.562674379634
0.564138191525
0.564048325967
0.564069103309
0.56580810003
0.562457164506
0.564814065085
0.563948836574
0.563499844834
0.561780824101
0.560886297272
0.561375118431
0.564468907074
0.562215448395
0.564522444164
0.566150703253
0.558125452158
0.564063852649
0.563453906593
0.563475247534
0.561080293915
0.564366465451
0.563869353208
0.562413479038
0.5633980852
0.561645109599
0.559960618214
0.559664906272
0.565350812664
0.563028472123
0.562772438855
0.560809248258
0.562496089922
0.559518851394
0.565182571128
0.562872780482
0.561332991458
0.564969582907
0.563584016573
0.560449289618
0.563013375267
0.56272787531
0.564706782388
0.565564469809
0.559995306358
0.566501715063
0.562907722128
0.563290223677
0.560990552242
0.558121686087
0.562522645192
0.562437840401
0.562275359949
0.564883649491
0.563472753931
0.559709239709
0.560631462135
0.564182716916
0.563393242606
0.562738558395
0.56437690222
0.561063613846
0.561926480973
0.559986680403
0.561295498952
0.566017181839
0.564754567695
0.562236440387
0.564829012191
0.561256726836
0.564987100396
0.565396973589
0.563067806385
0.565943989267
0.563589166472
0.561540191994
0.56311740887
0.564282472741
0.560679974674
0.563166709198
0.562084428585
0.560126946881
0.564455078429
0.564469642995
0.562824949399
0.562471093426
0.563598333122
0.564775535307
0.561219828598
0.563982645865
0.565036113633
0.559053642879
0.559765330988
0.563995447252
0.564761064234
0.560252492791
0.56287861969
0.564109662192
0.568278631266
0.560308497569
0.565020129499
0.56268695578
0.565834898274
0.566585241528
0.565574814943
0.56527963339
0.566667312473
0.560521003388
0.560911429668
0.566432803063
0.560326603851
0.560594532561
0.563359510769
0.562558999198
0.562502958937
0.566068976411
0.564662305729
0.556224368386
0.563994405062
0.56213784141
0.56600858681
0.564007103568
0.566197003579
0.561849690719
0.559945498782
0.562287023032
0.564020867186
0.563702711873
0.56532876456
0.56350955168
0.561765845979
0.56253754594
0.565336991759
0.564245425393
0.564195754171
0.566872881571
0.562513659154
0.563081517183
0.562116728754
0.560002038302
0.563296790886
0.566166752537
0.562972428433
0.562359930846
0.563045076613
0.561653894351
0.560925426875
0.567281031341
0.560476844716
0.56681194128
0.564532040034
0.564616567136
0.561390647616
0.564902407912
0.564227783409
0.561498067328
0.564074917718
0.565071362993
0.562045444083
0.563523024478
0.567900703048
0.560372363866
0.561035357768
0.562058484431
0.564267007897
0.561859891744
0.564378510388
0.560902751131
0.566259031325
0.562693626392
0.563275318324
0.562194235884
0.561537945176
0.565387470607
0.559332182832
0.565826709977
0.561343881479
0.563481192983
0.563629634613
0.563315661788
0.560125886826
0.563177721198
0.561999740912
0.564120051305
0.562480573161
0.560198710677
0.56255596615
0.565162467832
0.56032442406
0.561752327898
0.564180090072
0.565261213049
0.563081642713
0.565266898057
0.563883919762
0.558412867513
0.56449666866
0.564736788928
0.558888158742
0.558211571776
0.563237535913
0.563044554778
0.564370766452
0.5672231854
0.564567881327
0.565035565537
0.561646546724
0.563474674324
0.563765749532
0.561511633331
0.563771578127
0.566193616992
0.56078734328
0.559423700056
0.560210272574
0.565850015638
0.560748875955
0.560718773391
0.562180541424
0.561295458892
0.563597535347
0.562623845254
0.562955502384
0.562217368473
0.561945338012
0.561692835828
0.565774915358
0.558628115747
0.56529328858
0.562850645628
0.562450830709
0.565176662096
0.562902876305
0.560459657605
0.560094181228
0.561019939111
0.558837988658
0.564891889725
0.563447885413
0.561337910484
0.564417246757
0.560902471214
0.564652653802
0.560071447274
0.561628025662
0.562834947494
0.565328821785
0.562456224628
0.563467719395
0.564492807235
0.562475607039
0.561930607802
0.562879887619
0.559719249045
0.563873464235
0.560774520626
0.561460088905
0.561357562816
0.5617309686
0.565734876369
0.56260638725
0.561835088293
0.559080344059
0.560997431098
0.563236627733
0.564983435814
0.564767777717
0.561981870669
0.563182200731
