0.859893539599
0.855247046435
0.849150314636
0.853146145394
0.856070590095
0.854632594328
0.848684002276
0.858036160851
0.847455304101
0.848970151928
0.855635949121
0.84815776721
0.850700281319
0.855879383082
0.851941047492
0.853257406004
0.852578286465
0.852957371902
0.847723972981
0.852258741772
0.854853507386
0.850550917565
0.852580109683
0.848735123105
0.848566297174
0.851744023522
0.852284249625
0.853787081131
0.853099586682
0.855811926967
0.854511277714
0.853934907415
0.853221267457
0.849595676999
0.852954361864
0.852401056338
0.851376763497
0.857272865428
0.855497833924
0.857553898181
0.850970671761
0.85148203593
0.854108835652
0.85468755653
0.848560252237
0.850756973749
0.852522878142
0.850140314899
0.852589573006
0.85394891925
0.85272999071
0.855650491487
0.847914393154
0.85002342276
0.853536132187
0.854536593177
0.849733421261
0.855822742177
0.854268533394
0.85890201682
0.848768445809
0.852973476303
0.852806034562
0.849148998579
0.85048879552
0.852891980916
0.850242542831
0.85589347199
0.855402775837
0.852329157344
0.852721904748
0.862636796108
0.854035745068
0.853609311939
0.850864767873
0.858373935482
0.849916606613
0.852951553322
0.852116739195
0.849939195343
0.8503908008
0.852732585476
0.848497689662
0.853788064396
0.849694889
0.85592051153
0.850217691861
0.852840751804
0.850720359075
0.853287281574
0.85631642552
0.853627912809
0.85357176327
0.852454191923
0.852401912623
0.852195070614
0.85192434344
0.857217576405
0.850197560393
0.853994388587
0.856294144568
0.853598753515
0.850889896656
0.854043766789
0.847940975562
0.851123318979
0.849642345467
0.856589395225
0.849645298205
0.853252794736
0.850832961155
0.854895256059
0.854179415703
0.849825586585
0.851886431832
0.851060659786
0.857858156119
0.855340538673
0.849503335576
0.852240326222
0.853347467611
0.853265345938
0.853026287721
0.853056898228
0.853173238686
0.848957554598
0.857686920698
0.850924540754
0.850263439089
0.850831249932
0.853199033014
0.85406663795
0.851473116074
0.853345986733
0.854424456895
0.853334973913
0.853410346827
0.846920640795
0.853835392183
0.85591325106
0.856707796904
0.850534535182
0.855684147976
0.856171916734
0.854283943277
0.853972825072
0.852256167815
0.852585087417
0.855262244789
0.85654620394
0.854688104287
0.853970764151
0.854131179805
0.857264163456
0.850743654375
0.854215409635
0.849156829456
0.8523234584
0.849767852934
0.852267311262
0.857124614097
0.853227634312
0.853036390363
0.852500645752
0.853223231407
0.849361807746
0.858277844886
0.855052104187
0.855425604488
0.852624120894
0.85582512514
0.849993165499
0.850173384798
0.854591542749
0.848107844157
0.848990463782
0.854319595226
0.850283301059
0.852770653178
0.849513532245
0.854891019162
0.853593818467
0.852403306994
0.84971929457
0.84836358413
0.855381350626
0.852319392825
0.859311936384
0.848968821825
0.851964952801
0.851547695962
0.851977658827
0.851095566266
0.854331703493
0.849816367813
0.853098027716
0.852764288601
0.853597339803
0.845215020708
0.85832668401
0.850871515453
0.849880515328
0.851187433651
0.854262861815
0.848901285703
0.851748372301
0.856277033709
0.855066999708
0.853432667644
0.855494362201
0.849854420621
0.853587685738
0.853247354547
0.849471581516
0.851839966578
0.8488095043
0.850205191392
0.856947058406
0.853016306376
0.854496343156
0.856559349117
0.851401920123
0.8535226686
0.850904499876
0.848843773326
0.849116174458
0.851089478456
0.856720114899
0.855552561074
0.857740266156
0.852838084492
0.851750278017
0.850673140907
0.853594799473
0.852845115688
0.855669766606
0.857918983539
0.850242528024
0.852521798976
0.851497974888
0.854988818648
0.85065730549
0.847757970548
0.849177496537
0.854721716159
0.850277266229
0.854057062432
0.854349084274
0.844887065787
0.853253549384
0.851065456187
0.853786719184
0.849586724044
0.853521347409
0.852625595701
0.84925266109
0.852500311338
0.850986042788
0.852235355545
0.84976280171
0.854736137051
0.853806291803
0.851999150686
0.849510062824
0.854038981389
0.846159389393
0.856715675974
0.852435263373
0.851113445171
0.854296925175
0.854597065499
0.849764812477
0.851700484467
0.851602969813
0.85803946799
0.855569447167
0.851023929378
0.856214755276
0.851441309289
0.851178634593
0.848400202721
0.845100413939
0.850874441419
0.852509443502
0.851263198496
0.854613915978
0.850548991243
0.848472768411
0.848090357183
0.855563304671
0.853320142291
0.853084213323
0.8537958854
0.848834138796
0.851416760921
0.847268629403
0.84895758352
0.858809163332
0.850792343615
0.847910647143
0.8512271568
0.846324381053
0.85451573734
0.8560973816
0.852907074718
0.858129035138
0.854902521121
0.851133578436
0.85245497429
0.857967743758
0.848641907952
0.854928940015
0.852079980316
0.848732643266
0.851202163016
0.852379609409
0.852413561072
0.849058779257
0.849764839388
0.855096184293
0.848472510247
0.853782910128
0.856168975243
0.846587879043
0.846094820889
0.855212694383
0.855913562184
0.849664820402
0.851484094619
0.852509957727
0.857507733922
0.848527079354
0.852336969145
0.852795460287
0.855227367112
0.855632981844
0.856009377871
0.854139279021
0.854922060749
0.848613063949
0.84799309583
0.857026645052
0.851096556945
0.848903845228
0.851808064065
0.854407545395
0.851250326301
0.854983084036
0.856080574895
0.843461816991
0.853017397746
0.85174751203
0.855732931867
0.855638461496
0.854198045352
0.850320746424
0.848196939785
0.8513026641
0.853902916685
0.852675477607
0.85559394247
0.853021384249
0.851055016868
0.851763736448
0.85669240186
0.854924955612
0.854970163447
0.855911314542
0.850852366794
0.85147065283
0.850571338408
0.848355032505
0.853734831873
0.857411980161
0.851718531593
0.850457639879
0.850277790068
0.85302297754
0.84952499475
0.85771392548
0.847273786298
0.858476943899
0.855792134794
0.854177514682
0.849469036239
0.85496629877
0.852290263857
0.852521176147
0.853612483767
0.8552005198
0.851862910892
0.850082944204
0.858070270573
0.847269070014
0.852033720815
0.850048277992
0.8521459816
0.849326874234
0.853117604946
0.850106019712
0.85862046482
0.850861807846
0.853963316792
0.850230307054
0.850748254312
0.854695943703
0.847102579091
0.855489707545
0.851420974332
0.852177310854
0.853953371121
0.851451091545
0.848047641498
0.852172852053
0.8503845641
0.855241055922
0.850256870314
0.851907901118
0.853013674735
0.852685596103
0.845989709279
0.848872138811
0.853307733535
0.85250880441
0.853953051001
0.855537716097
0.853999998764
0.843910987537
0.852213282134
0.855892704825
0.846420163506
0.845438404951
0.85095080558
0.850001567422
0.854565760937
0.856923594456
0.854610621959
0.855209498834
0.850305096826
0.853090044434
0.854835070024
0.850650720166
0.852963086713
0.856920477177
0.850442561435
0.845950823225
0.847279709763
0.855647291214
0.850133336175
0.848632808239
0.853614438466
0.848175398861
0.851279460651
0.851738119272
0.85043946853
0.852111865285
0.848573434185
0.849215261519
0.856590755218
0.847125765527
0.854016972544
0.850985046164
0.850864921289
0.853783388023
0.854072788487
0.845889960552
0.845879624587
0.849966586295
0.845160802798
0.853163658996
0.854637156447
0.852024011059
0.853141087284
0.848082636534
0.856324641914
0.851042732206
0.849700394435
0.852769967685
0.857287946531
0.850425875716
0.852372058516
0.852143211777
0.851004496184
0.849853197378
0.85199354036
0.846279344378
0.854979377883
0.850061065752
0.85336519933
0.848682632786
0.850190375932
0.853465945527
0.852394186009
0.851475765054
0.846433506995
0.851099394918
0.854300931738
0.852421631982
0.853744346517
0.853488121824
0.852384102103
