-14.0074032014
-14.2649848838
-14.3760099975
-14.919926034
-14.5995894205
-14.4323688432
-14.0538062819
-14.1555548778
-14.5372984167
-14.5483036506
-14.3038194591
-14.7262677668
-14.505602365
-14.5269396379
-14.1439584469
-14.6059839174
-14.5186215396
-14.3252211926
-14.6052820517
-14.2421242064
-14.4313181088
-14.6496462749
-14.5508223583
-14.6844721287
-14.1857327463
-14.4641568811
-13.9349887757
-14.3365887989
-14.5342551721
-14.3389014634
-14.0916881847
-14.0465823526
-14.3065602155
-14.3737039931
-14.3743341503
-14.3410221358
-14.5407437622
-14.1917528738
-14.6259030872
-14.5713930757
-14.2889878241
-14.7084418693
-14.3217123394
-14.2168972573
-14.5098695841
-14.2777162629
-14.6343962045
-14.492858418
-14.7187495793
-14.5485210582
-14.741351752
-14.6556777499
-14.7570173019
-14.9887317665
-14.767140413
-14.6317992829
-14.521019297
-14.1037303975
-14.5741708273
-13.9766149852
-14.6056329456
-14.5326717245
-14.6744541662
-14.4901356544
-14.5876162647
-14.4728693285
-14.4985925504
-14.6686890046
-13.9814710422
-14.888861809
-14.3731693848
-14.3749775881
-14.6428496063
-14.3681801685
-14.7678885214
-14.3160400788
-14.2560328707
-14.6054729423
-15.064510855
-14.7115365057
-14.5942622774
-14.433664625
-15.019294575
-14.8022304395
-14.4277012114
-14.4568468817
-14.7327372977
-14.308999857
-14.9650171783
-14.6165348192
-14.2705710716
-14.4782385392
-14.3748654961
-14.2889294032
-14.5742103692
-14.3861559508
-14.2170374934
-14.4618537083
-14.3616258779
-14.0564174971
-14.7741620015
-14.4854507106
-14.6039107052
-14.4887180526
-14.4078163428
-14.7984565238
-14.4650266475
-14.267317316
-14.3818672589
-14.4421415906
-14.1072311245
-14.325909499
-14.5351508252
-14.5585451235
-14.2567962638
-14.8161002602
-14.9120944012
-14.5115442841
-14.5326727759
-14.6074104019
-14.6194650757
-14.541469702
-14.4550938517
-14.728240015
-14.7982746792
-14.4858345223
-14.2327919653
-14.4860385439
-14.8280321338
-14.4796998183
-13.9801847041
-14.6425704928
-14.6207958151
-14.4494667615
-14.4474609339
-14.3722044026
-14.4133902267
-14.5790525688
-14.380512366
-14.4724411308
-14.3447268246
-14.3266866294
-14.0508158683
-14.5123317703
-14.6392308493
-14.2918031496
-14.4199295529
-14.7517096024
-14.2788805986
-14.8703198798
-14.9398431962
-14.4185323244
-14.1615222404
-14.5405433617
-14.920973094
-14.4004648412
-14.5904973226
-14.3767088406
-14.170745155
-14.5769994143
-14.5860379889
-14.915923423
-14.2613702945
-14.4967125305
-14.3085596017
-14.3590655768
-14.2107540977
-14.3555243535
-14.4435544916
-14.4829501361
-14.4450092068
-14.5035429142
-14.3911505684
-14.4339284496
-14.8185952876
-14.7469428353
-14.4461463396
-14.4581727333
-14.2880607224
-15.0923466598
-14.0722523652
-14.2686088615
-14.0727417485
-14.3275440742
-14.2580927353
-14.4218394543
-14.355426074
-14.773537166
-14.4152453608
-14.3143003314
-14.6236997468
-14.5166665562
-14.0755782901
-14.2258318617
-14.4424651801
-14.1234523209
-14.4428255775
-15.0194308794
-14.4701750003
-14.6588017671
-14.308977252
-14.5476943473
-14.7177730971
-14.2528040857
-14.3200867521
-14.5006445405
-14.3314737762
-14.6608162552
-14.1986769377
-14.4720157369
-14.8548400496
-14.5733662314
-14.3951151483
-14.9009318096
-14.3670779972
-14.3154995013
-14.4161119137
-14.4194875539
-14.4595888538
-14.3105183918
-14.6170746409
-13.9348457423
-14.9046211248
-14.551873354
-14.3972228343
-14.6686306295
-14.63415395
-14.7898874093
-14.3311616762
-14.5969493534
-14.4169168951
-14.3515433306
-14.7619172902
-14.8803137425
-14.5679912273
-14.6891254465
-14.7868512735
-13.9938493839
-14.1450072276
-14.916840831
-14.0999963555
-14.5615023229
-14.4228518946
-14.3195129616
-14.8330158927
-14.690207995
-14.1368481323
-14.4080236431
-14.6264211329
-14.4233398761
-14.7493311291
-14.6438127057
-14.583286822
-14.7607543113
-14.5754348078
-14.4298109313
-14.3209538329
-14.4017598746
-14.717521355
-14.6596932111
-14.699880601
-14.3783161995
-14.5022690611
-14.6807147096
-15.0817773512
-14.7394320478
-14.5669825358
-14.6439721353
-14.4181902012
-14.2814765253
-14.7213268813
-14.163271018
-14.6112207525
-14.6958243387
-14.3353073482
-15.0805274326
-14.6314113245
-14.3865700214
-14.2836775968
-14.3933270528
-14.5074028926
-14.5451851531
-14.716255055
-14.7351376068
-14.26007663
-14.7183518224
-14.8369018277
-14.4716777115
-14.4780871384
-14.6732229945
-14.6618115772
-14.6062576659
-14.4016943481
-14.6282788045
-14.7110430077
-14.727170985
-14.7122803835
-14.742765367
-14.6061577135
-14.6124737307
-14.9799135846
-15.0507150466
-14.4702064321
-14.7862584438
-14.3623436109
-14.4146913753
-14.4166848948
-14.3700902233
-14.5223167756
-14.3346154975
-14.1042013664
-14.7075146528
-14.6276020856
-14.7664552125
-14.804504711
-14.8909087861
-14.7729011614
-14.3959805184
-14.4781681281
-14.5219708293
-14.4862514727
-14.5415003322
-14.3709621791
-14.2975025136
-14.5047273595
-14.4862492311
-14.4897260872
-14.4617702203
-14.1882973832
-14.7774508001
-14.5655672431
-14.4271501223
-14.2784114951
-14.5031791551
-14.468413146
-14.6977172445
-14.1270353133
-14.9762302471
-14.2425444485
-14.5005935989
-14.2763943545
-14.3175240301
-14.5359475209
-14.4508816077
-14.3785298922
-14.3033050013
-14.2334484922
-14.6319716254
-14.2184874339
-14.5360171863
-14.4604337609
-14.6478707792
-13.903452178
-15.1862789251
-14.5552838704
-14.5987033967
-14.4707051027
-14.6123834021
-14.6504353949
-14.8289190194
-14.353098306
-14.6118401996
-14.6418052763
-14.3311924266
-13.873474052
-14.744200535
-14.3235455079
-14.862296996
-14.2754932952
-14.220447252
-14.2733094308
-14.430076716
-14.8493852568
-14.6580890948
-14.6838825116
-14.3323380933
-14.6479891679
-14.0052173739
-14.740586025
-14.5975343981
-14.2803619723
-14.599810209
-14.3495150162
-14.6589661845
-14.6298657476
-14.8957311883
-14.7016143045
-14.1137426895
-14.6042771192
-14.6294315926
-14.3847992339
-14.076920104
-14.9934330964
-14.3767738558
-14.1389378243
-14.7398309048
-14.5454884185
-14.699485562
-14.5311967008
-14.6546129931
-14.2230688635
-14.5646140825
-14.6976738467
-14.4798894819
-14.8605088304
-14.3503277814
-14.6520389084
-14.0589102602
-14.6431706065
-14.8964230441
-14.4719552711
-14.4548028265
-14.5326466242
-14.7027793105
-14.500713052
-14.4475033386
-14.7085976612
-14.6129426097
-14.5869402311
-15.0895785889
-14.4931715067
-14.6371187716
-14.380388662
-14.4690734782
-14.7857450448
-14.81134361
-14.3657478706
-14.5681928168
-14.5524134798
-14.3616546444
-14.1304747673
-14.6410711036
-14.535164945
-14.3445955513
-14.7523741068
-14.6122652182
-14.4187767525
-14.0169307321
-14.6893952892
-14.5346452712
-14.5813594417
-14.4518402274
-14.3447363399
-14.3052935906
-14.6540581719
-14.6861780268
-14.6021355991
-14.5541644944
-14.3293117505
-15.055189036
-14.285224968
-14.4529822845
-14.218388293
-14.156309783
-14.6729722378
-14.576350507
-14.7520922309
-14.5938485431
-14.9371453471
-14.3262835586
-14.6060659569
-14.2748126498
-14.6077747244
-14.2759061567
-14.7450358272
-14.5560384155
-14.8563822512
-15.1929331159
-14.9150771951
-14.6060915472
-14.7238111497
-14.2523743555
-14.7462501546
-14.3336859624
-14.2410874023
-14.2159310242
-14.6994362783
-14.6005314654
-14.4772586835
-14.2741617139
-14.6370513383
-14.1634068797
-14.9925738919
-14.8422714585
-14.3854981083
-14.4662079345
-14.6672034351
-14.5505139018
-14.3686961102
-14.526307625
-14.6597572647
-14.6516098802
-14.7668154797
-14.3775852608
-14.7681692575
-14.285856817
-14.7650731627
-14.5132544119
-14.359091373
-14.4872195876
-14.5176158491
