2.15751641071e+00
2.16986681307e+00
2.14400084000e+00
2.16262474098e+00
2.15119149083e+00
2.16480131074e+00
2.15598368442e+00
2.15512627270e+00
2.15796906421e+00
2.16489168033e+00
2.15301313026e+00
2.15179623589e+00
2.16614031066e+00
2.16849632651e+00
2.16106458135e+00
2.14815488162e+00
2.15021552600e+00
2.15680763907e+00
2.15966847050e+00
2.15291524735e+00
2.15877938147e+00
2.15527779562e+00
2.17387812368e+00
2.15387166516e+00
2.16379634463e+00
2.16217155567e+00
2.15953831330e+00
2.16803204878e+00
2.13228135378e+00
2.14939485125e+00
2.17225591492e+00
2.16937821047e+00
2.14421890625e+00
2.14204857749e+00
2.15052609584e+00
2.17365386140e+00
2.16986545490e+00
2.15045801986e+00
2.15971015779e+00
2.15730477140e+00
2.15429317754e+00
2.15823088359e+00
2.14850083372e+00
2.15689469486e+00
2.14962794877e+00
2.14988170190e+00
2.16612752520e+00
2.16898244574e+00
2.17996070770e+00
2.13949307507e+00
2.15391637645e+00
2.15218046889e+00
2.17932340705e+00
2.15730466024e+00
2.18021304148e+00
2.16236587376e+00
2.15426630347e+00
2.16704962115e+00
2.14984681895e+00
2.15720997955e+00
2.15078884193e+00
2.15693812295e+00
2.15289998181e+00
2.17398266576e+00
2.16466166447e+00
2.15462042827e+00
2.17416515507e+00
2.14455363845e+00
2.14195555210e+00
2.14998177906e+00
2.16293262868e+00
2.15666836202e+00
2.15377154438e+00
2.14808095889e+00
2.13888812919e+00
2.13719229056e+00
2.17145328698e+00
2.14980053764e+00
2.16797725650e+00
2.15040934340e+00
2.15035392142e+00
2.14628687169e+00
2.15963307156e+00
2.15201387175e+00
2.12625559116e+00
2.14292575975e+00
2.14950641362e+00
2.16778179789e+00
2.15506153657e+00
2.15469442893e+00
2.18876827665e+00
2.15508946371e+00
2.15467827280e+00
2.17636618802e+00
2.14296830747e+00
2.17202305108e+00
2.19183986818e+00
2.12469210396e+00
2.16049267808e+00
2.15515742102e+00
2.15120201215e+00
2.15618689142e+00
2.16879914412e+00
2.13156355773e+00
2.16687568314e+00
2.17678902636e+00
2.15164747763e+00
2.15257563095e+00
2.15548718506e+00
2.16493954896e+00
2.17855685660e+00
2.16000855567e+00
2.18070201569e+00
2.15916234904e+00
2.15235218532e+00
2.16077810798e+00
2.15748357237e+00
2.18562649576e+00
2.15243995875e+00
2.14755458999e+00
2.17324517319e+00
2.16315334748e+00
2.13942539277e+00
2.15968369734e+00
2.14100567635e+00
2.17118625474e+00
2.15662070527e+00
2.17414930822e+00
2.18200686915e+00
2.15182173151e+00
2.13383293088e+00
2.14358155010e+00
2.16741966972e+00
2.17714183272e+00
2.16991571178e+00
2.16025892386e+00
2.14762124043e+00
2.14585067868e+00
2.14877389928e+00
2.16075364707e+00
2.18531429205e+00
2.16398831131e+00
2.16654683730e+00
2.14548208394e+00
2.14868237506e+00
2.15214437819e+00
2.14583735991e+00
2.14345622525e+00
2.13954424931e+00
2.15919439557e+00
2.15887144104e+00
2.17642695710e+00
2.17960425690e+00
2.15291056832e+00
2.15437131439e+00
2.15512407144e+00
2.15698049518e+00
2.16500140039e+00
2.14917491195e+00
2.14973107596e+00
2.15146682647e+00
2.17947103937e+00
2.15600737638e+00
2.16547847985e+00
2.14660567106e+00
2.15280101299e+00
2.15776056981e+00
2.15559024849e+00
2.16430645351e+00
2.17326642412e+00
2.16734673983e+00
2.16354159427e+00
2.16965231100e+00
2.15652352527e+00
2.16636990808e+00
2.15205522514e+00
2.14777719460e+00
2.15889022015e+00
2.17158609314e+00
2.16432187829e+00
2.13683180687e+00
2.15007673113e+00
2.14948301362e+00
2.16065572217e+00
2.13528469832e+00
2.15209920279e+00
2.14135138751e+00
2.15588877101e+00
2.14813011128e+00
2.15937577736e+00
2.16570833102e+00
2.17261327107e+00
2.14659181241e+00
2.13624542408e+00
2.15862271280e+00
2.18022261217e+00
2.15393771982e+00
2.16688503737e+00
2.13747646392e+00
2.15419484156e+00
2.15137207636e+00
2.18444855559e+00
2.14558644727e+00
2.15583721179e+00
2.15796730024e+00
2.13427665466e+00
2.17111828115e+00
2.13912274344e+00
2.15109153272e+00
2.17510251257e+00
2.15098802361e+00
2.16992901571e+00
2.15820731098e+00
2.15016215952e+00
2.15221355060e+00
2.14319204294e+00
2.16359103847e+00
2.13988166254e+00
2.16729889420e+00
2.14430516223e+00
2.16010137161e+00
2.16760038950e+00
2.15564417972e+00
2.16242721465e+00
2.16745802148e+00
2.16004190686e+00
2.14814212580e+00
2.17189978692e+00
2.16012693021e+00
2.16219515966e+00
2.17071724644e+00
2.15819971344e+00
2.16166661984e+00
2.14562953419e+00
2.16419986595e+00
2.15793310983e+00
2.16011459047e+00
2.17534967987e+00
2.15982310471e+00
2.15587620920e+00
2.14855257323e+00
2.17280953798e+00
2.17754272309e+00
2.16374816314e+00
2.16396607127e+00
2.18135102751e+00
2.16174556634e+00
2.15336949147e+00
2.14889319596e+00
2.15680773042e+00
2.18240622877e+00
2.18453035949e+00
2.16759209818e+00
2.14756191423e+00
2.15863605629e+00
2.17789280787e+00
2.17409434840e+00
2.15959564773e+00
2.14377419501e+00
2.16374167804e+00
2.15763504556e+00
2.15147030787e+00
2.18402454523e+00
2.19693387609e+00
2.14990422593e+00
2.14405093109e+00
2.15422414830e+00
2.19803645032e+00
2.17276042758e+00
2.14638106543e+00
2.15081211885e+00
2.14632462501e+00
2.15453911259e+00
2.17546556043e+00
2.14638046134e+00
2.14288656028e+00
2.16513840222e+00
2.17503500063e+00
2.17378261186e+00
2.13903746798e+00
2.16506380959e+00
2.17217264859e+00
2.13943099935e+00
2.12626537874e+00
2.17358313015e+00
2.15245449361e+00
2.15598415606e+00
2.16786540084e+00
2.12657911778e+00
2.14441601339e+00
2.16113140529e+00
2.15623550578e+00
2.16611612340e+00
2.15779736452e+00
2.17492920987e+00
2.16377739307e+00
2.12982215152e+00
2.15013073841e+00
2.15368050492e+00
2.15384530084e+00
2.15136305094e+00
2.16125182191e+00
2.14950874304e+00
2.15445625877e+00
2.16311052727e+00
2.17589897874e+00
2.16841454941e+00
2.16576852607e+00
2.15678144179e+00
2.14962870497e+00
2.17855051389e+00
2.17563214005e+00
2.15678680877e+00
2.15237387883e+00
2.16419647981e+00
2.14228086635e+00
2.14224422951e+00
2.13921078960e+00
2.17488129246e+00
2.15636318003e+00
2.16584841180e+00
2.17604313013e+00
2.15775993839e+00
2.18036720599e+00
2.15131962026e+00
2.16552877968e+00
2.15041606742e+00
2.13225986527e+00
2.15278093684e+00
2.14341351108e+00
2.15347983186e+00
2.15017466791e+00
2.17054599578e+00
2.16824640227e+00
2.17922449537e+00
2.16029044139e+00
2.15985281803e+00
2.15506515239e+00
2.14934516638e+00
2.14354871030e+00
2.16832272993e+00
2.15356419882e+00
2.13934314865e+00
2.17224066534e+00
2.15279587208e+00
2.16391695342e+00
2.18612685631e+00
2.16321298886e+00
2.15473811618e+00
2.16640657278e+00
2.15624464582e+00
2.15776734531e+00
2.19151086412e+00
2.15745884864e+00
2.15135424375e+00
2.16269201796e+00
2.16916129269e+00
2.15851790466e+00
2.18382680085e+00
2.19167537729e+00
2.15167021775e+00
2.15743147170e+00
2.16404761606e+00
2.16467617651e+00
2.15916714038e+00
2.16308473232e+00
2.14238718448e+00
2.17864155140e+00
2.14753160383e+00
2.16277828030e+00
2.13810583263e+00
2.16768591833e+00
2.16518699117e+00
2.16972715647e+00
2.15499236020e+00
2.18359746953e+00
2.15424828699e+00
2.14163611013e+00
2.17474431382e+00
2.16632189581e+00
2.14545699700e+00
2.16501931320e+00
2.14825037165e+00
2.17101359150e+00
2.16084906621e+00
2.15579108640e+00
2.16264401742e+00
2.13834250298e+00
2.13390899941e+00
2.14735137006e+00
2.13117260841e+00
2.15665550905e+00
2.18722173550e+00
2.16735173347e+00
2.17076186865e+00
2.17159047482e+00
2.17337813465e+00
2.18481070836e+00
2.14290138051e+00
2.14660991739e+00
2.14009381767e+00
2.16628520937e+00
2.17096740739e+00
2.14130077628e+00
2.15988139010e+00
2.14597634360e+00
2.17406401368e+00
2.15514662064e+00
2.16843639904e+00
2.18124361249e+00
2.14416609973e+00
2.17572291104e+00
2.16790949654e+00
2.15070278675e+00
2.15379073589e+00
2.16930757556e+00
2.14398016615e+00
2.13013721551e+00
2.15296433378e+00
2.15679717193e+00
2.17667100773e+00
2.14355702462e+00
2.13487925175e+00
2.15377911681e+00
2.15656115861e+00
2.18864292799e+00
2.15511721068e+00
2.16604894321e+00
2.17143015937e+00
2.16166528088e+00
2.16202172887e+00
2.15552595267e+00
2.15728427844e+00
2.17005026332e+00
2.16392628081e+00
2.14421608399e+00
2.16057944128e+00
2.14995215337e+00
2.15513845298e+00
2.16324374241e+00
2.17615288474e+00
2.18190594204e+00
2.17407870660e+00
2.16274027625e+00
2.15743550833e+00
2.17242851778e+00
2.16684152375e+00
2.16073665088e+00
2.16021117763e+00
2.16326717747e+00
2.14938382964e+00
2.18955842680e+00
2.15441873377e+00
2.13967952640e+00
2.15529685080e+00
2.15521403158e+00
2.16946628931e+00
2.13869374288e+00
2.14586816980e+00
2.15246639014e+00
2.16425378040e+00
2.15433525765e+00
2.15354379293e+00
2.15582327719e+00
2.16024202257e+00
2.18883962083e+00
2.14747725992e+00
2.15787670447e+00
2.14667917007e+00
2.16144409142e+00
2.13797094336e+00
2.18007837704e+00
2.15016883723e+00
2.15024959683e+00
2.15186071438e+00
2.16143191683e+00
2.15201341922e+00
2.13610078369e+00
2.16375921952e+00
2.15834355743e+00
2.16390895477e+00
2.16656277122e+00
2.15408395374e+00
2.16273550098e+00
2.16738798464e+00
2.17505213168e+00
2.16587421182e+00
2.16596386549e+00
2.15514410788e+00
2.15451508186e+00
2.15017997386e+00
2.12869970810e+00
2.15801520602e+00
2.16408080644e+00
2.17557108038e+00
2.17966518384e+00
2.15982737932e+00
2.16957773161e+00
2.18211398676e+00
2.14537502307e+00
2.15757742252e+00