8.05509906088e-01
8.24035225802e-01
7.92357660019e-01
8.21062500251e-01
8.15949509021e-01
8.07833883630e-01
8.12757995316e-01
8.22883439674e-01
8.19423213467e-01
8.12245816364e-01
8.10519570528e-01
8.14082436873e-01
8.11307369419e-01
8.12154958233e-01
8.21189230432e-01
8.14681279334e-01
8.04222499559e-01
8.11815004158e-01
8.06912769239e-01
8.06829979388e-01
8.15451253066e-01
8.11320337058e-01
8.14408744508e-01
8.15765770793e-01
8.01821743348e-01
8.14710219888e-01
8.15123021719e-01
8.13984489831e-01
7.99491809277e-01
8.00939508452e-01
8.18585863328e-01
8.04186279852e-01
8.01979866408e-01
7.93153009834e-01
8.01875819765e-01
8.26188228043e-01
8.22541330839e-01
7.97496566515e-01
8.04998824080e-01
8.08860396460e-01
8.04318356380e-01
8.15688871306e-01
7.96589156722e-01
8.12726363685e-01
8.13236931103e-01
8.06629313007e-01
8.18773655550e-01
8.16380599115e-01
8.33320613347e-01
8.00813948742e-01
8.10419495946e-01
8.05655004983e-01
8.18629788156e-01
8.12822406684e-01
8.28656001284e-01
8.21619126084e-01
8.11380420470e-01
8.17630622640e-01
8.06162288027e-01
8.25298160405e-01
8.19588356003e-01
8.06420817056e-01
8.16753376487e-01
8.23051689651e-01
8.25160894643e-01
8.17127847260e-01
8.17942311787e-01
7.98037662850e-01
8.07643334104e-01
8.12211161026e-01
8.11243799743e-01
8.09795182592e-01
7.97840498413e-01
8.05601897866e-01
7.87295398552e-01
8.07333494093e-01
8.14284686906e-01
7.98879884542e-01
8.25491873658e-01
7.97311662691e-01
8.04447960139e-01
8.16765246749e-01
8.11151561706e-01
8.08274390402e-01
8.07667773992e-01
8.02624963142e-01
8.11503041009e-01
8.21856070296e-01
7.99082975718e-01
8.15869994890e-01
8.25532743024e-01
8.11624742097e-01
8.29620836784e-01
8.18187585016e-01
8.02458222181e-01
8.13115550678e-01
8.32342379753e-01
7.96528771925e-01
8.14388725747e-01
8.05673254180e-01
8.18344391093e-01
8.11764215159e-01
8.18250254074e-01
8.11203191036e-01
8.16396950751e-01
8.23904228298e-01
8.09478792755e-01
8.05700889409e-01
8.05942927478e-01
8.16215673290e-01
8.18977321772e-01
8.17355749223e-01
8.20456311724e-01
8.14501125278e-01
8.15886218713e-01
8.10216620583e-01
8.14732072279e-01
8.17834422952e-01
8.18245412408e-01
8.27062161318e-01
8.34394178232e-01
8.11941127123e-01
8.15923119319e-01
8.10517546574e-01
7.97958793358e-01
8.18910785552e-01
7.99463371661e-01
8.22254725016e-01
8.36577365904e-01
8.13039788572e-01
8.05746683676e-01
8.14862690805e-01
8.22159933019e-01
8.28109645402e-01
8.02321598026e-01
8.18043043629e-01
8.07833255469e-01
8.04942289671e-01
7.95175537970e-01
8.08676829375e-01
8.22246377586e-01
8.19189541160e-01
8.07830703224e-01
8.07365037346e-01
8.07900517945e-01
8.11306760111e-01
8.09398735313e-01
8.00359001494e-01
7.96971688750e-01
8.07477117516e-01
8.14380001221e-01
8.22824409857e-01
8.19339589807e-01
8.11740242953e-01
8.05495084745e-01
8.12587417389e-01
8.01922115685e-01
8.22665855720e-01
8.02449140934e-01
7.94628528606e-01
8.28412133464e-01
8.15665359549e-01
8.21540983531e-01
8.25837043467e-01
7.97847942923e-01
8.08108158595e-01
8.07985496572e-01
8.05307215216e-01
7.96177741797e-01
8.21156195112e-01
8.13391654398e-01
8.21716850354e-01
8.17902083047e-01
8.06057304428e-01
8.12713084955e-01
8.13489895217e-01
8.17131939597e-01
8.25158648523e-01
8.18581587351e-01
8.16877641066e-01
8.01293809356e-01
8.05699465643e-01
8.12682597881e-01
8.12277429306e-01
7.92636621000e-01
8.08280935048e-01
8.11567939755e-01
8.08349321980e-01
8.02350641354e-01
8.16052714350e-01
8.19010676724e-01
7.97117000518e-01
8.12016044991e-01
7.89507337264e-01
8.15564735231e-01
8.31174711689e-01
8.10543323565e-01
8.00374598554e-01
7.94521702939e-01
8.18518737515e-01
8.07139024250e-01
8.16959971501e-01
8.03931324684e-01
8.11567289410e-01
7.99594135037e-01
8.02478583215e-01
8.04075041093e-01
7.98994002262e-01
8.12570929747e-01
8.12845873019e-01
8.07717428003e-01
8.16182620168e-01
8.12018888498e-01
8.02928286794e-01
7.98524501361e-01
8.05157369422e-01
8.07953349229e-01
8.05855661212e-01
8.14279295346e-01
8.16281136297e-01
8.20927611140e-01
8.23844517148e-01
8.04946574532e-01
8.14802424276e-01
8.25466538094e-01
8.07476584567e-01
8.09133593161e-01
8.15998265714e-01
7.96260012814e-01
8.27473951736e-01
8.27314803378e-01
8.14370241166e-01
8.17747395791e-01
7.96136043824e-01
8.13186043764e-01
8.14124999972e-01
8.13303926376e-01
8.17028665254e-01
8.22233858871e-01
8.01198461175e-01
8.21041594107e-01
8.23079248425e-01
8.39598399447e-01
8.16185982636e-01
8.18290441736e-01
8.12853878602e-01
8.14404668662e-01
8.11650167978e-01
7.97195557654e-01
8.16683521658e-01
8.19190753679e-01
8.08476655099e-01
8.12587975399e-01
8.10062333376e-01
8.12253219782e-01
8.13504412808e-01
8.14276803247e-01
8.14941349681e-01
7.97040920962e-01
8.15718564003e-01
8.09053727494e-01
8.03292118137e-01
8.31501811115e-01
8.13613076492e-01
7.95160591639e-01
8.17419513992e-01
8.05322585926e-01
8.33691896246e-01
8.14285007318e-01
8.14061884418e-01
8.08120208479e-01
8.11453658160e-01
8.07426377801e-01
8.19383034381e-01
8.02558850783e-01
7.99271192317e-01
8.17832676565e-01
8.26890083132e-01
8.17343254489e-01
8.01121159127e-01
7.94616886289e-01
8.30019622401e-01
8.10235133396e-01
7.95649173224e-01
8.17293726164e-01
7.93249870789e-01
8.11543431693e-01
8.02067941013e-01
7.90601229299e-01
8.11825804346e-01
8.18392544323e-01
8.14132588859e-01
8.15316189483e-01
8.09923867911e-01
8.25972008899e-01
8.08129465045e-01
8.13799173082e-01
8.04805182879e-01
7.98404557508e-01
8.06384675291e-01
8.11455340078e-01
8.16147329263e-01
7.93191238118e-01
8.17375055143e-01
8.07962019132e-01
8.12428599669e-01
8.16040591523e-01
8.17984739786e-01
7.98239188785e-01
8.05787670545e-01
8.27886944873e-01
8.19172572940e-01
8.16028601107e-01
8.17679616459e-01
8.05603395270e-01
8.15114384893e-01
8.12788309246e-01
8.00040409642e-01
8.32323687138e-01
8.21362542445e-01
8.13754549732e-01
8.29529398068e-01
8.01398100822e-01
8.15839839964e-01
8.18441270738e-01
8.12946616053e-01
7.99107929380e-01
8.03182567413e-01
8.09307644306e-01
8.08747899144e-01
7.98161488903e-01
8.14325355160e-01
8.23825619225e-01
8.18939190086e-01
8.28520713315e-01
8.26199382073e-01
8.11369940648e-01
8.02776954022e-01
8.08922938436e-01
8.18726801704e-01
8.13061437992e-01
8.14007064274e-01
8.17324338493e-01
8.06688986920e-01
8.02038747319e-01
8.02925841089e-01
8.39705199725e-01
8.19921293272e-01
8.09410077839e-01
8.17641840476e-01
8.22647288256e-01
8.18726026775e-01
8.19688748769e-01
8.05488656063e-01
8.01335089405e-01
8.21525358471e-01
8.07131310705e-01
8.01530113360e-01
8.20763160711e-01
8.31907802398e-01
8.07985236697e-01
8.16462892806e-01
8.18807203558e-01
8.19414733410e-01
8.16550715780e-01
8.06590749696e-01
8.03612073262e-01
8.28468482683e-01
8.12338635416e-01
8.12673180817e-01
8.12383219488e-01
8.26734699820e-01
8.13033187616e-01
8.13318765591e-01
8.04576807331e-01
8.26121132961e-01
8.17468640061e-01
7.97694288481e-01
8.22109134925e-01
8.19300553941e-01
8.16982178700e-01
8.13222387243e-01
8.06501392059e-01
8.13672562179e-01
8.14362249444e-01
8.25216404656e-01
8.13479378477e-01
8.12540478832e-01
8.05741753750e-01
8.06768437744e-01
7.97393884735e-01
8.15780710370e-01
8.30513339489e-01
8.24586678393e-01
8.32968462525e-01
8.12863387502e-01
8.14769968744e-01
8.31585749282e-01
8.01852046255e-01
8.11554383621e-01
8.05921200849e-01
8.24645128651e-01
8.16859378651e-01
8.01018619541e-01
8.13963012122e-01
8.12814898775e-01
8.24227662071e-01
8.21662033312e-01
8.19516287105e-01
8.20109995149e-01
8.11277668497e-01
8.27312547974e-01
8.20889013139e-01
8.06210047401e-01
8.10611217620e-01
8.20665798281e-01
7.97182536815e-01
8.07698780564e-01
8.06034983731e-01
8.02991468107e-01
8.16206061370e-01
8.22353704215e-01
8.04386477319e-01
7.97241507959e-01
8.05508629172e-01
8.31212253878e-01
8.07735028827e-01
8.15483079727e-01
8.15555296720e-01
8.11641635381e-01
8.23156871419e-01
8.07933867142e-01
8.08490286740e-01
8.23520116588e-01
8.32152772641e-01
8.19995153429e-01
8.12023146016e-01
8.05030306053e-01
8.00364730925e-01
8.15346923621e-01
8.28403702745e-01
8.38272094645e-01
8.21815843640e-01
8.09245746295e-01
8.12930706347e-01
8.06013948967e-01
8.07697167061e-01
8.17319443816e-01
8.05718164802e-01
8.05324049669e-01
8.20766018750e-01
8.17065884803e-01
8.16645931665e-01
7.99407264557e-01
8.13602631065e-01
8.04884563455e-01
8.14321759276e-01
8.11515199086e-01
8.24175206108e-01
8.03710677313e-01
8.16947481314e-01
7.91563211561e-01
7.91857918691e-01
8.15384863956e-01
8.17176812190e-01
8.19203059670e-01
8.07351679866e-01
8.02823052180e-01
8.11683313916e-01
8.12984475633e-01
7.98671242557e-01
8.29196201966e-01
8.05191503717e-01
8.10175226651e-01
8.04417565145e-01
8.15269447208e-01
8.14709823039e-01
8.10435395403e-01
8.20472785625e-01
8.08048933089e-01
8.08175153194e-01
8.24854703372e-01
8.17628829917e-01
8.18285665774e-01
8.03978768598e-01
8.08276665290e-01
8.25973405201e-01
8.22125501355e-01
7.91703778043e-01
8.00161652266e-01
8.16013649955e-01
7.93823653576e-01
8.01488938625e-01
8.20491184471e-01
8.25239645403e-01
8.23370624590e-01
8.17512296672e-01
8.07655379038e-01
8.18415876813e-01
8.20589629096e-01
8.11638862551e-01