2.23694636683e+00
2.23706357032e+00
2.23644268684e+00
2.23719005166e+00
2.23788559719e+00
2.23651130518e+00
2.23687370058e+00
2.23615989978e+00
2.23618132627e+00
2.23725056926e+00
2.23743809498e+00
2.23816335682e+00
2.23711356530e+00
2.23731103763e+00
2.23636305581e+00
2.23745508454e+00
2.23599231988e+00
2.23709032853e+00
2.23662254921e+00
2.23642729452e+00
2.23763763522e+00
2.23757873416e+00
2.23704320945e+00
2.23713706712e+00
2.23755752250e+00
2.23735162223e+00
2.23658976953e+00
2.23702638995e+00
2.23664236496e+00
2.23777051800e+00
2.23741917089e+00
2.23779460853e+00
2.23627171192e+00
2.23758477948e+00
2.23752804657e+00
2.23753990965e+00
2.23718149082e+00
2.23753716958e+00
2.23740640590e+00
2.23725160334e+00
2.23737234286e+00
2.23669336462e+00
2.23820840656e+00
2.23855793103e+00
2.23717165737e+00
2.23673225765e+00
2.23714702122e+00
2.23780845340e+00
2.23666261598e+00
2.23693819232e+00
2.23660068416e+00
2.23769430958e+00
2.23741537557e+00
2.23706189568e+00
2.23705879988e+00
2.23783685439e+00
2.23683167763e+00
2.23768329802e+00
2.23767571889e+00
2.23753734003e+00
2.23710919260e+00
2.23708214169e+00
2.23780302103e+00
2.23702633495e+00
2.23622999342e+00
2.23637250356e+00
2.23845218741e+00
2.23826914214e+00
2.23712813072e+00
2.23641696602e+00
2.23766341670e+00
2.23771371780e+00
2.23612598691e+00
2.23713220145e+00
2.23764669488e+00
2.23758171404e+00
2.23713403553e+00
2.23764656931e+00
2.23660416671e+00
2.23699767007e+00
2.23699195249e+00
2.23778373600e+00
2.23715092486e+00
2.23715589277e+00
2.23735419927e+00
2.23803950173e+00
2.23590518082e+00
2.23675405429e+00
2.23731290207e+00
2.23673559143e+00
2.23732624228e+00
2.23743948143e+00
2.23684800159e+00
2.23718235433e+00
2.23687763864e+00
2.23692717064e+00
2.23669055876e+00
2.23660840832e+00
2.23811695009e+00
2.23619878092e+00
2.23646343574e+00
2.23729396425e+00
2.23786525404e+00
2.23706961129e+00
2.23682605169e+00
2.23734986440e+00
2.23737699136e+00
2.23649755701e+00
2.23672900740e+00
2.23636490512e+00
2.23789027611e+00
2.23805034936e+00
2.23802570206e+00
2.23812227775e+00
2.23707244122e+00
2.23828501708e+00
2.23613862216e+00
2.23782259516e+00
2.23709071533e+00
2.23758577118e+00
2.23718022806e+00
2.23665062905e+00
2.23828579484e+00
2.23706580508e+00
2.23738905394e+00
2.23694953237e+00
2.23712475265e+00
2.23707775846e+00
2.23715470000e+00
2.23702408831e+00
2.23772370096e+00
2.23623743203e+00
2.23696666406e+00
2.23680285042e+00
2.23634308260e+00
2.23663913776e+00
2.23705277781e+00
2.23716119311e+00
2.23684856270e+00
2.23698920762e+00
2.23699870692e+00
2.23693297150e+00
2.23671888365e+00
2.23675684459e+00
2.23696474293e+00
2.23742225572e+00
2.23775188029e+00
2.23820663295e+00
2.23739031156e+00
2.23667718882e+00
2.23741496037e+00
2.23647233136e+00
2.23806197839e+00
2.23733777140e+00
2.23606697968e+00
2.23696629007e+00
2.23781245184e+00
2.23721518086e+00
2.23720693061e+00
2.23715001563e+00
2.23776669317e+00
2.23728900101e+00
2.23831250072e+00
2.23789821451e+00
2.23738754950e+00
2.23764703930e+00
2.23698607119e+00
2.23700468960e+00
2.23635443137e+00
2.23834994581e+00
2.23676197965e+00
2.23732540669e+00
2.23635221812e+00
2.23630320515e+00
2.23732370019e+00
2.23715147339e+00
2.23657518545e+00
2.23788843112e+00
2.23709952078e+00
2.23738100744e+00
2.23783321205e+00
2.23679954025e+00
2.23750951391e+00
2.23896369142e+00
2.23736476235e+00
2.23709477154e+00
2.23725470593e+00
2.23804358043e+00
2.23731122665e+00
2.23717469718e+00
2.23821273789e+00
2.23652058760e+00
2.23687806138e+00
2.23711824145e+00
2.23747078867e+00
2.23725713860e+00
2.23704501168e+00
2.23735551155e+00
2.23690301232e+00
2.23668360303e+00
2.23751391360e+00
2.23684303367e+00
2.23730151145e+00
2.23793703886e+00
2.23754086006e+00
2.23714668900e+00
2.23633630467e+00
2.23696421545e+00
2.23731539437e+00
2.23728727408e+00
2.23770940395e+00
2.23744020115e+00
2.23765486229e+00
2.23680501237e+00
2.23798654993e+00
2.23702509395e+00
2.23680559605e+00
2.23714633850e+00
2.23730029956e+00
2.23670331437e+00
2.23692210369e+00
2.23709080733e+00
2.23819468096e+00
2.23707061088e+00
2.23673491654e+00
2.23793857475e+00
2.23770533081e+00
2.23801416902e+00
2.23650626935e+00
2.23721972896e+00
2.23666208793e+00
2.23705026332e+00
2.23635497136e+00
2.23644898838e+00
2.23744430509e+00
2.23698336800e+00
2.23687381625e+00
2.23682857626e+00
2.23682507583e+00
2.23683020259e+00
2.23758584859e+00
2.23737720316e+00
2.23726748814e+00
2.23712276433e+00
2.23778584045e+00
2.23645721208e+00
2.23712587018e+00
2.23687157785e+00
2.23793031432e+00
2.23840495846e+00
2.23675390664e+00
2.23642613979e+00
2.23793349255e+00
2.23695204462e+00
2.23724046722e+00
2.23678534873e+00
2.23648134858e+00
2.23664558038e+00
2.23714657965e+00
2.23736718515e+00
2.23690966205e+00
2.23693383831e+00
2.23707695100e+00
2.23760266450e+00
2.23642697813e+00
2.23665815269e+00
2.23691314646e+00
2.23732510336e+00
2.23747061654e+00
2.23656459052e+00
2.23750189846e+00
2.23658040684e+00
2.23712836586e+00
2.23667618747e+00
2.23606820266e+00
2.23742390319e+00
2.23713661371e+00
2.23777373496e+00
2.23780580508e+00
2.23755156781e+00
2.23776304395e+00
2.23703239095e+00
2.23787158192e+00
2.23708647835e+00
2.23740720473e+00
2.23778625556e+00
2.23714797606e+00
2.23725403670e+00
2.23734300051e+00
2.23750598015e+00
2.23661062183e+00
2.23709744066e+00
2.23730105216e+00
2.23820182095e+00
2.23707987300e+00
2.23746116951e+00
2.23649111394e+00
2.23748352414e+00
2.23756635551e+00
2.23735451173e+00
2.23621991705e+00
2.23781019674e+00
2.23635741741e+00
2.23673134819e+00
2.23707566352e+00
2.23690736113e+00
2.23671370944e+00
2.23712765256e+00
2.23722672328e+00
2.23737528277e+00
2.23687290695e+00
2.23718176351e+00
2.23761637536e+00
2.23712319781e+00
2.23754838982e+00
2.23729640375e+00
2.23667151234e+00
2.23721046728e+00
2.23753366822e+00
2.23631501304e+00
2.23666840127e+00
2.23705553920e+00
2.23626526274e+00
2.23741055624e+00
2.23682201432e+00
2.23642092813e+00
2.23608127972e+00
2.23622374329e+00
2.23667365124e+00
2.23701511136e+00
2.23689268942e+00
2.23764690741e+00
2.23705198065e+00
2.23675497663e+00
2.23687395154e+00
2.23724448174e+00
2.23694027429e+00
2.23589900117e+00
2.23589818948e+00
2.23776455201e+00
2.23715253319e+00
2.23729608805e+00
2.23697965182e+00
2.23751416788e+00
2.23729985854e+00
2.23701313835e+00
2.23776651378e+00
2.23776585075e+00
2.23764695330e+00
2.23725547721e+00
2.23721792641e+00
2.23658725224e+00
2.23603336497e+00
2.23647288640e+00
2.23644575354e+00
2.23706988945e+00
2.23689245049e+00
2.23631838976e+00
2.23641222951e+00
2.23680785602e+00
2.23619278785e+00
2.23642096280e+00
2.23596583301e+00
2.23716313218e+00
2.23726293934e+00
2.23690441380e+00
2.23702818900e+00
2.23577292622e+00
2.23632971582e+00
2.23757283570e+00
2.23752955850e+00
2.23802802645e+00
2.23715549418e+00
2.23703838983e+00
2.23693986401e+00
2.23669569048e+00
2.23687962453e+00
2.23766155896e+00
2.23680151455e+00
2.23742997328e+00
2.23793371786e+00
2.23527100198e+00
2.23765014119e+00
2.23655483442e+00
2.23679545025e+00
2.23606418819e+00
2.23650102189e+00
2.23681357601e+00
2.23691772295e+00
2.23815711972e+00
2.23682782249e+00
2.23714512802e+00
2.23715277220e+00
2.23690315517e+00
2.23705268868e+00
2.23740633584e+00
2.23668752379e+00
2.23729228711e+00
2.23712798094e+00
2.23728272067e+00
2.23722454992e+00
2.23643991556e+00
2.23673578510e+00
2.23752602339e+00
2.23662695253e+00
2.23741664955e+00
2.23727181220e+00
2.23636262795e+00
2.23692669517e+00
2.23707748639e+00
2.23741775771e+00
2.23694863786e+00
2.23674228671e+00
2.23704559526e+00
2.23785353633e+00
2.23745981431e+00
2.23592947570e+00
2.23641902333e+00
2.23823711636e+00
2.23690118370e+00
2.23721658598e+00
2.23763098412e+00
2.23656987984e+00
2.23702715057e+00
2.23707761269e+00
2.23713400670e+00
2.23718448532e+00
2.23695981066e+00
2.23721094279e+00
2.23783549031e+00
2.23704789804e+00
2.23749461944e+00
2.23641196004e+00
2.23738159665e+00
2.23563916088e+00
2.23746024163e+00
2.23645276867e+00
2.23702165062e+00
2.23592441155e+00
2.23534832495e+00
2.23738560959e+00
2.23675621197e+00
2.23663668845e+00
2.23747972954e+00
2.23691916397e+00
2.23714334397e+00
2.23696592899e+00
2.23672088017e+00
2.23687981728e+00
2.23720237277e+00
2.23695873388e+00
2.23646844244e+00
2.23801282955e+00
2.23637492993e+00
2.23744356795e+00
2.23778153572e+00
2.23737325679e+00
2.23756635894e+00
2.23754372406e+00
2.23598960394e+00
2.23679367153e+00
2.23745700774e+00
2.23711477900e+00
2.23705122506e+00
2.23650239478e+00
2.23741707734e+00
2.23642734973e+00
2.23686820402e+00
2.23777235273e+00
2.23765229424e+00
2.23749881843e+00
2.23771100420e+00
2.23772943105e+00
2.23709992621e+00
2.23782967058e+00
2.23661447501e+00
2.23754591501e+00
2.23724115713e+00
2.23719277038e+00
2.23734993986e+00
2.23685522990e+00
2.23638415787e+00
2.23765912679e+00
2.23687578669e+00
2.23683371084e+00
2.23605763439e+00
2.23771334873e+00
2.23718487955e+00
2.23758703699e+00
2.23656702670e+00
2.23794325171e+00
2.23664277313e+00
2.23689769777e+00
2.23640648272e+00
2.23678963698e+00
2.23755539270e+00
2.23675705108e+00
2.23762774530e+00
2.23726991731e+00
2.23755074060e+00
2.23712179078e+00