-5.30128086560e+00
-5.29932280043e+00
-5.29775608387e+00
-5.30186261950e+00
-5.29964252522e+00
-5.29959244011e+00
-5.29671462500e+00
-5.29687109529e+00
-5.29893594084e+00
-5.30115932873e+00
-5.30069752696e+00
-5.30071799649e+00
-5.30082452650e+00
-5.30140612334e+00
-5.29836276155e+00
-5.29954826943e+00
-5.29767631409e+00
-5.29995561214e+00
-5.29953744907e+00
-5.29862388025e+00
-5.30357324237e+00
-5.29943377423e+00
-5.29925501520e+00
-5.29777437653e+00
-5.30280096764e+00
-5.30014198256e+00
-5.30017873152e+00
-5.30004525925e+00
-5.29769193177e+00
-5.29898899778e+00
-5.29878431874e+00
-5.30160732036e+00
-5.29863228442e+00
-5.29907716338e+00
-5.30193056439e+00
-5.29982048449e+00
-5.30020749868e+00
-5.29888511920e+00
-5.29567006616e+00
-5.29760586785e+00
-5.29943171887e+00
-5.29688998148e+00
-5.30024436344e+00
-5.29951115948e+00
-5.29914576038e+00
-5.29937841737e+00
-5.29966149904e+00
-5.30082491453e+00
-5.29853329056e+00
-5.29963753628e+00
-5.29874901796e+00
-5.30166357043e+00
-5.29897708584e+00
-5.29860956864e+00
-5.29984413925e+00
-5.29934526859e+00
-5.29852013003e+00
-5.29920496372e+00
-5.30107088466e+00
-5.30232507807e+00
-5.29986960079e+00
-5.30005231376e+00
-5.29915666094e+00
-5.30048611911e+00
-5.29764653372e+00
-5.29614871495e+00
-5.30029378133e+00
-5.30026085698e+00
-5.30098259434e+00
-5.29782157298e+00
-5.29939792901e+00
-5.29814514808e+00
-5.29920234125e+00
-5.30039473689e+00
-5.30160145339e+00
-5.30005725686e+00
-5.29923713725e+00
-5.29736073746e+00
-5.29878317036e+00
-5.29687306875e+00
-5.29933344961e+00
-5.30125961148e+00
-5.29748607801e+00
-5.29853599396e+00
-5.29927748445e+00
-5.30055913715e+00
-5.29842628385e+00
-5.29787662155e+00
-5.30037874751e+00
-5.29950998185e+00
-5.30094310755e+00
-5.29714775143e+00
-5.29799848443e+00
-5.29949333094e+00
-5.29823187432e+00
-5.29737361629e+00
-5.29710114780e+00
-5.29753388740e+00
-5.30131498902e+00
-5.29727627546e+00
-5.29668024400e+00
-5.30131033917e+00
-5.30021383471e+00
-5.29933024881e+00
-5.29404845476e+00
-5.29807328011e+00
-5.30130975467e+00
-5.29902499405e+00
-5.29692250370e+00
-5.29855505718e+00
-5.30023560304e+00
-5.29980067768e+00
-5.30015407073e+00
-5.29970357066e+00
-5.29910255766e+00
-5.29901061120e+00
-5.29855378965e+00
-5.30117051580e+00
-5.29983620442e+00
-5.29849586261e+00
-5.30151061325e+00
-5.29814527001e+00
-5.30158667683e+00
-5.30110921920e+00
-5.29952054235e+00
-5.29941524572e+00
-5.29964462948e+00
-5.29829684872e+00
-5.29885181702e+00
-5.29829544201e+00
-5.30019199530e+00
-5.29858725387e+00
-5.29878979415e+00
-5.29925473046e+00
-5.29928973597e+00
-5.29930014738e+00
-5.29989060516e+00
-5.29823333488e+00
-5.29891478109e+00
-5.29729814571e+00
-5.29939034676e+00
-5.29932254143e+00
-5.29772135320e+00
-5.29869229732e+00
-5.29799407651e+00
-5.30164459154e+00
-5.29937937385e+00
-5.30282806815e+00
-5.30123984627e+00
-5.29957596673e+00
-5.30065825533e+00
-5.29867127216e+00
-5.30108373673e+00
-5.29878538528e+00
-5.29895601043e+00
-5.29897449789e+00
-5.29894075294e+00
-5.29932406442e+00
-5.29888913762e+00
-5.29855567516e+00
-5.30038152017e+00
-5.29971717684e+00
-5.30014853162e+00
-5.30154486914e+00
-5.30010603100e+00
-5.30020741574e+00
-5.29994708760e+00
-5.29870717092e+00
-5.29607381020e+00
-5.30163053365e+00
-5.29807423864e+00
-5.29735540993e+00
-5.29814905488e+00
-5.29837639973e+00
-5.29939448500e+00
-5.29937415017e+00
-5.29896704392e+00
-5.30030460850e+00
-5.30051574825e+00
-5.29894674503e+00
-5.30211496639e+00
-5.29964275903e+00
-5.30088361284e+00
-5.30126325180e+00
-5.29940128696e+00
-5.29812613222e+00
-5.29786330365e+00
-5.29909675006e+00
-5.29786980260e+00
-5.29849337483e+00
-5.30039414864e+00
-5.29684595469e+00
-5.29930277734e+00
-5.29892797188e+00
-5.29872675991e+00
-5.29757489934e+00
-5.29942830141e+00
-5.30012927795e+00
-5.30016583326e+00
-5.29961938355e+00
-5.30085407400e+00
-5.29709023344e+00
-5.29794088061e+00
-5.30081770592e+00
-5.30136675564e+00
-5.29761276977e+00
-5.29715109130e+00
-5.29868995431e+00
-5.29815460121e+00
-5.29720239527e+00
-5.30123469265e+00
-5.30037207611e+00
-5.29829001915e+00
-5.29959734444e+00
-5.30100760167e+00
-5.30047676744e+00
-5.29828312569e+00
-5.29930190785e+00
-5.30124782300e+00
-5.29928334336e+00
-5.29701088090e+00
-5.29867172675e+00
-5.29965855190e+00
-5.29945787153e+00
-5.29979759877e+00
-5.29980116532e+00
-5.29915075958e+00
-5.29842571645e+00
-5.30050737519e+00
-5.30066957721e+00
-5.29803891058e+00
-5.29978091646e+00
-5.29797432694e+00
-5.30007054195e+00
-5.29921776053e+00
-5.29792761826e+00
-5.29889308545e+00
-5.30133436277e+00
-5.30148327762e+00
-5.29971654449e+00
-5.29943513892e+00
-5.29937327650e+00
-5.29948462255e+00
-5.29828413146e+00
-5.29926442483e+00
-5.30090978581e+00
-5.29851310363e+00
-5.29852227413e+00
-5.30059563041e+00
-5.30131659781e+00
-5.29893687343e+00
-5.29903080167e+00
-5.30117072527e+00
-5.30026017450e+00
-5.29913529125e+00
-5.29941813987e+00
-5.30104887024e+00
-5.29898712099e+00
-5.29995284157e+00
-5.30062771629e+00
-5.30074836613e+00
-5.29778838383e+00
-5.30082528218e+00
-5.30258441788e+00
-5.29662997682e+00
-5.29946805386e+00
-5.29730321559e+00
-5.29874782230e+00
-5.30013967404e+00
-5.29911463410e+00
-5.29900765910e+00
-5.29841743486e+00
-5.29978389629e+00
-5.29843103864e+00
-5.29618535263e+00
-5.29797238892e+00
-5.29908064222e+00
-5.30044951988e+00
-5.30137672762e+00
-5.30103404946e+00
-5.30033210072e+00
-5.29953219677e+00
-5.29961485534e+00
-5.29857517797e+00
-5.29994620622e+00
-5.30145344239e+00
-5.29998191652e+00
-5.29913626357e+00
-5.30044758122e+00
-5.29989681611e+00
-5.29729849069e+00
-5.30109172158e+00
-5.30066215858e+00
-5.29801737723e+00
-5.29921948171e+00
-5.29732816733e+00
-5.29751680955e+00
-5.29934007230e+00
-5.29919842581e+00
-5.30064748303e+00
-5.29936221738e+00
-5.29937137984e+00
-5.29710209911e+00
-5.29890510745e+00
-5.29611477454e+00
-5.29897865036e+00
-5.30034919257e+00
-5.29939858149e+00
-5.29850946968e+00
-5.29871827475e+00
-5.29833734055e+00
-5.30053846111e+00
-5.29789308877e+00
-5.29834586564e+00
-5.29838669619e+00
-5.29990873973e+00
-5.30007031442e+00
-5.30006901301e+00
-5.30094984906e+00
-5.29817542685e+00
-5.29918267413e+00
-5.29898486008e+00
-5.29748634549e+00
-5.29916627369e+00
-5.30149823523e+00
-5.29809791870e+00
-5.29797293745e+00
-5.29894520504e+00
-5.29980841681e+00
-5.29752679903e+00
-5.29829340991e+00
-5.30038482218e+00
-5.29889367930e+00
-5.29796105346e+00
-5.29909494849e+00
-5.29795370198e+00
-5.29895932022e+00
-5.29726189497e+00
-5.29774234380e+00
-5.29885261260e+00
-5.29987109270e+00
-5.29880156196e+00
-5.29925766054e+00
-5.30020868594e+00
-5.29986711351e+00
-5.29866138854e+00
-5.30221329365e+00
-5.30122836766e+00
-5.30004154828e+00
-5.29914910978e+00
-5.30235050646e+00
-5.29921155156e+00
-5.29626629564e+00
-5.29951838809e+00
-5.29821598424e+00
-5.29926093097e+00
-5.29929628922e+00
-5.29835121371e+00
-5.30073091634e+00
-5.29942220660e+00
-5.29738798912e+00
-5.29928542241e+00
-5.29883674290e+00
-5.29770736773e+00
-5.30109271625e+00
-5.29674490323e+00
-5.29646460557e+00
-5.29875330337e+00
-5.29599764261e+00
-5.29981946322e+00
-5.29862375260e+00
-5.30335169947e+00
-5.29889090857e+00
-5.30070557268e+00
-5.30021463251e+00
-5.29859145328e+00
-5.29972720076e+00
-5.29995385408e+00
-5.29750234038e+00
-5.29944877249e+00
-5.30159227316e+00
-5.29706966862e+00
-5.29924822481e+00
-5.30013308150e+00
-5.29799877297e+00
-5.29751586502e+00
-5.29832637240e+00
-5.29921232586e+00
-5.30165868208e+00
-5.30286775098e+00
-5.29649939465e+00
-5.30035791501e+00
-5.30075547934e+00
-5.30084713741e+00
-5.30057513221e+00
-5.29937613983e+00
-5.29920692647e+00
-5.29789658448e+00
-5.29946284399e+00
-5.30003765504e+00
-5.30002430837e+00
-5.29834136369e+00
-5.29828349084e+00
-5.29859825209e+00
-5.29752116793e+00
-5.29981087652e+00
-5.29959989900e+00
-5.29711204950e+00
-5.30012490735e+00
-5.29958309555e+00
-5.29978561408e+00
-5.29732655007e+00
-5.29931116310e+00
-5.29712685623e+00
-5.29966907239e+00
-5.30073779643e+00
-5.29737596489e+00
-5.29795449662e+00
-5.30174249952e+00
-5.29822384620e+00
-5.29794818447e+00
-5.29741731220e+00
-5.29821230159e+00
-5.29749295522e+00
-5.29762090502e+00
-5.29923305015e+00
-5.29943194500e+00
-5.29906174029e+00
-5.30052879953e+00
-5.30133562013e+00
-5.29927643636e+00
-5.30036279531e+00
-5.29953279795e+00
-5.29881365659e+00
-5.29773322126e+00
-5.29975291740e+00
-5.29872093400e+00
-5.29860570393e+00
-5.30006647301e+00
-5.29785540875e+00
-5.29915099752e+00
-5.29920679655e+00
-5.29955989225e+00
-5.29776816778e+00
-5.29896295874e+00
-5.30048078200e+00
-5.30162454485e+00
-5.29907963350e+00
-5.29968967790e+00
-5.29924625250e+00
-5.29847893887e+00
-5.29925861540e+00
-5.30087262802e+00
-5.29711887363e+00
-5.29743165131e+00
-5.30040445649e+00
-5.30129506401e+00
-5.30018381815e+00
-5.30093851980e+00
-5.29604441438e+00
-5.29924428166e+00
-5.30019853679e+00
-5.29819570147e+00
-5.29861536836e+00
-5.29864675107e+00
-5.29954034606e+00
-5.30052026772e+00
-5.29975813366e+00
-5.30231869959e+00
-5.29907557846e+00
-5.30008196121e+00
-5.30009671767e+00
-5.29840839146e+00
-5.30110100775e+00
-5.30038128693e+00
-5.29827388952e+00
-5.29893095671e+00
-5.29970431954e+00
-5.29966123259e+00
-5.30109173273e+00
-5.30088742312e+00
-5.29994907398e+00
-5.30093649872e+00
-5.29919303006e+00
-5.29846196252e+00
-5.29775962159e+00
-5.30078540906e+00
-5.30134334890e+00
-5.30106152494e+00
-5.29933926449e+00
-5.29992234424e+00
-5.29778711073e+00
-5.30170187990e+00
-5.29991303666e+00
-5.30288682177e+00
-5.29921401198e+00
-5.29866512086e+00
-5.30101611173e+00
-5.29837850042e+00
-5.30012036799e+00
-5.29924752000e+00