7.56808250926e-01
7.54609732411e-01
7.51002553847e-01
7.54356445304e-01
7.54424515008e-01
7.53185134146e-01
7.51432274406e-01
7.55937281607e-01
7.50340543787e-01
7.53568795120e-01
7.54848432186e-01
7.49846080628e-01
7.54608820871e-01
7.55806166303e-01
7.55178998502e-01
7.52237555051e-01
7.52732751859e-01
7.55975499783e-01
7.52496974754e-01
7.52573640858e-01
7.53098946694e-01
7.51118699436e-01
7.52930627465e-01
7.52228250473e-01
7.53251513675e-01
7.54329776103e-01
7.53740361865e-01
7.56372574367e-01
7.53085426906e-01
7.54900515170e-01
7.55322096737e-01
7.54058577961e-01
7.52702128367e-01
7.53273020139e-01
7.52249844670e-01
7.54592084477e-01
7.52413573823e-01
7.56636809053e-01
7.54480460042e-01
7.57432839137e-01
7.53455184439e-01
7.55678553313e-01
7.51555423206e-01
7.57316904474e-01
7.52176581927e-01
7.52491998361e-01
7.56975464939e-01
7.52439263551e-01
7.53923198606e-01
7.54470853749e-01
7.55433156909e-01
7.54476277097e-01
7.51722975406e-01
7.52686041163e-01
7.53464144828e-01
7.55736660664e-01
7.50881124909e-01
7.54897193884e-01
7.58137513817e-01
7.55127237689e-01
7.52576305596e-01
7.53807989663e-01
7.54563929842e-01
7.52101190548e-01
7.54636066537e-01
7.54546355369e-01
7.52882317512e-01
7.54806127518e-01
7.53253214249e-01
7.53170669961e-01
7.56123649616e-01
7.59458564411e-01
7.54340448895e-01
7.55481485642e-01
7.53197908795e-01
7.55220782672e-01
7.51925111228e-01
7.53590241315e-01
7.52616822077e-01
7.52496408150e-01
7.53461995866e-01
7.54527255988e-01
7.51506536735e-01
7.56086532784e-01
7.52910846562e-01
7.55638531251e-01
7.53279387235e-01
7.53871885824e-01
7.50095986682e-01
7.54054864065e-01
7.53487117905e-01
7.56490203839e-01
7.54215357395e-01
7.53388494969e-01
7.52328986930e-01
7.53429863510e-01
7.54300152397e-01
7.57990029406e-01
7.51458030292e-01
7.53429491066e-01
7.56741933235e-01
7.55119988431e-01
7.54583724243e-01
7.56078906149e-01
7.49800332960e-01
7.52527962471e-01
7.52816403671e-01
7.54556086487e-01
7.51310231458e-01
7.54832649136e-01
7.51198373658e-01
7.56044346749e-01
7.53622545850e-01
7.51639964110e-01
7.54449982134e-01
7.54015493009e-01
7.57374472396e-01
7.54649761016e-01
7.51723542371e-01
7.53734071164e-01
7.53675519019e-01
7.52089097142e-01
7.53142338755e-01
7.54367026537e-01
7.55032237182e-01
7.51420038590e-01
7.56456838527e-01
7.54873809493e-01
7.52703081081e-01
7.53655152387e-01
7.53488988733e-01
7.54801197685e-01
7.53028099997e-01
7.54642495975e-01
7.54486627173e-01
7.56459769793e-01
7.55791355103e-01
7.52027361846e-01
7.56177046079e-01
7.54824128606e-01
7.52490065082e-01
7.53481221668e-01
7.56747173373e-01
7.55198197053e-01
7.54860898373e-01
7.55652175174e-01
7.54358267561e-01
7.56346610881e-01
7.55376457742e-01
7.55369052233e-01
7.56090948992e-01
7.55893494571e-01
7.53594816032e-01
7.56225274158e-01
7.53531391599e-01
7.55585680060e-01
7.50637422022e-01
7.52812408817e-01
7.52121310492e-01
7.55430370345e-01
7.56088535695e-01
7.52508099270e-01
7.53522575723e-01
7.53718027671e-01
7.52494338917e-01
7.52298241313e-01
7.56842257991e-01
7.54971911152e-01
7.52453089962e-01
7.54585675538e-01
7.54840014698e-01
7.53966622570e-01
7.53199627197e-01
7.55626739143e-01
7.52127389404e-01
7.55235525246e-01
7.52635903812e-01
7.49992356662e-01
7.56327510894e-01
7.51975850379e-01
7.56112307354e-01
7.54745467174e-01
7.54537991022e-01
7.51865187363e-01
7.51622929684e-01
7.56060296825e-01
7.52815923464e-01
7.56279453796e-01
7.51830743751e-01
7.55188632904e-01
7.54527588046e-01
7.51757645775e-01
7.52637544060e-01
7.55597312440e-01
7.52330347359e-01
7.56302941329e-01
7.54845952786e-01
7.54951652682e-01
7.49633990951e-01
7.57634939804e-01
7.53275535764e-01
7.52818069005e-01
7.54197627211e-01
7.52684282822e-01
7.52045207303e-01
7.50394534074e-01
7.56036229961e-01
7.57240252111e-01
7.54782924835e-01
7.54036228430e-01
7.49285322170e-01
7.53727534394e-01
7.54331093481e-01
7.51264884468e-01
7.55025329545e-01
7.52584313022e-01
7.52237753678e-01
7.55429538985e-01
7.54068276415e-01
7.53433536456e-01
7.54712396370e-01
7.51902584599e-01
7.54804973680e-01
7.53681380885e-01
7.53406512265e-01
7.52342753064e-01
7.54261431589e-01
7.56241431897e-01
7.54234905204e-01
7.57381038907e-01
7.54343574602e-01
7.54514617043e-01
7.52997473333e-01
7.53626328847e-01
7.56033927229e-01
7.53628122952e-01
7.56021634894e-01
7.53466296013e-01
7.55878047848e-01
7.55736120426e-01
7.55481625981e-01
7.52503498644e-01
7.51692906699e-01
7.51550321718e-01
7.53170469079e-01
7.54506028650e-01
7.54216233451e-01
7.54670258149e-01
7.49947543634e-01
7.52967005180e-01
7.54808294856e-01
7.54597804081e-01
7.52376610601e-01
7.55591141566e-01
7.53621854045e-01
7.51124108453e-01
7.52997354045e-01
7.53007601669e-01
7.52677694764e-01
7.51865590860e-01
7.56749294703e-01
7.54510802806e-01
7.54695185527e-01
7.52687474023e-01
7.54374342483e-01
7.51452878204e-01
7.58754269438e-01
7.53868638048e-01
7.51648828341e-01
7.57453175516e-01
7.56198203762e-01
7.52087249313e-01
7.54220326763e-01
7.52526012876e-01
7.57206646244e-01
7.55405371824e-01
7.51938063907e-01
7.56242386522e-01
7.51459810716e-01
7.55372247019e-01
7.51324944045e-01
7.50647984990e-01
7.55524086027e-01
7.54462187791e-01
7.53191913702e-01
7.57717156488e-01
7.55703445224e-01
7.50671911364e-01
7.54796170574e-01
7.55359266695e-01
7.53739218124e-01
7.52499531358e-01
7.54363400896e-01
7.50508633260e-01
7.52638463702e-01
7.51300782581e-01
7.51826813810e-01
7.55738995287e-01
7.56142114664e-01
7.51811441438e-01
7.54066491989e-01
7.52092357973e-01
7.56291433972e-01
7.57067563503e-01
7.57237784208e-01
7.54412258790e-01
7.56312909477e-01
7.51519691717e-01
7.51316644238e-01
7.56143789942e-01
7.53591325057e-01
7.53527800350e-01
7.53039758585e-01
7.52568638498e-01
7.54636128369e-01
7.54526987839e-01
7.54315013985e-01
7.53554263723e-01
7.53249134233e-01
7.55119698052e-01
7.52083216247e-01
7.54946239254e-01
7.57462647726e-01
7.51551443639e-01
7.49073278371e-01
7.54868518197e-01
7.57033302993e-01
7.50671619389e-01
7.53115450775e-01
7.54544492101e-01
7.58082024244e-01
7.51105905071e-01
7.57425489105e-01
7.52675715335e-01
7.55221604460e-01
7.57437191956e-01
7.55864858844e-01
7.55206450485e-01
7.57371591672e-01
7.49704027608e-01
7.53315197521e-01
7.57785722839e-01
7.52259819017e-01
7.51061216475e-01
7.55643218792e-01
7.53344663660e-01
7.54901954500e-01
7.56511192536e-01
7.54552451659e-01
7.48842283331e-01
7.55782657354e-01
7.55070567532e-01
7.56467572119e-01
7.52595687077e-01
7.55375781976e-01
7.53694190274e-01
7.51107083359e-01
7.51080502225e-01
7.56701456602e-01
7.53478274241e-01
7.56886019465e-01
7.53423364042e-01
7.52915527004e-01
7.54851004892e-01
7.57576457828e-01
7.55099517508e-01
7.54189493578e-01
7.56819981017e-01
7.51937199797e-01
7.53310453705e-01
7.54483254483e-01
7.50611809453e-01
7.53347322246e-01
7.56525164044e-01
7.52518625405e-01
7.53869710108e-01
7.56424096357e-01
7.54632394588e-01
7.51532347822e-01
7.58438406697e-01
7.50207597675e-01
7.56884294030e-01
7.54692885980e-01
7.52846071994e-01
7.52380461715e-01
7.53795243699e-01
7.53211690211e-01
7.52069899309e-01
7.55110562399e-01
7.57601649774e-01
7.53071394999e-01
7.53651284643e-01
7.56449259273e-01
7.51622941960e-01
7.51245941357e-01
7.51894045613e-01
7.55360238197e-01
7.54393322202e-01
7.53994882705e-01
7.52161642195e-01
7.59183435374e-01
7.58259008755e-01
7.55737463281e-01
7.54333007284e-01
7.51153172546e-01
7.55988959720e-01
7.51842123269e-01
7.57310366072e-01
7.53317340586e-01
7.55826696054e-01
7.54309862501e-01
7.54104877736e-01
7.51516060252e-01
7.55354195595e-01
7.51490551799e-01
7.55476940371e-01
7.53379135114e-01
7.50034173112e-01
7.53914082204e-01
7.56634458592e-01
7.52428593138e-01
7.52038457046e-01
7.54389442542e-01
7.55286953755e-01
7.53271827029e-01
7.54360558687e-01
7.54103766246e-01
7.47943002951e-01
7.55245204960e-01
7.57270846656e-01
7.50225428762e-01
7.49413058892e-01
7.56028826918e-01
7.52696944641e-01
7.55330735982e-01
7.54277801064e-01
7.55008637888e-01
7.56512890146e-01
7.50263834473e-01
7.55224784881e-01
7.55800873817e-01
7.52497632615e-01
7.54601335170e-01
7.55402367594e-01
7.52270255187e-01
7.50345199350e-01
7.51673260635e-01
7.57634111349e-01
7.53069322878e-01
7.52234047707e-01
7.54720033975e-01
7.54760224757e-01
7.55003036705e-01
7.53630244375e-01
7.54308787367e-01
7.51844339413e-01
7.51696596281e-01
7.54359335059e-01
7.56704788975e-01
7.50669310534e-01
7.56934752717e-01
7.53282169185e-01
7.54146014234e-01
7.54383463173e-01
7.54194073338e-01
7.50282633720e-01
7.52481170674e-01
7.50006323085e-01
7.50987924170e-01
7.55245360387e-01
7.54863380097e-01
7.52450360751e-01
7.54199461136e-01
7.51574582536e-01
7.53915367223e-01
7.50986409155e-01
7.51692061897e-01
7.53381004608e-01
7.54824974192e-01
7.52144667600e-01
7.55133740267e-01
7.52608551926e-01
7.53610234558e-01
7.51885411507e-01
7.53691485981e-01
7.50926461027e-01
7.53695934793e-01
7.52646761474e-01
7.53950438293e-01
7.54838406848e-01
7.53335925686e-01
7.58742583264e-01
7.53398390315e-01
7.49987310955e-01
7.52556375859e-01
7.51503980869e-01
7.52600482785e-01
7.55053396548e-01
7.54678268798e-01
7.54466584898e-01
7.53830594382e-01