-5.29176663227e+00
-5.28911267313e+00
-5.28876060642e+00
-5.29483044677e+00
-5.29417067158e+00
-5.28919594721e+00
-5.29013610554e+00
-5.29108414614e+00
-5.29227920871e+00
-5.29516706515e+00
-5.28938551281e+00
-5.28899926891e+00
-5.29569881757e+00
-5.29024436011e+00
-5.28627456308e+00
-5.29326902179e+00
-5.28682141353e+00
-5.29350719701e+00
-5.29063654137e+00
-5.28864382689e+00
-5.29686413243e+00
-5.29289152907e+00
-5.29277257117e+00
-5.29163409797e+00
-5.29488536393e+00
-5.29280818195e+00
-5.29501574363e+00
-5.29098711277e+00
-5.29137479454e+00
-5.29040701831e+00
-5.29019726838e+00
-5.29666476719e+00
-5.29278770338e+00
-5.29315969473e+00
-5.29526619874e+00
-5.29211643414e+00
-5.29502199295e+00
-5.29206088164e+00
-5.28722627939e+00
-5.28773701371e+00
-5.29314045579e+00
-5.28932237584e+00
-5.29586418243e+00
-5.29324709296e+00
-5.29079084760e+00
-5.29254620430e+00
-5.29440257719e+00
-5.29270079466e+00
-5.29113874488e+00
-5.28708396709e+00
-5.29145491104e+00
-5.29413438289e+00
-5.28701557208e+00
-5.28914405533e+00
-5.29659958981e+00
-5.29456015358e+00
-5.29048772115e+00
-5.29149131980e+00
-5.29323252674e+00
-5.29237298808e+00
-5.28962137455e+00
-5.29209558957e+00
-5.28719769263e+00
-5.28908577476e+00
-5.28999792337e+00
-5.28915199641e+00
-5.29272152459e+00
-5.29299028386e+00
-5.29395868935e+00
-5.28907179376e+00
-5.29208137980e+00
-5.29039973577e+00
-5.29498373637e+00
-5.29179741906e+00
-5.29607642624e+00
-5.29184159619e+00
-5.28685368404e+00
-5.28926915777e+00
-5.28824219829e+00
-5.29006326611e+00
-5.29119919088e+00
-5.29067770118e+00
-5.28963032239e+00
-5.29233640845e+00
-5.29366051338e+00
-5.28935043999e+00
-5.29138185657e+00
-5.28886219030e+00
-5.29104151409e+00
-5.29396927574e+00
-5.29398628721e+00
-5.29028260211e+00
-5.28814617298e+00
-5.29048889676e+00
-5.28921214193e+00
-5.29032037371e+00
-5.28885767571e+00
-5.29007473546e+00
-5.29361579310e+00
-5.29008518960e+00
-5.28843151018e+00
-5.29545176884e+00
-5.29354226292e+00
-5.28943390634e+00
-5.28728352725e+00
-5.28994243894e+00
-5.29552579012e+00
-5.29295365434e+00
-5.28601501332e+00
-5.28810346972e+00
-5.28997410161e+00
-5.28881186863e+00
-5.29200129709e+00
-5.29039634407e+00
-5.29003364956e+00
-5.28893407483e+00
-5.28911556238e+00
-5.29381122632e+00
-5.29390497981e+00
-5.29449458207e+00
-5.29275314091e+00
-5.28951643721e+00
-5.29272778594e+00
-5.29378455036e+00
-5.28945796621e+00
-5.28679453621e+00
-5.29210958015e+00
-5.28876895171e+00
-5.28934067451e+00
-5.28917822864e+00
-5.29170257634e+00
-5.28954835507e+00
-5.29184849069e+00
-5.29354151901e+00
-5.29255257023e+00
-5.29010907704e+00
-5.29296363011e+00
-5.28913735583e+00
-5.29350472641e+00
-5.28962078076e+00
-5.29186317994e+00
-5.29179037602e+00
-5.28841623445e+00
-5.29152358324e+00
-5.28904523760e+00
-5.29322485298e+00
-5.29326850372e+00
-5.29351102284e+00
-5.29402581355e+00
-5.28974420743e+00
-5.29219875442e+00
-5.29079657149e+00
-5.29322390010e+00
-5.28825287981e+00
-5.29197710057e+00
-5.29313478144e+00
-5.29449648303e+00
-5.28747906220e+00
-5.29467744559e+00
-5.29061505100e+00
-5.29326819832e+00
-5.29178031411e+00
-5.28819452473e+00
-5.29284800371e+00
-5.29011620777e+00
-5.29243953606e+00
-5.29554384737e+00
-5.28667209133e+00
-5.28589793575e+00
-5.29367355609e+00
-5.28968564876e+00
-5.28704645820e+00
-5.28910288469e+00
-5.29080242997e+00
-5.29200960176e+00
-5.29380819469e+00
-5.29114734133e+00
-5.29730329171e+00
-5.29380308402e+00
-5.29026502392e+00
-5.29071752144e+00
-5.29109817748e+00
-5.29116330649e+00
-5.29427866032e+00
-5.29507194439e+00
-5.29159042117e+00
-5.28702202948e+00
-5.28948918017e+00
-5.28994872714e+00
-5.29154018672e+00
-5.29198689783e+00
-5.28177829490e+00
-5.29248301682e+00
-5.28969232766e+00
-5.29663635883e+00
-5.28952079830e+00
-5.29100065840e+00
-5.29401124907e+00
-5.29191215601e+00
-5.29086466520e+00
-5.29200901627e+00
-5.29068449041e+00
-5.28892465511e+00
-5.29023050610e+00
-5.29463542322e+00
-5.28888920370e+00
-5.28719460505e+00
-5.29227852585e+00
-5.29223119308e+00
-5.28978805659e+00
-5.29676724218e+00
-5.29118530824e+00
-5.29061259062e+00
-5.29047306240e+00
-5.29319831905e+00
-5.29112621722e+00
-5.28995916279e+00
-5.29281198797e+00
-5.29062424941e+00
-5.29070311593e+00
-5.29009783676e+00
-5.29043191344e+00
-5.29070255835e+00
-5.29200289702e+00
-5.29144307759e+00
-5.29049715872e+00
-5.28985381641e+00
-5.29241377463e+00
-5.29276141624e+00
-5.29023185126e+00
-5.28923116894e+00
-5.29027821512e+00
-5.29169091691e+00
-5.29071286821e+00
-5.28845064697e+00
-5.28829535638e+00
-5.28987000402e+00
-5.29006739188e+00
-5.29449189397e+00
-5.29178061942e+00
-5.29355937892e+00
-5.29091938957e+00
-5.29105711380e+00
-5.28997426754e+00
-5.29151688093e+00
-5.29135123463e+00
-5.29105389984e+00
-5.28925455844e+00
-5.29431629140e+00
-5.29484854846e+00
-5.29255329838e+00
-5.29121519573e+00
-5.29365238050e+00
-5.28969093587e+00
-5.29338815903e+00
-5.29369246356e+00
-5.29521494520e+00
-5.28967940104e+00
-5.29146717348e+00
-5.29236769281e+00
-5.29441658464e+00
-5.28999877456e+00
-5.29333690231e+00
-5.29523735006e+00
-5.29084997437e+00
-5.28903799455e+00
-5.28694807596e+00
-5.28983176318e+00
-5.28930537778e+00
-5.29338796725e+00
-5.29037189623e+00
-5.28739265166e+00
-5.29252804147e+00
-5.29227084664e+00
-5.28944112987e+00
-5.28793626809e+00
-5.29167785007e+00
-5.29208905276e+00
-5.29051131793e+00
-5.29194814922e+00
-5.29389993280e+00
-5.29256417852e+00
-5.29136305813e+00
-5.28860744718e+00
-5.29446418901e+00
-5.29550756060e+00
-5.29409591939e+00
-5.29000556861e+00
-5.29059494244e+00
-5.28982280344e+00
-5.28688839385e+00
-5.29551842063e+00
-5.28950924813e+00
-5.29138510060e+00
-5.29076372518e+00
-5.28758723065e+00
-5.28616681334e+00
-5.28903606359e+00
-5.28951118139e+00
-5.29575488463e+00
-5.29286384299e+00
-5.29128393556e+00
-5.28681698283e+00
-5.29494908969e+00
-5.28783952260e+00
-5.28878995795e+00
-5.29037453354e+00
-5.28924723604e+00
-5.28829969454e+00
-5.29179523914e+00
-5.28649647406e+00
-5.29499621185e+00
-5.28911043329e+00
-5.29308976829e+00
-5.28634050281e+00
-5.29267244190e+00
-5.29123512886e+00
-5.29269406466e+00
-5.29147596854e+00
-5.29008583333e+00
-5.29350598454e+00
-5.28986223326e+00
-5.28698953826e+00
-5.29485692819e+00
-5.29382616391e+00
-5.28976684206e+00
-5.29022563557e+00
-5.29105728066e+00
-5.29240001944e+00
-5.29040968536e+00
-5.28876710194e+00
-5.29084148674e+00
-5.29413066255e+00
-5.29053385285e+00
-5.28907840769e+00
-5.28755015384e+00
-5.29044531209e+00
-5.28718057549e+00
-5.29009754840e+00
-5.29281719860e+00
-5.28855562915e+00
-5.28787784290e+00
-5.28996834719e+00
-5.29235883949e+00
-5.29387665054e+00
-5.29130616007e+00
-5.29492404085e+00
-5.29229756037e+00
-5.29232915061e+00
-5.28871566061e+00
-5.29484498536e+00
-5.29005987915e+00
-5.28544764920e+00
-5.29321754466e+00
-5.29163559692e+00
-5.29046736695e+00
-5.29302483904e+00
-5.29118017831e+00
-5.29191546102e+00
-5.28922666697e+00
-5.29015205405e+00
-5.29272456569e+00
-5.29038250301e+00
-5.28955121676e+00
-5.29069836702e+00
-5.28645750891e+00
-5.28785919640e+00
-5.29070357345e+00
-5.28810984457e+00
-5.28960371745e+00
-5.28875224993e+00
-5.29824571110e+00
-5.29023229981e+00
-5.28883874153e+00
-5.29133084721e+00
-5.29123491135e+00
-5.29363176505e+00
-5.29272920269e+00
-5.28914895528e+00
-5.28602712647e+00
-5.29021354763e+00
-5.28588986763e+00
-5.28900636684e+00
-5.28941620926e+00
-5.28928870546e+00
-5.28904250896e+00
-5.29058225355e+00
-5.28937607068e+00
-5.29292571575e+00
-5.30098449046e+00
-5.28533435283e+00
-5.29213123985e+00
-5.28956868528e+00
-5.29121162689e+00
-5.29394026205e+00
-5.29478191664e+00
-5.29156257236e+00
-5.29044952509e+00
-5.29115787317e+00
-5.29107890026e+00
-5.29002026332e+00
-5.29073218087e+00
-5.28784423248e+00
-5.28708103913e+00
-5.28825852549e+00
-5.28948247229e+00
-5.29284577666e+00
-5.28712966465e+00
-5.29367862595e+00
-5.29175222402e+00
-5.29120400880e+00
-5.28855293711e+00
-5.29233120049e+00
-5.28595159133e+00
-5.28824834608e+00
-5.29550721475e+00
-5.29522858362e+00
-5.28700006223e+00
-5.29339389411e+00
-5.29243213912e+00
-5.28986469614e+00
-5.28631634720e+00
-5.28854955888e+00
-5.28944713917e+00
-5.28814977242e+00
-5.29174386517e+00
-5.29138182663e+00
-5.29234661488e+00
-5.29661408312e+00
-5.29418461420e+00
-5.28991891403e+00
-5.29514555368e+00
-5.28966332697e+00
-5.29016513939e+00
-5.29146510115e+00
-5.28957621343e+00
-5.29299632104e+00
-5.28838795283e+00
-5.29000649287e+00
-5.29152230525e+00
-5.29393460539e+00
-5.29151382690e+00
-5.29173988325e+00
-5.29041328530e+00
-5.29230044464e+00
-5.29410569038e+00
-5.29292868247e+00
-5.29394670308e+00
-5.29031997591e+00
-5.29140998773e+00
-5.28850105540e+00
-5.29011505688e+00
-5.29502396198e+00
-5.28782318489e+00
-5.28947710472e+00
-5.29104446216e+00
-5.29410487945e+00
-5.29216065582e+00
-5.29165644842e+00
-5.28858744984e+00
-5.29386035501e+00
-5.29611448626e+00
-5.29097148322e+00
-5.29186656854e+00
-5.29005708766e+00
-5.28901151946e+00
-5.29229264129e+00
-5.29078259040e+00
-5.29272287281e+00
-5.29167716250e+00
-5.29325050239e+00
-5.29496762501e+00
-5.29050693592e+00
-5.29274193725e+00
-5.29199506954e+00
-5.29305384514e+00
-5.29426417729e+00
-5.29154996127e+00
-5.29183111010e+00
-5.29387236585e+00
-5.28885110950e+00
-5.29176083520e+00
-5.29712266041e+00
-5.29247671828e+00
-5.28679460851e+00
-5.28773146098e+00
-5.29383976122e+00
-5.29219626257e+00
-5.29284813333e+00
-5.29143365301e+00
-5.28963074337e+00
-5.28792196423e+00
-5.29228321558e+00
-5.29314113928e+00
-5.29485915344e+00
-5.29482697684e+00
-5.28903652086e+00
-5.29157807751e+00
-5.29089645584e+00
-5.29374870539e+00
-5.29111659258e+00