7.16866682147e+00
7.16663333748e+00
7.16599113870e+00
7.16961191478e+00
7.16640175752e+00
7.16927476750e+00
7.16506841975e+00
7.16527085511e+00
7.16756022116e+00
7.16948968851e+00
7.16789882630e+00
7.16913867095e+00
7.17117091260e+00
7.16683257095e+00
7.16725867111e+00
7.16780799029e+00
7.16643167061e+00
7.16768754648e+00
7.16818900969e+00
7.16580094061e+00
7.17056604651e+00
7.16684984805e+00
7.16684481613e+00
7.16674186066e+00
7.17084041318e+00
7.16780094921e+00
7.16648329685e+00
7.16855311455e+00
7.16672481479e+00
7.16610842722e+00
7.16829289895e+00
7.16890550057e+00
7.16737546982e+00
7.16815587674e+00
7.16866488284e+00
7.16724644968e+00
7.16896814712e+00
7.16673529417e+00
7.16479996866e+00
7.16665601963e+00
7.16732235121e+00
7.16786936410e+00
7.16823410391e+00
7.16711138577e+00
7.16654475846e+00
7.16729496728e+00
7.16812107430e+00
7.16866727567e+00
7.16843966734e+00
7.16982642614e+00
7.16851388221e+00
7.16846045781e+00
7.16751674559e+00
7.16692453128e+00
7.16767608332e+00
7.16618621057e+00
7.16754051290e+00
7.16521424464e+00
7.16870246024e+00
7.16918012759e+00
7.16738972302e+00
7.16737414925e+00
7.16584950224e+00
7.16699215035e+00
7.16662463244e+00
7.16705289677e+00
7.16547302454e+00
7.16850087066e+00
7.16781711696e+00
7.16745390995e+00
7.16638887084e+00
7.16668765497e+00
7.16571595495e+00
7.16785408641e+00
7.16787970541e+00
7.16807762307e+00
7.16781001743e+00
7.16600050914e+00
7.16992124858e+00
7.16668814224e+00
7.16927225065e+00
7.16717446129e+00
7.16402378082e+00
7.16658578625e+00
7.16828280388e+00
7.16794225901e+00
7.16684970467e+00
7.16610919205e+00
7.16839540512e+00
7.16900111896e+00
7.16692130314e+00
7.16481002778e+00
7.16755713639e+00
7.16815547538e+00
7.16781535674e+00
7.16452910566e+00
7.16575840368e+00
7.16780478333e+00
7.16666180181e+00
7.16595310806e+00
7.16520957458e+00
7.16900165599e+00
7.16684889508e+00
7.16628781521e+00
7.16261811542e+00
7.16712346645e+00
7.16842698290e+00
7.16709838382e+00
7.16577624015e+00
7.16770894503e+00
7.16681462376e+00
7.16756341584e+00
7.16767606692e+00
7.16536716481e+00
7.16626946858e+00
7.16923179676e+00
7.16888711302e+00
7.16797995940e+00
7.16709739836e+00
7.16724518843e+00
7.16879760082e+00
7.16676148490e+00
7.16796057478e+00
7.16737120006e+00
7.16754118154e+00
7.16626965980e+00
7.16804714408e+00
7.16473918700e+00
7.16886216838e+00
7.16465875449e+00
7.16872370098e+00
7.16749056581e+00
7.16772361586e+00
7.16714186596e+00
7.16671247582e+00
7.16539166851e+00
7.17037083384e+00
7.16822675240e+00
7.16738858033e+00
7.16602310765e+00
7.16602643411e+00
7.16679070697e+00
7.16630410080e+00
7.16567052615e+00
7.16444969802e+00
7.17037654668e+00
7.16675753772e+00
7.16865974438e+00
7.16780865453e+00
7.16829221787e+00
7.16856976863e+00
7.16840182901e+00
7.16766050340e+00
7.16581912203e+00
7.16729665870e+00
7.16682449029e+00
7.16709594582e+00
7.16760628951e+00
7.16524338313e+00
7.16636837040e+00
7.16782504313e+00
7.16686913842e+00
7.16718706159e+00
7.16810446927e+00
7.16726591855e+00
7.16811308493e+00
7.16791773228e+00
7.16749156905e+00
7.16455680746e+00
7.16758361522e+00
7.16700950694e+00
7.16416735485e+00
7.16894349054e+00
7.16640375170e+00
7.16903108834e+00
7.16732149686e+00
7.16817849488e+00
7.16672648280e+00
7.16982333065e+00
7.16720256000e+00
7.16758233311e+00
7.16505513547e+00
7.16654479709e+00
7.16869637382e+00
7.16868444673e+00
7.16716884703e+00
7.16602959632e+00
7.16932431722e+00
7.16532903435e+00
7.16698364757e+00
7.16722490243e+00
7.16642668580e+00
7.16655543616e+00
7.16615973578e+00
7.16848271010e+00
7.16473831576e+00
7.16742302465e+00
7.16791490227e+00
7.16850684672e+00
7.16860165656e+00
7.16852651614e+00
7.16521651863e+00
7.16633072575e+00
7.16868967903e+00
7.16859101199e+00
7.16665980593e+00
7.16550170168e+00
7.16535127272e+00
7.16915765747e+00
7.16669805761e+00
7.16808199520e+00
7.16808530627e+00
7.16635917260e+00
7.16762098316e+00
7.16712723159e+00
7.16941151876e+00
7.16846565363e+00
7.16942108831e+00
7.16876392364e+00
7.16711058952e+00
7.16475181555e+00
7.16639652287e+00
7.16824778308e+00
7.16879649749e+00
7.16702965684e+00
7.16753361905e+00
7.16771977314e+00
7.16687460562e+00
7.16837967142e+00
7.16605585160e+00
7.16696423099e+00
7.16942475310e+00
7.16590963796e+00
7.16813665247e+00
7.16915282819e+00
7.16735241186e+00
7.17007161872e+00
7.16870993250e+00
7.16837567932e+00
7.16971488827e+00
7.16729402506e+00
7.16786381973e+00
7.16833191107e+00
7.16631204460e+00
7.16544612459e+00
7.16815157613e+00
7.16599175550e+00
7.16564949688e+00
7.16717018539e+00
7.16824495989e+00
7.16722636190e+00
7.16862680574e+00
7.16935918478e+00
7.16675911761e+00
7.16614631742e+00
7.16772559796e+00
7.16789679814e+00
7.16833383570e+00
7.16654052698e+00
7.16923350648e+00
7.16849574270e+00
7.16609726210e+00
7.16891228020e+00
7.16960830641e+00
7.16529744238e+00
7.16737684504e+00
7.16661023670e+00
7.16663970288e+00
7.16691781450e+00
7.16925190537e+00
7.16545543082e+00
7.16811204583e+00
7.16795342543e+00
7.16511618374e+00
7.16744864834e+00
7.16305780188e+00
7.16618760763e+00
7.16855099634e+00
7.16948006901e+00
7.16695251715e+00
7.16836385588e+00
7.16709496148e+00
7.16726905932e+00
7.16433221673e+00
7.16677111081e+00
7.16691375770e+00
7.16802811760e+00
7.16649560859e+00
7.16643876394e+00
7.16624471976e+00
7.16460778549e+00
7.16846321611e+00
7.16694280426e+00
7.16660920769e+00
7.16780079065e+00
7.16598800173e+00
7.16697675853e+00
7.16813102049e+00
7.16705660107e+00
7.16834816613e+00
7.16760547257e+00
7.16656657281e+00
7.16579602422e+00
7.16706629912e+00
7.16429787697e+00
7.16728963060e+00
7.16747881233e+00
7.16841536084e+00
7.16549811950e+00
7.16751893975e+00
7.16661295642e+00
7.16884512092e+00
7.16676002532e+00
7.16680648356e+00
7.16813177653e+00
7.16920672023e+00
7.16898009853e+00
7.16864518975e+00
7.16836247141e+00
7.16537333942e+00
7.16707567820e+00
7.16830866517e+00
7.16610350620e+00
7.16660158206e+00
7.16925553657e+00
7.16661772329e+00
7.16723256897e+00
7.16762730902e+00
7.16679368789e+00
7.16623908828e+00
7.16696596495e+00
7.16799462621e+00
7.16742806890e+00
7.16597594435e+00
7.16632434848e+00
7.16598529546e+00
7.16668837220e+00
7.16714608716e+00
7.16566383043e+00
7.16806465799e+00
7.16735495419e+00
7.16462126817e+00
7.16905731553e+00
7.16579845345e+00
7.17001280227e+00
7.16767416348e+00
7.16875325337e+00
7.16696249175e+00
7.16731407878e+00
7.16742780335e+00
7.16964250296e+00
7.16694113920e+00
7.16672653604e+00
7.16930506713e+00
7.16490351595e+00
7.16655237808e+00
7.16830370679e+00
7.16640206732e+00
7.16911966507e+00
7.16647377060e+00
7.16530051105e+00
7.17114601989e+00
7.16777911401e+00
7.16589113029e+00
7.16816287770e+00
7.16552829558e+00
7.16551341954e+00
7.16907142875e+00
7.16538488030e+00
7.16679727792e+00
7.16631419018e+00
7.16935803016e+00
7.16679908471e+00
7.16602877076e+00
7.16858512076e+00
7.16758483706e+00
7.16735097194e+00
7.16681180676e+00
7.16875592302e+00
7.16744577974e+00
7.16944247196e+00
7.16740099461e+00
7.16689604898e+00
7.16896397568e+00
7.16743854776e+00
7.16696247024e+00
7.16720908265e+00
7.16589298334e+00
7.17027622112e+00
7.17050674452e+00
7.16476967550e+00
7.16926942740e+00
7.16654732851e+00
7.16661072533e+00
7.16815795320e+00
7.16704391145e+00
7.16705653868e+00
7.16402219342e+00
7.16721618998e+00
7.16714718966e+00
7.16916929155e+00
7.16490202565e+00
7.16685621191e+00
7.16620886407e+00
7.16569316720e+00
7.16662814692e+00
7.16831616290e+00
7.16671409259e+00
7.16989184676e+00
7.16914154450e+00
7.16802313154e+00
7.16470709698e+00
7.16910337496e+00
7.16504862510e+00
7.16685196206e+00
7.16912701774e+00
7.16926812525e+00
7.16589454077e+00
7.17076750914e+00
7.16671348190e+00
7.16538997948e+00
7.16714443908e+00
7.16641430333e+00
7.16578862109e+00
7.16796762773e+00
7.16696059095e+00
7.16641858478e+00
7.16721590120e+00
7.16843321891e+00
7.16790312769e+00
7.16765180848e+00
7.16708293262e+00
7.16734079925e+00
7.16667757181e+00
7.16713865576e+00
7.16889167115e+00
7.16838370971e+00
7.16726523989e+00
7.16685420665e+00
7.16820470024e+00
7.16729846482e+00
7.16787218977e+00
7.16686377943e+00
7.16657929996e+00
7.16865138624e+00
7.16706128801e+00
7.16882093307e+00
7.16670956184e+00
7.16607388956e+00
7.16724110275e+00
7.16813049481e+00
7.16732486757e+00
7.16760528612e+00
7.16579784125e+00
7.16618166310e+00
7.16627001960e+00
7.16773553579e+00
7.16765589775e+00
7.16780083734e+00
7.16541981244e+00
7.16782319465e+00
7.16849369838e+00
7.16795962810e+00
7.16496347262e+00
7.16761517041e+00
7.16899913044e+00
7.17176592644e+00
7.16672837648e+00
7.16849944377e+00
7.16583260768e+00
7.16804510136e+00
7.16735637565e+00
7.16644117184e+00
7.16930845573e+00
7.16662065397e+00
7.16694228665e+00
7.16596992622e+00
7.16693501172e+00
7.17084959096e+00
7.16989460141e+00
7.16913080494e+00
7.16836671738e+00
7.16655056251e+00
7.16753801331e+00
7.16796455544e+00
7.16737492112e+00
7.16812739652e+00
7.16787574077e+00
7.16930100920e+00
7.16681233717e+00
7.16944872024e+00
7.16527888193e+00
7.16721126017e+00
7.16862069915e+00
7.17006698329e+00
7.16661052716e+00
7.16611467266e+00
7.16870267796e+00
7.16627561660e+00
7.16646775006e+00
7.16731066412e+00