2.54029727209e+00
2.53959051728e+00
2.54094234318e+00
2.54249560723e+00
2.54182997793e+00
2.54100767271e+00
2.53983988684e+00
2.53954299435e+00
2.53967473676e+00
2.54203498981e+00
2.54044150190e+00
2.54037097677e+00
2.54052003371e+00
2.54035421566e+00
2.53866196325e+00
2.53942049019e+00
2.54127978565e+00
2.54068436119e+00
2.54113958054e+00
2.54067975023e+00
2.53940873764e+00
2.53989576101e+00
2.53888541501e+00
2.53991334011e+00
2.53883933713e+00
2.54110043638e+00
2.54173922664e+00
2.54327671824e+00
2.53913178724e+00
2.53985921744e+00
2.54047500151e+00
2.53930295069e+00
2.54173464666e+00
2.54116916780e+00
2.54002215476e+00
2.54055138921e+00
2.54210533469e+00
2.54044983928e+00
2.54142655720e+00
2.54193925429e+00
2.54042247649e+00
2.54127711578e+00
2.53910431771e+00
2.53986109112e+00
2.54265836531e+00
2.54111736619e+00
2.54038879973e+00
2.53876244282e+00
2.54088929754e+00
2.53872373250e+00
2.53948891191e+00
2.53902343555e+00
2.54080945037e+00
2.54109889064e+00
2.54145970950e+00
2.54182014797e+00
2.54015899507e+00
2.53998309488e+00
2.54277650170e+00
2.53930287151e+00
2.54136667316e+00
2.53960668856e+00
2.53998540140e+00
2.54078319380e+00
2.54028239177e+00
2.53983923755e+00
2.54017485182e+00
2.54117967555e+00
2.53988042439e+00
2.54207288939e+00
2.54088885314e+00
2.54187712228e+00
2.54034059707e+00
2.54133108241e+00
2.54148225278e+00
2.54040046026e+00
2.54122543607e+00
2.53958518484e+00
2.53930707930e+00
2.54011975490e+00
2.54122754011e+00
2.54173193916e+00
2.53916054100e+00
2.54097518075e+00
2.53971857778e+00
2.53903215866e+00
2.54324567543e+00
2.54067742666e+00
2.54006439381e+00
2.54187041636e+00
2.53910212126e+00
2.53954002013e+00
2.54161971343e+00
2.54122714619e+00
2.54099580310e+00
2.54028341241e+00
2.54040192213e+00
2.54204435330e+00
2.54090271197e+00
2.53953759900e+00
2.54018761632e+00
2.54061213788e+00
2.54150450885e+00
2.54145277214e+00
2.54248587059e+00
2.54071965448e+00
2.54084933228e+00
2.54196689051e+00
2.53991980015e+00
2.54003098394e+00
2.54010717540e+00
2.54165724700e+00
2.54157105707e+00
2.54064331286e+00
2.54149419401e+00
2.53980105904e+00
2.54101019682e+00
2.54059128752e+00
2.53973711952e+00
2.53932729686e+00
2.54071920566e+00
2.54007834653e+00
2.54079679482e+00
2.54200356836e+00
2.54195780869e+00
2.54028934433e+00
2.53914329293e+00
2.54076343758e+00
2.53924114797e+00
2.54236851644e+00
2.53948405525e+00
2.54051007002e+00
2.53841010328e+00
2.54064731149e+00
2.53923674886e+00
2.54006814502e+00
2.54069511841e+00
2.54062004460e+00
2.54087882453e+00
2.54194312088e+00
2.54016922867e+00
2.53901440856e+00
2.53966843652e+00
2.54073626434e+00
2.54040383385e+00
2.53775085394e+00
2.54130999877e+00
2.54126902602e+00
2.53979816811e+00
2.54015440081e+00
2.54038121637e+00
2.53985034448e+00
2.54033637758e+00
2.54099439456e+00
2.53990867141e+00
2.54173383149e+00
2.54034625700e+00
2.53935118032e+00
2.54108880782e+00
2.54182807978e+00
2.54050093670e+00
2.53976287661e+00
2.53941955067e+00
2.53925827324e+00
2.54036342229e+00
2.54152931936e+00
2.54104714054e+00
2.54020440305e+00
2.53997769610e+00
2.54125999741e+00
2.54003521558e+00
2.53965347397e+00
2.54150346716e+00
2.54071003311e+00
2.54185723022e+00
2.54008819164e+00
2.54080951695e+00
2.54031372279e+00
2.54111788662e+00
2.54081459835e+00
2.54107114126e+00
2.54218061530e+00
2.53984318037e+00
2.53969424406e+00
2.54003465228e+00
2.54000623109e+00
2.53866695145e+00
2.54074745272e+00
2.54060683240e+00
2.54118584839e+00
2.53937117087e+00
2.54006125422e+00
2.54034994437e+00
2.53976450370e+00
2.54070844022e+00
2.53985215652e+00
2.53996672640e+00
2.54077548981e+00
2.54131408059e+00
2.53968211973e+00
2.53982394805e+00
2.54010136873e+00
2.53998362722e+00
2.54074018030e+00
2.53932074155e+00
2.54035561639e+00
2.54023714113e+00
2.54050332239e+00
2.53953186989e+00
2.53900058435e+00
2.54121452400e+00
2.54099543755e+00
2.54035361664e+00
2.54099557050e+00
2.54069040068e+00
2.54010128077e+00
2.53923366566e+00
2.54004780381e+00
2.53896899326e+00
2.54056220559e+00
2.54024617513e+00
2.53956920809e+00
2.54104578839e+00
2.54110870400e+00
2.54191003892e+00
2.54017276014e+00
2.54067613647e+00
2.53920824151e+00
2.54057515200e+00
2.53944758587e+00
2.54039672126e+00
2.54095669743e+00
2.54058531148e+00
2.54014500763e+00
2.54148374635e+00
2.54154596938e+00
2.54023244478e+00
2.54074357951e+00
2.54220944684e+00
2.54127234996e+00
2.54061980972e+00
2.54117732238e+00
2.54218515553e+00
2.53952753644e+00
2.54143555170e+00
2.54082163429e+00
2.54063019132e+00
2.54003697199e+00
2.54103181878e+00
2.53939836111e+00
2.54022056045e+00
2.54129377012e+00
2.54203549734e+00
2.54070890714e+00
2.54140781581e+00
2.54041814361e+00
2.54130844953e+00
2.54001752977e+00
2.54097311378e+00
2.54156162829e+00
2.54178831762e+00
2.54114366628e+00
2.54123518375e+00
2.53951370581e+00
2.53938562633e+00
2.54106841644e+00
2.54134797319e+00
2.54208574735e+00
2.53916959262e+00
2.54043446777e+00
2.54079585612e+00
2.53907202163e+00
2.53972756963e+00
2.54230360946e+00
2.54089645975e+00
2.54089895221e+00
2.54075084240e+00
2.54105631007e+00
2.54067318433e+00
2.53986727241e+00
2.53941305550e+00
2.53953592373e+00
2.53881465227e+00
2.54002881593e+00
2.54075311917e+00
2.54045923050e+00
2.53990615987e+00
2.54177333010e+00
2.54070961916e+00
2.54177416282e+00
2.54080702144e+00
2.54129667265e+00
2.54088238284e+00
2.53922514092e+00
2.53983979928e+00
2.54157684141e+00
2.53911903409e+00
2.54137929254e+00
2.53998885013e+00
2.54095788999e+00
2.54034121546e+00
2.54052064263e+00
2.53955672983e+00
2.54137015328e+00
2.54147278603e+00
2.54074295621e+00
2.54001330475e+00
2.53984985908e+00
2.53922949663e+00
2.54058618545e+00
2.54124429074e+00
2.54033686060e+00
2.53967632057e+00
2.54135249295e+00
2.54012031796e+00
2.54136996827e+00
2.54041149397e+00
2.54036944198e+00
2.54011229530e+00
2.53954660464e+00
2.54014820005e+00
2.54064472207e+00
2.54035121101e+00
2.54097840694e+00
2.53871826836e+00
2.54041202643e+00
2.54117727980e+00
2.53938017615e+00
2.53754689477e+00
2.54034455442e+00
2.54024512122e+00
2.53988641301e+00
2.54124580221e+00
2.54174891958e+00
2.54128164695e+00
2.54071502934e+00
2.54168704725e+00
2.54052909605e+00
2.53999983180e+00
2.54012097005e+00
2.54055062981e+00
2.54090872542e+00
2.54045778011e+00
2.53991835706e+00
2.53884651005e+00
2.54081271767e+00
2.54110633851e+00
2.54014815257e+00
2.53995847769e+00
2.54170987821e+00
2.53951022943e+00
2.54140318041e+00
2.54053245243e+00
2.54103514498e+00
2.53995019189e+00
2.54060900396e+00
2.54026832470e+00
2.54062410320e+00
2.54156401137e+00
2.54027452016e+00
2.54095192409e+00
2.53888357092e+00
2.53980450618e+00
2.54103276904e+00
2.53954480941e+00
2.54191688426e+00
2.54025446606e+00
2.54110533442e+00
2.54053544919e+00
2.53971634218e+00
2.53940302139e+00
2.53930972367e+00
2.53898356608e+00
2.53979424623e+00
2.54042633539e+00
2.54100682343e+00
2.54178838861e+00
2.54000261798e+00
2.54086372375e+00
2.54138048795e+00
2.53894752580e+00
2.54030025857e+00
2.54011613786e+00
2.54000112584e+00
2.54097004130e+00
2.53998769379e+00
2.54083655886e+00
2.53923492510e+00
2.54088360664e+00
2.54138667192e+00
2.53837363494e+00
2.54021165093e+00
2.54200358185e+00
2.54049130017e+00
2.53900254758e+00
2.54109723728e+00
2.54218369074e+00
2.54107196959e+00
2.53950603429e+00
2.53994849642e+00
2.54020015626e+00
2.54199928185e+00
2.54105223433e+00
2.54173185319e+00
2.54116460967e+00
2.54069742212e+00
2.54036933950e+00
2.54053647982e+00
2.54040743585e+00
2.54134169599e+00
2.53953887538e+00
2.54149933621e+00
2.54057895175e+00
2.54071058309e+00
2.54100729779e+00
2.54003472099e+00
2.54219173155e+00
2.53986380586e+00
2.54096720699e+00
2.54135564635e+00
2.54081661072e+00
2.54052917643e+00
2.53998857468e+00
2.54117948856e+00
2.53988961218e+00
2.53940545802e+00
2.53976344483e+00
2.54002740963e+00
2.54078282682e+00
2.54107300346e+00
2.53927417668e+00
2.54101115431e+00
2.54138579691e+00
2.54019583178e+00
2.53972797636e+00
2.53922031067e+00
2.53840564877e+00
2.54144314488e+00
2.53954156892e+00
2.53977647113e+00
2.54080597382e+00
2.54094600693e+00
2.54148331355e+00
2.53864580551e+00
2.54130294811e+00
2.53989020640e+00
2.54098590989e+00
2.54043876871e+00
2.54095158136e+00
2.54108427140e+00
2.53933160235e+00
2.54250278917e+00
2.53988927220e+00
2.53971977995e+00
2.54225155861e+00
2.54075076009e+00
2.53965562239e+00
2.54119687758e+00
2.54147733095e+00
2.54175552823e+00
2.53996083349e+00
2.54156198332e+00
2.54133463446e+00
2.54112555347e+00
2.54085075411e+00
2.53936015786e+00
2.54040547827e+00
2.54189763570e+00
2.53937788365e+00
2.53982992000e+00
2.54183104700e+00
2.54080502914e+00
2.54151723536e+00
2.54046249568e+00
2.53969975296e+00
2.54007761935e+00
2.54098166950e+00
2.54049303750e+00
2.54120943871e+00
2.53919855716e+00
2.54186103145e+00
2.53916300460e+00
2.53959169106e+00
2.54078911365e+00
2.53903334395e+00
2.54048805861e+00
2.54117242951e+00
2.53984340250e+00
2.53955020289e+00
2.54169688519e+00
2.54158769841e+00
2.54061781918e+00
2.54196855896e+00
2.54027832501e+00
2.54025327577e+00
2.54001724659e+00
2.54016518410e+00
2.54144573290e+00
2.54137185674e+00
2.54063831648e+00
2.54052685040e+00