6.96124043671e-01
6.96165588849e-01
6.96297132361e-01
6.96716392003e-01
6.96829477266e-01
6.96417711474e-01
6.96252703316e-01
6.96235256555e-01
6.96182552949e-01
6.96728025019e-01
6.96554258835e-01
6.96545683839e-01
6.96412792847e-01
6.96249147549e-01
6.96137245596e-01
6.96278028536e-01
6.96488114261e-01
6.96523589190e-01
6.96684087548e-01
6.96330470455e-01
6.96564110179e-01
6.96222109221e-01
6.96037048519e-01
6.96255222476e-01
6.96149265335e-01
6.96528387148e-01
6.96534471866e-01
6.96545856643e-01
6.96231613162e-01
6.96187521604e-01
6.96287366902e-01
6.96144468389e-01
6.96797269739e-01
6.96412167316e-01
6.96417458584e-01
6.96605468644e-01
6.96551221984e-01
6.96373459868e-01
6.96390670098e-01
6.96793180700e-01
6.96368022822e-01
6.96536895009e-01
6.96212617313e-01
6.96170957819e-01
6.96549433897e-01
6.96481382092e-01
6.96325532271e-01
6.96043093616e-01
6.96629615942e-01
6.96278802421e-01
6.96371995372e-01
6.96096097355e-01
6.96561827618e-01
6.96622128202e-01
6.96512760924e-01
6.96600911003e-01
6.96575253431e-01
6.96269004117e-01
6.96782528944e-01
6.96360779286e-01
6.96648375893e-01
6.96183572937e-01
6.96259848737e-01
6.96362307882e-01
6.96350800945e-01
6.96232916098e-01
6.96513929341e-01
6.96365482584e-01
6.96191975060e-01
6.96445949317e-01
6.96484719786e-01
6.96426567128e-01
6.96414399911e-01
6.96477800087e-01
6.96570140305e-01
6.96448471788e-01
6.96526880354e-01
6.96290418282e-01
6.96355947873e-01
6.96512467290e-01
6.96362883032e-01
6.96566863061e-01
6.96251946445e-01
6.96422116531e-01
6.96216859932e-01
6.96020057493e-01
6.97050554214e-01
6.96312785894e-01
6.96353337402e-01
6.96651200130e-01
6.96117522350e-01
6.96224069300e-01
6.96494999858e-01
6.96446587804e-01
6.96396799841e-01
6.96376955106e-01
6.96232334330e-01
6.96612805656e-01
6.96305575499e-01
6.96261428907e-01
6.96342705911e-01
6.96398983425e-01
6.96575423885e-01
6.96511002609e-01
6.96774194777e-01
6.96336390409e-01
6.96437609102e-01
6.96520193618e-01
6.96463608644e-01
6.96240653267e-01
6.96429847529e-01
6.96353720933e-01
6.96419340686e-01
6.96393877470e-01
6.96628642006e-01
6.96469344737e-01
6.96558080941e-01
6.96456063825e-01
6.96293779476e-01
6.96318906947e-01
6.96458400761e-01
6.96415338607e-01
6.96293333761e-01
6.96705699018e-01
6.96735424598e-01
6.96443492698e-01
6.96265621494e-01
6.96479030927e-01
6.96056749978e-01
6.96699207237e-01
6.96270113126e-01
6.96444887549e-01
6.96012180446e-01
6.96171913808e-01
6.96015113592e-01
6.96224891400e-01
6.96431566191e-01
6.96465871113e-01
6.96286573724e-01
6.96774148874e-01
6.96358353307e-01
6.96144690255e-01
6.96311977101e-01
6.96394326242e-01
6.96434041659e-01
6.96024054063e-01
6.96448149348e-01
6.96536395844e-01
6.96334298312e-01
6.96502546033e-01
6.96244918790e-01
6.96345245514e-01
6.96183257792e-01
6.96680329101e-01
6.96155271182e-01
6.96597360305e-01
6.96470720868e-01
6.96456227313e-01
6.96537212640e-01
6.96448719887e-01
6.96387576634e-01
6.96303962988e-01
6.96278382327e-01
6.96325718647e-01
6.96792974626e-01
6.96546110027e-01
6.96238896036e-01
6.96403640495e-01
6.96359810426e-01
6.96411546099e-01
6.96122138748e-01
6.96019604901e-01
6.96822308237e-01
6.96394737124e-01
6.96761264618e-01
6.96340581738e-01
6.96387490549e-01
6.96296594523e-01
6.96165856651e-01
6.96410681106e-01
6.96360108326e-01
6.96518564067e-01
6.96232791907e-01
6.96493429967e-01
6.96393203498e-01
6.96206297621e-01
6.96121977909e-01
6.96435815586e-01
6.96248018674e-01
6.96376601987e-01
6.96101137422e-01
6.96685384503e-01
6.96505641658e-01
6.96245532026e-01
6.96429897831e-01
6.96405872150e-01
6.96496501607e-01
6.96460374748e-01
6.96492163816e-01
6.96320901367e-01
6.96358564033e-01
6.96257327564e-01
6.96132261588e-01
6.96532317279e-01
6.96359906828e-01
6.96417851910e-01
6.96330383095e-01
6.96391333059e-01
6.96375986797e-01
6.96236520077e-01
6.96644530042e-01
6.96301478911e-01
6.96456319929e-01
6.96549312260e-01
6.96416425023e-01
6.96172204109e-01
6.96162069465e-01
6.96332352660e-01
6.96075082298e-01
6.96364174268e-01
6.96177385015e-01
6.96022521426e-01
6.96501823381e-01
6.96186554972e-01
6.96475578076e-01
6.96379581582e-01
6.96280327947e-01
6.96319362843e-01
6.96185843870e-01
6.96086956542e-01
6.96291413508e-01
6.96305920906e-01
6.96469789769e-01
6.96422765587e-01
6.96534984942e-01
6.96545093841e-01
6.96237003672e-01
6.96325600290e-01
6.96666339176e-01
6.96592480283e-01
6.96385778496e-01
6.96553004795e-01
6.96899665457e-01
6.96198264027e-01
6.96469396152e-01
6.96227346547e-01
6.96319730952e-01
6.96315244358e-01
6.96515859990e-01
6.96177498919e-01
6.96238192250e-01
6.96642804520e-01
6.96727595205e-01
6.96638853964e-01
6.96516256172e-01
6.96353966616e-01
6.96588594090e-01
6.96168023917e-01
6.96394568750e-01
6.96546331326e-01
6.96502105711e-01
6.96359098553e-01
6.96447568726e-01
6.96307048018e-01
6.96167152721e-01
6.96449660324e-01
6.96470766003e-01
6.96589629461e-01
6.96274003500e-01
6.96374223483e-01
6.96439328200e-01
6.95982353628e-01
6.96269420351e-01
6.96623573520e-01
6.96156752418e-01
6.96490228296e-01
6.96541828776e-01
6.96555429409e-01
6.96693163663e-01
6.96342698709e-01
6.96098619375e-01
6.96292448674e-01
6.96172203152e-01
6.96410903262e-01
6.96465972784e-01
6.96347865354e-01
6.96336350070e-01
6.96569751370e-01
6.96272310813e-01
6.96709544247e-01
6.96389339186e-01
6.96566078380e-01
6.96314829252e-01
6.96229296879e-01
6.96259491145e-01
6.96442187701e-01
6.96044758307e-01
6.96300591829e-01
6.96271424294e-01
6.96589534564e-01
6.96459040261e-01
6.96161839439e-01
6.96294429921e-01
6.96481069354e-01
6.96371184581e-01
6.96289727157e-01
6.96150895167e-01
6.96407849861e-01
6.96121504518e-01
6.96184522599e-01
6.96389929646e-01
6.96344568415e-01
6.96345906963e-01
6.96296897846e-01
6.96542120382e-01
6.96495779896e-01
6.96497606219e-01
6.96497607638e-01
6.96290154359e-01
6.96221097818e-01
6.96402745559e-01
6.96407408877e-01
6.96368704634e-01
6.96621629144e-01
6.96222813862e-01
6.96173964416e-01
6.96454937139e-01
6.96174508271e-01
6.95972177640e-01
6.96480577169e-01
6.96343873874e-01
6.96324741899e-01
6.96491331641e-01
6.96470793403e-01
6.96688959712e-01
6.96201966892e-01
6.96657063275e-01
6.96483470135e-01
6.96317658884e-01
6.96372034113e-01
6.96474350120e-01
6.96415986063e-01
6.96300843256e-01
6.96566062848e-01
6.96168536085e-01
6.96260438601e-01
6.96504190612e-01
6.96315184960e-01
6.96232395986e-01
6.96509279161e-01
6.96239664321e-01
6.96441259773e-01
6.96428803440e-01
6.96431238529e-01
6.96364610164e-01
6.96501607079e-01
6.96474632632e-01
6.96562034926e-01
6.96523879960e-01
6.96287183699e-01
6.96338562189e-01
6.95987725667e-01
6.96200398635e-01
6.96373181289e-01
6.96033821854e-01
6.96663619888e-01
6.96459144764e-01
6.96474869777e-01
6.96528120577e-01
6.96227437133e-01
6.96143337753e-01
6.96323864614e-01
6.96113951647e-01
6.96440281517e-01
6.96621585054e-01
6.96550706600e-01
6.96500458443e-01
6.96141032987e-01
6.96509625522e-01
6.96621530416e-01
6.95840267020e-01
6.96471043861e-01
6.96325849672e-01
6.96250770531e-01
6.96538120346e-01
6.96524935397e-01
6.96584013395e-01
6.96151425887e-01
6.96411294645e-01
6.96226434548e-01
6.95987135903e-01
6.96420316130e-01
6.96655658614e-01
6.96309205487e-01
6.96034925282e-01
6.96661419490e-01
6.96651937700e-01
6.96657157929e-01
6.96437611474e-01
6.96373770508e-01
6.96199034040e-01
6.96609628879e-01
6.96357862791e-01
6.96635035492e-01
6.96451747045e-01
6.96318081029e-01
6.96328782681e-01
6.96334352624e-01
6.96118173016e-01
6.96401337236e-01
6.96307969837e-01
6.96496028211e-01
6.96184279105e-01
6.96484370931e-01
6.96420827516e-01
6.96157689202e-01
6.96720878694e-01
6.96348796607e-01
6.96315399358e-01
6.96484884763e-01
6.96622295963e-01
6.96465095910e-01
6.96568653674e-01
6.96567204012e-01
6.96289392055e-01
6.96379992026e-01
6.96414421612e-01
6.96325170406e-01
6.96490254785e-01
6.96384434352e-01
6.96243226739e-01
6.96296988056e-01
6.96464322422e-01
6.96604156654e-01
6.96245317839e-01
6.96303727932e-01
6.96212433478e-01
6.96520677771e-01
6.96160817127e-01
6.96207985645e-01
6.96437271203e-01
6.96536869031e-01
6.96531826468e-01
6.96108395231e-01
6.96588843880e-01
6.96498436605e-01
6.96471394381e-01
6.96324863678e-01
6.96305968774e-01
6.96536251691e-01
6.96195536539e-01
6.96550565918e-01
6.96332900332e-01
6.96238618975e-01
6.96754594350e-01
6.96448232138e-01
6.96204200541e-01
6.96516888694e-01
6.96369569241e-01
6.96505443137e-01
6.96531065973e-01
6.96694340350e-01
6.96526460871e-01
6.96636432092e-01
6.96243357622e-01
6.96312583081e-01
6.96349439786e-01
6.96567066175e-01
6.96227085106e-01
6.96357945463e-01
6.96689926703e-01
6.96262360234e-01
6.96593781323e-01
6.96543375376e-01
6.96370207985e-01
6.96250855466e-01
6.96192805733e-01
6.96539267676e-01
6.96515677215e-01
6.96299688070e-01
6.96430481900e-01
6.96123176576e-01
6.96050986823e-01
6.96630537527e-01
6.96082114804e-01
6.96470592962e-01
6.96558876239e-01
6.96081650323e-01
6.96104959833e-01
6.96411200791e-01
6.96507917971e-01
6.96481544593e-01
6.96647833399e-01
6.96485743680e-01
6.96466385759e-01
6.96365858949e-01
6.96340596094e-01
6.96610219660e-01
6.96624551623e-01
6.96540616075e-01
6.96396482022e-01