1.07655382762e+00
1.07669832454e+00
1.07676352780e+00
1.07812995249e+00
1.07796703895e+00
1.07729744408e+00
1.07669385758e+00
1.07659681827e+00
1.07653788282e+00
1.07744635391e+00
1.07714968565e+00
1.07747440244e+00
1.07718731459e+00
1.07740745509e+00
1.07689243189e+00
1.07695599376e+00
1.07724286582e+00
1.07718503098e+00
1.07749335627e+00
1.07734047104e+00
1.07761975639e+00
1.07681558522e+00
1.07684711641e+00
1.07706290001e+00
1.07661742952e+00
1.07730846301e+00
1.07719815895e+00
1.07776621591e+00
1.07692645161e+00
1.07690088125e+00
1.07695751706e+00
1.07667643881e+00
1.07746495809e+00
1.07690879151e+00
1.07744857964e+00
1.07771119060e+00
1.07736502669e+00
1.07715577237e+00
1.07691187222e+00
1.07783892025e+00
1.07689039283e+00
1.07722379970e+00
1.07687455813e+00
1.07679389247e+00
1.07780340945e+00
1.07756397254e+00
1.07710506761e+00
1.07641019235e+00
1.07771325796e+00
1.07674222797e+00
1.07716663173e+00
1.07644587549e+00
1.07725194568e+00
1.07786181622e+00
1.07722363327e+00
1.07778436846e+00
1.07751633311e+00
1.07712348502e+00
1.07798333243e+00
1.07675729743e+00
1.07781715719e+00
1.07663048460e+00
1.07656763066e+00
1.07735157992e+00
1.07724478363e+00
1.07661809045e+00
1.07754753477e+00
1.07693650813e+00
1.07681613722e+00
1.07763522913e+00
1.07758356272e+00
1.07729994269e+00
1.07728316740e+00
1.07720604596e+00
1.07736218789e+00
1.07745025291e+00
1.07731785718e+00
1.07711759327e+00
1.07704478470e+00
1.07744249968e+00
1.07713973914e+00
1.07770134281e+00
1.07708914370e+00
1.07767979948e+00
1.07657319899e+00
1.07628101167e+00
1.07833571700e+00
1.07722040334e+00
1.07717648894e+00
1.07758994285e+00
1.07698030709e+00
1.07698970544e+00
1.07708909695e+00
1.07696791429e+00
1.07723455942e+00
1.07716953753e+00
1.07696047178e+00
1.07771533654e+00
1.07683336042e+00
1.07649320762e+00
1.07731132538e+00
1.07710908995e+00
1.07744369143e+00
1.07758081076e+00
1.07777317744e+00
1.07706435054e+00
1.07722851778e+00
1.07728959519e+00
1.07730874868e+00
1.07687951542e+00
1.07694166436e+00
1.07698904362e+00
1.07735074271e+00
1.07690743394e+00
1.07731549780e+00
1.07730313838e+00
1.07782259645e+00
1.07705894223e+00
1.07673405506e+00
1.07683790830e+00
1.07711800241e+00
1.07709641305e+00
1.07713621732e+00
1.07797154336e+00
1.07776476715e+00
1.07711993192e+00
1.07698810697e+00
1.07714449922e+00
1.07657266086e+00
1.07776644467e+00
1.07682920039e+00
1.07718894058e+00
1.07628422251e+00
1.07686991794e+00
1.07608433485e+00
1.07682628670e+00
1.07720424670e+00
1.07689272505e+00
1.07703092641e+00
1.07783680889e+00
1.07678181642e+00
1.07649854282e+00
1.07695517608e+00
1.07733525883e+00
1.07737315957e+00
1.07647507350e+00
1.07744754435e+00
1.07767351354e+00
1.07722463255e+00
1.07747294747e+00
1.07680278189e+00
1.07728690456e+00
1.07688960530e+00
1.07778601681e+00
1.07666136931e+00
1.07751305101e+00
1.07714980761e+00
1.07700463446e+00
1.07739208819e+00
1.07711426044e+00
1.07716915353e+00
1.07685164440e+00
1.07681355177e+00
1.07706481062e+00
1.07776122173e+00
1.07753619477e+00
1.07686759625e+00
1.07710487932e+00
1.07704126192e+00
1.07717667802e+00
1.07642374946e+00
1.07632350774e+00
1.07795350601e+00
1.07750175054e+00
1.07777107051e+00
1.07730431555e+00
1.07688428255e+00
1.07693289522e+00
1.07704694842e+00
1.07681352892e+00
1.07694532507e+00
1.07708365062e+00
1.07697262347e+00
1.07722058055e+00
1.07725458132e+00
1.07695490334e+00
1.07644849285e+00
1.07740897131e+00
1.07681500765e+00
1.07709046668e+00
1.07707025598e+00
1.07760037400e+00
1.07734721778e+00
1.07682929665e+00
1.07732997378e+00
1.07723704661e+00
1.07730134225e+00
1.07738555779e+00
1.07717760327e+00
1.07729754328e+00
1.07715232257e+00
1.07664682305e+00
1.07655594034e+00
1.07751049272e+00
1.07683854013e+00
1.07721715617e+00
1.07719968701e+00
1.07718585112e+00
1.07707642882e+00
1.07702152752e+00
1.07766910929e+00
1.07683357256e+00
1.07715009824e+00
1.07767174102e+00
1.07721760743e+00
1.07675075622e+00
1.07651568170e+00
1.07670730458e+00
1.07676762395e+00
1.07709786830e+00
1.07678026791e+00
1.07656351268e+00
1.07708575147e+00
1.07654445352e+00
1.07736002901e+00
1.07698357431e+00
1.07690451743e+00
1.07701683010e+00
1.07695150482e+00
1.07660015142e+00
1.07703893295e+00
1.07684959745e+00
1.07711196215e+00
1.07728713458e+00
1.07737014982e+00
1.07735775364e+00
1.07689455263e+00
1.07681066698e+00
1.07783539074e+00
1.07752845718e+00
1.07719456988e+00
1.07728338659e+00
1.07792776051e+00
1.07674556717e+00
1.07738410869e+00
1.07692362174e+00
1.07703176474e+00
1.07694350443e+00
1.07733831215e+00
1.07684547892e+00
1.07711912573e+00
1.07764397258e+00
1.07793444337e+00
1.07755835497e+00
1.07738524055e+00
1.07722989037e+00
1.07795698560e+00
1.07633088402e+00
1.07683849680e+00
1.07742849383e+00
1.07713246387e+00
1.07707687480e+00
1.07766751752e+00
1.07714797900e+00
1.07668338249e+00
1.07739832334e+00
1.07735233924e+00
1.07738343670e+00
1.07703880273e+00
1.07708050436e+00
1.07715976896e+00
1.07662337513e+00
1.07711226490e+00
1.07783353376e+00
1.07675612206e+00
1.07750951883e+00
1.07757926541e+00
1.07764170195e+00
1.07769012353e+00
1.07674116033e+00
1.07654031850e+00
1.07692098773e+00
1.07659358151e+00
1.07692738801e+00
1.07730664449e+00
1.07705402647e+00
1.07673224294e+00
1.07733170831e+00
1.07672239908e+00
1.07759520853e+00
1.07730714471e+00
1.07774511498e+00
1.07704707275e+00
1.07685789407e+00
1.07676909520e+00
1.07721551595e+00
1.07638947664e+00
1.07687209928e+00
1.07680980767e+00
1.07737031443e+00
1.07728791353e+00
1.07665971791e+00
1.07698814879e+00
1.07739132934e+00
1.07708908919e+00
1.07693484157e+00
1.07645635711e+00
1.07722114259e+00
1.07630953986e+00
1.07706120771e+00
1.07728895998e+00
1.07677263557e+00
1.07691782482e+00
1.07688443783e+00
1.07706856547e+00
1.07736928651e+00
1.07718097432e+00
1.07698965217e+00
1.07706877909e+00
1.07680782235e+00
1.07732008777e+00
1.07708423977e+00
1.07699239737e+00
1.07770045302e+00
1.07673495475e+00
1.07672531164e+00
1.07714088654e+00
1.07663926797e+00
1.07633005558e+00
1.07726761744e+00
1.07711215572e+00
1.07710770881e+00
1.07748494550e+00
1.07722238465e+00
1.07795288836e+00
1.07703222346e+00
1.07743792888e+00
1.07745183200e+00
1.07723587212e+00
1.07701478508e+00
1.07672454106e+00
1.07716564093e+00
1.07682147112e+00
1.07724596518e+00
1.07667830244e+00
1.07684039303e+00
1.07727711468e+00
1.07704980703e+00
1.07668215467e+00
1.07719526517e+00
1.07693515079e+00
1.07760108218e+00
1.07710698161e+00
1.07725005677e+00
1.07694395093e+00
1.07747648140e+00
1.07719091483e+00
1.07738114031e+00
1.07762413886e+00
1.07683638215e+00
1.07705385243e+00
1.07655207947e+00
1.07694417288e+00
1.07708724439e+00
1.07651516399e+00
1.07773325075e+00
1.07732161583e+00
1.07772036544e+00
1.07740521060e+00
1.07654997321e+00
1.07678936291e+00
1.07699145585e+00
1.07654377469e+00
1.07721241202e+00
1.07769841508e+00
1.07743280961e+00
1.07735662533e+00
1.07667497265e+00
1.07721150981e+00
1.07782003177e+00
1.07614846269e+00
1.07717823047e+00
1.07696515637e+00
1.07679756526e+00
1.07766107212e+00
1.07733034010e+00
1.07743502044e+00
1.07649854704e+00
1.07750390312e+00
1.07726910865e+00
1.07609727857e+00
1.07720637951e+00
1.07767191438e+00
1.07720826329e+00
1.07633867542e+00
1.07734955312e+00
1.07767460868e+00
1.07734136282e+00
1.07746860324e+00
1.07719790404e+00
1.07693420697e+00
1.07760689130e+00
1.07705693170e+00
1.07760116101e+00
1.07744270407e+00
1.07704917298e+00
1.07693583482e+00
1.07734841351e+00
1.07685307621e+00
1.07733874203e+00
1.07707479964e+00
1.07748286731e+00
1.07673307615e+00
1.07716555939e+00
1.07724432809e+00
1.07674035206e+00
1.07764077905e+00
1.07714360998e+00
1.07679601232e+00
1.07781465507e+00
1.07747726196e+00
1.07738637419e+00
1.07756588708e+00
1.07721766046e+00
1.07694955475e+00
1.07721990360e+00
1.07738579036e+00
1.07682692847e+00
1.07738633234e+00
1.07750345845e+00
1.07645031361e+00
1.07684112472e+00
1.07727056445e+00
1.07763722962e+00
1.07694684423e+00
1.07711984841e+00
1.07676476620e+00
1.07750177831e+00
1.07673444737e+00
1.07691615426e+00
1.07746020447e+00
1.07748126301e+00
1.07750787199e+00
1.07664736942e+00
1.07774300529e+00
1.07749977480e+00
1.07718145670e+00
1.07710009065e+00
1.07698167442e+00
1.07746225512e+00
1.07671025797e+00
1.07773845152e+00
1.07687132409e+00
1.07675454357e+00
1.07798080970e+00
1.07697062991e+00
1.07699587979e+00
1.07777784455e+00
1.07731150989e+00
1.07736569759e+00
1.07754899400e+00
1.07766952258e+00
1.07764952506e+00
1.07727267889e+00
1.07704393332e+00
1.07702078098e+00
1.07694169495e+00
1.07744361332e+00
1.07714789699e+00
1.07705727837e+00
1.07752936284e+00
1.07668953290e+00
1.07765634416e+00
1.07705741624e+00
1.07718502291e+00
1.07664028917e+00
1.07677287849e+00
1.07764644856e+00
1.07747378631e+00
1.07685519418e+00
1.07709244127e+00
1.07655177309e+00
1.07664047505e+00
1.07752802119e+00
1.07639941145e+00
1.07729192358e+00
1.07739478645e+00
1.07655980127e+00
1.07646576023e+00
1.07727309012e+00
1.07741727390e+00
1.07754223160e+00
1.07766118899e+00
1.07744712639e+00
1.07716861650e+00
1.07693244062e+00
1.07700563051e+00
1.07753225883e+00
1.07737539497e+00
1.07727237939e+00
1.07715167622e+00