7.92151545122e-01
7.92040535577e-01
7.92178009512e-01
7.92228603332e-01
7.92159596199e-01
7.92120826938e-01
7.92192028379e-01
7.92096051291e-01
7.92020374455e-01
7.92242208384e-01
7.92157590505e-01
7.92009346672e-01
7.91995366305e-01
7.91883503223e-01
7.92044325632e-01
7.92018696366e-01
7.92125687324e-01
7.92148011258e-01
7.92245207115e-01
7.92006766439e-01
7.92125216719e-01
7.92133956450e-01
7.91948423228e-01
7.92105914334e-01
7.92036020080e-01
7.92073982466e-01
7.92142995300e-01
7.92113828382e-01
7.92031477420e-01
7.92118224507e-01
7.92054152520e-01
7.92002654892e-01
7.92138101537e-01
7.92308561956e-01
7.92090105762e-01
7.92177618708e-01
7.92042357632e-01
7.91959501119e-01
7.92055994610e-01
7.92231314228e-01
7.92242115120e-01
7.92097052535e-01
7.92089714230e-01
7.92120172257e-01
7.92260018913e-01
7.92323905247e-01
7.91941722081e-01
7.92122029983e-01
7.92135474809e-01
7.92120474008e-01
7.92057979581e-01
7.92210062325e-01
7.92225796235e-01
7.92084395200e-01
7.92054326914e-01
7.92102454680e-01
7.92047716272e-01
7.92158344669e-01
7.92116528750e-01
7.92107755388e-01
7.92239840125e-01
7.92022395723e-01
7.92120577981e-01
7.92137996683e-01
7.92117049971e-01
7.91991491889e-01
7.92051324692e-01
7.92128730549e-01
7.92017913689e-01
7.91997073329e-01
7.92110745067e-01
7.92126218136e-01
7.92072857810e-01
7.92098454777e-01
7.92126069143e-01
7.92055484043e-01
7.92038567133e-01
7.92168423076e-01
7.91942774047e-01
7.92072037808e-01
7.91996476261e-01
7.92083041306e-01
7.92095757874e-01
7.92154784224e-01
7.92024920748e-01
7.91988106346e-01
7.92178044788e-01
7.92066014646e-01
7.92017720250e-01
7.92166372424e-01
7.92076030108e-01
7.92092073150e-01
7.92198475408e-01
7.92250060129e-01
7.92173022392e-01
7.92210455998e-01
7.92046128527e-01
7.92138631891e-01
7.92099983018e-01
7.92146455750e-01
7.92121884734e-01
7.92042568275e-01
7.92014785765e-01
7.92066309140e-01
7.92180289224e-01
7.92158261488e-01
7.92080508514e-01
7.92118997330e-01
7.92032151653e-01
7.92120679404e-01
7.92216072420e-01
7.92040617432e-01
7.92151468529e-01
7.92050051772e-01
7.92156106716e-01
7.92073881071e-01
7.92094579037e-01
7.92057903881e-01
7.92101138845e-01
7.91928221504e-01
7.92177852130e-01
7.92110604816e-01
7.92032685658e-01
7.92150066112e-01
7.92084236578e-01
7.92023230310e-01
7.92106463837e-01
7.92224846061e-01
7.92012707607e-01
7.92143858053e-01
7.92030496504e-01
7.92248889819e-01
7.91981311676e-01
7.92090833803e-01
7.92027824900e-01
7.92032612031e-01
7.92119940558e-01
7.92204134290e-01
7.92229519544e-01
7.92219099809e-01
7.92102132750e-01
7.92041143500e-01
7.92171808235e-01
7.92064789475e-01
7.92172296361e-01
7.92114418714e-01
7.92140803538e-01
7.92140116387e-01
7.92069719373e-01
7.92175367713e-01
7.92143069187e-01
7.92111370438e-01
7.91969167418e-01
7.92162223063e-01
7.92079420198e-01
7.91947064912e-01
7.92034873612e-01
7.92197163979e-01
7.92044251688e-01
7.92092417369e-01
7.92083381315e-01
7.92074257811e-01
7.92132847812e-01
7.92081998978e-01
7.92161975714e-01
7.92201810481e-01
7.91999385432e-01
7.92231503992e-01
7.92026931910e-01
7.92254031656e-01
7.92096150958e-01
7.92076164142e-01
7.92161788418e-01
7.91983107013e-01
7.92103438877e-01
7.92103808685e-01
7.92044954327e-01
7.92127448545e-01
7.92147708303e-01
7.92150866711e-01
7.92125379952e-01
7.92140116058e-01
7.92002806544e-01
7.92074139046e-01
7.92128413088e-01
7.92057275080e-01
7.92063359341e-01
7.92167365897e-01
7.92133024596e-01
7.92107778117e-01
7.92098915820e-01
7.92069802613e-01
7.92146173474e-01
7.92157426619e-01
7.92010897260e-01
7.92010653383e-01
7.92083190341e-01
7.91970940279e-01
7.92313604795e-01
7.92095089509e-01
7.92105658861e-01
7.92155447259e-01
7.92109206748e-01
7.92129045969e-01
7.91931905273e-01
7.92078544649e-01
7.92025166810e-01
7.92110763240e-01
7.92089603263e-01
7.92102777823e-01
7.92169143099e-01
7.92174732362e-01
7.92072993829e-01
7.92138624903e-01
7.92080391261e-01
7.92153566253e-01
7.92089028707e-01
7.91985291562e-01
7.92087167094e-01
7.91953115450e-01
7.92021840601e-01
7.92134892859e-01
7.92174289306e-01
7.92149862776e-01
7.92233868955e-01
7.92138750147e-01
7.92094328220e-01
7.92122079331e-01
7.92055762521e-01
7.92060087633e-01
7.92142906346e-01
7.92067930527e-01
7.92091817448e-01
7.92123137829e-01
7.92018350589e-01
7.92228301157e-01
7.92126571660e-01
7.92084767194e-01
7.92204380710e-01
7.92172048325e-01
7.92020653990e-01
7.92345489439e-01
7.92128325856e-01
7.92158612715e-01
7.92043347994e-01
7.92133634333e-01
7.92006711170e-01
7.92072292806e-01
7.92130390093e-01
7.92058134670e-01
7.92082486882e-01
7.92134462796e-01
7.92047819993e-01
7.92093195758e-01
7.92061059473e-01
7.92123175597e-01
7.92165575459e-01
7.92177253578e-01
7.92148314875e-01
7.92142893336e-01
7.92218728275e-01
7.92140167194e-01
7.92140259965e-01
7.92174943140e-01
7.92099373061e-01
7.92160852843e-01
7.92292800098e-01
7.92090454522e-01
7.91951013926e-01
7.91999205330e-01
7.92108590267e-01
7.92060750424e-01
7.92132343691e-01
7.92173005368e-01
7.92198738973e-01
7.92208632530e-01
7.92007966504e-01
7.92050105465e-01
7.92241027915e-01
7.92064047371e-01
7.92087338387e-01
7.92150216994e-01
7.92078146772e-01
7.92139127311e-01
7.92157775571e-01
7.92113088881e-01
7.92200331450e-01
7.92107541990e-01
7.92112355459e-01
7.92088412398e-01
7.92080401787e-01
7.92008931237e-01
7.92243742852e-01
7.92096741353e-01
7.92053986702e-01
7.92147730626e-01
7.91992341076e-01
7.92066013584e-01
7.92127726890e-01
7.92139641422e-01
7.92121435751e-01
7.92205710767e-01
7.91961821121e-01
7.92095947158e-01
7.92079356130e-01
7.92052385792e-01
7.92131010481e-01
7.92014368000e-01
7.92209105885e-01
7.92063212020e-01
7.92177962922e-01
7.92197260700e-01
7.92086757408e-01
7.92091817599e-01
7.92146712579e-01
7.92112239741e-01
7.92160420506e-01
7.92058031264e-01
7.92139446589e-01
7.92164484130e-01
7.92102371847e-01
7.92140413625e-01
7.92084776575e-01
7.92244229089e-01
7.92014013240e-01
7.91993688748e-01
7.92098821113e-01
7.91987104768e-01
7.92026818264e-01
7.92098902174e-01
7.92145768143e-01
7.92051672381e-01
7.92347552534e-01
7.92109764979e-01
7.92277085714e-01
7.92057852444e-01
7.92061859752e-01
7.92185766743e-01
7.92053614866e-01
7.92094537870e-01
7.92002662777e-01
7.92088303476e-01
7.91978549646e-01
7.92010043629e-01
7.92081605508e-01
7.92025855374e-01
7.92087028898e-01
7.92092731412e-01
7.92008796306e-01
7.92163080393e-01
7.92037900899e-01
7.92016652872e-01
7.92187510159e-01
7.92246137874e-01
7.92147595542e-01
7.91928615650e-01
7.92103528143e-01
7.92217033772e-01
7.92009663025e-01
7.92056895020e-01
7.92186677995e-01
7.92051735586e-01
7.91985791472e-01
7.92190127873e-01
7.91978105021e-01
7.92194108113e-01
7.92129466235e-01
7.92011135001e-01
7.92053345803e-01
7.92118328819e-01
7.91960365565e-01
7.92037454457e-01
7.92038979682e-01
7.91937587951e-01
7.92118814594e-01
7.92178392070e-01
7.92164138290e-01
7.92124480728e-01
7.92097811518e-01
7.92080249665e-01
7.91989621902e-01
7.91983057322e-01
7.92101450571e-01
7.92139751286e-01
7.92118457124e-01
7.92059936128e-01
7.92064056483e-01
7.91990909105e-01
7.92235351333e-01
7.92098434604e-01
7.92105234588e-01
7.92117794091e-01
7.92248539738e-01
7.92215790424e-01
7.92086051024e-01
7.92075596279e-01
7.92137287604e-01
7.92112264316e-01
7.92024392511e-01
7.92073582603e-01
7.92036371353e-01
7.92096992376e-01
7.92158016330e-01
7.92199580499e-01
7.92227948495e-01
7.92100101124e-01
7.92136577741e-01
7.92011083572e-01
7.91987967625e-01
7.92109351475e-01
7.92053314805e-01
7.91939896477e-01
7.91999772535e-01
7.92117541509e-01
7.92123284221e-01
7.92103859084e-01
7.92173603293e-01
7.92127100952e-01
7.92122927310e-01
7.92106686975e-01
7.92122800352e-01
7.92212786340e-01
7.92062651567e-01
7.92075626813e-01
7.91988461870e-01
7.92060101757e-01
7.92168121518e-01
7.92064209415e-01
7.92282922313e-01
7.92063643911e-01
7.92226971350e-01
7.92151235796e-01
7.92077126492e-01
7.92080243198e-01
7.92030522747e-01
7.92049343502e-01
7.92095453936e-01
7.92061747693e-01
7.92069874553e-01
7.92121280552e-01
7.92080725036e-01
7.92335718813e-01
7.92140072753e-01
7.92122657470e-01
7.92064857285e-01
7.92215347522e-01
7.92105124426e-01
7.92048417247e-01
7.92198969884e-01
7.92075769302e-01
7.92050213094e-01
7.92172228208e-01
7.92208224679e-01
7.92029310190e-01
7.92066691464e-01
7.92095678163e-01
7.92066171899e-01
7.92085169649e-01
7.92095831134e-01
7.92129161290e-01
7.92104670478e-01
7.92195270285e-01
7.92059435142e-01
7.92148551093e-01
7.92127818383e-01
7.92153508364e-01
7.92148394571e-01
7.92190448379e-01
7.92016625533e-01
7.92026442761e-01
7.92109266633e-01
7.91990705096e-01
7.92138933064e-01
7.92125275430e-01
7.92035168083e-01
7.92110297590e-01
7.92208789781e-01
7.92068344854e-01
7.92122483251e-01
7.92203455934e-01
7.92111204481e-01
7.92018525079e-01
7.92044573213e-01
7.92128818648e-01
7.92067866952e-01
7.92116705754e-01
7.91982806184e-01
7.91968206346e-01
7.92148336604e-01
7.92060469503e-01
7.92111676853e-01
7.92071987328e-01
7.92105296137e-01
7.92017260117e-01
7.92027644811e-01
7.92126313448e-01
7.92101507171e-01
7.92218663577e-01
7.92033953743e-01
7.92180819959e-01
7.92105939028e-01