1.13176787657e+00
1.13703677633e+00
1.12549494833e+00
1.13119493121e+00
1.11657037913e+00
1.11756850879e+00
1.11085840265e+00
1.12167725484e+00
1.10703431453e+00
1.11277164069e+00
1.11100472554e+00
1.11278496139e+00
1.10494585618e+00
1.11710094065e+00
1.12930188124e+00
1.11496225684e+00
1.10800336086e+00
1.11329473007e+00
1.10546142688e+00
1.10199591759e+00
1.11480884265e+00
1.11141497451e+00
1.12008789688e+00
1.10447358787e+00
1.09766597002e+00
1.11297943667e+00
1.10689865139e+00
1.11638656280e+00
1.10999845592e+00
1.11817004415e+00
1.11134562344e+00
1.12062186894e+00
1.10214188797e+00
1.11872218300e+00
1.10458316188e+00
1.10616720503e+00
1.12554661014e+00
1.11565345491e+00
1.11075108514e+00
1.12102304740e+00
1.11028467041e+00
1.09875756804e+00
1.11149424674e+00
1.11760036566e+00
1.10599424764e+00
1.11262236820e+00
1.12026620397e+00
1.12177448393e+00
1.10547178621e+00
1.11577239768e+00
1.12141253109e+00
1.11811741079e+00
1.12164920059e+00
1.12874236060e+00
1.11054300919e+00
1.11686623460e+00
1.11998257808e+00
1.11408032904e+00
1.10283489861e+00
1.11353202369e+00
1.10074296006e+00
1.10931413581e+00
1.10287091033e+00
1.11049755627e+00
1.11382747188e+00
1.11669540671e+00
1.11206664826e+00
1.11223543428e+00
1.12214907437e+00
1.11650592948e+00
1.13155560470e+00
1.12665148118e+00
1.12846982760e+00
1.13108783303e+00
1.11425996369e+00
1.09799350948e+00
1.12614845887e+00
1.11862176556e+00
1.12465310793e+00
1.09133356487e+00
1.12985580490e+00
1.09824295042e+00
1.12533407450e+00
1.13679987444e+00
1.10880762365e+00
1.10763449740e+00
1.10356358073e+00
1.12183108211e+00
1.11497947104e+00
1.11376505817e+00
1.11337663767e+00
1.12046595406e+00
1.10929504794e+00
1.10212994589e+00
1.11425462804e+00
1.12439435913e+00
1.11932444588e+00
1.10306273033e+00
1.11508373333e+00
1.09702770736e+00
1.09627036965e+00
1.10692665817e+00
1.10086479913e+00
1.10965504416e+00
1.10194401104e+00
1.12171435457e+00
1.11434062052e+00
1.11458301931e+00
1.09396839549e+00
1.11170137572e+00
1.12944948766e+00
1.11153451242e+00
1.11910918779e+00
1.10751064059e+00
1.11695894285e+00
1.11569592973e+00
1.12025638982e+00
1.10471613797e+00
1.10839723967e+00
1.10480176611e+00
1.11344196182e+00
1.10877156382e+00
1.11106983324e+00
1.12062972499e+00
1.11724015835e+00
1.11391445394e+00
1.11854122245e+00
1.11093303166e+00
1.11653637955e+00
1.10949839547e+00
1.11782332548e+00
1.12019511012e+00
1.12263576557e+00
1.13561734880e+00
1.11341240469e+00
1.11311996726e+00
1.11047446002e+00
1.10905536258e+00
1.12560229238e+00
1.11305744632e+00
1.11589633053e+00
1.10467077423e+00
1.11281697313e+00
1.11943194100e+00
1.11738692980e+00
1.11700737375e+00
1.09918634103e+00
1.10745702317e+00
1.11628683213e+00
1.10243390875e+00
1.10950643979e+00
1.12462906258e+00
1.12393332948e+00
1.11697770921e+00
1.11667901130e+00
1.10613185272e+00
1.12159272333e+00
1.10211191350e+00
1.11458980328e+00
1.11780778300e+00
1.11148343224e+00
1.11167816155e+00
1.10778706439e+00
1.13150370985e+00
1.10170228461e+00
1.11608689431e+00
1.12165653367e+00
1.12473579626e+00
1.12230839849e+00
1.11666908034e+00
1.10867998239e+00
1.11851230753e+00
1.11342595836e+00
1.12485540819e+00
1.10828526750e+00
1.11542890633e+00
1.11043438663e+00
1.11778522822e+00
1.13686185124e+00
1.10777280467e+00
1.10385462021e+00
1.10849376238e+00
1.11365480333e+00
1.10733592783e+00
1.11578654644e+00
1.11486509982e+00
1.11943440709e+00
1.12610521822e+00
1.12781286640e+00
1.10721471987e+00
1.11321219920e+00
1.11888567180e+00
1.11131175296e+00
1.12151084072e+00
1.10646610961e+00
1.10670936072e+00
1.12297009413e+00
1.08823442488e+00
1.11334931649e+00
1.10689692848e+00
1.11846633000e+00
1.12572527858e+00
1.12200149959e+00
1.11639388579e+00
1.12549295733e+00
1.10898307097e+00
1.13507696488e+00
1.10758603041e+00
1.12473784222e+00
1.11711428747e+00
1.12140537337e+00
1.11982613125e+00
1.10252850851e+00
1.10511247784e+00
1.11677873513e+00
1.11726728919e+00
1.11488292487e+00
1.09830045101e+00
1.11760026412e+00
1.10723017083e+00
1.13591730128e+00
1.11797870588e+00
1.11166658631e+00
1.11793129893e+00
1.12205194701e+00
1.14110598690e+00
1.10623148374e+00
1.10790407109e+00
1.13003570135e+00
1.12841636761e+00
1.11864507427e+00
1.09740960483e+00
1.11526558003e+00
1.12006329690e+00
1.12915822938e+00
1.12829397406e+00
1.12950743437e+00
1.11523065456e+00
1.10936137519e+00
1.12292063606e+00
1.11906182565e+00
1.10097887591e+00
1.09160159058e+00
1.12190382572e+00
1.11863975194e+00
1.11382043808e+00
1.10877889961e+00
1.12502828847e+00
1.10750138553e+00
1.11826702229e+00
1.12578654201e+00
1.12671791534e+00
1.11957585989e+00
1.12207422232e+00
1.12789858031e+00
1.10266689627e+00
1.11840538702e+00
1.11114705581e+00
1.11057351496e+00
1.12327031440e+00
1.11567492494e+00
1.11903879001e+00
1.11741379717e+00
1.12048860008e+00
1.13187162521e+00
1.11128511700e+00
1.11514207403e+00
1.13427275077e+00
1.11814243867e+00
1.09396199762e+00
1.10890610365e+00
1.12304717078e+00
1.11914972162e+00
1.11166470358e+00
1.12854929383e+00
1.13025023189e+00
1.11376311906e+00
1.12606757744e+00
1.10826239078e+00
1.10394238953e+00
1.12431071296e+00
1.11288783814e+00
1.12401466737e+00
1.11229770320e+00
1.11265914971e+00
1.11853344151e+00
1.09712983029e+00
1.10865680862e+00
1.10437995106e+00
1.11003707064e+00
1.09542638467e+00
1.11246849982e+00
1.11479188479e+00
1.11306029727e+00
1.11049383245e+00
1.10983159130e+00
1.10455144064e+00
1.11208932576e+00
1.10862598460e+00
1.10789962574e+00
1.12310505806e+00
1.10988328310e+00
1.11361792643e+00
1.12484800967e+00
1.12882370722e+00
1.12641837214e+00
1.12641494095e+00
1.11198274884e+00
1.11236878722e+00
1.13288879283e+00
1.11497733259e+00
1.13126622722e+00
1.10735600455e+00
1.12231755234e+00
1.12158678120e+00
1.11378019154e+00
1.11387768744e+00
1.10081268976e+00
1.11069268146e+00
1.11821518141e+00
1.11183358577e+00
1.10339004145e+00
1.11960618011e+00
1.10538080588e+00
1.10621426836e+00
1.10903325967e+00
1.10795016819e+00
1.11857366577e+00
1.11233443580e+00
1.11498075151e+00
1.11084555769e+00
1.10253352267e+00
1.11559894160e+00
1.11602802658e+00
1.11027493424e+00
1.10470357520e+00
1.11019856984e+00
1.11162637743e+00
1.12146613085e+00
1.09524322665e+00
1.09412495621e+00
1.11299634640e+00
1.10233438968e+00
1.09377889595e+00
1.09987268910e+00
1.11967663280e+00
1.09969561965e+00
1.12712889794e+00
1.11473722982e+00
1.10113577943e+00
1.11273345412e+00
1.12042561526e+00
1.11996359779e+00
1.14263179563e+00
1.11767945361e+00
1.10321629265e+00
1.11407896103e+00
1.11230658591e+00
1.11113296874e+00
1.11083683693e+00
1.11308950288e+00
1.11746850283e+00
1.10004113142e+00
1.11056792933e+00
1.11651427287e+00
1.13072276256e+00
1.13726715926e+00
1.09502340013e+00
1.12412381328e+00
1.10460695946e+00
1.10103352022e+00
1.10225280225e+00
1.12049283106e+00
1.10737046585e+00
1.11696078231e+00
1.10875105867e+00
1.10911773472e+00
1.12650712479e+00
1.10567239838e+00
1.11518576662e+00
1.11164278235e+00
1.10302936024e+00
1.10674233259e+00
1.11340209276e+00
1.11625443694e+00
1.11368195285e+00
1.12540143061e+00
1.09360526217e+00
1.11984844557e+00
1.12461962393e+00
1.11780062835e+00
1.10922370468e+00
1.12962070022e+00
1.12731083784e+00
1.12609628476e+00
1.10907180456e+00
1.11107122488e+00
1.10751060362e+00
1.11895520587e+00
1.10617669117e+00
1.12517640870e+00
1.11594573539e+00
1.11763855135e+00
1.10539675584e+00
1.11778011090e+00
1.11531774434e+00
1.12909038744e+00
1.12481728163e+00
1.13055206950e+00
1.11141595221e+00
1.12222541583e+00
1.11749679482e+00
1.11267019210e+00
1.10099463349e+00
1.09836963854e+00
1.10057599045e+00
1.10767504881e+00
1.12151014840e+00
1.10546276021e+00
1.11385599245e+00
1.11184830327e+00
1.10901797779e+00
1.11718862956e+00
1.09474070404e+00
1.12162097181e+00
1.12477904549e+00
1.13204809355e+00
1.10974355635e+00
1.12742644070e+00
1.12167675010e+00
1.11753427105e+00
1.11260716640e+00
1.11678122318e+00
1.11329742768e+00
1.11422539358e+00
1.12356805492e+00
1.10436439269e+00
1.12392779224e+00
1.11769600900e+00
1.12341089217e+00
1.11692783905e+00
1.09985793423e+00
1.10144365264e+00
1.11731513054e+00
1.10372115250e+00
1.12391587595e+00
1.09435349341e+00
1.11772258472e+00
1.11469578873e+00
1.11119269958e+00
1.13131251523e+00
1.12013332067e+00
1.10375621878e+00
1.11803286939e+00
1.10100030071e+00
1.12015207481e+00
1.12124626086e+00
1.10848517979e+00
1.11890685484e+00
1.11401246451e+00
1.12301831679e+00
1.12123290196e+00
1.11028037976e+00
1.11412379141e+00
1.12326188141e+00
1.09924496676e+00
1.11325987087e+00
1.10883926264e+00
1.11418248627e+00
1.11325851054e+00
1.09959587028e+00
1.12280316949e+00
1.11736117009e+00
1.10702068951e+00
1.10635407179e+00
1.11244013725e+00
1.11944639050e+00
1.12272595281e+00
1.13263951947e+00
1.12655501983e+00
1.11301439914e+00
1.11062852998e+00
1.12682169383e+00
1.09886040114e+00
1.10880951651e+00
1.12177662419e+00
1.11294145976e+00
1.10706286730e+00
1.11203164013e+00
1.11308151095e+00
1.11450639402e+00
1.11287198121e+00
1.12120176686e+00
1.10183282004e+00
1.10952823640e+00
1.11453176777e+00
1.11948275725e+00
1.10522944785e+00
1.10207604599e+00
1.10766056200e+00
1.11406586207e+00