8.61579534842e-01
8.61307568336e-01
8.61410526938e-01
8.61492975105e-01
8.61369233055e-01
8.61431204627e-01
8.61599767692e-01
8.61536028631e-01
8.61380017543e-01
8.61592547988e-01
8.61555827952e-01
8.61302260587e-01
8.61327264019e-01
8.61250126002e-01
8.61493582462e-01
8.61340240911e-01
8.61498335283e-01
8.61441307107e-01
8.61558046004e-01
8.61401142404e-01
8.61409491894e-01
8.61450678177e-01
8.61370278314e-01
8.61467526075e-01
8.61407588092e-01
8.61507232685e-01
8.61497739884e-01
8.61459415346e-01
8.61372491432e-01
8.61540129984e-01
8.61378195078e-01
8.61476097776e-01
8.61472627082e-01
8.61645224787e-01
8.61422702167e-01
8.61484563405e-01
8.61461772216e-01
8.61409344530e-01
8.61434063245e-01
8.61615035927e-01
8.61591837733e-01
8.61431085731e-01
8.61361825820e-01
8.61508933048e-01
8.61522246417e-01
8.61708243539e-01
8.61385631520e-01
8.61457573501e-01
8.61535052458e-01
8.61425927515e-01
8.61387544207e-01
8.61623537582e-01
8.61462565452e-01
8.61348208516e-01
8.61378602536e-01
8.61523857129e-01
8.61465600047e-01
8.61451523831e-01
8.61457263613e-01
8.61532527378e-01
8.61542052295e-01
8.61459905387e-01
8.61503454563e-01
8.61413970272e-01
8.61447559039e-01
8.61320860221e-01
8.61404962558e-01
8.61545832733e-01
8.61499773055e-01
8.61258532702e-01
8.61446615482e-01
8.61393937692e-01
8.61374060755e-01
8.61474296672e-01
8.61437286418e-01
8.61386747092e-01
8.61355089707e-01
8.61501981230e-01
8.61308513446e-01
8.61379746044e-01
8.61390579895e-01
8.61445076948e-01
8.61360592533e-01
8.61634128436e-01
8.61424191488e-01
8.61358561839e-01
8.61374802528e-01
8.61392845254e-01
8.61464092565e-01
8.61526911160e-01
8.61419829679e-01
8.61467087500e-01
8.61542375004e-01
8.61561113647e-01
8.61505126197e-01
8.61514206273e-01
8.61412325748e-01
8.61433206508e-01
8.61415732453e-01
8.61451665444e-01
8.61524609300e-01
8.61419329065e-01
8.61303956334e-01
8.61437230680e-01
8.61586295494e-01
8.61470273624e-01
8.61400461964e-01
8.61366333684e-01
8.61288463282e-01
8.61531852713e-01
8.61658206027e-01
8.61342705509e-01
8.61436804338e-01
8.61461157664e-01
8.61482182669e-01
8.61368152221e-01
8.61389287927e-01
8.61417271897e-01
8.61510936165e-01
8.61270848354e-01
8.61525790741e-01
8.61424210091e-01
8.61362305202e-01
8.61430605103e-01
8.61377358370e-01
8.61415049359e-01
8.61543780975e-01
8.61521240282e-01
8.61357628429e-01
8.61427173846e-01
8.61326354890e-01
8.61546634828e-01
8.61393233142e-01
8.61476880332e-01
8.61422388823e-01
8.61280872652e-01
8.61469419885e-01
8.61520523484e-01
8.61553782550e-01
8.61504942529e-01
8.61395140954e-01
8.61383795056e-01
8.61549508857e-01
8.61289089896e-01
8.61502210861e-01
8.61405088929e-01
8.61406444629e-01
8.61517368442e-01
8.61534815469e-01
8.61536145987e-01
8.61499779655e-01
8.61403878345e-01
8.61337963947e-01
8.61490751001e-01
8.61362124901e-01
8.61241599402e-01
8.61338994867e-01
8.61672697756e-01
8.61358254754e-01
8.61391080329e-01
8.61466441093e-01
8.61393611850e-01
8.61517267678e-01
8.61432948841e-01
8.61411890816e-01
8.61455650540e-01
8.61364717646e-01
8.61520525618e-01
8.61409981669e-01
8.61527724421e-01
8.61486306035e-01
8.61556341718e-01
8.61486258959e-01
8.61361130098e-01
8.61399293817e-01
8.61360404200e-01
8.61491676683e-01
8.61521863759e-01
8.61519007198e-01
8.61423569845e-01
8.61484183532e-01
8.61500751788e-01
8.61300742765e-01
8.61352907290e-01
8.61558930104e-01
8.61378991412e-01
8.61502752476e-01
8.61536025980e-01
8.61463088096e-01
8.61393202490e-01
8.61409431312e-01
8.61433085758e-01
8.61531099454e-01
8.61467328289e-01
8.61325134760e-01
8.61368217077e-01
8.61456226873e-01
8.61347833464e-01
8.61607638385e-01
8.61498497423e-01
8.61438855948e-01
8.61518884046e-01
8.61475581416e-01
8.61455845904e-01
8.61317045847e-01
8.61355072982e-01
8.61368900465e-01
8.61508924620e-01
8.61442892863e-01
8.61492104143e-01
8.61541978999e-01
8.61536213043e-01
8.61382880872e-01
8.61512405266e-01
8.61401366493e-01
8.61504130158e-01
8.61431908779e-01
8.61338577098e-01
8.61592694101e-01
8.61314273888e-01
8.61425061404e-01
8.61543053090e-01
8.61562140641e-01
8.61583710372e-01
8.61567135591e-01
8.61411600482e-01
8.61479234965e-01
8.61479060175e-01
8.61308071789e-01
8.61373258804e-01
8.61429852244e-01
8.61326306139e-01
8.61280448257e-01
8.61524030854e-01
8.61352628981e-01
8.61442531629e-01
8.61509497877e-01
8.61492850122e-01
8.61493890482e-01
8.61479706233e-01
8.61472444981e-01
8.61683933941e-01
8.61444893786e-01
8.61507798585e-01
8.61374532610e-01
8.61476110791e-01
8.61408370075e-01
8.61390446262e-01
8.61473676623e-01
8.61385861464e-01
8.61433019036e-01
8.61399435187e-01
8.61361282763e-01
8.61547257605e-01
8.61395293278e-01
8.61517812529e-01
8.61512231886e-01
8.61428058627e-01
8.61380310691e-01
8.61488449314e-01
8.61612507436e-01
8.61345827779e-01
8.61512809370e-01
8.61442952068e-01
8.61417053804e-01
8.61468462083e-01
8.61644200021e-01
8.61496874091e-01
8.61351568412e-01
8.61374520014e-01
8.61483440334e-01
8.61462503666e-01
8.61491143786e-01
8.61419572819e-01
8.61509618041e-01
8.61455451958e-01
8.61332000124e-01
8.61473410609e-01
8.61512763320e-01
8.61390887604e-01
8.61448694912e-01
8.61513931990e-01
8.61423352971e-01
8.61532832415e-01
8.61468429872e-01
8.61427786675e-01
8.61516012954e-01
8.61431518537e-01
8.61522929351e-01
8.61330400393e-01
8.61404643997e-01
8.61321532050e-01
8.61622965135e-01
8.61328547509e-01
8.61408657523e-01
8.61431111685e-01
8.61446053724e-01
8.61367819486e-01
8.61425725518e-01
8.61462885878e-01
8.61531697675e-01
8.61567663965e-01
8.61412698008e-01
8.61379444661e-01
8.61540375647e-01
8.61421585638e-01
8.61488266045e-01
8.61379350335e-01
8.61528484912e-01
8.61454951508e-01
8.61526278453e-01
8.61554669547e-01
8.61492139474e-01
8.61455543363e-01
8.61550221637e-01
8.61430951217e-01
8.61537668223e-01
8.61448968368e-01
8.61336939544e-01
8.61413188838e-01
8.61429438662e-01
8.61577069060e-01
8.61398613789e-01
8.61535010934e-01
8.61408266001e-01
8.61379308677e-01
8.61455491828e-01
8.61378478798e-01
8.61378804686e-01
8.61374645530e-01
8.61439555007e-01
8.61346715906e-01
8.61742373477e-01
8.61386981518e-01
8.61612751433e-01
8.61355877153e-01
8.61354093976e-01
8.61471871319e-01
8.61355972937e-01
8.61452057849e-01
8.61368109105e-01
8.61417901078e-01
8.61321443186e-01
8.61448999161e-01
8.61450537850e-01
8.61423237620e-01
8.61388068959e-01
8.61429063545e-01
8.61351078867e-01
8.61483231098e-01
8.61315627178e-01
8.61340551815e-01
8.61488001031e-01
8.61484816213e-01
8.61545146818e-01
8.61209867485e-01
8.61498572237e-01
8.61440301883e-01
8.61403515010e-01
8.61434210375e-01
8.61536617177e-01
8.61498706637e-01
8.61363056605e-01
8.61553933469e-01
8.61458090111e-01
8.61465500782e-01
8.61432643104e-01
8.61245552466e-01
8.61451671333e-01
8.61483511843e-01
8.61317888465e-01
8.61470983664e-01
8.61457602810e-01
8.61339701166e-01
8.61372450915e-01
8.61507167563e-01
8.61590045666e-01
8.61512322446e-01
8.61478017210e-01
8.61447475521e-01
8.61431862120e-01
8.61365170729e-01
8.61495682921e-01
8.61476134685e-01
8.61446810686e-01
8.61395914387e-01
8.61419654515e-01
8.61251894362e-01
8.61541455865e-01
8.61442866082e-01
8.61438128482e-01
8.61543595761e-01
8.61553443895e-01
8.61500561622e-01
8.61478012500e-01
8.61391889740e-01
8.61492127772e-01
8.61493987933e-01
8.61291369529e-01
8.61381230580e-01
8.61387064111e-01
8.61419126261e-01
8.61407165105e-01
8.61456092570e-01
8.61567210767e-01
8.61606381249e-01
8.61449589803e-01
8.61426646866e-01
8.61356210910e-01
8.61370043806e-01
8.61385615920e-01
8.61307320795e-01
8.61468951734e-01
8.61507610785e-01
8.61415082020e-01
8.61499997623e-01
8.61530988831e-01
8.61454744144e-01
8.61562553804e-01
8.61324286796e-01
8.61432083774e-01
8.61519897688e-01
8.61375722077e-01
8.61425591367e-01
8.61376646146e-01
8.61382781004e-01
8.61630575441e-01
8.61360750716e-01
8.61510338494e-01
8.61348768142e-01
8.61589434954e-01
8.61575632894e-01
8.61385971182e-01
8.61361317522e-01
8.61311960365e-01
8.61468565694e-01
8.61363321570e-01
8.61346377932e-01
8.61431858135e-01
8.61518853210e-01
8.61522477626e-01
8.61550054815e-01
8.61453675837e-01
8.61512824849e-01
8.61354418907e-01
8.61543555933e-01
8.61475952903e-01
8.61404547847e-01
8.61536223913e-01
8.61418881997e-01
8.61330153821e-01
8.61525811826e-01
8.61543796031e-01
8.61441965542e-01
8.61324862909e-01
8.61507311276e-01
8.61402390509e-01
8.61344624363e-01
8.61455479175e-01
8.61397410277e-01
8.61349683701e-01
8.61434176989e-01
8.61339629556e-01
8.61511518016e-01
8.61471929732e-01
8.61396476778e-01
8.61429929500e-01
8.61482162889e-01
8.61400172030e-01
8.61316083048e-01
8.61478374188e-01
8.61314518559e-01
8.61410768469e-01
8.61507172786e-01
8.61431617049e-01
8.61465273919e-01
8.61556252600e-01
8.61284006891e-01
8.61389861456e-01
8.61581159316e-01
8.61459637742e-01
8.61428952416e-01
8.61322724516e-01
8.61482661077e-01
8.61500256408e-01
8.61375188423e-01
8.61333979741e-01
8.61376582581e-01
8.61417616761e-01
8.61431128011e-01
8.61254264183e-01
8.61325351348e-01
8.61310149245e-01
8.61357123252e-01
8.61253481362e-01
8.61400142890e-01
8.61392383805e-01
8.61541749976e-01
8.61321292481e-01
8.61501704327e-01
8.61446484518e-01