2.31778356654e+00
2.31804161344e+00
2.31733322422e+00
2.31834475336e+00
2.31817827198e+00
2.31800317104e+00
2.31739024291e+00
2.31734307840e+00
2.31801514620e+00
2.31799142108e+00
2.31776399864e+00
2.31809083831e+00
2.31813611058e+00
2.31786158587e+00
2.31761493654e+00
2.31774793203e+00
2.31775464071e+00
2.31814783284e+00
2.31755266586e+00
2.31764989861e+00
2.31780970924e+00
2.31802230275e+00
2.31757850703e+00
2.31723640437e+00
2.31798001306e+00
2.31752031457e+00
2.31720696431e+00
2.31838173632e+00
2.31731194908e+00
2.31760934028e+00
2.31797851434e+00
2.31750467746e+00
2.31760866557e+00
2.31743891500e+00
2.31810380723e+00
2.31724177167e+00
2.31772022395e+00
2.31792110076e+00
2.31738960176e+00
2.31779846501e+00
2.31750128056e+00
2.31775002678e+00
2.31790203857e+00
2.31753235843e+00
2.31753670988e+00
2.31808865142e+00
2.31762580226e+00
2.31860102078e+00
2.31787173066e+00
2.31761815196e+00
2.31802704774e+00
2.31764504463e+00
2.31745100035e+00
2.31743873464e+00
2.31833153771e+00
2.31749195756e+00
2.31767060861e+00
2.31739747014e+00
2.31772798861e+00
2.31807084923e+00
2.31722710472e+00
2.31811673829e+00
2.31777027053e+00
2.31782648130e+00
2.31796956858e+00
2.31774660595e+00
2.31759028383e+00
2.31788631117e+00
2.31762716851e+00
2.31778034020e+00
2.31843978083e+00
2.31829152060e+00
2.31789272932e+00
2.31798089458e+00
2.31811636063e+00
2.31754327285e+00
2.31827238836e+00
2.31715972809e+00
2.31797584609e+00
2.31794062183e+00
2.31744563118e+00
2.31768326783e+00
2.31747625082e+00
2.31774568004e+00
2.31749254629e+00
2.31767150095e+00
2.31787660660e+00
2.31709575297e+00
2.31771103815e+00
2.31793864945e+00
2.31738374438e+00
2.31728940710e+00
2.31748248840e+00
2.31831131261e+00
2.31776521544e+00
2.31770363259e+00
2.31773902681e+00
2.31760874144e+00
2.31753741335e+00
2.31721421726e+00
2.31806287748e+00
2.31746445058e+00
2.31784257445e+00
2.31799348962e+00
2.31702876993e+00
2.31771197225e+00
2.31787716959e+00
2.31776218388e+00
2.31781782536e+00
2.31743005537e+00
2.31810638130e+00
2.31835241537e+00
2.31800296134e+00
2.31723969224e+00
2.31735545382e+00
2.31809314502e+00
2.31794445373e+00
2.31812050297e+00
2.31744925965e+00
2.31815782233e+00
2.31763379949e+00
2.31766289140e+00
2.31743161022e+00
2.31774723523e+00
2.31769824846e+00
2.31807148785e+00
2.31771441212e+00
2.31721688814e+00
2.31786179820e+00
2.31786104063e+00
2.31759780974e+00
2.31827960306e+00
2.31787063667e+00
2.31795626698e+00
2.31805956748e+00
2.31763939637e+00
2.31758466609e+00
2.31779617278e+00
2.31791150917e+00
2.31798914994e+00
2.31772001650e+00
2.31760599629e+00
2.31811015629e+00
2.31817979588e+00
2.31739697854e+00
2.31787839698e+00
2.31694989912e+00
2.31766534488e+00
2.31820137514e+00
2.31718949600e+00
2.31765501957e+00
2.31750920696e+00
2.31807691929e+00
2.31712274975e+00
2.31750833116e+00
2.31749150049e+00
2.31709646818e+00
2.31809733543e+00
2.31767203911e+00
2.31837298873e+00
2.31751730984e+00
2.31755252948e+00
2.31745557632e+00
2.31779244881e+00
2.31757724645e+00
2.31725073775e+00
2.31766260690e+00
2.31820668909e+00
2.31755531548e+00
2.31820001898e+00
2.31774816493e+00
2.31828222908e+00
2.31753146862e+00
2.31713214911e+00
2.31791627210e+00
2.31721166483e+00
2.31770020814e+00
2.31764603987e+00
2.31745464731e+00
2.31784795476e+00
2.31740950239e+00
2.31785878965e+00
2.31766769740e+00
2.31732178273e+00
2.31801226848e+00
2.31775904727e+00
2.31800723801e+00
2.31780616043e+00
2.31777414584e+00
2.31799536968e+00
2.31789597732e+00
2.31766369625e+00
2.31738448859e+00
2.31767637550e+00
2.31745597368e+00
2.31747381606e+00
2.31755884023e+00
2.31845413190e+00
2.31806798671e+00
2.31775328901e+00
2.31794458624e+00
2.31746618747e+00
2.31813223979e+00
2.31758411928e+00
2.31831662599e+00
2.31839399143e+00
2.31740939205e+00
2.31740192381e+00
2.31782374629e+00
2.31777951186e+00
2.31759307392e+00
2.31783826287e+00
2.31762750952e+00
2.31784242111e+00
2.31733085073e+00
2.31737929240e+00
2.31776767977e+00
2.31773623382e+00
2.31761760746e+00
2.31750210179e+00
2.31786862130e+00
2.31740154416e+00
2.31755121424e+00
2.31750628012e+00
2.31741417612e+00
2.31789048002e+00
2.31780208962e+00
2.31801755791e+00
2.31799396069e+00
2.31754420193e+00
2.31764920048e+00
2.31762545432e+00
2.31748687763e+00
2.31798156907e+00
2.31788370858e+00
2.31846474186e+00
2.31766957487e+00
2.31801330707e+00
2.31776491796e+00
2.31748383243e+00
2.31762082678e+00
2.31779750112e+00
2.31750245193e+00
2.31793659750e+00
2.31764689871e+00
2.31766706653e+00
2.31771607092e+00
2.31748249072e+00
2.31698852681e+00
2.31814634679e+00
2.31760864773e+00
2.31735621051e+00
2.31791885593e+00
2.31727920277e+00
2.31775828616e+00
2.31812273438e+00
2.31762361536e+00
2.31824271928e+00
2.31753782791e+00
2.31814799622e+00
2.31788459752e+00
2.31758388691e+00
2.31798484532e+00
2.31819168810e+00
2.31769657891e+00
2.31779983884e+00
2.31766964210e+00
2.31769482311e+00
2.31758091899e+00
2.31815121042e+00
2.31742285636e+00
2.31762616526e+00
2.31788581372e+00
2.31818222128e+00
2.31745658892e+00
2.31723975270e+00
2.31796401519e+00
2.31785291678e+00
2.31803088666e+00
2.31819700705e+00
2.31805092493e+00
2.31775670020e+00
2.31839369763e+00
2.31807417859e+00
2.31778760481e+00
2.31749055336e+00
2.31829496929e+00
2.31804115127e+00
2.31799030933e+00
2.31727600059e+00
2.31802814740e+00
2.31789897875e+00
2.31715920133e+00
2.31770646232e+00
2.31723874970e+00
2.31737017506e+00
2.31727622793e+00
2.31742326245e+00
2.31749101733e+00
2.31807808405e+00
2.31783119999e+00
2.31791669915e+00
2.31780119434e+00
2.31774532033e+00
2.31749488429e+00
2.31777995420e+00
2.31789311109e+00
2.31805211727e+00
2.31766714860e+00
2.31761789318e+00
2.31753869157e+00
2.31794796828e+00
2.31774804858e+00
2.31773624487e+00
2.31805972809e+00
2.31775359555e+00
2.31738227360e+00
2.31821697273e+00
2.31824003497e+00
2.31798282037e+00
2.31787414213e+00
2.31720758089e+00
2.31767781838e+00
2.31739216701e+00
2.31777582276e+00
2.31769327258e+00
2.31732102098e+00
2.31787839114e+00
2.31801832568e+00
2.31824868010e+00
2.31818167370e+00
2.31779664899e+00
2.31709854317e+00
2.31782146882e+00
2.31770247550e+00
2.31772709287e+00
2.31737983154e+00
2.31724329014e+00
2.31824777188e+00
2.31793042671e+00
2.31774967105e+00
2.31793898406e+00
2.31793458589e+00
2.31798825984e+00
2.31799968472e+00
2.31807487843e+00
2.31836903384e+00
2.31768628393e+00
2.31740138363e+00
2.31761857225e+00
2.31775323841e+00
2.31802064404e+00
2.31745867906e+00
2.31811784323e+00
2.31739817768e+00
2.31788545146e+00
2.31758594040e+00
2.31798515132e+00
2.31757594486e+00
2.31718512801e+00
2.31790147060e+00
2.31819760051e+00
2.31805431317e+00
2.31793585154e+00
2.31707816973e+00
2.31759509070e+00
2.31741053962e+00
2.31751065721e+00
2.31759364540e+00
2.31738696216e+00
2.31775649200e+00
2.31741956596e+00
2.31790316169e+00
2.31794122340e+00
2.31802385695e+00
2.31748109126e+00
2.31788511633e+00
2.31838278591e+00
2.31735436733e+00
2.31794910625e+00
2.31721380938e+00
2.31746436715e+00
2.31775371574e+00
2.31761698817e+00
2.31809680757e+00
2.31765952790e+00
2.31718878333e+00
2.31769091380e+00
2.31783138221e+00
2.31811792995e+00
2.31748505358e+00
2.31768407482e+00
2.31773269971e+00
2.31774150502e+00
2.31801299226e+00
2.31798633508e+00
2.31784987396e+00
2.31701408935e+00
2.31735640952e+00
2.31808371085e+00
2.31793637911e+00
2.31769420687e+00
2.31761819055e+00
2.31753650782e+00
2.31753012553e+00
2.31809379131e+00
2.31798971338e+00
2.31763864510e+00
2.31765481943e+00
2.31744160515e+00
2.31737735787e+00
2.31777442840e+00
2.31754457279e+00
2.31693111627e+00
2.31777881731e+00
2.31751069614e+00
2.31799099098e+00
2.31802451525e+00
2.31803835556e+00
2.31794638890e+00
2.31799850307e+00
2.31787081511e+00
2.31791342953e+00
2.31817481259e+00
2.31806921204e+00
2.31788267178e+00
2.31797821743e+00
2.31774741180e+00
2.31730502124e+00
2.31775680609e+00
2.31748823625e+00
2.31751231307e+00
2.31784150234e+00
2.31745584389e+00
2.31780037675e+00
2.31788706636e+00
2.31770946652e+00
2.31829336962e+00
2.31756542591e+00
2.31774634693e+00
2.31793771038e+00
2.31800498900e+00
2.31734812855e+00
2.31802465658e+00
2.31787294696e+00
2.31813614327e+00
2.31770485393e+00
2.31844566780e+00
2.31764936344e+00
2.31751337560e+00
2.31762101211e+00
2.31819190693e+00
2.31732970697e+00
2.31770366791e+00
2.31743727561e+00
2.31789163860e+00
2.31751907546e+00
2.31734069327e+00
2.31756423066e+00
2.31765975501e+00
2.31760280371e+00
2.31761116495e+00
2.31764514326e+00
2.31799030182e+00
2.31730800863e+00
2.31708292118e+00
2.31773123015e+00
2.31778144733e+00
2.31739586194e+00
2.31772148027e+00
2.31818041660e+00
2.31748143092e+00
2.31718320617e+00
2.31781336651e+00
2.31792654537e+00
2.31792185940e+00
2.31762395153e+00
2.31730647149e+00
2.31757532768e+00
2.31735041591e+00
2.31792032096e+00
2.31767492061e+00
2.31792964869e+00
2.31744736893e+00
2.31701779003e+00
2.31769627855e+00
2.31827078458e+00
2.31744829494e+00
2.31780695379e+00
2.31775822329e+00
2.31799231722e+00
2.31720774054e+00
2.31770385329e+00
2.31802166691e+00
2.31812894280e+00
2.31769431469e+00
2.31768482797e+00
2.31794068988e+00
2.31770833774e+00
2.31795871512e+00
2.31773756993e+00