-3.63282804972e+01
-3.63154658771e+01
-3.63064240070e+01
-3.63154811745e+01
-3.63104656679e+01
-3.63047409696e+01
-3.62766032120e+01
-3.62872248222e+01
-3.63304670868e+01
-3.63576604018e+01
-3.63060263415e+01
-3.63428598312e+01
-3.63197194983e+01
-3.63309597570e+01
-3.62947924370e+01
-3.63348997813e+01
-3.62530922994e+01
-3.63538865137e+01
-3.63403065755e+01
-3.63252278169e+01
-3.63556887255e+01
-3.63535615610e+01
-3.62789947134e+01
-3.63404466870e+01
-3.63326039799e+01
-3.63707494154e+01
-3.63064513280e+01
-3.63303762021e+01
-3.62529002377e+01
-3.63567437572e+01
-3.63075101253e+01
-3.63551022531e+01
-3.63934070659e+01
-3.63718742968e+01
-3.63554494063e+01
-3.62792997904e+01
-3.62926376169e+01
-3.63499123210e+01
-3.63057000250e+01
-3.63717247128e+01
-3.63278089418e+01
-3.63508759666e+01
-3.63142682020e+01
-3.63398027329e+01
-3.63483986523e+01
-3.63431782942e+01
-3.63450968089e+01
-3.63055537322e+01
-3.63457808099e+01
-3.63672371103e+01
-3.63566860435e+01
-3.63100810032e+01
-3.62830895110e+01
-3.63347414061e+01
-3.63596864154e+01
-3.63252793274e+01
-3.63176992022e+01
-3.63155348154e+01
-3.63691011343e+01
-3.63662414916e+01
-3.62737173054e+01
-3.63223863657e+01
-3.63216777308e+01
-3.63449674110e+01
-3.63397524853e+01
-3.63170750287e+01
-3.63055611416e+01
-3.63452275292e+01
-3.63366262527e+01
-3.62825414463e+01
-3.63430527054e+01
-3.62771930310e+01
-3.63077693112e+01
-3.63724358884e+01
-3.63400861321e+01
-3.62670731766e+01
-3.63119155934e+01
-3.63162036424e+01
-3.63570903988e+01
-3.62772423467e+01
-3.62727849241e+01
-3.63486960652e+01
-3.62930382862e+01
-3.63485447797e+01
-3.63290118258e+01
-3.63171814884e+01
-3.62763545993e+01
-3.63299887452e+01
-3.63520685723e+01
-3.63325431483e+01
-3.63153120731e+01
-3.62912584433e+01
-3.63786191410e+01
-3.63489371800e+01
-3.63264442392e+01
-3.62805461325e+01
-3.62729905167e+01
-3.63420202883e+01
-3.63067710892e+01
-3.63290285329e+01
-3.63442702111e+01
-3.63753691459e+01
-3.63274391294e+01
-3.62741785448e+01
-3.62873027480e+01
-3.63225648066e+01
-3.63239512251e+01
-3.63175555135e+01
-3.63167206259e+01
-3.62776801698e+01
-3.62814925709e+01
-3.63731509461e+01
-3.63540806467e+01
-3.62869004029e+01
-3.62803907044e+01
-3.64072347882e+01
-3.63347455736e+01
-3.63698040942e+01
-3.63231684615e+01
-3.63642146717e+01
-3.62722525167e+01
-3.63202883815e+01
-3.63451650425e+01
-3.63582146730e+01
-3.62741292921e+01
-3.63144226279e+01
-3.62688786497e+01
-3.63493969981e+01
-3.63151297973e+01
-3.62797741830e+01
-3.63296403367e+01
-3.63256179752e+01
-3.63210089467e+01
-3.62948163875e+01
-3.62509322951e+01
-3.62669333097e+01
-3.63016828992e+01
-3.62914950956e+01
-3.62545698870e+01
-3.63299446273e+01
-3.63159787670e+01
-3.63156196529e+01
-3.63257839446e+01
-3.63151637158e+01
-3.62727593178e+01
-3.63298593002e+01
-3.63561442903e+01
-3.63458897769e+01
-3.63583732128e+01
-3.63374522906e+01
-3.63250409456e+01
-3.63158578126e+01
-3.63244128757e+01
-3.62587374498e+01
-3.63306825808e+01
-3.63383402128e+01
-3.63267480418e+01
-3.63279697501e+01
-3.62456839760e+01
-3.63084957621e+01
-3.63205150876e+01
-3.63094818893e+01
-3.63460968260e+01
-3.63202761523e+01
-3.63108450955e+01
-3.63435525643e+01
-3.63101401920e+01
-3.63141187825e+01
-3.63235591929e+01
-3.63434556308e+01
-3.62970175081e+01
-3.63553610091e+01
-3.63111157031e+01
-3.62719464757e+01
-3.63546241584e+01
-3.63264610709e+01
-3.62856552403e+01
-3.63531260196e+01
-3.63450303408e+01
-3.63133981502e+01
-3.63054632821e+01
-3.62969836993e+01
-3.62799335241e+01
-3.63545463075e+01
-3.63660331621e+01
-3.63175988002e+01
-3.62990995418e+01
-3.63430305844e+01
-3.63393292034e+01
-3.63574682703e+01
-3.64033566473e+01
-3.62540151446e+01
-3.63494724608e+01
-3.63304059016e+01
-3.62970134493e+01
-3.63310951540e+01
-3.63337366317e+01
-3.63801755500e+01
-3.63047615190e+01
-3.63453778147e+01
-3.63070376781e+01
-3.63364155149e+01
-3.64044221323e+01
-3.62994320150e+01
-3.63810936123e+01
-3.62919914325e+01
-3.62946917278e+01
-3.63096862122e+01
-3.63612566853e+01
-3.63719181089e+01
-3.63982537311e+01
-3.63600453318e+01
-3.63455349063e+01
-3.62617114231e+01
-3.63484950370e+01
-3.62957379124e+01
-3.62829441838e+01
-3.63803205201e+01
-3.63420416377e+01
-3.62749485746e+01
-3.63318648429e+01
-3.62617607015e+01
-3.64022375474e+01
-3.63170018830e+01
-3.63010617939e+01
-3.63960459535e+01
-3.63549809388e+01
-3.63643119735e+01
-3.63470021823e+01
-3.63744576383e+01
-3.63388607119e+01
-3.63740557709e+01
-3.63116345814e+01
-3.63495195859e+01
-3.63957678105e+01
-3.63811460055e+01
-3.63733084142e+01
-3.63278695275e+01
-3.63572812547e+01
-3.62972767561e+01
-3.63402928996e+01
-3.63435694106e+01
-3.62715880292e+01
-3.63681022045e+01
-3.63135247543e+01
-3.62421581255e+01
-3.62644150493e+01
-3.63020357949e+01
-3.63013157768e+01
-3.63898976392e+01
-3.63249879585e+01
-3.63575278400e+01
-3.63436216242e+01
-3.63333566929e+01
-3.62892427322e+01
-3.63263480018e+01
-3.62579001004e+01
-3.62975932961e+01
-3.63710670000e+01
-3.63294311755e+01
-3.63856246337e+01
-3.63120529202e+01
-3.63216021594e+01
-3.63406259965e+01
-3.63584743007e+01
-3.63027523075e+01
-3.63328610751e+01
-3.63163950899e+01
-3.63273972423e+01
-3.63325683788e+01
-3.63277876116e+01
-3.63762924182e+01
-3.63593562889e+01
-3.62895466096e+01
-3.62976335158e+01
-3.62763515925e+01
-3.62746543140e+01
-3.63467566372e+01
-3.63329568645e+01
-3.63467433639e+01
-3.63364441177e+01
-3.63594492513e+01
-3.63376312514e+01
-3.63260319065e+01
-3.63644728627e+01
-3.63545035700e+01
-3.63668324444e+01
-3.63360156623e+01
-3.63146906259e+01
-3.63131902389e+01
-3.63034306736e+01
-3.63974306227e+01
-3.63479637728e+01
-3.63795801230e+01
-3.63105253758e+01
-3.63125756906e+01
-3.63796434646e+01
-3.63102736874e+01
-3.63842086433e+01
-3.63488628474e+01
-3.63493786885e+01
-3.63257091365e+01
-3.62986458839e+01
-3.62852771980e+01
-3.62547004397e+01
-3.63279060636e+01
-3.62465582389e+01
-3.63464216556e+01
-3.63967498549e+01
-3.63436267821e+01
-3.63553268694e+01
-3.62734593308e+01
-3.63555556830e+01
-3.62972053790e+01
-3.63445700203e+01
-3.62886444434e+01
-3.63272403854e+01
-3.63906792137e+01
-3.63370363089e+01
-3.62807196912e+01
-3.63292285249e+01
-3.63122436997e+01
-3.62896458633e+01
-3.63120387931e+01
-3.63374460612e+01
-3.63630386484e+01
-3.62771303930e+01
-3.63525105997e+01
-3.63073759164e+01
-3.63515851253e+01
-3.62957924208e+01
-3.63778923983e+01
-3.63684801987e+01
-3.63239576867e+01
-3.62862598177e+01
-3.63053941355e+01
-3.63345330625e+01
-3.63347348408e+01
-3.62756170588e+01
-3.63206948597e+01
-3.63473710648e+01
-3.62995028852e+01
-3.62826923871e+01
-3.63368399737e+01
-3.63009628878e+01
-3.62779368598e+01
-3.63496874188e+01
-3.63026553318e+01
-3.63403466654e+01
-3.63051524412e+01
-3.63705453557e+01
-3.63187131378e+01
-3.63575927463e+01
-3.63775764234e+01
-3.62832831662e+01
-3.63079819027e+01
-3.63081838283e+01
-3.63219133242e+01
-3.63424182854e+01
-3.62770011084e+01
-3.63193694693e+01
-3.63885218967e+01
-3.62855500389e+01
-3.63424236833e+01
-3.63416215766e+01
-3.63086737058e+01
-3.63393958270e+01
-3.63264616146e+01
-3.63485069141e+01
-3.63249740367e+01
-3.63107201959e+01
-3.63232074886e+01
-3.63412482646e+01
-3.63581534143e+01
-3.63356675914e+01
-3.63328397815e+01
-3.63708366671e+01
-3.63665309081e+01
-3.63536127249e+01
-3.63728642220e+01
-3.63618475209e+01
-3.63043190278e+01
-3.63408652373e+01
-3.63405591208e+01
-3.63703325083e+01
-3.63725878734e+01
-3.63708429995e+01
-3.63069202937e+01
-3.63586992956e+01
-3.63981119527e+01
-3.62998303626e+01
-3.63146096550e+01
-3.63178112250e+01
-3.63336923744e+01
-3.63114411033e+01
-3.62607656407e+01
-3.63529450120e+01
-3.63746571734e+01
-3.62801585965e+01
-3.62786732945e+01
-3.63594005706e+01
-3.63016951290e+01
-3.63147605249e+01
-3.62632307870e+01
-3.62569056180e+01
-3.63666279139e+01
-3.63214707969e+01
-3.63812086700e+01
-3.63144505126e+01
-3.64213435513e+01
-3.63425706540e+01
-3.63453256311e+01
-3.64035390636e+01
-3.62896724114e+01
-3.63217387957e+01
-3.63030149371e+01
-3.63120020597e+01
-3.62718016208e+01
-3.63847173961e+01
-3.63361125255e+01
-3.63103283067e+01
-3.63109126277e+01
-3.62707442803e+01
-3.63322566863e+01
-3.63037385576e+01
-3.62978131497e+01
-3.63727105878e+01
-3.63671262503e+01
-3.63256961505e+01
-3.63526050345e+01
-3.63330313220e+01
-3.62733391441e+01
-3.63473898094e+01
-3.63518722238e+01
-3.62959122498e+01
-3.63468316544e+01
-3.63512283220e+01
-3.63206390172e+01
-3.63058505345e+01
-3.63389572234e+01
-3.63536587622e+01
-3.63104444307e+01
-3.63268405009e+01
-3.63324058450e+01
-3.63047790498e+01
-3.63349745898e+01
-3.62645048900e+01
-3.63247003779e+01
-3.62869381402e+01
-3.63526894236e+01
-3.63115023015e+01
-3.63462580151e+01
-3.63287056819e+01
-3.63995870989e+01
-3.63430054386e+01
-3.63338175641e+01
-3.63071206892e+01
-3.63275832157e+01
-3.63133928805e+01
-3.62757030158e+01
-3.63100844658e+01
-3.63026836130e+01
-3.63311947597e+01
-3.63505114600e+01
-3.63659441884e+01
-3.63307546430e+01
-3.63511636158e+01
-3.63727804217e+01
-3.63093795896e+01
-3.63003772816e+01
-3.63231044823e+01
-3.63367291610e+01
-3.63101167405e+01
-3.63917939673e+01
-3.63515028684e+01
-3.63284157235e+01
-3.63452054528e+01
-3.63720749139e+01
-3.63333750876e+01
-3.63581474118e+01
-3.63440570407e+01
-3.63239038191e+01
-3.63481253589e+01
-3.63855471461e+01
-3.63200296199e+01
-3.62869439926e+01
-3.63510624903e+01
-3.62933629381e+01
-3.63083990573e+01
-3.63361385003e+01
-3.63801776774e+01
-3.63324302529e+01
-3.63639792256e+01
-3.63551174791e+01
-3.63959756573e+01
-3.63507742984e+01
-3.63259468014e+01
-3.62710137342e+01
-3.63379800882e+01
-3.63415847479e+01
-3.63259105718e+01