-2.84621290911e+01
-2.84311687454e+01
-2.83966146142e+01
-2.85020775718e+01
-2.83804059608e+01
-2.84130043372e+01
-2.83984385809e+01
-2.84042404006e+01
-2.84607403937e+01
-2.84976897010e+01
-2.84361506052e+01
-2.84509156687e+01
-2.85128739377e+01
-2.84655945827e+01
-2.84449646694e+01
-2.84709038493e+01
-2.83912646428e+01
-2.84168550141e+01
-2.84398737012e+01
-2.84332345155e+01
-2.85171063109e+01
-2.84808667638e+01
-2.84712015495e+01
-2.83785747546e+01
-2.85344460202e+01
-2.85593636612e+01
-2.85459889132e+01
-2.83835451214e+01
-2.83869384150e+01
-2.84553951901e+01
-2.84942106364e+01
-2.84866251025e+01
-2.84849241176e+01
-2.84321304115e+01
-2.84935972138e+01
-2.85183827510e+01
-2.85398390677e+01
-2.84836651794e+01
-2.84460843086e+01
-2.84948501838e+01
-2.84741404277e+01
-2.84306864073e+01
-2.84490727421e+01
-2.83957522924e+01
-2.84782350617e+01
-2.84424600318e+01
-2.85129554010e+01
-2.84487439464e+01
-2.83947392478e+01
-2.84876466014e+01
-2.84449673257e+01
-2.85211793998e+01
-2.84434206187e+01
-2.84374297940e+01
-2.85066065996e+01
-2.84836641133e+01
-2.84639812936e+01
-2.84254170565e+01
-2.84914217912e+01
-2.85013530929e+01
-2.85103003035e+01
-2.84901584469e+01
-2.84397721111e+01
-2.84307792248e+01
-2.85090537540e+01
-2.83820437344e+01
-2.84245974084e+01
-2.84462331142e+01
-2.84709167206e+01
-2.83873439647e+01
-2.84176749038e+01
-2.84753488167e+01
-2.84442765446e+01
-2.84742288157e+01
-2.85057176130e+01
-2.84265938029e+01
-2.84860268294e+01
-2.83903540595e+01
-2.84578563799e+01
-2.84250406974e+01
-2.84131722043e+01
-2.84332490108e+01
-2.84030748435e+01
-2.84515758235e+01
-2.84663785583e+01
-2.84549602032e+01
-2.84627710728e+01
-2.84869230708e+01
-2.85211733791e+01
-2.84968507588e+01
-2.84363411851e+01
-2.84776294593e+01
-2.84640373706e+01
-2.84523055546e+01
-2.85344705041e+01
-2.84301452411e+01
-2.84422703428e+01
-2.84174601162e+01
-2.84360348247e+01
-2.84156799632e+01
-2.84528175690e+01
-2.85282812799e+01
-2.84358118812e+01
-2.84572509271e+01
-2.84142223477e+01
-2.84446334289e+01
-2.84913425318e+01
-2.84295580292e+01
-2.84703577818e+01
-2.84875689340e+01
-2.84704779177e+01
-2.85141076715e+01
-2.84138407533e+01
-2.84368668404e+01
-2.84049221097e+01
-2.85010885069e+01
-2.84931804795e+01
-2.84978873418e+01
-2.85272750144e+01
-2.84883437421e+01
-2.84369683472e+01
-2.84308415993e+01
-2.85131976060e+01
-2.84740672639e+01
-2.84364133706e+01
-2.84242300339e+01
-2.84767883375e+01
-2.84933678665e+01
-2.83949338126e+01
-2.84619237811e+01
-2.84437770349e+01
-2.84484910175e+01
-2.84284633118e+01
-2.84374713043e+01
-2.84259426980e+01
-2.84371054965e+01
-2.84796878339e+01
-2.84391268848e+01
-2.83896299289e+01
-2.84170670504e+01
-2.84515408211e+01
-2.84039325960e+01
-2.85234920754e+01
-2.84049573590e+01
-2.83821282110e+01
-2.84546496949e+01
-2.84475179301e+01
-2.84884542839e+01
-2.85168054165e+01
-2.84678771664e+01
-2.84514910408e+01
-2.84592216863e+01
-2.84660032800e+01
-2.84555374759e+01
-2.84039496398e+01
-2.84220061119e+01
-2.84847326808e+01
-2.84672160389e+01
-2.84633302084e+01
-2.84050476164e+01
-2.84737368919e+01
-2.84301524559e+01
-2.84969427002e+01
-2.84678807223e+01
-2.84943529474e+01
-2.84778041494e+01
-2.84051874953e+01
-2.85031923663e+01
-2.84416808213e+01
-2.84603265985e+01
-2.84278819374e+01
-2.84053299453e+01
-2.84661437475e+01
-2.85125782267e+01
-2.85137108090e+01
-2.84734321337e+01
-2.84766224462e+01
-2.84721758041e+01
-2.84805541421e+01
-2.84645011278e+01
-2.84806824787e+01
-2.84555971510e+01
-2.84340267018e+01
-2.84591450902e+01
-2.85398737560e+01
-2.85134778947e+01
-2.83358636053e+01
-2.84088011882e+01
-2.84800406604e+01
-2.84602458243e+01
-2.84853809358e+01
-2.83593537652e+01
-2.85033918182e+01
-2.83786138474e+01
-2.83991993280e+01
-2.84240411589e+01
-2.84288597078e+01
-2.84824973199e+01
-2.84888851135e+01
-2.84370683188e+01
-2.84327996287e+01
-2.84214366998e+01
-2.85219500496e+01
-2.84739025041e+01
-2.85208410643e+01
-2.83747971680e+01
-2.84416215877e+01
-2.84354757785e+01
-2.84026240557e+01
-2.84337642510e+01
-2.85072755123e+01
-2.84960375431e+01
-2.84524673901e+01
-2.84328873154e+01
-2.84729153197e+01
-2.85044099375e+01
-2.83839599097e+01
-2.84771221865e+01
-2.84869400398e+01
-2.84450358467e+01
-2.84619302191e+01
-2.84819089078e+01
-2.85058143507e+01
-2.84135878085e+01
-2.84366929676e+01
-2.84817193838e+01
-2.84719717862e+01
-2.85172889663e+01
-2.84613594991e+01
-2.84850426356e+01
-2.83991631211e+01
-2.85056155556e+01
-2.84290834199e+01
-2.85639288341e+01
-2.84403220958e+01
-2.84600750849e+01
-2.84861661589e+01
-2.84817768534e+01
-2.85270868719e+01
-2.85134968521e+01
-2.84951747432e+01
-2.85023085832e+01
-2.84879421744e+01
-2.85357263018e+01
-2.84581099406e+01
-2.83606513165e+01
-2.84637869766e+01
-2.84299582468e+01
-2.85260624789e+01
-2.85016367772e+01
-2.84873659489e+01
-2.84639602091e+01
-2.84426808270e+01
-2.85229564818e+01
-2.85632069605e+01
-2.84714021721e+01
-2.84536934775e+01
-2.84696550626e+01
-2.84674047914e+01
-2.84661083207e+01
-2.84531176680e+01
-2.84565940676e+01
-2.85172442157e+01
-2.84498293028e+01
-2.84688879874e+01
-2.84514154494e+01
-2.84740923912e+01
-2.84398625321e+01
-2.84873685490e+01
-2.84443101778e+01
-2.84038893008e+01
-2.84681626322e+01
-2.84279593429e+01
-2.84567672252e+01
-2.84266190868e+01
-2.84837930819e+01
-2.84257313905e+01
-2.84441734150e+01
-2.84546039280e+01
-2.85138000731e+01
-2.84326787471e+01
-2.84583809623e+01
-2.84478734703e+01
-2.84069987853e+01
-2.84912552263e+01
-2.85023289118e+01
-2.85276044180e+01
-2.84267074336e+01
-2.85244959268e+01
-2.84406412809e+01
-2.84739699739e+01
-2.84607057897e+01
-2.84642111791e+01
-2.84980622564e+01
-2.84327170241e+01
-2.84188888783e+01
-2.84262698306e+01
-2.84074185280e+01
-2.85117150950e+01
-2.84870103961e+01
-2.84770723469e+01
-2.84384887449e+01
-2.84705990748e+01
-2.84476737191e+01
-2.83828338401e+01
-2.84630139304e+01
-2.84731034225e+01
-2.84881814887e+01
-2.85305529921e+01
-2.84356688343e+01
-2.84579620984e+01
-2.85080859234e+01
-2.84654694810e+01
-2.84417250364e+01
-2.84469966456e+01
-2.84498569525e+01
-2.84045324161e+01
-2.84777967756e+01
-2.84531229097e+01
-2.84288473757e+01
-2.84561969470e+01
-2.84379505889e+01
-2.83598544111e+01
-2.84276246673e+01
-2.85031363855e+01
-2.84673222418e+01
-2.84199429300e+01
-2.85313872551e+01
-2.84737488168e+01
-2.84754290242e+01
-2.84323377697e+01
-2.84872157338e+01
-2.85090934874e+01
-2.85008321382e+01
-2.84099627524e+01
-2.84005356671e+01
-2.84215308939e+01
-2.84752820935e+01
-2.83947518422e+01
-2.84617005531e+01
-2.83968159983e+01
-2.84731344858e+01
-2.84515560018e+01
-2.84808237641e+01
-2.84546384389e+01
-2.85019284197e+01
-2.84817695738e+01
-2.84751794349e+01
-2.84990464271e+01
-2.85035181799e+01
-2.84725213356e+01
-2.84632773286e+01
-2.84286712252e+01
-2.85440937373e+01
-2.84655995326e+01
-2.84487386634e+01
-2.84300803562e+01
-2.85089198509e+01
-2.85083494214e+01
-2.84660521671e+01
-2.84486240253e+01
-2.84355595163e+01
-2.85208941126e+01
-2.84561014784e+01
-2.84961751133e+01
-2.84627332849e+01
-2.84520793693e+01
-2.85225776832e+01
-2.84368617502e+01
-2.84554049423e+01
-2.84397943418e+01
-2.84787175817e+01
-2.83895907575e+01
-2.84860405865e+01
-2.84882640351e+01
-2.84249006304e+01
-2.84456614388e+01
-2.84086351776e+01
-2.84341414693e+01
-2.84296498182e+01
-2.84758953158e+01
-2.84011954229e+01
-2.84435597411e+01
-2.84422384239e+01
-2.84933811578e+01
-2.84467592922e+01
-2.84548383019e+01
-2.85009953178e+01
-2.85239675825e+01
-2.85056759180e+01
-2.84839649896e+01
-2.84974304740e+01
-2.84559481275e+01
-2.84858002731e+01
-2.84748381300e+01
-2.84548841584e+01
-2.85091258415e+01
-2.84573978496e+01
-2.83764373050e+01
-2.85330452075e+01
-2.85082619611e+01
-2.84076878924e+01
-2.83932346318e+01
-2.83964982013e+01
-2.84246491958e+01
-2.84838040061e+01
-2.84587704520e+01
-2.85129481908e+01
-2.85087759251e+01
-2.84963091733e+01
-2.84640597430e+01
-2.84599499351e+01
-2.84866336522e+01
-2.83849955429e+01
-2.84444537458e+01
-2.84545124378e+01
-2.84657518052e+01
-2.83824296752e+01
-2.85128486780e+01
-2.84581866769e+01
-2.84913496967e+01
-2.84431438268e+01
-2.84547901157e+01
-2.83925283603e+01
-2.85196464759e+01
-2.85152702088e+01
-2.84854826022e+01
-2.84990184292e+01
-2.84778100660e+01
-2.84619151354e+01
-2.85045062500e+01
-2.85092636477e+01
-2.84179885467e+01
-2.84822093640e+01
-2.84556986186e+01
-2.84860816639e+01
-2.85025684175e+01
-2.83809190008e+01
-2.84336278346e+01
-2.84956053136e+01
-2.84600912826e+01
-2.84876885309e+01
-2.85002332054e+01
-2.84293622454e+01
-2.84927757056e+01
-2.84611487880e+01
-2.84160350987e+01
-2.84301128549e+01
-2.83748568228e+01
-2.84572938671e+01
-2.83964631879e+01
-2.84260491337e+01
-2.85039486401e+01
-2.84254501267e+01
-2.84689185401e+01
-2.85059227110e+01
-2.84634798944e+01
-2.84238954756e+01
-2.85152915901e+01
-2.84016963851e+01
-2.84089062443e+01
-2.84855907375e+01
-2.84929550528e+01
-2.84876372724e+01
-2.83993039017e+01
-2.84681581352e+01
-2.85173892788e+01
-2.84721436925e+01
-2.85270765996e+01
-2.84776441449e+01
-2.84514310455e+01
-2.84853016245e+01
-2.84510655644e+01
-2.85167677395e+01
-2.84708663150e+01
-2.84195691345e+01
-2.84164368518e+01
-2.84411123154e+01
-2.85135004800e+01
-2.84008075346e+01
-2.85223879355e+01
-2.84992192240e+01
-2.85108258798e+01
-2.84921498605e+01
-2.84486423110e+01
-2.84323177967e+01
-2.85361548984e+01
-2.84663393629e+01
-2.84791257047e+01
-2.83773590116e+01
-2.84608604624e+01
-2.84125605072e+01
-2.84066100500e+01
-2.85633656425e+01
-2.85132125394e+01
-2.84827088588e+01
-2.84099598116e+01
-2.84801252416e+01
-2.84234987598e+01
-2.84466807438e+01
-2.84580853327e+01