-1.46632267315e+01
-1.46472447014e+01
-1.46290098449e+01
-1.46823456540e+01
-1.46206737813e+01
-1.46363378237e+01
-1.46308941753e+01
-1.46313933256e+01
-1.46635098491e+01
-1.46816258108e+01
-1.46502952450e+01
-1.46570801740e+01
-1.46893981634e+01
-1.46620837522e+01
-1.46532364103e+01
-1.46653942490e+01
-1.46251939639e+01
-1.46377293430e+01
-1.46500487343e+01
-1.46449353635e+01
-1.46906905065e+01
-1.46739490638e+01
-1.46677621376e+01
-1.46220210257e+01
-1.46989265177e+01
-1.47129269898e+01
-1.47094780107e+01
-1.46230537021e+01
-1.46233094697e+01
-1.46606888234e+01
-1.46784833034e+01
-1.46763402697e+01
-1.46752072046e+01
-1.46485078620e+01
-1.46807196635e+01
-1.46897290483e+01
-1.47023385183e+01
-1.46756765635e+01
-1.46561232263e+01
-1.46818341866e+01
-1.46667760410e+01
-1.46477020324e+01
-1.46548944998e+01
-1.46322320194e+01
-1.46749628742e+01
-1.46509324518e+01
-1.46905594325e+01
-1.46571847104e+01
-1.46281300248e+01
-1.46757321098e+01
-1.46557645002e+01
-1.46937705331e+01
-1.46498671221e+01
-1.46503787827e+01
-1.46850368773e+01
-1.46739253187e+01
-1.46660106340e+01
-1.46437992538e+01
-1.46782361511e+01
-1.46823325249e+01
-1.46865110430e+01
-1.46772861637e+01
-1.46543218354e+01
-1.46462121399e+01
-1.46887718166e+01
-1.46194019361e+01
-1.46418172285e+01
-1.46544294947e+01
-1.46675080918e+01
-1.46244998491e+01
-1.46412855005e+01
-1.46684589539e+01
-1.46508913897e+01
-1.46712619115e+01
-1.46857172328e+01
-1.46443924835e+01
-1.46765492961e+01
-1.46276252260e+01
-1.46589889881e+01
-1.46428353043e+01
-1.46359734520e+01
-1.46494269727e+01
-1.46347569069e+01
-1.46607284458e+01
-1.46642989673e+01
-1.46596384879e+01
-1.46632687174e+01
-1.46787730841e+01
-1.46921068864e+01
-1.46803715482e+01
-1.46484361850e+01
-1.46698348565e+01
-1.46627748411e+01
-1.46579891407e+01
-1.47005818565e+01
-1.46462695753e+01
-1.46506350634e+01
-1.46393115834e+01
-1.46483878469e+01
-1.46397817427e+01
-1.46570752344e+01
-1.46987148451e+01
-1.46526038496e+01
-1.46604202826e+01
-1.46386706712e+01
-1.46542117655e+01
-1.46770924969e+01
-1.46451158762e+01
-1.46690157050e+01
-1.46742703443e+01
-1.46676436438e+01
-1.46912244880e+01
-1.46391390946e+01
-1.46514946770e+01
-1.46334215475e+01
-1.46870245155e+01
-1.46786443329e+01
-1.46829150448e+01
-1.46950553844e+01
-1.46783372218e+01
-1.46507172472e+01
-1.46488260414e+01
-1.46886958070e+01
-1.46693620812e+01
-1.46512541883e+01
-1.46424321810e+01
-1.46686908524e+01
-1.46805014699e+01
-1.46291596367e+01
-1.46612223211e+01
-1.46543935076e+01
-1.46568409123e+01
-1.46471152974e+01
-1.46496516058e+01
-1.46432397796e+01
-1.46487615457e+01
-1.46722930194e+01
-1.46506439435e+01
-1.46248172120e+01
-1.46387493255e+01
-1.46596967560e+01
-1.46325269204e+01
-1.46961180370e+01
-1.46353706457e+01
-1.46203885934e+01
-1.46604273397e+01
-1.46563509434e+01
-1.46753685402e+01
-1.46920790416e+01
-1.46642286270e+01
-1.46583327350e+01
-1.46606603157e+01
-1.46634539059e+01
-1.46557589285e+01
-1.46303771233e+01
-1.46437865070e+01
-1.46730351158e+01
-1.46661768921e+01
-1.46625396374e+01
-1.46351635386e+01
-1.46703609718e+01
-1.46476613838e+01
-1.46819323901e+01
-1.46677751505e+01
-1.46816738313e+01
-1.46712392689e+01
-1.46345669977e+01
-1.46828691656e+01
-1.46537448282e+01
-1.46628170868e+01
-1.46436363163e+01
-1.46334999216e+01
-1.46645216528e+01
-1.46865458051e+01
-1.46898934910e+01
-1.46699778376e+01
-1.46674711545e+01
-1.46669831739e+01
-1.46730979326e+01
-1.46638740263e+01
-1.46709335559e+01
-1.46609208820e+01
-1.46489896357e+01
-1.46631315802e+01
-1.47039577860e+01
-1.46889511418e+01
-1.45972906448e+01
-1.46369051209e+01
-1.46741743228e+01
-1.46626939767e+01
-1.46777075697e+01
-1.46105502730e+01
-1.46870634996e+01
-1.46191501138e+01
-1.46279656975e+01
-1.46449674531e+01
-1.46459862229e+01
-1.46742634808e+01
-1.46791279387e+01
-1.46511152196e+01
-1.46451760333e+01
-1.46429218377e+01
-1.46944449867e+01
-1.46680106466e+01
-1.46945630376e+01
-1.46203903227e+01
-1.46514961477e+01
-1.46483608886e+01
-1.46337968016e+01
-1.46490217315e+01
-1.46889078217e+01
-1.46785710657e+01
-1.46582253962e+01
-1.46451711663e+01
-1.46697953449e+01
-1.46830387049e+01
-1.46218729220e+01
-1.46715778651e+01
-1.46790862632e+01
-1.46508351233e+01
-1.46629854420e+01
-1.46730853562e+01
-1.46826507652e+01
-1.46361054868e+01
-1.46513229755e+01
-1.46749358968e+01
-1.46697139396e+01
-1.46908403327e+01
-1.46623408211e+01
-1.46762685684e+01
-1.46309321061e+01
-1.46855624227e+01
-1.46441211281e+01
-1.47147613376e+01
-1.46548491058e+01
-1.46615459910e+01
-1.46754993740e+01
-1.46719678174e+01
-1.46949088989e+01
-1.46885468343e+01
-1.46786348265e+01
-1.46835768547e+01
-1.46785912874e+01
-1.47009668722e+01
-1.46614923642e+01
-1.46058576934e+01
-1.46631934657e+01
-1.46460987789e+01
-1.46979429777e+01
-1.46815534351e+01
-1.46743350809e+01
-1.46623839432e+01
-1.46529239060e+01
-1.46952383253e+01
-1.47139887962e+01
-1.46675766769e+01
-1.46574055330e+01
-1.46698887849e+01
-1.46667979759e+01
-1.46637391047e+01
-1.46576009510e+01
-1.46597630590e+01
-1.46898829047e+01
-1.46548307187e+01
-1.46661389530e+01
-1.46585857900e+01
-1.46674288118e+01
-1.46532977871e+01
-1.46786425565e+01
-1.46523973588e+01
-1.46337772649e+01
-1.46693088438e+01
-1.46472232110e+01
-1.46623026285e+01
-1.46439978711e+01
-1.46733755709e+01
-1.46414625245e+01
-1.46570384978e+01
-1.46616855747e+01
-1.46898881352e+01
-1.46498354720e+01
-1.46607433636e+01
-1.46557894479e+01
-1.46348254144e+01
-1.46787356272e+01
-1.46838049369e+01
-1.46955082849e+01
-1.46451874500e+01
-1.46950925470e+01
-1.46506880598e+01
-1.46689394645e+01
-1.46661944457e+01
-1.46641835106e+01
-1.46827653431e+01
-1.46457497201e+01
-1.46428465955e+01
-1.46447234064e+01
-1.46345415943e+01
-1.46887457415e+01
-1.46776036893e+01
-1.46696699326e+01
-1.46507692110e+01
-1.46676903174e+01
-1.46558477638e+01
-1.46221286229e+01
-1.46639215696e+01
-1.46667044817e+01
-1.46781481099e+01
-1.47004848041e+01
-1.46471657576e+01
-1.46601695115e+01
-1.46846591294e+01
-1.46649782910e+01
-1.46547877873e+01
-1.46562381104e+01
-1.46586324052e+01
-1.46311643532e+01
-1.46723710723e+01
-1.46565839360e+01
-1.46445472631e+01
-1.46591868921e+01
-1.46487354115e+01
-1.46097337527e+01
-1.46453989436e+01
-1.46840591412e+01
-1.46692639945e+01
-1.46400866610e+01
-1.46984441989e+01
-1.46681606176e+01
-1.46714724618e+01
-1.46480192538e+01
-1.46780462020e+01
-1.46893373763e+01
-1.46861532140e+01
-1.46379989402e+01
-1.46293081570e+01
-1.46440293198e+01
-1.46689705519e+01
-1.46248424561e+01
-1.46637657234e+01
-1.46276052879e+01
-1.46700880575e+01
-1.46595714127e+01
-1.46713437002e+01
-1.46578024720e+01
-1.46835118399e+01
-1.46729785175e+01
-1.46693368365e+01
-1.46810108461e+01
-1.46858293507e+01
-1.46682330166e+01
-1.46644185041e+01
-1.46461976542e+01
-1.47036662371e+01
-1.46666481675e+01
-1.46568394852e+01
-1.46460276043e+01
-1.46874894520e+01
-1.46839083629e+01
-1.46634591245e+01
-1.46557312626e+01
-1.46499572184e+01
-1.46923813782e+01
-1.46597829563e+01
-1.46800381305e+01
-1.46648440481e+01
-1.46584980331e+01
-1.46960568176e+01
-1.46482773828e+01
-1.46594791485e+01
-1.46495533465e+01
-1.46719049757e+01
-1.46266554618e+01
-1.46783271604e+01
-1.46745280541e+01
-1.46445756461e+01
-1.46538730296e+01
-1.46384370284e+01
-1.46502691088e+01
-1.46429992608e+01
-1.46685727865e+01
-1.46319676541e+01
-1.46517796626e+01
-1.46509694458e+01
-1.46804986127e+01
-1.46543212752e+01
-1.46590038750e+01
-1.46832263317e+01
-1.46923733970e+01
-1.46869855527e+01
-1.46734368582e+01
-1.46806836015e+01
-1.46587929407e+01
-1.46751445266e+01
-1.46654779291e+01
-1.46587355523e+01
-1.46867369038e+01
-1.46608122963e+01
-1.46189384114e+01
-1.47024386733e+01
-1.46868955236e+01
-1.46329822833e+01
-1.46287392651e+01
-1.46303112035e+01
-1.46400407511e+01
-1.46767549221e+01
-1.46611354286e+01
-1.46912630344e+01
-1.46850785031e+01
-1.46806833415e+01
-1.46640648627e+01
-1.46654118211e+01
-1.46755878220e+01
-1.46231158720e+01
-1.46537015886e+01
-1.46598512373e+01
-1.46650102347e+01
-1.46227478997e+01
-1.46891468738e+01
-1.46632344979e+01
-1.46764316246e+01
-1.46552582175e+01
-1.46586148661e+01
-1.46276274800e+01
-1.46925916522e+01
-1.46926044435e+01
-1.46767083392e+01
-1.46827270658e+01
-1.46702583575e+01
-1.46632561070e+01
-1.46850518176e+01
-1.46913596072e+01
-1.46419379047e+01
-1.46740687768e+01
-1.46585539056e+01
-1.46748584472e+01
-1.46836184628e+01
-1.46192367422e+01
-1.46499689640e+01
-1.46805936275e+01
-1.46628876729e+01
-1.46738761371e+01
-1.46816428133e+01
-1.46485593999e+01
-1.46804262804e+01
-1.46600793205e+01
-1.46377523988e+01
-1.46452832161e+01
-1.46165559502e+01
-1.46603969175e+01
-1.46294397069e+01
-1.46446772621e+01
-1.46845147811e+01
-1.46465765625e+01
-1.46674704300e+01
-1.46870398387e+01
-1.46614758192e+01
-1.46456964083e+01
-1.46899617500e+01
-1.46316816961e+01
-1.46324127564e+01
-1.46762392535e+01
-1.46808810926e+01
-1.46784735594e+01
-1.46289763951e+01
-1.46656246098e+01
-1.46884260771e+01
-1.46694965756e+01
-1.46998477970e+01
-1.46743889495e+01
-1.46584647005e+01
-1.46730590056e+01
-1.46565484402e+01
-1.46893210783e+01
-1.46711107658e+01
-1.46391014584e+01
-1.46412785651e+01
-1.46539664129e+01
-1.46898470509e+01
-1.46319826238e+01
-1.46955027872e+01
-1.46822421340e+01
-1.46913395194e+01
-1.46785556837e+01
-1.46569383514e+01
-1.46468285245e+01
-1.47005336775e+01
-1.46646193151e+01
-1.46720828942e+01
-1.46178986417e+01
-1.46628656963e+01
-1.46349457943e+01
-1.46356854932e+01
-1.47155140527e+01
-1.46880831559e+01
-1.46727384379e+01
-1.46340325778e+01
-1.46716077018e+01
-1.46435600064e+01
-1.46565632694e+01
-1.46609342271e+01