7.54047883731e+03
7.51161845255e+03
7.53681710778e+03
7.51167445898e+03
7.52611691909e+03
7.52512061004e+03
7.54282455292e+03
7.52128120186e+03
7.53800436435e+03
7.49805735310e+03
7.51910083627e+03
7.52676532947e+03
7.51339659768e+03
7.54606151746e+03
7.49860658479e+03
7.54347245167e+03
7.53064270662e+03
7.51733710745e+03
7.51675355704e+03
7.54921739406e+03
7.54176629791e+03
7.56311308282e+03
7.51647034021e+03
7.54815103092e+03
7.50466091616e+03
7.52977088723e+03
7.54798491885e+03
7.52768046385e+03
7.52521143774e+03
7.56068844970e+03
7.54876561372e+03
7.53117466032e+03
7.55884478203e+03
7.56137380270e+03
7.55656422035e+03
7.51253119133e+03
7.52692337736e+03
7.53840890469e+03
7.51832078316e+03
7.56049774507e+03
7.54427189296e+03
7.53108360802e+03
7.53984239451e+03
7.53876971868e+03
7.56106995927e+03
7.53159413161e+03
7.51518853253e+03
7.54071196612e+03
7.51316572727e+03
7.47954163466e+03
7.51599456798e+03
7.52994817029e+03
7.51261631852e+03
7.53620989253e+03
7.53572634284e+03
7.57917344107e+03
7.51525787657e+03
7.56290915968e+03
7.55025522747e+03
7.53616446443e+03
7.54703078267e+03
7.53564657863e+03
7.52651480222e+03
7.55288157494e+03
7.56180437047e+03
7.54226836564e+03
7.50569708212e+03
7.52425956816e+03
7.53775600415e+03
7.51484641187e+03
7.51917460946e+03
7.51830672875e+03
7.52576402703e+03
7.49890288584e+03
7.54230881296e+03
7.50581258543e+03
7.50976001506e+03
7.54666899800e+03
7.55298043589e+03
7.53170750594e+03
7.54693545713e+03
7.53489176163e+03
7.52271091822e+03
7.52565345807e+03
7.52374616735e+03
7.53089465970e+03
7.54078572419e+03
7.55311116675e+03
7.54730526196e+03
7.53941261772e+03
7.55974353200e+03
7.51712962518e+03
7.56580784851e+03
7.56306401180e+03
7.56291891076e+03
7.54835847434e+03
7.53916167407e+03
7.55552581102e+03
7.51379060649e+03
7.52754287978e+03
7.57038045773e+03
7.50551495902e+03
7.50553938614e+03
7.54188105721e+03
7.53619754723e+03
7.50914888347e+03
7.55380062241e+03
7.51566143981e+03
7.52209610710e+03
7.51204606452e+03
7.51532857387e+03
7.53169676244e+03
7.53717545704e+03
7.50821199385e+03
7.53578890668e+03
7.51838959611e+03
7.50302379756e+03
7.52560821144e+03
7.53536121071e+03
7.52953480238e+03
7.53309511333e+03
7.51988271579e+03
7.54983308037e+03
7.50224767959e+03
7.52316898003e+03
7.54190096579e+03
7.53341073371e+03
7.52519271755e+03
7.51868009671e+03
7.52488972580e+03
7.52756376399e+03
7.51853549761e+03
7.54325699293e+03
7.50902532547e+03
7.54644503631e+03
7.53902751844e+03
7.54467469313e+03
7.51754711399e+03
7.54440131948e+03
7.53683895304e+03
7.54271865421e+03
7.51686379601e+03
7.52158744782e+03
7.53383466078e+03
7.52251577555e+03
7.53341613875e+03
7.55176311970e+03
7.58123318086e+03
7.51296761064e+03
7.52733231841e+03
7.51687939306e+03
7.48837193545e+03
7.50888571279e+03
7.52578761637e+03
7.50114352779e+03
7.53373989007e+03
7.53190038507e+03
7.50820742460e+03
7.53614453813e+03
7.53028634666e+03
7.53077877824e+03
7.53155413017e+03
7.55801558510e+03
7.52665929464e+03
7.54053925855e+03
7.52858406621e+03
7.51935773581e+03
7.53169269159e+03
7.51835378331e+03
7.51894326209e+03
7.51793586648e+03
7.53761362236e+03
7.54326048132e+03
7.57232927495e+03
7.50255072123e+03
7.54304611397e+03
7.53063108957e+03
7.50219710876e+03
7.54481439053e+03
7.54464845926e+03
7.54469561187e+03
7.52041380330e+03
7.54392030359e+03
7.51870510864e+03
7.56187390832e+03
7.50564171929e+03
7.50626965288e+03
7.53028739510e+03
7.51862998943e+03
7.53459818436e+03
7.51196228433e+03
7.53788192211e+03
7.55400904888e+03
7.52651644697e+03
7.54470866441e+03
7.51123047810e+03
7.51928665637e+03
7.54175685394e+03
7.55389474845e+03
7.53734917333e+03
7.49957696992e+03
7.52846851234e+03
7.51648303156e+03
7.53064473592e+03
7.50748929644e+03
7.53030560839e+03
7.56268569076e+03
7.57126141007e+03
7.54921706766e+03
7.53969026092e+03
7.52141889688e+03
7.56584989448e+03
7.54232430945e+03
7.54027593534e+03
7.50112465792e+03
7.54856257617e+03
7.53337405291e+03
7.51494442234e+03
7.51591433484e+03
7.51520427974e+03
7.53238307947e+03
7.51942337282e+03
7.51360539664e+03
7.56090828153e+03
7.55122583502e+03
7.54034647370e+03
7.54459111374e+03
7.49679858939e+03
7.51381380144e+03
7.52939274141e+03
7.54513621667e+03
7.55735729546e+03
7.54159694610e+03
7.56290211616e+03
7.53296047595e+03
7.54476153747e+03
7.51867505897e+03
7.54078095067e+03
7.54202298730e+03
7.53528988968e+03
7.50712069590e+03
7.55001557543e+03
7.53427992773e+03
7.56776529360e+03
7.54140231811e+03
7.52974640024e+03
7.56213352135e+03
7.55957395685e+03
7.54285389701e+03
7.56201922492e+03
7.53792447239e+03
7.49215807111e+03
7.53320615658e+03
7.53427760212e+03
7.52149007822e+03
7.54116958585e+03
7.54410449555e+03
7.53165288985e+03
7.53106915024e+03
7.52181939420e+03
7.54207082449e+03
7.53527894815e+03
7.52021631415e+03
7.50057328891e+03
7.50094736080e+03
7.52998428043e+03
7.51489506873e+03
7.52176320924e+03
7.51718576232e+03
7.53350659365e+03
7.53878067576e+03
7.52616034414e+03
7.53877333194e+03
7.54552527939e+03
7.52087335367e+03
7.55015632395e+03
7.51316065024e+03
7.50788371635e+03
7.54922603265e+03
7.55131053775e+03
7.52214512509e+03
7.51604894739e+03
7.53006829850e+03
7.51040427150e+03
7.51545484970e+03
7.52879044730e+03
7.53329508010e+03
7.53575081157e+03
7.53327527816e+03
7.50074150358e+03
7.54324344342e+03
7.53226646266e+03
7.55066179845e+03
7.52867265970e+03
7.50973569276e+03
7.53047769939e+03
7.54341964289e+03
7.53946852623e+03
7.56390328509e+03
7.54624000993e+03
7.55516659802e+03
7.56672541813e+03
7.54628086090e+03
7.52060138743e+03
7.53437159224e+03
7.57168679851e+03
7.51348112627e+03
7.53279787090e+03
7.54302915634e+03
7.52057024047e+03
7.55145566102e+03
7.51648958964e+03
7.52456145947e+03
7.52486759485e+03
7.54000141609e+03
7.52354309109e+03
7.54401606614e+03
7.53472086990e+03
7.56323994713e+03
7.53575482775e+03
7.52106097840e+03
7.56724307393e+03
7.51969228248e+03
7.51195008150e+03
7.54238517499e+03
7.53740425688e+03
7.52574017723e+03
7.53173080020e+03
7.49714743874e+03
7.51176086341e+03
7.54587251588e+03
7.54224424610e+03
7.55462719034e+03
7.51395642063e+03
7.54637370980e+03
7.52912627466e+03
7.53378129974e+03
7.52812360772e+03
7.57188040839e+03
7.52945766494e+03
7.51816813160e+03
7.56381863216e+03
7.52549356779e+03
7.51400642289e+03
7.52699977368e+03
7.48777918277e+03
7.49012254240e+03
7.52000037314e+03
7.52113831946e+03
7.51514488117e+03
7.51657879976e+03
7.52752325171e+03
7.54800449112e+03
7.54254031835e+03
7.53901561092e+03
7.51210111440e+03
7.51443796985e+03
7.53576911410e+03
7.50664172652e+03
7.53940196964e+03
7.53187759348e+03
7.54717511333e+03
7.52746507151e+03
7.53503651759e+03
7.54065434430e+03
7.48656755516e+03
7.53602669945e+03
7.52985782333e+03
7.54332957766e+03
7.52941035618e+03
7.52174006845e+03
7.51882516659e+03
7.53374207950e+03
7.53020855755e+03
7.51308543733e+03
7.52335477995e+03
7.56412138874e+03
7.54720556699e+03
7.53354171346e+03
7.55608672875e+03
7.54849759223e+03
7.51314920067e+03
7.53949419382e+03
7.54683192803e+03
7.52556270342e+03
7.53220477292e+03
7.52256139206e+03
7.52083929904e+03
7.52290888492e+03
7.51047212342e+03
7.50759212112e+03
7.55418599732e+03
7.52186143757e+03
7.53764197182e+03
7.52619006883e+03
7.53166483972e+03
7.53546380468e+03
7.54859633432e+03
7.51966796491e+03
7.52312660338e+03
7.52854198604e+03
7.51700417382e+03
7.53964106446e+03
7.53561004201e+03
7.52464915568e+03
7.54755551304e+03
7.51313964069e+03
7.55852738264e+03
7.51666767907e+03
7.51649919845e+03
7.50108242298e+03
7.53994610651e+03
7.54716876977e+03
7.51691096965e+03
7.52724414862e+03
7.54181418879e+03
7.54398009793e+03
7.53397860616e+03
7.52804512289e+03
7.52320061469e+03
7.54435731052e+03
7.52575869008e+03
7.52098135400e+03
7.55158144165e+03
7.52730927199e+03
7.51218688388e+03
7.53556440865e+03
7.53981039609e+03
7.54877909920e+03
7.51752846836e+03
7.54086083556e+03
7.52139250343e+03
7.53680009687e+03
7.53611043862e+03
7.52339285423e+03
7.54061281358e+03
7.51624828459e+03
7.54470339452e+03
7.53394850727e+03
7.53409203704e+03
7.54120058934e+03
7.54443158619e+03
7.54706615594e+03
7.51685887854e+03
7.51407573555e+03
7.52408646449e+03
7.53724543821e+03
7.53398195839e+03
7.53113737778e+03
7.50694441941e+03
7.48855510040e+03
7.55677471764e+03
7.55801513302e+03
7.53604810198e+03
7.54155605022e+03
7.51524530071e+03
7.52237224643e+03
7.52093725968e+03
7.52890232951e+03
7.52030705411e+03
7.52296470155e+03
7.53255370817e+03
7.51100126362e+03
7.55860533102e+03
7.53319363389e+03
7.55537809285e+03
7.53290391067e+03
7.52810585819e+03
7.51183700876e+03
7.51378294445e+03
7.50736599938e+03
7.54323989966e+03
7.54015893415e+03
7.53310315675e+03
7.51744422728e+03
7.55613454196e+03
7.54572924079e+03
7.51461699724e+03
7.54266092666e+03
7.53785390198e+03
7.55682373623e+03
7.55390398487e+03
7.52706701530e+03
7.52730834421e+03
7.51838572543e+03
7.52049234848e+03
7.51241272122e+03
7.53649917454e+03
7.52483752984e+03
7.54265136210e+03
7.53448934162e+03
7.50496010794e+03
7.49978309764e+03
7.51229135029e+03
7.51746750595e+03
7.53076364511e+03
7.53852139637e+03
7.53059969403e+03
7.52809525818e+03
7.50065978691e+03
7.53242511069e+03