-2.29941325894e+00
-2.29979249191e+00
-2.29861201673e+00
-2.30050952865e+00
-2.29952622202e+00
-2.29945814325e+00
-2.29760252904e+00
-2.29820857606e+00
-2.30015990603e+00
-2.29980710033e+00
-2.29988431576e+00
-2.29964755382e+00
-2.29985386772e+00
-2.29785541491e+00
-2.29956926890e+00
-2.29946015766e+00
-2.29958414718e+00
-2.29952162744e+00
-2.29944040141e+00
-2.29725271252e+00
-2.30079969124e+00
-2.29868270584e+00
-2.29942332557e+00
-2.29792703319e+00
-2.30001452233e+00
-2.29793709418e+00
-2.29942416172e+00
-2.29988031814e+00
-2.29880953133e+00
-2.29901593718e+00
-2.29993805886e+00
-2.29898771556e+00
-2.29891563023e+00
-2.29997620090e+00
-2.29947216146e+00
-2.29798913092e+00
-2.30044156417e+00
-2.29919728110e+00
-2.29907093316e+00
-2.29903548584e+00
-2.29943249325e+00
-2.29833109511e+00
-2.29922905653e+00
-2.29883774255e+00
-2.29921427648e+00
-2.29976651554e+00
-2.29818616643e+00
-2.29992441807e+00
-2.29848331198e+00
-2.30089843113e+00
-2.29966057732e+00
-2.30037225910e+00
-2.29905427956e+00
-2.29882329841e+00
-2.29851495184e+00
-2.29860868087e+00
-2.29899377827e+00
-2.29836551036e+00
-2.30085126841e+00
-2.29989402932e+00
-2.29917788061e+00
-2.29920073186e+00
-2.29895929553e+00
-2.29912577916e+00
-2.29882476550e+00
-2.29891145806e+00
-2.29834120059e+00
-2.29986525868e+00
-2.29807225693e+00
-2.29930864147e+00
-2.29927176842e+00
-2.30032726973e+00
-2.29887685455e+00
-2.29915889937e+00
-2.29888424967e+00
-2.29929492594e+00
-2.30040505893e+00
-2.29836051964e+00
-2.30003506061e+00
-2.29883896062e+00
-2.29885957951e+00
-2.29998884495e+00
-2.29699724769e+00
-2.29816438417e+00
-2.29829973591e+00
-2.29988535813e+00
-2.29806129531e+00
-2.29873011952e+00
-2.29995887214e+00
-2.30005508849e+00
-2.29838570912e+00
-2.29749346029e+00
-2.29993028964e+00
-2.29928344661e+00
-2.29894370177e+00
-2.29819993053e+00
-2.29922047911e+00
-2.29914379160e+00
-2.29827061593e+00
-2.29807804878e+00
-2.29881281583e+00
-2.29950384184e+00
-2.29832853714e+00
-2.29937189178e+00
-2.29627340052e+00
-2.29861147059e+00
-2.30013485314e+00
-2.29818629217e+00
-2.29853895476e+00
-2.29986259025e+00
-2.29954391526e+00
-2.29972716656e+00
-2.29956880083e+00
-2.29768935176e+00
-2.29729614606e+00
-2.30122781369e+00
-2.29931395127e+00
-2.29945969427e+00
-2.29904771862e+00
-2.29863257207e+00
-2.30010062529e+00
-2.29914079963e+00
-2.29953597704e+00
-2.29894599811e+00
-2.29909163472e+00
-2.29825022364e+00
-2.29904849948e+00
-2.29896474074e+00
-2.30029473426e+00
-2.29863979358e+00
-2.29897366258e+00
-2.30005214107e+00
-2.29849053250e+00
-2.29862887554e+00
-2.29923538203e+00
-2.29831606456e+00
-2.29980852496e+00
-2.29982194592e+00
-2.29824163330e+00
-2.29918663155e+00
-2.30006574203e+00
-2.29824233861e+00
-2.29960090053e+00
-2.29886212933e+00
-2.29773912876e+00
-2.30007179357e+00
-2.29837119464e+00
-2.30008633203e+00
-2.29913601270e+00
-2.29937362673e+00
-2.29958039435e+00
-2.29928150819e+00
-2.29934657732e+00
-2.29820524736e+00
-2.29890678249e+00
-2.29932415280e+00
-2.29834010568e+00
-2.30044583671e+00
-2.29791347266e+00
-2.29878308133e+00
-2.29981402578e+00
-2.29896194688e+00
-2.29892744644e+00
-2.30084550473e+00
-2.29917266192e+00
-2.29966270519e+00
-2.29832636781e+00
-2.29960587833e+00
-2.29734049380e+00
-2.30001800848e+00
-2.29855497368e+00
-2.29747805127e+00
-2.29990293751e+00
-2.29898422624e+00
-2.29895028820e+00
-2.29923161032e+00
-2.29991756972e+00
-2.29898415112e+00
-2.30105704808e+00
-2.29926428471e+00
-2.29875651894e+00
-2.29737580199e+00
-2.29822421468e+00
-2.29887372514e+00
-2.29943385621e+00
-2.29908413790e+00
-2.29883844690e+00
-2.29940196850e+00
-2.29815184717e+00
-2.29897737464e+00
-2.29764845174e+00
-2.29934034734e+00
-2.29778313790e+00
-2.29789349205e+00
-2.30002240667e+00
-2.29724141317e+00
-2.29859052473e+00
-2.29948477147e+00
-2.29929687015e+00
-2.29990661087e+00
-2.29974764499e+00
-2.29888321939e+00
-2.29924963968e+00
-2.30097090745e+00
-2.30010373572e+00
-2.29894755897e+00
-2.29745646243e+00
-2.29787666165e+00
-2.30008783282e+00
-2.29818567638e+00
-2.29929347259e+00
-2.29932959928e+00
-2.29919560652e+00
-2.29841234172e+00
-2.29930833274e+00
-2.29997588870e+00
-2.29915442699e+00
-2.29944043583e+00
-2.29872329929e+00
-2.29810235434e+00
-2.29810286877e+00
-2.29833904771e+00
-2.29934893913e+00
-2.29890453712e+00
-2.29901725045e+00
-2.29918478985e+00
-2.29945694280e+00
-2.29855619307e+00
-2.29973234589e+00
-2.29816222633e+00
-2.29893315167e+00
-2.29881472610e+00
-2.29860763176e+00
-2.30023088259e+00
-2.29971031771e+00
-2.29926908223e+00
-2.30005434576e+00
-2.29973143189e+00
-2.29853782893e+00
-2.29988546095e+00
-2.29884825463e+00
-2.29863979023e+00
-2.29975914166e+00
-2.29808578167e+00
-2.29880941418e+00
-2.29878349607e+00
-2.29823216295e+00
-2.29867972007e+00
-2.29810080272e+00
-2.29981429709e+00
-2.29918199414e+00
-2.29965296421e+00
-2.29977819894e+00
-2.29893340431e+00
-2.29888300155e+00
-2.29941691569e+00
-2.29853300754e+00
-2.30085861140e+00
-2.29838497170e+00
-2.30039201973e+00
-2.29971462024e+00
-2.29823691427e+00
-2.29932578246e+00
-2.29953956200e+00
-2.29785141334e+00
-2.29887826328e+00
-2.29987061165e+00
-2.29890107464e+00
-2.29884412003e+00
-2.30042174650e+00
-2.29703078807e+00
-2.29983405198e+00
-2.29957990583e+00
-2.29863104468e+00
-2.29984882099e+00
-2.29780542476e+00
-2.29783532482e+00
-2.29947518519e+00
-2.29963848464e+00
-2.29932916770e+00
-2.30018757992e+00
-2.29917355506e+00
-2.29915769436e+00
-2.29793608281e+00
-2.29865804569e+00
-2.29872418408e+00
-2.29890535615e+00
-2.29858768444e+00
-2.29907365467e+00
-2.29865228764e+00
-2.29859688475e+00
-2.29848339123e+00
-2.29936742142e+00
-2.29894419147e+00
-2.29912743043e+00
-2.29939409438e+00
-2.29906183404e+00
-2.29926316848e+00
-2.29885532879e+00
-2.29946714756e+00
-2.29948708805e+00
-2.29928509506e+00
-2.29803496308e+00
-2.29983018138e+00
-2.29820944659e+00
-2.29911923684e+00
-2.29937108647e+00
-2.29947797663e+00
-2.29723999086e+00
-2.29871527433e+00
-2.29912484209e+00
-2.29994023487e+00
-2.29801230081e+00
-2.29911728062e+00
-2.29956125923e+00
-2.30004426250e+00
-2.29913756194e+00
-2.29933838819e+00
-2.29912098929e+00
-2.29820945903e+00
-2.29899100467e+00
-2.29929621903e+00
-2.29849120346e+00
-2.29750865069e+00
-2.29980595822e+00
-2.29920677170e+00
-2.29862597731e+00
-2.29944228546e+00
-2.29947228006e+00
-2.29900907849e+00
-2.30028739626e+00
-2.29948181193e+00
-2.29912584069e+00
-2.29889316331e+00
-2.29886260208e+00
-2.29897653094e+00
-2.29896873602e+00
-2.29933450322e+00
-2.29752619655e+00
-2.29980269916e+00
-2.29889708227e+00
-2.29927786890e+00
-2.30002595468e+00
-2.29806552746e+00
-2.30056411352e+00
-2.29881383691e+00
-2.29907164402e+00
-2.29804826403e+00
-2.29884703622e+00
-2.29926975676e+00
-2.29917897019e+00
-2.30012683928e+00
-2.29875751867e+00
-2.30055944389e+00
-2.29764412846e+00
-2.29872456740e+00
-2.29863664014e+00
-2.29837794426e+00
-2.29947142062e+00
-2.29950679950e+00
-2.29762299765e+00
-2.29999824180e+00
-2.29929343310e+00
-2.29857742333e+00
-2.29893052615e+00
-2.29900170963e+00
-2.29862594121e+00
-2.29957961206e+00
-2.29809101149e+00
-2.29916750511e+00
-2.29921349188e+00
-2.29890431378e+00
-2.29816370838e+00
-2.29860351175e+00
-2.29984284056e+00
-2.29888629546e+00
-2.29847033156e+00
-2.29914867665e+00
-2.29945467937e+00
-2.29843236882e+00
-2.29916542521e+00
-2.29872236464e+00
-2.29886088477e+00
-2.29937666006e+00
-2.29960522466e+00
-2.29885417256e+00
-2.29849633394e+00
-2.29840007622e+00
-2.30054517221e+00
-2.30025800722e+00
-2.29832521259e+00
-2.30013725493e+00
-2.29801987669e+00
-2.29842917273e+00
-2.29904111872e+00
-2.29850142092e+00
-2.29886954766e+00
-2.29674713611e+00
-2.29898808928e+00
-2.29848109835e+00
-2.29991140965e+00
-2.29826653086e+00
-2.29943937106e+00
-2.29861328989e+00
-2.29840562452e+00
-2.29850825108e+00
-2.29962261687e+00
-2.29912244790e+00
-2.29956646242e+00
-2.29920119478e+00
-2.29962670361e+00
-2.29799992268e+00
-2.29943155989e+00
-2.29756588438e+00
-2.29863241738e+00
-2.30024613341e+00
-2.29936463131e+00
-2.29837255564e+00
-2.29954882498e+00
-2.29914084632e+00
-2.29818302131e+00
-2.29918053865e+00
-2.29840342735e+00
-2.29887550162e+00
-2.29925479007e+00
-2.29887146935e+00
-2.29931178692e+00
-2.29856786622e+00
-2.29983419031e+00
-2.29864797555e+00
-2.29911567542e+00
-2.29881428667e+00
-2.29834865558e+00
-2.29897364889e+00
-2.29848561094e+00
-2.29920284756e+00
-2.29914650372e+00
-2.29939351822e+00
-2.29884655004e+00
-2.29898517444e+00
-2.29985359396e+00
-2.29843979532e+00
-2.29917707950e+00
-2.29837375713e+00
-2.30043667617e+00
-2.29857523039e+00
-2.29916866614e+00
-2.29952824658e+00
-2.29850115757e+00
-2.29914335092e+00
-2.29908280856e+00
-2.29922403104e+00
-2.29981710174e+00
-2.29887561451e+00
-2.29917407812e+00
-2.29856606527e+00
-2.30023524374e+00
-2.29883678248e+00
-2.30017835791e+00
-2.29847111965e+00
-2.29891531090e+00
-2.30031280401e+00
-2.29904438421e+00
-2.29907519992e+00
-2.29919407625e+00
-2.29966096654e+00
-2.30087000142e+00
-2.29901018661e+00
-2.29859834138e+00
-2.29825349728e+00
-2.30037584164e+00
-2.29907047762e+00
-2.29832659975e+00
-2.29978348789e+00
-2.29892093448e+00
-2.29894442084e+00
-2.29838496363e+00
-2.29882217566e+00
-2.30026067446e+00
-2.29954522761e+00
-2.29991009714e+00
-2.29903812131e+00
-2.29824702924e+00
-2.29886697552e+00
-2.29879251130e+00
-2.29929198748e+00
-2.29947002568e+00
-2.29841320557e+00
-2.30044214267e+00
-2.29942405175e+00
-2.30005376254e+00
-2.29822987857e+00
-2.29808627455e+00
-2.30081452038e+00
-2.29976436356e+00
-2.29795503959e+00
-2.29909138755e+00
-2.29996872232e+00
-2.29830012005e+00
-2.29877019288e+00
-2.29904971062e+00