2.31510461367e+00
2.31512254064e+00
2.31625603455e+00
2.32185193845e+00
2.31378282319e+00
2.31626076459e+00
2.31111250403e+00
2.31249448487e+00
2.31778456811e+00
2.31979564035e+00
2.31519751315e+00
2.30859680043e+00
2.32188293929e+00
2.30847363046e+00
2.31461179314e+00
2.31792375280e+00
2.31176003271e+00
2.31140244900e+00
2.31795280277e+00
2.31376357759e+00
2.31758802960e+00
2.32640003556e+00
2.31312830581e+00
2.31777948892e+00
2.31170977112e+00
2.31224106078e+00
2.31233997623e+00
2.31608451841e+00
2.31793680531e+00
2.31850067869e+00
2.31805495833e+00
2.31175126645e+00
2.31096194022e+00
2.31959919401e+00
2.31787108696e+00
2.31377929654e+00
2.31862916822e+00
2.31761654373e+00
2.31379104839e+00
2.31275098506e+00
2.31420996416e+00
2.31154954480e+00
2.31909998752e+00
2.31331688090e+00
2.31583013933e+00
2.31364514823e+00
2.31445771196e+00
2.31464865638e+00
2.31907172413e+00
2.31641738713e+00
2.31819812826e+00
2.31083892090e+00
2.31810519118e+00
2.31404515758e+00
2.31468844073e+00
2.31483007986e+00
2.30962667992e+00
2.30558153201e+00
2.31916534706e+00
2.31407548810e+00
2.31333239198e+00
2.32027409236e+00
2.31803804828e+00
2.31143826959e+00
2.31612527786e+00
2.31619018935e+00
2.31624633813e+00
2.31448606457e+00
2.31264340983e+00
2.31229886968e+00
2.31641723357e+00
2.31451167974e+00
2.31983672969e+00
2.31609085105e+00
2.31740126301e+00
2.31611773113e+00
2.32045915403e+00
2.32084746037e+00
2.31906983031e+00
2.31257390340e+00
2.31612118875e+00
2.31762090024e+00
2.31349361670e+00
2.31324899754e+00
2.31054307480e+00
2.31476169099e+00
2.31451022092e+00
2.31666996772e+00
2.31931800773e+00
2.31153081888e+00
2.31137252761e+00
2.31230035616e+00
2.31615948577e+00
2.31573780547e+00
2.31951548074e+00
2.31537208344e+00
2.31389996307e+00
2.31770289339e+00
2.31551001116e+00
2.31808525608e+00
2.31729880277e+00
2.31440201516e+00
2.31305129392e+00
2.31823462281e+00
2.31337518164e+00
2.31819142280e+00
2.32418446178e+00
2.31606812689e+00
2.31375484191e+00
2.31842872659e+00
2.31495494000e+00
2.31828621390e+00
2.31645799824e+00
2.31834792616e+00
2.30934115792e+00
2.31905534326e+00
2.31625081319e+00
2.31700340874e+00
2.31820236487e+00
2.32021722751e+00
2.31126166081e+00
2.31832597995e+00
2.31060459255e+00
2.31634416758e+00
2.31291836511e+00
2.31612470481e+00
2.31187973989e+00
2.31441960576e+00
2.31522066292e+00
2.31465466226e+00
2.31324144647e+00
2.31565200642e+00
2.31452554864e+00
2.31461569009e+00
2.31505512257e+00
2.31265622229e+00
2.31619720183e+00
2.31380026732e+00
2.31525516941e+00
2.31525588944e+00
2.31309224446e+00
2.31372394435e+00
2.31642087566e+00
2.31730675638e+00
2.31060684165e+00
2.31279659285e+00
2.31305900490e+00
2.31630672068e+00
2.31447938705e+00
2.31886758402e+00
2.30951158824e+00
2.31553301891e+00
2.31488240621e+00
2.31563791044e+00
2.31721630873e+00
2.31702639509e+00
2.31335986982e+00
2.31552587333e+00
2.31572043321e+00
2.31498766486e+00
2.31695513994e+00
2.32166846003e+00
2.31480309668e+00
2.32259138311e+00
2.31231781744e+00
2.31465952609e+00
2.31378935424e+00
2.31358521256e+00
2.31539590936e+00
2.31439715607e+00
2.31352882862e+00
2.31379313655e+00
2.31697170647e+00
2.31445708388e+00
2.31771189812e+00
2.31670314424e+00
2.31680872123e+00
2.31106678900e+00
2.31786671646e+00
2.31644137769e+00
2.31361844079e+00
2.31743154024e+00
2.31235505665e+00
2.31371378954e+00
2.32081794030e+00
2.31973848401e+00
2.31183887802e+00
2.31662410962e+00
2.31692969669e+00
2.31442473209e+00
2.30941445765e+00
2.31601831679e+00
2.31598005785e+00
2.30688406651e+00
2.31307100747e+00
2.31179365579e+00
2.31384123401e+00
2.31248565769e+00
2.31529000565e+00
2.31930379555e+00
2.31445744446e+00
2.32113012715e+00
2.31513054258e+00
2.30953608284e+00
2.31360869463e+00
2.31388910697e+00
2.30731559828e+00
2.32038706617e+00
2.31455960649e+00
2.31916702023e+00
2.31327385879e+00
2.31265596701e+00
2.31266495989e+00
2.31750720747e+00
2.31692607104e+00
2.31387735075e+00
2.31405161036e+00
2.31670467485e+00
2.31594022458e+00
2.31420508137e+00
2.31037366184e+00
2.31390105390e+00
2.31199797961e+00
2.31428535912e+00
2.31758865406e+00
2.31369466483e+00
2.31270999670e+00
2.31428997251e+00
2.31631708233e+00
2.31116343469e+00
2.30729742402e+00
2.31835290623e+00
2.31437401988e+00
2.32225886083e+00
2.31449404628e+00
2.31457664310e+00
2.31944514719e+00
2.31729087766e+00
2.31351464531e+00
2.31587202772e+00
2.31659567730e+00
2.31749547017e+00
2.31678991125e+00
2.31704049663e+00
2.31692629123e+00
2.31217831641e+00
2.31283153203e+00
2.31626567165e+00
2.30883175523e+00
2.31601189699e+00
2.31214081691e+00
2.31339552517e+00
2.31234786352e+00
2.31227746131e+00
2.31673773709e+00
2.31470387419e+00
2.31336836034e+00
2.31281239400e+00
2.31864754523e+00
2.31948898226e+00
2.31536957147e+00
2.31395864385e+00
2.31753727019e+00
2.31996043340e+00
2.31256733191e+00
2.31287472080e+00
2.31302707133e+00
2.32219059067e+00
2.30861923022e+00
2.32073928772e+00
2.30600097142e+00
2.31878406392e+00
2.31452673688e+00
2.31808543590e+00
2.31557815711e+00
2.31673429967e+00
2.31436799785e+00
2.31147995471e+00
2.31490336268e+00
2.31657085232e+00
2.31178826748e+00
2.31207588888e+00
2.32187267096e+00
2.31289776992e+00
2.31564634657e+00
2.31442423328e+00
2.31358300341e+00
2.31372319359e+00
2.31226430641e+00
2.31940480867e+00
2.31609202259e+00
2.31146416553e+00
2.31708008724e+00
2.31510456339e+00
2.31910689440e+00
2.31301310186e+00
2.31699456132e+00
2.31261113436e+00
2.32484978739e+00
2.31760608735e+00
2.31398724542e+00
2.31810696556e+00
2.31105033972e+00
2.31437772006e+00
2.31412521236e+00
2.31505913119e+00
2.30765896550e+00
2.31125940000e+00
2.31942688149e+00
2.31470730943e+00
2.31351288108e+00
2.31582480785e+00
2.31562418856e+00
2.31541304913e+00
2.31669212500e+00
2.31029973200e+00
2.31990520613e+00
2.31609762109e+00
2.31198663072e+00
2.31473967376e+00
2.32125660206e+00
2.31495460464e+00
2.31303547977e+00
2.31597054012e+00
2.31671385315e+00
2.31366841096e+00
2.31906704820e+00
2.31859292377e+00
2.31109283912e+00
2.31845345416e+00
2.31229489630e+00
2.31155526120e+00
2.31257462238e+00
2.31653013228e+00
2.31552528927e+00
2.30879418442e+00
2.31487298705e+00
2.31823369077e+00
2.31501401013e+00
2.31317587248e+00
2.31084974084e+00
2.31361286542e+00
2.32107886683e+00
2.31276552052e+00
2.31660912771e+00
2.31534119962e+00
2.31684103425e+00
2.30853977891e+00
2.31253396472e+00
2.31976992943e+00
2.31786181259e+00
2.31737900492e+00
2.31765255876e+00
2.31954703287e+00
2.31634343451e+00
2.31439192007e+00
2.31900216436e+00
2.31564942101e+00
2.31754467375e+00
2.31225224111e+00
2.31831691701e+00
2.32126388212e+00
2.32325897160e+00
2.32243618473e+00
2.31249673466e+00
2.31632601737e+00
2.31625023491e+00
2.31358799016e+00
2.31388498851e+00
2.31219173000e+00
2.31626251695e+00
2.31785172756e+00
2.31143226451e+00
2.31331625226e+00
2.31239467629e+00
2.31504893921e+00
2.31756401911e+00
2.31043845573e+00
2.31301974592e+00
2.31728960076e+00
2.31424842948e+00
2.31486213589e+00
2.31341237231e+00
2.32088909280e+00
2.31707290898e+00
2.31538243094e+00
2.31644174671e+00
2.30991322991e+00
2.32368691439e+00
2.31560770760e+00
2.31356182381e+00
2.31634965024e+00
2.31580068910e+00
2.31241649411e+00
2.31799525408e+00
2.31338778867e+00
2.31561120174e+00
2.31351030831e+00
2.31123526449e+00
2.30901077655e+00
2.31452032124e+00
2.31167537575e+00
2.31604601109e+00
2.31312807430e+00
2.31523280328e+00
2.31452178749e+00
2.31849841695e+00
2.31272451893e+00
2.31172187936e+00
2.31422340332e+00
2.31792238006e+00
2.31517226526e+00
2.31054977934e+00
2.31146247335e+00
2.30989360895e+00
2.31338685299e+00
2.32175605874e+00
2.31652695127e+00
2.31566936871e+00
2.31239986392e+00
2.31680463011e+00
2.31220359618e+00
2.31520576325e+00
2.31742360118e+00
2.31770271095e+00
2.31568388669e+00
2.32071466560e+00
2.31717441928e+00
2.31382446949e+00
2.31752698989e+00
2.31802822538e+00
2.30804003948e+00
2.31463743140e+00
2.30735533921e+00
2.31926299983e+00
2.31348323767e+00
2.31476146428e+00
2.31584235612e+00
2.31143074762e+00
2.31261479954e+00
2.31889750155e+00
2.31427211404e+00
2.31392326789e+00
2.31730986942e+00
2.31774429837e+00
2.32068205038e+00
2.32150357351e+00
2.31388090386e+00
2.31225253998e+00
2.31328931827e+00
2.31276971522e+00
2.31988653852e+00
2.31432738529e+00
2.31658250559e+00
2.31215364341e+00
2.31702528115e+00
2.31300765298e+00
2.31919655036e+00
2.31687057107e+00
2.31095199443e+00
2.31311525889e+00
2.31863548147e+00
2.31668479857e+00
2.31342329732e+00
2.31489270431e+00
2.31597326170e+00
2.32283797544e+00
2.31205600696e+00
2.31568356700e+00
2.31758323170e+00
2.31966762035e+00
2.31662340616e+00
2.31613452613e+00
2.31579450958e+00
2.31260781147e+00
2.31881079224e+00
2.31508992520e+00
2.31371246639e+00
2.31764569032e+00
2.31696546706e+00
2.31734757525e+00
2.32005198658e+00
2.31476905857e+00
2.32146946591e+00
2.31214470408e+00
2.32214948112e+00
2.31758991201e+00
2.31313941202e+00
2.31755137491e+00
2.31959639276e+00
2.31264701320e+00
2.31357025857e+00
2.31724046240e+00
2.31423051612e+00
2.31703483110e+00
2.31344769940e+00
2.31534545062e+00
2.31395304246e+00
2.30580446547e+00
2.31363377255e+00
2.31521276132e+00