-2.62065882392e+01
-2.62278238066e+01
-2.62004647208e+01
-2.62810066986e+01
-2.61723324578e+01
-2.62158693770e+01
-2.61884396443e+01
-2.61879497971e+01
-2.62281935703e+01
-2.62469266701e+01
-2.62197801050e+01
-2.62265915467e+01
-2.62712595229e+01
-2.62175976340e+01
-2.62080810098e+01
-2.62185440488e+01
-2.61805189538e+01
-2.62114369963e+01
-2.62121670326e+01
-2.61919508087e+01
-2.62407171004e+01
-2.62437413547e+01
-2.62302390932e+01
-2.61473682187e+01
-2.62591749038e+01
-2.62638485588e+01
-2.62680239760e+01
-2.61893130180e+01
-2.61600806789e+01
-2.62529724707e+01
-2.62452567472e+01
-2.62157073081e+01
-2.62403289636e+01
-2.61761678528e+01
-2.62621509099e+01
-2.62252759279e+01
-2.62812183778e+01
-2.62354198238e+01
-2.62206312580e+01
-2.62645375741e+01
-2.62231032863e+01
-2.62018554401e+01
-2.62272034453e+01
-2.61792516396e+01
-2.62237216954e+01
-2.62112843025e+01
-2.62476330139e+01
-2.62291836227e+01
-2.61696026763e+01
-2.62383598657e+01
-2.62305665817e+01
-2.62717396189e+01
-2.62248143064e+01
-2.62208430939e+01
-2.62321615730e+01
-2.62488938320e+01
-2.62332430630e+01
-2.61856791135e+01
-2.62257154814e+01
-2.62389546199e+01
-2.62602869276e+01
-2.62476504468e+01
-2.61987609913e+01
-2.62126934458e+01
-2.62571240937e+01
-2.61765669566e+01
-2.61633807922e+01
-2.61958502150e+01
-2.62154627179e+01
-2.62032652524e+01
-2.62122608879e+01
-2.62310789863e+01
-2.62237710255e+01
-2.62509742614e+01
-2.62285645020e+01
-2.62207616510e+01
-2.62528866298e+01
-2.61593528107e+01
-2.62259806655e+01
-2.61729069079e+01
-2.61720427933e+01
-2.62220713912e+01
-2.61828941010e+01
-2.62188241824e+01
-2.61858205107e+01
-2.62131040589e+01
-2.62232931769e+01
-2.62507695903e+01
-2.62874102522e+01
-2.62332504900e+01
-2.61653944392e+01
-2.62255905291e+01
-2.62304656450e+01
-2.62213220730e+01
-2.63015254343e+01
-2.62068583652e+01
-2.61910332254e+01
-2.61997577596e+01
-2.61932759266e+01
-2.61960302023e+01
-2.62033484786e+01
-2.62838644970e+01
-2.61929180396e+01
-2.62206142176e+01
-2.61692321043e+01
-2.62165255905e+01
-2.62328433404e+01
-2.61999811434e+01
-2.62023724116e+01
-2.62693872820e+01
-2.62391639661e+01
-2.62814104376e+01
-2.62003776993e+01
-2.62137040027e+01
-2.61521559514e+01
-2.62642713147e+01
-2.62510522170e+01
-2.62847904368e+01
-2.62556573489e+01
-2.62398506007e+01
-2.61965434373e+01
-2.61949829541e+01
-2.62317100781e+01
-2.62510869253e+01
-2.62333266752e+01
-2.62074417548e+01
-2.62296116294e+01
-2.62573002871e+01
-2.62002530089e+01
-2.62351432967e+01
-2.62087141828e+01
-2.62483004966e+01
-2.61948082118e+01
-2.61712651857e+01
-2.61813889971e+01
-2.61895840886e+01
-2.62564872730e+01
-2.62042725696e+01
-2.61925286599e+01
-2.62069961336e+01
-2.62317874535e+01
-2.61791996929e+01
-2.62814065434e+01
-2.61910198884e+01
-2.61669606060e+01
-2.62073855662e+01
-2.61878362581e+01
-2.62335929400e+01
-2.62338490506e+01
-2.62065720482e+01
-2.61994783474e+01
-2.62072151628e+01
-2.62074656474e+01
-2.61978998061e+01
-2.61686110283e+01
-2.61859389098e+01
-2.62049019304e+01
-2.62369589354e+01
-2.62169438111e+01
-2.62084655332e+01
-2.62384823060e+01
-2.61925331038e+01
-2.62553193321e+01
-2.62540984153e+01
-2.62543472840e+01
-2.62185427228e+01
-2.61688792524e+01
-2.62503979110e+01
-2.62122278090e+01
-2.62225202890e+01
-2.61894659536e+01
-2.62100143096e+01
-2.62651038322e+01
-2.62727523755e+01
-2.62344067598e+01
-2.62312654786e+01
-2.62392995323e+01
-2.62003569712e+01
-2.62230216259e+01
-2.62556846672e+01
-2.62508427999e+01
-2.62517082031e+01
-2.61761422075e+01
-2.61739680071e+01
-2.62902430989e+01
-2.62435155310e+01
-2.61394594766e+01
-2.61802898882e+01
-2.62409555222e+01
-2.62337518937e+01
-2.62273680567e+01
-2.61573982200e+01
-2.62140473111e+01
-2.61368974832e+01
-2.61627079924e+01
-2.61838906815e+01
-2.61901370658e+01
-2.62530134480e+01
-2.62399562450e+01
-2.62186302444e+01
-2.62002325846e+01
-2.61947732643e+01
-2.62982329058e+01
-2.62517736248e+01
-2.62560330782e+01
-2.61894586738e+01
-2.62087377338e+01
-2.62136676284e+01
-2.61781279415e+01
-2.61908096626e+01
-2.62278809615e+01
-2.62536459000e+01
-2.62167659054e+01
-2.61999614330e+01
-2.62389780004e+01
-2.62257201782e+01
-2.61639159431e+01
-2.62274246034e+01
-2.62456090611e+01
-2.62086275873e+01
-2.62115960956e+01
-2.62178463586e+01
-2.62339520864e+01
-2.61700983063e+01
-2.61839008716e+01
-2.62342356162e+01
-2.62226252618e+01
-2.62483976556e+01
-2.62257599625e+01
-2.62372187422e+01
-2.61635187956e+01
-2.62633009519e+01
-2.62034721099e+01
-2.62931572098e+01
-2.62014618723e+01
-2.62338330718e+01
-2.62440529309e+01
-2.62463481483e+01
-2.62697698345e+01
-2.62499608405e+01
-2.62279674934e+01
-2.62691398654e+01
-2.62711998865e+01
-2.62727408269e+01
-2.62025298619e+01
-2.61539644158e+01
-2.62135994720e+01
-2.61958147560e+01
-2.62575223200e+01
-2.62478369091e+01
-2.62202054013e+01
-2.62402370294e+01
-2.61908759538e+01
-2.62692279921e+01
-2.62737953192e+01
-2.62204310045e+01
-2.62260820616e+01
-2.62512830432e+01
-2.62270416134e+01
-2.62425644786e+01
-2.62120820425e+01
-2.61956391946e+01
-2.62550839193e+01
-2.61903804781e+01
-2.62147071180e+01
-2.61991630980e+01
-2.62348576997e+01
-2.62137243662e+01
-2.62457088932e+01
-2.62135481233e+01
-2.61414751518e+01
-2.62326308078e+01
-2.61801761713e+01
-2.62043136646e+01
-2.62297053327e+01
-2.62501164310e+01
-2.62022583856e+01
-2.62029814123e+01
-2.62459801248e+01
-2.62639520400e+01
-2.61856842456e+01
-2.61975795731e+01
-2.62232422268e+01
-2.61843585948e+01
-2.62292513858e+01
-2.62350472621e+01
-2.62668022957e+01
-2.62076844117e+01
-2.62743029748e+01
-2.61834420113e+01
-2.62424082280e+01
-2.62199283454e+01
-2.62376075622e+01
-2.62030769192e+01
-2.62135454514e+01
-2.61947434258e+01
-2.61932859706e+01
-2.61837157240e+01
-2.62660687444e+01
-2.62238648779e+01
-2.62400245005e+01
-2.61973508407e+01
-2.62247968034e+01
-2.62052575158e+01
-2.61741052422e+01
-2.62125730824e+01
-2.62329526672e+01
-2.62447983960e+01
-2.62757900390e+01
-2.62059914214e+01
-2.62160311217e+01
-2.62559364772e+01
-2.62347494363e+01
-2.61999335657e+01
-2.62258404002e+01
-2.62302436007e+01
-2.61766097014e+01
-2.62118220700e+01
-2.61744381881e+01
-2.62127844026e+01
-2.62468042579e+01
-2.62035253863e+01
-2.61598093950e+01
-2.62099296249e+01
-2.62597795588e+01
-2.62344408040e+01
-2.62142846484e+01
-2.63008266684e+01
-2.62212660206e+01
-2.62479607423e+01
-2.62313898333e+01
-2.62381452898e+01
-2.62157287295e+01
-2.62356596162e+01
-2.61909575855e+01
-2.61538952303e+01
-2.62108611399e+01
-2.62374457653e+01
-2.61767105664e+01
-2.62163004394e+01
-2.62124549541e+01
-2.62211429828e+01
-2.62238251964e+01
-2.62251733944e+01
-2.62170088134e+01
-2.62569436084e+01
-2.62579183493e+01
-2.62072955722e+01
-2.62341502764e+01
-2.62655831866e+01
-2.62293318176e+01
-2.62487449952e+01
-2.61855551474e+01
-2.63010374026e+01
-2.62134242153e+01
-2.61888899260e+01
-2.62213427603e+01
-2.62329544462e+01
-2.62586881784e+01
-2.62147730125e+01
-2.61857433786e+01
-2.62442169454e+01
-2.62841345944e+01
-2.62042110384e+01
-2.62320233414e+01
-2.62373917547e+01
-2.61981609229e+01
-2.62534319843e+01
-2.61860547161e+01
-2.62043674755e+01
-2.61983182098e+01
-2.62241080039e+01
-2.61908340921e+01
-2.62269431933e+01
-2.62325457286e+01
-2.61969039162e+01
-2.61990743110e+01
-2.61948933665e+01
-2.62042036753e+01
-2.62028837254e+01
-2.62083601933e+01
-2.61716400368e+01
-2.62153944256e+01
-2.62417385299e+01
-2.62695939018e+01
-2.62285625895e+01
-2.61920550477e+01
-2.62450582700e+01
-2.62750200363e+01
-2.62493609176e+01
-2.62273674064e+01
-2.62640344036e+01
-2.62367686461e+01
-2.62256704268e+01
-2.62478055302e+01
-2.61925045715e+01
-2.62291374696e+01
-2.61782441850e+01
-2.61640582521e+01
-2.62565446161e+01
-2.62485687707e+01
-2.62035925343e+01
-2.61681287261e+01
-2.61842901867e+01
-2.62090586313e+01
-2.62236714776e+01
-2.62576394953e+01
-2.62684068936e+01
-2.62582446440e+01
-2.62307099895e+01
-2.62282833164e+01
-2.62439634671e+01
-2.62423194968e+01
-2.61490497061e+01
-2.61996593639e+01
-2.62111184735e+01
-2.61928319474e+01
-2.61910696150e+01
-2.62557265977e+01
-2.62373170057e+01
-2.62700567093e+01
-2.62114385627e+01
-2.62209131627e+01
-2.61942418085e+01
-2.62380630551e+01
-2.62601385529e+01
-2.62486721149e+01
-2.62207336854e+01
-2.62061250945e+01
-2.62073775450e+01
-2.62513647820e+01
-2.62333643607e+01
-2.61785762953e+01
-2.62267449750e+01
-2.62122203245e+01
-2.62513365719e+01
-2.62160549001e+01
-2.62114205911e+01
-2.62001237792e+01
-2.62532181319e+01
-2.62389604519e+01
-2.62610139673e+01
-2.62530101013e+01
-2.62197700532e+01
-2.62346752634e+01
-2.62181301482e+01
-2.62039589262e+01
-2.62053916240e+01
-2.61961427768e+01
-2.62076914942e+01
-2.61881862310e+01
-2.62329486172e+01
-2.62273843281e+01
-2.61982532675e+01
-2.61920093569e+01
-2.62476102175e+01
-2.62044284889e+01
-2.61870822717e+01
-2.62549343164e+01
-2.61585389983e+01
-2.61673718207e+01
-2.62335716860e+01
-2.62623440298e+01
-2.62306607557e+01
-2.61765434930e+01
-2.62074033254e+01
-2.62663911071e+01
-2.62342264409e+01
-2.62692447646e+01
-2.62329370171e+01
-2.62203879899e+01
-2.62412270151e+01
-2.61992513197e+01
-2.62613263400e+01
-2.62286435989e+01
-2.61942896743e+01
-2.61757744917e+01
-2.61836841171e+01
-2.62814758959e+01
-2.61677370426e+01
-2.62715437720e+01
-2.62498733872e+01
-2.62341592221e+01
-2.62598627810e+01
-2.62188850877e+01
-2.62130380557e+01
-2.62738369239e+01
-2.62306639198e+01
-2.62070093411e+01
-2.61685268843e+01
-2.62229110844e+01
-2.62055075294e+01
-2.62059258746e+01
-2.62973320067e+01
-2.62534448788e+01
-2.62007270977e+01
-2.61985900404e+01
-2.62178077532e+01
-2.61959601743e+01
-2.62113718641e+01
-2.62182601441e+01