2.57333885351e+00
2.57227812374e+00
2.57395954428e+00
2.57384472656e+00
2.57290005465e+00
2.57305634772e+00
2.57323224847e+00
2.57205728919e+00
2.57229476689e+00
2.57409576108e+00
2.57269699446e+00
2.57225340668e+00
2.57315270467e+00
2.57253119913e+00
2.57178848471e+00
2.57201465054e+00
2.57350438219e+00
2.57289145847e+00
2.57315805703e+00
2.57235800313e+00
2.57129461643e+00
2.57310102520e+00
2.57103037861e+00
2.57262808563e+00
2.57148165408e+00
2.57315088540e+00
2.57359129585e+00
2.57508888859e+00
2.57201007634e+00
2.57248744692e+00
2.57240470280e+00
2.57149783705e+00
2.57356076338e+00
2.57335841596e+00
2.57233079883e+00
2.57243871873e+00
2.57377242097e+00
2.57266148088e+00
2.57374211123e+00
2.57305293280e+00
2.57318848157e+00
2.57277195051e+00
2.57164106354e+00
2.57250643787e+00
2.57448040633e+00
2.57325109324e+00
2.57288011897e+00
2.57197191571e+00
2.57245823919e+00
2.57140573421e+00
2.57150542029e+00
2.57206203916e+00
2.57254165376e+00
2.57363006419e+00
2.57393268741e+00
2.57346259588e+00
2.57194244203e+00
2.57251691125e+00
2.57372624697e+00
2.57153314907e+00
2.57317142231e+00
2.57262830453e+00
2.57254834433e+00
2.57283870941e+00
2.57305719176e+00
2.57241705708e+00
2.57198717123e+00
2.57362133601e+00
2.57190518130e+00
2.57368565513e+00
2.57258892504e+00
2.57333870446e+00
2.57245869170e+00
2.57414002201e+00
2.57325540858e+00
2.57240867611e+00
2.57313628789e+00
2.57241819138e+00
2.57076258094e+00
2.57147265945e+00
2.57400624496e+00
2.57345121386e+00
2.57170204121e+00
2.57332018322e+00
2.57214829276e+00
2.57171149730e+00
2.57428118792e+00
2.57329281475e+00
2.57248255600e+00
2.57337578040e+00
2.57175185744e+00
2.57171158522e+00
2.57368752543e+00
2.57342010273e+00
2.57235101170e+00
2.57276010903e+00
2.57255839678e+00
2.57368341240e+00
2.57335920151e+00
2.57249896835e+00
2.57249761688e+00
2.57167624537e+00
2.57325313107e+00
2.57320447505e+00
2.57440576336e+00
2.57332145860e+00
2.57304634932e+00
2.57305239722e+00
2.57192306302e+00
2.57281014006e+00
2.57286580630e+00
2.57393768680e+00
2.57368846382e+00
2.57282072570e+00
2.57347873732e+00
2.57205642339e+00
2.57271843337e+00
2.57228199512e+00
2.57276170947e+00
2.57154305701e+00
2.57281988307e+00
2.57240241554e+00
2.57251619688e+00
2.57419794636e+00
2.57335929664e+00
2.57238724377e+00
2.57115868718e+00
2.57321948125e+00
2.57146712367e+00
2.57425620552e+00
2.57182282268e+00
2.57300182184e+00
2.57128186416e+00
2.57339545006e+00
2.57271972501e+00
2.57302063608e+00
2.57353025917e+00
2.57355869744e+00
2.57323338728e+00
2.57333463025e+00
2.57210908220e+00
2.57133271563e+00
2.57193149690e+00
2.57326988660e+00
2.57305190146e+00
2.57054709557e+00
2.57396192096e+00
2.57298077118e+00
2.57259339017e+00
2.57231447977e+00
2.57254135156e+00
2.57195084417e+00
2.57208662455e+00
2.57264120043e+00
2.57269996486e+00
2.57327041368e+00
2.57225841319e+00
2.57216295389e+00
2.57272018519e+00
2.57343438682e+00
2.57197056610e+00
2.57221735423e+00
2.57207301968e+00
2.57148461646e+00
2.57232450517e+00
2.57419639091e+00
2.57322156068e+00
2.57237026711e+00
2.57234449023e+00
2.57367673628e+00
2.57305690112e+00
2.57292319274e+00
2.57294120240e+00
2.57274577664e+00
2.57364085747e+00
2.57225326743e+00
2.57283706061e+00
2.57232119988e+00
2.57361318913e+00
2.57280236657e+00
2.57316203013e+00
2.57457090040e+00
2.57241935567e+00
2.57181220656e+00
2.57175594797e+00
2.57233656013e+00
2.57149290481e+00
2.57270690715e+00
2.57366441422e+00
2.57349048324e+00
2.57181873377e+00
2.57140004349e+00
2.57183901498e+00
2.57236093190e+00
2.57272583402e+00
2.57152718590e+00
2.57235413250e+00
2.57230923153e+00
2.57357138169e+00
2.57183753019e+00
2.57284342535e+00
2.57277593879e+00
2.57277385244e+00
2.57228196013e+00
2.57158746207e+00
2.57266673884e+00
2.57241706111e+00
2.57242773593e+00
2.57199359438e+00
2.57125695980e+00
2.57307141892e+00
2.57349396186e+00
2.57274559758e+00
2.57244828984e+00
2.57302529381e+00
2.57275566925e+00
2.57224904013e+00
2.57174636363e+00
2.57176553958e+00
2.57235532709e+00
2.57243311284e+00
2.57225342618e+00
2.57337088703e+00
2.57369262040e+00
2.57408783183e+00
2.57283833834e+00
2.57301073170e+00
2.57146247782e+00
2.57245521676e+00
2.57214218077e+00
2.57330992285e+00
2.57235706212e+00
2.57289443975e+00
2.57228371748e+00
2.57294491939e+00
2.57362019757e+00
2.57229353278e+00
2.57287472862e+00
2.57399881784e+00
2.57301853812e+00
2.57217905162e+00
2.57365326957e+00
2.57367819868e+00
2.57273804208e+00
2.57353952076e+00
2.57373009998e+00
2.57300462516e+00
2.57225307649e+00
2.57290834791e+00
2.57232642129e+00
2.57329846554e+00
2.57279308600e+00
2.57284044745e+00
2.57214696002e+00
2.57282071790e+00
2.57294341221e+00
2.57254050123e+00
2.57308512139e+00
2.57307867573e+00
2.57349439532e+00
2.57333566296e+00
2.57393701643e+00
2.57325896209e+00
2.57257495981e+00
2.57204336643e+00
2.57284240573e+00
2.57384926739e+00
2.57377520420e+00
2.57124601289e+00
2.57194391934e+00
2.57309283587e+00
2.57190073487e+00
2.57226097498e+00
2.57371891241e+00
2.57376026835e+00
2.57331265500e+00
2.57206013957e+00
2.57289370171e+00
2.57294627254e+00
2.57220306362e+00
2.57263582441e+00
2.57188442987e+00
2.57178127963e+00
2.57190809230e+00
2.57306836515e+00
2.57298578150e+00
2.57340892460e+00
2.57328603806e+00
2.57288908970e+00
2.57451525897e+00
2.57324602558e+00
2.57302080704e+00
2.57373312258e+00
2.57181409662e+00
2.57251835923e+00
2.57384429542e+00
2.57153386157e+00
2.57382298346e+00
2.57293023212e+00
2.57316353257e+00
2.57294573705e+00
2.57406033396e+00
2.57190565221e+00
2.57323709919e+00
2.57331366568e+00
2.57280096582e+00
2.57283019856e+00
2.57220293528e+00
2.57307016742e+00
2.57263974138e+00
2.57325123095e+00
2.57286402670e+00
2.57193397543e+00
2.57404069578e+00
2.57241656543e+00
2.57323001790e+00
2.57274668739e+00
2.57228114146e+00
2.57269851651e+00
2.57248334031e+00
2.57238943716e+00
2.57297041176e+00
2.57299936797e+00
2.57297877540e+00
2.57146366053e+00
2.57258499857e+00
2.57246549789e+00
2.57291912992e+00
2.57039900050e+00
2.57302882962e+00
2.57260570156e+00
2.57233786664e+00
2.57456118668e+00
2.57345891294e+00
2.57286533302e+00
2.57281236181e+00
2.57341378892e+00
2.57238382773e+00
2.57217796862e+00
2.57277933094e+00
2.57241076303e+00
2.57352161919e+00
2.57305518163e+00
2.57165805503e+00
2.57154065003e+00
2.57327991489e+00
2.57289584556e+00
2.57277225282e+00
2.57245980542e+00
2.57369740387e+00
2.57222284088e+00
2.57360231368e+00
2.57353233557e+00
2.57355527225e+00
2.57301403284e+00
2.57183462304e+00
2.57241339588e+00
2.57301336159e+00
2.57334521329e+00
2.57352483513e+00
2.57296083580e+00
2.57242717640e+00
2.57221408960e+00
2.57291050637e+00
2.57197385992e+00
2.57381582623e+00
2.57173851151e+00
2.57305389323e+00
2.57296025079e+00
2.57211109035e+00
2.57180948816e+00
2.57242550507e+00
2.57208965852e+00
2.57135209078e+00
2.57195783109e+00
2.57338199311e+00
2.57398211643e+00
2.57309061385e+00
2.57306387110e+00
2.57271877347e+00
2.57239869449e+00
2.57196361548e+00
2.57277840115e+00
2.57302752745e+00
2.57312851618e+00
2.57187493705e+00
2.57315593241e+00
2.57144488822e+00
2.57275573593e+00
2.57353712657e+00
2.57179011997e+00
2.57315235397e+00
2.57413849286e+00
2.57347829143e+00
2.57143340474e+00
2.57332402952e+00
2.57390527721e+00
2.57282815098e+00
2.57203314719e+00
2.57265239944e+00
2.57195841118e+00
2.57378136678e+00
2.57280486423e+00
2.57385229677e+00
2.57270201275e+00
2.57300374649e+00
2.57258398970e+00
2.57244852703e+00
2.57351903097e+00
2.57414807798e+00
2.57171962487e+00
2.57351410547e+00
2.57356386142e+00
2.57267281380e+00
2.57302626443e+00
2.57243221252e+00
2.57389818678e+00
2.57198860562e+00
2.57343054405e+00
2.57256991208e+00
2.57229111525e+00
2.57337814699e+00
2.57211324464e+00
2.57343880633e+00
2.57260424195e+00
2.57178819468e+00
2.57215010910e+00
2.57300751236e+00
2.57285613915e+00
2.57342968243e+00
2.57213686122e+00
2.57390507423e+00
2.57347257323e+00
2.57271124396e+00
2.57202009611e+00
2.57174300713e+00
2.57113239219e+00
2.57328182413e+00
2.57205656645e+00
2.57296949117e+00
2.57254325384e+00
2.57324158563e+00
2.57358647586e+00
2.57155875083e+00
2.57275059798e+00
2.57248984524e+00
2.57293704153e+00
2.57182285852e+00
2.57372264848e+00
2.57310769903e+00
2.57178780991e+00
2.57428221110e+00
2.57229163102e+00
2.57260440681e+00
2.57366642152e+00
2.57302724481e+00
2.57236621277e+00
2.57300992816e+00
2.57368593358e+00
2.57360260302e+00
2.57197587793e+00
2.57349006697e+00
2.57278934877e+00
2.57319980475e+00
2.57282263663e+00
2.57191735695e+00
2.57266215486e+00
2.57424348834e+00
2.57180375993e+00
2.57225350525e+00
2.57291228217e+00
2.57320335731e+00
2.57352251309e+00
2.57280926773e+00
2.57141770641e+00
2.57240662473e+00
2.57363692943e+00
2.57230084059e+00
2.57353099827e+00
2.57191311588e+00
2.57426045982e+00
2.57199606048e+00
2.57305111228e+00
2.57186474933e+00
2.57159233256e+00
2.57278384116e+00
2.57289868004e+00
2.57261340795e+00
2.57287094195e+00
2.57451846280e+00
2.57403233612e+00
2.57197594744e+00
2.57277824256e+00
2.57206154664e+00
2.57287242142e+00
2.57197727044e+00
2.57271418795e+00
2.57309891809e+00
2.57301755682e+00
2.57288429385e+00
2.57277392663e+00