8.21662040622e-01
8.21799567814e-01
8.21800376070e-01
8.22093739021e-01
8.21954429190e-01
8.21672624614e-01
8.21568073522e-01
8.21703050591e-01
8.22111297627e-01
8.21617832114e-01
8.21470167839e-01
8.21732593614e-01
8.21753483359e-01
8.22094464119e-01
8.21294470109e-01
8.22090752837e-01
8.21478903821e-01
8.21400538811e-01
8.21578207671e-01
8.21352152219e-01
8.22197041010e-01
8.21244613926e-01
8.21887101268e-01
8.21937893884e-01
8.21526559854e-01
8.22434320349e-01
8.22152420414e-01
8.21114974498e-01
8.21761144308e-01
8.22325812907e-01
8.21810190967e-01
8.22013445137e-01
8.21659951536e-01
8.21502028936e-01
8.21987810118e-01
8.21943028434e-01
8.21881051432e-01
8.22080372733e-01
8.21621594578e-01
8.21684770402e-01
8.21864755615e-01
8.21410446547e-01
8.21720929975e-01
8.22533723726e-01
8.22479837486e-01
8.21868043225e-01
8.22286668931e-01
8.22088943004e-01
8.21724889849e-01
8.21940456450e-01
8.21573157624e-01
8.21996437151e-01
8.21420473456e-01
8.21084750395e-01
8.21712504110e-01
8.22214805652e-01
8.21675581751e-01
8.22339997096e-01
8.22255958598e-01
8.21802346442e-01
8.21601912074e-01
8.21875971057e-01
8.21596313032e-01
8.21795628276e-01
8.21966349993e-01
8.21751060089e-01
8.22190889790e-01
8.21692377348e-01
8.21759109116e-01
8.21490468791e-01
8.21842150541e-01
8.21795533449e-01
8.22347731115e-01
8.22242833993e-01
8.22230878085e-01
8.21792988060e-01
8.21579343356e-01
8.21872954879e-01
8.21443298121e-01
8.21510625103e-01
8.21670036647e-01
8.21852462270e-01
8.22340189785e-01
8.21899285744e-01
8.21448266553e-01
8.21592018987e-01
8.21908735544e-01
8.21558792640e-01
8.21873449610e-01
8.21655881355e-01
8.21960133817e-01
8.21683985801e-01
8.21777599309e-01
8.21687582770e-01
8.21691642087e-01
8.22041013861e-01
8.21633162148e-01
8.21452918395e-01
8.22104116680e-01
8.21674738579e-01
8.21716220044e-01
8.22145211728e-01
8.22321532688e-01
8.22062244806e-01
8.21077667996e-01
8.21552233131e-01
8.22030008244e-01
8.22089416441e-01
8.21475323843e-01
8.21042379563e-01
8.22276331295e-01
8.21613182428e-01
8.22128993953e-01
8.22202662411e-01
8.21768450509e-01
8.22329935955e-01
8.21601707678e-01
8.21784178902e-01
8.21545327483e-01
8.22086146958e-01
8.21982825142e-01
8.21456044779e-01
8.22024518899e-01
8.21770665092e-01
8.21415361854e-01
8.21365945579e-01
8.21429438451e-01
8.21968012388e-01
8.22305684276e-01
8.21685552731e-01
8.22108181174e-01
8.21706875008e-01
8.22125489835e-01
8.22450650027e-01
8.21787764311e-01
8.21848597151e-01
8.21303705753e-01
8.21909172782e-01
8.21874848926e-01
8.21911336872e-01
8.21957414125e-01
8.21999550173e-01
8.21830155078e-01
8.21851615953e-01
8.21414182524e-01
8.21965558772e-01
8.21791231269e-01
8.22166013701e-01
8.22317619622e-01
8.21333662798e-01
8.22051408574e-01
8.22207215790e-01
8.22141092505e-01
8.21500434355e-01
8.21098043279e-01
8.22002321320e-01
8.21972253631e-01
8.21552434197e-01
8.21932045297e-01
8.21760237781e-01
8.21556772524e-01
8.22082415340e-01
8.22025826098e-01
8.22555153283e-01
8.22150905818e-01
8.21914399207e-01
8.21554364862e-01
8.21198498534e-01
8.21924659362e-01
8.22095698458e-01
8.21644736319e-01
8.22071761416e-01
8.21555195978e-01
8.21877810270e-01
8.22156931463e-01
8.22027520651e-01
8.21921209092e-01
8.22063277982e-01
8.21702004701e-01
8.21949554243e-01
8.21729289373e-01
8.22200609573e-01
8.21747773014e-01
8.22494280748e-01
8.21975366991e-01
8.21503802559e-01
8.21375724299e-01
8.22075295316e-01
8.21476543257e-01
8.22187172809e-01
8.21712693402e-01
8.21361488189e-01
8.21824705458e-01
8.22015319342e-01
8.21925571221e-01
8.21601262588e-01
8.20882041265e-01
8.22026184784e-01
8.21569123853e-01
8.22008339311e-01
8.21965640190e-01
8.21724131327e-01
8.21623105317e-01
8.22131854160e-01
8.22220275900e-01
8.21459726569e-01
8.21714760875e-01
8.22093519631e-01
8.21671721735e-01
8.21642302030e-01
8.21955372568e-01
8.21961739813e-01
8.21456659129e-01
8.21508328040e-01
8.21316349970e-01
8.21766394725e-01
8.21370131119e-01
8.21923446356e-01
8.21518293902e-01
8.21444250361e-01
8.21981333744e-01
8.21751482421e-01
8.22300870803e-01
8.21705370988e-01
8.21534463321e-01
8.22164942553e-01
8.21582818849e-01
8.21954181660e-01
8.21959557116e-01
8.21859112678e-01
8.21410526933e-01
8.21789454847e-01
8.21625071687e-01
8.21578434774e-01
8.22057788429e-01
8.21630138824e-01
8.21665075166e-01
8.21543989782e-01
8.21871836280e-01
8.21137765021e-01
8.22120326853e-01
8.21827791982e-01
8.21775708102e-01
8.21781358315e-01
8.22147339793e-01
8.21364108086e-01
8.21773821251e-01
8.22027329290e-01
8.21608815162e-01
8.21992374306e-01
8.21681466974e-01
8.21648638614e-01
8.21870016817e-01
8.21855493777e-01
8.21615399217e-01
8.21859568054e-01
8.21963806534e-01
8.20838520485e-01
8.22076841964e-01
8.22317771733e-01
8.22252925951e-01
8.22498676746e-01
8.22263807057e-01
8.22437196473e-01
8.21368966376e-01
8.21638239841e-01
8.21385637229e-01
8.22091054204e-01
8.21732629335e-01
8.21932403090e-01
8.21657099092e-01
8.21987301661e-01
8.21495156403e-01
8.21619205218e-01
8.21680195908e-01
8.21751251560e-01
8.21429232767e-01
8.22127380046e-01
8.21709447198e-01
8.22019606261e-01
8.21737848923e-01
8.22135255788e-01
8.22239833047e-01
8.22050947745e-01
8.22018818685e-01
8.22418229399e-01
8.21622260844e-01
8.21665213906e-01
8.21823999205e-01
8.21693290900e-01
8.21615168112e-01
8.21963143988e-01
8.21868913477e-01
8.22016286420e-01
8.21624297940e-01
8.21590438338e-01
8.21836994846e-01
8.22075067464e-01
8.22125644645e-01
8.22433856415e-01
8.21802696679e-01
8.22030910227e-01
8.21367546867e-01
8.22261197901e-01
8.21349621493e-01
8.21656489971e-01
8.21387156852e-01
8.21292796603e-01
8.22010199369e-01
8.22266979846e-01
8.21875318015e-01
8.21425752168e-01
8.21871134683e-01
8.22024811919e-01
8.21942240253e-01
8.21617173245e-01
8.21321589907e-01
8.21954534856e-01
8.21886155544e-01
8.22119992492e-01
8.22203168115e-01
8.21075226643e-01
8.21821055312e-01
8.22060120031e-01
8.21748996308e-01
8.21330489657e-01
8.21532769494e-01
8.21599666645e-01
8.21586990431e-01
8.21842076068e-01
8.22063561321e-01
8.21731128028e-01
8.21948579315e-01
8.21373957315e-01
8.21932092691e-01
8.21453221135e-01
8.21614835577e-01
8.21486006928e-01
8.20994434972e-01
8.22086851704e-01
8.21704451647e-01
8.22037095514e-01
8.21306629397e-01
8.21812043050e-01
8.21817967159e-01
8.22085895150e-01
8.22713021945e-01
8.21919511654e-01
8.21697156307e-01
8.21633369935e-01
8.21819782326e-01
8.21885405467e-01
8.21361120421e-01
8.21680143037e-01
8.21865247906e-01
8.22049887769e-01
8.22310235310e-01
8.22182736292e-01
8.21293691257e-01
8.21625256202e-01
8.21206300756e-01
8.21688247717e-01
8.21927125348e-01
8.22018828544e-01
8.22001151047e-01
8.21123001400e-01
8.21927966036e-01
8.21473475238e-01
8.21614454092e-01
8.21743680623e-01
8.22180738243e-01
8.22269779909e-01
8.22102184312e-01
8.21479284828e-01
8.21899187225e-01
8.21371313026e-01
8.21993363537e-01
8.21625987311e-01
8.21750642966e-01
8.21399527176e-01
8.21767630815e-01
8.21346764388e-01
8.21183888893e-01
8.21566681477e-01
8.21242665451e-01
8.21069426504e-01
8.21799167956e-01
8.21847746760e-01
8.21617629322e-01
8.22241673165e-01
8.21639459691e-01
8.21732104729e-01
8.21892503677e-01
8.21772030445e-01
8.21562076037e-01
8.22460319684e-01
8.21602195696e-01
8.21966397627e-01
8.21988356742e-01
8.21324897530e-01
8.21485158233e-01
8.21529578485e-01
8.21452165920e-01
8.21836340450e-01
8.21962158224e-01
8.21175971090e-01
8.22218646065e-01
8.21673186103e-01
8.21790557443e-01
8.21875316223e-01
8.21810967811e-01
8.21697531829e-01
8.21424484845e-01
8.21604517995e-01
8.21065155985e-01
8.21753901954e-01
8.21378284360e-01
8.21558133853e-01
8.21510013995e-01
8.21838343204e-01
8.21927530291e-01
8.21444949165e-01
8.21729420763e-01
8.21728386757e-01
8.21197538420e-01
8.22079692391e-01
8.21750349493e-01
8.21692848079e-01
8.22140371504e-01
8.22087557403e-01
8.21876099677e-01
8.21827557606e-01
8.21806119062e-01
8.21987848536e-01
8.21741737432e-01
8.21769661118e-01
8.21665062129e-01
8.21773525016e-01
8.21352906384e-01
8.21432244519e-01
8.21634935867e-01
8.21214755329e-01
8.22352143877e-01
8.22240675011e-01
8.21828619411e-01
8.21867552011e-01
8.21641436199e-01
8.21699216145e-01
8.21646810473e-01
8.22309929412e-01
8.21762559730e-01
8.21991769290e-01
8.21647809328e-01
8.22046788460e-01
8.22341565083e-01
8.22256393251e-01
8.21934770749e-01
8.21612058523e-01
8.22042753892e-01
8.21406818485e-01
8.21637822209e-01
8.22250523903e-01
8.21767038655e-01
8.21828772724e-01
8.22158309163e-01
8.21729606457e-01
8.21563256652e-01
8.22058204267e-01
8.21466669107e-01
8.22143227529e-01
8.21459440161e-01
8.21956127529e-01
8.21717892566e-01
8.22017483603e-01
8.21580944595e-01
8.21708597349e-01
8.22331627705e-01
8.21869456064e-01
8.21729645940e-01
8.22177952894e-01
8.21767630567e-01
8.21783079622e-01
8.22286910237e-01
8.22086107176e-01
8.21607736995e-01
8.21802257841e-01
8.22103536449e-01
8.22014254106e-01
8.21655223213e-01
8.21646097736e-01
8.22043838973e-01
8.21860714278e-01
8.21932869295e-01
8.22150730622e-01
8.22049267112e-01
8.22161123057e-01
8.21656838107e-01
8.21514322270e-01
8.21986017210e-01
8.21516503725e-01
8.21794648802e-01