8.39925975829e+00
8.46108140747e+00
8.51714984546e+00
8.39382265256e+00
8.45961709947e+00
8.53991146798e+00
8.39562315583e+00
8.38437370440e+00
8.48667109058e+00
8.40965105680e+00
8.34063863838e+00
8.48363844313e+00
8.26674822054e+00
8.51437440100e+00
8.52866400787e+00
8.47140160069e+00
8.44633965336e+00
8.54927675664e+00
8.54809498217e+00
8.50753499402e+00
8.53882669944e+00
8.45692983476e+00
8.48530251728e+00
8.46887551263e+00
8.50709248189e+00
8.42741687563e+00
8.40265510058e+00
8.47972293416e+00
8.42058659939e+00
8.46680635497e+00
8.39608543395e+00
8.48296668720e+00
8.44031604895e+00
8.32378779939e+00
8.50273669345e+00
8.48186262240e+00
8.37508252882e+00
8.50697958866e+00
8.26803925722e+00
8.38278976679e+00
8.32156381277e+00
8.49130152336e+00
8.29069421015e+00
8.43734708271e+00
8.38979915231e+00
8.35182365054e+00
8.42435589591e+00
8.37306876966e+00
8.60334502006e+00
8.34321748212e+00
8.38723461974e+00
8.37788150203e+00
8.50690028418e+00
8.32533718391e+00
8.46113358112e+00
8.38731001696e+00
8.43983131067e+00
8.62990669913e+00
8.52443927989e+00
8.51783906685e+00
8.40418791337e+00
8.28134960456e+00
8.25407530480e+00
8.39555754337e+00
8.44742557652e+00
8.45712391302e+00
8.44602917566e+00
8.34588656888e+00
8.41936741383e+00
8.41589824248e+00
8.46491907668e+00
8.36145058596e+00
8.30126106728e+00
8.39858188334e+00
8.43177879156e+00
8.60838898861e+00
8.43145332881e+00
8.45649078462e+00
8.58433784718e+00
8.44814509340e+00
8.58659221260e+00
8.48167583605e+00
8.52935901292e+00
8.48865545029e+00
8.52686931754e+00
8.39152279849e+00
8.53775339191e+00
8.24868358646e+00
8.31369258496e+00
8.33731512458e+00
8.44657574265e+00
8.49310486249e+00
8.38814397581e+00
8.58060528462e+00
8.54143037458e+00
8.46082836538e+00
8.37419331182e+00
8.38941484806e+00
8.51852503815e+00
8.37837450218e+00
8.37408934721e+00
8.39761290101e+00
8.47944377603e+00
8.59403344824e+00
8.52188968692e+00
8.36748437486e+00
8.39613796577e+00
8.46158237830e+00
8.26422058716e+00
8.38127692450e+00
8.47401567747e+00
8.43782395880e+00
8.42298659922e+00
8.52125623339e+00
8.57690404144e+00
8.30884723727e+00
8.49659871716e+00
8.56583408836e+00
8.26053875981e+00
8.58054379701e+00
8.39323357772e+00
8.46036771884e+00
8.44567839394e+00
8.39542158019e+00
8.30931516870e+00
8.34180215895e+00
8.51607413741e+00
8.39266241811e+00
8.46642220999e+00
8.50515863989e+00
8.35991915572e+00
8.38695250184e+00
8.41122439061e+00
8.39112310706e+00
8.52033695740e+00
8.38444065702e+00
8.54734178734e+00
8.48474446300e+00
8.35063661683e+00
8.48160660694e+00
8.31399639319e+00
8.47723410792e+00
8.34350615048e+00
8.39660307838e+00
8.46397832695e+00
8.48855546626e+00
8.34455052337e+00
8.49538048712e+00
8.43765460935e+00
8.52539974338e+00
8.55601184269e+00
8.47049247251e+00
8.44633099810e+00
8.45586558543e+00
8.47746070736e+00
8.65847048236e+00
8.37862190097e+00
8.56974932150e+00
8.51194931047e+00
8.32835204437e+00
8.35095706313e+00
8.53076054371e+00
8.44038389128e+00
8.47051148073e+00
8.49218722372e+00
8.38561450764e+00
8.53949680352e+00
8.39501626370e+00
8.41266206784e+00
8.68141756242e+00
8.46119498219e+00
8.42604188146e+00
8.32729081755e+00
8.43370348676e+00
8.40274065205e+00
8.48925401573e+00
8.45366425596e+00
8.34744266515e+00
8.45950791738e+00
8.27937713027e+00
8.40398857495e+00
8.36307496778e+00
8.49559566836e+00
8.41737355967e+00
8.40066050172e+00
8.33414085044e+00
8.39550204923e+00
8.45331489567e+00
8.35673484097e+00
8.38057529455e+00
8.46311882971e+00
8.46131233387e+00
8.49153523282e+00
8.56904879177e+00
8.47228119379e+00
8.42497019253e+00
8.32255864082e+00
8.59078333870e+00
8.53585346277e+00
8.28624239712e+00
8.51038379906e+00
8.45377308631e+00
8.41915294237e+00
8.49422879475e+00
8.39913740055e+00
8.42197345038e+00
8.53198634672e+00
8.43951269453e+00
8.53313259575e+00
8.33643686543e+00
8.38918364584e+00
8.45269990056e+00
8.44484213616e+00
8.46510741107e+00
8.33415792189e+00
8.34995196927e+00
8.48732857533e+00
8.55621569549e+00
8.52453721293e+00
8.35361642090e+00
8.58427550559e+00
8.57845420883e+00
8.63902935396e+00
8.39652787681e+00
8.44870277856e+00
8.44753187837e+00
8.42148965388e+00
8.37686985346e+00
8.68035782458e+00
8.31407552262e+00
8.38773463295e+00
8.27388509169e+00
8.43406587327e+00
8.33762875224e+00
8.49851337726e+00
8.46473548576e+00
8.44262256087e+00
8.39561895956e+00
8.43799890495e+00
8.35418112956e+00
8.52943773554e+00
8.30664881564e+00
8.48386685731e+00
8.26121642227e+00
8.36870046713e+00
8.45716496651e+00
8.51745415996e+00
8.38555742404e+00
8.50339596968e+00
8.64000046090e+00
8.53821037680e+00
8.42632649625e+00
8.54994162995e+00
8.22799475003e+00
8.18808512227e+00
8.34914675442e+00
8.48571757824e+00
8.50579851861e+00
8.37110768397e+00
8.41367067703e+00
8.34452722868e+00
8.57079793238e+00
8.34522469076e+00
8.53115914367e+00
8.33707300291e+00
8.27900424376e+00
8.33267900166e+00
8.38853373966e+00
8.45430618195e+00
8.50832012518e+00
8.45022823107e+00
8.32422419332e+00
8.41704348008e+00
8.40795736835e+00
8.44398464243e+00
8.28792837743e+00
8.51474529801e+00
8.40213801650e+00
8.44126189817e+00
8.47813385945e+00
8.49994757488e+00
8.47501609888e+00
8.47621835887e+00
8.38823239850e+00
8.30745554322e+00
8.61134172187e+00
8.43402415929e+00
8.38891022951e+00
8.35118367270e+00
8.48634157654e+00
8.39898304772e+00
8.47455876164e+00
8.37769342038e+00
8.36706718905e+00
8.36422568853e+00
8.45673845673e+00
8.46801418592e+00
8.42692810165e+00
8.38476652780e+00
8.41047726379e+00
8.49620023296e+00
8.54783683837e+00
8.33803807344e+00
8.46959145946e+00
8.44177293511e+00
8.35048879683e+00
8.55017653607e+00
8.42436237848e+00
8.52535107062e+00
8.45446266799e+00
8.37599491231e+00
8.43607707388e+00
8.47749521649e+00
8.49094616581e+00
8.36583486141e+00
8.47561829637e+00
8.44841744274e+00
8.46454096350e+00
8.51856332046e+00
8.50907926824e+00
8.41884223623e+00
8.35445135422e+00
8.51937724958e+00
8.53912384054e+00
8.71794874956e+00
8.34365809500e+00
8.50613335711e+00
8.19816131866e+00
8.51647023695e+00
8.53822476867e+00
8.52383456250e+00
8.45941283844e+00
8.40124306990e+00
8.37999691491e+00
8.53340007255e+00
8.37258666607e+00
8.40244646250e+00
8.49090806776e+00
8.31260499454e+00
8.37969507404e+00
8.48071883985e+00
8.29282150120e+00
8.53931077633e+00
8.47074402037e+00
8.50471205952e+00
8.42484027276e+00
8.44433577120e+00
8.54671099732e+00
8.36949667944e+00
8.42971427465e+00
8.40898309671e+00
8.56154070926e+00
8.38843953885e+00
8.38238332767e+00
8.32452069672e+00
8.47556974716e+00
8.41514942530e+00
8.43794750398e+00
8.46433539863e+00
8.30015605682e+00
8.34724127619e+00
8.34798561474e+00
8.36935706476e+00
8.52189861520e+00
8.31006805506e+00
8.33067352815e+00
8.38717487105e+00
8.52634193278e+00
8.52499534483e+00
8.34971885779e+00
8.50550713893e+00
8.61413724278e+00
8.44987344018e+00
8.36781342736e+00
8.34907896726e+00
8.42398121547e+00
8.57702221132e+00
8.45798271644e+00
8.48871919583e+00
8.47597458079e+00
8.39472039749e+00
8.43437757584e+00
8.36242363800e+00
8.43777522247e+00
8.39414003374e+00
8.48948184218e+00
8.41646201314e+00
8.50331389938e+00
8.30931726521e+00
8.56090708271e+00
8.47873911152e+00
8.44175768326e+00
8.33032939638e+00
8.48475761803e+00
8.35890831492e+00
8.46608803538e+00
8.45229499184e+00
8.50447884360e+00
8.35205372010e+00
8.28244019335e+00
8.48987451990e+00
8.53970459533e+00
8.40059727558e+00
8.27943315311e+00
8.38839526598e+00
8.31953699245e+00
8.41955296016e+00
8.31628290966e+00
8.39716751348e+00
8.46748559376e+00
8.40123187843e+00
8.36595161461e+00
8.35556848656e+00
8.40331603128e+00
8.42880520137e+00
8.36156020232e+00
8.41861501439e+00
8.47286308313e+00
8.54187995691e+00
8.45787917055e+00
8.36346433903e+00
8.42266002377e+00
8.51299520329e+00
8.46313736546e+00
8.45374085274e+00
8.28082511491e+00
8.50559307983e+00
8.40986064762e+00
8.50715289297e+00
8.40077562259e+00
8.25035577442e+00
8.39811364089e+00
8.46940194784e+00
8.42620656452e+00
8.34190358446e+00
8.52320155021e+00
8.39766416985e+00
8.43375949493e+00
8.31999546732e+00
8.47328708320e+00
8.51828993691e+00
8.40034609072e+00
8.46506259807e+00
8.55677314680e+00
8.47950408145e+00
8.41388663018e+00
8.40043865883e+00
8.41826411917e+00
8.38267784880e+00
8.53012560090e+00
8.44982728827e+00
8.35636564364e+00
8.36035688564e+00
8.40918743879e+00
8.43308105840e+00
8.46139342641e+00
8.37396943124e+00
8.49236691161e+00
8.45534736997e+00
8.45713476661e+00
8.55866042646e+00
8.44848027050e+00
8.46630846285e+00
8.42531336490e+00
8.49495077114e+00
8.38876109716e+00
8.42052918751e+00
8.55276221508e+00
8.34693366355e+00
8.44582205495e+00
8.46948977383e+00
8.50621616076e+00
8.52655375758e+00
8.44864817899e+00
8.42805780104e+00
8.54452639561e+00
8.40717938755e+00
8.43436138935e+00
8.45641129342e+00
8.56060315122e+00
8.36967677021e+00
8.41455865887e+00
8.48749177869e+00
8.48580977366e+00
8.47968415813e+00
8.36231738188e+00
8.34370792549e+00
8.35659368394e+00
8.43803333062e+00
8.59514545162e+00
8.34540047014e+00
8.42806191603e+00
8.50181179989e+00
8.30678222586e+00
8.45511960927e+00
8.52215488825e+00
8.31982923879e+00
8.48899092092e+00
8.40621039575e+00
8.42189344651e+00
8.44472904517e+00