2.12305395541e+00
2.02153814556e+00
2.16563057720e+00
2.09495885306e+00
1.97229643652e+00
2.08276165417e+00
2.13237266600e+00
2.04782613937e+00
2.07048181058e+00
2.03720636600e+00
2.02677567216e+00
2.06998078598e+00
1.96014368757e+00
2.03657591677e+00
1.96060507591e+00
2.03686517480e+00
2.00320236699e+00
1.92423833371e+00
1.95566466603e+00
1.93906438670e+00
1.97073113775e+00
2.02369119641e+00
1.92094269329e+00
2.05614116849e+00
1.98889823890e+00
2.14551111491e+00
1.98093897211e+00
2.00504628846e+00
2.10490807155e+00
2.12457195953e+00
2.05433553471e+00
2.15419888365e+00
2.04808922516e+00
2.03369687738e+00
2.01368667833e+00
1.97206043701e+00
2.10515410453e+00
1.89150030411e+00
1.96953301680e+00
2.04437945724e+00
2.03816167872e+00
1.99602327602e+00
1.99475532393e+00
2.05579334117e+00
1.96039208171e+00
2.01142986698e+00
2.04777508392e+00
2.07157848007e+00
1.93375852087e+00
1.94788999822e+00
2.03314543570e+00
1.92418016071e+00
1.94407735176e+00
1.95464969058e+00
1.98390822125e+00
1.94277293100e+00
2.03424778170e+00
2.06198903516e+00
1.96631532038e+00
1.90838743895e+00
1.99497215206e+00
2.00677033790e+00
1.89271886751e+00
2.03441976505e+00
1.92193711097e+00
2.11958423111e+00
2.15416441079e+00
2.00021907353e+00
2.01703531838e+00
1.95236556722e+00
2.02250230397e+00
2.00900533893e+00
1.95702869440e+00
2.11083950216e+00
2.01388275638e+00
1.86239089451e+00
1.95429999776e+00
2.14014398684e+00
2.02578997667e+00
2.02264892680e+00
2.05268991508e+00
1.95404032540e+00
1.93894062832e+00
2.01914112155e+00
2.07827167590e+00
2.06169308577e+00
2.09931458246e+00
2.02440368224e+00
2.07087720112e+00
2.05067246631e+00
1.95240874385e+00
1.92686830397e+00
2.09401042683e+00
2.06046954790e+00
2.04794966609e+00
2.03625724101e+00
2.02442821189e+00
1.90284953344e+00
1.96191116370e+00
1.94482562250e+00
1.96745799484e+00
1.92622919693e+00
1.95140453986e+00
2.07345926834e+00
2.14687918803e+00
2.10688745698e+00
2.02871801253e+00
2.01564470173e+00
1.98603547746e+00
2.06607602364e+00
1.99793861800e+00
2.06358060194e+00
2.04004763209e+00
2.02121982801e+00
1.95463137563e+00
1.99592350673e+00
1.86297744463e+00
2.00439563869e+00
1.97235016771e+00
2.03459550014e+00
2.05676250688e+00
1.99027224176e+00
1.97962880526e+00
1.99104201049e+00
2.02127034897e+00
2.09067946203e+00
2.00287435575e+00
1.90088780846e+00
2.10294927836e+00
2.09102910497e+00
1.97170942832e+00
1.92405765560e+00
2.00229233869e+00
2.10710741738e+00
2.09364798128e+00
2.05744803556e+00
2.06028652838e+00
2.04031554858e+00
2.10100484770e+00
1.85972460296e+00
1.93251137327e+00
1.92958233543e+00
2.01016536633e+00
2.09558494011e+00
1.95100073842e+00
2.02240104335e+00
2.04808830599e+00
2.07983709392e+00
1.86972846497e+00
1.97645264426e+00
1.91905276554e+00
1.99605400319e+00
2.03060746119e+00
2.00981257540e+00
2.02458288766e+00
2.02071330124e+00
1.98196149157e+00
2.10266492632e+00
1.97940824242e+00
2.00430694264e+00
1.93559026280e+00
2.09872883643e+00
2.06488381778e+00
1.98259625931e+00
1.99614580924e+00
2.04647694010e+00
1.97944682376e+00
2.03791953519e+00
2.04014298957e+00
1.99469623664e+00
1.92206948165e+00
2.01401637291e+00
2.07985648775e+00
2.10012191162e+00
2.00075841837e+00
1.99388449536e+00
2.16250893904e+00
1.95468572416e+00
1.95039265028e+00
2.09918517494e+00
1.93173131713e+00
1.96006043887e+00
1.97560772034e+00
2.01063109397e+00
2.03373897990e+00
1.98715269055e+00
1.97857315415e+00
1.95437522488e+00
2.12836041132e+00
2.00231177838e+00
1.95153155295e+00
2.08531145187e+00
2.02962450890e+00
2.01121264642e+00
2.01356233650e+00
1.98115929483e+00
1.98463099430e+00
1.99725128519e+00
2.09309326935e+00
1.87149809135e+00
2.01653414074e+00
2.07809652316e+00
2.16053246415e+00
2.11820028929e+00
1.99212857975e+00
2.06127646721e+00
2.00588457106e+00
2.05337617418e+00
1.91659193492e+00
2.00548349696e+00
2.05662521958e+00
2.08184904884e+00
1.94887848118e+00
2.09953246634e+00
2.00234605550e+00
2.19044815757e+00
2.01410160102e+00
1.97053986926e+00
1.96032965849e+00
1.88879283165e+00
1.94251254023e+00
1.94144011222e+00
1.85889190826e+00
2.05209898518e+00
2.14341401261e+00
2.10242840316e+00
1.98713198633e+00
1.99656785098e+00
1.96303726353e+00
2.03616412554e+00
2.05426030713e+00
1.97151342043e+00
2.07706744996e+00
2.16865139217e+00
1.93803730535e+00
2.06839560145e+00
1.99079742161e+00
1.95364854209e+00
2.07078692396e+00
2.02471803391e+00
2.12656310377e+00
1.98375252494e+00
2.04879917531e+00
2.09707038400e+00
2.02710031754e+00
1.98115485701e+00
2.05455535857e+00
2.04826965687e+00
2.02704010617e+00
2.11151749369e+00
2.12615795329e+00
2.05484975913e+00
2.00869221468e+00
1.94106287689e+00
2.05860542440e+00
2.03077012966e+00
2.11075866693e+00
2.04083636329e+00
2.04908939467e+00
1.95206391352e+00
2.09982951695e+00
1.99532108123e+00
1.94259178802e+00
2.02427831918e+00
2.12418297053e+00
2.02639957536e+00
1.93330568584e+00
2.08619131040e+00
2.07083905994e+00
1.92776584018e+00
1.98129043460e+00
1.88010051667e+00
2.13579391308e+00
1.93414870146e+00
2.01689409197e+00
1.95486916107e+00
1.98078060203e+00
1.92228245325e+00
2.09516014134e+00
1.96253044116e+00
2.03198435634e+00
1.98407818310e+00
2.03899040193e+00
1.94590799054e+00
1.90288654705e+00
2.06499041330e+00
2.01436971773e+00
2.04340014095e+00
2.03882092019e+00
1.91782017104e+00
2.05642313448e+00
1.99524440981e+00
1.92932871195e+00
1.97503082566e+00
2.03447665081e+00
2.05229731233e+00
2.07289536679e+00
2.09065541806e+00
2.01832259022e+00
2.02104040138e+00
2.04783832961e+00
2.05418609401e+00
2.03181421631e+00
2.01672534933e+00
1.98586161399e+00
2.13188059242e+00
1.96192240374e+00
1.97854409628e+00
2.07168165124e+00
2.00811467336e+00
2.01007053949e+00
2.06828936710e+00
2.00722041940e+00
2.04440833885e+00
1.88296062721e+00
2.10320176683e+00
2.14179925429e+00
1.97397497651e+00
2.06832998943e+00
1.95385442121e+00
1.93965659311e+00
2.07107293939e+00
2.02140568802e+00
1.93881868488e+00
2.05060300360e+00
2.00589794289e+00
1.98850099334e+00
2.06650155581e+00
1.93247767459e+00
1.93950165281e+00
1.99772325600e+00
1.94712012313e+00
2.01719856156e+00
2.08829980623e+00
2.13625794395e+00
1.91854547568e+00
1.99460186930e+00
1.98695265860e+00
1.86991642048e+00
2.03767942922e+00
1.97139190318e+00
1.98728724938e+00
2.02612869557e+00
1.92452715785e+00
1.95964328609e+00
2.00371888320e+00
1.94317413461e+00
2.00407570560e+00
1.90532810152e+00
2.02751318923e+00
1.94661902758e+00
1.88501975075e+00
2.03201535369e+00
2.09757975652e+00
2.07748776153e+00
1.84594147637e+00
2.06556538983e+00
2.00078745873e+00
1.95620685401e+00
1.96261873111e+00
1.97179382170e+00
2.05294088904e+00
1.95660108142e+00
2.05675428772e+00
1.90768538679e+00
1.96850410053e+00
1.90257999864e+00
1.96898647200e+00
2.10810532988e+00
1.99956205311e+00
1.96321200941e+00
2.03867879787e+00
1.98783877327e+00
1.97871162196e+00
1.98202925047e+00
1.94161333445e+00
2.05312721530e+00
2.11623825564e+00
2.02809728162e+00
1.99154349718e+00
1.98147998886e+00
1.94613063272e+00
1.97017696243e+00
2.00734797297e+00
2.04974477806e+00
2.03596323661e+00
2.14870783421e+00
1.96215260786e+00
2.03149066730e+00
2.08914483411e+00
2.03573082620e+00
2.11240181299e+00
1.97501603197e+00
2.08207730404e+00
1.99884343858e+00
2.16248508766e+00
2.10470296301e+00
1.99687630916e+00
1.96088315069e+00
1.99845678991e+00
1.93205962736e+00
1.94749539678e+00
1.98891343576e+00
2.08540906517e+00
2.00052015670e+00
1.97404592558e+00
2.00291205695e+00
2.04954952045e+00
2.05155340734e+00
1.92069749766e+00
2.07707319615e+00
1.91843067807e+00
2.07507772239e+00
1.96548517337e+00
2.01127142723e+00
2.00992087961e+00
2.02888007212e+00
1.94988225062e+00
2.12342668248e+00
2.01925960534e+00
2.03327411733e+00
2.06559939908e+00
1.93702495693e+00
2.06657324503e+00
2.05324106385e+00
2.09683331385e+00
2.06063661907e+00
2.08473429453e+00
1.95078112889e+00
2.03315436873e+00
2.00945622932e+00
2.08916873936e+00
2.05969073225e+00
2.01412992402e+00
2.05838780102e+00
2.01292985069e+00
2.02126461883e+00
1.97216453293e+00
2.01740081057e+00
2.04398391330e+00
1.88204841668e+00
2.03331113171e+00
2.06415065868e+00
2.02920104695e+00
1.95180016492e+00
2.09072408382e+00
2.08576907620e+00
1.97489585339e+00
2.04320818793e+00
1.98076001523e+00
1.94371466319e+00
1.97513658026e+00
2.04594871834e+00
2.08111096349e+00
2.01117435783e+00
2.07664190772e+00
1.98047881390e+00
2.02158832661e+00
1.92878765943e+00
2.05021636428e+00
1.97687037693e+00
1.97073766630e+00
1.97492315757e+00
1.99082811792e+00
2.01553106783e+00
2.03222759328e+00
2.10541712197e+00
2.00003372106e+00
2.04311398618e+00
2.11261071505e+00
1.95543501758e+00
2.14874999007e+00
2.12966699227e+00
1.94341718199e+00
2.04368268830e+00
2.00109879842e+00
1.99716204180e+00
1.92497055225e+00
1.98124140559e+00
2.01423224830e+00
2.04396761099e+00
1.86198939188e+00
2.12299249309e+00
1.96057529967e+00
2.01557191839e+00
2.05254696767e+00
2.03414810308e+00
1.94198995408e+00
1.92449931751e+00
1.93014017646e+00
2.13765897289e+00
1.97097395165e+00
2.00260965969e+00
1.93965129409e+00
1.93744837625e+00
1.93567431236e+00
2.10260381906e+00
2.01904162546e+00
2.12831922521e+00
1.93603631433e+00
2.01409662415e+00