4.96686959837e+00
4.96652503216e+00
4.96507688532e+00
4.96781012761e+00
4.96645981646e+00
4.96747263607e+00
4.96504870457e+00
4.96551486051e+00
4.96714476885e+00
4.96822123668e+00
4.96682316738e+00
4.96752760886e+00
4.96828035038e+00
4.96480856608e+00
4.96622068873e+00
4.96660982533e+00
4.96614396020e+00
4.96731899033e+00
4.96675948550e+00
4.96513644060e+00
4.96844935143e+00
4.96611948843e+00
4.96622544223e+00
4.96575891601e+00
4.96820343569e+00
4.96636956190e+00
4.96593218066e+00
4.96821920332e+00
4.96592230088e+00
4.96651750761e+00
4.96789146922e+00
4.96649603029e+00
4.96695214317e+00
4.96729057004e+00
4.96736444140e+00
4.96604038666e+00
4.96757830287e+00
4.96616211905e+00
4.96569153592e+00
4.96618825117e+00
4.96662150177e+00
4.96646504486e+00
4.96639509708e+00
4.96631275465e+00
4.96601521951e+00
4.96685793281e+00
4.96574431116e+00
4.96776694400e+00
4.96717280198e+00
4.96824678671e+00
4.96720022333e+00
4.96822478862e+00
4.96590750623e+00
4.96681819435e+00
4.96581144284e+00
4.96558253594e+00
4.96611892893e+00
4.96589861838e+00
4.96721017509e+00
4.96688103304e+00
4.96696800048e+00
4.96522673709e+00
4.96645438931e+00
4.96649992165e+00
4.96697358869e+00
4.96711912135e+00
4.96513615166e+00
4.96737861543e+00
4.96550397247e+00
4.96669448105e+00
4.96730602177e+00
4.96785327989e+00
4.96503855168e+00
4.96645563811e+00
4.96582003626e+00
4.96650051239e+00
4.96735512927e+00
4.96630708111e+00
4.96829415556e+00
4.96659851236e+00
4.96716199669e+00
4.96622491399e+00
4.96490455865e+00
4.96487032448e+00
4.96641567339e+00
4.96710995397e+00
4.96553374568e+00
4.96645802948e+00
4.96626073260e+00
4.96762947847e+00
4.96517461610e+00
4.96432107991e+00
4.96811191150e+00
4.96639913676e+00
4.96708524212e+00
4.96403727354e+00
4.96590520234e+00
4.96694333781e+00
4.96496834765e+00
4.96510438027e+00
4.96695001994e+00
4.96721572208e+00
4.96545790237e+00
4.96678917803e+00
4.96316339271e+00
4.96545531321e+00
4.96726331697e+00
4.96562297945e+00
4.96648534852e+00
4.96581438624e+00
4.96701786497e+00
4.96745706617e+00
4.96727348659e+00
4.96386318665e+00
4.96541175908e+00
4.96891567992e+00
4.96750766330e+00
4.96586084659e+00
4.96651487992e+00
4.96669023134e+00
4.96754434571e+00
4.96640052545e+00
4.96673863452e+00
4.96722459437e+00
4.96640742220e+00
4.96590511394e+00
4.96666546350e+00
4.96536173925e+00
4.96736429662e+00
4.96504369962e+00
4.96692833553e+00
4.96764701160e+00
4.96611001650e+00
4.96626034657e+00
4.96593317201e+00
4.96536270724e+00
4.96703965462e+00
4.96756372253e+00
4.96584760667e+00
4.96565078786e+00
4.96650511880e+00
4.96600521839e+00
4.96666154077e+00
4.96592280919e+00
4.96419784507e+00
4.96755294002e+00
4.96567894663e+00
4.96675895318e+00
4.96628103683e+00
4.96722144167e+00
4.96778807050e+00
4.96649456657e+00
4.96687697684e+00
4.96438231741e+00
4.96687381439e+00
4.96650393534e+00
4.96636409929e+00
4.96658834682e+00
4.96411725185e+00
4.96632455551e+00
4.96664787217e+00
4.96677714270e+00
4.96610996760e+00
4.96755603551e+00
4.96611000098e+00
4.96715950283e+00
4.96672353781e+00
4.96756793884e+00
4.96433054648e+00
4.96647003803e+00
4.96650273361e+00
4.96407449439e+00
4.96722240205e+00
4.96541780017e+00
4.96716335823e+00
4.96655004011e+00
4.96674216262e+00
4.96608029096e+00
4.96921364618e+00
4.96557417676e+00
4.96541000235e+00
4.96392722566e+00
4.96599760616e+00
4.96723965384e+00
4.96812567024e+00
4.96666091215e+00
4.96653791893e+00
4.96780283319e+00
4.96496162396e+00
4.96663224000e+00
4.96558491984e+00
4.96756385310e+00
4.96581740067e+00
4.96609388094e+00
4.96739508199e+00
4.96422160256e+00
4.96656894870e+00
4.96730619531e+00
4.96774616725e+00
4.96608794731e+00
4.96781788000e+00
4.96572021696e+00
4.96651961130e+00
4.96843951024e+00
4.96772700975e+00
4.96668513068e+00
4.96400497629e+00
4.96400040023e+00
4.96728170630e+00
4.96590423393e+00
4.96692738849e+00
4.96691869623e+00
4.96631669053e+00
4.96604505382e+00
4.96634403861e+00
4.96743211321e+00
4.96668375328e+00
4.96724270531e+00
4.96710919889e+00
4.96562884008e+00
4.96487001828e+00
4.96458727486e+00
4.96658437570e+00
4.96715881786e+00
4.96608440322e+00
4.96597537418e+00
4.96740925389e+00
4.96628023507e+00
4.96730365983e+00
4.96543728854e+00
4.96599321657e+00
4.96650126722e+00
4.96606791613e+00
4.96760611351e+00
4.96857513892e+00
4.96792367450e+00
4.96809049776e+00
4.96701547689e+00
4.96679595758e+00
4.96783998873e+00
4.96605731651e+00
4.96728168611e+00
4.96777860169e+00
4.96587441233e+00
4.96560928676e+00
4.96663050328e+00
4.96531074320e+00
4.96594806424e+00
4.96593896285e+00
4.96704456808e+00
4.96655487508e+00
4.96783061949e+00
4.96744072087e+00
4.96544609288e+00
4.96503638224e+00
4.96706904652e+00
4.96497642063e+00
4.96790209058e+00
4.96510013035e+00
4.96791316849e+00
4.96685565486e+00
4.96539617222e+00
4.96598189704e+00
4.96736365452e+00
4.96547772092e+00
4.96579712433e+00
4.96747025683e+00
4.96626619762e+00
4.96582072127e+00
4.96825343483e+00
4.96545304613e+00
4.96698784759e+00
4.96696150532e+00
4.96658985734e+00
4.96751909251e+00
4.96413644321e+00
4.96576267991e+00
4.96727533562e+00
4.96758744985e+00
4.96527767433e+00
4.96813054611e+00
4.96659047080e+00
4.96635542270e+00
4.96471358518e+00
4.96583117242e+00
4.96553976727e+00
4.96592117487e+00
4.96599237803e+00
4.96567028570e+00
4.96506542404e+00
4.96555858443e+00
4.96651870576e+00
4.96634304150e+00
4.96731443562e+00
4.96579815448e+00
4.96614821853e+00
4.96652044071e+00
4.96712004263e+00
4.96545295729e+00
4.96700803219e+00
4.96624720378e+00
4.96663473025e+00
4.96626137823e+00
4.96686835497e+00
4.96542530297e+00
4.96712527038e+00
4.96636210934e+00
4.96756979825e+00
4.96414309857e+00
4.96584608151e+00
4.96659081009e+00
4.96780507607e+00
4.96528035322e+00
4.96640748481e+00
4.96623614533e+00
4.96836981281e+00
4.96797553070e+00
4.96726044445e+00
4.96654823225e+00
4.96485155359e+00
4.96638215626e+00
4.96667754242e+00
4.96593795209e+00
4.96398107111e+00
4.96763412465e+00
4.96680387399e+00
4.96594583869e+00
4.96606394975e+00
4.96658199397e+00
4.96719064935e+00
4.96819292658e+00
4.96732800830e+00
4.96750288467e+00
4.96598875396e+00
4.96504781547e+00
4.96578861862e+00
4.96609847156e+00
4.96728990332e+00
4.96534731902e+00
4.96578257960e+00
4.96638100841e+00
4.96584233723e+00
4.96763495158e+00
4.96593388002e+00
4.96895612322e+00
4.96632026083e+00
4.96666940042e+00
4.96469941383e+00
4.96686400394e+00
4.96640195350e+00
4.96631218674e+00
4.96634078510e+00
4.96682306968e+00
4.96820474846e+00
4.96424895682e+00
4.96698021619e+00
4.96649264187e+00
4.96556328920e+00
4.96757799140e+00
4.96706774447e+00
4.96554567594e+00
4.96847758738e+00
4.96630838144e+00
4.96472587214e+00
4.96733092342e+00
4.96698259932e+00
4.96635617283e+00
4.96842376272e+00
4.96548839414e+00
4.96681258453e+00
4.96661798706e+00
4.96565074392e+00
4.96595768324e+00
4.96615429652e+00
4.96783234318e+00
4.96615330960e+00
4.96599098920e+00
4.96677170348e+00
4.96781453643e+00
4.96597400696e+00
4.96718701556e+00
4.96560009590e+00
4.96647133557e+00
4.96720378357e+00
4.96649878344e+00
4.96710832879e+00
4.96701209641e+00
4.96599533202e+00
4.96762048061e+00
4.96871975496e+00
4.96576485953e+00
4.96811763164e+00
4.96635492716e+00
4.96566002265e+00
4.96643548282e+00
4.96570060978e+00
4.96657691794e+00
4.96497492805e+00
4.96730979075e+00
4.96598264945e+00
4.96747723637e+00
4.96557705606e+00
4.96740381189e+00
4.96557068708e+00
4.96649412193e+00
4.96735384265e+00
4.96605747228e+00
4.96679976552e+00
4.96807120251e+00
4.96679282376e+00
4.96694078721e+00
4.96535171637e+00
4.96756770669e+00
4.96496589332e+00
4.96597766279e+00
4.96780266116e+00
4.96836175514e+00
4.96584235673e+00
4.96808065849e+00
4.96711887683e+00
4.96549671721e+00
4.96686387406e+00
4.96546356704e+00
4.96576635746e+00
4.96687547841e+00
4.96611099385e+00
4.96628402451e+00
4.96597769455e+00
4.96695863583e+00
4.96614119161e+00
4.96682334517e+00
4.96614408986e+00
4.96676252635e+00
4.96650318011e+00
4.96664252685e+00
4.96703205384e+00
4.96826189091e+00
4.96656692875e+00
4.96576602538e+00
4.96681662256e+00
4.96715186498e+00
4.96647915697e+00
4.96569307281e+00
4.96573824874e+00
4.96773503011e+00
4.96659461641e+00
4.96718778813e+00
4.96666737667e+00
4.96543940558e+00
4.96673763907e+00
4.96762949060e+00
4.96576138412e+00
4.96653271930e+00
4.96572499007e+00
4.96640120927e+00
4.96479336833e+00
4.96673808814e+00
4.96702798474e+00
4.96697642234e+00
4.96734667523e+00
4.96666957721e+00
4.96662370573e+00
4.96692170631e+00
4.96566381761e+00
4.96681619036e+00
4.96739289299e+00
4.96844617043e+00
4.96564443070e+00
4.96581613891e+00
4.96585418079e+00
4.96756736928e+00
4.96674999760e+00
4.96669889746e+00
4.96700900848e+00
4.96655568214e+00
4.96587787481e+00
4.96615490496e+00
4.96671774363e+00
4.96863672402e+00
4.96730059241e+00
4.96685061019e+00
4.96609958291e+00
4.96546537479e+00
4.96657135488e+00
4.96720768725e+00
4.96659114284e+00
4.96648377890e+00
4.96598086052e+00
4.96794847537e+00
4.96609512089e+00
4.96876761530e+00
4.96505722680e+00
4.96582676710e+00
4.96837721367e+00
4.96714685177e+00
4.96622711119e+00
4.96711674006e+00
4.96789617258e+00
4.96620549092e+00
4.96544697911e+00
4.96640902251e+00