-9.38094310358e-01
-9.38117220586e-01
-9.37569995347e-01
-9.38477131322e-01
-9.37938650516e-01
-9.38234382576e-01
-9.37102071819e-01
-9.37387073729e-01
-9.38626167752e-01
-9.38459209031e-01
-9.38086666047e-01
-9.38092297824e-01
-9.38239042451e-01
-9.37291609879e-01
-9.38209843599e-01
-9.38042004824e-01
-9.38291447074e-01
-9.38260178326e-01
-9.37961653926e-01
-9.37035047521e-01
-9.38840333800e-01
-9.37732060152e-01
-9.38065968157e-01
-9.37636521820e-01
-9.38258888850e-01
-9.37349349618e-01
-9.38310308555e-01
-9.38524515817e-01
-9.37605301252e-01
-9.38145191283e-01
-9.38285105672e-01
-9.38119182627e-01
-9.37924995824e-01
-9.38333567631e-01
-9.38314774074e-01
-9.37629228410e-01
-9.38588963567e-01
-9.38091298624e-01
-9.37783674323e-01
-9.38058886640e-01
-9.38127383418e-01
-9.37716861687e-01
-9.38169455348e-01
-9.37904026592e-01
-9.38168112077e-01
-9.38460841869e-01
-9.37844282980e-01
-9.38714499808e-01
-9.37533571611e-01
-9.39066023101e-01
-9.38247933116e-01
-9.38613290181e-01
-9.37958883971e-01
-9.37935221203e-01
-9.37688225402e-01
-9.37428024788e-01
-9.38071559653e-01
-9.37759534323e-01
-9.38580206453e-01
-9.38353590245e-01
-9.38083985918e-01
-9.37893553767e-01
-9.37627643924e-01
-9.38160503216e-01
-9.37941471109e-01
-9.37925749740e-01
-9.37344303403e-01
-9.38389494625e-01
-9.37360687928e-01
-9.38355447857e-01
-9.38266250396e-01
-9.38702668324e-01
-9.37632174720e-01
-9.38165211698e-01
-9.37706734512e-01
-9.37947137085e-01
-9.38792580465e-01
-9.37607788730e-01
-9.38462076534e-01
-9.37578202785e-01
-9.37797352867e-01
-9.38176589899e-01
-9.37045511598e-01
-9.37247737277e-01
-9.37687698021e-01
-9.38063917859e-01
-9.37358457709e-01
-9.37990977397e-01
-9.38288378753e-01
-9.38610186657e-01
-9.37480733686e-01
-9.36896560475e-01
-9.38657313185e-01
-9.37965320495e-01
-9.37969368608e-01
-9.37540806086e-01
-9.38011248573e-01
-9.38076997633e-01
-9.37593726187e-01
-9.37334497299e-01
-9.38049930477e-01
-9.38168116093e-01
-9.37747715622e-01
-9.38222821474e-01
-9.36679411957e-01
-9.37544712377e-01
-9.38336898021e-01
-9.37784730486e-01
-9.38402611476e-01
-9.38251527284e-01
-9.38193500984e-01
-9.38277344025e-01
-9.38276682432e-01
-9.36953077698e-01
-9.37274068358e-01
-9.38914392016e-01
-9.38371853419e-01
-9.37920779087e-01
-9.37931698522e-01
-9.38057896393e-01
-9.38637514624e-01
-9.37999741040e-01
-9.38142975845e-01
-9.37888509041e-01
-9.37917904969e-01
-9.37716029729e-01
-9.37622778104e-01
-9.37788175972e-01
-9.38595313147e-01
-9.37716441515e-01
-9.38048593162e-01
-9.38425448934e-01
-9.37939975008e-01
-9.38232902191e-01
-9.37861636416e-01
-9.37439876985e-01
-9.37941333490e-01
-9.38349265518e-01
-9.37540436372e-01
-9.37971554342e-01
-9.38206003708e-01
-9.37295222033e-01
-9.38249035576e-01
-9.38015335422e-01
-9.37145821763e-01
-9.38654124876e-01
-9.37536168604e-01
-9.38437140291e-01
-9.38210367568e-01
-9.37914597588e-01
-9.38361395778e-01
-9.38352075683e-01
-9.37979281041e-01
-9.37297139721e-01
-9.37991101007e-01
-9.38088284307e-01
-9.38122572168e-01
-9.38595575885e-01
-9.37560732588e-01
-9.38055648589e-01
-9.38299933599e-01
-9.38080718224e-01
-9.37828023898e-01
-9.38897014750e-01
-9.38199473447e-01
-9.38485101536e-01
-9.37573585115e-01
-9.37984846983e-01
-9.37114238194e-01
-9.38257423510e-01
-9.37862656840e-01
-9.37071468149e-01
-9.38421161126e-01
-9.37734761422e-01
-9.38072158780e-01
-9.37828251877e-01
-9.38173789152e-01
-9.37611511447e-01
-9.38927333966e-01
-9.37816019235e-01
-9.37509036441e-01
-9.37110010979e-01
-9.37882184571e-01
-9.38093705774e-01
-9.38250359192e-01
-9.38000678725e-01
-9.37734669314e-01
-9.38336659432e-01
-9.37661778994e-01
-9.38103648680e-01
-9.36967656879e-01
-9.38452100188e-01
-9.37568154409e-01
-9.37479384227e-01
-9.38373090975e-01
-9.36983067264e-01
-9.38120374454e-01
-9.38355222733e-01
-9.38279048451e-01
-9.38713106873e-01
-9.38510687573e-01
-9.37304395820e-01
-9.37946570425e-01
-9.38964278344e-01
-9.38631617008e-01
-9.38112714840e-01
-9.36861513141e-01
-9.37268248914e-01
-9.38652330034e-01
-9.37662483961e-01
-9.38387257411e-01
-9.37829262034e-01
-9.38055251757e-01
-9.37565344686e-01
-9.37875938994e-01
-9.38461158054e-01
-9.37887967356e-01
-9.38104736280e-01
-9.37758931965e-01
-9.37581363570e-01
-9.37527039555e-01
-9.37459478374e-01
-9.38180092006e-01
-9.38076502449e-01
-9.38016947624e-01
-9.37949229006e-01
-9.38261633385e-01
-9.38121319969e-01
-9.38304372934e-01
-9.37841647082e-01
-9.38169299455e-01
-9.37772965423e-01
-9.37568180083e-01
-9.38658308268e-01
-9.38596139665e-01
-9.38187365868e-01
-9.38490202341e-01
-9.38277012025e-01
-9.37606757526e-01
-9.38466634239e-01
-9.38073461393e-01
-9.37965331280e-01
-9.38439881584e-01
-9.38030319938e-01
-9.37888127680e-01
-9.37783816298e-01
-9.37367557431e-01
-9.37489213327e-01
-9.37644766626e-01
-9.38285075237e-01
-9.37793003196e-01
-9.38419116691e-01
-9.38225007410e-01
-9.38178029100e-01
-9.37674218238e-01
-9.37844924159e-01
-9.37658717085e-01
-9.38666788173e-01
-9.37713561765e-01
-9.38652040952e-01
-9.38296253273e-01
-9.37676168249e-01
-9.37878594456e-01
-9.38192123006e-01
-9.37180783478e-01
-9.38075336519e-01
-9.38308230065e-01
-9.37939602886e-01
-9.37534982527e-01
-9.38624281536e-01
-9.37094679251e-01
-9.38819502361e-01
-9.38162650784e-01
-9.38107033425e-01
-9.38467215757e-01
-9.36986306233e-01
-9.37226525502e-01
-9.38145646139e-01
-9.38059265595e-01
-9.38023214939e-01
-9.38717239109e-01
-9.38180410332e-01
-9.37904703685e-01
-9.37278376305e-01
-9.37969828486e-01
-9.37641203139e-01
-9.37766109438e-01
-9.37902837550e-01
-9.38343567717e-01
-9.37589508230e-01
-9.37676500901e-01
-9.37767259127e-01
-9.37923378455e-01
-9.38015155479e-01
-9.37811414468e-01
-9.37852624853e-01
-9.37863796275e-01
-9.38340594882e-01
-9.37716972916e-01
-9.38177391093e-01
-9.38076947951e-01
-9.37839555463e-01
-9.37655524809e-01
-9.38189035725e-01
-9.37594464910e-01
-9.38310660368e-01
-9.37900216766e-01
-9.38430533240e-01
-9.37169386798e-01
-9.37407372748e-01
-9.38045366669e-01
-9.38414864496e-01
-9.37508617352e-01
-9.38141297532e-01
-9.38009392234e-01
-9.38535660783e-01
-9.37879021647e-01
-9.38492599290e-01
-9.37885842044e-01
-9.37453008826e-01
-9.37871998954e-01
-9.37791272725e-01
-9.37917769062e-01
-9.37243570732e-01
-9.38206830456e-01
-9.38343770678e-01
-9.37893850299e-01
-9.37938127967e-01
-9.38260527328e-01
-9.38481490909e-01
-9.38655922032e-01
-9.38426744631e-01
-9.38390418229e-01
-9.37933450697e-01
-9.37897413110e-01
-9.37682709601e-01
-9.38165962258e-01
-9.38241074268e-01
-9.37130434430e-01
-9.38263830940e-01
-9.37441892515e-01
-9.38149657738e-01
-9.38503604500e-01
-9.37081856729e-01
-9.38774513205e-01
-9.37597656059e-01
-9.37884221312e-01
-9.37430644736e-01
-9.37577615457e-01
-9.37954565287e-01
-9.37726006137e-01
-9.38510876074e-01
-9.38068595553e-01
-9.38501092659e-01
-9.37429258567e-01
-9.38142336889e-01
-9.37862203769e-01
-9.37821728988e-01
-9.38102853046e-01
-9.38361058261e-01
-9.37130711279e-01
-9.38326328724e-01
-9.38182935531e-01
-9.37660844507e-01
-9.38228897732e-01
-9.38022988438e-01
-9.38067781835e-01
-9.38423544571e-01
-9.37616401551e-01
-9.37983840790e-01
-9.37783000083e-01
-9.37628246011e-01
-9.37897936462e-01
-9.37971509856e-01
-9.38158318589e-01
-9.37871402822e-01
-9.37784493780e-01
-9.37931566420e-01
-9.38287564348e-01
-9.37665819318e-01
-9.38206120765e-01
-9.37942418035e-01
-9.37766991654e-01
-9.38158364474e-01
-9.38231736513e-01
-9.38216318711e-01
-9.37897150318e-01
-9.37529362302e-01
-9.38708290847e-01
-9.38860017437e-01
-9.37649513568e-01
-9.38273643218e-01
-9.37258683351e-01
-9.37804240848e-01
-9.37698352095e-01
-9.37632892245e-01
-9.37929272649e-01
-9.36924447752e-01
-9.38019563540e-01
-9.37985304673e-01
-9.38385285283e-01
-9.37648326147e-01
-9.38364104004e-01
-9.37533735500e-01
-9.37949097535e-01
-9.37838610199e-01
-9.38139782086e-01
-9.38360622796e-01
-9.38305006766e-01
-9.38188960622e-01
-9.38231093855e-01
-9.37572400063e-01
-9.38433397834e-01
-9.37102559405e-01
-9.37543091023e-01
-9.38445858528e-01
-9.38216525849e-01
-9.37859755825e-01
-9.38097811447e-01
-9.38244399743e-01
-9.37220998814e-01
-9.38258154737e-01
-9.37773906059e-01
-9.37753675571e-01
-9.38221668256e-01
-9.37929123079e-01
-9.38171902936e-01
-9.37863248483e-01
-9.38069748339e-01
-9.37717666442e-01
-9.37825923332e-01
-9.38077652797e-01
-9.38173872567e-01
-9.37950193513e-01
-9.37768462816e-01
-9.38005055003e-01
-9.38308594115e-01
-9.37986359216e-01
-9.38067140021e-01
-9.37947967923e-01
-9.38414308001e-01
-9.37409513139e-01
-9.37740068396e-01
-9.37801550455e-01
-9.38625580680e-01
-9.38065152543e-01
-9.38089085057e-01
-9.38305467996e-01
-9.37699831382e-01
-9.38208429438e-01
-9.38444108641e-01
-9.38089116410e-01
-9.38099036747e-01
-9.38106046924e-01
-9.38221993407e-01
-9.37563526040e-01
-9.38495230229e-01
-9.37703943186e-01
-9.38506526063e-01
-9.38046080831e-01
-9.37854242914e-01
-9.38496035447e-01
-9.38008534040e-01
-9.37995171344e-01
-9.38083399432e-01
-9.38367561831e-01
-9.38695884550e-01
-9.38064865302e-01
-9.37873251791e-01
-9.37884388476e-01
-9.38550619628e-01
-9.37936644973e-01
-9.37738858228e-01
-9.38314786886e-01
-9.37818067240e-01
-9.37932163411e-01
-9.37786237476e-01
-9.37883367703e-01
-9.38231401542e-01
-9.38115140029e-01
-9.38575445845e-01
-9.37995922541e-01
-9.37479241534e-01
-9.37667672396e-01
-9.38179099740e-01
-9.38483595784e-01
-9.38038903156e-01
-9.37698615964e-01
-9.38644051193e-01
-9.38171747576e-01
-9.38792306201e-01
-9.37393556720e-01
-9.37533713402e-01
-9.38817878426e-01
-9.38305596864e-01
-9.37510328028e-01
-9.38161474989e-01
-9.38301539939e-01
-9.37886890428e-01
-9.37693401610e-01
-9.37970480911e-01