-4.21388148395e+00
-4.21294300835e+00
-4.21141825617e+00
-4.21527850597e+00
-4.21201131823e+00
-4.21479805612e+00
-4.21028072784e+00
-4.21069702771e+00
-4.21347841474e+00
-4.21451804678e+00
-4.21350978639e+00
-4.21355013192e+00
-4.21508912303e+00
-4.21248539047e+00
-4.21298876051e+00
-4.21289321878e+00
-4.21264397368e+00
-4.21367350828e+00
-4.21367781725e+00
-4.20974992871e+00
-4.21589934840e+00
-4.21214488111e+00
-4.21226314333e+00
-4.21126113032e+00
-4.21522995991e+00
-4.21219875788e+00
-4.21299298711e+00
-4.21386387196e+00
-4.21203723476e+00
-4.21278803188e+00
-4.21315094138e+00
-4.21376855615e+00
-4.21243829596e+00
-4.21254634729e+00
-4.21455771159e+00
-4.21211609360e+00
-4.21413534001e+00
-4.21271313916e+00
-4.20998723185e+00
-4.21257352609e+00
-4.21251776831e+00
-4.21172692350e+00
-4.21382322439e+00
-4.21210740819e+00
-4.21195775388e+00
-4.21324447605e+00
-4.21242102766e+00
-4.21447657537e+00
-4.21124236732e+00
-4.21504953177e+00
-4.21364326300e+00
-4.21407216684e+00
-4.21304793959e+00
-4.21220191925e+00
-4.21297375426e+00
-4.21196284985e+00
-4.21229268279e+00
-4.21083659441e+00
-4.21475262392e+00
-4.21458662773e+00
-4.21295142383e+00
-4.21334679310e+00
-4.21117080334e+00
-4.21312685491e+00
-4.21219929972e+00
-4.21175991649e+00
-4.21201420521e+00
-4.21419419852e+00
-4.21228453326e+00
-4.21323101827e+00
-4.21309662186e+00
-4.21281056722e+00
-4.21287609618e+00
-4.21316317390e+00
-4.21324042428e+00
-4.21345506040e+00
-4.21420983599e+00
-4.21048074247e+00
-4.21438855178e+00
-4.21139143878e+00
-4.21341671004e+00
-4.21399622743e+00
-4.20993440251e+00
-4.21153251098e+00
-4.21221266502e+00
-4.21322244764e+00
-4.21204128455e+00
-4.21194526405e+00
-4.21495222964e+00
-4.21393290808e+00
-4.21251106543e+00
-4.21072189686e+00
-4.21266048138e+00
-4.21352352643e+00
-4.21253951436e+00
-4.21123205724e+00
-4.21246824260e+00
-4.21291312019e+00
-4.21255856490e+00
-4.21188546636e+00
-4.21146645152e+00
-4.21474883667e+00
-4.21178128301e+00
-4.21246812446e+00
-4.20842567302e+00
-4.21241777250e+00
-4.21392031671e+00
-4.21241083127e+00
-4.21123877227e+00
-4.21367209150e+00
-4.21279409324e+00
-4.21341400551e+00
-4.21324856918e+00
-4.21183958428e+00
-4.21065784937e+00
-4.21440481203e+00
-4.21401387944e+00
-4.21442227665e+00
-4.21330504285e+00
-4.21257490474e+00
-4.21364893420e+00
-4.21226864702e+00
-4.21316488226e+00
-4.21345289265e+00
-4.21362380710e+00
-4.21171564786e+00
-4.21308299090e+00
-4.21076978702e+00
-4.21411404680e+00
-4.21197640600e+00
-4.21331416538e+00
-4.21351694169e+00
-4.21314266702e+00
-4.21277606326e+00
-4.21251522884e+00
-4.21143796742e+00
-4.21464565364e+00
-4.21289853643e+00
-4.21209517111e+00
-4.21184900518e+00
-4.21273566155e+00
-4.21149229805e+00
-4.21220089820e+00
-4.21183008570e+00
-4.21071161674e+00
-4.21459232164e+00
-4.21179173933e+00
-4.21430490801e+00
-4.21381640135e+00
-4.21283173408e+00
-4.21334236653e+00
-4.21350514678e+00
-4.21341190530e+00
-4.21173213978e+00
-4.21210552927e+00
-4.21289074869e+00
-4.21276734030e+00
-4.21365032003e+00
-4.21134105143e+00
-4.21238988279e+00
-4.21338760020e+00
-4.21219786035e+00
-4.21287366531e+00
-4.21431189634e+00
-4.21302171937e+00
-4.21367282808e+00
-4.21189202482e+00
-4.21261516851e+00
-4.20992926314e+00
-4.21377756886e+00
-4.21254686999e+00
-4.21059526836e+00
-4.21459632991e+00
-4.21242722917e+00
-4.21310114238e+00
-4.21250948487e+00
-4.21348014736e+00
-4.21284058009e+00
-4.21470873799e+00
-4.21320972686e+00
-4.21423584051e+00
-4.21203178285e+00
-4.21211177477e+00
-4.21304321919e+00
-4.21402477595e+00
-4.21154513183e+00
-4.21215183761e+00
-4.21311332908e+00
-4.21151476480e+00
-4.21222249924e+00
-4.21200953116e+00
-4.21182081820e+00
-4.21102311246e+00
-4.21095599948e+00
-4.21324527995e+00
-4.21108410957e+00
-4.21364008530e+00
-4.21403575722e+00
-4.21381439318e+00
-4.21442116145e+00
-4.21370689161e+00
-4.21054598501e+00
-4.21229008474e+00
-4.21446557595e+00
-4.21467518691e+00
-4.21227056165e+00
-4.21082977840e+00
-4.21186174730e+00
-4.21410345390e+00
-4.21069667367e+00
-4.21417187605e+00
-4.21355007362e+00
-4.21187497479e+00
-4.21316868341e+00
-4.21319163502e+00
-4.21357107117e+00
-4.21221329615e+00
-4.21367760874e+00
-4.21294712597e+00
-4.21252035768e+00
-4.21059221548e+00
-4.21230522091e+00
-4.21380128882e+00
-4.21371779805e+00
-4.21345986947e+00
-4.21328432537e+00
-4.21318388387e+00
-4.21223938344e+00
-4.21380358916e+00
-4.21207946605e+00
-4.21296329828e+00
-4.21404867357e+00
-4.21201693566e+00
-4.21453399169e+00
-4.21262888180e+00
-4.21245438940e+00
-4.21443734616e+00
-4.21391671347e+00
-4.21322572352e+00
-4.21425984543e+00
-4.21319697436e+00
-4.21270267172e+00
-4.21372760870e+00
-4.21212750775e+00
-4.21191751605e+00
-4.21315561979e+00
-4.21145821682e+00
-4.21090933493e+00
-4.21231955505e+00
-4.21428967527e+00
-4.21224975563e+00
-4.21420550211e+00
-4.21402797227e+00
-4.21386954798e+00
-4.21245779464e+00
-4.21306067335e+00
-4.21300672447e+00
-4.21356533352e+00
-4.21239575834e+00
-4.21484440838e+00
-4.21445549217e+00
-4.21151899518e+00
-4.21470750612e+00
-4.21429532387e+00
-4.21077600970e+00
-4.21292395007e+00
-4.21168134314e+00
-4.21234098625e+00
-4.21330650405e+00
-4.21487225204e+00
-4.21053752752e+00
-4.21314354880e+00
-4.21338760108e+00
-4.21160182504e+00
-4.21258735276e+00
-4.21013701212e+00
-4.21192979468e+00
-4.21288407192e+00
-4.21370358833e+00
-4.21357085599e+00
-4.21354537026e+00
-4.21340098599e+00
-4.21297585317e+00
-4.21166735723e+00
-4.21235526100e+00
-4.21224170101e+00
-4.21295550532e+00
-4.21164991152e+00
-4.21313367650e+00
-4.21239814936e+00
-4.21156392850e+00
-4.21262569114e+00
-4.21302781332e+00
-4.21164667717e+00
-4.21296636034e+00
-4.21124262069e+00
-4.21220618441e+00
-4.21284810837e+00
-4.21209965695e+00
-4.21301358431e+00
-4.21341174802e+00
-4.21248696493e+00
-4.21067384386e+00
-4.21254485537e+00
-4.21019266828e+00
-4.21236135427e+00
-4.21314372972e+00
-4.21294411223e+00
-4.21120883028e+00
-4.21238541901e+00
-4.21198007182e+00
-4.21414660448e+00
-4.21157741778e+00
-4.21256452593e+00
-4.21319397410e+00
-4.21458077425e+00
-4.21360792212e+00
-4.21317486690e+00
-4.21309258667e+00
-4.21233809653e+00
-4.21260183959e+00
-4.21245284580e+00
-4.21166510025e+00
-4.21213701874e+00
-4.21447220817e+00
-4.21241537670e+00
-4.21221347933e+00
-4.21342008987e+00
-4.21282617449e+00
-4.21188547611e+00
-4.21294266682e+00
-4.21367005887e+00
-4.21247925667e+00
-4.21176783579e+00
-4.21275069487e+00
-4.21120503950e+00
-4.21254778881e+00
-4.21248845946e+00
-4.21086636684e+00
-4.21328051936e+00
-4.21264383766e+00
-4.21171062586e+00
-4.21347519948e+00
-4.21133152931e+00
-4.21416097645e+00
-4.21292581748e+00
-4.21411892060e+00
-4.21236773002e+00
-4.21227685063e+00
-4.21289523921e+00
-4.21480005356e+00
-4.21322368794e+00
-4.21132567066e+00
-4.21457161793e+00
-4.21073559780e+00
-4.21172035875e+00
-4.21362268453e+00
-4.21256488926e+00
-4.21463834568e+00
-4.21246481446e+00
-4.21125270158e+00
-4.21488382228e+00
-4.21352490460e+00
-4.21233402341e+00
-4.21288069970e+00
-4.21059379368e+00
-4.21122893671e+00
-4.21344751373e+00
-4.21105400354e+00
-4.21318264122e+00
-4.21168859825e+00
-4.21451247348e+00
-4.21197777710e+00
-4.21228434195e+00
-4.21305735306e+00
-4.21172785884e+00
-4.21318653185e+00
-4.21252463601e+00
-4.21264036445e+00
-4.21242878394e+00
-4.21374802052e+00
-4.21196660393e+00
-4.21238020071e+00
-4.21471404198e+00
-4.21334677513e+00
-4.21222873743e+00
-4.21203585678e+00
-4.21173994268e+00
-4.21647869695e+00
-4.21558890627e+00
-4.21041655134e+00
-4.21435856281e+00
-4.21196604029e+00
-4.21298384315e+00
-4.21370372700e+00
-4.21200664665e+00
-4.21273588749e+00
-4.20932154189e+00
-4.21203218773e+00
-4.21207523024e+00
-4.21401244153e+00
-4.21190580663e+00
-4.21281966517e+00
-4.21195611020e+00
-4.21200240712e+00
-4.21131340355e+00
-4.21384505991e+00
-4.21237342219e+00
-4.21416063479e+00
-4.21340778431e+00
-4.21326488205e+00
-4.21045609230e+00
-4.21377374411e+00
-4.20995195220e+00
-4.21220407308e+00
-4.21397120492e+00
-4.21234575099e+00
-4.21198846159e+00
-4.21441416321e+00
-4.21284061790e+00
-4.21157921825e+00
-4.21159979282e+00
-4.21239631807e+00
-4.21200239071e+00
-4.21251362537e+00
-4.21257237483e+00
-4.21272703034e+00
-4.21244848426e+00
-4.21335376528e+00
-4.21297805157e+00
-4.21211454099e+00
-4.21314485676e+00
-4.21275918753e+00
-4.21253946495e+00
-4.21257401456e+00
-4.21348014171e+00
-4.21289853371e+00
-4.21320913553e+00
-4.21304574883e+00
-4.21246742117e+00
-4.21312000380e+00
-4.21243441395e+00
-4.21274490547e+00
-4.21136553288e+00
-4.21376279234e+00
-4.21225009656e+00
-4.21401161965e+00
-4.21293334811e+00
-4.21254501450e+00
-4.21219873454e+00
-4.21291659951e+00
-4.21285335289e+00
-4.21302680848e+00
-4.21148693368e+00
-4.21137179014e+00
-4.21267617400e+00
-4.21442538427e+00
-4.21179260425e+00
-4.21386411673e+00
-4.20966313648e+00
-4.21283260485e+00
-4.21401044245e+00
-4.21305732663e+00
-4.21176560994e+00
-4.21332364776e+00
-4.21324664024e+00
-4.21608897592e+00
-4.21304055971e+00
-4.21299220662e+00
-4.21187354603e+00
-4.21425785942e+00
-4.21286358894e+00
-4.21176495635e+00
-4.21493612562e+00
-4.21253075802e+00
-4.21244995186e+00
-4.21125348132e+00
-4.21206157461e+00
-4.21408373540e+00
-4.21452826501e+00
-4.21495923974e+00
-4.21348555645e+00
-4.21259630813e+00
-4.21318577662e+00
-4.21281951613e+00
-4.21260039483e+00
-4.21385555700e+00
-4.21268002152e+00
-4.21408898556e+00
-4.21254147214e+00
-4.21428701030e+00
-4.21131356987e+00
-4.21329484285e+00
-4.21483656857e+00
-4.21505950957e+00
-4.21119136555e+00
-4.21197514898e+00
-4.21365268593e+00
-4.21118269109e+00
-4.21323349498e+00
-4.21274148376e+00