-7.61784353352e+00
-7.61600600504e+00
-7.61589710803e+00
-7.61822603279e+00
-7.61271007509e+00
-7.61241359053e+00
-7.61038593567e+00
-7.61651470970e+00
-7.61374690697e+00
-7.61401012306e+00
-7.61735538066e+00
-7.61442907937e+00
-7.61631794842e+00
-7.61394377131e+00
-7.61312066044e+00
-7.61466778980e+00
-7.61289283418e+00
-7.61350033873e+00
-7.61512944081e+00
-7.61666837020e+00
-7.61376192955e+00
-7.61315966966e+00
-7.61503831836e+00
-7.61228755704e+00
-7.61181041549e+00
-7.61335657025e+00
-7.61315663025e+00
-7.61457594118e+00
-7.61237217019e+00
-7.61481860748e+00
-7.61397647747e+00
-7.61901020296e+00
-7.61555607745e+00
-7.61237380380e+00
-7.61605006739e+00
-7.61598194887e+00
-7.61599271759e+00
-7.61047307794e+00
-7.61438502381e+00
-7.61605235430e+00
-7.61244615251e+00
-7.61018165107e+00
-7.61467666086e+00
-7.61434275010e+00
-7.61516002614e+00
-7.61333370981e+00
-7.61555327255e+00
-7.61456175100e+00
-7.61512018920e+00
-7.61376020098e+00
-7.61308241511e+00
-7.61535182149e+00
-7.61208970904e+00
-7.61747805193e+00
-7.61530971485e+00
-7.61629745730e+00
-7.61532297532e+00
-7.61924618438e+00
-7.61529029922e+00
-7.61518635369e+00
-7.61417002254e+00
-7.61632446150e+00
-7.61664746518e+00
-7.61681727115e+00
-7.61525124406e+00
-7.61318297269e+00
-7.61506168905e+00
-7.61694692667e+00
-7.61602768534e+00
-7.61728558978e+00
-7.61332501224e+00
-7.61611484135e+00
-7.61619144568e+00
-7.61305378105e+00
-7.61315618688e+00
-7.61664980514e+00
-7.61530260293e+00
-7.61612145683e+00
-7.61466522872e+00
-7.61445895948e+00
-7.61281948440e+00
-7.61402620794e+00
-7.61261665638e+00
-7.61231132754e+00
-7.61789756300e+00
-7.61550940509e+00
-7.61561124540e+00
-7.61954734466e+00
-7.61517990923e+00
-7.61588394990e+00
-7.61530159841e+00
-7.61521361279e+00
-7.61289518230e+00
-7.61501298112e+00
-7.61261019442e+00
-7.61365774484e+00
-7.61331909442e+00
-7.61775967208e+00
-7.61442709465e+00
-7.61151383684e+00
-7.61638015060e+00
-7.61171109105e+00
-7.61442696855e+00
-7.61513973277e+00
-7.61698166043e+00
-7.61677928114e+00
-7.61746690462e+00
-7.61530585288e+00
-7.61525358761e+00
-7.61098487037e+00
-7.61558909211e+00
-7.61587958063e+00
-7.61566598335e+00
-7.61435068492e+00
-7.61467174153e+00
-7.61903899919e+00
-7.61511777535e+00
-7.61537037794e+00
-7.61574930664e+00
-7.61574753006e+00
-7.60941554349e+00
-7.61468611984e+00
-7.61170323480e+00
-7.62053602013e+00
-7.61411774321e+00
-7.61532975373e+00
-7.61464290785e+00
-7.61413807206e+00
-7.61652583871e+00
-7.61453671389e+00
-7.61204881201e+00
-7.61539500295e+00
-7.61457571498e+00
-7.61546270837e+00
-7.61623982974e+00
-7.61568240868e+00
-7.61912196947e+00
-7.61357127572e+00
-7.61316446815e+00
-7.61281312892e+00
-7.61388535116e+00
-7.61423013268e+00
-7.60931939838e+00
-7.61192341752e+00
-7.61568982912e+00
-7.60968415116e+00
-7.61406436812e+00
-7.61093528375e+00
-7.61575511774e+00
-7.61734067986e+00
-7.61715835475e+00
-7.61823507830e+00
-7.61586459266e+00
-7.61555842903e+00
-7.61571633397e+00
-7.61417352129e+00
-7.61116383148e+00
-7.61811026071e+00
-7.61691824098e+00
-7.61353969793e+00
-7.61064784529e+00
-7.61427110661e+00
-7.61581487092e+00
-7.61502610889e+00
-7.61560865394e+00
-7.61646635206e+00
-7.61717875273e+00
-7.61643887679e+00
-7.61387558935e+00
-7.61419654302e+00
-7.61744475769e+00
-7.61584221265e+00
-7.61501543810e+00
-7.61508438747e+00
-7.61624517123e+00
-7.61719550537e+00
-7.61320495601e+00
-7.61842722519e+00
-7.61393005059e+00
-7.61126930959e+00
-7.61058674541e+00
-7.61395196594e+00
-7.61066075006e+00
-7.61476118752e+00
-7.61158532947e+00
-7.61427241423e+00
-7.61735582125e+00
-7.61219063529e+00
-7.61293547101e+00
-7.61471612594e+00
-7.61451113724e+00
-7.61543459148e+00
-7.61771566819e+00
-7.61514893381e+00
-7.61437848872e+00
-7.61504943426e+00
-7.61469767910e+00
-7.61318737143e+00
-7.61352037311e+00
-7.61427730944e+00
-7.61690884747e+00
-7.61341060542e+00
-7.61546122587e+00
-7.61523568842e+00
-7.61252686840e+00
-7.61375783078e+00
-7.61390777615e+00
-7.61249682983e+00
-7.61308840195e+00
-7.61687613863e+00
-7.61372807331e+00
-7.61704669395e+00
-7.61452241413e+00
-7.61398883902e+00
-7.61052520787e+00
-7.61449971592e+00
-7.61538661890e+00
-7.61707039444e+00
-7.61408085256e+00
-7.61278647337e+00
-7.61455548443e+00
-7.61524567295e+00
-7.61141946190e+00
-7.61277785148e+00
-7.61561191046e+00
-7.61463763637e+00
-7.61319412265e+00
-7.61420427542e+00
-7.61362823732e+00
-7.61245659550e+00
-7.61236457916e+00
-7.61637153202e+00
-7.61363308850e+00
-7.61086645324e+00
-7.61394877520e+00
-7.61675879778e+00
-7.61506456042e+00
-7.61457723984e+00
-7.61378566039e+00
-7.61467750074e+00
-7.61628949417e+00
-7.61222955960e+00
-7.61587664284e+00
-7.61411870079e+00
-7.61452311926e+00
-7.61510944078e+00
-7.61441909129e+00
-7.61480846180e+00
-7.61447410168e+00
-7.61357193582e+00
-7.61479467838e+00
-7.61114043003e+00
-7.61688270411e+00
-7.61388737844e+00
-7.61659609498e+00
-7.61316334686e+00
-7.61317652540e+00
-7.61828255132e+00
-7.61434559994e+00
-7.61225399497e+00
-7.61443605264e+00
-7.61667620273e+00
-7.61224660292e+00
-7.61254840799e+00
-7.61756428239e+00
-7.61392074362e+00
-7.61511943494e+00
-7.61594367653e+00
-7.61699510445e+00
-7.61756586108e+00
-7.61602577666e+00
-7.61339560332e+00
-7.61053013580e+00
-7.61581381040e+00
-7.61730822649e+00
-7.61400181490e+00
-7.61362445909e+00
-7.61515335982e+00
-7.61728570681e+00
-7.61232490300e+00
-7.61816270274e+00
-7.61522551160e+00
-7.61049608284e+00
-7.61121076187e+00
-7.61913511926e+00
-7.61319561513e+00
-7.61409337980e+00
-7.61614462821e+00
-7.61184904979e+00
-7.61215304775e+00
-7.61290329318e+00
-7.61555769732e+00
-7.61530542675e+00
-7.61376371497e+00
-7.61620829448e+00
-7.61670569309e+00
-7.61340377254e+00
-7.61292428339e+00
-7.61518983677e+00
-7.61141260665e+00
-7.61503529576e+00
-7.61639552602e+00
-7.61393669129e+00
-7.61358212098e+00
-7.61522252276e+00
-7.61206528717e+00
-7.61835496320e+00
-7.61623457659e+00
-7.61466735445e+00
-7.61434644544e+00
-7.61414854784e+00
-7.61311307407e+00
-7.61415850014e+00
-7.61544444875e+00
-7.61324327006e+00
-7.61847181718e+00
-7.61333967916e+00
-7.61296867299e+00
-7.61704293795e+00
-7.61286543338e+00
-7.61480770018e+00
-7.61418093411e+00
-7.61277650858e+00
-7.61177395292e+00
-7.61762251276e+00
-7.61111090839e+00
-7.61880894277e+00
-7.61114568468e+00
-7.61472397803e+00
-7.61395448432e+00
-7.61557592061e+00
-7.61836049969e+00
-7.61101417490e+00
-7.61473853899e+00
-7.61523191453e+00
-7.61189018471e+00
-7.61425770797e+00
-7.61570767872e+00
-7.61436111704e+00
-7.61613220202e+00
-7.61334130484e+00
-7.61763896492e+00
-7.61367752996e+00
-7.61284526507e+00
-7.61017677212e+00
-7.61026318042e+00
-7.61707486196e+00
-7.61395901320e+00
-7.61331401061e+00
-7.61620180082e+00
-7.61788461082e+00
-7.61590247510e+00
-7.61271232730e+00
-7.61645659127e+00
-7.61423152060e+00
-7.61550151509e+00
-7.61306253208e+00
-7.61446873281e+00
-7.61417520027e+00
-7.61471908072e+00
-7.61531561782e+00
-7.61305564533e+00
-7.61644402050e+00
-7.61867348500e+00
-7.61458779353e+00
-7.61465845569e+00
-7.61222326631e+00
-7.61317971231e+00
-7.61690155905e+00
-7.61719140924e+00
-7.61790265786e+00
-7.61428256142e+00
-7.61532698377e+00
-7.61492868865e+00
-7.61501297962e+00
-7.61408741137e+00
-7.61621779048e+00
-7.61405642587e+00
-7.61526368581e+00
-7.61542464515e+00
-7.61278049216e+00
-7.61695193029e+00
-7.61637112629e+00
-7.61758379198e+00
-7.61059679809e+00
-7.61488870522e+00
-7.61396256675e+00
-7.61384386086e+00
-7.61435799171e+00
-7.61623085788e+00
-7.61438242732e+00
-7.61449919319e+00
-7.61571087972e+00
-7.61390698141e+00
-7.61541386824e+00
-7.61328604615e+00
-7.61426990096e+00
-7.61387506769e+00
-7.61562985677e+00
-7.61210588740e+00
-7.61339101865e+00
-7.61073857571e+00
-7.61171480986e+00
-7.61264124883e+00
-7.61270269713e+00
-7.61718212419e+00
-7.61577640928e+00
-7.61738784421e+00
-7.61436858250e+00
-7.61378979980e+00
-7.61608159876e+00
-7.61130720230e+00
-7.61654261483e+00
-7.61702983721e+00
-7.61473690170e+00
-7.61710468334e+00
-7.61746833125e+00
-7.61639730751e+00
-7.61390646241e+00
-7.61442544585e+00
-7.61619010091e+00
-7.61786071248e+00
-7.61099421425e+00
-7.61739084824e+00
-7.61654335536e+00
-7.61421423109e+00
-7.61616625697e+00
-7.61213224499e+00
-7.61498597015e+00
-7.61701514417e+00
-7.61888454908e+00
-7.61375452838e+00
-7.61751106718e+00
-7.61749732288e+00
-7.61534179068e+00
-7.61464315160e+00
-7.61411388303e+00
-7.61355404587e+00
-7.61642349782e+00
-7.61661856931e+00
-7.61539797453e+00
-7.61618697325e+00
-7.61482734439e+00
-7.61402078342e+00
-7.61690848581e+00
-7.61386993899e+00
-7.61585829562e+00
-7.61540146072e+00
-7.61610533319e+00
-7.61634084144e+00
-7.61752597423e+00
-7.61710862807e+00
-7.61365863877e+00
-7.61596572181e+00
-7.61449344703e+00
-7.61566828154e+00
-7.61258277572e+00
-7.61540455735e+00
-7.61232213794e+00
-7.61593996582e+00
-7.61841203212e+00
-7.61502405723e+00
-7.61374627127e+00
-7.61416671703e+00
-7.61603742510e+00
-7.61462620471e+00
-7.61592607116e+00
-7.61072843943e+00
-7.61525363248e+00
-7.61318154727e+00
-7.61512164456e+00
-7.61279079740e+00
-7.61445780282e+00
-7.61441752963e+00
-7.61794460194e+00
-7.61429416414e+00
-7.61363161440e+00
-7.61620641794e+00
-7.61425098646e+00
-7.61264281953e+00
-7.61270784959e+00
-7.61277444149e+00
-7.61542373641e+00
-7.61008585799e+00
-7.61274543146e+00
-7.61361459642e+00
-7.61376953773e+00
-7.61330644852e+00
-7.61688796598e+00
-7.61556529556e+00
-7.61370021969e+00
-7.61444347782e+00
-7.61265048393e+00
-7.61273235827e+00
-7.61619998392e+00
-7.61550557173e+00
-7.61681536520e+00
-7.61799146473e+00
-7.61312078761e+00
-7.61421453976e+00
-7.61475083912e+00