-1.32051227553e+00
-1.29905355666e+00
-1.30944304007e+00
-1.30470665353e+00
-1.29804946616e+00
-1.30780373788e+00
-1.29693927114e+00
-1.33841183062e+00
-1.27511818522e+00
-1.29131192143e+00
-1.30032547743e+00
-1.28874812297e+00
-1.28133725861e+00
-1.31625389308e+00
-1.29050921110e+00
-1.31010725399e+00
-1.27260055824e+00
-1.26436709174e+00
-1.26553073551e+00
-1.30029680537e+00
-1.29448773369e+00
-1.25828460979e+00
-1.31299264066e+00
-1.26430395733e+00
-1.29094382010e+00
-1.31651267989e+00
-1.31081853013e+00
-1.33775957392e+00
-1.29107425230e+00
-1.30263388787e+00
-1.28994745137e+00
-1.32107385545e+00
-1.30613083342e+00
-1.30277814655e+00
-1.29274567036e+00
-1.29394471038e+00
-1.30918081362e+00
-1.32186111923e+00
-1.33093149799e+00
-1.32772311036e+00
-1.31544195106e+00
-1.32121395148e+00
-1.28323161742e+00
-1.29397814834e+00
-1.28594787144e+00
-1.29823708660e+00
-1.29660362039e+00
-1.26123135009e+00
-1.29955954792e+00
-1.31627365440e+00
-1.30975501454e+00
-1.28595963695e+00
-1.27894376696e+00
-1.27994213626e+00
-1.32559371843e+00
-1.30038718979e+00
-1.31367158531e+00
-1.30029260526e+00
-1.28535722561e+00
-1.32300258993e+00
-1.28690079955e+00
-1.30614831760e+00
-1.30058262405e+00
-1.31494683406e+00
-1.29631584153e+00
-1.28852529387e+00
-1.29147644318e+00
-1.32315850239e+00
-1.29671022241e+00
-1.28720918635e+00
-1.31641698232e+00
-1.31415248302e+00
-1.29180428081e+00
-1.34446498600e+00
-1.27341375154e+00
-1.27949696436e+00
-1.31796350672e+00
-1.29442565624e+00
-1.29338244371e+00
-1.24407154925e+00
-1.29915547702e+00
-1.29923974975e+00
-1.26771752033e+00
-1.29559806072e+00
-1.31058313226e+00
-1.31663508150e+00
-1.29256966533e+00
-1.31820146120e+00
-1.27504378838e+00
-1.28548224231e+00
-1.29408706252e+00
-1.30028039399e+00
-1.30759768306e+00
-1.29434606293e+00
-1.29374028268e+00
-1.28800135106e+00
-1.31691202071e+00
-1.28938639013e+00
-1.29769318794e+00
-1.30612622321e+00
-1.25477456809e+00
-1.32427100777e+00
-1.30179620143e+00
-1.30380478611e+00
-1.29348653074e+00
-1.30775512188e+00
-1.27343456981e+00
-1.29846617755e+00
-1.27469907814e+00
-1.30249883898e+00
-1.32226342251e+00
-1.31944706548e+00
-1.30182390348e+00
-1.33563914458e+00
-1.31703329653e+00
-1.30037356110e+00
-1.32293145950e+00
-1.29469734327e+00
-1.27649056528e+00
-1.28776878734e+00
-1.31751016736e+00
-1.31265926180e+00
-1.29836035908e+00
-1.33033077067e+00
-1.28162005151e+00
-1.31716626022e+00
-1.34568340372e+00
-1.30862964986e+00
-1.26684057895e+00
-1.26626246374e+00
-1.29911960158e+00
-1.31070372727e+00
-1.28678245016e+00
-1.28944169140e+00
-1.32225415635e+00
-1.27375946066e+00
-1.29792998357e+00
-1.28688294837e+00
-1.27941195629e+00
-1.32678376063e+00
-1.27371365769e+00
-1.27971842994e+00
-1.30173473182e+00
-1.30709823143e+00
-1.31379834006e+00
-1.28357057752e+00
-1.30095920830e+00
-1.28493087907e+00
-1.31079948397e+00
-1.32443419077e+00
-1.26654961715e+00
-1.29746961248e+00
-1.31225572839e+00
-1.30618886581e+00
-1.28751718536e+00
-1.29926494652e+00
-1.28003159138e+00
-1.28466253915e+00
-1.28264270309e+00
-1.30877905739e+00
-1.31516020571e+00
-1.27677465469e+00
-1.27285886433e+00
-1.30236143640e+00
-1.28355803561e+00
-1.30197350298e+00
-1.33077940616e+00
-1.31414142634e+00
-1.30959706211e+00
-1.30792265204e+00
-1.32721650283e+00
-1.28972536403e+00
-1.27281215811e+00
-1.26546415123e+00
-1.28767490853e+00
-1.25555297119e+00
-1.30231563222e+00
-1.29177842137e+00
-1.30863135940e+00
-1.27738331416e+00
-1.31022387155e+00
-1.32772021734e+00
-1.28345751033e+00
-1.29109811300e+00
-1.29440837160e+00
-1.30122788786e+00
-1.29663252597e+00
-1.33140455980e+00
-1.29743090565e+00
-1.28585854905e+00
-1.30046916052e+00
-1.28388194000e+00
-1.27916573753e+00
-1.31099933140e+00
-1.27515261816e+00
-1.28574186813e+00
-1.29211572363e+00
-1.29156109842e+00
-1.24738656717e+00
-1.28317174547e+00
-1.31820014811e+00
-1.29249964140e+00
-1.32801834559e+00
-1.32224446689e+00
-1.30705794254e+00
-1.30092116907e+00
-1.31024324390e+00
-1.30124832597e+00
-1.32860685366e+00
-1.31810158884e+00
-1.32484616498e+00
-1.31960644487e+00
-1.27273256141e+00
-1.28138743858e+00
-1.30117483665e+00
-1.28730805765e+00
-1.30091424478e+00
-1.26592745006e+00
-1.29424253695e+00
-1.28075019777e+00
-1.32849812843e+00
-1.29154501744e+00
-1.31560816126e+00
-1.30564155433e+00
-1.29534879174e+00
-1.28023788623e+00
-1.28422686524e+00
-1.30190908416e+00
-1.27817211648e+00
-1.30138967363e+00
-1.32127311954e+00
-1.27068072355e+00
-1.31252890910e+00
-1.28536242666e+00
-1.30030826880e+00
-1.28057778601e+00
-1.31033261019e+00
-1.30502913106e+00
-1.30294306175e+00
-1.30497029527e+00
-1.30683334434e+00
-1.31256213215e+00
-1.29042545753e+00
-1.27976369079e+00
-1.32561648676e+00
-1.29128622297e+00
-1.31581067244e+00
-1.29653608095e+00
-1.29019686952e+00
-1.30240581069e+00
-1.27543999284e+00
-1.30705033955e+00
-1.27851875240e+00
-1.31372252653e+00
-1.28808799700e+00
-1.27585736129e+00
-1.30615144704e+00
-1.30083052790e+00
-1.30406184401e+00
-1.29292856464e+00
-1.31454077315e+00
-1.29649612432e+00
-1.31719086064e+00
-1.29440681600e+00
-1.31014567546e+00
-1.27151573309e+00
-1.31614010448e+00
-1.34161228870e+00
-1.29012196878e+00
-1.28919961539e+00
-1.28047832609e+00
-1.30003947065e+00
-1.31225420339e+00
-1.28919829454e+00
-1.31916609521e+00
-1.32019206134e+00
-1.30638848750e+00
-1.32043017204e+00
-1.28505897339e+00
-1.29191508136e+00
-1.30152355241e+00
-1.27035138766e+00
-1.30652786585e+00
-1.28817578908e+00
-1.28362545253e+00
-1.29980927415e+00
-1.31398966058e+00
-1.31438124787e+00
-1.27749075733e+00
-1.32978323395e+00
-1.32180691281e+00
-1.30011932902e+00
-1.30221194999e+00
-1.29362911817e+00
-1.28647544138e+00
-1.31343486463e+00
-1.30754248048e+00
-1.29780607343e+00
-1.28234096098e+00
-1.30006870336e+00
-1.26391405440e+00
-1.27832161710e+00
-1.28044725982e+00
-1.29805295337e+00
-1.30152074135e+00
-1.30084229467e+00
-1.30140332812e+00
-1.30060090394e+00
-1.30054408281e+00
-1.30182410077e+00
-1.30174879240e+00
-1.30866900730e+00
-1.31282518073e+00
-1.27904002188e+00
-1.29769793473e+00
-1.26968430839e+00
-1.29077625201e+00
-1.28440641136e+00
-1.30457872067e+00
-1.29601653383e+00
-1.31077957905e+00
-1.29617408668e+00
-1.31792389322e+00
-1.29444776283e+00
-1.29234303720e+00
-1.30254444190e+00
-1.30799954515e+00
-1.29431898116e+00
-1.29270410023e+00
-1.30540476834e+00
-1.29043311930e+00
-1.29421863241e+00
-1.30609741958e+00
-1.28650988745e+00
-1.31347780675e+00
-1.26855420523e+00
-1.32564753966e+00
-1.27452471224e+00
-1.31028465919e+00
-1.27387845037e+00
-1.29300010843e+00
-1.28820458802e+00
-1.30114539991e+00
-1.31071372050e+00
-1.27000318096e+00
-1.31551416581e+00
-1.29465843510e+00
-1.31749620227e+00
-1.32672269336e+00
-1.29625533452e+00
-1.29622849187e+00
-1.27981675297e+00
-1.29069760323e+00
-1.30361942989e+00
-1.29885456980e+00
-1.29643478859e+00
-1.29340098152e+00
-1.29153511146e+00
-1.28215471677e+00
-1.30319822852e+00
-1.30912722722e+00
-1.29891376352e+00
-1.28226118563e+00
-1.30593952923e+00
-1.30588342623e+00
-1.28994756761e+00
-1.30904268374e+00
-1.28513939391e+00
-1.28330928291e+00
-1.28641710376e+00
-1.30158694636e+00
-1.29180529352e+00
-1.27633323801e+00
-1.30400204523e+00
-1.27997137955e+00
-1.28419949537e+00
-1.28311303854e+00
-1.29718423608e+00
-1.28837901822e+00
-1.29690848872e+00
-1.28349731714e+00
-1.29594975541e+00
-1.30236917041e+00
-1.32684353294e+00
-1.29663292681e+00
-1.31078273274e+00
-1.30344723264e+00
-1.26542254536e+00
-1.30008847172e+00
-1.32026714790e+00
-1.29187561029e+00
-1.29478884968e+00
-1.31022779080e+00
-1.29640174829e+00
-1.33806761703e+00
-1.30657281349e+00
-1.31017919288e+00
-1.29883100578e+00
-1.28048568839e+00
-1.28176208997e+00
-1.33531244509e+00
-1.31327520948e+00
-1.27553747173e+00
-1.29616031528e+00
-1.26694368673e+00
-1.29155982260e+00
-1.28713683552e+00
-1.29111456297e+00
-1.29427286980e+00
-1.28739429668e+00
-1.33050183364e+00
-1.29619450776e+00
-1.28455885778e+00
-1.28352804747e+00
-1.28236580042e+00
-1.27192929316e+00
-1.30016890562e+00
-1.29855596229e+00
-1.29731248336e+00
-1.28974336182e+00
-1.27794846188e+00
-1.29554091006e+00
-1.29303567615e+00
-1.28389733701e+00
-1.31243237589e+00
-1.30965859467e+00
-1.29846037946e+00
-1.28351927660e+00
-1.30607834308e+00
-1.30452612266e+00
-1.29010132355e+00
-1.27163912416e+00
-1.30191471260e+00
-1.30322025256e+00
-1.25436434269e+00
-1.30777464039e+00
-1.27496690285e+00
-1.30742146785e+00
-1.29016918355e+00
-1.27016459209e+00
-1.31703886043e+00
-1.30101924290e+00
-1.31117212147e+00
-1.31921789414e+00
-1.28852844122e+00
-1.29506816779e+00
-1.25454733728e+00
-1.29245605623e+00
-1.28670541020e+00
-1.29567199155e+00
-1.30688318149e+00
-1.28599690334e+00
-1.27429386336e+00
-1.30729789328e+00
-1.26867338243e+00
-1.32479029143e+00
-1.29652205865e+00
-1.31148446212e+00
-1.30374983946e+00
-1.28998107521e+00
-1.25462979623e+00
-1.29542418736e+00
-1.28998740123e+00
-1.31489411946e+00
-1.33086855719e+00
-1.23713648275e+00
-1.28072590010e+00
-1.30715202965e+00
-1.26330567282e+00
-1.30487081378e+00
-1.31201901062e+00
-1.29266374574e+00
-1.29700559691e+00
-1.30164398654e+00
-1.30930731401e+00
-1.28557490986e+00
-1.31448920132e+00
-1.31058444585e+00
-1.29007440435e+00
-1.33604295174e+00
-1.31556215625e+00
-1.30021254716e+00
-1.27326305797e+00
-1.27974648160e+00
-1.28422656746e+00
-1.32722183767e+00
-1.30347264529e+00
-1.30236079607e+00
-1.30250207568e+00
-1.31086597094e+00
-1.26265549336e+00
-1.29169924536e+00
-1.28492909897e+00
-1.30986081841e+00
-1.29077416674e+00
-1.32003589603e+00
-1.28387202628e+00
-1.31271083532e+00
-1.28671024917e+00
-1.29892977308e+00
-1.29850914970e+00