-5.93609849602e-01
-5.76972785779e-01
-5.82650121010e-01
-5.96784949702e-01
-5.67363614604e-01
-5.82413531787e-01
-5.84891543926e-01
-5.83478797775e-01
-5.85458957353e-01
-5.66225835325e-01
-5.88543499926e-01
-5.75814672439e-01
-5.70981842297e-01
-5.71816409117e-01
-5.73096890941e-01
-5.86003092002e-01
-5.83600913111e-01
-5.74943637896e-01
-5.75732222711e-01
-5.71716798363e-01
-5.89498433764e-01
-5.83338864789e-01
-5.84048896732e-01
-5.96225346879e-01
-5.89094237881e-01
-5.83767783956e-01
-5.81809889603e-01
-5.86127936653e-01
-5.80454441334e-01
-5.62368297389e-01
-5.82921083693e-01
-5.85920133035e-01
-5.85678545234e-01
-5.93163865019e-01
-5.88160965012e-01
-5.89969335466e-01
-5.78080226943e-01
-6.03549357692e-01
-5.89104761895e-01
-5.94550147885e-01
-5.72224708185e-01
-5.92668362813e-01
-5.77725986878e-01
-5.87282414878e-01
-5.84309130531e-01
-5.84544851311e-01
-5.89072163435e-01
-5.69556124662e-01
-5.82234330817e-01
-5.74234745531e-01
-5.73841399024e-01
-5.69790186927e-01
-5.86450198106e-01
-5.84364653809e-01
-5.79010267740e-01
-5.78777941488e-01
-5.88424505277e-01
-5.74558400598e-01
-5.82721869467e-01
-5.71484011169e-01
-5.77798740324e-01
-5.78244888202e-01
-5.86727847393e-01
-5.88644246870e-01
-5.95918480062e-01
-5.71124633914e-01
-5.77153275233e-01
-5.80069694187e-01
-5.69324202803e-01
-5.88215516064e-01
-5.79789412635e-01
-5.83863850679e-01
-5.82346862925e-01
-5.73848905076e-01
-5.84247340815e-01
-5.92755142569e-01
-5.88278223022e-01
-5.88537220704e-01
-5.86059879912e-01
-5.88384317608e-01
-5.72873481700e-01
-5.96708930115e-01
-5.84813526250e-01
-5.80000804398e-01
-5.93674190057e-01
-5.77257223404e-01
-5.71658345615e-01
-5.80213480618e-01
-5.73523414152e-01
-5.83144264284e-01
-5.79832183133e-01
-5.81916133273e-01
-5.83149796252e-01
-5.79695775379e-01
-5.90154082542e-01
-5.76648032979e-01
-5.79624123496e-01
-5.70951809832e-01
-5.83511286907e-01
-5.90280756090e-01
-5.82963019579e-01
-5.82549251399e-01
-5.73603740925e-01
-5.80930762644e-01
-5.79467049461e-01
-5.83067783229e-01
-5.81831659760e-01
-5.81045415509e-01
-5.84675903292e-01
-5.77026243050e-01
-5.98970767131e-01
-5.79521857744e-01
-5.83370213131e-01
-5.64764636484e-01
-5.86683565067e-01
-5.70878244408e-01
-5.89433946556e-01
-5.89809680008e-01
-5.81104993572e-01
-5.77789613680e-01
-5.73281947837e-01
-5.76675133848e-01
-5.93247596001e-01
-6.06336489481e-01
-5.82091931442e-01
-5.77918443129e-01
-5.76534279998e-01
-5.89722466916e-01
-5.80260395440e-01
-5.74384001751e-01
-5.79820013666e-01
-5.84126232303e-01
-5.70539134449e-01
-5.86565890108e-01
-5.88243472322e-01
-5.77453188488e-01
-5.88919071451e-01
-5.74173837974e-01
-5.90308931740e-01
-6.02080672672e-01
-5.89219229291e-01
-5.67087517280e-01
-5.68994240006e-01
-5.84679462384e-01
-5.80908355695e-01
-5.78625624637e-01
-5.92077190310e-01
-5.80975593528e-01
-5.86025113254e-01
-5.92952062681e-01
-5.83949138990e-01
-5.66763931185e-01
-5.84944835388e-01
-5.79878396739e-01
-5.80193406570e-01
-5.85114110884e-01
-5.81586666408e-01
-5.78183822750e-01
-5.82236481973e-01
-5.80569749561e-01
-5.81715523561e-01
-5.79836682561e-01
-5.89661483101e-01
-5.82430257127e-01
-5.89155475069e-01
-5.78302895462e-01
-5.78874014004e-01
-5.90856424712e-01
-5.85082387922e-01
-5.92680717943e-01
-5.74196684161e-01
-5.92448110889e-01
-5.80617093702e-01
-5.70963020918e-01
-5.78567690760e-01
-5.81479727635e-01
-5.87600614223e-01
-5.89632313880e-01
-5.93516972883e-01
-5.72293037002e-01
-5.80300902704e-01
-5.80306680305e-01
-5.82839865108e-01
-5.84065813556e-01
-5.74757159242e-01
-5.88405531639e-01
-5.67922970724e-01
-5.86507858704e-01
-5.83043965549e-01
-5.72546021270e-01
-5.64958541108e-01
-5.84239129097e-01
-5.70995275607e-01
-5.81378312000e-01
-5.74977110254e-01
-5.83623709118e-01
-5.79161624432e-01
-5.81061683670e-01
-5.82234178539e-01
-5.78292006211e-01
-5.76501710306e-01
-5.88297415687e-01
-5.71063294152e-01
-5.84713144332e-01
-5.74869255134e-01
-5.91447341526e-01
-5.93195679483e-01
-5.81131874068e-01
-5.78516739109e-01
-5.81083322060e-01
-5.94059837158e-01
-5.80474689141e-01
-5.81740035932e-01
-5.74084604415e-01
-5.85984460829e-01
-5.71507915774e-01
-5.79757143513e-01
-5.71916461823e-01
-5.70064826572e-01
-5.86953883246e-01
-5.91370240509e-01
-5.75832220112e-01
-5.80127280107e-01
-5.81651498663e-01
-5.74094739733e-01
-5.71763607972e-01
-5.89490924278e-01
-5.79788574788e-01
-5.87467762358e-01
-5.92395963816e-01
-5.83480726637e-01
-5.78755583137e-01
-5.96837004576e-01
-5.71650900895e-01
-5.83437798324e-01
-5.72519383340e-01
-5.75122760903e-01
-5.82142996693e-01
-5.86690810429e-01
-5.88380741134e-01
-5.84101623571e-01
-5.96636357724e-01
-5.75219963065e-01
-5.77378882757e-01
-5.70479346602e-01
-5.79968087309e-01
-5.87853497621e-01
-5.77845902356e-01
-5.78551131053e-01
-5.80211645600e-01
-5.80013618503e-01
-5.70695235992e-01
-5.80815936308e-01
-5.83612164914e-01
-5.86236565796e-01
-5.82793420607e-01
-5.78278902974e-01
-5.78484254960e-01
-5.74378642517e-01
-5.87205599800e-01
-5.71433990641e-01
-5.81270782458e-01
-5.78976759309e-01
-5.85414707705e-01
-5.78110101961e-01
-5.79392996505e-01
-5.83646862282e-01
-5.88741171072e-01
-5.65527156092e-01
-5.86027525557e-01
-5.80209353901e-01
-5.77863521123e-01
-5.89505169816e-01
-5.78733065464e-01
-5.80141416129e-01
-5.83855535222e-01
-5.80680756582e-01
-5.82699163706e-01
-5.79866200822e-01
-5.88923692833e-01
-5.80789150432e-01
-5.79038718940e-01
-5.81392065075e-01
-5.85683525201e-01
-5.73343115236e-01
-5.82462649175e-01
-5.86027910813e-01
-5.81693157399e-01
-5.74785481569e-01
-5.74654991408e-01
-5.77435073440e-01
-5.75807748756e-01
-5.86358721452e-01
-5.70255151671e-01
-5.86050272054e-01
-5.93888150545e-01
-5.79844826303e-01
-5.82278489242e-01
-5.89571458049e-01
-5.83861221393e-01
-5.87976383610e-01
-5.84497270328e-01
-5.82590457429e-01
-5.91658017611e-01
-5.66259559575e-01
-5.83813017002e-01
-5.81963945831e-01
-5.79479009495e-01
-5.82325078205e-01
-5.82566972984e-01
-5.81964024919e-01
-5.83984710037e-01
-5.90749407977e-01
-5.86036694790e-01
-5.78970805829e-01
-5.73626841700e-01
-5.69264590345e-01
-5.83681844705e-01
-5.96842176330e-01
-5.93772677695e-01
-5.82143163738e-01
-5.61822571204e-01
-5.70727487451e-01
-5.62151910482e-01
-5.73613898530e-01
-5.92040942196e-01
-5.87343873421e-01
-5.96036897979e-01
-5.94418763802e-01
-5.83002477470e-01
-5.86421947856e-01
-5.83705764512e-01
-5.78989468849e-01
-5.83222452204e-01
-5.76714459394e-01
-5.81679362813e-01
-5.95396475790e-01
-5.89795134576e-01
-5.90080658751e-01
-5.83601948056e-01
-5.70963838195e-01
-5.85349934157e-01
-5.86586713416e-01
-5.77581714735e-01
-5.91121727114e-01
-5.81274595807e-01
-5.76824344767e-01
-5.69147035439e-01
-5.91049220049e-01
-5.79105215500e-01
-5.83689585361e-01
-5.63145905767e-01
-5.79842592173e-01
-5.72633821601e-01
-5.69860819016e-01
-5.84812790896e-01
-5.78967970078e-01
-5.75867967470e-01
-5.67530404476e-01
-5.83920400248e-01
-5.75356427773e-01
-5.78121972510e-01
-5.75570250974e-01
-5.75789499032e-01
-5.71898881522e-01
-5.90558894432e-01
-5.82375324812e-01
-5.80814800289e-01
-5.78928451147e-01
-5.76286660935e-01
-5.79639158717e-01
-5.86419955340e-01
-5.85049895920e-01
-5.83810854558e-01
-5.73807283547e-01
-5.91380477641e-01
-5.85807564115e-01
-5.71034419971e-01
-5.85388226693e-01
-5.97285875932e-01
-5.78180404702e-01
-5.96031742523e-01
-5.86821469277e-01
-5.87570036469e-01
-5.82669642594e-01
-5.84320563251e-01
-5.76990889491e-01
-5.82143491979e-01
-5.77346132599e-01
-5.72332480486e-01
-5.81393294155e-01
-5.71964407501e-01
-5.81068985163e-01
-5.79479584259e-01
-5.75273006879e-01
-5.79798439390e-01
-5.75323964247e-01
-5.78231718849e-01
-5.66637460784e-01
-5.78107995932e-01
-5.92131868569e-01
-5.81812139795e-01
-5.89052626360e-01
-5.73089738800e-01
-5.78513110020e-01
-5.73947817821e-01
-5.81457685742e-01
-5.95793245340e-01
-5.78418007889e-01
-5.77682994809e-01
-5.78403010839e-01
-5.78115474474e-01
-5.78026797240e-01
-5.89587518885e-01
-5.70964610595e-01
-5.77097060783e-01
-5.83041390517e-01
-5.90361672944e-01
-5.74117569172e-01
-5.91566659009e-01
-5.71314474563e-01
-5.78030437372e-01
-5.86088186654e-01
-5.68942466451e-01
-5.69652224308e-01
-5.85610202616e-01
-5.91304352718e-01
-5.78679382670e-01
-5.98269062271e-01
-5.72238473566e-01
-5.82154979644e-01
-5.79208744229e-01
-5.94204707466e-01
-5.92017694178e-01
-5.76529874999e-01
-5.72909203712e-01
-5.77038492625e-01
-5.83025700622e-01
-5.75243729733e-01
-5.76025980508e-01
-5.79742704410e-01
-5.81013527318e-01
-5.86702152173e-01
-5.77119959369e-01
-5.81497795481e-01
-5.85327915216e-01
-5.83684949061e-01
-5.80274138877e-01
-5.70454980977e-01
-5.80728315879e-01
-5.68576792686e-01
-5.67699757759e-01
-5.79662570654e-01
-5.70751544682e-01
-5.87735612880e-01
-5.80808751830e-01
-5.88792472135e-01
-5.90983582385e-01
-5.89381796767e-01
-5.69766280980e-01
-5.70578539488e-01
-5.77482821011e-01
-5.77387633993e-01
-5.86157234495e-01
-5.81946522970e-01
-5.67975537124e-01
-5.81789454530e-01
-5.92005364266e-01
-5.85591602336e-01
-5.75774091744e-01
-5.86222422234e-01
-5.85650425653e-01
-5.76598032018e-01
-5.75635877515e-01
-5.76288694911e-01
-5.77174637446e-01
-5.89443617689e-01
-5.92951802722e-01
-5.83321794372e-01
-5.78600761638e-01
-5.72488654514e-01
-5.85979424087e-01
-5.78522795628e-01
-5.92588189007e-01
-5.82503725776e-01
-5.84809021234e-01
-5.81815747430e-01
-5.73438568828e-01
-5.74637068855e-01
-5.87888472838e-01
-5.79175363596e-01
-5.77638140309e-01
-5.85437684346e-01
-5.75868487060e-01
-5.78120671316e-01
-5.74020366984e-01
-5.73941618167e-01
-5.84684082681e-01
-5.77385670697e-01
-5.81192483334e-01
-5.81015117653e-01