-2.98128732495e+00
-2.97979543355e+00
-2.97588815069e+00
-2.98356662151e+00
-2.98286413699e+00
-2.98618674131e+00
-2.97721678257e+00
-2.98250106911e+00
-2.98400221369e+00
-2.98460411687e+00
-2.98230830023e+00
-2.98511539241e+00
-2.98019856280e+00
-2.98466158354e+00
-2.97436567411e+00
-2.98678128760e+00
-2.98256995910e+00
-2.98477735029e+00
-2.98524571214e+00
-2.97917991239e+00
-2.98270235993e+00
-2.98384898243e+00
-2.97923507691e+00
-2.97356552190e+00
-2.98496694114e+00
-2.97636778422e+00
-2.98182223574e+00
-2.98199288455e+00
-2.98059332494e+00
-2.97630248579e+00
-2.97764471432e+00
-2.97355136085e+00
-2.98684855457e+00
-2.97054560140e+00
-2.97261178022e+00
-2.97701528272e+00
-2.98933979544e+00
-2.98063306268e+00
-2.97830043486e+00
-2.97701116624e+00
-2.97828664784e+00
-2.98574841068e+00
-2.98085131436e+00
-2.97367355584e+00
-2.97892358625e+00
-2.98838462365e+00
-2.97962850350e+00
-2.98246582512e+00
-2.97390885408e+00
-2.97895848178e+00
-2.98429302154e+00
-2.98485879023e+00
-2.97557001431e+00
-2.97891143167e+00
-2.97101081397e+00
-2.97714696032e+00
-2.98030668880e+00
-2.98677484901e+00
-2.97775209386e+00
-2.98536871516e+00
-2.97764143188e+00
-2.98587014218e+00
-2.98997382133e+00
-2.98051084690e+00
-2.98102988982e+00
-2.97890245356e+00
-2.98131324619e+00
-2.98603232367e+00
-2.97393029996e+00
-2.98863807386e+00
-2.98002156244e+00
-2.98269225393e+00
-2.97959522144e+00
-2.97990463364e+00
-2.96450489878e+00
-2.98371797261e+00
-2.97831352743e+00
-2.97920007894e+00
-2.98345754846e+00
-2.97488682397e+00
-2.98208164611e+00
-2.98240975941e+00
-2.97191544695e+00
-2.98435138086e+00
-2.98168415943e+00
-2.97627352564e+00
-2.97611205380e+00
-2.98477617707e+00
-2.97999092550e+00
-2.97601134838e+00
-2.98023372570e+00
-2.98368195134e+00
-2.98310817996e+00
-2.98411347576e+00
-2.98055146657e+00
-2.97720223797e+00
-2.98793325364e+00
-2.98315943661e+00
-2.97696619709e+00
-2.97423150362e+00
-2.98181035199e+00
-2.98112615398e+00
-2.97694017331e+00
-2.97166395805e+00
-2.97092617626e+00
-2.98403860456e+00
-2.98551384238e+00
-2.97537665741e+00
-2.98042068874e+00
-2.97760960509e+00
-2.97737237348e+00
-2.96798561835e+00
-2.98118071865e+00
-2.98411018282e+00
-2.98459975131e+00
-2.98151824366e+00
-2.97832248775e+00
-2.97792831158e+00
-2.98318220384e+00
-2.98666111242e+00
-2.98138799644e+00
-2.97490962075e+00
-2.97446543196e+00
-2.98887475983e+00
-2.97641033132e+00
-2.99053341699e+00
-2.97983014701e+00
-2.98455975892e+00
-2.97789589736e+00
-2.98172304012e+00
-2.98383121543e+00
-2.98604852569e+00
-2.98475913447e+00
-2.98709768159e+00
-2.98306070921e+00
-2.98223462818e+00
-2.98217032379e+00
-2.97686344178e+00
-2.97763867082e+00
-2.98101878526e+00
-2.98990572853e+00
-2.98100812997e+00
-2.97818491742e+00
-2.98750806076e+00
-2.98201786043e+00
-2.98062845897e+00
-2.98700990287e+00
-2.97960082465e+00
-2.97381669589e+00
-2.98274583230e+00
-2.97857606263e+00
-2.98020980346e+00
-2.98020628151e+00
-2.98314588413e+00
-2.97639299810e+00
-2.98104479785e+00
-2.97498533010e+00
-2.98404136174e+00
-2.98061385092e+00
-2.98096691737e+00
-2.98037447270e+00
-2.98091147841e+00
-2.98391262618e+00
-2.98009069278e+00
-2.97744088062e+00
-2.98142129601e+00
-2.98051989405e+00
-2.98313104547e+00
-2.98673339957e+00
-2.97284241911e+00
-2.98479053955e+00
-2.97712182841e+00
-2.98339764134e+00
-2.98581843618e+00
-2.98648210723e+00
-2.98450799620e+00
-2.98517049824e+00
-2.98788128283e+00
-2.98172718001e+00
-2.98156487371e+00
-2.97669334371e+00
-2.97671581378e+00
-2.97583083383e+00
-2.98649896943e+00
-2.97346732835e+00
-2.97657054251e+00
-2.97746261798e+00
-2.97326627994e+00
-2.98454249548e+00
-2.98104697574e+00
-2.97605629256e+00
-2.97370255946e+00
-2.98344226079e+00
-2.97127122158e+00
-2.98679122924e+00
-2.98156834574e+00
-2.97961507583e+00
-2.97662473714e+00
-2.97838480829e+00
-2.98093635819e+00
-2.98476146413e+00
-2.97887546198e+00
-2.98310883240e+00
-2.97390278402e+00
-2.98799729997e+00
-2.98136040308e+00
-2.97430778151e+00
-2.96605555911e+00
-2.99403483402e+00
-2.99055440139e+00
-2.97676595773e+00
-2.98763251948e+00
-2.98463093255e+00
-2.97828420682e+00
-2.97648432704e+00
-2.98175513065e+00
-2.97801779606e+00
-2.98242084331e+00
-2.96929900074e+00
-2.97844331175e+00
-2.98301778113e+00
-2.98492826023e+00
-2.97583229367e+00
-2.98738685296e+00
-2.98384193897e+00
-2.97565747173e+00
-2.97815541377e+00
-2.98242867222e+00
-2.97415408078e+00
-2.97506035265e+00
-2.97530970041e+00
-2.98425467288e+00
-2.98314840916e+00
-2.97482405003e+00
-2.98231903858e+00
-2.99349842697e+00
-2.98373780924e+00
-2.97492412767e+00
-2.97781545157e+00
-2.98755516556e+00
-2.98696875784e+00
-2.97243321018e+00
-2.98595673112e+00
-2.97805556143e+00
-2.97509221724e+00
-2.98106458912e+00
-2.98449205495e+00
-2.97537640885e+00
-2.96616735109e+00
-2.98016884319e+00
-2.97654655420e+00
-2.97367737659e+00
-2.97971752027e+00
-2.97339424935e+00
-2.98922974818e+00
-2.97758947155e+00
-2.98700439847e+00
-2.98385970746e+00
-2.97643408393e+00
-2.97423906050e+00
-2.99042563117e+00
-2.97635994823e+00
-2.97867791718e+00
-2.98072861696e+00
-2.98003319833e+00
-2.98030770364e+00
-2.97329599965e+00
-2.97998464877e+00
-2.98795654606e+00
-2.98548270713e+00
-2.97721447990e+00
-2.98321968474e+00
-2.97706335140e+00
-2.98342904771e+00
-2.98243711751e+00
-2.98167390638e+00
-2.97670734485e+00
-2.98732388560e+00
-2.98678765375e+00
-2.98345631309e+00
-2.97944766246e+00
-2.98077859127e+00
-2.97490582484e+00
-2.98497142398e+00
-2.98688553311e+00
-2.96526650402e+00
-2.96755718151e+00
-2.98511702379e+00
-2.97650685651e+00
-2.97743018653e+00
-2.98363095363e+00
-2.98123829158e+00
-2.98093236821e+00
-2.98575539785e+00
-2.97944148887e+00
-2.99096560412e+00
-2.97967569402e+00
-2.98198965721e+00
-2.96825439625e+00
-2.97656114679e+00
-2.97612394856e+00
-2.98919571254e+00
-2.98243687644e+00
-2.98582067499e+00
-2.98607881255e+00
-2.97413073010e+00
-2.99056706677e+00
-2.98153925975e+00
-2.98412898745e+00
-2.97924943917e+00
-2.98648199290e+00
-2.98435276037e+00
-2.97645171381e+00
-2.97623832804e+00
-2.97887251521e+00
-2.98209079317e+00
-2.97536519615e+00
-2.97810373557e+00
-2.97882643996e+00
-2.97806003546e+00
-2.98035453561e+00
-2.98308634557e+00
-2.98037563374e+00
-2.97340947622e+00
-2.98141878337e+00
-2.98310426711e+00
-2.98278326558e+00
-2.97951309441e+00
-2.98185581177e+00
-2.98289203515e+00
-2.98032552211e+00
-2.98353025155e+00
-2.98865815024e+00
-2.98338686799e+00
-2.97619660155e+00
-2.97836468500e+00
-2.97724035416e+00
-2.98069803804e+00
-2.98352273651e+00
-2.97951060145e+00
-2.97284467951e+00
-2.97880208057e+00
-2.97802642129e+00
-2.98174477361e+00
-2.97411418329e+00
-2.97661221889e+00
-2.97639372612e+00
-2.97937962850e+00
-2.98205461299e+00
-2.98348015446e+00
-2.97768794313e+00
-2.97750500413e+00
-2.98151865534e+00
-2.98057130956e+00
-2.99055266265e+00
-2.98459803109e+00
-2.97721534371e+00
-2.97719952612e+00
-2.97410693299e+00
-2.98681615053e+00
-2.97999422408e+00
-2.98094764505e+00
-2.99054856964e+00
-2.98387164229e+00
-2.97584804623e+00
-2.97830306744e+00
-2.97407801351e+00
-2.98149612652e+00
-2.98450142719e+00
-2.97816342763e+00
-2.98099101931e+00
-2.97916373400e+00
-2.98435853522e+00
-2.98055226376e+00
-2.98054300230e+00
-2.98108328633e+00
-2.98200508645e+00
-2.98275680855e+00
-2.98354718218e+00
-2.98914011356e+00
-2.97876243246e+00
-2.98541036051e+00
-2.98385758056e+00
-2.98588124286e+00
-2.97382671536e+00
-2.98820867567e+00
-2.98254360389e+00
-2.97727869929e+00
-2.97979433702e+00
-2.98404338058e+00
-2.98006137228e+00
-2.98575807533e+00
-2.98235280592e+00
-2.97825817889e+00
-2.98022872870e+00
-2.97515237735e+00
-2.97535373722e+00
-2.98753217843e+00
-2.98031174178e+00
-2.97791766764e+00
-2.96987113134e+00
-2.98503061787e+00
-2.98118064098e+00
-2.97614705988e+00
-2.98295009018e+00
-2.98113814819e+00
-2.98071063799e+00
-2.98183740807e+00
-2.97990801580e+00
-2.98153176353e+00
-2.98237573294e+00
-2.98621626473e+00
-2.98726670295e+00
-2.98053041667e+00
-2.97961254468e+00
-2.98697405581e+00
-2.98527460730e+00
-2.98285562162e+00
-2.97976916051e+00
-2.98401905502e+00
-2.97711981435e+00
-2.98024019730e+00
-2.97847884343e+00
-2.97689528063e+00
-2.98915349682e+00
-2.97834677088e+00
-2.98443787396e+00
-2.97951168928e+00
-2.98728944949e+00
-2.97994996928e+00
-2.98762850923e+00
-2.98610702579e+00
-2.98112970608e+00
-2.98496791421e+00
-2.97888198386e+00
-2.98332935583e+00
-2.99019734675e+00
-2.98086030307e+00
-2.98085212286e+00
-2.99374749540e+00
-2.98017755361e+00
-2.98470059076e+00
-2.97924108261e+00
-2.97747116848e+00
-2.98234012560e+00
-2.98349427913e+00
-2.97768094304e+00
-2.97898664374e+00
-2.98154066671e+00
-2.96936461782e+00
-2.98499134693e+00
-2.98369393223e+00
-2.98502569355e+00
-2.97893279046e+00
-2.98632776955e+00
-2.98256042781e+00
-2.98191041812e+00
-2.97157938346e+00
-2.97659861105e+00
-2.98103859320e+00
-2.99050839088e+00
-2.98333362332e+00
-2.98742247879e+00
-2.98397287406e+00
-2.98590204597e+00
-2.98672823243e+00
-2.97932145588e+00
-2.97819743573e+00
-2.97923039477e+00
-2.98091734478e+00
-2.98107384654e+00
-2.98388333630e+00
-2.98004364128e+00
-2.98576438570e+00
-2.98247714597e+00
-2.97995129269e+00
-2.98348528990e+00
-2.98331965296e+00
-2.98341744763e+00
-2.97404502681e+00
-2.97783431619e+00
-2.97372917517e+00
-2.97916103000e+00
-2.97647180211e+00
-2.98257682513e+00
-2.98235697016e+00
-2.98087389135e+00
-2.98045802334e+00
-2.98406017902e+00
-2.98334858058e+00
-2.97483156473e+00
-2.98255937218e+00
-2.98025766678e+00
-2.97586089204e+00
-2.97390899196e+00
-2.98000857984e+00
-2.98982086042e+00
-2.98201636202e+00
-2.97708912413e+00
-2.98223770477e+00
-2.98099678275e+00