1.10308641453e+00
1.10299539883e+00
1.10275952917e+00
1.10317148703e+00
1.10323111596e+00
1.10311114672e+00
1.10278410108e+00
1.10315450444e+00
1.10357032861e+00
1.10293833771e+00
1.10326899756e+00
1.10315456157e+00
1.10316133789e+00
1.10336034960e+00
1.10279295648e+00
1.10326405422e+00
1.10269492969e+00
1.10342573358e+00
1.10285383121e+00
1.10387285847e+00
1.10376252357e+00
1.10299524518e+00
1.10347655349e+00
1.10358765114e+00
1.10349349597e+00
1.10288927732e+00
1.10326490835e+00
1.10318934415e+00
1.10333697651e+00
1.10283991153e+00
1.10313303795e+00
1.10276832744e+00
1.10348144028e+00
1.10280755983e+00
1.10342504839e+00
1.10333287860e+00
1.10280445589e+00
1.10390470808e+00
1.10298741904e+00
1.10332761233e+00
1.10291717000e+00
1.10315651865e+00
1.10353133092e+00
1.10304054641e+00
1.10281367458e+00
1.10259947393e+00
1.10339318982e+00
1.10236667890e+00
1.10319216451e+00
1.10377468218e+00
1.10407771624e+00
1.10286887806e+00
1.10350218952e+00
1.10262010001e+00
1.10310333046e+00
1.10268817905e+00
1.10287827917e+00
1.10362463183e+00
1.10333451304e+00
1.10324534894e+00
1.10318621275e+00
1.10310923084e+00
1.10213194941e+00
1.10324491647e+00
1.10298642273e+00
1.10349304659e+00
1.10339704059e+00
1.10308096040e+00
1.10334414683e+00
1.10322152503e+00
1.10304237142e+00
1.10325100528e+00
1.10257004232e+00
1.10305300205e+00
1.10314272463e+00
1.10326306432e+00
1.10344632349e+00
1.10310835551e+00
1.10360485377e+00
1.10340219026e+00
1.10272261366e+00
1.10316012077e+00
1.10314471508e+00
1.10291377988e+00
1.10227959854e+00
1.10331445894e+00
1.10327561826e+00
1.10240094205e+00
1.10267439720e+00
1.10294289564e+00
1.10368561319e+00
1.10308927137e+00
1.10294158801e+00
1.10340476049e+00
1.10291308170e+00
1.10291792937e+00
1.10332427797e+00
1.10367113084e+00
1.10299482758e+00
1.10319690329e+00
1.10287944229e+00
1.10333889383e+00
1.10389541693e+00
1.10305708157e+00
1.10276289244e+00
1.10306578091e+00
1.10316927922e+00
1.10320565166e+00
1.10322807638e+00
1.10278643737e+00
1.10289672897e+00
1.10376055743e+00
1.10260375655e+00
1.10269185970e+00
1.10360422500e+00
1.10318891708e+00
1.10376209915e+00
1.10373545766e+00
1.10252498417e+00
1.10339105481e+00
1.10308795835e+00
1.10343723272e+00
1.10344022696e+00
1.10360762386e+00
1.10410537582e+00
1.10319278147e+00
1.10338087028e+00
1.10347976783e+00
1.10327094266e+00
1.10287785476e+00
1.10393696051e+00
1.10300716053e+00
1.10280197158e+00
1.10233105228e+00
1.10289656759e+00
1.10390891188e+00
1.10302660056e+00
1.10308202341e+00
1.10261062888e+00
1.10415318103e+00
1.10347027631e+00
1.10363476635e+00
1.10359641686e+00
1.10290755589e+00
1.10313303694e+00
1.10324712911e+00
1.10261457745e+00
1.10291626108e+00
1.10306465331e+00
1.10336867724e+00
1.10254219497e+00
1.10321200017e+00
1.10341510811e+00
1.10339558824e+00
1.10272265621e+00
1.10360100972e+00
1.10355540030e+00
1.10309416745e+00
1.10349016202e+00
1.10315266445e+00
1.10342674572e+00
1.10329645115e+00
1.10339643636e+00
1.10400172455e+00
1.10388692422e+00
1.10288972571e+00
1.10337318464e+00
1.10308790505e+00
1.10379661140e+00
1.10328994850e+00
1.10337705119e+00
1.10324227587e+00
1.10328963366e+00
1.10324380500e+00
1.10298735353e+00
1.10311563023e+00
1.10250182288e+00
1.10316531224e+00
1.10318969826e+00
1.10239085271e+00
1.10284670434e+00
1.10367019663e+00
1.10416665639e+00
1.10392705929e+00
1.10289144953e+00
1.10331991389e+00
1.10295082755e+00
1.10323047365e+00
1.10315607726e+00
1.10266943910e+00
1.10286746019e+00
1.10298323282e+00
1.10278799380e+00
1.10360023779e+00
1.10264568099e+00
1.10363797941e+00
1.10399197747e+00
1.10329667779e+00
1.10260168024e+00
1.10352992054e+00
1.10339147878e+00
1.10302769565e+00
1.10326605446e+00
1.10314038233e+00
1.10296589322e+00
1.10290915008e+00
1.10356542804e+00
1.10316424689e+00
1.10351953173e+00
1.10297505303e+00
1.10306498699e+00
1.10290631718e+00
1.10351876828e+00
1.10311057396e+00
1.10364747371e+00
1.10241028750e+00
1.10320019761e+00
1.10310904999e+00
1.10269353874e+00
1.10365349840e+00
1.10339799741e+00
1.10344751939e+00
1.10329823966e+00
1.10261761655e+00
1.10284961457e+00
1.10326027456e+00
1.10315621948e+00
1.10338488507e+00
1.10315214393e+00
1.10313147863e+00
1.10306861500e+00
1.10361894484e+00
1.10342377723e+00
1.10246998399e+00
1.10297675110e+00
1.10291232768e+00
1.10313715453e+00
1.10334983658e+00
1.10329370950e+00
1.10296687412e+00
1.10330784605e+00
1.10330051254e+00
1.10285103701e+00
1.10269541828e+00
1.10309228720e+00
1.10332960320e+00
1.10315287580e+00
1.10340356370e+00
1.10276544972e+00
1.10276053022e+00
1.10310640825e+00
1.10350219129e+00
1.10339753423e+00
1.10314415694e+00
1.10323532076e+00
1.10324823827e+00
1.10277431249e+00
1.10253548815e+00
1.10340160287e+00
1.10321278573e+00
1.10293475372e+00
1.10340462551e+00
1.10288954746e+00
1.10307798578e+00
1.10264948359e+00
1.10305337502e+00
1.10352660607e+00
1.10287492649e+00
1.10336899510e+00
1.10368409327e+00
1.10298140729e+00
1.10291937035e+00
1.10328436303e+00
1.10283095666e+00
1.10303467514e+00
1.10287054523e+00
1.10367214291e+00
1.10364581212e+00
1.10303405034e+00
1.10359730630e+00
1.10312565383e+00
1.10286890722e+00
1.10316442459e+00
1.10268344092e+00
1.10344842979e+00
1.10261087239e+00
1.10324938723e+00
1.10310566326e+00
1.10254374344e+00
1.10353597042e+00
1.10374927272e+00
1.10301279454e+00
1.10306876967e+00
1.10314189327e+00
1.10298646218e+00
1.10308964895e+00
1.10289402228e+00
1.10256249772e+00
1.10342947755e+00
1.10319987967e+00
1.10263575302e+00
1.10235208796e+00
1.10360491553e+00
1.10281954214e+00
1.10310107139e+00
1.10305729330e+00
1.10316565082e+00
1.10339085216e+00
1.10274680897e+00
1.10327509158e+00
1.10308033196e+00
1.10314999464e+00
1.10318231441e+00
1.10296179923e+00
1.10287438180e+00
1.10276013813e+00
1.10281834544e+00
1.10295365042e+00
1.10347454725e+00
1.10318095291e+00
1.10382660157e+00
1.10352084997e+00
1.10366596455e+00
1.10298524958e+00
1.10298549101e+00
1.10319894403e+00
1.10367885508e+00
1.10287875313e+00
1.10306957134e+00
1.10320108052e+00
1.10333527302e+00
1.10350582570e+00
1.10274712991e+00
1.10289335375e+00
1.10281092691e+00
1.10319589091e+00
1.10374244260e+00
1.10306860816e+00
1.10342255995e+00
1.10331782395e+00
1.10309079216e+00
1.10345739592e+00
1.10273558940e+00
1.10360800835e+00
1.10283009807e+00
1.10345719303e+00
1.10332045501e+00
1.10274856995e+00
1.10362966740e+00
1.10299435465e+00
1.10392646639e+00
1.10333036245e+00
1.10267327858e+00
1.10252389154e+00
1.10274333191e+00
1.10361020330e+00
1.10331173520e+00
1.10284509250e+00
1.10292765466e+00
1.10276361601e+00
1.10376547963e+00
1.10308235048e+00
1.10298582610e+00
1.10358316403e+00
1.10340561098e+00
1.10318026980e+00
1.10389575360e+00
1.10397590870e+00
1.10268439830e+00
1.10249979209e+00
1.10380215297e+00
1.10303088407e+00
1.10293432573e+00
1.10333751926e+00
1.10339662203e+00
1.10325725241e+00
1.10208295440e+00
1.10298176768e+00
1.10303651012e+00
1.10349946235e+00
1.10294635509e+00
1.10354671373e+00
1.10284435801e+00
1.10262369477e+00
1.10312043332e+00
1.10310805054e+00
1.10269845624e+00
1.10356820554e+00
1.10327234150e+00
1.10275359115e+00
1.10275201792e+00
1.10268117268e+00
1.10284864774e+00
1.10287673888e+00
1.10301561038e+00
1.10303251970e+00
1.10258358220e+00
1.10272167994e+00
1.10339994429e+00
1.10295643861e+00
1.10329804043e+00
1.10342870225e+00
1.10302554934e+00
1.10307100509e+00
1.10293503009e+00
1.10283211873e+00
1.10248892680e+00
1.10346563599e+00
1.10293368298e+00
1.10334611827e+00
1.10322701245e+00
1.10360290351e+00
1.10276926278e+00
1.10261157831e+00
1.10285917212e+00
1.10271200053e+00
1.10263154063e+00
1.10374004005e+00
1.10324167724e+00
1.10324027740e+00
1.10293428737e+00
1.10352598889e+00
1.10371075960e+00
1.10287920159e+00
1.10339202437e+00
1.10340089229e+00
1.10284418704e+00
1.10321717221e+00
1.10306083032e+00
1.10325396170e+00
1.10291912318e+00
1.10275628081e+00
1.10333667004e+00
1.10336999332e+00
1.10355064636e+00
1.10364219802e+00
1.10319276166e+00
1.10311688826e+00
1.10334776936e+00
1.10235517815e+00
1.10355306163e+00
1.10274189758e+00
1.10326077406e+00
1.10298749413e+00
1.10360234620e+00
1.10224520952e+00
1.10271215464e+00
1.10335596249e+00
1.10245042907e+00
1.10293800892e+00
1.10355140280e+00
1.10294996473e+00
1.10294659306e+00
1.10299675122e+00
1.10334625121e+00
1.10270266970e+00
1.10319428994e+00
1.10351652635e+00
1.10264428386e+00
1.10318430332e+00
1.10343083035e+00
1.10348161228e+00
1.10315616452e+00
1.10315643803e+00
1.10294784757e+00
1.10236230503e+00
1.10277474986e+00
1.10288714378e+00
1.10250432506e+00
1.10232117636e+00
1.10305608142e+00
1.10327656232e+00
1.10278197901e+00
1.10318961542e+00
1.10310340677e+00
1.10306004293e+00
1.10287936368e+00
1.10349864241e+00
1.10290910140e+00
1.10353657871e+00
1.10285093672e+00
1.10317969880e+00
1.10231580652e+00
1.10335039609e+00
1.10296608734e+00
1.10342729292e+00
1.10321917087e+00
1.10262036578e+00
1.10304714718e+00
1.10284699982e+00
1.10265972161e+00
1.10375264285e+00
1.10352953682e+00
1.10342014700e+00
1.10358996062e+00
1.10345291584e+00
1.10227080545e+00
1.10347241940e+00
1.10359111407e+00
1.10356235347e+00
1.10312027557e+00