8.25830026757e-01
8.25098505276e-01
8.25885317293e-01
8.26332738192e-01
8.25557645732e-01
8.25352689258e-01
8.25107115866e-01
8.25181764751e-01
8.25616081375e-01
8.25529350057e-01
8.25719374543e-01
8.25251321606e-01
8.25384406465e-01
8.25295509507e-01
8.26003984086e-01
8.25951149634e-01
8.24985611678e-01
8.25017565145e-01
8.25253576745e-01
8.25359027890e-01
8.25538967467e-01
8.25284648504e-01
8.25275206101e-01
8.25484781062e-01
8.24766557550e-01
8.25341294380e-01
8.25590178736e-01
8.25874500403e-01
8.25533646410e-01
8.25718367370e-01
8.25317602673e-01
8.24735304889e-01
8.25650085257e-01
8.24883260827e-01
8.25212926588e-01
8.25294055617e-01
8.25493502275e-01
8.25876641194e-01
8.25515825669e-01
8.25639690076e-01
8.25137518525e-01
8.25025548672e-01
8.25219583384e-01
8.25389916046e-01
8.25450644707e-01
8.25310287314e-01
8.25681638864e-01
8.25509039426e-01
8.24961389835e-01
8.24547677493e-01
8.25168618764e-01
8.24804893099e-01
8.24935977754e-01
8.25787090476e-01
8.25800427158e-01
8.25750544914e-01
8.24804449483e-01
8.25156846913e-01
8.25275444391e-01
8.25521067071e-01
8.25312299218e-01
8.25253700750e-01
8.24748812805e-01
8.24975281432e-01
8.25014228732e-01
8.25068502212e-01
8.25385822382e-01
8.25586411897e-01
8.25098083757e-01
8.25607255468e-01
8.24898726979e-01
8.25640866735e-01
8.24913656899e-01
8.25332028369e-01
8.25759771846e-01
8.25503271635e-01
8.25492519135e-01
8.24981397641e-01
8.24910494598e-01
8.25369047878e-01
8.25260680358e-01
8.26129345793e-01
8.25219795550e-01
8.26065582929e-01
8.25499314448e-01
8.25489377658e-01
8.25553350936e-01
8.25162733382e-01
8.25405034769e-01
8.25137686119e-01
8.26037024700e-01
8.25391873000e-01
8.25731534198e-01
8.25436970287e-01
8.24305710412e-01
8.25539283547e-01
8.25374603107e-01
8.25896616101e-01
8.25718947723e-01
8.25377569835e-01
8.25493268210e-01
8.24773920278e-01
8.25854289521e-01
8.25335635692e-01
8.25862940702e-01
8.25286892136e-01
8.25171155484e-01
8.25480660870e-01
8.25377441990e-01
8.25173566828e-01
8.25468196036e-01
8.26546485208e-01
8.25662590873e-01
8.25177700813e-01
8.25559497346e-01
8.25537900862e-01
8.26204078396e-01
8.25672063816e-01
8.24658214973e-01
8.25222846461e-01
8.24616648625e-01
8.25072861239e-01
8.25620288998e-01
8.26555111876e-01
8.26340537926e-01
8.25126792463e-01
8.24359581616e-01
8.24980745763e-01
8.25523577931e-01
8.25996915594e-01
8.25613086288e-01
8.25202445181e-01
8.24811039029e-01
8.25545085421e-01
8.25561077119e-01
8.25893257543e-01
8.25480439900e-01
8.25374960594e-01
8.25687390767e-01
8.25866462279e-01
8.25283703448e-01
8.24680245580e-01
8.24882900622e-01
8.25491073709e-01
8.25608179364e-01
8.23912021112e-01
8.26140736040e-01
8.25383483940e-01
8.25333597436e-01
8.25538540532e-01
8.25278770195e-01
8.25286344623e-01
8.25619970602e-01
8.25474024580e-01
8.25464513913e-01
8.25716263590e-01
8.25111140955e-01
8.25108735256e-01
8.26178883334e-01
8.25837937362e-01
8.25220656433e-01
8.25369488633e-01
8.25592258433e-01
8.25306321465e-01
8.25511066076e-01
8.25281191986e-01
8.25581643565e-01
8.25821316238e-01
8.25182683709e-01
8.25503388442e-01
8.25972626033e-01
8.25467790541e-01
8.25523384488e-01
8.25607370107e-01
8.25704440559e-01
8.25084281497e-01
8.25487459398e-01
8.25881700953e-01
8.25782627392e-01
8.25048895897e-01
8.25361895244e-01
8.26032474770e-01
8.25486828008e-01
8.24990833630e-01
8.25440572099e-01
8.25203957697e-01
8.24952055082e-01
8.25781627669e-01
8.25443953208e-01
8.25479641969e-01
8.25311474146e-01
8.24967358726e-01
8.24381094748e-01
8.24926569819e-01
8.25349844539e-01
8.25331269555e-01
8.25263015930e-01
8.25462098353e-01
8.25361459368e-01
8.25463609678e-01
8.26001331101e-01
8.24694965646e-01
8.25488646941e-01
8.25235311884e-01
8.25040829461e-01
8.25413053431e-01
8.25298714708e-01
8.24709033752e-01
8.25181260973e-01
8.25373697310e-01
8.25559619623e-01
8.25989341501e-01
8.25539018545e-01
8.25152448269e-01
8.25703041491e-01
8.25007310928e-01
8.24492150236e-01
8.24608369310e-01
8.24864531481e-01
8.25544242951e-01
8.25441175998e-01
8.25512506393e-01
8.25056672755e-01
8.25655825740e-01
8.25732298245e-01
8.25369657874e-01
8.25416580147e-01
8.25366158015e-01
8.25588404784e-01
8.24907572652e-01
8.25384643499e-01
8.24921079498e-01
8.24703143032e-01
8.24951331890e-01
8.25402253433e-01
8.25844161211e-01
8.25374705202e-01
8.25504069766e-01
8.25712397757e-01
8.25210460233e-01
8.25906252031e-01
8.25795886669e-01
8.25824814850e-01
8.24660065300e-01
8.25255202100e-01
8.25557079992e-01
8.25447629058e-01
8.25234688927e-01
8.24604874217e-01
8.25227020856e-01
8.25246455128e-01
8.25756100788e-01
8.25240399957e-01
8.24879704120e-01
8.25539729771e-01
8.25199168024e-01
8.25592773821e-01
8.24955674179e-01
8.25512334484e-01
8.25833130182e-01
8.25462839674e-01
8.26240718319e-01
8.25759489632e-01
8.24924619656e-01
8.24841456703e-01
8.25232034361e-01
8.26231034002e-01
8.25149082058e-01
8.25062299158e-01
8.25414180993e-01
8.25459853093e-01
8.25347408095e-01
8.25758498572e-01
8.25891859805e-01
8.26385828303e-01
8.25344148966e-01
8.25590096702e-01
8.26541625542e-01
8.25588837662e-01
8.25070919562e-01
8.25065782761e-01
8.25129538441e-01
8.24941409316e-01
8.24729155153e-01
8.25896681572e-01
8.25239054346e-01
8.25698455882e-01
8.24992502700e-01
8.25179378049e-01
8.25849875032e-01
8.25698266303e-01
8.25436564747e-01
8.25575396998e-01
8.24792504008e-01
8.25259214032e-01
8.26305274201e-01
8.24822057525e-01
8.24979696049e-01
8.25217352196e-01
8.25588317938e-01
8.25472077022e-01
8.25542593412e-01
8.25971850195e-01
8.25461638204e-01
8.25825444110e-01
8.26071355486e-01
8.25328234920e-01
8.25172323568e-01
8.24503147007e-01
8.25457096328e-01
8.25077185069e-01
8.25344201060e-01
8.24803831662e-01
8.25808259877e-01
8.24881128504e-01
8.25823792933e-01
8.24524272566e-01
8.25183710720e-01
8.25569636591e-01
8.25111041658e-01
8.25682210785e-01
8.25553129709e-01
8.25638748661e-01
8.25661855081e-01
8.24706476523e-01
8.25438811127e-01
8.25667633850e-01
8.25786919489e-01
8.25039245807e-01
8.25272821876e-01
8.24968708252e-01
8.25111860342e-01
8.25626577178e-01
8.25728111206e-01
8.25408485100e-01
8.25030200301e-01
8.25367778324e-01
8.25669545287e-01
8.25781702707e-01
8.25290083132e-01
8.24973250568e-01
8.25334624999e-01
8.25198075674e-01
8.25347778218e-01
8.24838552475e-01
8.25827027425e-01
8.25590986917e-01
8.25079488043e-01
8.25485443459e-01
8.25073077362e-01
8.25292047928e-01
8.26183257325e-01
8.24745873321e-01
8.25093496351e-01
8.25083805741e-01
8.25110562446e-01
8.25695652535e-01
8.25393612693e-01
8.25386243675e-01
8.25509199905e-01
8.25677395314e-01
8.25433117290e-01
8.24850772213e-01
8.25257483413e-01
8.25466369423e-01
8.26002121407e-01
8.25444832599e-01
8.26183628279e-01
8.24923208312e-01
8.25086369829e-01
8.25036471360e-01
8.25648719005e-01
8.25148574772e-01
8.24928997089e-01
8.25295100204e-01
8.25322014519e-01
8.25071144138e-01
8.25931188421e-01
8.25061553031e-01
8.25738952515e-01
8.25432224602e-01
8.25203403270e-01
8.25514264598e-01
8.24977629038e-01
8.26038962051e-01
8.25302253357e-01
8.25673849146e-01
8.25789781828e-01
8.25582357131e-01
8.25750468050e-01
8.24935753778e-01
8.25306070685e-01
8.25924603451e-01
8.26040566616e-01
8.25522068723e-01
8.25699942188e-01
8.25594965055e-01
8.25616114741e-01
8.25144436049e-01
8.25459468033e-01
8.25137646940e-01
8.25379382835e-01
8.25356064711e-01
8.25421640674e-01
8.25596164255e-01
8.25106055307e-01
8.24971775100e-01
8.25931380952e-01
8.25926167544e-01
8.25546885562e-01
8.25112765850e-01
8.26033027478e-01
8.25755454406e-01
8.24490903385e-01
8.25032220663e-01
8.25386459465e-01
8.25103930357e-01
8.25424911481e-01
8.25601368237e-01
8.26081209271e-01
8.24494885170e-01
8.25781857921e-01
8.25087051907e-01
8.25658748206e-01
8.25058819783e-01
8.25676605824e-01
8.25704789339e-01
8.24384445396e-01
8.25290120934e-01
8.25919337281e-01
8.24749992310e-01
8.26038705337e-01
8.25796511480e-01
8.25960602832e-01
8.25684016918e-01
8.24909041065e-01
8.25160838181e-01
8.25586163330e-01
8.25536932017e-01
8.25068358531e-01
8.25486227793e-01
8.25580937392e-01
8.26163620054e-01
8.25525334695e-01
8.25632939165e-01
8.25131454099e-01
8.25238580769e-01
8.25338280309e-01
8.25003819815e-01
8.25783341708e-01
8.24821602839e-01
8.25459895321e-01
8.24586451165e-01
8.25134759633e-01
8.25755362835e-01
8.25301089252e-01
8.25146161776e-01
8.26085499820e-01
8.25731975383e-01
8.25438016320e-01
8.25217240490e-01
8.25127324100e-01
8.25092899725e-01
8.24885071025e-01
8.25740041120e-01
8.24133918018e-01
8.25005379443e-01
8.26131180328e-01
8.25461634603e-01
8.25025383794e-01
8.25346134073e-01
8.25692211689e-01
8.25505805797e-01
8.25165230890e-01
8.25217201269e-01
8.25065333360e-01
8.25244922273e-01
8.25250149268e-01
8.25726810911e-01
8.25186730766e-01
8.25674005233e-01
8.25282518955e-01
8.25571116813e-01
8.24960548590e-01
8.24908894961e-01
8.24804736587e-01
8.25742618329e-01
8.25275138325e-01
8.24685764880e-01
8.25191138589e-01
8.25652807811e-01
8.25885261542e-01
8.25873688480e-01
8.25203871707e-01
8.25556313946e-01
8.24932549654e-01
8.25291172492e-01
8.25682684061e-01
8.25146032706e-01
8.25341266066e-01
8.25377304508e-01