1.44023505656e+00
1.44052542994e+00
1.43995787547e+00
1.44070588212e+00
1.44059142045e+00
1.44027871768e+00
1.43995832380e+00
1.44075567791e+00
1.44088749424e+00
1.44011555360e+00
1.44056614294e+00
1.44079578578e+00
1.43975384298e+00
1.44066320215e+00
1.44013758503e+00
1.44045008203e+00
1.43978005253e+00
1.44089732617e+00
1.43991364469e+00
1.44102097553e+00
1.44162462521e+00
1.44021521300e+00
1.44079309846e+00
1.44097786265e+00
1.44058186157e+00
1.44009190272e+00
1.44009424065e+00
1.44052078095e+00
1.44053710604e+00
1.43992107892e+00
1.44028149049e+00
1.44014505277e+00
1.44111049525e+00
1.43962909034e+00
1.44109293264e+00
1.44059517657e+00
1.44011989533e+00
1.44113245281e+00
1.44013052493e+00
1.44051469846e+00
1.43996217833e+00
1.44006613911e+00
1.44107013569e+00
1.44014644162e+00
1.43969670910e+00
1.43967088288e+00
1.44023759533e+00
1.43938385835e+00
1.44070910621e+00
1.44124136041e+00
1.44160215280e+00
1.44023412779e+00
1.44097384636e+00
1.43973282597e+00
1.44061314821e+00
1.43954139207e+00
1.44052515923e+00
1.44092769755e+00
1.44045415734e+00
1.44042287119e+00
1.44077548541e+00
1.44011405578e+00
1.43888796636e+00
1.44022359671e+00
1.43997454214e+00
1.44042548705e+00
1.44089082387e+00
1.44017486671e+00
1.44076947557e+00
1.44061128201e+00
1.44008071061e+00
1.44025189550e+00
1.43949951996e+00
1.44009012302e+00
1.44055420525e+00
1.44061149719e+00
1.44052339796e+00
1.44056982828e+00
1.44116425393e+00
1.44072454915e+00
1.43978323032e+00
1.44047873816e+00
1.44064896833e+00
1.44020820154e+00
1.43923628460e+00
1.44021247200e+00
1.44090489574e+00
1.43912873359e+00
1.43990357685e+00
1.44015542056e+00
1.44128637377e+00
1.44028892116e+00
1.44015147351e+00
1.44077383806e+00
1.44016786363e+00
1.44039366360e+00
1.44065546681e+00
1.44061697893e+00
1.44033393861e+00
1.44068051464e+00
1.44015770777e+00
1.44057360172e+00
1.44120099021e+00
1.44009587477e+00
1.43969638785e+00
1.44052349982e+00
1.44045681344e+00
1.44069478188e+00
1.44060700350e+00
1.43952667371e+00
1.44050228790e+00
1.44055552890e+00
1.43999521527e+00
1.43971449716e+00
1.44086762454e+00
1.44035842470e+00
1.44138301425e+00
1.44119126011e+00
1.43983253350e+00
1.44099675091e+00
1.44034500703e+00
1.44089426380e+00
1.44081624597e+00
1.44083801443e+00
1.44156786637e+00
1.44074672093e+00
1.44073496990e+00
1.44102078004e+00
1.44069963452e+00
1.43989940273e+00
1.44143428181e+00
1.44050701231e+00
1.43969186980e+00
1.43938456615e+00
1.44003109535e+00
1.44117261641e+00
1.44009212061e+00
1.44024662724e+00
1.43969499161e+00
1.44203613190e+00
1.44113632671e+00
1.44092060225e+00
1.44097912514e+00
1.44012298615e+00
1.44041666488e+00
1.44061042849e+00
1.43966100932e+00
1.43992622097e+00
1.44052580899e+00
1.44106120023e+00
1.43928314520e+00
1.44090019405e+00
1.44038878038e+00
1.44093397226e+00
1.43978234639e+00
1.44091283067e+00
1.44116085478e+00
1.44059837561e+00
1.44080381169e+00
1.44010938642e+00
1.44066488110e+00
1.44064364818e+00
1.44079000066e+00
1.44137405373e+00
1.44144942117e+00
1.43975128272e+00
1.44038024775e+00
1.44076287519e+00
1.44132020458e+00
1.44100726794e+00
1.44042216427e+00
1.44004974705e+00
1.44079895721e+00
1.44041916106e+00
1.44027646998e+00
1.44016062715e+00
1.43995020809e+00
1.44071520587e+00
1.44038956575e+00
1.43959922967e+00
1.43993647125e+00
1.44096700576e+00
1.44172176859e+00
1.44165346984e+00
1.44024247490e+00
1.44043290312e+00
1.44025583164e+00
1.44053762045e+00
1.44061227423e+00
1.43944777410e+00
1.43989866174e+00
1.44081100741e+00
1.44013029257e+00
1.44076094131e+00
1.44012235918e+00
1.44066867276e+00
1.44142385938e+00
1.44012887423e+00
1.43955452578e+00
1.44079270894e+00
1.44042084670e+00
1.44044275960e+00
1.44045446269e+00
1.44070763851e+00
1.43990627428e+00
1.44055156881e+00
1.44096623716e+00
1.44006896667e+00
1.44111534292e+00
1.44041768259e+00
1.44051089017e+00
1.43991011550e+00
1.44096658819e+00
1.44036136710e+00
1.44090733620e+00
1.43938017424e+00
1.44063468341e+00
1.44036370417e+00
1.43983620319e+00
1.44092227495e+00
1.44062838172e+00
1.44078292558e+00
1.44030851429e+00
1.43922133773e+00
1.44003727987e+00
1.44041551696e+00
1.44010897001e+00
1.44059033728e+00
1.44066995896e+00
1.44040338588e+00
1.44050755592e+00
1.44057834921e+00
1.44040361976e+00
1.43965811048e+00
1.44013366529e+00
1.44012837370e+00
1.44064191680e+00
1.44032214348e+00
1.44036471251e+00
1.44010911914e+00
1.44036836352e+00
1.44094392404e+00
1.44011120349e+00
1.44005317721e+00
1.44033763404e+00
1.44037792042e+00
1.44009215028e+00
1.44056155202e+00
1.43990555899e+00
1.44014418758e+00
1.44029906838e+00
1.44091170452e+00
1.44066332187e+00
1.44044889822e+00
1.44072539650e+00
1.44041795086e+00
1.44052127228e+00
1.43971068091e+00
1.44069260472e+00
1.44056514551e+00
1.43991048725e+00
1.44083467614e+00
1.43997768726e+00
1.44029140036e+00
1.43993150751e+00
1.43997868417e+00
1.44058922888e+00
1.44021973365e+00
1.44109256757e+00
1.44037383240e+00
1.44021198260e+00
1.43985684845e+00
1.44054449366e+00
1.43999935409e+00
1.44005852432e+00
1.44033158024e+00
1.44091792561e+00
1.44093146366e+00
1.44099260442e+00
1.44072719230e+00
1.44055901283e+00
1.44014131241e+00
1.44019474693e+00
1.43979348724e+00
1.44034369908e+00
1.43932691891e+00
1.44046505482e+00
1.44058856712e+00
1.43952415963e+00
1.44087516539e+00
1.44098574416e+00
1.44046032964e+00
1.44026079625e+00
1.44047143214e+00
1.44047096408e+00
1.44061077945e+00
1.44011133602e+00
1.43976043722e+00
1.44060603209e+00
1.44049713878e+00
1.43983657155e+00
1.43912049291e+00
1.44070858238e+00
1.43980399975e+00
1.43965715932e+00
1.44050555150e+00
1.44038675855e+00
1.44064300384e+00
1.43986423537e+00
1.44078963127e+00
1.44021034029e+00
1.44081973332e+00
1.44040893272e+00
1.44005008690e+00
1.44030553041e+00
1.44013504324e+00
1.44053235579e+00
1.44015322756e+00
1.44062647902e+00
1.44034215168e+00
1.44107293698e+00
1.44052423880e+00
1.44087887899e+00
1.44033475437e+00
1.44035047196e+00
1.44051031417e+00
1.44078147869e+00
1.44007690599e+00
1.44034367168e+00
1.44027319547e+00
1.44023353948e+00
1.44080675777e+00
1.43939594514e+00
1.44006533043e+00
1.44001500532e+00
1.44014584548e+00
1.44117892740e+00
1.44033211340e+00
1.44024755553e+00
1.44075562383e+00
1.43987798002e+00
1.44033844162e+00
1.43985202517e+00
1.44088214233e+00
1.43997729984e+00
1.44094176273e+00
1.44023957663e+00
1.43979283518e+00
1.44068214686e+00
1.44010862268e+00
1.44110456542e+00
1.44001937250e+00
1.44001345361e+00
1.44001294714e+00
1.43987524452e+00
1.44071483162e+00
1.44076870898e+00
1.44025065220e+00
1.43972517837e+00
1.43970479309e+00
1.44099200814e+00
1.44021775808e+00
1.44011279459e+00
1.44073767691e+00
1.44058888863e+00
1.44092845838e+00
1.44167277602e+00
1.44098471619e+00
1.44006574529e+00
1.43990414982e+00
1.44091538506e+00
1.44044036729e+00
1.44032289909e+00
1.44065996181e+00
1.44075953786e+00
1.44028798511e+00
1.43887870096e+00
1.44030375001e+00
1.44061986800e+00
1.44087967284e+00
1.43994811269e+00
1.44080835347e+00
1.44006168529e+00
1.43964792150e+00
1.44059518803e+00
1.44039130740e+00
1.43989437937e+00
1.44063625461e+00
1.44082097178e+00
1.43969411402e+00
1.43985828036e+00
1.43967467477e+00
1.43966205337e+00
1.44052016422e+00
1.44048120916e+00
1.44022163312e+00
1.43925644640e+00
1.43963154856e+00
1.44094666163e+00
1.44010021233e+00
1.44022554926e+00
1.44085955243e+00
1.44014128530e+00
1.43997128034e+00
1.44028012636e+00
1.44010707728e+00
1.43957142453e+00
1.44053697522e+00
1.43998787899e+00
1.44028377924e+00
1.44044947531e+00
1.44087201964e+00
1.43967553267e+00
1.43962291140e+00
1.43999116173e+00
1.43917155252e+00
1.43975084387e+00
1.44159854928e+00
1.44044201526e+00
1.44040739244e+00
1.44007061366e+00
1.44100850243e+00
1.44117281877e+00
1.43960695276e+00
1.44081984091e+00
1.44072276928e+00
1.44009000147e+00
1.44059290479e+00
1.44040209786e+00
1.44039886176e+00
1.44017254083e+00
1.44014507246e+00
1.44028606222e+00
1.44077130324e+00
1.44069276721e+00
1.44090003249e+00
1.44060879624e+00
1.43999025448e+00
1.44068969104e+00
1.43941850772e+00
1.44081165473e+00
1.44004184480e+00
1.44020739887e+00
1.44012975106e+00
1.44091727635e+00
1.43945477000e+00
1.43989816246e+00
1.44066324076e+00
1.43961925831e+00
1.44002481581e+00
1.44063350320e+00
1.43990013529e+00
1.44042587502e+00
1.44029013337e+00
1.44042523630e+00
1.44013950840e+00
1.44044225716e+00
1.44062532396e+00
1.43966728806e+00
1.44013185688e+00
1.44072739993e+00
1.44117703220e+00
1.44002999998e+00
1.44061053238e+00
1.44016839259e+00
1.43963894317e+00
1.43970220035e+00
1.43995533173e+00
1.43940696161e+00
1.43916802322e+00
1.43976970572e+00
1.44060507257e+00
1.43996039225e+00
1.44038729940e+00
1.44043403781e+00
1.44022100936e+00
1.44010774182e+00
1.44085408440e+00
1.44010396610e+00
1.44102774318e+00
1.43958227380e+00
1.44072803492e+00
1.43942870789e+00
1.44082343052e+00
1.44044394360e+00
1.44104250315e+00
1.44065137267e+00
1.43981791978e+00
1.44001572940e+00
1.43974864808e+00
1.43958690886e+00
1.44102269928e+00
1.44071068988e+00
1.44045713111e+00
1.44088685953e+00
1.44117151299e+00
1.43971408417e+00
1.44084791136e+00
1.44101208054e+00
1.44120199730e+00
1.44034588297e+00