-6.47739305437e-01
-6.47875350519e-01
-6.47793089575e-01
-6.48030982972e-01
-6.48048055826e-01
-6.48232259558e-01
-6.48246762433e-01
-6.48142068089e-01
-6.49249638265e-01
-6.49756220088e-01
-6.46692995356e-01
-6.49131290441e-01
-6.48261235814e-01
-6.48672397568e-01
-6.46681202380e-01
-6.47825344158e-01
-6.47278104544e-01
-6.48391350774e-01
-6.50385728577e-01
-6.49533280667e-01
-6.49597227478e-01
-6.48295493873e-01
-6.47992078559e-01
-6.47963067143e-01
-6.49043134580e-01
-6.48601127327e-01
-6.49158701412e-01
-6.49290745279e-01
-6.48842678749e-01
-6.48847585398e-01
-6.47764144813e-01
-6.46270724297e-01
-6.49429393641e-01
-6.48030434058e-01
-6.48396572753e-01
-6.48440582075e-01
-6.46249721564e-01
-6.48513799666e-01
-6.46833559170e-01
-6.49509953911e-01
-6.47376767005e-01
-6.47570982769e-01
-6.46983605263e-01
-6.47450575370e-01
-6.49560969122e-01
-6.49171821414e-01
-6.47695302968e-01
-6.45766935658e-01
-6.49409136243e-01
-6.47303076734e-01
-6.49451850367e-01
-6.47540319773e-01
-6.48379693822e-01
-6.48736406445e-01
-6.49752897284e-01
-6.47956298061e-01
-6.48209584166e-01
-6.48229439236e-01
-6.50309427934e-01
-6.48563471850e-01
-6.48229209481e-01
-6.48781366743e-01
-6.48334111173e-01
-6.49168474217e-01
-6.46923879159e-01
-6.47856700085e-01
-6.48332614666e-01
-6.48200057606e-01
-6.48434314965e-01
-6.47409572225e-01
-6.48300317396e-01
-6.48592200067e-01
-6.47414570793e-01
-6.48662917716e-01
-6.49613113197e-01
-6.48723696478e-01
-6.48268892240e-01
-6.48264947696e-01
-6.47145698387e-01
-6.49233213316e-01
-6.47321004728e-01
-6.48522109454e-01
-6.48082572828e-01
-6.48339221537e-01
-6.47020929645e-01
-6.47394493439e-01
-6.47847534762e-01
-6.47903712753e-01
-6.47766571710e-01
-6.47608722955e-01
-6.49373247079e-01
-6.46984761181e-01
-6.48933914996e-01
-6.47450913510e-01
-6.47802836505e-01
-6.49734737163e-01
-6.47793591856e-01
-6.50060009692e-01
-6.48615345718e-01
-6.47544439200e-01
-6.48891964574e-01
-6.47768256692e-01
-6.48284271330e-01
-6.48238492044e-01
-6.48044714759e-01
-6.47493918408e-01
-6.48827037036e-01
-6.47760372968e-01
-6.48610396794e-01
-6.48667048739e-01
-6.47523329090e-01
-6.50042901239e-01
-6.47733986962e-01
-6.47613064766e-01
-6.49142963162e-01
-6.49867625339e-01
-6.47821612783e-01
-6.48591712451e-01
-6.48654566805e-01
-6.47562253294e-01
-6.47350990664e-01
-6.48139550327e-01
-6.48202013745e-01
-6.48169550438e-01
-6.49505819564e-01
-6.48294315424e-01
-6.48125034253e-01
-6.49457361878e-01
-6.48610109353e-01
-6.48414602061e-01
-6.49454845595e-01
-6.47254157792e-01
-6.47709227761e-01
-6.47434817810e-01
-6.48249610737e-01
-6.47792246165e-01
-6.47550320903e-01
-6.48204045226e-01
-6.46578677090e-01
-6.50385832788e-01
-6.47807089871e-01
-6.48626580281e-01
-6.48711883011e-01
-6.48115982437e-01
-6.48037386548e-01
-6.48414994037e-01
-6.48120653610e-01
-6.49191517285e-01
-6.48374725700e-01
-6.49121728002e-01
-6.48482297439e-01
-6.48891913468e-01
-6.48775336834e-01
-6.48873226644e-01
-6.48642992880e-01
-6.49881766955e-01
-6.47933943977e-01
-6.48298177540e-01
-6.48956740411e-01
-6.50728719556e-01
-6.49225642830e-01
-6.47901134218e-01
-6.49098515550e-01
-6.49981089948e-01
-6.49468039437e-01
-6.48498006807e-01
-6.49309221479e-01
-6.48968217395e-01
-6.48153612471e-01
-6.48691876415e-01
-6.48666078506e-01
-6.46530711669e-01
-6.48133298355e-01
-6.47726804402e-01
-6.48119645622e-01
-6.47215586966e-01
-6.47418065062e-01
-6.48600190364e-01
-6.47764653405e-01
-6.48636240293e-01
-6.47675009217e-01
-6.50238556179e-01
-6.49467229707e-01
-6.49411655084e-01
-6.49123635503e-01
-6.47609057403e-01
-6.48837559489e-01
-6.47972536059e-01
-6.48185252342e-01
-6.49212433986e-01
-6.47740509086e-01
-6.47490875767e-01
-6.48216554214e-01
-6.48715955711e-01
-6.48033646157e-01
-6.47000276130e-01
-6.48191975053e-01
-6.48820803819e-01
-6.49170000704e-01
-6.48556843829e-01
-6.47406514502e-01
-6.46323652273e-01
-6.47963452638e-01
-6.47538444116e-01
-6.46909753647e-01
-6.48519646245e-01
-6.48527275022e-01
-6.49777633929e-01
-6.48070643867e-01
-6.47188352698e-01
-6.48369196272e-01
-6.48459850768e-01
-6.48123339967e-01
-6.48540146571e-01
-6.49729847430e-01
-6.47950311190e-01
-6.46325559222e-01
-6.46533092568e-01
-6.46555544281e-01
-6.49072908835e-01
-6.48549275438e-01
-6.49624740418e-01
-6.47518360576e-01
-6.48670406267e-01
-6.48862201921e-01
-6.47083057218e-01
-6.46766882676e-01
-6.48642442468e-01
-6.49420141251e-01
-6.47447646112e-01
-6.47535781576e-01
-6.49487852777e-01
-6.46823530585e-01
-6.46929640595e-01
-6.49448905210e-01
-6.49014387158e-01
-6.48094098607e-01
-6.47635439107e-01
-6.49673944135e-01
-6.47434793096e-01
-6.49432443666e-01
-6.49366763752e-01
-6.49680779751e-01
-6.47424475168e-01
-6.48589227280e-01
-6.49015298083e-01
-6.48049739778e-01
-6.48273295376e-01
-6.47920337657e-01
-6.48815124172e-01
-6.46868867209e-01
-6.47889207310e-01
-6.49447004250e-01
-6.48726091118e-01
-6.48412059361e-01
-6.48732340595e-01
-6.47798232635e-01
-6.46901470337e-01
-6.48314192444e-01
-6.47783229615e-01
-6.48233990107e-01
-6.49278275954e-01
-6.49372416369e-01
-6.47343075323e-01
-6.46740686201e-01
-6.47962044001e-01
-6.48685273751e-01
-6.47802716308e-01
-6.47693990903e-01
-6.50092497995e-01
-6.49425659407e-01
-6.47199316825e-01
-6.48124954600e-01
-6.48970275329e-01
-6.48064759881e-01
-6.47475039453e-01
-6.48459128389e-01
-6.49973068395e-01
-6.48316527606e-01
-6.48551649073e-01
-6.48072676296e-01
-6.48089128922e-01
-6.45928461447e-01
-6.48470220924e-01
-6.48454430698e-01
-6.45839512291e-01
-6.48589175707e-01
-6.48784704192e-01
-6.47888496873e-01
-6.47568076722e-01
-6.49497781724e-01
-6.48332964847e-01
-6.48490066728e-01
-6.48910295998e-01
-6.47795354509e-01
-6.49010237958e-01
-6.46709841504e-01
-6.47257461599e-01
-6.47722926318e-01
-6.50117158220e-01
-6.46644360504e-01
-6.47175420873e-01
-6.48994923730e-01
-6.47902566822e-01
-6.49620010838e-01
-6.48233220163e-01
-6.47063260844e-01
-6.49038146444e-01
-6.45545394011e-01
-6.48270733775e-01
-6.49573541235e-01
-6.47283846894e-01
-6.47052401789e-01
-6.47731329486e-01
-6.47457935558e-01
-6.48475273040e-01
-6.48020588220e-01
-6.48043284063e-01
-6.47764612607e-01
-6.47060490772e-01
-6.50604306664e-01
-6.50340022790e-01
-6.47871973525e-01
-6.49576676399e-01
-6.47391014752e-01
-6.47341788995e-01
-6.48635174666e-01
-6.47666896615e-01
-6.47475710587e-01
-6.47710243535e-01
-6.48816910228e-01
-6.48317067424e-01
-6.49566459445e-01
-6.46359362632e-01
-6.48596327899e-01
-6.50066813240e-01
-6.48786777102e-01
-6.48913902458e-01
-6.48568630860e-01
-6.49534026887e-01
-6.47968674018e-01
-6.47745477067e-01
-6.48801869068e-01
-6.49497634579e-01
-6.48853470978e-01
-6.48798350352e-01
-6.48988689749e-01
-6.47302898687e-01
-6.47423269014e-01
-6.48153786759e-01
-6.48323620586e-01
-6.49595265812e-01
-6.47809958102e-01
-6.46375856106e-01
-6.47646761961e-01
-6.48367004677e-01
-6.48937271252e-01
-6.48534288424e-01
-6.48493963556e-01
-6.47938087909e-01
-6.48366745338e-01
-6.48641787605e-01
-6.48594017296e-01
-6.49704189354e-01
-6.48604882100e-01
-6.48140544028e-01
-6.48287667127e-01
-6.48883975946e-01
-6.47470090280e-01
-6.48706033240e-01
-6.48834206387e-01
-6.49030125848e-01
-6.46502626447e-01
-6.46810778859e-01
-6.49772770593e-01
-6.48214169203e-01
-6.48045745613e-01
-6.48128185318e-01
-6.48232324203e-01
-6.48319008915e-01
-6.47200923386e-01
-6.48520227865e-01
-6.48523668063e-01
-6.48154466997e-01
-6.47964601974e-01
-6.47463635789e-01
-6.47675053855e-01
-6.48482127325e-01
-6.48771930515e-01
-6.50467093875e-01
-6.47842801657e-01
-6.48454922901e-01
-6.47753128918e-01
-6.48304799158e-01
-6.47161732844e-01
-6.48364474543e-01
-6.48715240337e-01
-6.47550497095e-01
-6.48126225103e-01
-6.48095595283e-01
-6.48612069418e-01
-6.49726369504e-01
-6.48544798052e-01
-6.49733590174e-01
-6.49740624238e-01
-6.48243813561e-01
-6.47563372984e-01
-6.48761701726e-01
-6.47479154071e-01
-6.48098591910e-01
-6.47871701472e-01
-6.51759216481e-01
-6.49504176834e-01
-6.48604811793e-01
-6.49552682163e-01
-6.46720375070e-01
-6.48441676538e-01
-6.49199691896e-01
-6.50202200425e-01
-6.48963284449e-01
-6.47418441063e-01
-6.48498731408e-01
-6.47791313753e-01
-6.48220881052e-01
-6.47530894181e-01
-6.47636848625e-01
-6.45720355536e-01
-6.48239226216e-01
-6.48072802495e-01
-6.46951145123e-01
-6.46649801708e-01
-6.48575152475e-01
-6.48839797965e-01
-6.48533005195e-01
-6.48334256088e-01
-6.48307719471e-01
-6.47998434357e-01
-6.49027699810e-01
-6.47397077402e-01
-6.46793243162e-01
-6.49479857424e-01
-6.48659597931e-01
-6.48680850816e-01
-6.47326034961e-01
-6.50071700103e-01
-6.47647615866e-01
-6.48526346663e-01
-6.47878500269e-01
-6.47843786948e-01
-6.48907104997e-01
-6.47868058929e-01
-6.48140282108e-01
-6.48743516668e-01
-6.47740760074e-01
-6.49881834332e-01
-6.47294194852e-01
-6.47503847350e-01
-6.49942395716e-01
-6.46118612460e-01
-6.48779871781e-01
-6.48245949795e-01
-6.49820106444e-01
-6.48752959174e-01
-6.48823183319e-01
-6.48862161122e-01
-6.48252291667e-01
-6.46401537549e-01
-6.49384986022e-01
-6.47867108664e-01
-6.47136486151e-01
-6.49685756700e-01
-6.48705806010e-01
-6.48357259129e-01
-6.49447743001e-01
-6.48773274143e-01
-6.48252044551e-01
-6.49640062509e-01
-6.49791534582e-01
-6.48304476899e-01
-6.48833487543e-01
-6.47887679774e-01
-6.49342325771e-01
-6.48472555299e-01
-6.49076393214e-01
-6.46946165327e-01
-6.48367068222e-01
-6.47712880979e-01
-6.48746704450e-01
-6.49529975227e-01
-6.46699649435e-01
-6.48233892634e-01
-6.49828835757e-01
-6.48971577803e-01
-6.49046185199e-01
-6.48692615555e-01
-6.47683345009e-01
-6.47770415040e-01
-6.49641019005e-01
-6.48142596844e-01
-6.50063269428e-01
-6.48323270897e-01