5.59007396007e+03
5.53054686069e+03
5.54892174712e+03
5.57805757205e+03
5.50871755089e+03
5.58911038464e+03
5.58096555152e+03
5.53244941249e+03
5.57909426017e+03
5.41463246199e+03
5.52970950253e+03
5.49532807322e+03
5.46890561681e+03
5.63158154249e+03
5.43014150277e+03
5.58089840401e+03
5.53341687050e+03
5.46184906573e+03
5.45873838388e+03
5.50594885632e+03
5.50425101346e+03
5.56633837839e+03
5.46888384636e+03
5.53533718364e+03
5.45818592221e+03
5.50328102713e+03
5.52010597289e+03
5.55305974319e+03
5.53609174143e+03
5.56708457790e+03
5.48476116343e+03
5.53500787284e+03
5.61459708633e+03
5.56037463538e+03
5.51416994105e+03
5.41537684759e+03
5.44913370672e+03
5.56425376374e+03
5.52857533534e+03
5.39336118583e+03
5.56437648200e+03
5.47221917444e+03
5.52702797426e+03
5.53817398456e+03
5.55988316303e+03
5.46637038827e+03
5.46825976790e+03
5.48910508520e+03
5.38584500665e+03
5.45889132558e+03
5.50439997282e+03
5.52096408231e+03
5.49336469274e+03
5.55472892310e+03
5.52463671351e+03
5.43963265058e+03
5.49954520915e+03
5.58195453549e+03
5.58399139620e+03
5.49609573418e+03
5.47474509358e+03
5.51430710759e+03
5.40744980493e+03
5.59319545617e+03
5.46060095863e+03
5.45919955216e+03
5.47856797201e+03
5.54255627254e+03
5.53286866120e+03
5.47096539209e+03
5.43077707191e+03
5.58342977852e+03
5.46671005889e+03
5.56735421240e+03
5.49565313090e+03
5.54393477973e+03
5.60321060961e+03
5.54142646296e+03
5.50501172849e+03
5.43589268130e+03
5.48328367621e+03
5.52829652218e+03
5.49166798753e+03
5.42255131440e+03
5.43796170012e+03
5.47309968205e+03
5.44477330698e+03
5.53836566755e+03
5.46241634897e+03
5.42807583929e+03
5.58743537862e+03
5.36284383847e+03
5.59211252972e+03
5.60805452799e+03
5.47181457496e+03
5.55236971690e+03
5.49781295552e+03
5.45083390056e+03
5.45326109652e+03
5.55531671442e+03
5.49478559660e+03
5.42776852647e+03
5.42189807561e+03
5.50803353171e+03
5.59320151140e+03
5.44788407274e+03
5.51600681476e+03
5.56114574419e+03
5.51947081568e+03
5.46242859440e+03
5.44969533861e+03
5.55582145402e+03
5.55698413034e+03
5.51231685586e+03
5.43527974385e+03
5.43774964962e+03
5.47787894520e+03
5.52275116000e+03
5.48125907582e+03
5.43276049330e+03
5.44057729204e+03
5.56616367640e+03
5.49250648497e+03
5.50443906348e+03
5.43738453714e+03
5.55497792567e+03
5.53879332106e+03
5.45486909969e+03
5.43517276574e+03
5.49305942309e+03
5.46267689853e+03
5.47800389036e+03
5.44412413146e+03
5.41626625376e+03
5.48660616147e+03
5.50679800723e+03
5.46841128936e+03
5.51712408909e+03
5.50582407519e+03
5.49888914550e+03
5.53102368398e+03
5.41162432460e+03
5.47990189618e+03
5.62840975508e+03
5.53886169395e+03
5.48121632852e+03
5.60006884081e+03
5.51174010463e+03
5.55359840714e+03
5.50295109771e+03
5.48297998953e+03
5.48814876652e+03
5.52474350177e+03
5.53304950760e+03
5.50474363498e+03
5.56600946466e+03
5.48007171870e+03
5.40726993375e+03
5.53374491146e+03
5.52835409469e+03
5.49671236282e+03
5.48726066374e+03
5.51520705546e+03
5.47870364583e+03
5.52317010049e+03
5.59665691244e+03
5.51652404696e+03
5.56730759271e+03
5.57041659555e+03
5.53945812268e+03
5.46991673898e+03
5.50404135890e+03
5.45053345981e+03
5.57559572021e+03
5.54024902243e+03
5.38513405207e+03
5.51324499660e+03
5.44047958452e+03
5.54150965625e+03
5.49561055747e+03
5.51003949342e+03
5.45976059026e+03
5.52845943400e+03
5.49698119110e+03
5.43081209206e+03
5.49810563862e+03
5.38076063697e+03
5.58732063610e+03
5.49111562222e+03
5.53027515518e+03
5.46341721936e+03
5.43614389591e+03
5.48269454213e+03
5.55318237730e+03
5.47632369953e+03
5.51630735492e+03
5.40703883172e+03
5.50690079309e+03
5.51841661120e+03
5.48803414267e+03
5.52490770897e+03
5.40707894748e+03
5.44487457805e+03
5.57274125631e+03
5.46943373059e+03
5.63834323058e+03
5.57529535480e+03
5.46245010505e+03
5.46423047001e+03
5.52652141318e+03
5.50745350047e+03
5.51586314352e+03
5.50209009920e+03
5.43803999847e+03
5.45323887528e+03
5.51946533511e+03
5.48611909651e+03
5.39601612101e+03
5.48135800192e+03
5.49818149115e+03
5.46542601449e+03
5.47195467822e+03
5.44885432736e+03
5.48438282376e+03
5.52033322748e+03
5.42531179844e+03
5.47411940869e+03
5.36911665053e+03
5.60165835548e+03
5.50870837718e+03
5.51276735120e+03
5.63766791196e+03
5.61736670157e+03
5.46808635843e+03
5.54738373738e+03
5.56096354601e+03
5.40949792254e+03
5.45070946441e+03
5.53801757879e+03
5.37279837741e+03
5.48781026639e+03
5.47577281988e+03
5.48551306607e+03
5.61121901697e+03
5.52757323918e+03
5.51026928436e+03
5.56805273082e+03
5.52290455936e+03
5.42500627068e+03
5.63623008125e+03
5.41927414862e+03
5.51993045043e+03
5.52237343988e+03
5.40902762011e+03
5.52467651260e+03
5.49893503801e+03
5.48470280148e+03
5.49251769777e+03
5.48431778908e+03
5.47436087603e+03
5.46983193985e+03
5.56808097052e+03
5.49145661882e+03
5.53284345110e+03
5.46359141217e+03
5.45513024863e+03
5.47580144125e+03
5.43009982319e+03
5.46400745591e+03
5.48859295671e+03
5.55024457407e+03
5.53063741260e+03
5.45152524024e+03
5.56387739498e+03
5.62234862134e+03
5.55190068120e+03
5.54493168091e+03
5.50024201705e+03
5.49792824204e+03
5.54545334318e+03
5.43914379962e+03
5.38687348218e+03
5.51423997852e+03
5.42496817824e+03
5.48823472400e+03
5.40962007101e+03
5.46493129003e+03
5.56741131413e+03
5.47077977026e+03
5.55234331241e+03
5.50475866227e+03
5.57777882944e+03
5.53866824932e+03
5.51281748060e+03
5.52201561478e+03
5.57402256362e+03
5.40234399910e+03
5.55459016515e+03
5.63698996161e+03
5.48097199621e+03
5.48333265782e+03
5.51414089835e+03
5.48008708394e+03
5.57015635676e+03
5.46589437245e+03
5.54447211539e+03
5.55148104118e+03
5.49481753202e+03
5.55021844841e+03
5.54340923656e+03
5.53125244022e+03
5.46247761987e+03
5.43870967612e+03
5.55017026689e+03
5.51866178455e+03
5.46981859844e+03
5.46565257785e+03
5.49242196767e+03
5.58418419043e+03
5.55863425966e+03
5.49920397778e+03
5.42857741337e+03
5.45874114673e+03
5.43340291538e+03
5.45620359864e+03
5.57148200624e+03
5.52671271676e+03
5.50002810869e+03
5.45294121246e+03
5.49858117489e+03
5.51490901490e+03
5.47573589789e+03
5.46500666353e+03
5.54594491623e+03
5.42766894081e+03
5.55207792853e+03
5.57382128152e+03
5.46825969770e+03
5.51284057246e+03
5.45891623563e+03
5.46130543522e+03
5.55279209714e+03
5.53164570270e+03
5.42076441704e+03
5.47435976470e+03
5.47150766523e+03
5.47865796065e+03
5.47124948546e+03
5.51600921685e+03
5.43790311673e+03
5.45566579259e+03
5.57915386484e+03
5.53966665058e+03
5.59967206915e+03
5.43329518458e+03
5.48359857621e+03
5.44916968524e+03
5.43507419752e+03
5.46443309095e+03
5.53121731029e+03
5.46616778164e+03
5.47860320158e+03
5.44764801673e+03
5.51532534531e+03
5.51814270164e+03
5.53693142943e+03
5.49107562888e+03
5.56068510563e+03
5.51102301640e+03
5.36434398522e+03
5.33184075436e+03
5.45107459269e+03
5.43576390732e+03
5.48145761292e+03
5.51503306025e+03
5.47287522507e+03
5.47595408283e+03
5.56030101293e+03
5.44051955450e+03
5.53885046727e+03
5.49576614532e+03
5.36458370711e+03
5.55400964381e+03
5.63504376290e+03
5.46272512734e+03
5.51976701074e+03
5.50276842254e+03
5.46956787172e+03
5.48711670017e+03
5.47584017980e+03
5.46780395451e+03
5.43460439240e+03
5.57566289627e+03
5.46564293747e+03
5.49950012698e+03
5.54160387122e+03
5.48249644822e+03
5.44519785515e+03
5.52381507201e+03
5.44587188387e+03
5.56919422409e+03
5.46779571717e+03
5.45899023335e+03
5.49475508488e+03
5.46055931309e+03
5.43885327209e+03
5.43027297187e+03
5.58730154088e+03
5.58441680035e+03
5.44148511561e+03
5.47116129882e+03
5.50534884081e+03
5.55718101743e+03
5.40758716966e+03
5.46342553859e+03
5.49388052887e+03
5.50597959116e+03
5.41356056943e+03
5.46473645216e+03
5.46252529529e+03
5.46431713279e+03
5.49461372020e+03
5.55367987620e+03
5.44626875399e+03
5.53655529168e+03
5.46076923649e+03
5.45674235616e+03
5.50769950702e+03
5.52879164830e+03
5.50565190582e+03
5.56945714440e+03
5.44822039421e+03
5.48766691119e+03
5.49635127918e+03
5.46578558300e+03
5.47304324898e+03
5.49115109214e+03
5.54194682389e+03
5.53836890533e+03
5.46664021379e+03
5.40654808932e+03
5.45713130622e+03
5.56494288068e+03
5.41011249717e+03
5.46951463981e+03
5.45765774380e+03
5.42874546429e+03
5.44789141214e+03
5.56014705353e+03
5.39879418452e+03
5.52549504503e+03
5.46138411174e+03
5.46804567576e+03
5.61946162123e+03
5.49615684434e+03
5.50679776129e+03
5.45675430037e+03
5.45553320592e+03
5.53345707373e+03
5.52232647019e+03
5.48122738436e+03
5.47942582965e+03
5.52482102204e+03
5.52465144683e+03
5.54129166710e+03
5.44100141301e+03
5.43748512680e+03
5.51083294290e+03
5.35730543334e+03
5.55765545307e+03
5.45146253573e+03
5.57105653336e+03
5.59081487274e+03
5.40278264712e+03
5.56106427661e+03
5.49458341531e+03
5.50245696212e+03
5.51281711274e+03
5.62481764729e+03
5.52341903725e+03
5.49869817304e+03
5.54133082058e+03
5.48721247935e+03
5.37191614262e+03
5.34557378731e+03
5.55660821953e+03
5.53412807938e+03
5.49012191323e+03
5.55634176939e+03
5.54286931828e+03
5.53429445172e+03
5.39114279872e+03
5.47726899174e+03
5.57221095101e+03
5.52012267424e+03
5.49647429174e+03
5.50437575724e+03
5.42782309300e+03
5.47920101228e+03
5.46587777285e+03
5.50087250167e+03