7.67842366094e-01
7.72824731824e-01
7.85388831197e-01
7.70576020347e-01
7.45436713832e-01
7.82606571904e-01
7.78500005926e-01
7.89285441189e-01
7.62398306212e-01
7.88330048208e-01
7.81744939328e-01
7.85122232951e-01
7.72161607851e-01
8.07759700938e-01
7.76611011946e-01
7.84759850201e-01
7.54581290060e-01
7.85844291840e-01
7.48427584593e-01
7.72336723887e-01
7.69025585461e-01
7.84723987803e-01
7.49166830865e-01
7.65878251473e-01
7.55955793868e-01
7.83440752826e-01
7.91682560917e-01
7.93920964122e-01
7.88672744821e-01
8.12888111187e-01
8.02287820649e-01
7.83824548834e-01
7.68568546659e-01
7.53053415293e-01
7.98741149086e-01
7.48893353025e-01
7.99320130202e-01
7.60304965221e-01
7.72373053624e-01
7.83755240338e-01
7.66639102289e-01
7.42223744704e-01
7.82815969718e-01
7.52195248008e-01
7.52770553020e-01
7.55002489186e-01
7.65246646337e-01
7.69148937606e-01
7.67636966501e-01
7.69733578229e-01
7.52504342792e-01
7.63913526311e-01
7.29412345039e-01
7.66031162841e-01
7.50603124624e-01
7.59312416579e-01
7.77101356546e-01
7.75942609654e-01
7.64764960364e-01
7.68760886769e-01
7.63519354034e-01
7.90996640942e-01
7.25715951282e-01
7.86055068405e-01
7.67312213259e-01
8.00841546233e-01
7.97498444463e-01
8.00743997571e-01
7.78599531464e-01
7.58579595688e-01
7.78880110176e-01
7.57041457239e-01
7.78807744417e-01
7.70577837769e-01
7.68815646569e-01
7.43326522451e-01
7.80217070354e-01
7.86291685113e-01
7.63894294125e-01
7.73189237193e-01
7.93115723268e-01
7.64448341642e-01
7.40481432329e-01
7.67650543878e-01
7.62156553754e-01
7.90858243407e-01
7.72860972372e-01
7.68618666131e-01
7.83826063636e-01
7.61453782090e-01
7.85272854968e-01
7.50262815953e-01
7.45313872519e-01
7.62608194894e-01
7.68648795525e-01
7.99666065138e-01
7.79848128111e-01
7.46559265579e-01
7.58206564167e-01
7.34762760539e-01
7.39603015458e-01
7.13053984148e-01
7.40825346316e-01
7.87852957406e-01
7.69596409590e-01
7.83670386465e-01
7.68119194144e-01
7.91460268766e-01
7.65305695920e-01
7.75987680251e-01
7.26247347693e-01
7.95565630527e-01
7.72912406803e-01
7.67846186929e-01
7.51506514742e-01
7.53345159234e-01
7.18944791220e-01
7.58082697885e-01
7.80562640220e-01
7.62240492982e-01
7.90242890052e-01
8.04933425644e-01
7.56692906376e-01
7.39182752151e-01
7.84826667519e-01
7.97403194109e-01
7.82145769445e-01
7.30991609358e-01
7.69856152927e-01
7.77655460487e-01
7.37184438191e-01
7.42230519625e-01
7.57457272694e-01
7.84561697047e-01
7.71473260764e-01
7.77336343831e-01
7.84741865761e-01
7.57497990989e-01
7.44632185623e-01
7.30906957081e-01
7.47343507070e-01
7.37982123785e-01
7.62804407668e-01
8.23337657787e-01
7.68248657156e-01
7.85376988074e-01
7.68130770120e-01
7.85587980713e-01
7.61832380814e-01
7.71847491221e-01
7.61498782354e-01
7.65530338258e-01
8.10316426029e-01
7.68871475314e-01
7.80328935978e-01
7.47480796447e-01
7.55956168735e-01
7.84881124575e-01
7.60184002738e-01
7.78954179687e-01
7.66195607089e-01
7.67460891647e-01
7.85158827400e-01
7.68384281992e-01
7.49653743881e-01
7.76213520324e-01
7.33545035140e-01
7.57868206516e-01
7.84289021964e-01
7.38467530181e-01
7.39577815126e-01
7.72358450134e-01
8.05672113931e-01
7.92607756289e-01
7.58156719282e-01
7.64043461277e-01
7.97586879206e-01
7.55952419448e-01
7.37546594521e-01
7.76404511620e-01
7.50538497308e-01
7.54281564594e-01
7.62660698363e-01
7.91774365261e-01
7.91574658552e-01
7.78792630555e-01
7.66535036699e-01
7.59534667084e-01
7.88287013408e-01
7.72279813712e-01
7.85716935286e-01
7.73966692208e-01
8.01279604601e-01
7.80970319272e-01
7.77840034556e-01
7.94895446898e-01
7.95282994846e-01
7.51510082182e-01
7.54604525661e-01
7.27817330497e-01
7.80532528069e-01
7.39605403876e-01
7.79508528480e-01
8.01411062782e-01
7.76255397949e-01
7.72010113646e-01
7.83241837579e-01
7.69202355887e-01
7.68304350378e-01
7.55064741043e-01
7.81662466006e-01
7.95365608243e-01
7.56767859385e-01
7.72254182691e-01
8.01140895736e-01
8.23055097125e-01
7.61916181175e-01
7.95469767791e-01
7.54025275648e-01
7.58680767277e-01
7.35608918157e-01
7.43472960244e-01
7.35066371727e-01
7.64429369992e-01
7.75737576985e-01
7.91221760358e-01
7.46335954909e-01
7.45681855996e-01
7.62716626950e-01
7.68138599471e-01
7.51474029012e-01
7.52756731077e-01
7.83947064694e-01
8.12509561717e-01
7.31443360606e-01
8.19196570388e-01
7.81852925053e-01
7.67901599773e-01
7.94351220247e-01
7.83758204088e-01
7.88720821056e-01
7.59902758096e-01
7.83042231323e-01
7.86162438578e-01
7.48483235248e-01
7.44642888041e-01
7.76167965608e-01
7.70959069464e-01
7.91256498280e-01
7.69767742574e-01
7.78001237364e-01
7.63697527788e-01
7.84707150721e-01
7.36787215210e-01
7.67036065919e-01
7.78894585110e-01
7.99298560940e-01
7.56790515058e-01
7.81414904650e-01
7.42496734366e-01
7.55336038873e-01
7.65796487460e-01
7.94644377719e-01
7.92010109318e-01
7.72721342383e-01
8.07891958570e-01
7.71704907503e-01
7.71568699136e-01
7.86002609881e-01
7.45315933398e-01
7.75281918336e-01
7.31328078679e-01
7.50518420617e-01
7.61216791754e-01
7.53408020200e-01
7.62532070690e-01
7.39127517735e-01
7.42325845519e-01
7.96815410190e-01
7.32234443671e-01
7.67208757681e-01
7.75358284016e-01
7.79499536763e-01
7.31018260886e-01
7.51656406244e-01
7.78178821987e-01
7.41294671242e-01
7.63110705058e-01
7.41694475844e-01
7.72172685979e-01
7.69453623663e-01
7.79567655627e-01
7.55875934000e-01
7.73209073699e-01
7.60865939653e-01
7.51890463836e-01
7.53535175258e-01
7.94977039120e-01
7.65790010059e-01
7.52518243698e-01
7.78495816703e-01
7.43637824857e-01
7.51720186016e-01
7.89471926493e-01
7.82406958476e-01
7.97959294042e-01
7.57848062314e-01
7.73056369532e-01
8.03374896263e-01
7.55025315237e-01
7.86831679711e-01
7.56294955451e-01
7.61557613229e-01
7.77554738165e-01
7.44181078240e-01
7.87295733950e-01
8.18223517201e-01
7.70454834010e-01
7.61992708143e-01
7.49620298459e-01
7.47869999382e-01
7.93376791119e-01
7.80036735217e-01
7.70818907503e-01
7.75904266899e-01
7.45371587033e-01
7.41267286070e-01
7.53299857567e-01
7.59277355392e-01
7.50982996610e-01
7.51523682256e-01
7.66872765539e-01
7.77881989077e-01
7.52062283326e-01
7.94189705366e-01
7.50878026516e-01
7.56426022635e-01
7.56575297489e-01
7.31555308811e-01
7.68440142202e-01
7.53262940501e-01
7.85230415599e-01
7.84362988991e-01
7.33984806101e-01
7.51784888498e-01
7.89117906767e-01
7.84690772983e-01
7.76319479467e-01
7.57889307684e-01
7.69201646538e-01
7.53816158827e-01
7.50043515485e-01
7.83953093877e-01
7.81101397812e-01
7.88891232588e-01
7.54986592875e-01
7.76782504252e-01
7.62651208462e-01
7.94020510620e-01
7.75773557764e-01
7.60368733902e-01
7.81947672186e-01
7.77872840614e-01
7.95328313962e-01
7.61826686498e-01
7.53622993328e-01
7.19804516014e-01
7.63333435498e-01
7.73779077047e-01
7.66938802520e-01
7.67570609102e-01
7.92760889302e-01
7.56994419001e-01
7.52096605500e-01
7.78901876044e-01
7.54967137356e-01
7.80406631615e-01
7.96003248825e-01
7.75601150129e-01
7.45253503461e-01
7.60114416465e-01
7.52721696592e-01
7.22688833018e-01
7.50678709441e-01
7.73074106053e-01
7.96901402367e-01
8.01737341162e-01
7.55566219604e-01
7.58599835134e-01
8.17563105743e-01
7.68383616328e-01
8.06188673441e-01
7.40096251798e-01
7.51895767380e-01
7.31329083679e-01
7.92174977263e-01
7.90444719225e-01
7.59370479669e-01
7.74636049660e-01
7.84824127364e-01
7.43230423990e-01
7.46537455943e-01
7.23406876647e-01
7.93636058824e-01
7.75141760700e-01
7.44224918064e-01
7.53993131806e-01
7.54843787457e-01
7.99037417633e-01
7.62991469396e-01
7.73853115212e-01
7.77361822976e-01
7.74660338432e-01
7.63222896374e-01
7.66560607377e-01
7.90035702682e-01
7.69917174623e-01
7.50009945374e-01
7.86229712972e-01
7.24971801600e-01
7.84196841862e-01
7.76335639096e-01
7.67557012464e-01
8.10981197496e-01
7.86452034702e-01
7.81656433015e-01
7.56364309870e-01
7.77086172270e-01
7.56283709024e-01
7.98232709213e-01
7.68935849624e-01
7.96568783965e-01
7.64366656332e-01
7.71975084888e-01
7.89938561545e-01
7.76573050400e-01
7.80038671493e-01
7.62580569650e-01
7.71409569353e-01
7.78669032173e-01
7.70622183339e-01
7.77595056298e-01
7.58485567420e-01
7.65860151448e-01
7.54744973638e-01
7.66063654830e-01
7.78427081730e-01
7.69182097947e-01
7.81778017342e-01
7.45168973016e-01
7.95181058047e-01
7.65511717907e-01
7.71857718339e-01
7.85483556233e-01
7.78182534979e-01
7.64830039498e-01
7.62472696004e-01
7.66199738732e-01
7.71360543386e-01
7.78720455499e-01
7.74400702902e-01
7.93413581496e-01
7.48901637400e-01
7.61861695974e-01
7.49639029811e-01
8.00780916395e-01
7.94907432461e-01
7.48680437228e-01
7.71083268163e-01
7.76388106141e-01
7.66447963303e-01
7.60364547612e-01
7.85554061368e-01
7.60617745617e-01
7.72192630197e-01
7.81335288785e-01
7.64002622006e-01
7.45593550586e-01
7.72091613752e-01
7.64873688350e-01
7.32086286966e-01
7.30730560988e-01
7.88293528878e-01
7.49615175688e-01
7.55694163783e-01
8.05677140849e-01
7.63377319503e-01
7.48048460983e-01
7.75981588296e-01
7.70164445743e-01
7.98179575412e-01
7.48793988337e-01
7.57987019895e-01
7.99543812029e-01
7.58884072043e-01
7.58650735235e-01
8.07887919677e-01
7.24832538879e-01
7.64744426065e-01
7.26737389927e-01
7.69347896896e-01