2.26639836721e+00
2.26614601146e+00
2.26587352298e+00
2.26644456143e+00
2.26607790584e+00
2.26644364552e+00
2.26583005263e+00
2.26588785028e+00
2.26619218003e+00
2.26623701047e+00
2.26622027044e+00
2.26640673358e+00
2.26643660165e+00
2.26653490351e+00
2.26610005282e+00
2.26627199024e+00
2.26601246118e+00
2.26628135482e+00
2.26594416684e+00
2.26579781708e+00
2.26633684474e+00
2.26614607465e+00
2.26620318126e+00
2.26603527840e+00
2.26646219839e+00
2.26610460777e+00
2.26600388738e+00
2.26613905668e+00
2.26594857149e+00
2.26612689315e+00
2.26600039951e+00
2.26608036884e+00
2.26611042992e+00
2.26569235970e+00
2.26626925622e+00
2.26587961804e+00
2.26594667605e+00
2.26605704163e+00
2.26550747096e+00
2.26609140137e+00
2.26587602266e+00
2.26617155975e+00
2.26625603892e+00
2.26612288265e+00
2.26597599857e+00
2.26610033661e+00
2.26623922868e+00
2.26656838334e+00
2.26580113735e+00
2.26617153243e+00
2.26621812668e+00
2.26621709091e+00
2.26612337105e+00
2.26602674979e+00
2.26633647156e+00
2.26595069694e+00
2.26594439504e+00
2.26586734975e+00
2.26643014883e+00
2.26640325336e+00
2.26584229312e+00
2.26624354678e+00
2.26589303330e+00
2.26617742941e+00
2.26617412678e+00
2.26601229069e+00
2.26637748668e+00
2.26633592332e+00
2.26596226656e+00
2.26603327072e+00
2.26615986218e+00
2.26601074062e+00
2.26607950076e+00
2.26624080828e+00
2.26640127646e+00
2.26636559195e+00
2.26658395202e+00
2.26597951522e+00
2.26646304306e+00
2.26616159386e+00
2.26642860023e+00
2.26630573477e+00
2.26597089353e+00
2.26617024196e+00
2.26605492532e+00
2.26606177537e+00
2.26616656725e+00
2.26604382662e+00
2.26616696259e+00
2.26596980125e+00
2.26601841099e+00
2.26572987329e+00
2.26594184449e+00
2.26629660754e+00
2.26629714474e+00
2.26586914561e+00
2.26642013300e+00
2.26623228633e+00
2.26622322242e+00
2.26591215778e+00
2.26615601079e+00
2.26637794377e+00
2.26598172702e+00
2.26629086401e+00
2.26570600966e+00
2.26614503755e+00
2.26623059777e+00
2.26610733674e+00
2.26608292850e+00
2.26599854810e+00
2.26624462224e+00
2.26632100244e+00
2.26628367026e+00
2.26613837037e+00
2.26615623216e+00
2.26615117766e+00
2.26628047078e+00
2.26645444218e+00
2.26631624350e+00
2.26619331004e+00
2.26638203482e+00
2.26608107478e+00
2.26625625988e+00
2.26633875557e+00
2.26618194349e+00
2.26598673046e+00
2.26601782484e+00
2.26572452133e+00
2.26603777439e+00
2.26613141049e+00
2.26615456975e+00
2.26609223436e+00
2.26631605076e+00
2.26640125329e+00
2.26610590945e+00
2.26613527704e+00
2.26614170678e+00
2.26619585825e+00
2.26628796829e+00
2.26602938947e+00
2.26587954600e+00
2.26614012840e+00
2.26590639719e+00
2.26627879848e+00
2.26607716846e+00
2.26634150423e+00
2.26592486384e+00
2.26633881140e+00
2.26657361361e+00
2.26612144726e+00
2.26637733275e+00
2.26621148012e+00
2.26633134270e+00
2.26592743874e+00
2.26600690714e+00
2.26571600668e+00
2.26609096426e+00
2.26604213270e+00
2.26612918072e+00
2.26612961998e+00
2.26607401330e+00
2.26615260277e+00
2.26617941487e+00
2.26622612807e+00
2.26632588764e+00
2.26616466594e+00
2.26586978922e+00
2.26619061183e+00
2.26610838673e+00
2.26613369725e+00
2.26629818965e+00
2.26593275782e+00
2.26609560755e+00
2.26592099170e+00
2.26607048805e+00
2.26622578035e+00
2.26609003728e+00
2.26609731637e+00
2.26620167127e+00
2.26610563529e+00
2.26637580424e+00
2.26627184279e+00
2.26610676327e+00
2.26640317715e+00
2.26642776432e+00
2.26593258414e+00
2.26627682681e+00
2.26616788917e+00
2.26615108778e+00
2.26626944357e+00
2.26670012734e+00
2.26615441983e+00
2.26620387282e+00
2.26594583246e+00
2.26602930352e+00
2.26613411864e+00
2.26638965794e+00
2.26629151757e+00
2.26624648699e+00
2.26634606042e+00
2.26634830258e+00
2.26573868285e+00
2.26606715476e+00
2.26620323349e+00
2.26642499621e+00
2.26598635003e+00
2.26605431107e+00
2.26610781520e+00
2.26636069399e+00
2.26588526501e+00
2.26638408635e+00
2.26619283691e+00
2.26603062662e+00
2.26627978792e+00
2.26632641773e+00
2.26606684958e+00
2.26576623063e+00
2.26611005595e+00
2.26600585291e+00
2.26625910477e+00
2.26577320125e+00
2.26623498103e+00
2.26635141957e+00
2.26640752816e+00
2.26616727014e+00
2.26630412545e+00
2.26629251049e+00
2.26632688225e+00
2.26648520789e+00
2.26597006851e+00
2.26617298750e+00
2.26638562832e+00
2.26577197828e+00
2.26630295478e+00
2.26612782666e+00
2.26622557075e+00
2.26623653469e+00
2.26633446065e+00
2.26625005464e+00
2.26600877008e+00
2.26601422720e+00
2.26611539008e+00
2.26609246609e+00
2.26606959485e+00
2.26600743652e+00
2.26610891344e+00
2.26609448813e+00
2.26613501858e+00
2.26593827542e+00
2.26624322575e+00
2.26600774537e+00
2.26613012108e+00
2.26624134793e+00
2.26627033395e+00
2.26600743409e+00
2.26605260076e+00
2.26620457436e+00
2.26623066908e+00
2.26612710222e+00
2.26629719613e+00
2.26628511377e+00
2.26615191547e+00
2.26639851075e+00
2.26639150553e+00
2.26598027645e+00
2.26632447583e+00
2.26592534528e+00
2.26606605613e+00
2.26637319377e+00
2.26637880910e+00
2.26606848811e+00
2.26608472603e+00
2.26622688187e+00
2.26613983139e+00
2.26576182690e+00
2.26566551836e+00
2.26623707294e+00
2.26606395812e+00
2.26646147479e+00
2.26637147538e+00
2.26610498108e+00
2.26629966421e+00
2.26611602628e+00
2.26611496922e+00
2.26611699715e+00
2.26607635686e+00
2.26608892129e+00
2.26611039865e+00
2.26621404604e+00
2.26615459298e+00
2.26612124329e+00
2.26614135035e+00
2.26598000965e+00
2.26644773924e+00
2.26593845137e+00
2.26589978300e+00
2.26611510730e+00
2.26613916633e+00
2.26608325424e+00
2.26600459795e+00
2.26621474310e+00
2.26622535466e+00
2.26596039199e+00
2.26599338090e+00
2.26591379806e+00
2.26608420635e+00
2.26630776677e+00
2.26619789720e+00
2.26628165133e+00
2.26609357006e+00
2.26582046451e+00
2.26621450610e+00
2.26589497075e+00
2.26616651530e+00
2.26632164996e+00
2.26627568046e+00
2.26621602243e+00
2.26620243844e+00
2.26626911865e+00
2.26634935819e+00
2.26600366166e+00
2.26610943189e+00
2.26610939435e+00
2.26614130524e+00
2.26646169787e+00
2.26593606633e+00
2.26595910182e+00
2.26606618533e+00
2.26637959485e+00
2.26597134144e+00
2.26620637151e+00
2.26622334125e+00
2.26578088717e+00
2.26591455920e+00
2.26621993287e+00
2.26614650176e+00
2.26595300064e+00
2.26595262248e+00
2.26590466629e+00
2.26617873135e+00
2.26613164024e+00
2.26639109203e+00
2.26610919403e+00
2.26629791555e+00
2.26612726527e+00
2.26622000945e+00
2.26649890400e+00
2.26611707968e+00
2.26594997424e+00
2.26624972736e+00
2.26626701596e+00
2.26593625541e+00
2.26615679269e+00
2.26633526973e+00
2.26609485314e+00
2.26607483087e+00
2.26630489212e+00
2.26619399525e+00
2.26636169187e+00
2.26581007942e+00
2.26612341974e+00
2.26628025990e+00
2.26630867308e+00
2.26618899563e+00
2.26613263288e+00
2.26611241614e+00
2.26603874933e+00
2.26599119072e+00
2.26593121335e+00
2.26646973792e+00
2.26601884146e+00
2.26650587897e+00
2.26606708053e+00
2.26636894770e+00
2.26612048517e+00
2.26581748537e+00
2.26632858593e+00
2.26620606380e+00
2.26582292883e+00
2.26615092008e+00
2.26615975982e+00
2.26599624543e+00
2.26604135705e+00
2.26626086733e+00
2.26603843005e+00
2.26619989139e+00
2.26620180344e+00
2.26607812058e+00
2.26659784699e+00
2.26628178592e+00
2.26591164677e+00
2.26614675176e+00
2.26616499893e+00
2.26613257901e+00
2.26632895287e+00
2.26614385751e+00
2.26633495051e+00
2.26578021127e+00
2.26590997017e+00
2.26619557554e+00
2.26606219848e+00
2.26629363251e+00
2.26623735221e+00
2.26613774945e+00
2.26603140899e+00
2.26590543365e+00
2.26620461329e+00
2.26608301650e+00
2.26617677746e+00
2.26620971219e+00
2.26616234229e+00
2.26574438845e+00
2.26616956146e+00
2.26560382989e+00
2.26619497317e+00
2.26583283632e+00
2.26600677115e+00
2.26617031857e+00
2.26636812040e+00
2.26584344571e+00
2.26622680415e+00
2.26589259518e+00
2.26621779330e+00
2.26620923006e+00
2.26624167975e+00
2.26624047275e+00
2.26591366948e+00
2.26607631641e+00
2.26608664678e+00
2.26603663893e+00
2.26595008667e+00
2.26629991194e+00
2.26618154348e+00
2.26611015332e+00
2.26646023042e+00
2.26624875832e+00
2.26595790480e+00
2.26619658273e+00
2.26610708469e+00
2.26622081609e+00
2.26603167287e+00
2.26580791843e+00
2.26611805691e+00
2.26593989442e+00
2.26618654871e+00
2.26613767501e+00
2.26638805257e+00
2.26607487166e+00
2.26599969296e+00
2.26614770900e+00
2.26594175958e+00
2.26608408835e+00
2.26587287791e+00
2.26598235983e+00
2.26595637596e+00
2.26636799840e+00
2.26623743046e+00
2.26603670882e+00
2.26624405280e+00
2.26543525868e+00
2.26567605871e+00
2.26610494000e+00
2.26615323662e+00
2.26606393212e+00
2.26615026340e+00
2.26604104770e+00
2.26628561271e+00
2.26637534151e+00
2.26626640498e+00
2.26644546629e+00
2.26640697164e+00
2.26610968608e+00
2.26583413469e+00
2.26660518605e+00
2.26581744299e+00
2.26611548358e+00
2.26604549708e+00
2.26597255597e+00
2.26602866968e+00
2.26633883206e+00
2.26651313023e+00
2.26635036974e+00
2.26623911186e+00
2.26616406348e+00
2.26603791053e+00
2.26641929350e+00
2.26640346665e+00
2.26617968594e+00
2.26631781420e+00
2.26602696191e+00
2.26626005905e+00
2.26580287918e+00
2.26625471457e+00
2.26629475123e+00
2.26652086184e+00
2.26597253856e+00
2.26595591885e+00
2.26654868595e+00
2.26599655723e+00
2.26658174818e+00
2.26614523518e+00