1.42554104344e+00
1.08545227767e+00
1.28257477215e+00
1.68244232513e+00
1.32341216103e+00
1.06635284862e+00
2.26388457320e+00
1.66940528039e+00
1.83398742195e+00
1.62763667400e+00
1.31864788610e+00
1.48933151821e+00
1.38668659028e+00
1.66588587803e+00
8.52226583260e-01
1.84576631175e+00
1.44759213298e+00
1.31038641749e+00
1.36495199629e+00
1.37475673153e+00
1.09186157728e+00
1.12180268178e+00
1.78255009262e+00
1.67618456320e+00
1.56774908679e+00
1.50591901738e+00
1.89838550824e+00
1.32918564753e+00
1.29926850315e+00
1.58763058179e+00
1.74616710124e+00
1.68251274117e+00
1.77581464379e+00
1.50196307489e+00
1.48625548548e+00
1.84552307264e+00
1.30930920880e+00
1.31256631438e+00
1.44675376761e+00
1.47163134448e+00
1.66595626354e+00
1.31931197513e+00
1.53788002441e+00
1.37948755998e+00
1.52347948035e+00
1.68048088955e+00
1.48783409001e+00
1.35399807273e+00
1.64276741635e+00
1.46815788376e+00
1.08355576201e+00
1.37514871504e+00
1.34651504359e+00
1.39964308328e+00
2.02142213294e+00
1.39645854896e+00
1.29010037958e+00
1.83939133094e+00
1.69782037112e+00
1.27228330420e+00
1.61932395371e+00
1.57567787207e+00
1.18201180831e+00
1.63324608369e+00
1.48007825720e+00
1.82223362892e+00
1.50474106746e+00
1.26339979519e+00
1.69283328808e+00
1.42612864485e+00
1.33979251900e+00
1.61206200117e+00
1.51779506859e+00
1.97315665229e+00
1.25961447626e+00
1.34569241767e+00
1.53401650629e+00
1.28207629489e+00
1.53291133819e+00
1.75212515700e+00
1.38846857612e+00
1.27222315482e+00
1.95767809359e+00
1.69428040543e+00
1.65853735464e+00
1.64781566132e+00
1.57832847293e+00
1.68606819742e+00
1.46898324031e+00
1.75895313217e+00
1.40868340647e+00
1.69359251703e+00
1.60490687754e+00
1.43301180534e+00
1.44880428520e+00
1.37054695566e+00
1.65755612991e+00
1.41226125341e+00
1.59064146006e+00
1.73060839025e+00
1.67344637579e+00
1.59539840867e+00
1.74907052725e+00
1.62013168593e+00
1.57607344840e+00
1.20132575301e+00
1.14594012328e+00
1.79066387030e+00
2.02798493883e+00
1.57433793505e+00
1.31358918263e+00
1.58240639475e+00
1.69187781094e+00
1.66448992504e+00
1.61085473850e+00
1.47887863411e+00
1.52307050766e+00
1.79133850449e+00
1.79999375226e+00
9.25292416894e-01
1.34449087303e+00
1.52613013234e+00
1.50157843423e+00
1.96082567435e+00
1.76349762601e+00
1.52995996548e+00
1.81386367258e+00
1.53995137012e+00
1.24502438946e+00
1.56759831698e+00
1.51432717490e+00
1.71330714456e+00
1.74452483493e+00
1.57169885309e+00
1.47449396064e+00
1.68990242829e+00
1.64515600503e+00
1.84982718149e+00
1.63736365614e+00
1.74711789507e+00
1.50365918027e+00
1.70493980634e+00
1.32168476091e+00
1.61371656029e+00
1.51689397699e+00
1.11245649880e+00
1.35871729784e+00
1.27171183207e+00
1.04433350033e+00
1.66848876132e+00
1.64709239786e+00
1.66967240094e+00
1.66282972871e+00
1.56963699928e+00
1.93606517139e+00
1.95153801161e+00
2.06590824969e+00
1.30658849753e+00
1.33304674256e+00
1.49226651595e+00
1.52471808078e+00
1.42027955114e+00
1.35135253930e+00
1.48239374904e+00
1.85232586472e+00
1.69917801865e+00
1.81108297825e+00
1.38754094699e+00
1.86668470765e+00
1.55279654233e+00
1.50073702937e+00
1.90712704660e+00
1.81035673492e+00
1.83752397028e+00
2.00358085241e+00
1.41005980326e+00
1.75028871738e+00
1.60324755668e+00
1.46965433794e+00
1.45257217648e+00
1.30042365617e+00
1.70188565334e+00
1.38074310548e+00
1.82564394624e+00
1.53016704213e+00
1.31599656461e+00
1.41803966778e+00
1.76779758221e+00
1.75381335263e+00
1.51260216529e+00
1.87113821718e+00
1.44489363877e+00
1.73553857914e+00
1.96716716762e+00
1.26359336609e+00
1.89433551828e+00
1.76342599471e+00
1.62453570086e+00
1.81262337019e+00
1.31781960547e+00
1.60783308109e+00
1.54179358737e+00
1.44419958748e+00
1.47869590347e+00
1.66331127094e+00
1.82246970749e+00
1.60286649859e+00
1.54551943242e+00
1.50703414536e+00
1.99604448024e+00
1.75674518964e+00
1.60855608405e+00
1.33003175585e+00
1.33218206528e+00
1.85450302511e+00
1.82450467774e+00
1.63802887364e+00
1.29724250360e+00
1.27676742784e+00
1.56873257618e+00
1.85219561963e+00
1.39304487614e+00
1.82291965007e+00
1.80594553907e+00
1.23903522706e+00
1.64078985500e+00
1.16438466393e+00
1.65597118560e+00
1.58710426981e+00
1.76503622163e+00
1.88964420083e+00
1.49699919643e+00
1.48452454791e+00
1.40765699374e+00
1.68195763284e+00
1.63792958962e+00
1.54031162429e+00
1.41228995705e+00
1.53410120734e+00
1.55636573713e+00
1.40682141562e+00
1.63396137807e+00
1.32180075419e+00
1.77587442368e+00
1.05708055925e+00
1.58921186108e+00
1.80859417581e+00
1.59763683638e+00
1.55810288252e+00
1.36785698196e+00
1.61146327561e+00
1.89108834742e+00
1.63643077247e+00
1.61058814738e+00
1.80329246827e+00
2.18768444523e+00
1.28009821317e+00
1.12791092446e+00
1.09700671784e+00
1.28555575971e+00
1.52247490877e+00
1.60860936295e+00
1.47176777275e+00
1.29238958644e+00
1.50286395346e+00
1.65551624588e+00
1.56665153426e+00
1.58131901372e+00
1.59839009542e+00
1.42008703802e+00
1.92606902685e+00
1.77205999245e+00
1.26854782550e+00
1.38365689295e+00
1.67783475122e+00
1.63214037112e+00
1.49777640464e+00
1.94397030514e+00
1.49103103005e+00
1.08373827284e+00
1.90811868984e+00
1.50757506009e+00
1.53953289685e+00
1.64394800821e+00
1.90724217243e+00
1.36193330307e+00
1.75410915480e+00
1.29925736277e+00
1.44002468381e+00
1.52932879354e+00
1.47156832935e+00
1.49277757722e+00
1.38075865666e+00
1.53567480733e+00
1.46812040342e+00
1.40927391384e+00
1.55791143567e+00
1.48304518854e+00
1.32525754053e+00
1.61003517349e+00
2.21252912523e+00
1.54535361390e+00
1.82170063250e+00
1.25257168454e+00
1.52267171888e+00
1.75806128824e+00
1.39058049890e+00
1.55887807618e+00
1.79215520495e+00
1.86163107622e+00
1.62337966453e+00
1.27809908558e+00
1.60825173815e+00
1.57692642933e+00
1.81456406044e+00
1.63188295818e+00
1.71755982045e+00
1.39344450604e+00
1.77176484731e+00
1.78023617522e+00
1.77554438136e+00
1.70759612885e+00
1.73640330892e+00
1.62291496858e+00
1.27557904708e+00
1.54544659897e+00
1.60274775951e+00
1.72691697305e+00
1.46812900122e+00
1.39555452355e+00
1.59141030092e+00
1.58966246024e+00
1.88285227510e+00
1.26203377969e+00
1.17182321102e+00
1.36697122700e+00
1.13967375821e+00
1.47566135235e+00
1.89543672838e+00
1.47936214709e+00
1.29798022347e+00
1.56709872415e+00
1.10788777497e+00
1.62678878863e+00
1.50794839411e+00
1.78689763047e+00
1.58133272979e+00
1.82369344723e+00
1.74667599852e+00
1.51230550050e+00
1.68522793192e+00
1.48622018074e+00
1.83672708099e+00
1.40200664535e+00
1.61325283528e+00
1.37436682016e+00
1.60195219476e+00
1.86759159029e+00
1.50217861045e+00
1.61766360407e+00
1.86325626414e+00
1.61838366361e+00
1.29529308420e+00
1.51726564212e+00
1.60154051436e+00
1.68538875221e+00
1.81315138728e+00
1.78307065786e+00
1.59928258608e+00
1.78534588071e+00
1.28750113949e+00
1.05014943682e+00
1.55886247598e+00
1.88109345358e+00
1.75060721111e+00
1.58409611782e+00
1.90145247285e+00
1.38062068709e+00
1.76933063914e+00
1.64093683995e+00
1.24146319075e+00
1.83057149912e+00
1.57092835554e+00
1.27934579655e+00
1.31197537184e+00
1.51596977079e+00
1.75188442353e+00
1.56100816198e+00
1.61536656583e+00
1.64968101708e+00
1.60907598906e+00
1.75471654943e+00
1.27515435758e+00
1.13710423667e+00
1.46712946418e+00
1.79595703258e+00
1.31603376679e+00
2.04575351729e+00
1.35708953947e+00
1.21899189993e+00
1.86617141251e+00
1.90391999895e+00
1.21335117893e+00
1.38375145777e+00
1.70817428833e+00
1.24486410572e+00
1.26645979293e+00
1.62784742130e+00
1.48549123755e+00
1.75825951756e+00
1.66028474511e+00
1.38167603232e+00
1.72595966583e+00
1.39982317525e+00
1.78737044909e+00
1.53405107400e+00
1.51220424185e+00
1.42864523202e+00
1.33541618254e+00
1.37647046921e+00
1.83604293441e+00
1.58683188072e+00
1.65476458973e+00
1.91309105143e+00
1.37514814197e+00
2.06172257901e+00
1.61685810521e+00
1.83003330755e+00
1.66626309803e+00
1.48741413901e+00
1.88851736130e+00
1.65635109878e+00
2.02339486307e+00
1.88981375347e+00
1.41872574101e+00
1.57784567198e+00
1.65548689537e+00
1.39109508723e+00
1.57908303235e+00
1.68171839561e+00
1.52478106878e+00
1.50893445350e+00
1.62208276364e+00
1.62209741800e+00
1.37519854924e+00
1.43423235342e+00
1.32386474306e+00
1.72065281177e+00
1.51157115414e+00
1.86477789026e+00
1.77934536548e+00
1.75565049708e+00
1.48788395101e+00
1.73066706598e+00
1.64987242944e+00
1.40534737058e+00
1.40752187014e+00
1.06230380283e+00
1.67448949955e+00
1.95371632950e+00
1.96177425022e+00
1.31254350862e+00
1.35393973922e+00
1.88940917429e+00
1.64366217279e+00
1.54792349865e+00
1.45788677508e+00
1.36441050807e+00
1.87022195991e+00
1.80113824317e+00
1.60985386353e+00
1.68994769918e+00
1.80970970874e+00
1.22549556196e+00
1.86204303280e+00
1.68850779376e+00
1.58315685513e+00
1.61220137558e+00
1.23870847202e+00
1.31030338324e+00
1.31618730720e+00
1.77460171480e+00
1.64340650561e+00
1.89673321635e+00
1.73418930873e+00
1.69965324960e+00
1.58108651511e+00
1.40935148377e+00
1.14734640453e+00
1.32750187940e+00
1.95275749492e+00
1.47883999226e+00
1.48547086396e+00
1.88411815506e+00
1.14078434858e+00
1.74416717775e+00
1.72415089273e+00
1.02048341270e+00
1.91735549111e+00
1.44613601382e+00
1.56424120803e+00