-6.22970169286e+00
-6.23353336423e+00
-6.22227016137e+00
-6.21046128513e+00
-6.19738172757e+00
-6.20702946757e+00
-6.16190688138e+00
-6.15119881011e+00
-6.17623420720e+00
-6.20263375073e+00
-6.23642096130e+00
-6.24573733232e+00
-6.23022053500e+00
-6.19654257613e+00
-6.22401992030e+00
-6.20800274807e+00
-6.18609850988e+00
-6.21790980367e+00
-6.23707053968e+00
-6.22946517046e+00
-6.25256075943e+00
-6.23480174792e+00
-6.20385870888e+00
-6.23433892582e+00
-6.23870783339e+00
-6.25669137025e+00
-6.20003489189e+00
-6.20058887973e+00
-6.18741292174e+00
-6.22079471672e+00
-6.19348579549e+00
-6.23960965509e+00
-6.24004838968e+00
-6.19583904678e+00
-6.22920549574e+00
-6.20803622782e+00
-6.23167237318e+00
-6.23233360707e+00
-6.16445437698e+00
-6.23886350026e+00
-6.20177957271e+00
-6.21764711630e+00
-6.21103364963e+00
-6.23535215608e+00
-6.21070877642e+00
-6.18706227783e+00
-6.24104795600e+00
-6.21035237991e+00
-6.23703662289e+00
-6.22022020422e+00
-6.22940590586e+00
-6.22955343427e+00
-6.17430608519e+00
-6.17678999142e+00
-6.23092172563e+00
-6.23667533734e+00
-6.20568880472e+00
-6.20019527829e+00
-6.22411416528e+00
-6.23234407819e+00
-6.19373197249e+00
-6.22966980102e+00
-6.18123050488e+00
-6.23741756834e+00
-6.23962141291e+00
-6.19696144542e+00
-6.22139693416e+00
-6.24202833191e+00
-6.20470444254e+00
-6.20242676502e+00
-6.21898601276e+00
-6.20160397393e+00
-6.20646891450e+00
-6.18201708785e+00
-6.26238607239e+00
-6.21996628738e+00
-6.20872702293e+00
-6.18416059229e+00
-6.25370851856e+00
-6.20866583096e+00
-6.22553360722e+00
-6.23418643018e+00
-6.21804697298e+00
-6.26282642752e+00
-6.20720471430e+00
-6.22096319251e+00
-6.18038525791e+00
-6.19357375821e+00
-6.19377778092e+00
-6.17835005907e+00
-6.21460088803e+00
-6.23306348647e+00
-6.19489377647e+00
-6.24126623462e+00
-6.22339530617e+00
-6.16181214019e+00
-6.20086382122e+00
-6.22287549806e+00
-6.20576674881e+00
-6.19446995123e+00
-6.21502735244e+00
-6.22897763145e+00
-6.20273125164e+00
-6.19297863509e+00
-6.18967918904e+00
-6.22288970298e+00
-6.24072508109e+00
-6.21592405768e+00
-6.17765080592e+00
-6.15716229514e+00
-6.17084408876e+00
-6.22216754836e+00
-6.19060521533e+00
-6.21778664453e+00
-6.22032064937e+00
-6.20802919305e+00
-6.24615027069e+00
-6.19152669924e+00
-6.20626975734e+00
-6.20113232601e+00
-6.20624149605e+00
-6.22874820979e+00
-6.23373070793e+00
-6.22655605502e+00
-6.21341943407e+00
-6.18909315610e+00
-6.19025457929e+00
-6.22263107988e+00
-6.20286857630e+00
-6.21210662160e+00
-6.23080441820e+00
-6.20263968127e+00
-6.25574780207e+00
-6.21118328001e+00
-6.20983197715e+00
-6.21709480723e+00
-6.20070821866e+00
-6.21340291006e+00
-6.18231889964e+00
-6.21662566457e+00
-6.19680321176e+00
-6.22349044420e+00
-6.20263439137e+00
-6.20534704824e+00
-6.19434285515e+00
-6.22159721385e+00
-6.20392680296e+00
-6.22877386005e+00
-6.23532909104e+00
-6.24314689385e+00
-6.22628684830e+00
-6.21146121912e+00
-6.24141259196e+00
-6.21984285026e+00
-6.20415903561e+00
-6.22924281225e+00
-6.21511462364e+00
-6.23795167381e+00
-6.18507836040e+00
-6.20839449815e+00
-6.23663337854e+00
-6.19430544581e+00
-6.23473029658e+00
-6.20143571934e+00
-6.20491885461e+00
-6.20540403512e+00
-6.19528161140e+00
-6.20472123618e+00
-6.22986245754e+00
-6.25254366810e+00
-6.23561347010e+00
-6.20161480113e+00
-6.20135853598e+00
-6.19356169547e+00
-6.21735321763e+00
-6.22241844347e+00
-6.20888293650e+00
-6.23684844641e+00
-6.24405314290e+00
-6.22371621851e+00
-6.24121867825e+00
-6.19335144620e+00
-6.22268647160e+00
-6.24673407339e+00
-6.21022839077e+00
-6.18961173463e+00
-6.20032259528e+00
-6.25379179569e+00
-6.21939272118e+00
-6.19487274146e+00
-6.24736713679e+00
-6.21015839778e+00
-6.21360317197e+00
-6.20178603348e+00
-6.18126271105e+00
-6.20980248394e+00
-6.19334063624e+00
-6.19550484602e+00
-6.21321337993e+00
-6.17516479947e+00
-6.21951201352e+00
-6.23703409208e+00
-6.25480025000e+00
-6.22562904196e+00
-6.21134516718e+00
-6.18781061531e+00
-6.20336865133e+00
-6.21777370291e+00
-6.20112704646e+00
-6.19954721631e+00
-6.22665617373e+00
-6.25277034069e+00
-6.19875216378e+00
-6.25195239343e+00
-6.21901764164e+00
-6.19748280997e+00
-6.19844165054e+00
-6.22387422890e+00
-6.18170650149e+00
-6.18023046554e+00
-6.20242941924e+00
-6.22996599137e+00
-6.24849305541e+00
-6.17722890323e+00
-6.21705921136e+00
-6.21462774347e+00
-6.22928376770e+00
-6.22211021533e+00
-6.26647906429e+00
-6.23837167212e+00
-6.22951399424e+00
-6.22093573049e+00
-6.18555778128e+00
-6.20608279278e+00
-6.21793637089e+00
-6.19974800973e+00
-6.22930815639e+00
-6.23376197630e+00
-6.21691319854e+00
-6.23410367354e+00
-6.20876074049e+00
-6.18150967439e+00
-6.20769717190e+00
-6.20094810183e+00
-6.24303704677e+00
-6.21252932407e+00
-6.21241273247e+00
-6.20643816796e+00
-6.23446786165e+00
-6.22736314455e+00
-6.22039421821e+00
-6.18815955969e+00
-6.24889583315e+00
-6.19439972792e+00
-6.20451818055e+00
-6.23183980143e+00
-6.17478575645e+00
-6.18370483980e+00
-6.20152324794e+00
-6.18184099674e+00
-6.21104734243e+00
-6.23771733279e+00
-6.22313028970e+00
-6.23549920616e+00
-6.20148898196e+00
-6.18842419550e+00
-6.16601267403e+00
-6.21559333513e+00
-6.26474308988e+00
-6.19357688606e+00
-6.19737327094e+00
-6.17503445729e+00
-6.23498961170e+00
-6.20538908205e+00
-6.16499290233e+00
-6.17271848167e+00
-6.18814264518e+00
-6.21963202957e+00
-6.20667632921e+00
-6.24446115786e+00
-6.19941222750e+00
-6.22147037971e+00
-6.25527434864e+00
-6.20002910737e+00
-6.20576234244e+00
-6.22221404020e+00
-6.20800676204e+00
-6.22873597447e+00
-6.23699708021e+00
-6.21167979993e+00
-6.18826265750e+00
-6.23099710525e+00
-6.21955540766e+00
-6.21479443948e+00
-6.20642740713e+00
-6.20321475220e+00
-6.20211535908e+00
-6.20470835057e+00
-6.22786040132e+00
-6.20946714094e+00
-6.22911884588e+00
-6.24423886535e+00
-6.16541364779e+00
-6.22611481564e+00
-6.19287697331e+00
-6.16581602822e+00
-6.20211513888e+00
-6.21852698117e+00
-6.24596686173e+00
-6.23124019359e+00
-6.21522650431e+00
-6.22204803545e+00
-6.20003836979e+00
-6.18867617970e+00
-6.21486405057e+00
-6.19455269503e+00
-6.21960511494e+00
-6.21611498261e+00
-6.25712403462e+00
-6.22602696543e+00
-6.20124509166e+00
-6.21686333729e+00
-6.21307561944e+00
-6.17307931207e+00
-6.22040077548e+00
-6.21354953163e+00
-6.21259806527e+00
-6.19093698628e+00
-6.21856264907e+00
-6.20635177056e+00
-6.20814051141e+00
-6.19644130798e+00
-6.20619482943e+00
-6.22929615946e+00
-6.22005931373e+00
-6.22548334191e+00
-6.20663611101e+00
-6.16710458680e+00
-6.15077177556e+00
-6.22959480457e+00
-6.17033536890e+00
-6.22522029043e+00
-6.22672960399e+00
-6.20011347036e+00
-6.17965883663e+00
-6.20525825887e+00
-6.22560834926e+00
-6.24661335123e+00
-6.19894090067e+00
-6.20696288627e+00
-6.24229410966e+00
-6.22658640082e+00
-6.22595273495e+00
-6.19038552346e+00
-6.16036126863e+00
-6.22056591796e+00
-6.20379553401e+00
-6.19354813881e+00
-6.24267008545e+00
-6.19647441849e+00
-6.22256089660e+00
-6.21554088855e+00
-6.18804677693e+00
-6.21722565507e+00
-6.19044345736e+00
-6.19963948888e+00
-6.16559022224e+00
-6.20822005728e+00
-6.22906339322e+00
-6.19814763232e+00
-6.19653800911e+00
-6.23382366828e+00
-6.22464248654e+00
-6.21032744632e+00
-6.23323706752e+00
-6.18250611549e+00
-6.21122889302e+00
-6.21916870822e+00
-6.20201959076e+00
-6.22988184707e+00
-6.26255128672e+00
-6.21663020487e+00
-6.20496415908e+00
-6.24360651901e+00
-6.21270350876e+00
-6.21576775851e+00
-6.22962098793e+00
-6.21979516667e+00
-6.23481651433e+00
-6.23096859243e+00
-6.22899946292e+00
-6.23674692311e+00
-6.20963683827e+00
-6.24841264791e+00
-6.16219183550e+00
-6.19887843011e+00
-6.20255154145e+00
-6.22053178306e+00
-6.18772285757e+00
-6.20054168843e+00
-6.20891901483e+00
-6.20572988764e+00
-6.16641043001e+00
-6.21143585070e+00
-6.21121821448e+00
-6.22332101861e+00
-6.21087354907e+00
-6.21559072346e+00
-6.22027769421e+00
-6.23014661324e+00
-6.22071435740e+00
-6.17634472347e+00
-6.19820123741e+00
-6.20702219757e+00
-6.22272370193e+00
-6.23581454521e+00
-6.20062681466e+00
-6.19798259566e+00
-6.23888426858e+00
-6.19923369125e+00
-6.21024732030e+00
-6.18826626860e+00
-6.22903891618e+00
-6.19956762790e+00
-6.20622141453e+00
-6.20246699673e+00
-6.21638363415e+00
-6.21003366127e+00
-6.19105542583e+00
-6.23746751347e+00
-6.22093899395e+00
-6.19693292318e+00
-6.20929067499e+00
-6.21607475468e+00
-6.19074518772e+00
-6.22364437461e+00
-6.19983145623e+00
-6.20032089221e+00
-6.20412110566e+00
-6.20760855565e+00
-6.20452217576e+00
-6.20345080843e+00
-6.17935647486e+00
-6.20921421004e+00
-6.22811792037e+00
-6.20265125819e+00
-6.18473246028e+00
-6.20678781769e+00
-6.19354755101e+00
-6.21271633124e+00
-6.19538352528e+00
-6.21521132819e+00
-6.20422569054e+00
-6.17450708860e+00
-6.22316633533e+00
-6.22123635554e+00
-6.20740187067e+00
-6.20997487432e+00
-6.22389722305e+00
-6.14568235880e+00
-6.22410801857e+00
-6.19971409643e+00
-6.22942910800e+00
-6.19555630562e+00
-6.17888241866e+00
-6.19704125592e+00
-6.22022150381e+00
-6.25256587840e+00
-6.19614100008e+00
-6.21418756267e+00
-6.19940834284e+00
-6.22082680567e+00
-6.20969471798e+00
-6.23582188375e+00
-6.21106633557e+00
-6.20804991596e+00
-6.21052041113e+00
-6.20903849646e+00
-6.22455882631e+00
-6.23057966573e+00
-6.20301529013e+00
-6.19653181341e+00
-6.23361071854e+00
-6.23045423128e+00
-6.19842542778e+00
-6.19617321496e+00
-6.23173414022e+00
-6.19429841229e+00
-6.21494327715e+00
-6.22876536729e+00
-6.19850260305e+00
-6.20075915007e+00
-6.22259304044e+00
-6.18662458112e+00
-6.23136334790e+00
-6.22164508576e+00
-6.17909537325e+00
-6.20379238350e+00
-6.18368197978e+00
-6.20517006726e+00
-6.21254928349e+00