1.07768174242e+01
1.08165693563e+01
1.08157535402e+01
1.07902838566e+01
1.07844929179e+01
1.08045694287e+01
1.07374334905e+01
1.07360488006e+01
1.08093414657e+01
1.07418527567e+01
1.07535905390e+01
1.08122158701e+01
1.07687137549e+01
1.08111411088e+01
1.08208435924e+01
1.08206926690e+01
1.07820531266e+01
1.08393721070e+01
1.08494182704e+01
1.08755675246e+01
1.08442821050e+01
1.07866918681e+01
1.07943924424e+01
1.07543322290e+01
1.08450352640e+01
1.08016442768e+01
1.08155545944e+01
1.07940892466e+01
1.07537018995e+01
1.08129217274e+01
1.08150933426e+01
1.08323632181e+01
1.08008815306e+01
1.07633401014e+01
1.07787932676e+01
1.08498782234e+01
1.07877320368e+01
1.08178782762e+01
1.07103139906e+01
1.07762066006e+01
1.07560584704e+01
1.08226165931e+01
1.07730067125e+01
1.07913997377e+01
1.07554378752e+01
1.07231652688e+01
1.07829398739e+01
1.07472354919e+01
1.08733690742e+01
1.07668562708e+01
1.07738157598e+01
1.07840595298e+01
1.07740727695e+01
1.07270187891e+01
1.08160432835e+01
1.07823008664e+01
1.07720951152e+01
1.08396823960e+01
1.08101783185e+01
1.08313345593e+01
1.08074259330e+01
1.07713687348e+01
1.07477496245e+01
1.07930291051e+01
1.07901531602e+01
1.08149672999e+01
1.07621990300e+01
1.07389930430e+01
1.08092491164e+01
1.07608041945e+01
1.07622105498e+01
1.07838939448e+01
1.07619154166e+01
1.08100993733e+01
1.07763502413e+01
1.08315796462e+01
1.07933035272e+01
1.07764180541e+01
1.08704858658e+01
1.07930114374e+01
1.08329523596e+01
1.07998353726e+01
1.08567749285e+01
1.08110038079e+01
1.08472092096e+01
1.07721633876e+01
1.08320472726e+01
1.07038500221e+01
1.07474130863e+01
1.07469536539e+01
1.08368494044e+01
1.08402156618e+01
1.07565785194e+01
1.08579778828e+01
1.08343759425e+01
1.08129725033e+01
1.07919163543e+01
1.07341355486e+01
1.08324985994e+01
1.07687036028e+01
1.07852579479e+01
1.07752613411e+01
1.08431862693e+01
1.08554584127e+01
1.08063865965e+01
1.08144019250e+01
1.07946667954e+01
1.08397198267e+01
1.07442122278e+01
1.07975401805e+01
1.07776721472e+01
1.08068924848e+01
1.07376640731e+01
1.07984523073e+01
1.08287136484e+01
1.07153209341e+01
1.08251021381e+01
1.08432833005e+01
1.07314133989e+01
1.08635307308e+01
1.07261383758e+01
1.08074747279e+01
1.08113881376e+01
1.07775549824e+01
1.06817146659e+01
1.07544304248e+01
1.08138092441e+01
1.07669555371e+01
1.07976781792e+01
1.08507913899e+01
1.07650861646e+01
1.07706706523e+01
1.07545312684e+01
1.07772755099e+01
1.07871561393e+01
1.07752235567e+01
1.08279444719e+01
1.07902884400e+01
1.07287695087e+01
1.08155870628e+01
1.07671140990e+01
1.07942530053e+01
1.07784594321e+01
1.07731703794e+01
1.07781357965e+01
1.08289653626e+01
1.07398730515e+01
1.08523292055e+01
1.08178602330e+01
1.07904616248e+01
1.08250930620e+01
1.08051749695e+01
1.08250645615e+01
1.08123925197e+01
1.07649001858e+01
1.09221951525e+01
1.07866534961e+01
1.08488346234e+01
1.08365062496e+01
1.07385143034e+01
1.07653527994e+01
1.07823831056e+01
1.07820271439e+01
1.07934291174e+01
1.08169035237e+01
1.07582035726e+01
1.07990081777e+01
1.07459348808e+01
1.07919607431e+01
1.09018811253e+01
1.08481642856e+01
1.08522123683e+01
1.07284601724e+01
1.08126524596e+01
1.08226292227e+01
1.07718324407e+01
1.07914914300e+01
1.07789505711e+01
1.07700301902e+01
1.07652687859e+01
1.07935917705e+01
1.07810979931e+01
1.08385280033e+01
1.07922919228e+01
1.07595467232e+01
1.07585463444e+01
1.07541257182e+01
1.08066129544e+01
1.07745177084e+01
1.07540887770e+01
1.08205943530e+01
1.07720151898e+01
1.07976771179e+01
1.08425460672e+01
1.07626063694e+01
1.08008425597e+01
1.07410422072e+01
1.08297494890e+01
1.08650139546e+01
1.07190129585e+01
1.08100180624e+01
1.08005285622e+01
1.07734839117e+01
1.07838321825e+01
1.07778951579e+01
1.07854782853e+01
1.07945629144e+01
1.07904277676e+01
1.07739458946e+01
1.07567214316e+01
1.07733773393e+01
1.08325919314e+01
1.07613879240e+01
1.07839843067e+01
1.06846829208e+01
1.08032587301e+01
1.08003279425e+01
1.08667057443e+01
1.07960418390e+01
1.07556359476e+01
1.08695766121e+01
1.08433608567e+01
1.08719925842e+01
1.07490598652e+01
1.07444274773e+01
1.07941682388e+01
1.07687747677e+01
1.08017743355e+01
1.08743284571e+01
1.07735064907e+01
1.07874541884e+01
1.07154434491e+01
1.08167671510e+01
1.07916293809e+01
1.07945180154e+01
1.07741216164e+01
1.07773048097e+01
1.07602708853e+01
1.08055744642e+01
1.07604550369e+01
1.08554708985e+01
1.07210966900e+01
1.07867467568e+01
1.08085755975e+01
1.07330976620e+01
1.07793770271e+01
1.08511577628e+01
1.07620473526e+01
1.08107197554e+01
1.08470843607e+01
1.07983315478e+01
1.07420865094e+01
1.08710411337e+01
1.07456329120e+01
1.07404478920e+01
1.08066692512e+01
1.08141078415e+01
1.08052414264e+01
1.07996157349e+01
1.07634567690e+01
1.07659825229e+01
1.08434840358e+01
1.08083284347e+01
1.08268263802e+01
1.07616523214e+01
1.07384075007e+01
1.07398791353e+01
1.07627169243e+01
1.08179941299e+01
1.08219657481e+01
1.08184338015e+01
1.07289136300e+01
1.07698338919e+01
1.07828164440e+01
1.07860400650e+01
1.07730516965e+01
1.07894365159e+01
1.07579684422e+01
1.08011912364e+01
1.08643180278e+01
1.08170027376e+01
1.08021873750e+01
1.08592539137e+01
1.08068041662e+01
1.07605386027e+01
1.08609645473e+01
1.08232054952e+01
1.07834286810e+01
1.07654618307e+01
1.08108285309e+01
1.07907914632e+01
1.08170095551e+01
1.07877604434e+01
1.07388669334e+01
1.07836283736e+01
1.07854564938e+01
1.07887316753e+01
1.07854959248e+01
1.08058344476e+01
1.08088190688e+01
1.08233659859e+01
1.08634737172e+01
1.07708278503e+01
1.07898631211e+01
1.07946677513e+01
1.07674815930e+01
1.08255702796e+01
1.07845903324e+01
1.08622067464e+01
1.07973545323e+01
1.07764703436e+01
1.08157970862e+01
1.07830794124e+01
1.08116826956e+01
1.07882865359e+01
1.07850232500e+01
1.07769092693e+01
1.08189804556e+01
1.08700467743e+01
1.08185467716e+01
1.07573512118e+01
1.07914163573e+01
1.07948296197e+01
1.08335430692e+01
1.08476213164e+01
1.07274570893e+01
1.07589436303e+01
1.07122593498e+01
1.08300657797e+01
1.08538433286e+01
1.07917514344e+01
1.08089300460e+01
1.07749960294e+01
1.07862235079e+01
1.07923855938e+01
1.07568638117e+01
1.07440109588e+01
1.07716045880e+01
1.07680635578e+01
1.07783616855e+01
1.07776004224e+01
1.07231943733e+01
1.07801078040e+01
1.08086588288e+01
1.08373358508e+01
1.08284933263e+01
1.08072038297e+01
1.08986183395e+01
1.07675551041e+01
1.08018971462e+01
1.07804094660e+01
1.08166316935e+01
1.07282934090e+01
1.07925873948e+01
1.07472632626e+01
1.07712376406e+01
1.07505302070e+01
1.07846429458e+01
1.07823897913e+01
1.07318296325e+01
1.07907923990e+01
1.07658768677e+01
1.07886509324e+01
1.08600001409e+01
1.07362160906e+01
1.07152319087e+01
1.07953722924e+01
1.07994303285e+01
1.08865581843e+01
1.07179661480e+01
1.07766883546e+01
1.08505639332e+01
1.07833185826e+01
1.07538031766e+01
1.07755948393e+01
1.07951669372e+01
1.08305955168e+01
1.08116950440e+01
1.08062202209e+01
1.08285077829e+01
1.07900089084e+01
1.08201206381e+01
1.07831306929e+01
1.07813619672e+01
1.08202081722e+01
1.07964671114e+01
1.07920555458e+01
1.08074651838e+01
1.07406562704e+01
1.08434347295e+01
1.08223996298e+01
1.08016132904e+01
1.07471500462e+01
1.07922659280e+01
1.07710705170e+01
1.08085701021e+01
1.07770789354e+01
1.08126466718e+01
1.07363060392e+01
1.07252451608e+01
1.08163063808e+01
1.08141336280e+01
1.07590694129e+01
1.06866863726e+01
1.07485375973e+01
1.07450990346e+01
1.07705592371e+01
1.07039299247e+01
1.08160685063e+01
1.07904289091e+01
1.07819775933e+01
1.07625575957e+01
1.07591220809e+01
1.07452206798e+01
1.07910982526e+01
1.07700662913e+01
1.07827279650e+01
1.08110981542e+01
1.08542059475e+01
1.08476878362e+01
1.07645597829e+01
1.07967786869e+01
1.08350229357e+01
1.08045317005e+01
1.08089919292e+01
1.07519424775e+01
1.08308481680e+01
1.07948715631e+01
1.08055932927e+01
1.08211421833e+01
1.07208847483e+01
1.07422456674e+01
1.08336211967e+01
1.07497372584e+01
1.07581083523e+01
1.08179162619e+01
1.08266216459e+01
1.07734932435e+01
1.07576478967e+01
1.08054875819e+01
1.08302467770e+01
1.08068895019e+01
1.07792128882e+01
1.08418348067e+01
1.07560070816e+01
1.08116349836e+01
1.07606711256e+01
1.07909121029e+01
1.07736791081e+01
1.08283884541e+01
1.07637419973e+01
1.07231832405e+01
1.07272422399e+01
1.07805921751e+01
1.07810755560e+01
1.07983391690e+01
1.07757483584e+01
1.07853564207e+01
1.07937755116e+01
1.07989820323e+01
1.08515018779e+01
1.07713981094e+01
1.07862764276e+01
1.07955128743e+01
1.08262501412e+01
1.07566725227e+01
1.07924370258e+01
1.08401159334e+01
1.07724534092e+01
1.07915649646e+01
1.08307564814e+01
1.08380764792e+01
1.08561551357e+01
1.07760541062e+01
1.07925402630e+01
1.08121644098e+01
1.07483784974e+01
1.07916983491e+01
1.07668612971e+01
1.08051189130e+01
1.07619359351e+01
1.08037528807e+01
1.07916400913e+01
1.08051683690e+01
1.08024809258e+01
1.07339468119e+01
1.07335275576e+01
1.07643028949e+01
1.08032171798e+01
1.08246482378e+01
1.07453157770e+01
1.08241087410e+01
1.07427108116e+01
1.07440112629e+01
1.07869138316e+01
1.08589280970e+01
1.07352371550e+01
1.07948259691e+01
1.07586286093e+01
1.07895222325e+01
1.07927494414e+01