-4.42202766898e+00
-4.42209276062e+00
-4.42072426209e+00
-4.42248764851e+00
-4.42211264843e+00
-4.42236521552e+00
-4.42106498742e+00
-4.42115516477e+00
-4.42233051748e+00
-4.42295281204e+00
-4.42197593239e+00
-4.42260639976e+00
-4.42286951296e+00
-4.42062796540e+00
-4.42169032726e+00
-4.42197007977e+00
-4.42141072647e+00
-4.42250397611e+00
-4.42206988883e+00
-4.42109654450e+00
-4.42312977609e+00
-4.42157992453e+00
-4.42179403954e+00
-4.42129185196e+00
-4.42281280237e+00
-4.42174056704e+00
-4.42137787862e+00
-4.42288238720e+00
-4.42151994818e+00
-4.42187983048e+00
-4.42289598894e+00
-4.42202393818e+00
-4.42224489934e+00
-4.42261498123e+00
-4.42234126213e+00
-4.42155970371e+00
-4.42252558126e+00
-4.42177658831e+00
-4.42149073238e+00
-4.42156457764e+00
-4.42224678416e+00
-4.42222959500e+00
-4.42194619120e+00
-4.42140920857e+00
-4.42144895287e+00
-4.42187536868e+00
-4.42138171808e+00
-4.42284666629e+00
-4.42252826124e+00
-4.42331036981e+00
-4.42207844480e+00
-4.42290541657e+00
-4.42121984081e+00
-4.42221443673e+00
-4.42127568184e+00
-4.42106539181e+00
-4.42187267873e+00
-4.42179727976e+00
-4.42256389816e+00
-4.42219579552e+00
-4.42224752528e+00
-4.42119242940e+00
-4.42176677338e+00
-4.42193455275e+00
-4.42202101882e+00
-4.42245049105e+00
-4.42096743353e+00
-4.42252587065e+00
-4.42091358571e+00
-4.42205646672e+00
-4.42228610457e+00
-4.42298139714e+00
-4.42062959356e+00
-4.42234564441e+00
-4.42121185954e+00
-4.42170011149e+00
-4.42258924008e+00
-4.42198523348e+00
-4.42321000663e+00
-4.42234894213e+00
-4.42193232950e+00
-4.42145683597e+00
-4.42130736755e+00
-4.42095246271e+00
-4.42197985261e+00
-4.42203567466e+00
-4.42116685280e+00
-4.42160283829e+00
-4.42158186838e+00
-4.42248604371e+00
-4.42079146365e+00
-4.42062181968e+00
-4.42291610947e+00
-4.42156409688e+00
-4.42212478167e+00
-4.42044126932e+00
-4.42153129349e+00
-4.42177193828e+00
-4.42100355251e+00
-4.42070988589e+00
-4.42206468328e+00
-4.42199066539e+00
-4.42165020294e+00
-4.42217060367e+00
-4.41964564224e+00
-4.42089187961e+00
-4.42252754613e+00
-4.42130601510e+00
-4.42219810926e+00
-4.42121415337e+00
-4.42227282314e+00
-4.42271722003e+00
-4.42265979229e+00
-4.41998574404e+00
-4.42115766711e+00
-4.42329222451e+00
-4.42217380719e+00
-4.42160264478e+00
-4.42184970601e+00
-4.42195403006e+00
-4.42221464171e+00
-4.42180298973e+00
-4.42200141110e+00
-4.42235277626e+00
-4.42144017422e+00
-4.42151443064e+00
-4.42219978132e+00
-4.42149491817e+00
-4.42231029961e+00
-4.42101746714e+00
-4.42210042579e+00
-4.42239490499e+00
-4.42130741132e+00
-4.42169359390e+00
-4.42171720322e+00
-4.42131233897e+00
-4.42191699975e+00
-4.42261192643e+00
-4.42144312805e+00
-4.42152479445e+00
-4.42211841342e+00
-4.42116303605e+00
-4.42180099086e+00
-4.42167446004e+00
-4.42034887772e+00
-4.42258327566e+00
-4.42142100734e+00
-4.42195914328e+00
-4.42172592913e+00
-4.42218387139e+00
-4.42276811409e+00
-4.42189790287e+00
-4.42184943236e+00
-4.42068969586e+00
-4.42209156935e+00
-4.42217374757e+00
-4.42187017884e+00
-4.42194746277e+00
-4.42013629423e+00
-4.42163970931e+00
-4.42185476892e+00
-4.42206500453e+00
-4.42171832263e+00
-4.42273571558e+00
-4.42176742414e+00
-4.42226480665e+00
-4.42229766410e+00
-4.42261598091e+00
-4.42065335692e+00
-4.42198014020e+00
-4.42201200574e+00
-4.42074313102e+00
-4.42233617281e+00
-4.42090083978e+00
-4.42247594546e+00
-4.42182806376e+00
-4.42204932545e+00
-4.42178410640e+00
-4.42347854352e+00
-4.42078470007e+00
-4.42050189461e+00
-4.41988179699e+00
-4.42166522246e+00
-4.42264350803e+00
-4.42288661043e+00
-4.42188618639e+00
-4.42192261083e+00
-4.42269936392e+00
-4.42090304611e+00
-4.42198376634e+00
-4.42108709452e+00
-4.42263527168e+00
-4.42181990170e+00
-4.42156941915e+00
-4.42219407296e+00
-4.42040860024e+00
-4.42155499435e+00
-4.42208520556e+00
-4.42287024406e+00
-4.42141230763e+00
-4.42288420478e+00
-4.42140842554e+00
-4.42190885222e+00
-4.42339819891e+00
-4.42253331352e+00
-4.42205715377e+00
-4.42009614927e+00
-4.42046947679e+00
-4.42227519596e+00
-4.42197042336e+00
-4.42182681687e+00
-4.42242518283e+00
-4.42204192743e+00
-4.42147411339e+00
-4.42140518787e+00
-4.42249783229e+00
-4.42185388325e+00
-4.42235196517e+00
-4.42219957622e+00
-4.42111532324e+00
-4.42095839814e+00
-4.42070197108e+00
-4.42191496812e+00
-4.42236575644e+00
-4.42137848641e+00
-4.42140168545e+00
-4.42267972538e+00
-4.42179180368e+00
-4.42226119771e+00
-4.42137463481e+00
-4.42187987507e+00
-4.42179890546e+00
-4.42168360916e+00
-4.42239239516e+00
-4.42344515980e+00
-4.42321567349e+00
-4.42307689493e+00
-4.42202477264e+00
-4.42220784171e+00
-4.42279909457e+00
-4.42185630271e+00
-4.42250116372e+00
-4.42265168848e+00
-4.42163141044e+00
-4.42132390644e+00
-4.42212188394e+00
-4.42119542301e+00
-4.42138055417e+00
-4.42143748240e+00
-4.42198891901e+00
-4.42189458201e+00
-4.42244448592e+00
-4.42242757076e+00
-4.42075887001e+00
-4.42066549965e+00
-4.42227134339e+00
-4.42028069130e+00
-4.42274043671e+00
-4.42104423965e+00
-4.42269517171e+00
-4.42219309620e+00
-4.42099895361e+00
-4.42142426574e+00
-4.42201794984e+00
-4.42114956261e+00
-4.42164944727e+00
-4.42250159752e+00
-4.42149112175e+00
-4.42148228003e+00
-4.42323412296e+00
-4.42113959082e+00
-4.42247400914e+00
-4.42188923905e+00
-4.42199604225e+00
-4.42279435093e+00
-4.42014736554e+00
-4.42069586703e+00
-4.42252624821e+00
-4.42288680382e+00
-4.42101159021e+00
-4.42303182936e+00
-4.42197619761e+00
-4.42169914143e+00
-4.42059657952e+00
-4.42159645155e+00
-4.42125022146e+00
-4.42148991929e+00
-4.42163361206e+00
-4.42131857316e+00
-4.42090477648e+00
-4.42152797324e+00
-4.42190747356e+00
-4.42147083449e+00
-4.42263147194e+00
-4.42147471133e+00
-4.42157258521e+00
-4.42205275694e+00
-4.42241562082e+00
-4.42132521388e+00
-4.42228244938e+00
-4.42151692922e+00
-4.42168193184e+00
-4.42186444312e+00
-4.42207679617e+00
-4.42144705936e+00
-4.42251527834e+00
-4.42157601369e+00
-4.42275208643e+00
-4.42024218785e+00
-4.42121071517e+00
-4.42229912214e+00
-4.42261272707e+00
-4.42119627849e+00
-4.42156752607e+00
-4.42167321652e+00
-4.42298383222e+00
-4.42288453543e+00
-4.42236728321e+00
-4.42236461932e+00
-4.42082245595e+00
-4.42161293030e+00
-4.42234894803e+00
-4.42123700426e+00
-4.42053577638e+00
-4.42244219259e+00
-4.42213433758e+00
-4.42172146403e+00
-4.42149347048e+00
-4.42178363252e+00
-4.42265379815e+00
-4.42322029706e+00
-4.42254686054e+00
-4.42254185296e+00
-4.42155905709e+00
-4.42076414735e+00
-4.42169988283e+00
-4.42169790831e+00
-4.42255002954e+00
-4.42128437699e+00
-4.42143072586e+00
-4.42171055498e+00
-4.42169403021e+00
-4.42245356745e+00
-4.42170991728e+00
-4.42369159821e+00
-4.42155880021e+00
-4.42176444894e+00
-4.42081258597e+00
-4.42212037269e+00
-4.42170389241e+00
-4.42165544638e+00
-4.42192562800e+00
-4.42222651253e+00
-4.42280137981e+00
-4.42030044207e+00
-4.42231116944e+00
-4.42170848306e+00
-4.42105872540e+00
-4.42231505122e+00
-4.42212839775e+00
-4.42110097674e+00
-4.42321297178e+00
-4.42193303744e+00
-4.42099240688e+00
-4.42262346335e+00
-4.42250276140e+00
-4.42229200421e+00
-4.42310832170e+00
-4.42128771841e+00
-4.42184548370e+00
-4.42214703141e+00
-4.42101947144e+00
-4.42188166357e+00
-4.42178685811e+00
-4.42289649725e+00
-4.42193733588e+00
-4.42153012408e+00
-4.42234779131e+00
-4.42295097059e+00
-4.42142125842e+00
-4.42241709300e+00
-4.42131990802e+00
-4.42215181945e+00
-4.42210609814e+00
-4.42174914907e+00
-4.42235033398e+00
-4.42252058225e+00
-4.42162853967e+00
-4.42246935501e+00
-4.42335017482e+00
-4.42159760107e+00
-4.42280279590e+00
-4.42166797304e+00
-4.42146206717e+00
-4.42174162162e+00
-4.42116699152e+00
-4.42197895312e+00
-4.42093770104e+00
-4.42252777651e+00
-4.42141854053e+00
-4.42269003902e+00
-4.42111495248e+00
-4.42268302228e+00
-4.42121867013e+00
-4.42199047446e+00
-4.42246154366e+00
-4.42149530119e+00
-4.42216894951e+00
-4.42300268784e+00
-4.42219504606e+00
-4.42218869017e+00
-4.42129257749e+00
-4.42244668591e+00
-4.42091589479e+00
-4.42188135848e+00
-4.42257071364e+00
-4.42337006668e+00
-4.42140558114e+00
-4.42276223214e+00
-4.42240101641e+00
-4.42107341372e+00
-4.42253731370e+00
-4.42096247052e+00
-4.42144909386e+00
-4.42217807498e+00
-4.42157089332e+00
-4.42172538721e+00
-4.42169651441e+00
-4.42206674610e+00
-4.42177515547e+00
-4.42190989385e+00
-4.42156936964e+00
-4.42190124030e+00
-4.42170370980e+00
-4.42187551946e+00
-4.42222176910e+00
-4.42309213680e+00
-4.42182708366e+00
-4.42153487772e+00
-4.42242735959e+00
-4.42274284495e+00
-4.42188498860e+00
-4.42147785004e+00
-4.42132278289e+00
-4.42248784525e+00
-4.42201201258e+00
-4.42213376819e+00
-4.42197205988e+00
-4.42116974961e+00
-4.42215292939e+00
-4.42278253240e+00
-4.42159936666e+00
-4.42166955862e+00
-4.42173212611e+00
-4.42174010320e+00
-4.42048205020e+00
-4.42205504747e+00
-4.42232421680e+00
-4.42227790122e+00
-4.42284161725e+00
-4.42209194032e+00
-4.42161618877e+00
-4.42180101709e+00
-4.42114301220e+00
-4.42227207631e+00
-4.42262593488e+00
-4.42288700397e+00
-4.42133895325e+00
-4.42126541708e+00
-4.42141795637e+00
-4.42290108815e+00
-4.42208321705e+00
-4.42223475156e+00
-4.42212798174e+00
-4.42159422528e+00
-4.42152833137e+00
-4.42181112919e+00
-4.42234222209e+00
-4.42283558869e+00
-4.42222966235e+00
-4.42212627378e+00
-4.42173990101e+00
-4.42099739452e+00
-4.42163398158e+00
-4.42243798750e+00
-4.42193234235e+00
-4.42143483728e+00
-4.42134479258e+00
-4.42276687758e+00
-4.42180218591e+00
-4.42334240434e+00
-4.42106581780e+00
-4.42124571351e+00
-4.42334674121e+00
-4.42239992820e+00
-4.42164833574e+00
-4.42246897224e+00
-4.42309500912e+00
-4.42178335451e+00
-4.42121659154e+00
-4.42182110925e+00