-6.67945274981e+00
-6.67199912904e+00
-6.67263831880e+00
-6.68343765611e+00
-6.68060564924e+00
-6.67874686161e+00
-6.68186047447e+00
-6.67821599919e+00
-6.67981605359e+00
-6.68418663068e+00
-6.67787731550e+00
-6.68317333316e+00
-6.67882115453e+00
-6.67918146583e+00
-6.67607207447e+00
-6.68278986173e+00
-6.68057900632e+00
-6.67984454848e+00
-6.68126517122e+00
-6.67899254071e+00
-6.68416390950e+00
-6.67444413599e+00
-6.68105483011e+00
-6.68088165291e+00
-6.68009037558e+00
-6.68169142283e+00
-6.68338464783e+00
-6.67731709324e+00
-6.67947810442e+00
-6.68279354675e+00
-6.68633069487e+00
-6.68330088148e+00
-6.68157797431e+00
-6.68662733812e+00
-6.68276134890e+00
-6.68186440455e+00
-6.68242469735e+00
-6.68046994621e+00
-6.67776470583e+00
-6.67844243635e+00
-6.68099156804e+00
-6.68223969856e+00
-6.68246384132e+00
-6.68337317684e+00
-6.68021243254e+00
-6.67827579153e+00
-6.68099958594e+00
-6.67577707370e+00
-6.68103962435e+00
-6.68129275323e+00
-6.67935788685e+00
-6.68176349914e+00
-6.67950669157e+00
-6.68189867939e+00
-6.68161494420e+00
-6.68344447832e+00
-6.68277697693e+00
-6.68018752465e+00
-6.68260099227e+00
-6.68396678267e+00
-6.68150639238e+00
-6.67910203034e+00
-6.68040627621e+00
-6.67726700115e+00
-6.67976002694e+00
-6.67889979697e+00
-6.68138067049e+00
-6.67986433846e+00
-6.67846832945e+00
-6.67758430912e+00
-6.68299716525e+00
-6.68101066986e+00
-6.68096419346e+00
-6.67617777681e+00
-6.68335481376e+00
-6.67817186433e+00
-6.68177479364e+00
-6.68004336862e+00
-6.67660534648e+00
-6.68074302955e+00
-6.67870620719e+00
-6.68080100005e+00
-6.68283211056e+00
-6.68380993484e+00
-6.68118280411e+00
-6.68353330743e+00
-6.67567862228e+00
-6.67753806671e+00
-6.68065532414e+00
-6.68422021095e+00
-6.67939628199e+00
-6.67965458181e+00
-6.67904850150e+00
-6.67695915991e+00
-6.68185197251e+00
-6.67621396586e+00
-6.67877557081e+00
-6.68188538197e+00
-6.67968013181e+00
-6.68115855389e+00
-6.67846773512e+00
-6.68138905986e+00
-6.67980759769e+00
-6.67842484635e+00
-6.67787301394e+00
-6.67538027707e+00
-6.67948573300e+00
-6.67971189459e+00
-6.67894898085e+00
-6.67611892902e+00
-6.68215258321e+00
-6.68097541671e+00
-6.68058284500e+00
-6.68043781692e+00
-6.68231931464e+00
-6.68684044383e+00
-6.68073155870e+00
-6.67574940504e+00
-6.67853505202e+00
-6.67950615096e+00
-6.67726513917e+00
-6.67681080455e+00
-6.68084881978e+00
-6.68088856124e+00
-6.67993743417e+00
-6.67808955569e+00
-6.68381259302e+00
-6.68067524073e+00
-6.68246239364e+00
-6.67679213836e+00
-6.68150067131e+00
-6.67923374463e+00
-6.67974161792e+00
-6.67866335870e+00
-6.67815155693e+00
-6.67649837522e+00
-6.68293404253e+00
-6.68193719341e+00
-6.67906185482e+00
-6.68122660155e+00
-6.68049119686e+00
-6.67763777986e+00
-6.67703038669e+00
-6.67940131174e+00
-6.67691164287e+00
-6.68512768005e+00
-6.68094743163e+00
-6.68104751218e+00
-6.67830004946e+00
-6.67862327548e+00
-6.68494506449e+00
-6.67972417269e+00
-6.68150089348e+00
-6.68129345825e+00
-6.68165742073e+00
-6.67931649510e+00
-6.68540111014e+00
-6.67995517737e+00
-6.67758185928e+00
-6.67904799966e+00
-6.67733988339e+00
-6.67999547161e+00
-6.68009718893e+00
-6.68257688699e+00
-6.68161467708e+00
-6.68532453318e+00
-6.68577295911e+00
-6.67890923096e+00
-6.67733457858e+00
-6.68529206328e+00
-6.67911916689e+00
-6.68178985703e+00
-6.68009194327e+00
-6.67824362960e+00
-6.68367736435e+00
-6.68088324932e+00
-6.67984813433e+00
-6.68384478577e+00
-6.68373647777e+00
-6.68064962551e+00
-6.68166741763e+00
-6.67664740946e+00
-6.68326839994e+00
-6.68372489868e+00
-6.68439676263e+00
-6.67912620484e+00
-6.67685224302e+00
-6.68230022468e+00
-6.67960608993e+00
-6.68038568785e+00
-6.67872542012e+00
-6.67723627041e+00
-6.67896995299e+00
-6.68023903242e+00
-6.68055493995e+00
-6.68282586829e+00
-6.68127097307e+00
-6.68178605376e+00
-6.68248090581e+00
-6.67802132768e+00
-6.68255557834e+00
-6.67659102659e+00
-6.67757505551e+00
-6.68311249793e+00
-6.68136948746e+00
-6.67252205934e+00
-6.68154122519e+00
-6.68127796857e+00
-6.68425340193e+00
-6.67819486307e+00
-6.68370166353e+00
-6.68066859830e+00
-6.68259786282e+00
-6.67896157928e+00
-6.68068088827e+00
-6.68116188013e+00
-6.68088668416e+00
-6.68087072061e+00
-6.67923976241e+00
-6.67718967586e+00
-6.67739101455e+00
-6.68222383326e+00
-6.68184560164e+00
-6.68351648083e+00
-6.67948510407e+00
-6.68122238297e+00
-6.67901494167e+00
-6.67930814292e+00
-6.67920512875e+00
-6.68189131295e+00
-6.67758728496e+00
-6.68213381035e+00
-6.67914318146e+00
-6.68137437128e+00
-6.68431018385e+00
-6.68324749159e+00
-6.68362832826e+00
-6.68073977122e+00
-6.67802596133e+00
-6.68137235193e+00
-6.68066679839e+00
-6.68293656396e+00
-6.67889544763e+00
-6.67806957713e+00
-6.68005085988e+00
-6.68143117441e+00
-6.67808530850e+00
-6.67858342934e+00
-6.68106783374e+00
-6.68113693233e+00
-6.67799726411e+00
-6.68212076870e+00
-6.68487771994e+00
-6.68175577203e+00
-6.67841208387e+00
-6.68288936994e+00
-6.67862942201e+00
-6.67721795313e+00
-6.67729170902e+00
-6.68170580660e+00
-6.68200743147e+00
-6.67965095738e+00
-6.68000257978e+00
-6.68021309843e+00
-6.67830531415e+00
-6.68026663121e+00
-6.68046249519e+00
-6.67869934161e+00
-6.67926388909e+00
-6.68508094583e+00
-6.68350580572e+00
-6.67849834198e+00
-6.68120464248e+00
-6.67476658544e+00
-6.68232673459e+00
-6.68217157613e+00
-6.67829469776e+00
-6.68635336510e+00
-6.68063065808e+00
-6.68077531418e+00
-6.68277433693e+00
-6.67890669136e+00
-6.68179774480e+00
-6.68171510575e+00
-6.68144136706e+00
-6.68153369743e+00
-6.67808029479e+00
-6.67950134485e+00
-6.67950761427e+00
-6.68011408911e+00
-6.67426264004e+00
-6.67886165853e+00
-6.68263519413e+00
-6.68178758176e+00
-6.67513514799e+00
-6.67945498423e+00
-6.68315961284e+00
-6.67940549487e+00
-6.67986646610e+00
-6.68244177944e+00
-6.68022893338e+00
-6.68104813022e+00
-6.68146178081e+00
-6.68140477080e+00
-6.67618710846e+00
-6.67774493853e+00
-6.67809985877e+00
-6.68019570523e+00
-6.67580685298e+00
-6.68209133356e+00
-6.68228378697e+00
-6.67863683121e+00
-6.67937033663e+00
-6.67916536841e+00
-6.68092321448e+00
-6.68066954752e+00
-6.68157766207e+00
-6.68045438694e+00
-6.68229141151e+00
-6.67432151210e+00
-6.67989430716e+00
-6.68021598662e+00
-6.67879009184e+00
-6.68076415734e+00
-6.68065124959e+00
-6.68135516584e+00
-6.68099651097e+00
-6.67905390349e+00
-6.67766362834e+00
-6.68205827407e+00
-6.67935478181e+00
-6.68201546966e+00
-6.68183961303e+00
-6.67809013575e+00
-6.67790601980e+00
-6.67868105290e+00
-6.67889959174e+00
-6.68008189358e+00
-6.67841312109e+00
-6.68394657042e+00
-6.67646745971e+00
-6.67926139276e+00
-6.67937234947e+00
-6.67888959634e+00
-6.68107695468e+00
-6.68220028722e+00
-6.68522810700e+00
-6.68327977212e+00
-6.68170956974e+00
-6.68032346365e+00
-6.68067535988e+00
-6.67939595477e+00
-6.67824485529e+00
-6.68141313590e+00
-6.67521072866e+00
-6.67743339207e+00
-6.67898949038e+00
-6.68095138346e+00
-6.67835507431e+00
-6.68195119373e+00
-6.67586549078e+00
-6.68507417868e+00
-6.68073331233e+00
-6.68077723118e+00
-6.68356597203e+00
-6.67796961190e+00
-6.67917575719e+00
-6.68200518831e+00
-6.67877768293e+00
-6.68202938178e+00
-6.68222374734e+00
-6.68067946453e+00
-6.68044616201e+00
-6.67772789790e+00
-6.68429752252e+00
-6.68092499415e+00
-6.67997546801e+00
-6.67712136476e+00
-6.68126155935e+00
-6.68087765148e+00
-6.67736464447e+00
-6.67485910228e+00
-6.68189915552e+00
-6.67798908581e+00
-6.68022442661e+00
-6.67954638219e+00
-6.68414166510e+00
-6.68091579162e+00
-6.68445149220e+00
-6.68193186186e+00
-6.67864589921e+00
-6.68168299887e+00
-6.68088815897e+00
-6.67793056995e+00
-6.67865082415e+00
-6.68119172071e+00
-6.68137100273e+00
-6.68098462366e+00
-6.68372990401e+00
-6.67698262346e+00
-6.67671068215e+00
-6.68064523501e+00
-6.67920348310e+00
-6.68263162729e+00
-6.68046811020e+00
-6.68242465069e+00
-6.68405085622e+00
-6.67846067877e+00
-6.67927892161e+00
-6.68067277644e+00
-6.68020269946e+00
-6.67869331145e+00
-6.67931782727e+00
-6.68301481290e+00
-6.68136484430e+00
-6.68206167984e+00
-6.68189729288e+00
-6.67349097583e+00
-6.68076474445e+00
-6.68031995619e+00
-6.67982376231e+00
-6.67939793595e+00
-6.67462720728e+00
-6.68071419581e+00
-6.67935902150e+00
-6.67967235843e+00
-6.67730586917e+00
-6.68306706267e+00
-6.68396686077e+00
-6.68267862704e+00
-6.68399213335e+00
-6.68072809985e+00
-6.67712276629e+00
-6.68212964460e+00
-6.67797944137e+00
-6.68048653275e+00
-6.68415245774e+00
-6.67972622375e+00
-6.67961650955e+00
-6.68114248397e+00
-6.68174149402e+00
-6.68162140666e+00
-6.68331774791e+00
-6.67867438631e+00
-6.68142106638e+00
-6.67819758327e+00
-6.67843723332e+00
-6.68264226191e+00
-6.67811190215e+00
-6.68018778619e+00
-6.68050618281e+00
-6.67936413080e+00
-6.68268871638e+00
-6.67977408607e+00
-6.68013764844e+00
-6.67785979220e+00
-6.67974181735e+00
-6.68300204851e+00
-6.68019172048e+00
-6.68106541717e+00
-6.68446031333e+00
-6.68492899751e+00
-6.67741437604e+00
-6.68221621558e+00
-6.68030313710e+00
-6.68319116345e+00
-6.68053864569e+00
-6.67804283270e+00
-6.67949760565e+00
-6.67843590006e+00
-6.68213470117e+00
-6.68338033370e+00
-6.68596454189e+00
-6.68055601977e+00
-6.68086757077e+00
-6.67801118772e+00
-6.68262690590e+00
-6.68370034047e+00
-6.67908920073e+00
-6.68360315403e+00
-6.68197888105e+00
-6.68116763150e+00
-6.68256794497e+00
-6.68055523671e+00
-6.67918282589e+00
-6.67994689284e+00
-6.68110818438e+00
-6.67920294573e+00
-6.68086746729e+00
-6.67851453781e+00
-6.68446138531e+00
-6.67873301748e+00
-6.67772536494e+00
-6.68442355984e+00
-6.68577281085e+00
-6.68048273652e+00
-6.67944354497e+00
-6.68212721765e+00
-6.67942244648e+00
-6.67959515801e+00
-6.68040423966e+00