-6.66683247936e+00
-6.66061462150e+00
-6.66399259370e+00
-6.66472867519e+00
-6.66634709487e+00
-6.66289919383e+00
-6.66665946612e+00
-6.66804691780e+00
-6.66780842846e+00
-6.66612313869e+00
-6.66344336973e+00
-6.67085224271e+00
-6.66621065175e+00
-6.66777657865e+00
-6.66474481132e+00
-6.66630688171e+00
-6.66595030361e+00
-6.66209957585e+00
-6.66801287221e+00
-6.66513244447e+00
-6.66787841204e+00
-6.66644973433e+00
-6.66583220579e+00
-6.66712282724e+00
-6.66520134333e+00
-6.66690407008e+00
-6.66818374574e+00
-6.66683220966e+00
-6.66747856458e+00
-6.66581877526e+00
-6.67003448517e+00
-6.66565878883e+00
-6.66370725629e+00
-6.66731544667e+00
-6.66733036872e+00
-6.66436070526e+00
-6.66729230849e+00
-6.66540131965e+00
-6.66369947858e+00
-6.66187381905e+00
-6.66405574438e+00
-6.67003354824e+00
-6.66603153427e+00
-6.67199602523e+00
-6.66737369565e+00
-6.66379750932e+00
-6.66976805863e+00
-6.66332647759e+00
-6.66656821599e+00
-6.66501112042e+00
-6.66301610674e+00
-6.66709303414e+00
-6.65889295531e+00
-6.66592804814e+00
-6.66839122175e+00
-6.67125170692e+00
-6.66812181525e+00
-6.66308009385e+00
-6.66834156832e+00
-6.66875024992e+00
-6.66071843595e+00
-6.66658594719e+00
-6.66125838175e+00
-6.66412292300e+00
-6.66565729476e+00
-6.66065037136e+00
-6.66613630815e+00
-6.66227407708e+00
-6.66654526958e+00
-6.66436263386e+00
-6.66911113931e+00
-6.66457286310e+00
-6.66557646312e+00
-6.66749274885e+00
-6.66394925913e+00
-6.66222975314e+00
-6.66934919765e+00
-6.66682536172e+00
-6.66431124744e+00
-6.66461741200e+00
-6.66858145459e+00
-6.66930594906e+00
-6.66723970763e+00
-6.66749494328e+00
-6.66354684378e+00
-6.66480099958e+00
-6.66571227106e+00
-6.66057309490e+00
-6.66629115028e+00
-6.67075423015e+00
-6.66360987997e+00
-6.66304308782e+00
-6.66341341758e+00
-6.66252269446e+00
-6.66953973466e+00
-6.66372546374e+00
-6.66546566820e+00
-6.66623615649e+00
-6.67215131725e+00
-6.66311573718e+00
-6.66523810939e+00
-6.66361768819e+00
-6.66950383047e+00
-6.66303112200e+00
-6.66354655865e+00
-6.66314292374e+00
-6.66789154661e+00
-6.66844637025e+00
-6.66529623245e+00
-6.66309406006e+00
-6.66761616996e+00
-6.66424491476e+00
-6.66610552223e+00
-6.66433954907e+00
-6.66685778454e+00
-6.67151751795e+00
-6.66570229752e+00
-6.66723615261e+00
-6.66293073226e+00
-6.66495941723e+00
-6.66646577868e+00
-6.66289422482e+00
-6.66474066484e+00
-6.66750241249e+00
-6.66132180728e+00
-6.66238474741e+00
-6.66694902051e+00
-6.66741044984e+00
-6.67045824087e+00
-6.66094263807e+00
-6.66232973889e+00
-6.66352610870e+00
-6.66407054571e+00
-6.66613344171e+00
-6.66434085489e+00
-6.66406745606e+00
-6.66950486954e+00
-6.66635410669e+00
-6.66838830042e+00
-6.66463571954e+00
-6.66540826722e+00
-6.66196109385e+00
-6.66475357334e+00
-6.66956202115e+00
-6.66278328146e+00
-6.67064329441e+00
-6.66084058649e+00
-6.66569097808e+00
-6.66323866996e+00
-6.66122176070e+00
-6.66713029643e+00
-6.66687371100e+00
-6.66148403082e+00
-6.66467733580e+00
-6.66495174108e+00
-6.66551660159e+00
-6.66373382821e+00
-6.66740199483e+00
-6.66476854028e+00
-6.66738413427e+00
-6.66569541453e+00
-6.66725794540e+00
-6.66334121058e+00
-6.66846450519e+00
-6.66746427205e+00
-6.66719849357e+00
-6.66989292499e+00
-6.66381712140e+00
-6.66351856059e+00
-6.66994314812e+00
-6.66623140192e+00
-6.66545540010e+00
-6.66604084297e+00
-6.66410212037e+00
-6.66246874894e+00
-6.66506842688e+00
-6.66908974668e+00
-6.66822452763e+00
-6.67182133502e+00
-6.66479265204e+00
-6.66780089962e+00
-6.66493947007e+00
-6.66807002582e+00
-6.66832123714e+00
-6.66334988342e+00
-6.66960823944e+00
-6.66338114433e+00
-6.67178617424e+00
-6.66181232305e+00
-6.66375331660e+00
-6.66597138148e+00
-6.66659027628e+00
-6.66351485789e+00
-6.66518701113e+00
-6.66345992199e+00
-6.66401485988e+00
-6.66241585461e+00
-6.66780972633e+00
-6.66882139896e+00
-6.66861402292e+00
-6.66205009430e+00
-6.66228010742e+00
-6.66190623675e+00
-6.66433759595e+00
-6.66481214768e+00
-6.65907818557e+00
-6.66716322854e+00
-6.66762422966e+00
-6.66650593126e+00
-6.66426098277e+00
-6.66367989162e+00
-6.66448719550e+00
-6.66721802644e+00
-6.66536591816e+00
-6.66795388620e+00
-6.66414826964e+00
-6.66895062909e+00
-6.66768911249e+00
-6.66827013765e+00
-6.66721104945e+00
-6.66439668041e+00
-6.66968053158e+00
-6.66518830892e+00
-6.66356982203e+00
-6.66101196537e+00
-6.66653367354e+00
-6.66444870345e+00
-6.66265473781e+00
-6.67000095998e+00
-6.66605558134e+00
-6.66296950250e+00
-6.66587614094e+00
-6.66296600199e+00
-6.66773377245e+00
-6.66672365014e+00
-6.66472266105e+00
-6.66664500068e+00
-6.66664074816e+00
-6.66162887028e+00
-6.66509876321e+00
-6.66158811532e+00
-6.66421644466e+00
-6.66345035339e+00
-6.66186221635e+00
-6.66835280093e+00
-6.66506161805e+00
-6.66534631900e+00
-6.66830343944e+00
-6.66837247854e+00
-6.66478817892e+00
-6.66235038269e+00
-6.66394699542e+00
-6.66433917804e+00
-6.66246157731e+00
-6.66316634039e+00
-6.66701216669e+00
-6.66953601880e+00
-6.66349279275e+00
-6.66479944906e+00
-6.66774450880e+00
-6.66833179549e+00
-6.66793211522e+00
-6.66110498632e+00
-6.66645033426e+00
-6.66171310153e+00
-6.67100736071e+00
-6.66390184730e+00
-6.66502977902e+00
-6.66901214236e+00
-6.66976691364e+00
-6.66430334910e+00
-6.66526989449e+00
-6.66546338788e+00
-6.66600680308e+00
-6.66740039471e+00
-6.66677051783e+00
-6.66406980586e+00
-6.67278018681e+00
-6.66857089913e+00
-6.66439740374e+00
-6.66776797868e+00
-6.66703097190e+00
-6.66477142234e+00
-6.67142755045e+00
-6.66994858868e+00
-6.66486438730e+00
-6.66761136515e+00
-6.66917310338e+00
-6.66241787816e+00
-6.66638871773e+00
-6.66452692358e+00
-6.66755267240e+00
-6.66157395165e+00
-6.66786969279e+00
-6.66081444966e+00
-6.66784580856e+00
-6.66858514228e+00
-6.66818008847e+00
-6.66707323028e+00
-6.66755443221e+00
-6.66849293872e+00
-6.66617355593e+00
-6.67163248515e+00
-6.66865782328e+00
-6.66216029726e+00
-6.66138382916e+00
-6.66211470171e+00
-6.66734521161e+00
-6.66328230036e+00
-6.66694486747e+00
-6.66493691949e+00
-6.66110169272e+00
-6.66451184749e+00
-6.66741958015e+00
-6.66411940816e+00
-6.66283679844e+00
-6.66434692732e+00
-6.66632615838e+00
-6.66682302894e+00
-6.66461641902e+00
-6.66185852784e+00
-6.66302586553e+00
-6.66572938520e+00
-6.66518371867e+00
-6.66621925411e+00
-6.66699178046e+00
-6.66378708093e+00
-6.66672075225e+00
-6.66482894932e+00
-6.66426484347e+00
-6.66517279223e+00
-6.66514160610e+00
-6.66245546599e+00
-6.67078093351e+00
-6.66273795926e+00
-6.66686893249e+00
-6.66271525319e+00
-6.66266261130e+00
-6.66737523450e+00
-6.66838298712e+00
-6.66465461763e+00
-6.66813829760e+00
-6.66682828756e+00
-6.66699664760e+00
-6.66619193197e+00
-6.66940726965e+00
-6.66655900411e+00
-6.66921995263e+00
-6.66675506196e+00
-6.66686481081e+00
-6.66862711569e+00
-6.67171994738e+00
-6.66696808805e+00
-6.66697981303e+00
-6.66721785876e+00
-6.66542097148e+00
-6.66351108691e+00
-6.66678959768e+00
-6.66356904757e+00
-6.66402228683e+00
-6.66124754082e+00
-6.67063647135e+00
-6.66906653325e+00
-6.66418071171e+00
-6.66297735833e+00
-6.66966274826e+00
-6.66282037650e+00
-6.66524228144e+00
-6.66131052624e+00
-6.66361842769e+00
-6.66639037147e+00
-6.67052242804e+00
-6.66820636847e+00
-6.66556100688e+00
-6.66631487496e+00
-6.66666907345e+00
-6.66666222915e+00
-6.66415861326e+00
-6.66808897270e+00
-6.66184000526e+00
-6.65868076861e+00
-6.66436576974e+00
-6.66526098673e+00
-6.66076765313e+00
-6.66312626083e+00
-6.66218431457e+00
-6.66438778106e+00
-6.66685780096e+00
-6.66527389746e+00
-6.66533089563e+00
-6.66011140615e+00
-6.66791583638e+00
-6.67020047284e+00
-6.66293580705e+00
-6.66750172020e+00
-6.66601392398e+00
-6.66491532685e+00
-6.66448506939e+00
-6.67368878360e+00
-6.67171582226e+00
-6.66190773856e+00
-6.66358169536e+00
-6.66340674664e+00
-6.67004073209e+00
-6.66288719455e+00
-6.66536487679e+00
-6.66683390962e+00
-6.66183669314e+00
-6.66513714232e+00
-6.66481489634e+00
-6.66286165056e+00
-6.66238883493e+00
-6.66193364966e+00
-6.66806881400e+00
-6.66488931562e+00
-6.66901762522e+00
-6.66503217753e+00
-6.66288598005e+00
-6.66160247011e+00
-6.66468988068e+00
-6.66486613418e+00
-6.66492430365e+00
-6.66098817378e+00
-6.66597467781e+00
-6.66721706743e+00
-6.66910780227e+00
-6.66549630671e+00
-6.66452180839e+00
-6.66086073185e+00
-6.66528625552e+00
-6.66991592369e+00
-6.66524980495e+00
-6.66100793910e+00
-6.66207426231e+00
-6.66122019949e+00
-6.66394004889e+00
-6.66528107313e+00
-6.66132393962e+00
-6.66838053505e+00
-6.67080591846e+00
-6.66420504832e+00
-6.66475360789e+00
-6.67025803386e+00
-6.66523740695e+00
-6.66918923702e+00
-6.66181005156e+00
-6.66220275306e+00
-6.67159456322e+00
-6.66376611623e+00
-6.66462177946e+00
-6.66257024085e+00
-6.66800534733e+00
-6.66261879923e+00
-6.66867358145e+00
-6.66542528358e+00
-6.66560919974e+00
-6.66474679802e+00
-6.66410964520e+00
-6.66987389738e+00
-6.66610571259e+00
-6.66923789186e+00
-6.67340084596e+00
-6.66743109531e+00
-6.67007077850e+00
-6.66462660073e+00
-6.66517776849e+00
-6.66144057423e+00
-6.66691766957e+00
-6.66770309171e+00
-6.66949057578e+00
-6.66564414465e+00
-6.66600013133e+00
-6.66360522434e+00
-6.66430677393e+00
-6.66184584984e+00
-6.66540563695e+00
-6.66942482812e+00
-6.66450747487e+00
-6.66307427168e+00
-6.66569806127e+00
-6.66558663936e+00
-6.66683576650e+00
-6.66689176776e+00
-6.66498474959e+00
-6.66055973175e+00
-6.66630454400e+00
-6.66710461222e+00
-6.66835612293e+00
-6.66345009657e+00
-6.66382718290e+00
-6.66919806553e+00
-6.66022229940e+00
-6.66558101333e+00
-6.66898946621e+00
-6.66803243557e+00
-6.66566636627e+00
-6.66181802919e+00
-6.66580776739e+00
-6.67149978555e+00
-6.66314818972e+00
-6.66568043654e+00