1.06322454272e+00
1.06295778866e+00
1.06439558601e+00
1.06475710311e+00
1.06525326153e+00
1.06530792965e+00
1.06369884752e+00
1.06437044244e+00
1.06451211298e+00
1.06485015085e+00
1.06286388833e+00
1.06442195527e+00
1.06292825402e+00
1.06437220126e+00
1.06235237017e+00
1.06446441933e+00
1.06426101570e+00
1.06545858015e+00
1.06545965617e+00
1.06296161480e+00
1.06413660704e+00
1.06656215343e+00
1.06206850643e+00
1.06249570361e+00
1.06426462325e+00
1.06216838283e+00
1.06445886116e+00
1.06472698027e+00
1.06592203446e+00
1.06212722369e+00
1.06288281840e+00
1.06321866025e+00
1.06466851855e+00
1.06073812872e+00
1.06260733108e+00
1.06236330332e+00
1.06736778560e+00
1.06401834894e+00
1.06418242432e+00
1.06296327677e+00
1.06212837162e+00
1.06575232067e+00
1.06475718971e+00
1.06366181461e+00
1.06237794132e+00
1.06553962745e+00
1.06370329443e+00
1.06280114811e+00
1.06162369908e+00
1.06271576739e+00
1.06578811932e+00
1.06564845930e+00
1.06378350743e+00
1.06177354469e+00
1.06415748306e+00
1.06336438271e+00
1.06462719133e+00
1.06606775754e+00
1.06363045505e+00
1.06446409456e+00
1.06434567189e+00
1.06341178386e+00
1.06828893448e+00
1.06287004115e+00
1.06554447209e+00
1.06359840501e+00
1.06358185530e+00
1.06547039010e+00
1.06231602527e+00
1.06472224724e+00
1.06308650661e+00
1.06383586415e+00
1.06480962601e+00
1.06368223970e+00
1.05845514306e+00
1.06455395942e+00
1.06377989778e+00
1.06281858315e+00
1.06478450936e+00
1.06409201597e+00
1.06578968788e+00
1.06363488357e+00
1.06361657013e+00
1.06389692774e+00
1.06438156806e+00
1.06383830631e+00
1.06242362329e+00
1.06411931753e+00
1.06416446312e+00
1.06231280608e+00
1.06477328507e+00
1.06589165246e+00
1.06271954636e+00
1.06462299428e+00
1.06448107765e+00
1.06470125454e+00
1.06349341394e+00
1.06519602272e+00
1.06262331425e+00
1.06216727515e+00
1.06679162442e+00
1.06360654916e+00
1.06174338670e+00
1.06080804153e+00
1.06241516096e+00
1.06567318614e+00
1.06404836758e+00
1.06231613433e+00
1.06354691896e+00
1.06393826234e+00
1.06267041451e+00
1.06052621410e+00
1.06362811783e+00
1.06391027307e+00
1.06610235482e+00
1.06372989505e+00
1.06429047909e+00
1.06277718595e+00
1.06575493289e+00
1.06662706451e+00
1.06524875815e+00
1.06346421243e+00
1.06205560134e+00
1.06632716814e+00
1.06503608703e+00
1.06599928378e+00
1.06385805118e+00
1.06546675476e+00
1.06284794919e+00
1.06258869282e+00
1.06757846296e+00
1.06311878024e+00
1.06573639777e+00
1.06479113181e+00
1.06571003105e+00
1.06426638146e+00
1.06521625466e+00
1.06218387241e+00
1.06445514979e+00
1.06513110688e+00
1.06712373880e+00
1.06170981829e+00
1.06413806972e+00
1.06534665574e+00
1.06209853495e+00
1.06302842727e+00
1.06537977034e+00
1.06423682260e+00
1.06352622441e+00
1.06591685851e+00
1.06456593851e+00
1.06492678268e+00
1.06410059607e+00
1.06680857352e+00
1.06507714171e+00
1.06312700243e+00
1.06376539452e+00
1.06659161708e+00
1.06418178114e+00
1.06592962308e+00
1.06324787262e+00
1.06425055959e+00
1.06382001146e+00
1.06601281188e+00
1.06178515576e+00
1.06352653653e+00
1.06568174137e+00
1.06496877206e+00
1.06719184871e+00
1.06303128941e+00
1.06581859267e+00
1.06315351263e+00
1.06441487785e+00
1.06466534405e+00
1.06759355424e+00
1.06339261880e+00
1.06404460966e+00
1.06394661684e+00
1.06670908939e+00
1.06466812777e+00
1.06291455313e+00
1.06204803321e+00
1.06271243817e+00
1.06385662930e+00
1.06063108283e+00
1.06284784497e+00
1.06348265105e+00
1.06175932989e+00
1.06675940143e+00
1.06246696912e+00
1.06293978088e+00
1.06143018146e+00
1.06173918323e+00
1.06247626872e+00
1.06533473541e+00
1.06271818662e+00
1.06389615591e+00
1.06336580853e+00
1.06514440094e+00
1.06254776688e+00
1.06517112412e+00
1.06482840987e+00
1.06454074113e+00
1.05965838095e+00
1.06457898429e+00
1.06417283222e+00
1.06320887270e+00
1.06086725990e+00
1.06713427613e+00
1.06655715811e+00
1.06209184979e+00
1.06639833584e+00
1.06433652695e+00
1.06625249297e+00
1.06411164596e+00
1.06644110396e+00
1.06131174004e+00
1.06350599279e+00
1.06188650222e+00
1.06229290341e+00
1.06538559360e+00
1.06453715416e+00
1.06261259636e+00
1.06651386846e+00
1.06413908173e+00
1.06326910315e+00
1.06390800496e+00
1.06443391622e+00
1.06333072585e+00
1.06457522216e+00
1.06137781695e+00
1.06598172530e+00
1.06506892033e+00
1.06466668893e+00
1.06469077172e+00
1.06592364924e+00
1.06358302586e+00
1.06298989056e+00
1.06418867840e+00
1.06841420222e+00
1.06590139670e+00
1.06245519987e+00
1.06590053767e+00
1.06379355400e+00
1.06195355730e+00
1.06437032824e+00
1.06658743232e+00
1.06347443937e+00
1.06203145417e+00
1.06375874595e+00
1.06163126392e+00
1.06292720073e+00
1.06461547274e+00
1.06261239006e+00
1.06551578717e+00
1.06203131782e+00
1.06419990239e+00
1.06358993321e+00
1.06139073919e+00
1.06545284339e+00
1.06582890111e+00
1.06092081303e+00
1.06578588780e+00
1.06470290057e+00
1.06334086462e+00
1.06475111877e+00
1.06358241224e+00
1.06341669698e+00
1.06515317622e+00
1.06305179787e+00
1.06192198301e+00
1.06614099395e+00
1.06425966218e+00
1.06532267853e+00
1.06386157442e+00
1.06358522481e+00
1.06279198286e+00
1.06792654047e+00
1.06400857682e+00
1.06411235774e+00
1.06455876282e+00
1.06359535527e+00
1.06335661031e+00
1.06410831916e+00
1.06561106271e+00
1.05871033146e+00
1.06073483057e+00
1.06600471095e+00
1.05943193758e+00
1.06332080536e+00
1.06450442373e+00
1.06567453535e+00
1.06345734743e+00
1.06585070681e+00
1.06353935993e+00
1.06734770151e+00
1.06187898408e+00
1.06523447674e+00
1.06278178412e+00
1.06258647713e+00
1.06232956377e+00
1.06601718149e+00
1.06670105431e+00
1.06410342749e+00
1.06671984899e+00
1.06225678968e+00
1.06557256071e+00
1.06333961212e+00
1.06671132835e+00
1.06391834592e+00
1.06643911196e+00
1.06814754691e+00
1.06206181728e+00
1.06249356787e+00
1.06313730682e+00
1.06311549765e+00
1.06457536765e+00
1.06263312406e+00
1.06076831835e+00
1.06229410600e+00
1.06491630192e+00
1.06509869648e+00
1.06703119421e+00
1.06278785744e+00
1.06551547518e+00
1.06382160904e+00
1.06359760407e+00
1.06441897036e+00
1.06244596978e+00
1.06509685779e+00
1.06363745841e+00
1.06411001929e+00
1.06510220313e+00
1.06625942618e+00
1.06285145359e+00
1.06207990291e+00
1.06560917573e+00
1.06408234012e+00
1.06446095655e+00
1.06453113734e+00
1.06217458705e+00
1.06384192890e+00
1.06541043375e+00
1.06529820159e+00
1.06184933858e+00
1.06317541670e+00
1.06249153804e+00
1.06407767611e+00
1.06583867227e+00
1.06561094226e+00
1.06375698187e+00
1.06311677800e+00
1.06430700168e+00
1.06287534210e+00
1.06654092572e+00
1.06610725444e+00
1.06130571600e+00
1.06256145384e+00
1.06002279043e+00
1.06479469795e+00
1.06471863910e+00
1.06310257665e+00
1.06541911037e+00
1.06413052626e+00
1.06037460318e+00
1.06557879413e+00
1.06268406909e+00
1.06351440050e+00
1.06377903436e+00
1.06237810946e+00
1.06694690387e+00
1.06391938364e+00
1.06495183055e+00
1.06285735220e+00
1.06145695167e+00
1.06439097121e+00
1.06430456507e+00
1.06611683443e+00
1.06526578233e+00
1.06433250646e+00
1.06321507926e+00
1.06317418918e+00
1.06485977187e+00
1.06514519960e+00
1.06052211446e+00
1.06608715089e+00
1.06445924669e+00
1.06285269445e+00
1.06262916962e+00
1.06387201419e+00
1.06338321633e+00
1.06300834749e+00
1.06289730766e+00
1.06256836534e+00
1.06306654067e+00
1.06128724601e+00
1.06374799337e+00
1.06520252425e+00
1.06260125752e+00
1.06131272107e+00
1.06271473900e+00
1.06749103226e+00
1.06567506331e+00
1.06091143812e+00
1.06398831299e+00
1.06367195253e+00
1.06459946020e+00
1.06673475854e+00
1.06118697712e+00
1.06456969665e+00
1.06446766459e+00
1.06660783204e+00
1.06601633304e+00
1.06491864970e+00
1.06566946524e+00
1.06656256416e+00
1.06353072136e+00
1.06612541739e+00
1.06234782591e+00
1.06528959976e+00
1.06195965742e+00
1.06283477020e+00
1.06262572773e+00
1.06365169000e+00
1.06689278532e+00
1.06202093888e+00
1.06451578377e+00
1.06258088940e+00
1.06528055719e+00
1.06323304093e+00
1.06411446415e+00
1.06632707453e+00
1.06467806661e+00
1.06536864462e+00
1.06210795117e+00
1.06204779060e+00
1.06676681106e+00
1.06244382453e+00
1.06234299578e+00
1.06722845332e+00
1.06519088385e+00
1.06654947571e+00
1.06447274189e+00
1.06217017162e+00
1.06253855087e+00
1.06672673646e+00
1.06380695505e+00
1.06173287003e+00
1.06641652656e+00
1.06176934813e+00
1.06310855870e+00
1.06629015140e+00
1.06697492943e+00
1.06486092825e+00
1.06452704273e+00
1.06665312931e+00
1.06565611922e+00
1.06358909958e+00
1.06315747986e+00
1.06653470568e+00
1.06580119715e+00
1.06809272947e+00
1.06603644942e+00
1.06715342056e+00
1.06512198250e+00
1.06521451761e+00
1.06449686779e+00
1.06339596199e+00
1.06640658684e+00
1.06659046461e+00
1.06458487464e+00
1.06150826516e+00
1.06311008438e+00
1.06360612460e+00
1.06695724597e+00
1.06467702817e+00
1.06502390217e+00
1.06714890327e+00
1.06496268268e+00
1.06435518455e+00
1.06385543928e+00
1.06250634681e+00
1.06243673395e+00
1.06222557918e+00
1.06489696555e+00
1.06218699228e+00
1.06326387541e+00
1.06475947072e+00
1.06490385488e+00
1.06357104647e+00
1.06273206934e+00
1.06395611345e+00
1.06359575012e+00
1.06223066945e+00
1.06202505320e+00
1.06443600679e+00
1.06528836557e+00
1.06613165173e+00
1.06320523110e+00
1.06221941449e+00
1.06412090503e+00