5.24429865828e+00
5.24183460185e+00
5.24313835864e+00
5.24423133618e+00
5.24379626622e+00
5.24313123117e+00
5.24195213502e+00
5.24245601622e+00
5.24444381152e+00
5.24227259698e+00
5.24214026566e+00
5.24042096285e+00
5.24380585364e+00
5.24377405214e+00
5.24033495696e+00
5.24161795354e+00
5.24203187737e+00
5.24431151969e+00
5.24152299394e+00
5.24556562813e+00
5.24195602785e+00
5.24172648483e+00
5.24171901728e+00
5.24394899597e+00
5.24247305458e+00
5.24286170635e+00
5.24437133461e+00
5.24663081768e+00
5.24266526741e+00
5.24140169891e+00
5.24263583906e+00
5.24094700470e+00
5.24492621252e+00
5.24214997296e+00
5.24287821310e+00
5.24357281149e+00
5.24279663064e+00
5.24558645751e+00
5.24300975831e+00
5.24301288267e+00
5.24267115887e+00
5.24317755750e+00
5.24277875844e+00
5.24119147380e+00
5.24279394866e+00
5.24179473716e+00
5.24383384445e+00
5.23969340137e+00
5.24250567243e+00
5.24289702155e+00
5.24412160679e+00
5.24067480639e+00
5.24411509902e+00
5.24198051474e+00
5.24398998072e+00
5.24261718258e+00
5.23952290028e+00
5.24502183932e+00
5.24452745010e+00
5.24191546272e+00
5.24219513971e+00
5.24247959896e+00
5.23865435102e+00
5.24285034801e+00
5.24166383711e+00
5.24392991622e+00
5.24293095250e+00
5.24391888195e+00
5.24336725268e+00
5.24496160580e+00
5.24203529853e+00
5.24616684922e+00
5.24029857461e+00
5.24417809977e+00
5.24323899099e+00
5.24240320389e+00
5.24496387553e+00
5.24164038689e+00
5.24133793488e+00
5.24339879373e+00
5.24180057607e+00
5.24310640606e+00
5.23974350340e+00
5.24208677566e+00
5.23901477793e+00
5.24276120212e+00
5.24511322342e+00
5.24218464995e+00
5.24046680663e+00
5.24191565171e+00
5.24328184515e+00
5.24080107446e+00
5.24257153213e+00
5.24430181320e+00
5.24178328356e+00
5.24073735981e+00
5.24311919196e+00
5.24628663795e+00
5.24344388082e+00
5.24321487588e+00
5.24173620980e+00
5.24346074265e+00
5.24614812118e+00
5.24339469188e+00
5.24404942255e+00
5.24305188399e+00
5.24324808867e+00
5.24522752574e+00
5.24194662210e+00
5.24227123697e+00
5.24117709000e+00
5.24769259486e+00
5.24288054779e+00
5.24254387635e+00
5.24546872479e+00
5.24249756257e+00
5.24486746044e+00
5.24389504571e+00
5.23990311417e+00
5.24109352983e+00
5.24320487389e+00
5.24271094469e+00
5.24386750223e+00
5.24436486649e+00
5.24654550795e+00
5.24263490559e+00
5.24243212831e+00
5.24338320985e+00
5.24281094425e+00
5.24430745701e+00
5.24449518756e+00
5.24133837073e+00
5.23949306666e+00
5.24052936586e+00
5.24239793577e+00
5.24552532881e+00
5.24234563220e+00
5.24281595587e+00
5.24227116268e+00
5.24522197039e+00
5.24279063705e+00
5.24468098268e+00
5.24312889303e+00
5.24241165396e+00
5.24359177290e+00
5.24030661112e+00
5.24301779405e+00
5.24162232765e+00
5.24164579921e+00
5.24163587259e+00
5.24063712684e+00
5.24266883089e+00
5.24405493265e+00
5.24312647065e+00
5.24120460607e+00
5.24549082550e+00
5.24377544438e+00
5.24037545892e+00
5.24526202029e+00
5.24421700766e+00
5.24365328051e+00
5.24212332278e+00
5.24227191901e+00
5.24356408030e+00
5.24407600948e+00
5.24396318740e+00
5.24462569801e+00
5.24171054733e+00
5.24318967666e+00
5.24351854120e+00
5.24397966815e+00
5.24344364176e+00
5.24387675010e+00
5.24307674244e+00
5.24283564351e+00
5.24198442288e+00
5.24101327476e+00
5.24209567431e+00
5.24422982587e+00
5.24120069763e+00
5.24372601303e+00
5.24663309715e+00
5.24594200381e+00
5.24317539502e+00
5.24119778071e+00
5.24406543179e+00
5.24059598865e+00
5.24212150016e+00
5.24339255653e+00
5.24263407617e+00
5.24174329351e+00
5.23990542996e+00
5.24009441690e+00
5.24361729050e+00
5.24202469317e+00
5.24358713405e+00
5.24359215042e+00
5.24422485802e+00
5.24177418876e+00
5.24312349612e+00
5.24424996490e+00
5.24116565878e+00
5.24269475643e+00
5.24234239353e+00
5.24016404554e+00
5.24086786329e+00
5.24334119987e+00
5.24268822721e+00
5.24230632605e+00
5.24028483845e+00
5.24084281777e+00
5.24260717807e+00
5.24407526826e+00
5.24167608186e+00
5.24480772992e+00
5.24000602126e+00
5.24207770212e+00
5.24170309801e+00
5.23955300244e+00
5.24433600500e+00
5.24392280899e+00
5.24413886776e+00
5.24310902346e+00
5.24165328120e+00
5.24385931689e+00
5.24233199461e+00
5.24370108103e+00
5.24209537850e+00
5.24331147245e+00
5.24184766100e+00
5.24304520092e+00
5.24485716041e+00
5.24387832244e+00
5.23995798968e+00
5.24322489979e+00
5.24353107387e+00
5.24170137692e+00
5.24413905709e+00
5.24484597357e+00
5.24188450734e+00
5.24381014778e+00
5.24248246375e+00
5.24265451571e+00
5.24049442923e+00
5.24303405103e+00
5.24348302561e+00
5.24460493595e+00
5.24327871340e+00
5.24154049750e+00
5.24060760134e+00
5.24245354403e+00
5.24394477605e+00
5.24443398069e+00
5.24156531879e+00
5.24361158013e+00
5.24342992367e+00
5.24131316148e+00
5.24095100355e+00
5.24416373415e+00
5.24351469780e+00
5.24284454177e+00
5.24547267683e+00
5.24187453680e+00
5.24182431112e+00
5.23990058293e+00
5.24107745661e+00
5.24517450473e+00
5.24276687870e+00
5.24183450583e+00
5.24501602034e+00
5.24234498877e+00
5.24170600367e+00
5.24269363365e+00
5.24411165076e+00
5.24333782113e+00
5.24200471261e+00
5.24394515020e+00
5.24385993661e+00
5.24156695428e+00
5.24479856591e+00
5.24116068552e+00
5.24042690653e+00
5.24107734549e+00
5.24124657557e+00
5.24467864754e+00
5.24288932600e+00
5.24348249920e+00
5.24398170666e+00
5.24199659730e+00
5.24629077861e+00
5.24520438740e+00
5.24366774357e+00
5.24281123282e+00
5.24199754583e+00
5.24264504319e+00
5.24405738757e+00
5.24053598695e+00
5.24222087049e+00
5.24312232937e+00
5.24261176542e+00
5.24059452340e+00
5.24054058880e+00
5.24334439392e+00
5.24316024546e+00
5.24427005918e+00
5.24270848879e+00
5.24311386096e+00
5.24265356978e+00
5.24028819665e+00
5.24438131207e+00
5.24370630671e+00
5.24185036344e+00
5.24093226749e+00
5.24350883991e+00
5.24119129466e+00
5.24172746955e+00
5.24022805591e+00
5.24259857792e+00
5.24369496942e+00
5.24324514365e+00
5.24394112408e+00
5.24317025749e+00
5.24474191000e+00
5.24325001474e+00
5.23901259651e+00
5.24354303351e+00
5.24521231446e+00
5.24155279372e+00
5.24000332002e+00
5.24298218502e+00
5.24190882605e+00
5.24386120846e+00
5.24245842814e+00
5.24330629786e+00
5.24167443314e+00
5.24398772154e+00
5.24548510700e+00
5.24205120242e+00
5.24394317397e+00
5.24290041812e+00
5.24293867237e+00
5.24529917414e+00
5.24263886499e+00
5.24242757325e+00
5.24107324765e+00
5.24406296991e+00
5.24327682640e+00
5.24084907682e+00
5.24565377049e+00
5.24236716743e+00
5.24451393104e+00
5.24505873755e+00
5.24169820729e+00
5.24011069405e+00
5.24062769901e+00
5.24447044865e+00
5.24237109790e+00
5.24159744627e+00
5.24279160973e+00
5.24180733213e+00
5.24579668346e+00
5.24141859322e+00
5.24173596703e+00
5.24565204471e+00
5.24392318641e+00
5.24426525029e+00
5.24389183269e+00
5.24678488749e+00
5.24072836763e+00
5.24037173300e+00
5.24405885244e+00
5.24040950127e+00
5.24002441864e+00
5.24196662498e+00
5.24301785184e+00
5.24211638920e+00
5.24107721420e+00
5.24349142222e+00
5.24161190963e+00
5.24351933011e+00
5.24150879362e+00
5.24363810857e+00
5.24122587878e+00
5.24121024739e+00
5.24295169206e+00
5.24112309426e+00
5.24167018470e+00
5.24391536359e+00
5.24302844455e+00
5.24259226570e+00
5.24113025596e+00
5.24035995823e+00
5.24218144723e+00
5.24165441938e+00
5.24145876767e+00
5.24169499689e+00
5.24216850355e+00
5.24159245055e+00
5.24193341709e+00
5.24212119913e+00
5.24283531314e+00
5.24557979613e+00
5.24340953329e+00
5.24455550835e+00
5.24128170202e+00
5.24220240687e+00
5.24020648850e+00
5.24419261780e+00
5.24287846306e+00
5.24506219084e+00
5.24183445375e+00
5.24552407503e+00
5.24272322395e+00
5.24074500533e+00
5.24226267362e+00
5.24144639134e+00
5.24259670963e+00
5.24357155565e+00
5.24334788599e+00
5.24332276470e+00
5.24185395045e+00
5.24405998325e+00
5.24260579428e+00
5.24288409499e+00
5.24340705704e+00
5.24171418683e+00
5.23971648150e+00
5.24336818686e+00
5.24249705445e+00
5.24364358350e+00
5.24142523196e+00
5.24294780431e+00
5.24455002209e+00
5.24207876133e+00
5.24340219288e+00
5.24222296203e+00
5.23962477840e+00
5.24328829885e+00
5.24280582097e+00
5.24059343605e+00
5.24233104407e+00
5.24244654985e+00
5.24411812688e+00
5.24103038558e+00
5.24452529432e+00
5.23815909233e+00
5.24284434510e+00
5.24322428715e+00
5.24107289734e+00
5.24204540383e+00
5.24297577659e+00
5.24475645973e+00
5.24051624696e+00
5.24290260913e+00
5.24517914643e+00
5.24093752257e+00
5.24105589065e+00
5.24457633649e+00
5.24233386276e+00
5.24557858454e+00
5.24309252249e+00
5.24486725751e+00
5.24456512179e+00
5.24327506612e+00
5.24449141287e+00
5.23856630393e+00
5.24084324386e+00
5.24381377029e+00
5.23838662937e+00
5.23987076502e+00
5.24271223539e+00
5.24352080615e+00
5.24217620810e+00
5.24191505715e+00
5.24204151497e+00
5.24189659032e+00
5.24323230278e+00
5.24345018673e+00
5.24378450486e+00
5.24219188762e+00
5.24529795135e+00
5.24152757400e+00
5.24091692127e+00
5.24276912108e+00
5.24014105958e+00
5.24315699201e+00
5.24271701772e+00
5.24162394196e+00
5.24267289704e+00
5.24361326011e+00
5.24278715283e+00
5.24439942386e+00
5.24473466524e+00
5.24313514462e+00
5.24509825271e+00
5.24264826948e+00
5.23923669127e+00
5.24387170755e+00
5.24475505121e+00
5.24349090376e+00
5.24266574672e+00