-2.77536371847e+00
-2.77338667562e+00
-2.77676651807e+00
-2.77757145322e+00
-2.77599066040e+00
-2.77427547644e+00
-2.77411762207e+00
-2.77405454131e+00
-2.77466292932e+00
-2.77574862678e+00
-2.77430817042e+00
-2.77372345642e+00
-2.77446951156e+00
-2.77428767679e+00
-2.77300308486e+00
-2.77433571914e+00
-2.77450043508e+00
-2.77401745049e+00
-2.77433319195e+00
-2.77454571567e+00
-2.77317925352e+00
-2.77369306789e+00
-2.77274656344e+00
-2.77405147471e+00
-2.77207668443e+00
-2.77552846006e+00
-2.77493738854e+00
-2.77739416943e+00
-2.77374665793e+00
-2.77461906228e+00
-2.77390852895e+00
-2.77266936800e+00
-2.77592186099e+00
-2.77456974656e+00
-2.77359683029e+00
-2.77378335366e+00
-2.77541370373e+00
-2.77497367970e+00
-2.77508640362e+00
-2.77523298333e+00
-2.77409725475e+00
-2.77406400325e+00
-2.77261794477e+00
-2.77376527883e+00
-2.77490499394e+00
-2.77433699758e+00
-2.77463344185e+00
-2.77349663952e+00
-2.77386972920e+00
-2.77280897293e+00
-2.77395927432e+00
-2.77228661923e+00
-2.77573409669e+00
-2.77527627431e+00
-2.77565471043e+00
-2.77582180195e+00
-2.77243247296e+00
-2.77401818100e+00
-2.77539684370e+00
-2.77416977993e+00
-2.77456019844e+00
-2.77300620413e+00
-2.77383176348e+00
-2.77442033374e+00
-2.77303231939e+00
-2.77401938848e+00
-2.77430296544e+00
-2.77501478553e+00
-2.77353022962e+00
-2.77616089060e+00
-2.77368961642e+00
-2.77608257430e+00
-2.77231242075e+00
-2.77586343075e+00
-2.77526915067e+00
-2.77390544693e+00
-2.77541393317e+00
-2.77338513308e+00
-2.77286151340e+00
-2.77456320467e+00
-2.77425828087e+00
-2.77518679208e+00
-2.77229526677e+00
-2.77562550792e+00
-2.77377442997e+00
-2.77358519589e+00
-2.77638088260e+00
-2.77527357764e+00
-2.77383419186e+00
-2.77416729866e+00
-2.77443437604e+00
-2.77289247704e+00
-2.77536553340e+00
-2.77431000854e+00
-2.77380551127e+00
-2.77393411967e+00
-2.77484068993e+00
-2.77569968759e+00
-2.77460744740e+00
-2.77406745952e+00
-2.77385739823e+00
-2.77394912160e+00
-2.77560371955e+00
-2.77524649785e+00
-2.77686219968e+00
-2.77452248371e+00
-2.77345808095e+00
-2.77636512437e+00
-2.77422180343e+00
-2.77333009688e+00
-2.77378637158e+00
-2.77765338417e+00
-2.77575276644e+00
-2.77541376137e+00
-2.77573463140e+00
-2.77399885812e+00
-2.77609063187e+00
-2.77433963681e+00
-2.77274745904e+00
-2.77263303101e+00
-2.77384905340e+00
-2.77359567886e+00
-2.77415623743e+00
-2.77641981105e+00
-2.77660921971e+00
-2.77464672822e+00
-2.77222757351e+00
-2.77464995631e+00
-2.77355807039e+00
-2.77669155989e+00
-2.77339066647e+00
-2.77333489840e+00
-2.77223030555e+00
-2.77434713116e+00
-2.77396603515e+00
-2.77472975084e+00
-2.77481358306e+00
-2.77474262371e+00
-2.77533101774e+00
-2.77470072442e+00
-2.77354380879e+00
-2.77346330635e+00
-2.77318267587e+00
-2.77482797444e+00
-2.77572209200e+00
-2.77038551065e+00
-2.77630987559e+00
-2.77418246576e+00
-2.77331635557e+00
-2.77353903938e+00
-2.77389432211e+00
-2.77401533976e+00
-2.77410098864e+00
-2.77468479714e+00
-2.77389208983e+00
-2.77584773196e+00
-2.77413089771e+00
-2.77257753969e+00
-2.77617370094e+00
-2.77581585910e+00
-2.77408781157e+00
-2.77347242747e+00
-2.77371891587e+00
-2.77241558967e+00
-2.77407167303e+00
-2.77572768281e+00
-2.77452312531e+00
-2.77543983545e+00
-2.77363021426e+00
-2.77523225062e+00
-2.77516911385e+00
-2.77457860718e+00
-2.77501620334e+00
-2.77482318321e+00
-2.77548143498e+00
-2.77338230276e+00
-2.77534578786e+00
-2.77434939765e+00
-2.77545999875e+00
-2.77483630250e+00
-2.77599030661e+00
-2.77727617413e+00
-2.77461985262e+00
-2.77289127666e+00
-2.77368006977e+00
-2.77396838637e+00
-2.77259194851e+00
-2.77479241147e+00
-2.77479291860e+00
-2.77542057717e+00
-2.77383189609e+00
-2.77318102852e+00
-2.77240075883e+00
-2.77292340941e+00
-2.77499868352e+00
-2.77339590619e+00
-2.77355011340e+00
-2.77542262211e+00
-2.77530116419e+00
-2.77392651213e+00
-2.77514429844e+00
-2.77291212274e+00
-2.77455986717e+00
-2.77384427884e+00
-2.77254761667e+00
-2.77385510912e+00
-2.77354050196e+00
-2.77345804713e+00
-2.77302021843e+00
-2.77280314574e+00
-2.77442711585e+00
-2.77553816988e+00
-2.77493109909e+00
-2.77449221285e+00
-2.77516681874e+00
-2.77299992762e+00
-2.77262026362e+00
-2.77203421951e+00
-2.77209504443e+00
-2.77424886538e+00
-2.77457051799e+00
-2.77498800217e+00
-2.77367530488e+00
-2.77446613277e+00
-2.77549592821e+00
-2.77436431742e+00
-2.77503380437e+00
-2.77345945042e+00
-2.77439564821e+00
-2.77334351758e+00
-2.77456489544e+00
-2.77410732086e+00
-2.77436393287e+00
-2.77307399826e+00
-2.77555413434e+00
-2.77544475630e+00
-2.77346925779e+00
-2.77475509335e+00
-2.77579947681e+00
-2.77431359932e+00
-2.77549738387e+00
-2.77496995946e+00
-2.77673680024e+00
-2.77274845754e+00
-2.77457377630e+00
-2.77500687423e+00
-2.77487067063e+00
-2.77355261106e+00
-2.77393305097e+00
-2.77308083596e+00
-2.77460260391e+00
-2.77496233590e+00
-2.77556910797e+00
-2.77357099380e+00
-2.77529489880e+00
-2.77434116590e+00
-2.77445755479e+00
-2.77413268905e+00
-2.77552767707e+00
-2.77574699616e+00
-2.77539011439e+00
-2.77574769463e+00
-2.77490536662e+00
-2.77359923060e+00
-2.77269458145e+00
-2.77321753371e+00
-2.77623532658e+00
-2.77582922956e+00
-2.77288036058e+00
-2.77421821068e+00
-2.77438176873e+00
-2.77382210898e+00
-2.77490590409e+00
-2.77702768348e+00
-2.77521738390e+00
-2.77509570785e+00
-2.77404316567e+00
-2.77508439058e+00
-2.77442041726e+00
-2.77439323207e+00
-2.77347440082e+00
-2.77258643907e+00
-2.77296582549e+00
-2.77332175944e+00
-2.77524737383e+00
-2.77432904369e+00
-2.77513911329e+00
-2.77505205385e+00
-2.77492148433e+00
-2.77528443259e+00
-2.77483218611e+00
-2.77514745384e+00
-2.77450148830e+00
-2.77304758866e+00
-2.77516945942e+00
-2.77668518131e+00
-2.77295869800e+00
-2.77453074290e+00
-2.77457416314e+00
-2.77534918211e+00
-2.77452734274e+00
-2.77546445133e+00
-2.77424056806e+00
-2.77572504407e+00
-2.77572351975e+00
-2.77501063763e+00
-2.77440220795e+00
-2.77358334187e+00
-2.77251966625e+00
-2.77452218470e+00
-2.77497328641e+00
-2.77446532300e+00
-2.77276963202e+00
-2.77576800330e+00
-2.77404861497e+00
-2.77487453176e+00
-2.77208194787e+00
-2.77433498829e+00
-2.77489717455e+00
-2.77418582084e+00
-2.77442349649e+00
-2.77434689306e+00
-2.77464036263e+00
-2.77558239714e+00
-2.77210964890e+00
-2.77445481877e+00
-2.77575448868e+00
-2.77378602222e+00
-2.77192302450e+00
-2.77407515459e+00
-2.77353532896e+00
-2.77422530687e+00
-2.77482503609e+00
-2.77626873623e+00
-2.77563424420e+00
-2.77449274126e+00
-2.77487411396e+00
-2.77450139142e+00
-2.77482489746e+00
-2.77359384629e+00
-2.77389849842e+00
-2.77504402967e+00
-2.77434774193e+00
-2.77351487003e+00
-2.77261841546e+00
-2.77539516628e+00
-2.77389219853e+00
-2.77353026764e+00
-2.77480379801e+00
-2.77458092462e+00
-2.77316252833e+00
-2.77610368435e+00
-2.77373945431e+00
-2.77494165317e+00
-2.77326067677e+00
-2.77396352447e+00
-2.77434067607e+00
-2.77487794099e+00
-2.77374715985e+00
-2.77494970484e+00
-2.77578342946e+00
-2.77342619831e+00
-2.77264453610e+00
-2.77456365593e+00
-2.77409804143e+00
-2.77683911766e+00
-2.77396404907e+00
-2.77621006108e+00
-2.77372715444e+00
-2.77315234640e+00
-2.77334415035e+00
-2.77366710120e+00
-2.77257007744e+00
-2.77249728916e+00
-2.77461302220e+00
-2.77357048775e+00
-2.77490630318e+00
-2.77500971234e+00
-2.77420661720e+00
-2.77457506476e+00
-2.77331823580e+00
-2.77342387141e+00
-2.77353312939e+00
-2.77416842404e+00
-2.77492733586e+00
-2.77347265805e+00
-2.77527852904e+00
-2.77361181434e+00
-2.77457489869e+00
-2.77565616415e+00
-2.77340704417e+00
-2.77323987950e+00
-2.77598319699e+00
-2.77482696442e+00
-2.77337033448e+00
-2.77473503644e+00
-2.77543404722e+00
-2.77462557239e+00
-2.77358216498e+00
-2.77370427422e+00
-2.77380361903e+00
-2.77589486174e+00
-2.77498840634e+00
-2.77540122341e+00
-2.77517151814e+00
-2.77455443353e+00
-2.77383088928e+00
-2.77468416253e+00
-2.77563118049e+00
-2.77565298349e+00
-2.77274539148e+00
-2.77629277927e+00
-2.77583797514e+00
-2.77290636069e+00
-2.77401849620e+00
-2.77341000031e+00
-2.77529159072e+00
-2.77422285053e+00
-2.77532048107e+00
-2.77624560634e+00
-2.77292414877e+00
-2.77526697132e+00
-2.77309762602e+00
-2.77449486185e+00
-2.77425810849e+00
-2.77373202085e+00
-2.77310367486e+00
-2.77404707212e+00
-2.77483818083e+00
-2.77536136158e+00
-2.77323136258e+00
-2.77652467500e+00
-2.77516170359e+00
-2.77441988823e+00
-2.77338866713e+00
-2.77287010076e+00
-2.77151749052e+00
-2.77437486539e+00
-2.77344818834e+00
-2.77393175177e+00
-2.77273755072e+00
-2.77556657373e+00
-2.77571264687e+00
-2.77288858497e+00
-2.77574786907e+00
-2.77327304944e+00
-2.77507910777e+00
-2.77402643934e+00
-2.77390452859e+00
-2.77411315489e+00
-2.77294298010e+00
-2.77583744204e+00
-2.77217930955e+00
-2.77480337406e+00
-2.77632058732e+00
-2.77424886311e+00
-2.77275704650e+00
-2.77538539722e+00
-2.77497301992e+00
-2.77526235055e+00
-2.77358643565e+00
-2.77548153015e+00
-2.77526001218e+00
-2.77447860702e+00
-2.77666197007e+00
-2.77161725950e+00
-2.77403717237e+00
-2.77760107155e+00
-2.77290803125e+00
-2.77365771821e+00
-2.77405551697e+00
-2.77483452698e+00
-2.77555275316e+00
-2.77376666218e+00
-2.77356538730e+00
-2.77387364166e+00
-2.77541160757e+00
-2.77468067888e+00
-2.77611110173e+00
-2.77304001346e+00
-2.77653337434e+00
-2.77435111800e+00
-2.77474446703e+00
-2.77350763140e+00
-2.77184981796e+00
-2.77392755393e+00
-2.77495160364e+00
-2.77400938798e+00
-2.77263443559e+00
-2.77544352536e+00
-2.77613246451e+00
-2.77498851504e+00
-2.77623040973e+00
-2.77390929687e+00
-2.77478628937e+00
-2.77304692951e+00
-2.77373528880e+00
-2.77512098702e+00
-2.77436862293e+00
-2.77383495640e+00
-2.77440116932e+00