-5.18549865832e-01
-5.07115745101e-01
-5.35162345026e-01
-5.46079396121e-01
-5.17500263558e-01
-5.23596167853e-01
-5.33239333758e-01
-5.12940955793e-01
-5.38540673614e-01
-4.95591039819e-01
-4.84531171970e-01
-5.34537627440e-01
-5.21611268755e-01
-5.14210521749e-01
-5.03643407080e-01
-4.99107340348e-01
-5.37314869259e-01
-5.13167416861e-01
-5.09292934728e-01
-5.39857388844e-01
-4.96534368950e-01
-4.96222570251e-01
-5.33374700404e-01
-5.24248031561e-01
-5.19248837666e-01
-5.41937918064e-01
-5.10785142290e-01
-5.37351014533e-01
-4.89794467918e-01
-5.17168025932e-01
-5.11567962669e-01
-5.48780658578e-01
-5.16998058556e-01
-5.23971430352e-01
-4.90603743301e-01
-5.06590146062e-01
-5.18828602164e-01
-5.10749076551e-01
-5.33076009537e-01
-5.05765134004e-01
-5.35022854081e-01
-5.31312022053e-01
-5.08750763722e-01
-5.04765595805e-01
-5.37245504708e-01
-5.26530694324e-01
-4.97899785102e-01
-4.78459969511e-01
-5.37691844441e-01
-5.21312622428e-01
-5.15034116442e-01
-5.14598779194e-01
-5.19431414822e-01
-5.14988042143e-01
-5.10172907745e-01
-5.31139022538e-01
-5.52847151397e-01
-5.07051948141e-01
-5.29535853194e-01
-5.12560962162e-01
-5.01335343304e-01
-5.28264349868e-01
-5.23059701615e-01
-5.12779041709e-01
-5.09841944384e-01
-5.10950092504e-01
-5.28799089716e-01
-5.47055489384e-01
-5.20764021476e-01
-5.31486128236e-01
-5.08412054947e-01
-5.21276244217e-01
-5.23960657395e-01
-5.39336952778e-01
-5.49420789555e-01
-5.06687207645e-01
-5.33925414247e-01
-5.29255842851e-01
-5.15519843417e-01
-5.15212949984e-01
-5.21130173646e-01
-5.01360727239e-01
-5.24001741231e-01
-5.15897596705e-01
-5.07397952311e-01
-5.23718356021e-01
-5.38182978807e-01
-5.04102349085e-01
-5.01703587809e-01
-5.24528647053e-01
-5.08698036102e-01
-5.15963273886e-01
-5.19804935285e-01
-5.20238605973e-01
-5.37944018016e-01
-5.14078355413e-01
-5.42040593075e-01
-5.14758801555e-01
-5.34413641306e-01
-5.32234596553e-01
-5.13189594924e-01
-5.29028486079e-01
-5.17314827896e-01
-5.05772396628e-01
-5.37068109327e-01
-5.34672203596e-01
-5.31625925621e-01
-5.43818234107e-01
-5.16326024484e-01
-5.19341038153e-01
-5.26657957460e-01
-5.03167198126e-01
-5.37133223322e-01
-5.33056915703e-01
-5.48132288749e-01
-5.08934381979e-01
-5.19121836832e-01
-5.15370232045e-01
-5.13536267130e-01
-5.07971313526e-01
-5.44933794785e-01
-5.18151342960e-01
-5.42032016457e-01
-5.30110133879e-01
-5.21375988058e-01
-5.24142462588e-01
-5.24291485359e-01
-5.15412932477e-01
-5.30720993488e-01
-5.06328592623e-01
-5.01232763578e-01
-5.30906103465e-01
-5.11966258836e-01
-5.25507102700e-01
-5.03195859518e-01
-5.12150368982e-01
-5.00446574443e-01
-5.10067756242e-01
-5.19128178167e-01
-5.24468486043e-01
-5.37735477571e-01
-5.11570148835e-01
-5.12954176662e-01
-5.23261256738e-01
-5.09494602973e-01
-5.20327307444e-01
-5.38114046998e-01
-5.26355490969e-01
-5.42813990761e-01
-4.98629641507e-01
-5.08924242613e-01
-5.10917629153e-01
-5.13588698487e-01
-5.09623055090e-01
-5.02602334702e-01
-5.15899730595e-01
-5.28769655342e-01
-5.10048963222e-01
-5.30917182478e-01
-4.95520066537e-01
-5.25599049470e-01
-5.04004562116e-01
-4.83480680850e-01
-5.14187219434e-01
-5.04663528621e-01
-5.28609294995e-01
-5.32089388163e-01
-5.21202373140e-01
-4.98058937831e-01
-5.37278352650e-01
-5.23695534571e-01
-5.33315147311e-01
-4.97938987996e-01
-5.24370069388e-01
-5.37971603608e-01
-5.05873681674e-01
-5.07626014515e-01
-5.19931027457e-01
-5.26745493673e-01
-5.18353657532e-01
-5.08501694464e-01
-5.41897577152e-01
-5.11869614980e-01
-4.95636528791e-01
-5.31270132479e-01
-5.10676721380e-01
-5.18222178591e-01
-5.23530065875e-01
-5.37393085089e-01
-5.15720565148e-01
-4.95820053147e-01
-5.20837673333e-01
-5.23632486586e-01
-5.08518306301e-01
-5.30952580392e-01
-4.95221192363e-01
-5.33791256022e-01
-5.38012858522e-01
-5.33198628534e-01
-5.09403114017e-01
-4.87741552430e-01
-5.22542252874e-01
-5.50777783956e-01
-5.29958114845e-01
-5.32937802926e-01
-5.23402190021e-01
-5.19694174313e-01
-5.38460833233e-01
-5.30187086728e-01
-5.23593185065e-01
-5.41009306677e-01
-5.31892440357e-01
-5.35469143113e-01
-5.29658370847e-01
-4.94332533539e-01
-5.37170962116e-01
-5.37804776414e-01
-5.02370865472e-01
-5.29819672999e-01
-5.21265538505e-01
-5.31453417488e-01
-5.19091379452e-01
-5.50350988297e-01
-5.23505035272e-01
-5.27996573453e-01
-5.06226540692e-01
-5.28400513729e-01
-5.17978982021e-01
-5.18055953288e-01
-5.38939674213e-01
-5.22088280139e-01
-5.31080573795e-01
-5.20943299603e-01
-5.03921870304e-01
-5.12595282139e-01
-5.07992210856e-01
-5.20119332566e-01
-5.25002395856e-01
-5.05476054642e-01
-5.27918130864e-01
-5.29560860913e-01
-5.07716738419e-01
-5.09775780866e-01
-5.13749158132e-01
-5.12220519970e-01
-5.33602003261e-01
-5.02002825962e-01
-5.11071815897e-01
-5.43344485051e-01
-5.00382997167e-01
-5.32451557973e-01
-4.97823647518e-01
-5.51534697795e-01
-5.23514345743e-01
-5.26175090732e-01
-5.14605593311e-01
-5.28009759112e-01
-5.16980755279e-01
-5.35452650138e-01
-5.45832830560e-01
-5.15577910660e-01
-5.44364701127e-01
-5.14167145473e-01
-5.10906571336e-01
-5.29095757585e-01
-5.21471071683e-01
-4.98869916031e-01
-5.58923117918e-01
-5.15200142958e-01
-5.12739031474e-01
-5.22435440850e-01
-5.29800300291e-01
-5.05276923358e-01
-5.26832439444e-01
-5.31267248893e-01
-5.35801019673e-01
-5.32821393517e-01
-5.14793690960e-01
-5.04926728236e-01
-5.24372208892e-01
-5.31151912194e-01
-5.28704637679e-01
-5.23924639019e-01
-5.19822766723e-01
-5.23508692187e-01
-5.06371687162e-01
-4.98846390824e-01
-5.46333252707e-01
-5.01610125297e-01
-5.16028254739e-01
-5.04757814229e-01
-5.35704666822e-01
-5.03061950231e-01
-5.39509495076e-01
-5.17857745548e-01
-5.52857869712e-01
-5.41933453150e-01
-5.40473526082e-01
-5.06973634221e-01
-5.43352183953e-01
-4.95609712330e-01
-5.28016807470e-01
-5.04427135557e-01
-5.11116013870e-01
-5.26139874151e-01
-5.14216765664e-01
-5.43570783533e-01
-5.24109908902e-01
-5.08758820584e-01
-5.40851989859e-01
-5.27099252634e-01
-5.34110161279e-01
-5.29411565605e-01
-5.56926308332e-01
-5.25779312299e-01
-5.18177710014e-01
-5.15140340871e-01
-5.18057094118e-01
-5.43247632592e-01
-5.01187525774e-01
-5.03909364901e-01
-4.81943495007e-01
-5.18721839559e-01
-5.19586188845e-01
-5.14115814982e-01
-5.47726591459e-01
-5.09166491693e-01
-5.34048294137e-01
-5.10103239839e-01
-5.37905883996e-01
-5.16123413937e-01
-5.42950040377e-01
-5.03257526146e-01
-5.19895755933e-01
-5.26092515603e-01
-5.38985971727e-01
-5.13629644581e-01
-5.06150675570e-01
-5.05842523578e-01
-5.05193622348e-01
-5.09164578929e-01
-5.10431708659e-01
-5.33108247557e-01
-5.35933632719e-01
-5.24090865880e-01
-5.14550418173e-01
-5.21159105302e-01
-5.35851446734e-01
-5.22554045838e-01
-5.46836197481e-01
-5.19369429903e-01
-5.34118869464e-01
-5.07825159025e-01
-5.24010132422e-01
-4.79622689124e-01
-5.34892055922e-01
-5.36000509689e-01
-5.14694474122e-01
-5.25298720621e-01
-5.27695308970e-01
-4.94468444414e-01
-5.09087132045e-01
-5.26973403231e-01
-5.21853246294e-01
-5.15426767022e-01
-5.36015748423e-01
-5.17274593043e-01
-5.17371683078e-01
-5.20785154070e-01
-5.00769400049e-01
-5.10123774796e-01
-4.96571722832e-01
-5.26056717117e-01
-5.22600227739e-01
-5.30281721687e-01
-5.05779838113e-01
-5.22519797384e-01
-5.17224062286e-01
-5.27707039710e-01
-5.13191930653e-01
-5.28294190010e-01
-5.14620922548e-01
-5.06475434138e-01
-5.17604773172e-01
-5.23028049263e-01
-5.37170279121e-01
-5.12293830053e-01
-5.08479725411e-01
-4.99898514787e-01
-4.98034223410e-01
-5.31772691130e-01
-4.98297217865e-01
-5.12759193221e-01
-5.16815929918e-01
-5.24923238851e-01
-5.27513648319e-01
-5.34240211119e-01
-5.09608007128e-01
-5.14121911620e-01
-5.04971180719e-01
-5.39342519176e-01
-5.10359069101e-01
-5.13925019537e-01
-5.25662091576e-01
-5.37299774416e-01
-5.07987707108e-01
-5.36827402382e-01
-5.05487733658e-01
-5.26552985041e-01
-5.36785875258e-01
-5.41594581557e-01
-5.19487246568e-01
-5.10449222070e-01
-5.27503302253e-01
-5.12339993416e-01
-4.95288032891e-01
-5.12303008400e-01
-5.42923925878e-01
-5.17479063671e-01
-5.20821479001e-01
-5.32865536143e-01
-5.12928271054e-01
-5.21692314826e-01
-5.04333898679e-01
-5.31628181723e-01
-5.19554275150e-01
-5.07129333544e-01
-5.17521171851e-01
-5.15760333967e-01
-5.28844855972e-01
-5.48752093779e-01
-5.33796398850e-01
-5.44564163936e-01
-5.17606395435e-01
-5.16317524060e-01
-4.98933812355e-01
-4.89416928707e-01
-5.02683454851e-01
-5.19939879086e-01
-5.05221275544e-01
-5.47230601435e-01
-5.08672677675e-01
-5.19073049174e-01
-4.90795676403e-01
-5.45781582841e-01
-5.35827854469e-01
-5.01604211679e-01
-5.18018003395e-01
-5.60378279570e-01
-5.29617283130e-01
-5.17325771430e-01
-5.20093037855e-01
-4.97505182981e-01
-5.13541150535e-01
-5.19967690545e-01
-5.34613964670e-01
-5.19437567886e-01
-5.05967121213e-01
-5.24917870296e-01
-5.41215598653e-01
-4.98500741436e-01
-5.29356933152e-01
-5.28104408526e-01
-5.38195915810e-01
-5.49883058145e-01
-5.08378341065e-01
-5.31003713588e-01
-5.18308521452e-01
-5.21081949594e-01
-5.11999767815e-01
-5.35973695810e-01
-5.47483790605e-01
-5.27332365165e-01
-5.16435094756e-01
-5.20487869785e-01
-5.42513183670e-01
-5.22908114161e-01
-5.30841266750e-01
-5.14652523736e-01
-5.11290925042e-01
-5.24224815292e-01
-5.08587627789e-01
-5.01311546828e-01
-5.25161437173e-01
-5.08896367418e-01
-5.38182170667e-01
-5.29899653322e-01
-5.39964989166e-01
-5.07851732460e-01
-5.42117380974e-01
-5.24325531980e-01
-5.02405716546e-01
-5.46064474681e-01
-5.34843132628e-01
-5.49336428146e-01
-5.41538203862e-01
-5.15858917893e-01
-5.18179314434e-01
-4.98468894488e-01
-5.29125706470e-01
-5.20038535236e-01