5.55681533325e-01
5.89990872311e-01
5.90998085201e-01
5.89376513014e-01
5.83169293464e-01
5.83011196663e-01
6.03559327558e-01
5.61745341226e-01
5.94046311599e-01
5.47367900371e-01
5.31285038548e-01
6.02697981308e-01
6.00310736085e-01
5.77264510305e-01
5.74088941454e-01
5.77060367248e-01
5.65217795607e-01
5.70966458855e-01
5.58342948229e-01
6.10120604373e-01
5.70432540963e-01
5.65120903641e-01
5.65859750386e-01
5.60415968150e-01
5.74395443151e-01
5.88165640825e-01
5.76606767148e-01
5.96518000296e-01
5.48676311764e-01
6.03457669014e-01
5.73358476827e-01
5.97066306576e-01
5.52797151070e-01
5.92406010119e-01
5.62176110882e-01
5.59955884077e-01
5.85276795419e-01
5.57530948225e-01
5.80181845450e-01
5.56036626753e-01
5.91778524314e-01
5.73942867087e-01
5.60770454552e-01
5.58782503132e-01
6.22526385746e-01
5.76671718124e-01
5.51883146819e-01
5.49407289400e-01
5.79236010016e-01
5.60014481096e-01
5.45342936971e-01
5.80694343013e-01
5.62084306299e-01
5.91050685093e-01
5.67059166116e-01
6.13710835892e-01
6.03529744340e-01
5.64882984539e-01
5.76670299900e-01
5.81084012833e-01
5.41167765348e-01
5.95641211472e-01
5.94392017485e-01
5.61349830709e-01
5.62559218152e-01
5.91562023692e-01
5.81208164308e-01
5.93594365894e-01
5.59082517791e-01
5.88056454334e-01
5.82800171143e-01
5.85095484805e-01
5.81360895401e-01
5.89044698003e-01
6.12151008092e-01
5.64870364931e-01
5.85179607211e-01
5.80059026016e-01
5.48538924621e-01
5.91841724884e-01
5.99773227123e-01
5.56993658308e-01
5.77787579274e-01
5.53372178586e-01
5.77304715929e-01
5.84409121184e-01
5.88952318321e-01
5.94436057751e-01
5.49463405057e-01
5.66751247865e-01
5.73293252753e-01
5.83815241149e-01
5.79649406379e-01
5.49798265798e-01
5.79328809954e-01
5.87167307615e-01
6.07374503128e-01
5.69159345686e-01
6.05077433097e-01
5.99853402175e-01
5.54721718764e-01
5.88954221617e-01
5.74607644297e-01
5.63862150919e-01
5.82738028479e-01
5.75144680404e-01
5.88609112212e-01
5.82299738652e-01
5.76337405777e-01
5.92150597675e-01
5.86120555408e-01
5.67453080407e-01
5.97735828092e-01
5.99224450549e-01
6.05562442885e-01
5.69475674951e-01
5.80486736325e-01
5.46357349673e-01
5.82357237077e-01
5.47464994292e-01
6.07931704515e-01
5.77729203240e-01
5.94388005824e-01
5.97242047896e-01
5.73759922326e-01
5.73525735396e-01
5.74892162285e-01
5.64948160493e-01
5.84551007644e-01
5.75667503654e-01
5.70665332730e-01
5.89406994053e-01
5.73298253808e-01
5.90239122951e-01
5.62734314197e-01
5.67518477682e-01
5.64253606879e-01
5.72779515376e-01
5.80544015065e-01
5.75255153628e-01
5.77129219863e-01
5.69176899714e-01
5.60932575319e-01
5.90561889482e-01
5.64890025479e-01
5.95978865072e-01
6.07141686573e-01
5.69730024780e-01
5.98156054310e-01
5.49573296036e-01
5.79929019177e-01
5.64446894664e-01
5.71829683570e-01
5.73895072269e-01
5.53532512877e-01
5.71335826787e-01
5.87661762460e-01
5.64314056349e-01
5.94953837160e-01
5.76810527939e-01
5.76071526577e-01
5.55292226468e-01
5.43008545745e-01
5.69245406976e-01
5.46322684215e-01
6.06155895959e-01
6.04639015658e-01
5.79744622148e-01
5.40290749913e-01
5.84434397833e-01
5.75644408754e-01
5.74102593043e-01
5.39447558924e-01
5.68359278812e-01
5.98194483268e-01
5.76208218970e-01
5.59216656532e-01
5.75013476989e-01
5.90632538300e-01
5.64516691734e-01
5.74099017764e-01
5.87686961957e-01
5.65279226062e-01
5.51162057296e-01
5.97414854547e-01
5.59061912037e-01
5.88337360860e-01
5.73895557810e-01
5.79755150264e-01
5.77044260757e-01
5.52162898086e-01
5.78114680316e-01
5.90200997136e-01
5.89818472655e-01
6.10770737641e-01
5.48651572767e-01
5.63188990716e-01
6.06069785160e-01
5.79092146771e-01
5.56048474091e-01
5.44071570626e-01
5.80545174370e-01
6.18990764452e-01
5.78750327928e-01
6.11473286280e-01
6.00793694261e-01
5.98523056699e-01
5.87889309880e-01
6.08047270944e-01
5.84781301762e-01
5.94248900917e-01
5.93327240935e-01
5.88732435007e-01
5.75084228561e-01
5.44035741847e-01
6.05635713952e-01
5.91126218668e-01
5.69420803035e-01
5.87521680241e-01
5.88617423527e-01
5.91093370612e-01
5.75144423918e-01
5.78896554295e-01
5.86323503988e-01
5.87382042060e-01
5.88489959568e-01
5.72957659923e-01
5.67815832957e-01
5.98866631741e-01
5.84662212733e-01
5.74676814701e-01
6.02733423454e-01
5.74878832817e-01
5.48504822198e-01
5.75448060446e-01
5.67406700533e-01
5.87183126767e-01
5.93660508521e-01
5.57941596819e-01
5.91415380379e-01
5.75946533681e-01
5.61804460777e-01
5.54433113409e-01
5.92208552441e-01
5.85485334977e-01
5.81964022881e-01
5.75903926394e-01
5.81957907683e-01
6.04006529735e-01
5.67959343315e-01
5.92981282229e-01
5.43359251020e-01
5.88468243841e-01
5.83743177862e-01
5.74682712606e-01
5.48264443111e-01
6.09073593536e-01
5.73846030814e-01
5.93742447305e-01
5.91082394234e-01
5.46229470049e-01
6.10496579481e-01
5.96079457400e-01
5.72275534897e-01
5.70117471791e-01
5.75477846461e-01
5.56830206838e-01
6.03930920082e-01
5.80007597897e-01
6.06822099491e-01
5.70871633445e-01
5.93892387108e-01
5.42831603166e-01
5.86142912248e-01
6.04561970217e-01
5.78783529848e-01
5.63516094045e-01
5.80614376448e-01
5.57243264677e-01
5.89947594299e-01
5.81487418930e-01
5.89463786092e-01
5.82782206440e-01
5.64369328725e-01
5.82322364619e-01
5.58462055589e-01
5.67966241623e-01
6.07208814418e-01
5.61082523461e-01
5.57129771804e-01
5.66577508396e-01
5.91527524958e-01
5.69881807198e-01
5.98687383750e-01
5.47599869103e-01
6.06107324105e-01
5.96461237661e-01
5.79592237160e-01
5.46241718759e-01
6.17126521747e-01
5.32018442018e-01
5.75647998529e-01
5.50121737335e-01
5.75827267020e-01
6.02591648222e-01
5.73678669533e-01
5.99860082675e-01
5.93506958185e-01
5.55034729870e-01
5.92288751732e-01
5.70194624530e-01
5.95670321059e-01
5.60930976076e-01
6.12443156298e-01
5.74566128572e-01
5.87249953308e-01
5.62072568671e-01
5.77910536275e-01
5.96194542236e-01
5.54847133207e-01
5.74437874793e-01
5.48506102930e-01
5.96172898924e-01
5.97778016800e-01
5.89084017849e-01
6.06275372749e-01
5.49429608971e-01
5.89205220316e-01
5.58599522936e-01
5.91430340148e-01
5.66372103289e-01
6.16358560867e-01
5.66620441322e-01
5.88865553620e-01
5.74202439665e-01
5.96650632714e-01
5.73397814037e-01
5.71777528466e-01
5.82761724497e-01
5.54099811241e-01
5.81449135942e-01
5.64096904560e-01
6.09364863459e-01
5.89885007522e-01
5.97572755941e-01
5.79920726996e-01
5.95108024661e-01
6.01935489664e-01
5.76420063844e-01
6.07013431417e-01
5.71213236338e-01
5.96962029862e-01
5.72407963961e-01
5.58050785374e-01
5.40072521261e-01
6.09178581205e-01
5.88386875820e-01
5.75345956406e-01
5.82809291586e-01
5.78764799587e-01
5.31524186734e-01
5.73557160177e-01
5.88864896198e-01
5.78705910295e-01
5.97463951344e-01
6.04042634971e-01
5.56671623883e-01
5.90456142738e-01
5.93474987816e-01
5.64541870912e-01
5.78906051028e-01
5.60013246602e-01
5.65265249984e-01
5.86329681963e-01
5.84299632892e-01
5.64349084790e-01
5.87078887361e-01
6.01879063790e-01
5.80215488074e-01
5.67904980211e-01
6.19379931355e-01
5.74202455574e-01
5.69684232107e-01
5.90589925018e-01
5.86359391917e-01
5.95208189332e-01
5.85697923753e-01
5.73981947489e-01
5.51957440430e-01
5.84414104862e-01
6.00215691092e-01
5.69004634827e-01
5.56581055843e-01
5.78896426008e-01
5.94862043642e-01
5.81578579085e-01
6.04424085302e-01
5.61289591663e-01
5.81922825390e-01
5.75995373268e-01
6.09907411880e-01
5.67244763792e-01
5.70705833151e-01
5.85936814724e-01
5.92500973839e-01
5.73585651435e-01
5.96428848124e-01
5.66646666021e-01
5.91734512499e-01
6.04528099792e-01
6.09214054975e-01
5.78985019788e-01
5.67504690799e-01
5.70055410030e-01
5.86227130638e-01
5.71143862896e-01
5.63643243994e-01
6.20654089852e-01
5.59117239200e-01
5.59795808195e-01
5.75205970761e-01
5.49663862916e-01
5.69453781064e-01
5.75425523870e-01
5.76081557955e-01
5.64359051795e-01
5.61524703590e-01
5.94440970239e-01
5.73098239822e-01
6.07080304650e-01
5.91461514580e-01
5.84135807181e-01
6.09740260573e-01
5.85107308216e-01
5.64156248503e-01
5.70808353468e-01
5.64898027021e-01
5.86875419778e-01
5.67073741315e-01
5.70573633690e-01
6.20910176098e-01
5.68031735389e-01
5.85777807751e-01
5.55483476566e-01
6.08477808822e-01
6.08827605971e-01
5.40954639438e-01
5.91675747860e-01
6.23917798095e-01
5.87456794246e-01
5.87554669428e-01
5.94402849296e-01
5.43110670010e-01
5.63503719440e-01
5.75748760657e-01
6.00931588526e-01
5.68171096341e-01
5.88997978775e-01
5.76177155357e-01
6.04096990326e-01
5.58949830903e-01
6.00882184733e-01
5.77883072988e-01
5.84856231327e-01
5.96433450060e-01
5.61073535277e-01
5.78350506232e-01
5.34186266166e-01
5.89079931410e-01
5.85535540039e-01
6.02027212178e-01
6.02584709545e-01
5.80932669498e-01
5.81947924628e-01
5.63793578233e-01
5.93345468945e-01
5.73189380316e-01
5.94608132719e-01
5.85267075041e-01
5.83345283859e-01
5.91287309838e-01
5.73856609734e-01
5.75660634519e-01
5.68042160921e-01
5.46581638387e-01
6.00247501347e-01
5.94299509129e-01
6.36305789806e-01
5.78876100945e-01
5.97096788658e-01
5.88483005865e-01
5.60122108721e-01
6.16014197757e-01
6.05792318474e-01
5.84602464119e-01
6.10368407563e-01
5.68366271286e-01
5.68449780704e-01
5.25969032359e-01
5.79806185664e-01
5.77401230551e-01