2.61895351739e+00
2.61795702930e+00
2.61591805132e+00
2.61992128337e+00
2.61569588379e+00
2.61852120149e+00
2.61723050315e+00
2.61981366324e+00
2.61756959549e+00
2.61845692016e+00
2.61699703525e+00
2.61945117660e+00
2.61872078984e+00
2.61931747021e+00
2.61796609438e+00
2.61729480802e+00
2.61688908925e+00
2.61686742547e+00
2.62019637354e+00
2.62068758150e+00
2.61723854869e+00
2.61585891293e+00
2.61746888193e+00
2.61570763327e+00
2.61907379324e+00
2.61569801917e+00
2.61938728395e+00
2.62081935152e+00
2.61670574037e+00
2.61654685601e+00
2.61754491894e+00
2.61935260709e+00
2.61909599773e+00
2.61762319617e+00
2.61779544734e+00
2.61840769537e+00
2.61923314655e+00
2.61606946014e+00
2.61583660688e+00
2.61566121379e+00
2.61642166115e+00
2.61554187035e+00
2.61662963174e+00
2.61810644908e+00
2.61914488615e+00
2.61836843146e+00
2.62133522826e+00
2.61759136328e+00
2.62018285507e+00
2.61688502748e+00
2.61698273296e+00
2.62216663509e+00
2.61499415346e+00
2.61954072409e+00
2.61875859132e+00
2.61875448074e+00
2.61808853701e+00
2.61853271231e+00
2.62024922099e+00
2.61769960872e+00
2.61614510277e+00
2.61801247116e+00
2.61631190653e+00
2.61903452832e+00
2.61818156943e+00
2.61748546891e+00
2.61689849540e+00
2.62003375144e+00
2.61551246218e+00
2.61907400089e+00
2.61713449088e+00
2.61813047881e+00
2.61900724471e+00
2.61652268674e+00
2.61658474538e+00
2.62010750468e+00
2.61981873577e+00
2.61847926138e+00
2.61967062124e+00
2.61671959965e+00
2.61647696476e+00
2.61671404158e+00
2.61333594535e+00
2.61818311665e+00
2.61896141665e+00
2.61901957236e+00
2.61932720760e+00
2.62088164020e+00
2.61647947786e+00
2.62290490420e+00
2.61843216554e+00
2.61713879444e+00
2.61900720625e+00
2.61931535173e+00
2.61677199223e+00
2.61730640411e+00
2.61788178999e+00
2.61845706478e+00
2.61966275366e+00
2.61770587992e+00
2.61933473720e+00
2.61796279099e+00
2.61829052294e+00
2.61750122749e+00
2.61544300496e+00
2.61981029458e+00
2.61947381994e+00
2.61679903487e+00
2.61838487451e+00
2.61516546267e+00
2.61761049284e+00
2.61781649444e+00
2.61836441677e+00
2.62077784135e+00
2.61779253263e+00
2.62230190630e+00
2.61479435586e+00
2.62025281591e+00
2.61910624360e+00
2.61871689115e+00
2.61571793209e+00
2.61730289227e+00
2.61482604432e+00
2.62157289741e+00
2.61610171757e+00
2.62025536738e+00
2.61780855354e+00
2.62092354439e+00
2.61846518730e+00
2.62239465272e+00
2.61545395675e+00
2.62203277036e+00
2.62024861109e+00
2.61989090523e+00
2.62173344540e+00
2.62142647352e+00
2.62000380016e+00
2.61701292984e+00
2.61452308902e+00
2.61657529852e+00
2.61708193668e+00
2.61711982561e+00
2.61659233784e+00
2.61726070815e+00
2.61883183537e+00
2.61728030832e+00
2.61985528514e+00
2.61630802098e+00
2.61803336299e+00
2.61970870046e+00
2.61821598258e+00
2.61783028958e+00
2.61850442685e+00
2.61784666562e+00
2.61800105507e+00
2.62063340946e+00
2.61331880796e+00
2.61948854788e+00
2.62110105627e+00
2.61596229905e+00
2.61707337109e+00
2.61643753496e+00
2.61663376696e+00
2.62056446347e+00
2.61732232703e+00
2.62144657353e+00
2.62074486587e+00
2.61959651869e+00
2.61890420377e+00
2.61692958345e+00
2.61903327252e+00
2.61917523316e+00
2.61752897015e+00
2.61609950628e+00
2.62006788559e+00
2.62072230623e+00
2.61890018902e+00
2.61696369626e+00
2.61433757957e+00
2.61784189930e+00
2.61532598473e+00
2.61598383946e+00
2.61874654498e+00
2.61713396710e+00
2.61578263824e+00
2.61889113782e+00
2.62192351986e+00
2.61440873368e+00
2.61657641072e+00
2.61769577669e+00
2.61784203688e+00
2.61577863958e+00
2.61788507335e+00
2.61564001805e+00
2.61774335678e+00
2.62054355897e+00
2.61784446959e+00
2.61722053810e+00
2.61523606493e+00
2.61802703807e+00
2.61728224670e+00
2.61835903921e+00
2.61931676929e+00
2.61668301579e+00
2.61583763799e+00
2.61854206449e+00
2.61623071214e+00
2.61650048422e+00
2.61786900328e+00
2.62149753507e+00
2.61971499932e+00
2.61985663879e+00
2.61604011203e+00
2.61679429135e+00
2.61709350499e+00
2.61601441438e+00
2.61589948586e+00
2.62130373299e+00
2.61601951234e+00
2.61814809869e+00
2.61632626254e+00
2.61839187081e+00
2.61492720487e+00
2.61674053339e+00
2.62082957814e+00
2.62054675823e+00
2.61468325054e+00
2.61836758343e+00
2.61422679679e+00
2.61614028024e+00
2.61611642341e+00
2.61820887562e+00
2.61970917516e+00
2.61394658875e+00
2.61825345173e+00
2.62454872601e+00
2.61733832077e+00
2.61960580947e+00
2.61649400521e+00
2.61628344748e+00
2.62078218440e+00
2.61436072691e+00
2.61803714291e+00
2.61814165211e+00
2.61761194576e+00
2.61998235824e+00
2.61895019017e+00
2.61985741456e+00
2.61711519906e+00
2.61930221420e+00
2.61571622644e+00
2.61620080656e+00
2.61828223631e+00
2.61697330361e+00
2.61856763737e+00
2.61843403366e+00
2.61577235088e+00
2.62204844764e+00
2.61997820903e+00
2.61595670918e+00
2.61855132647e+00
2.61967002105e+00
2.61676845684e+00
2.61664432652e+00
2.61792022963e+00
2.61852233260e+00
2.61721612897e+00
2.61711053187e+00
2.61969879468e+00
2.61940908069e+00
2.61912516532e+00
2.61706781774e+00
2.61514662220e+00
2.61860834114e+00
2.61947095214e+00
2.61794498637e+00
2.61504957811e+00
2.61880553675e+00
2.61979614500e+00
2.61516910059e+00
2.62071187100e+00
2.62127801286e+00
2.61539256753e+00
2.61823869290e+00
2.61906134387e+00
2.61492517982e+00
2.61840218485e+00
2.61969402714e+00
2.61737654528e+00
2.61374572585e+00
2.61627473565e+00
2.61733986161e+00
2.61694825947e+00
2.61870206010e+00
2.61752663136e+00
2.62242827385e+00
2.61909962850e+00
2.61974216011e+00
2.61609797376e+00
2.61773135178e+00
2.61642758039e+00
2.61877794677e+00
2.62072773678e+00
2.61934210604e+00
2.61964090142e+00
2.61914963731e+00
2.62065531621e+00
2.61501782009e+00
2.61578256596e+00
2.61821619067e+00
2.61819676972e+00
2.61647537177e+00
2.61802805904e+00
2.61868775262e+00
2.61871035946e+00
2.61904375003e+00
2.61751190415e+00
2.61848045718e+00
2.61766571999e+00
2.61748692877e+00
2.61714446357e+00
2.62059846860e+00
2.61868262945e+00
2.61622773775e+00
2.62033328127e+00
2.61894548047e+00
2.62253198336e+00
2.61625935235e+00
2.61787267877e+00
2.61842094391e+00
2.61920145842e+00
2.61895338798e+00
2.61772614731e+00
2.61667912361e+00
2.61937420919e+00
2.61534062049e+00
2.61856590086e+00
2.61689533283e+00
2.61415852087e+00
2.61803051316e+00
2.61876411607e+00
2.61899107941e+00
2.61679817312e+00
2.61697747296e+00
2.61510437473e+00
2.61451479985e+00
2.61729362343e+00
2.61757340992e+00
2.61678525763e+00
2.61791871162e+00
2.61846411905e+00
2.61823562466e+00
2.61909022416e+00
2.62235777585e+00
2.62023102861e+00
2.61868424636e+00
2.61491116476e+00
2.61945659709e+00
2.62128290185e+00
2.61906960139e+00
2.61746159244e+00
2.61914926219e+00
2.61762102942e+00
2.61871298479e+00
2.61744580127e+00
2.61483830300e+00
2.61870307788e+00
2.61648651850e+00
2.61975738553e+00
2.61598427254e+00
2.61874906860e+00
2.61781879331e+00
2.62034549379e+00
2.62060571835e+00
2.61743141870e+00
2.61719782435e+00
2.61801292057e+00
2.61773087632e+00
2.62074324019e+00
2.61753589695e+00
2.61723863760e+00
2.61930790744e+00
2.62056077045e+00
2.61616870167e+00
2.61720610196e+00
2.61886623989e+00
2.61761862567e+00
2.61697039242e+00
2.61874572661e+00
2.62084775421e+00
2.61750158218e+00
2.61894222419e+00
2.61871467821e+00
2.62044989943e+00
2.61821777830e+00
2.61810794820e+00
2.61757337563e+00
2.61889187795e+00
2.61918015603e+00
2.61655194113e+00
2.61633868206e+00
2.61614218380e+00
2.61793567723e+00
2.61596566740e+00
2.61757998316e+00
2.61896251212e+00
2.61935481420e+00
2.61865641241e+00
2.61786964084e+00
2.61718002126e+00
2.61734277523e+00
2.61757564043e+00
2.62079011148e+00
2.61665436290e+00
2.61656566378e+00
2.61757151628e+00
2.61944518594e+00
2.62050266489e+00
2.61876945467e+00
2.62088600242e+00
2.61793403257e+00
2.62063595714e+00
2.61722549237e+00
2.61800272408e+00
2.61952243764e+00
2.61715279865e+00
2.62054784884e+00
2.61814937080e+00
2.62044682072e+00
2.61971558839e+00
2.61720039288e+00
2.61552622268e+00
2.61657293577e+00
2.62043137117e+00
2.61890921446e+00
2.61908408194e+00
2.62009542399e+00
2.61755095725e+00
2.61892603016e+00
2.62009126958e+00
2.61907211787e+00
2.61880634317e+00
2.61891738970e+00
2.61767178608e+00
2.62054774798e+00
2.61936979696e+00
2.61839531706e+00
2.61887787450e+00
2.61752717117e+00
2.61928123627e+00
2.62016917355e+00
2.61743135255e+00
2.61741667688e+00
2.61543941986e+00
2.61686758086e+00
2.61753273630e+00
2.61885315560e+00
2.61830144902e+00
2.61621649418e+00
2.61585230575e+00
2.62091376949e+00
2.61646017046e+00
2.61862678273e+00
2.61657539629e+00
2.62015568819e+00
2.61672680731e+00
2.61994324065e+00
2.61627377698e+00
2.62084178623e+00
2.61731952742e+00
2.61800838384e+00
2.62095439464e+00
2.61958784847e+00
2.61923802140e+00
2.61815296993e+00
2.61699850862e+00
2.61685020398e+00
2.61737363350e+00
2.61784662515e+00
2.61618243409e+00
2.61407703631e+00
2.61420615343e+00
2.61988563797e+00
2.61423165759e+00
2.61729802328e+00
2.61906980482e+00
2.61903045033e+00
2.61620440616e+00
2.61881116638e+00
2.61929129019e+00
2.61556737849e+00
2.61332885547e+00
2.62019843013e+00
2.61570412902e+00
2.61669362970e+00
2.61989359508e+00
2.61751517512e+00
2.61758653122e+00
2.61456339214e+00
2.62008786605e+00
2.61807044078e+00