5.30332427977e-01
5.28876730664e-01
5.26584550025e-01
5.28295210618e-01
5.29248358156e-01
5.27636635864e-01
5.26755196650e-01
5.28948603873e-01
5.26680562021e-01
5.28320122003e-01
5.29306480287e-01
5.25359781342e-01
5.28922540400e-01
5.30002895003e-01
5.29626322092e-01
5.27625216535e-01
5.27009426996e-01
5.30006686407e-01
5.27047219807e-01
5.27012731770e-01
5.28704929652e-01
5.26614113618e-01
5.28008211319e-01
5.26763524249e-01
5.27980242253e-01
5.28623393111e-01
5.27607044547e-01
5.27956469635e-01
5.28735125243e-01
5.28949397982e-01
5.29825515473e-01
5.28124976676e-01
5.28860099076e-01
5.28313855123e-01
5.28128482753e-01
5.28886398372e-01
5.26403060082e-01
5.30800553573e-01
5.29113229309e-01
5.30246211647e-01
5.26848232830e-01
5.28874668507e-01
5.28298224644e-01
5.30992036705e-01
5.26441592461e-01
5.26608432500e-01
5.30091525083e-01
5.27403412492e-01
5.27620602769e-01
5.27415940723e-01
5.29923157742e-01
5.28799798630e-01
5.27425897978e-01
5.27014507179e-01
5.29001970679e-01
5.29125019614e-01
5.25713481709e-01
5.29163705669e-01
5.30711678090e-01
5.30032797983e-01
5.27162924046e-01
5.26940468810e-01
5.28966497574e-01
5.27570542213e-01
5.28092153074e-01
5.29816326028e-01
5.27795222736e-01
5.28629755711e-01
5.27214517988e-01
5.27531653555e-01
5.29302430878e-01
5.32020723438e-01
5.28750445547e-01
5.29179108193e-01
5.28525699838e-01
5.30476562866e-01
5.27302347250e-01
5.28111032513e-01
5.27666557636e-01
5.28149183766e-01
5.27605186921e-01
5.28554462104e-01
5.26265674036e-01
5.29186667114e-01
5.27209990717e-01
5.28745935966e-01
5.27670171578e-01
5.28795540205e-01
5.26176659152e-01
5.28976687188e-01
5.29593468247e-01
5.29124637996e-01
5.27778341441e-01
5.27127340117e-01
5.27980849000e-01
5.28245428358e-01
5.27515240824e-01
5.30556887672e-01
5.26324984777e-01
5.27264499595e-01
5.29901702307e-01
5.28412717723e-01
5.28542877533e-01
5.29643483994e-01
5.25309897936e-01
5.26463148183e-01
5.27325405443e-01
5.29076868279e-01
5.27043815716e-01
5.28058303186e-01
5.26360383921e-01
5.29766258000e-01
5.27625105717e-01
5.27313807717e-01
5.28281253764e-01
5.28916987992e-01
5.30420022376e-01
5.28918125773e-01
5.26752116898e-01
5.29246922879e-01
5.27538469765e-01
5.27879832846e-01
5.26877782957e-01
5.28461094328e-01
5.28429262560e-01
5.26740869680e-01
5.29273200681e-01
5.28872069062e-01
5.27537026967e-01
5.28466330686e-01
5.27379331121e-01
5.28528245981e-01
5.28348975575e-01
5.28186322673e-01
5.29940299180e-01
5.30126753635e-01
5.30506639837e-01
5.26745468107e-01
5.29847113515e-01
5.29592788907e-01
5.27508127212e-01
5.28081438741e-01
5.30188942164e-01
5.30240798891e-01
5.29470473213e-01
5.29822221475e-01
5.28445068393e-01
5.29920021227e-01
5.29008401763e-01
5.30534941437e-01
5.29447013339e-01
5.29408260200e-01
5.28196780315e-01
5.30075066931e-01
5.27158471104e-01
5.28613470187e-01
5.26550397819e-01
5.27811135645e-01
5.27641383234e-01
5.28606533567e-01
5.29252234135e-01
5.27502658660e-01
5.28774951041e-01
5.28230675497e-01
5.29112827901e-01
5.26087105429e-01
5.30035128632e-01
5.29287805357e-01
5.28530426871e-01
5.28431735915e-01
5.28854892865e-01
5.27836272773e-01
5.27372291812e-01
5.30093152749e-01
5.27418853135e-01
5.27982869858e-01
5.28625569213e-01
5.24620659109e-01
5.28444864719e-01
5.26838308451e-01
5.29801576191e-01
5.28107924347e-01
5.28692828367e-01
5.27900244100e-01
5.26143085612e-01
5.30029042995e-01
5.26888908048e-01
5.30676584426e-01
5.26990632080e-01
5.29212380922e-01
5.28483832607e-01
5.27620499096e-01
5.27454745559e-01
5.29222179788e-01
5.27389625061e-01
5.29666796187e-01
5.29439313359e-01
5.28992705381e-01
5.25445107533e-01
5.31968986545e-01
5.28522631167e-01
5.26587534117e-01
5.26744657723e-01
5.28279351809e-01
5.25783447476e-01
5.26449847848e-01
5.29905827181e-01
5.30320827976e-01
5.28844535906e-01
5.28010532272e-01
5.26217948874e-01
5.27749499213e-01
5.28771453375e-01
5.26730208070e-01
5.27922984451e-01
5.27200868743e-01
5.26215994172e-01
5.29655767744e-01
5.27316757596e-01
5.27417126691e-01
5.28668082831e-01
5.26974610227e-01
5.28101894386e-01
5.27276884395e-01
5.26524213263e-01
5.27560379912e-01
5.28769480930e-01
5.29981335381e-01
5.28202161441e-01
5.30375992264e-01
5.28352944542e-01
5.28867025039e-01
5.28130972918e-01
5.29337008822e-01
5.29044134640e-01
5.28646179260e-01
5.29458453673e-01
5.27752445427e-01
5.29711612261e-01
5.28815826465e-01
5.28948843762e-01
5.26768592115e-01
5.27499918000e-01
5.26791328950e-01
5.27843387348e-01
5.27584626957e-01
5.28963844928e-01
5.28826685153e-01
5.24542940364e-01
5.28352628091e-01
5.28358071014e-01
5.29037923308e-01
5.26789015575e-01
5.29344712611e-01
5.29145286336e-01
5.26410257925e-01
5.28132798075e-01
5.26470025836e-01
5.27245892696e-01
5.25892928629e-01
5.29928686500e-01
5.27804575056e-01
5.28131653898e-01
5.27152890771e-01
5.27799174916e-01
5.25739263607e-01
5.30206044444e-01
5.27846599603e-01
5.27803924188e-01
5.29701474606e-01
5.29195041527e-01
5.26620522087e-01
5.28498053379e-01
5.28590417049e-01
5.28506213789e-01
5.29496254966e-01
5.26301090252e-01
5.29714810358e-01
5.27291077970e-01
5.28998635924e-01
5.26206059342e-01
5.24522685566e-01
5.28536117975e-01
5.28366807520e-01
5.26919717113e-01
5.30275849439e-01
5.29009183133e-01
5.25863028095e-01
5.27501017204e-01
5.29418989559e-01
5.28386910904e-01
5.28075942901e-01
5.28353616588e-01
5.26869846158e-01
5.27561625935e-01
5.25655185199e-01
5.26452029501e-01
5.29750042534e-01
5.29624619352e-01
5.26616797227e-01
5.29336399180e-01
5.26973160682e-01
5.30051589752e-01
5.30384579736e-01
5.28809236746e-01
5.28898745527e-01
5.28399294587e-01
5.26942849562e-01
5.26456623980e-01
5.28986006947e-01
5.27123810503e-01
5.26980168691e-01
5.27193404356e-01
5.25982859814e-01
5.29392553144e-01
5.28787884253e-01
5.27947045130e-01
5.28155851981e-01
5.28089602926e-01
5.29144408294e-01
5.26939709741e-01
5.28308064193e-01
5.29356935466e-01
5.26367909735e-01
5.25573152450e-01
5.28260510392e-01
5.29881143027e-01
5.25853834404e-01
5.27860614781e-01
5.29406242541e-01
5.31723700019e-01
5.25693801355e-01
5.30141956520e-01
5.28003426761e-01
5.30134440677e-01
5.31192543992e-01
5.30254953536e-01
5.29411014244e-01
5.30292256519e-01
5.25084977187e-01
5.27214463315e-01
5.30518614628e-01
5.27118512020e-01
5.26348247915e-01
5.28777722008e-01
5.28114323482e-01
5.27922186111e-01
5.30278970168e-01
5.28905879120e-01
5.23662204587e-01
5.29389220856e-01
5.28029617854e-01
5.29708536390e-01
5.27691996150e-01
5.29751222361e-01
5.28352186749e-01
5.25550191726e-01
5.27363769468e-01
5.29057369403e-01
5.28319712379e-01
5.30046918934e-01
5.28021278610e-01
5.27331311627e-01
5.29041404445e-01
5.29757670576e-01
5.28593027644e-01
5.28462718640e-01
5.30862147034e-01
5.27165922510e-01
5.28232116848e-01
5.27726434963e-01
5.25979301219e-01
5.28161728053e-01
5.30650410849e-01
5.27773712546e-01
5.27588453873e-01
5.29660006363e-01
5.27475682612e-01
5.26194098441e-01
5.31490212672e-01
5.25153077838e-01
5.30543452352e-01
5.28023438415e-01
5.28405785300e-01
5.26947033255e-01
5.28537463520e-01
5.28573673060e-01
5.27370841341e-01
5.28564422934e-01
5.29846294747e-01
5.27938051329e-01
5.27712502614e-01
5.30478946446e-01
5.25962229457e-01
5.26651224723e-01
5.27092199096e-01
5.29068585555e-01
5.27326004026e-01
5.29089165743e-01
5.25823072778e-01
5.30507038775e-01
5.29006264309e-01
5.29031471965e-01
5.27903964248e-01
5.26517044038e-01
5.30000644211e-01
5.25972852412e-01
5.29380573137e-01
5.26700284691e-01
5.28122850895e-01
5.28484709005e-01
5.28423589000e-01
5.26644271402e-01
5.28673641501e-01
5.27211648717e-01
5.28545743871e-01
5.27419399824e-01
5.25212639915e-01
5.28175313937e-01
5.30629534107e-01
5.27343215006e-01
5.27548050541e-01
5.28367001282e-01
5.28891779404e-01
5.27988697581e-01
5.29520935769e-01
5.28274788979e-01
5.24822867208e-01
5.29486752343e-01
5.28973369158e-01
5.24738467904e-01
5.25152856169e-01
5.28843154047e-01
5.27976427968e-01
5.28998281859e-01
5.30093975216e-01
5.28642257399e-01
5.29368467322e-01
5.26496201317e-01
5.29080658094e-01
5.28110640246e-01
5.27125890136e-01
5.28473505087e-01
5.29973253405e-01
5.26290114040e-01
5.25355426268e-01
5.26738268968e-01
5.29770203466e-01
5.26852933696e-01
5.26682383608e-01
5.27788161454e-01
5.27567584591e-01
5.28407352051e-01
5.28206609335e-01
5.29077766929e-01
5.27217484930e-01
5.26347014839e-01
5.28605007048e-01
5.29535072867e-01
5.25461295326e-01
5.30837205943e-01
5.27867754430e-01
5.28231892144e-01
5.29061747642e-01
5.27733010994e-01
5.26313470043e-01
5.26899233509e-01
5.26463439961e-01
5.25223318509e-01
5.30034837125e-01
5.28308714622e-01
5.26590282774e-01
5.29009317282e-01
5.25873807915e-01
5.28741369427e-01
5.26167792787e-01
5.26880916716e-01
5.27828017634e-01
5.28643182986e-01
5.27342827897e-01
5.28359960619e-01
5.28165390655e-01
5.27729613302e-01
5.27699119479e-01
5.27431323715e-01
5.26579295646e-01
5.28132657383e-01
5.27321552505e-01
5.27194654827e-01
5.27535865149e-01
5.27649835466e-01
5.31525517452e-01
5.28327181311e-01
5.26518258470e-01
5.26293674955e-01
5.26507915116e-01
5.27366108635e-01
5.29296391858e-01
5.29669610268e-01
5.27730143277e-01
5.28171165258e-01