2.27033412554e+00
2.27306389602e+00
2.28153162243e+00
2.27406861746e+00
2.26893443565e+00
2.27849062250e+00
2.27655153892e+00
2.26647649525e+00
2.27576036904e+00
2.27366425025e+00
2.27911681139e+00
2.27393236690e+00
2.27750079012e+00
2.27839380797e+00
2.27528527345e+00
2.27588794738e+00
2.27610698502e+00
2.27286417922e+00
2.27184892494e+00
2.27045612203e+00
2.26592357921e+00
2.26866454899e+00
2.26875659577e+00
2.27937672681e+00
2.27767169712e+00
2.27951683402e+00
2.28084327955e+00
2.27698931565e+00
2.27143979684e+00
2.27279613427e+00
2.27271140456e+00
2.27558792162e+00
2.27817906182e+00
2.27309016379e+00
2.27647491026e+00
2.27209327700e+00
2.27349975510e+00
2.27642047870e+00
2.27096055787e+00
2.28158632729e+00
2.27463159527e+00
2.27820626604e+00
2.28004837112e+00
2.27915622158e+00
2.26808339629e+00
2.27450830116e+00
2.27915823681e+00
2.27310553505e+00
2.27472523084e+00
2.27178785699e+00
2.28705316561e+00
2.27556870320e+00
2.27509569419e+00
2.27054566275e+00
2.27326572183e+00
2.27614576672e+00
2.27918343557e+00
2.27357280759e+00
2.27201615798e+00
2.27509098148e+00
2.27575420097e+00
2.27039321118e+00
2.27883820231e+00
2.26954062597e+00
2.27683473776e+00
2.27731105803e+00
2.26769764669e+00
2.27538808659e+00
2.27592542044e+00
2.27900752078e+00
2.27142374591e+00
2.27006851094e+00
2.27401582172e+00
2.26681757477e+00
2.27457908052e+00
2.27943161703e+00
2.27605189721e+00
2.27852241039e+00
2.28319252386e+00
2.27560826296e+00
2.27570055293e+00
2.27324226028e+00
2.27218355255e+00
2.27343408707e+00
2.27272207187e+00
2.27823147144e+00
2.27638912662e+00
2.27601482670e+00
2.27258039284e+00
2.27619983706e+00
2.26689278403e+00
2.27115682515e+00
2.27638831600e+00
2.28273180437e+00
2.27504542866e+00
2.27085067756e+00
2.27777646026e+00
2.27716413343e+00
2.26981234101e+00
2.28343458121e+00
2.27305838288e+00
2.28266295583e+00
2.27126655811e+00
2.27902520431e+00
2.27222937345e+00
2.27448941405e+00
2.27393574222e+00
2.27507839891e+00
2.27266897448e+00
2.27356039723e+00
2.27503278803e+00
2.27622810462e+00
2.26711993817e+00
2.27965805605e+00
2.28444685048e+00
2.27008017255e+00
2.28006049297e+00
2.27528476407e+00
2.27168773794e+00
2.27585039783e+00
2.27195083043e+00
2.27977055864e+00
2.26849026640e+00
2.27217626711e+00
2.28220778981e+00
2.27616892117e+00
2.27275551968e+00
2.26630950944e+00
2.27462196067e+00
2.27499820250e+00
2.27419779005e+00
2.27349997022e+00
2.27892339806e+00
2.27506927825e+00
2.26859639031e+00
2.27581236255e+00
2.27454979476e+00
2.27380835278e+00
2.27307770502e+00
2.26930432100e+00
2.26809802288e+00
2.27727190071e+00
2.27306257102e+00
2.27933004974e+00
2.27184530728e+00
2.27457551353e+00
2.26887671596e+00
2.27422312230e+00
2.27034863794e+00
2.28141585147e+00
2.28087997357e+00
2.27766788270e+00
2.27275003348e+00
2.26683870593e+00
2.27338489009e+00
2.27203503357e+00
2.27435299845e+00
2.27704452855e+00
2.27391197388e+00
2.27705315781e+00
2.27302227821e+00
2.27308332109e+00
2.27129869724e+00
2.26990795724e+00
2.27624569847e+00
2.28033257411e+00
2.26825230718e+00
2.26990783340e+00
2.27668101370e+00
2.27448377071e+00
2.27638472933e+00
2.26856672707e+00
2.27648820014e+00
2.27334371187e+00
2.27459472780e+00
2.27618299435e+00
2.27445582049e+00
2.27199691332e+00
2.27740980515e+00
2.28447750796e+00
2.27600003857e+00
2.27558715570e+00
2.27689683726e+00
2.27025837417e+00
2.27845571532e+00
2.26906806722e+00
2.27135475218e+00
2.27387702974e+00
2.27371318452e+00
2.27793521223e+00
2.28161674674e+00
2.27868869513e+00
2.27373641071e+00
2.27584419960e+00
2.27419185421e+00
2.27836224031e+00
2.28324419593e+00
2.27475733119e+00
2.27962932700e+00
2.27700636552e+00
2.27229858934e+00
2.27410166991e+00
2.27419156938e+00
2.27939526914e+00
2.27236172309e+00
2.27836043866e+00
2.26957338860e+00
2.27303583218e+00
2.27623032471e+00
2.26312986396e+00
2.27532162826e+00
2.27848670584e+00
2.27453726566e+00
2.28425111318e+00
2.27224925875e+00
2.27566804355e+00
2.27347785930e+00
2.27541585943e+00
2.27394468286e+00
2.27640578777e+00
2.26855332096e+00
2.27007880562e+00
2.26870116450e+00
2.27348358446e+00
2.27043697774e+00
2.27371823872e+00
2.27881850731e+00
2.26671806164e+00
2.27538017948e+00
2.27493919249e+00
2.27751195200e+00
2.27040937071e+00
2.26903183114e+00
2.27127091190e+00
2.27555705083e+00
2.27332903203e+00
2.27838889874e+00
2.27442421770e+00
2.27442300264e+00
2.27462904291e+00
2.27440907355e+00
2.27541356233e+00
2.27993615475e+00
2.26635236627e+00
2.26865108836e+00
2.27851442737e+00
2.27520149920e+00
2.27956332726e+00
2.27620455406e+00
2.27340846620e+00
2.27336128046e+00
2.28293762287e+00
2.27277767727e+00
2.27846168177e+00
2.27319980094e+00
2.27436687184e+00
2.27593871922e+00
2.28112865959e+00
2.27282533214e+00
2.26985368855e+00
2.26939442099e+00
2.26984461591e+00
2.27847876658e+00
2.27265629013e+00
2.27551784555e+00
2.27081384251e+00
2.27827097120e+00
2.27489774692e+00
2.28189185320e+00
2.27480596482e+00
2.27805111109e+00
2.27546131382e+00
2.27041161194e+00
2.27270582170e+00
2.27734015141e+00
2.27330060439e+00
2.27936982514e+00
2.27466821226e+00
2.27233797713e+00
2.27396434391e+00
2.27538122836e+00
2.26794224076e+00
2.27838127844e+00
2.26920125952e+00
2.27061998189e+00
2.27473219144e+00
2.27280111631e+00
2.27440484517e+00
2.27346598584e+00
2.27422554776e+00
2.27123214412e+00
2.26998808204e+00
2.28233226354e+00
2.26828112181e+00
2.27560956831e+00
2.27781070541e+00
2.27483946179e+00
2.27470548714e+00
2.26898873127e+00
2.27164564204e+00
2.27935976588e+00
2.27494637181e+00
2.27395755918e+00
2.27056062146e+00
2.27664845494e+00
2.27609852597e+00
2.27748771390e+00
2.26977898375e+00
2.27820818786e+00
2.27147054447e+00
2.26968924108e+00
2.27670120173e+00
2.27991272225e+00
2.28079071581e+00
2.27950643658e+00
2.28329843825e+00
2.27238939908e+00
2.27523067838e+00
2.27337972403e+00
2.27850908358e+00
2.27445050349e+00
2.27631341477e+00
2.27683386874e+00
2.27692104805e+00
2.27795311623e+00
2.27416712239e+00
2.27716944104e+00
2.27578390280e+00
2.27379488642e+00
2.27866440540e+00
2.27868214266e+00
2.27074019888e+00
2.27756731655e+00
2.26754711206e+00
2.27236577559e+00
2.27663028296e+00
2.27188721259e+00
2.27443617508e+00
2.26972786580e+00
2.27994890154e+00
2.26826562408e+00
2.27170597443e+00
2.27730024265e+00
2.27239153131e+00
2.26937912624e+00
2.27362566636e+00
2.27878169087e+00
2.27565605389e+00
2.27405774371e+00
2.28001338272e+00
2.27530584170e+00
2.27304763291e+00
2.27428520115e+00
2.27205689101e+00
2.27191814248e+00
2.27569955590e+00
2.27924259275e+00
2.27281259374e+00
2.27763367461e+00
2.26891479623e+00
2.27737177605e+00
2.27291382223e+00
2.27892902284e+00
2.27039472508e+00
2.27434126722e+00
2.27017078285e+00
2.27096419951e+00
2.27507799185e+00
2.27623621981e+00
2.27544899296e+00
2.26840472267e+00
2.27477077642e+00
2.26865595435e+00
2.27519505406e+00
2.27089671012e+00
2.27386614472e+00
2.28078695446e+00
2.27636963511e+00
2.27724142896e+00
2.27330605024e+00
2.27522205091e+00
2.28179145652e+00
2.27277914401e+00
2.28199653245e+00
2.27537231759e+00
2.27671422770e+00
2.27494018817e+00
2.27133946815e+00
2.27783128036e+00
2.27716518373e+00
2.27392124869e+00
2.27765662930e+00
2.27951849301e+00
2.27195494446e+00
2.27200412081e+00
2.27675942783e+00
2.27859374815e+00
2.27332811989e+00
2.27745016308e+00
2.27532354545e+00
2.26859370911e+00
2.28198677107e+00
2.27572780820e+00
2.27354839292e+00
2.27914002170e+00
2.27516320877e+00
2.27622930296e+00
2.27748029915e+00
2.27640199910e+00
2.26903573335e+00
2.28170694484e+00
2.27346826347e+00
2.26984524107e+00
2.26986105023e+00
2.27955526110e+00
2.27729930798e+00
2.27780869777e+00
2.27768053828e+00
2.28271877830e+00
2.26994544230e+00
2.27774138008e+00
2.27351621896e+00
2.27581078948e+00
2.27647921986e+00
2.27223124989e+00
2.27343877609e+00
2.27470068190e+00
2.27213502423e+00
2.27570334898e+00
2.27618969613e+00
2.27165629838e+00
2.27879643005e+00
2.27278974522e+00
2.27598768967e+00
2.28198752742e+00
2.27436366941e+00
2.27563894829e+00
2.27074386071e+00
2.27309589122e+00
2.27598841726e+00
2.27550782297e+00
2.27264600188e+00
2.26792460695e+00
2.27597778315e+00
2.27021829621e+00
2.27397157712e+00
2.28278037157e+00
2.27085031976e+00
2.27379616386e+00
2.27331419482e+00
2.27499478647e+00
2.27173189727e+00
2.27356350558e+00
2.26934607470e+00
2.27623398596e+00
2.27002389501e+00
2.27565340603e+00
2.27426693951e+00
2.26615412650e+00
2.27895565754e+00
2.27805672555e+00
2.26925679627e+00
2.27495808330e+00
2.27906472240e+00
2.27290525366e+00
2.27304588752e+00
2.27681913208e+00
2.27538980883e+00
2.27532017627e+00
2.28160974605e+00
2.27662027221e+00
2.27047027675e+00
2.27653618879e+00
2.27677202325e+00
2.27415395949e+00
2.27274369478e+00
2.26839083219e+00
2.27062702930e+00
2.28594871920e+00
2.28298490749e+00
2.27817643768e+00
2.27807464762e+00
2.27412155743e+00
2.27807714501e+00
2.27610033659e+00
2.28137466829e+00
2.27407714685e+00
2.27525162564e+00
2.27828303212e+00
2.27061306193e+00
2.27504863583e+00
2.26654519161e+00
2.27357810011e+00
2.26872616081e+00
2.27193005341e+00
2.27389956132e+00
2.27823884386e+00
2.26857280597e+00
2.26798649642e+00
2.27911515989e+00
2.27488664846e+00