6.78729589695e-01
6.88303933137e-01
6.79664098933e-01
6.96257822306e-01
6.67999757767e-01
6.89682927844e-01
6.89535542656e-01
6.83088622603e-01
6.88613211427e-01
6.93790457723e-01
6.90172635367e-01
6.92431243676e-01
6.84910907779e-01
6.85361158846e-01
6.89281930694e-01
6.89357217682e-01
6.85472632644e-01
6.72258091944e-01
6.72943807747e-01
6.83538203884e-01
6.94653033399e-01
6.88083570494e-01
6.64340674876e-01
7.01279020314e-01
6.80570930367e-01
6.87752111574e-01
6.66113290310e-01
6.75764918139e-01
6.76048423800e-01
6.93843636647e-01
6.84297557127e-01
6.80635442779e-01
6.76074013046e-01
6.93197786558e-01
6.87348663483e-01
6.82252225813e-01
6.87411634495e-01
6.84996550259e-01
6.75563091998e-01
6.95960860003e-01
6.87425202501e-01
6.70579495272e-01
6.78578847925e-01
6.96529489563e-01
6.73896606005e-01
6.95072982465e-01
6.98978435576e-01
6.65251387172e-01
6.88360683276e-01
6.86649454535e-01
6.92119027133e-01
6.84704659932e-01
6.71802705156e-01
6.87354001831e-01
6.64487509401e-01
6.83149821573e-01
6.85735832406e-01
6.90987604242e-01
6.91658468025e-01
6.71449700714e-01
6.92750321542e-01
6.83265904383e-01
6.77944350366e-01
6.89623978252e-01
6.91450359428e-01
6.92159772693e-01
6.84995433019e-01
6.92912582599e-01
6.73436684221e-01
6.62235128285e-01
6.79782206891e-01
6.79200883511e-01
6.99731444209e-01
6.68863228962e-01
6.87395383567e-01
6.76794080979e-01
6.93169281668e-01
6.93197618581e-01
6.91204530749e-01
6.59774620310e-01
6.93302507162e-01
6.89788319705e-01
6.78036131770e-01
6.90889992453e-01
6.71912789620e-01
6.93977584406e-01
6.77586150347e-01
6.92504168559e-01
6.88176985258e-01
6.73297297089e-01
7.00100439260e-01
6.78853715803e-01
6.69457091734e-01
6.69094527698e-01
6.93024921199e-01
6.80127018817e-01
6.76307751712e-01
6.70734892292e-01
6.96258737761e-01
6.81405654376e-01
6.68523717944e-01
6.67659414372e-01
6.89320799249e-01
6.89277733502e-01
6.82498070507e-01
6.71873150129e-01
6.97585075166e-01
6.78395381695e-01
6.78671392048e-01
6.78378005435e-01
6.75544788718e-01
6.95753025005e-01
6.76973406790e-01
6.77206022372e-01
6.81051341101e-01
6.75652054112e-01
6.83153594853e-01
6.88008679645e-01
6.72863867096e-01
6.87243079413e-01
6.77717753669e-01
6.73496011697e-01
6.74559350814e-01
6.85861225104e-01
7.05261924008e-01
6.76200262929e-01
6.93490097071e-01
6.75983467284e-01
6.89562421118e-01
6.89360564239e-01
6.83406864940e-01
6.73814087833e-01
6.99293965055e-01
6.89048385364e-01
6.81281582739e-01
6.86185900560e-01
6.90604352409e-01
6.74458453083e-01
6.77729680646e-01
6.77002951783e-01
6.82055073962e-01
6.65322874556e-01
6.82032082093e-01
6.97864500881e-01
6.83849100469e-01
7.04237388194e-01
7.01704306235e-01
6.77335271727e-01
6.89880332206e-01
6.81639022708e-01
6.74000812249e-01
6.69362685787e-01
6.84264598442e-01
6.77271143800e-01
6.78563559613e-01
6.91522351759e-01
6.77654555746e-01
6.85136141124e-01
6.82040320220e-01
6.67315621216e-01
6.84275852879e-01
6.79173194475e-01
6.96824041743e-01
6.83526273587e-01
6.84396638653e-01
6.93445525043e-01
6.69148865133e-01
6.69098229839e-01
6.96741105340e-01
6.85596245205e-01
6.84498036511e-01
6.84042023542e-01
6.81702975859e-01
6.85005259835e-01
6.77880167325e-01
6.83670146335e-01
6.71147776443e-01
6.83693662857e-01
6.85258153085e-01
6.63359288624e-01
6.70266030871e-01
6.89949991149e-01
6.85299447249e-01
6.87160101569e-01
6.88475435102e-01
6.83867039984e-01
6.82109095759e-01
6.96481376446e-01
6.87938162546e-01
6.84293796979e-01
6.95030256424e-01
6.87328021831e-01
6.90389787824e-01
6.79344491071e-01
6.75540661291e-01
6.94435972846e-01
6.87212796083e-01
6.91785251525e-01
6.81148680519e-01
6.65223687743e-01
6.84773530214e-01
6.73942469935e-01
6.85498675600e-01
6.84107603719e-01
7.01231863460e-01
6.77120404277e-01
6.97902643193e-01
6.97152153333e-01
6.61994311211e-01
6.75992364968e-01
6.95871831149e-01
6.83408376489e-01
6.78444850914e-01
6.96888130910e-01
6.93744628757e-01
6.93227943870e-01
6.82575139041e-01
6.85966409286e-01
6.76895410170e-01
6.87098008883e-01
6.80808764972e-01
6.81670098992e-01
6.84690702367e-01
6.79983080131e-01
6.77986078766e-01
7.01483376857e-01
6.88009085672e-01
6.89643364619e-01
6.84818021388e-01
7.02205204108e-01
6.64686117064e-01
6.79257360828e-01
7.00094598321e-01
6.92855506609e-01
6.74558702370e-01
7.03508730626e-01
6.71343773958e-01
6.95082211434e-01
6.79899223691e-01
6.90611510402e-01
6.91276137821e-01
6.90725718665e-01
6.82320192655e-01
6.83994100021e-01
6.78916868038e-01
6.70239356158e-01
6.83216068353e-01
7.01360647485e-01
6.81500581015e-01
6.82124002030e-01
6.95371194336e-01
6.88445612863e-01
6.89427432934e-01
6.73427586057e-01
6.90366471222e-01
6.80339483683e-01
6.80441448838e-01
6.81431411758e-01
6.91209672905e-01
6.88670207150e-01
6.76971188872e-01
6.70251751132e-01
6.87894962438e-01
6.83574240356e-01
6.74392648102e-01
6.79632398673e-01
6.74153734620e-01
6.94509497186e-01
6.87883837293e-01
6.95695701628e-01
6.82449708467e-01
6.83541154206e-01
6.85578903878e-01
6.84108786246e-01
6.84389021058e-01
6.85159691649e-01
6.97806625733e-01
6.74437281366e-01
6.89048122117e-01
6.68728230036e-01
6.66298526827e-01
6.85464709233e-01
6.79539174647e-01
6.80920260567e-01
6.85022328088e-01
6.85947254033e-01
6.82294627653e-01
6.71470306666e-01
6.64669870334e-01
6.75750513700e-01
6.71433972657e-01
6.96969401668e-01
6.82989682345e-01
6.76744506874e-01
6.77007463993e-01
6.89088126085e-01
6.68568701135e-01
6.84934471484e-01
7.00988258092e-01
6.81684109426e-01
6.85534739700e-01
6.72173405469e-01
6.82016277869e-01
6.94298793817e-01
6.84152935228e-01
6.89113613907e-01
6.82583918345e-01
6.91978916192e-01
6.86225598993e-01
6.71567270680e-01
6.87311702383e-01
6.87987778567e-01
6.77746560703e-01
6.82591676986e-01
6.64456783489e-01
6.74054476333e-01
6.78426074927e-01
6.89046803480e-01
6.91128779299e-01
6.78650684955e-01
6.88288328443e-01
6.86331860216e-01
6.99922788071e-01
6.74986088694e-01
6.85694827556e-01
6.76316842694e-01
6.79693680359e-01
6.95122084348e-01
6.97442593192e-01
6.74678941906e-01
6.83368406651e-01
6.76826057223e-01
6.94859965026e-01
6.84459468712e-01
7.00686283215e-01
6.86720250840e-01
6.88679139543e-01
6.85296782001e-01
6.90026435372e-01
6.74961382348e-01
6.77818287175e-01
7.11467065577e-01
6.77811489370e-01
6.88591165416e-01
6.78743455254e-01
6.91707558181e-01
6.86596895911e-01
6.95387118129e-01
6.86026443408e-01
6.89239684799e-01
6.83621886132e-01
6.83347945676e-01
6.84777423426e-01
6.93525921751e-01
6.64491778254e-01
6.72547299098e-01
6.81753315001e-01
6.86137441422e-01
6.78928219182e-01
6.85762569848e-01
6.82541122162e-01
6.82907646399e-01
6.63300318552e-01
6.84948794914e-01
6.73499182925e-01
6.69699499087e-01
6.93085615375e-01
6.86480499159e-01
6.88015988957e-01
6.57752591203e-01
6.91163096765e-01
6.99703588985e-01
6.72640053188e-01
6.86933764334e-01
6.69026698359e-01
6.70473135400e-01
6.69774114597e-01
6.90796953835e-01
6.87510520222e-01
7.02338132463e-01
6.67105406746e-01
6.77547364210e-01
6.87452245413e-01
6.78804074903e-01
6.72709522429e-01
6.87188816034e-01
6.85788645090e-01
6.81505974715e-01
6.73452292997e-01
6.73406592561e-01
6.82046494282e-01
7.04750059487e-01
6.78835201671e-01
6.71333806814e-01
6.86384075888e-01
6.79778103458e-01
6.79365832127e-01
6.75132159471e-01
6.94464439814e-01
6.88418908258e-01
6.79707191942e-01
6.75922777019e-01
6.84514425388e-01
6.68384517879e-01
6.78723977888e-01
6.68879651088e-01
6.88324279883e-01
6.98992045535e-01
6.94628951390e-01
6.74218274913e-01
6.85205171883e-01
6.81364599703e-01
6.70067207030e-01
6.74907420655e-01
6.77565527884e-01
6.89851718613e-01
6.82419807329e-01
6.84930545524e-01
6.69149872657e-01
6.77634948522e-01
6.86007674773e-01
6.76275141091e-01
7.06269145122e-01
6.88346225055e-01
6.84826862853e-01
7.08668311626e-01
6.96149492637e-01
6.82760298042e-01
6.78378038636e-01
6.78391616825e-01
6.85044177474e-01
6.81176571826e-01
6.83790551207e-01
6.97360840772e-01
6.98638864107e-01
6.87227951498e-01
6.66507127533e-01
6.76620371453e-01
6.60488737484e-01
6.85188100424e-01
6.77780670018e-01
6.87710089936e-01
6.74016127881e-01
6.92876670408e-01
6.91909720856e-01
6.93178935940e-01
6.91418214269e-01
6.78766628147e-01
6.85693543202e-01
6.71365379266e-01
6.87567610399e-01
6.73875833097e-01
6.85852726559e-01
6.98718572973e-01
6.77643012504e-01
6.72517214989e-01
6.96626956468e-01
6.72139166966e-01
6.86710056311e-01
6.71924470713e-01
6.95500521296e-01
6.88016056212e-01
6.67981436257e-01
6.81009255808e-01
6.85187030424e-01
6.88678483298e-01
6.78262925649e-01
6.75734413934e-01
6.86033005042e-01
6.89772582240e-01
6.73969265981e-01
6.89014658944e-01
6.88928321678e-01
6.89630817496e-01
6.79434192079e-01
6.87500223951e-01
6.74640586486e-01
6.90451008526e-01
6.93027842689e-01
6.82324059299e-01
6.69264050069e-01
6.65695171653e-01
6.80762859854e-01
6.63739219293e-01
6.74245023416e-01
6.85805074060e-01
6.79314578059e-01
6.70193869708e-01
6.85115067811e-01
6.88333781725e-01
7.08056059658e-01
6.79670366862e-01
6.93834076948e-01
6.79218612898e-01
6.77322273134e-01
6.82869174910e-01
6.77259966589e-01
6.80370013590e-01
6.85331239601e-01
6.68728599348e-01
6.82853124820e-01