-6.67874388407e+00
-6.68127639941e+00
-6.67465674729e+00
-6.68157999224e+00
-6.68001158957e+00
-6.68094345090e+00
-6.67734377365e+00
-6.68671999318e+00
-6.67968007329e+00
-6.67959713841e+00
-6.68936603285e+00
-6.68311469277e+00
-6.67895471286e+00
-6.68242186078e+00
-6.68717039354e+00
-6.67580824306e+00
-6.68302466389e+00
-6.68491173361e+00
-6.68234941325e+00
-6.68516039592e+00
-6.68634042861e+00
-6.67940070760e+00
-6.68137186524e+00
-6.68749701080e+00
-6.68293161098e+00
-6.68724591607e+00
-6.67966237751e+00
-6.68518709996e+00
-6.67822409163e+00
-6.67933636446e+00
-6.68657662914e+00
-6.68741325918e+00
-6.67931542403e+00
-6.68198925505e+00
-6.67487121237e+00
-6.68770733396e+00
-6.68636165298e+00
-6.68331762133e+00
-6.68588345011e+00
-6.68559185248e+00
-6.68204601246e+00
-6.68174871298e+00
-6.68720347442e+00
-6.68501879568e+00
-6.68025650078e+00
-6.68788246212e+00
-6.68253111481e+00
-6.68562838145e+00
-6.67437621380e+00
-6.68115644644e+00
-6.68195899864e+00
-6.68548528254e+00
-6.67834405498e+00
-6.67982596142e+00
-6.67936724504e+00
-6.68090940019e+00
-6.69068528302e+00
-6.68802365772e+00
-6.68353719482e+00
-6.68682538752e+00
-6.68824375416e+00
-6.68801223052e+00
-6.68342450594e+00
-6.68044743098e+00
-6.68505842960e+00
-6.68194706732e+00
-6.67812109707e+00
-6.68568256111e+00
-6.68521245640e+00
-6.69373057667e+00
-6.68827679551e+00
-6.69205520161e+00
-6.68344177466e+00
-6.68049920234e+00
-6.68022149290e+00
-6.68033715312e+00
-6.68105979131e+00
-6.68841655452e+00
-6.68562560269e+00
-6.68492539936e+00
-6.68225584103e+00
-6.69016865190e+00
-6.67833017912e+00
-6.68181434754e+00
-6.67973790499e+00
-6.67874357851e+00
-6.67852085391e+00
-6.68797280072e+00
-6.68656586070e+00
-6.68486083702e+00
-6.67998379175e+00
-6.67941695714e+00
-6.68563420095e+00
-6.67655393900e+00
-6.68650045454e+00
-6.67754791965e+00
-6.68285542173e+00
-6.68567008146e+00
-6.68105534632e+00
-6.67669184740e+00
-6.68535978337e+00
-6.68881419499e+00
-6.67976465747e+00
-6.68552784921e+00
-6.68305190326e+00
-6.68435507174e+00
-6.68544987881e+00
-6.68433949079e+00
-6.68677292582e+00
-6.67963123358e+00
-6.68375844221e+00
-6.67883680057e+00
-6.68456700760e+00
-6.68405727234e+00
-6.67900983743e+00
-6.68759731138e+00
-6.68226330344e+00
-6.68659398898e+00
-6.67652499293e+00
-6.68224390016e+00
-6.67992790555e+00
-6.67836553403e+00
-6.68118752190e+00
-6.68309875764e+00
-6.67587726736e+00
-6.68877205445e+00
-6.68560566050e+00
-6.68462417568e+00
-6.68212662805e+00
-6.67627142751e+00
-6.68092409501e+00
-6.69211231829e+00
-6.68359417772e+00
-6.68534398661e+00
-6.68303575438e+00
-6.68475143667e+00
-6.68523867950e+00
-6.67882763363e+00
-6.68057390683e+00
-6.68777815020e+00
-6.68696593418e+00
-6.68083350346e+00
-6.68336731032e+00
-6.68072070896e+00
-6.68412448328e+00
-6.68014600839e+00
-6.68106003360e+00
-6.68272123509e+00
-6.68115629326e+00
-6.68286424065e+00
-6.67297542089e+00
-6.68050805403e+00
-6.68381319070e+00
-6.68337688555e+00
-6.68234566960e+00
-6.68570029197e+00
-6.67921393076e+00
-6.68640262186e+00
-6.68296807645e+00
-6.67847463763e+00
-6.68488654133e+00
-6.69079639407e+00
-6.68706244973e+00
-6.67421067627e+00
-6.68388302702e+00
-6.68467472333e+00
-6.68625745400e+00
-6.68493263321e+00
-6.68487002526e+00
-6.68437397974e+00
-6.68340269564e+00
-6.68611277191e+00
-6.68304725994e+00
-6.68401045258e+00
-6.67359475122e+00
-6.69039698139e+00
-6.68652226194e+00
-6.69123263631e+00
-6.68308502152e+00
-6.67902140704e+00
-6.68385164845e+00
-6.68550660905e+00
-6.67928922300e+00
-6.68633550907e+00
-6.68429042704e+00
-6.68499865251e+00
-6.68469812274e+00
-6.68177561799e+00
-6.68664406352e+00
-6.68129020164e+00
-6.67803257801e+00
-6.67637111990e+00
-6.68638755523e+00
-6.68124222472e+00
-6.68457559144e+00
-6.68269159118e+00
-6.67390027627e+00
-6.67904584399e+00
-6.67972029594e+00
-6.68332061638e+00
-6.68978027960e+00
-6.67979631171e+00
-6.68411658441e+00
-6.67898723915e+00
-6.68622794343e+00
-6.68074189799e+00
-6.68244528846e+00
-6.67707070133e+00
-6.67990345336e+00
-6.68685764927e+00
-6.68286188268e+00
-6.68331588961e+00
-6.68423160309e+00
-6.67025348326e+00
-6.67762013373e+00
-6.68077324955e+00
-6.68056155232e+00
-6.67794724244e+00
-6.67455817186e+00
-6.68924057002e+00
-6.68397111784e+00
-6.68552043352e+00
-6.67817221119e+00
-6.68395164331e+00
-6.68496655238e+00
-6.67082676986e+00
-6.67676123002e+00
-6.68538534471e+00
-6.68636879522e+00
-6.67586225661e+00
-6.68432796249e+00
-6.67871337846e+00
-6.68399161534e+00
-6.67769349115e+00
-6.68160971394e+00
-6.68758436756e+00
-6.68640874644e+00
-6.68620954625e+00
-6.68217494849e+00
-6.68516961237e+00
-6.68174064932e+00
-6.67902954616e+00
-6.68375256491e+00
-6.68576473851e+00
-6.68493392274e+00
-6.68466794023e+00
-6.68740661368e+00
-6.67401810473e+00
-6.68007184092e+00
-6.68114268761e+00
-6.67703544165e+00
-6.68920038449e+00
-6.68000474614e+00
-6.68000523000e+00
-6.68829031002e+00
-6.68249819394e+00
-6.68444650562e+00
-6.68292054148e+00
-6.68540217756e+00
-6.67570817810e+00
-6.68725667552e+00
-6.67514992089e+00
-6.67339900336e+00
-6.68620585028e+00
-6.68087458104e+00
-6.68410797411e+00
-6.68249698898e+00
-6.68457760009e+00
-6.67789603892e+00
-6.67990405217e+00
-6.68035678956e+00
-6.68553097118e+00
-6.68040618893e+00
-6.68348485173e+00
-6.67894384971e+00
-6.68013785796e+00
-6.67657901738e+00
-6.68577746771e+00
-6.68343065395e+00
-6.68419552580e+00
-6.67630154209e+00
-6.68668767966e+00
-6.68496723178e+00
-6.67382717271e+00
-6.67582271501e+00
-6.67530860964e+00
-6.67556889224e+00
-6.68396235176e+00
-6.68649153472e+00
-6.67483941491e+00
-6.68491375799e+00
-6.68209852709e+00
-6.68129338021e+00
-6.68037046567e+00
-6.68789485408e+00
-6.68393681822e+00
-6.68665926136e+00
-6.68297255679e+00
-6.68315222033e+00
-6.68035950996e+00
-6.68477933657e+00
-6.68230763628e+00
-6.67917028178e+00
-6.68620261189e+00
-6.67627302004e+00
-6.68089772671e+00
-6.68864684814e+00
-6.68521364466e+00
-6.67557384858e+00
-6.68198855737e+00
-6.67552380524e+00
-6.67303633321e+00
-6.68422383674e+00
-6.68444105054e+00
-6.67722698616e+00
-6.69009393433e+00
-6.68500015034e+00
-6.67960968982e+00
-6.68827884020e+00
-6.68050109924e+00
-6.68108883006e+00
-6.68350099839e+00
-6.67984573793e+00
-6.68344410396e+00
-6.67865129464e+00
-6.68118027949e+00
-6.68226578328e+00
-6.68247908944e+00
-6.68760447901e+00
-6.68202314419e+00
-6.68791203914e+00
-6.68383030718e+00
-6.68715879176e+00
-6.68095588557e+00
-6.67711033837e+00
-6.68078278986e+00
-6.67630963750e+00
-6.67996626416e+00
-6.68589059252e+00
-6.67962711800e+00
-6.68245210639e+00
-6.68569327983e+00
-6.68485375225e+00
-6.69081499749e+00
-6.67858507938e+00
-6.67263573078e+00
-6.67961174343e+00
-6.67494087637e+00
-6.68668769334e+00
-6.68131423620e+00
-6.68610408736e+00
-6.68600459463e+00
-6.68172907970e+00
-6.67799044345e+00
-6.68690721464e+00
-6.68751507431e+00
-6.68563305118e+00
-6.68067287366e+00
-6.67241146591e+00
-6.68449981707e+00
-6.67922479490e+00
-6.68383035344e+00
-6.68055534074e+00
-6.69145050394e+00
-6.68303187799e+00
-6.67828936020e+00
-6.67762545816e+00
-6.69200853962e+00
-6.68408618164e+00
-6.68073298059e+00
-6.67963806076e+00
-6.68711797103e+00
-6.68466647927e+00
-6.67995269715e+00
-6.68351908215e+00
-6.68347377315e+00
-6.68554005712e+00
-6.68131565901e+00
-6.67984645854e+00
-6.68746881752e+00
-6.68349716066e+00
-6.68697974459e+00
-6.68734210365e+00
-6.68912498093e+00
-6.68014067031e+00
-6.68344795651e+00
-6.67862998926e+00
-6.68010225761e+00
-6.68953139233e+00
-6.68615336504e+00
-6.69013736673e+00
-6.68309670759e+00
-6.68550333753e+00
-6.67708295036e+00
-6.69054256741e+00
-6.67248359541e+00
-6.67587227738e+00
-6.67913286395e+00
-6.67837420732e+00
-6.68343322431e+00
-6.67070062158e+00
-6.68587740155e+00
-6.68456755735e+00
-6.67064587151e+00
-6.67876104977e+00
-6.68147357120e+00
-6.67875055044e+00
-6.68791004445e+00
-6.68698798482e+00
-6.68073030735e+00
-6.68814056755e+00
-6.67552236137e+00
-6.69061847042e+00
-6.67870650947e+00
-6.68081221385e+00
-6.68341561263e+00
-6.68390594237e+00
-6.68298584844e+00
-6.68894383606e+00
-6.68269771597e+00
-6.68177923601e+00
-6.68642097098e+00
-6.67957127560e+00
-6.68628316670e+00
-6.68875639282e+00
-6.68608353421e+00
-6.68263558346e+00
-6.68725859996e+00
-6.68006176424e+00
-6.68153315438e+00
-6.68444336883e+00
-6.68737909929e+00
-6.68880671087e+00
-6.68928151621e+00
-6.67821096730e+00
-6.68138764761e+00
-6.67967982200e+00
-6.68250189920e+00
-6.67420192908e+00
-6.69215995439e+00
-6.68411984200e+00
-6.69511957717e+00
-6.69111763712e+00
-6.68126176615e+00
-6.68141512611e+00
-6.67927853227e+00
-6.67763795857e+00
-6.67931139803e+00
-6.69137232424e+00
-6.68117225953e+00
-6.68875012481e+00
-6.68473826418e+00
-6.68317085666e+00
-6.67930060595e+00
-6.68756376164e+00
-6.67645420446e+00
-6.67859151632e+00
-6.67649934731e+00
-6.67892468326e+00
-6.68345503844e+00
-6.69141594010e+00
-6.68925407456e+00
-6.68254743197e+00
-6.68635116806e+00
-6.68231653451e+00
-6.68799626495e+00
-6.68713927695e+00
-6.68215947745e+00
-6.67413188982e+00
-6.68174936659e+00
-6.67974109393e+00
-6.68370873441e+00
-6.68161466567e+00
-6.67745742177e+00
-6.68185336212e+00
-6.68203328305e+00
-6.67931359649e+00
-6.68371701550e+00
-6.68842725954e+00
-6.68102054800e+00
-6.68085343127e+00
-6.68124267425e+00
-6.68370647548e+00
-6.68427465438e+00
-6.67841850087e+00
-6.68716131186e+00
-6.68672308264e+00
-6.68486097710e+00
-6.69163224190e+00
-6.69093375871e+00
-6.68500693891e+00
-6.68486531951e+00
-6.68130436960e+00
-6.67602031507e+00
-6.68304463918e+00
-6.67962908880e+00
-6.69263564599e+00
-6.68323935507e+00
-6.67788066866e+00
-6.67888576317e+00
-6.68287539994e+00