9.05099634892e+00
9.03547866423e+00
9.01920785564e+00
9.03704572712e+00
9.03135263668e+00
9.00483333958e+00
9.00305470959e+00
9.06454566563e+00
8.99928852896e+00
9.04803235123e+00
9.03779089747e+00
8.99233755803e+00
9.02175986093e+00
9.02421092452e+00
8.99982729554e+00
9.01721577891e+00
9.03458789377e+00
9.03094027109e+00
8.97470900567e+00
9.01058352740e+00
8.97839252455e+00
8.99149229305e+00
9.03669394873e+00
9.00769038161e+00
8.99482703687e+00
9.04295383057e+00
9.01012146428e+00
9.05302675495e+00
9.01731833943e+00
9.03610739824e+00
9.03559992666e+00
9.04697928072e+00
8.99335738327e+00
9.02326623675e+00
9.00005068043e+00
8.98081957801e+00
9.02496911391e+00
9.04797540612e+00
9.04376037140e+00
9.05742428489e+00
8.98816093027e+00
9.02264087271e+00
8.99644595275e+00
9.02696409498e+00
8.98347601385e+00
8.97918553835e+00
9.05622433916e+00
9.00491960193e+00
9.03896689446e+00
9.04025366500e+00
9.04425858923e+00
9.00156941005e+00
9.03909986829e+00
9.01484391563e+00
9.02166408829e+00
9.05919397621e+00
8.99243861334e+00
9.00576841260e+00
9.04015395695e+00
9.02067085475e+00
8.99276630942e+00
9.00592987524e+00
9.01743872395e+00
9.02038764815e+00
9.02174904451e+00
9.05265496072e+00
9.04631411836e+00
9.04585544179e+00
9.02194120435e+00
9.03684192974e+00
9.03310636844e+00
9.06025372695e+00
9.01945928031e+00
9.08947407813e+00
9.02185129770e+00
8.98343326452e+00
9.02707533159e+00
9.01197806123e+00
9.05792407651e+00
9.00437008441e+00
9.04175609018e+00
8.99203457334e+00
9.03671862386e+00
9.04421894389e+00
9.02791635455e+00
9.02633919542e+00
9.01155412838e+00
9.02492900984e+00
8.98860530931e+00
9.02526517537e+00
8.99637240824e+00
9.01795612686e+00
9.00281218419e+00
8.98431477975e+00
9.05725248799e+00
8.99534314604e+00
9.00749537972e+00
9.00547330084e+00
9.01581223737e+00
8.98530986644e+00
9.02029977145e+00
9.05362637280e+00
9.02258395661e+00
9.04315869321e+00
8.99156885548e+00
9.01984377686e+00
9.00064124478e+00
9.03543357881e+00
9.00497911358e+00
9.04354765396e+00
8.97942389994e+00
9.00954134306e+00
9.05151375182e+00
9.03820247132e+00
9.01207853566e+00
9.02371872968e+00
9.05122095431e+00
9.02832697912e+00
8.99897914245e+00
9.02234922253e+00
9.04347995577e+00
9.01946103646e+00
9.00666354046e+00
9.03467846140e+00
9.04295398725e+00
9.03820439879e+00
9.04072703565e+00
9.00512284304e+00
9.01708583902e+00
9.03292758409e+00
9.00621714889e+00
9.00636884354e+00
9.01983996790e+00
9.03204359752e+00
8.98824192400e+00
9.00592684271e+00
9.03519289420e+00
9.00646193919e+00
9.04052959671e+00
9.01584286346e+00
9.00260356661e+00
9.02954767786e+00
9.02826649669e+00
9.01956017611e+00
9.03627197097e+00
9.02155155597e+00
9.01920239655e+00
9.01488935248e+00
9.02437602055e+00
9.00010863511e+00
9.04202998560e+00
9.05968719645e+00
9.02713873326e+00
9.01160280597e+00
9.03904699869e+00
9.02448308712e+00
9.00975099243e+00
9.01885149939e+00
8.99920073652e+00
9.04318381251e+00
9.04478648807e+00
9.00264848652e+00
8.99277733327e+00
9.02592629247e+00
8.99418339582e+00
9.02840673515e+00
9.04081712980e+00
9.01160937385e+00
9.01477564707e+00
9.00730159954e+00
8.99266213593e+00
9.03501730932e+00
9.00662249716e+00
9.03799204210e+00
9.03662981497e+00
9.02925444393e+00
9.02459881552e+00
9.00253859247e+00
9.04632076319e+00
9.02901025348e+00
9.02823985122e+00
9.02384383619e+00
9.01330500930e+00
8.98391139526e+00
9.02026973523e+00
9.05017564697e+00
9.02585578998e+00
9.03674976478e+00
9.03698926837e+00
8.99936199493e+00
9.04339732292e+00
9.02325816257e+00
8.99829007347e+00
8.99066079368e+00
9.02853109933e+00
9.01572424918e+00
9.04525893763e+00
9.04133669505e+00
9.00900863051e+00
9.02667746582e+00
9.03495608037e+00
9.00164223396e+00
9.04710986572e+00
9.01764191355e+00
9.01900442462e+00
8.98374391959e+00
9.01970137482e+00
9.03290645008e+00
8.99777828621e+00
9.03559399318e+00
9.03107455756e+00
9.00099853956e+00
9.00657900760e+00
9.03383433523e+00
9.00839662632e+00
9.03618975327e+00
9.01929451011e+00
9.00668895716e+00
9.02441672128e+00
9.00031548877e+00
9.03014350897e+00
9.01780390371e+00
9.03979310752e+00
9.00277856938e+00
8.99347108420e+00
9.00976000448e+00
9.02885018574e+00
9.05103800986e+00
9.02383983727e+00
9.05814746857e+00
9.00516198809e+00
8.99805543621e+00
9.00255536097e+00
9.02198232631e+00
9.05353946880e+00
9.00581986441e+00
9.05330638786e+00
9.00324148469e+00
9.01474159976e+00
9.03009387616e+00
9.06378065458e+00
8.97260453160e+00
9.00461159484e+00
8.99706018097e+00
9.03647343145e+00
9.05070651312e+00
8.99535438822e+00
8.99287742410e+00
9.02603240915e+00
9.04053422232e+00
9.05055592969e+00
9.04337671552e+00
9.04764577864e+00
9.04377593968e+00
9.01025199568e+00
8.98405107203e+00
9.01373328976e+00
9.03375254387e+00
9.02531758261e+00
9.02596265292e+00
9.05421982389e+00
9.01308479892e+00
9.01726464209e+00
9.01980706391e+00
9.05625667775e+00
9.00684649127e+00
9.04512076000e+00
9.05289879230e+00
9.02817157741e+00
9.01039414746e+00
8.99675495205e+00
9.01160727007e+00
9.03005911084e+00
9.01029578715e+00
8.99488021147e+00
9.02141960017e+00
9.01485366118e+00
9.01108031853e+00
8.97279970213e+00
9.00801663026e+00
9.01332911256e+00
9.01835689112e+00
9.04602790747e+00
9.01379519674e+00
9.00569509752e+00
9.05816134108e+00
9.00362768244e+00
9.01607516229e+00
9.02763532635e+00
9.05398465207e+00
8.98575319998e+00
9.03617800343e+00
9.01628889498e+00
8.99564968131e+00
9.05478881904e+00
8.99947540791e+00
9.04111539748e+00
9.03830173587e+00
9.01881409140e+00
9.00824693001e+00
9.03354022615e+00
9.00721453600e+00
9.06503867108e+00
9.05415107929e+00
9.04793203804e+00
9.03634996428e+00
9.03825728134e+00
9.01192971576e+00
9.01044762750e+00
9.04509659308e+00
9.00917213183e+00
9.01693768452e+00
9.02964604484e+00
9.04044710485e+00
9.03505998305e+00
9.02946172110e+00
9.02305555849e+00
9.01107253585e+00
9.01278739382e+00
9.03983109684e+00
9.00571886581e+00
9.01475811190e+00
9.00887187006e+00
9.00615811767e+00
8.99460219998e+00
9.01956380797e+00
9.04459436220e+00
9.02171199956e+00
9.01459443209e+00
9.01946079855e+00
9.02666466803e+00
8.99242091703e+00
9.02309732164e+00
9.03445898441e+00
9.05163526886e+00
9.05459570258e+00
8.98600851838e+00
9.00375040227e+00
9.02368866896e+00
8.97304020137e+00
9.03111023862e+00
9.04149819940e+00
9.01432284676e+00
9.00140583094e+00
9.02125986256e+00
9.03076036350e+00
9.01219280810e+00
9.05343719745e+00
9.04066760896e+00
9.02935105634e+00
9.00701420825e+00
9.03123699130e+00
9.00293100041e+00
9.04334528042e+00
9.01430724990e+00
9.01069690316e+00
9.00840499594e+00
8.99445635239e+00
9.05432820548e+00
9.03054179868e+00
9.03358701820e+00
9.02811278043e+00
9.02370427324e+00
9.03644894171e+00
9.02365473482e+00
9.01698463732e+00
9.01911605071e+00
9.03900928482e+00
8.98969312084e+00
9.00996277292e+00
9.01409198605e+00
9.00566556687e+00
9.03235186270e+00
9.04333645927e+00
9.01753791975e+00
8.99052786621e+00
9.03503649078e+00
8.99232293144e+00
9.01346425233e+00
9.00507430548e+00
8.98737909966e+00
9.02434103555e+00
9.00742450699e+00
9.01947485119e+00
9.01259176045e+00
9.05774045236e+00
9.01563782861e+00
8.95838931663e+00
9.03892544425e+00
9.06814784044e+00
9.02156226595e+00
9.01291121903e+00
9.06527871910e+00
9.00199373399e+00
9.00229862318e+00
9.03065447992e+00
9.03357148805e+00
9.01990852586e+00
9.02568057124e+00
8.99812082929e+00
9.04323823426e+00
9.03518675172e+00
9.03176045079e+00
9.00093636570e+00
9.01379787266e+00
9.05539961348e+00
9.01290138717e+00
9.03470511191e+00
9.02776519877e+00
9.02273745556e+00
9.03454229299e+00
9.01555915403e+00
9.01664006784e+00
9.02864441085e+00
8.99049951703e+00
9.00927773881e+00
9.01550035059e+00
8.98328640995e+00
9.02444056526e+00
9.05116319987e+00
9.02428803652e+00
9.00248554650e+00
9.00408876112e+00
9.01588739096e+00
9.02284321043e+00
9.06455726786e+00
9.03185499678e+00
8.98659220951e+00
9.01689758673e+00
9.04005240797e+00
8.98840737869e+00
8.99861605230e+00
9.02783563414e+00
9.00550600988e+00
9.00617645366e+00
9.02072774613e+00
8.99905721310e+00
9.03062623625e+00
8.98206547900e+00
9.03169820377e+00
8.99973512354e+00
8.99269800226e+00
9.00225302939e+00
9.02785455480e+00
9.02046388908e+00
9.02117898051e+00
9.02095283377e+00
9.02870367441e+00
9.01103817648e+00
8.99473974789e+00
9.04330999509e+00
9.02273075368e+00
9.00787477330e+00
9.06441386428e+00
9.01201487094e+00
9.02199388657e+00
9.02406706281e+00
9.00255743975e+00
9.06594225377e+00
8.99855074337e+00
9.05169236995e+00
9.01148881721e+00
9.04537912882e+00
9.03017018461e+00
9.03642601884e+00
9.00497685846e+00
9.04890835801e+00
9.00647305810e+00
9.03155753501e+00
9.02180677219e+00
9.01623666552e+00
9.00045624891e+00
9.04948816868e+00
9.00062989878e+00
9.03343414768e+00
9.02124672382e+00
9.01225803115e+00
9.03896186987e+00
9.01267712689e+00
8.97330953445e+00
9.04847219904e+00
8.99197094211e+00
9.01596039980e+00
9.00190414972e+00
9.01416782022e+00
9.02483540880e+00
9.05069189550e+00
9.03670925755e+00
9.02614559998e+00
9.02943329701e+00
9.03701321662e+00
9.02447666680e+00
9.03692685836e+00
9.02075945552e+00
9.00063797113e+00
8.98614579626e+00
8.99886086317e+00
9.01569702128e+00
9.00086326331e+00
8.99224943398e+00
9.02168216135e+00