-6.13802953765e+00
-6.11805345856e+00
-6.11107724602e+00
-6.12022497231e+00
-6.12932958392e+00
-6.09998247770e+00
-6.10100783294e+00
-6.14102448947e+00
-6.09513391395e+00
-6.13353273811e+00
-6.12101813733e+00
-6.08793366776e+00
-6.11746575283e+00
-6.12350485180e+00
-6.10919902415e+00
-6.10200704773e+00
-6.11568312623e+00
-6.11951367720e+00
-6.07666961025e+00
-6.11053747355e+00
-6.07984433976e+00
-6.08315401270e+00
-6.12393745081e+00
-6.09380299481e+00
-6.09722685101e+00
-6.12618656962e+00
-6.10262927276e+00
-6.12926030105e+00
-6.11249566993e+00
-6.12532456625e+00
-6.12694389221e+00
-6.13446787833e+00
-6.08851640401e+00
-6.11169476173e+00
-6.09533215550e+00
-6.08836347657e+00
-6.11708757849e+00
-6.12665496061e+00
-6.12933925603e+00
-6.13841889284e+00
-6.09471902869e+00
-6.12074490434e+00
-6.09356794190e+00
-6.11801733377e+00
-6.08594902459e+00
-6.08478400713e+00
-6.13832561715e+00
-6.10579330408e+00
-6.12426193940e+00
-6.12870194520e+00
-6.12720468328e+00
-6.09886439955e+00
-6.12063115158e+00
-6.10717665038e+00
-6.10673053337e+00
-6.13793860730e+00
-6.09266822202e+00
-6.10481609716e+00
-6.12609727519e+00
-6.12009144655e+00
-6.08402522706e+00
-6.10292267989e+00
-6.10721717589e+00
-6.09882144260e+00
-6.10377434082e+00
-6.13297419744e+00
-6.13480211129e+00
-6.13559358297e+00
-6.12316090177e+00
-6.11853723335e+00
-6.12218104986e+00
-6.14361513797e+00
-6.10729269742e+00
-6.16117272166e+00
-6.10725416012e+00
-6.07477597733e+00
-6.11521838655e+00
-6.10422941292e+00
-6.13299416082e+00
-6.10503739206e+00
-6.12355513736e+00
-6.08420670258e+00
-6.11665013230e+00
-6.13106670044e+00
-6.11810900555e+00
-6.11617163381e+00
-6.10465958893e+00
-6.11249392400e+00
-6.08380746826e+00
-6.11585980487e+00
-6.09318760730e+00
-6.11415291594e+00
-6.09488419412e+00
-6.08045343690e+00
-6.13131163698e+00
-6.08582671470e+00
-6.10087948776e+00
-6.10685762795e+00
-6.10731005418e+00
-6.08937832067e+00
-6.11001135141e+00
-6.14182214532e+00
-6.12320416818e+00
-6.12416362702e+00
-6.09683229262e+00
-6.11402145843e+00
-6.10036725512e+00
-6.12192397265e+00
-6.10033258110e+00
-6.12920245959e+00
-6.08146898364e+00
-6.10913674915e+00
-6.12447266160e+00
-6.12784118231e+00
-6.10786013695e+00
-6.11593157906e+00
-6.13211739614e+00
-6.11561823072e+00
-6.09417000187e+00
-6.11496952530e+00
-6.12964980451e+00
-6.11083314675e+00
-6.10525840556e+00
-6.11537538695e+00
-6.13212650649e+00
-6.12870467563e+00
-6.13045597273e+00
-6.10416693676e+00
-6.10903409488e+00
-6.12620217040e+00
-6.09953225009e+00
-6.10541927373e+00
-6.11236588006e+00
-6.11734234861e+00
-6.09100399221e+00
-6.10160401407e+00
-6.11712221328e+00
-6.10523459978e+00
-6.11627016581e+00
-6.10682897289e+00
-6.09624994588e+00
-6.12588981042e+00
-6.12253356731e+00
-6.10819976474e+00
-6.11894840053e+00
-6.10985047976e+00
-6.10501911208e+00
-6.10881949015e+00
-6.11372421992e+00
-6.10043562277e+00
-6.11957778887e+00
-6.14096070920e+00
-6.11454243420e+00
-6.10913380325e+00
-6.12423635807e+00
-6.11106120265e+00
-6.10202204722e+00
-6.10972463616e+00
-6.10620834193e+00
-6.12773768083e+00
-6.13175152828e+00
-6.09403361696e+00
-6.09063679595e+00
-6.10956038286e+00
-6.09402302815e+00
-6.11602934431e+00
-6.12866432564e+00
-6.10275370146e+00
-6.10113203662e+00
-6.10262916659e+00
-6.09275453102e+00
-6.12379310355e+00
-6.10426363276e+00
-6.11605430955e+00
-6.12181734267e+00
-6.11091077615e+00
-6.11748795835e+00
-6.09035145638e+00
-6.13460890749e+00
-6.11665794697e+00
-6.12029559271e+00
-6.12029804704e+00
-6.10439176345e+00
-6.08505844496e+00
-6.11207807995e+00
-6.13093586792e+00
-6.11368809426e+00
-6.12660885882e+00
-6.11937178099e+00
-6.10139136392e+00
-6.13114314479e+00
-6.11498143801e+00
-6.09881392124e+00
-6.09225249609e+00
-6.11370344582e+00
-6.10758515062e+00
-6.12777550339e+00
-6.12724962996e+00
-6.10066366152e+00
-6.11604375534e+00
-6.12283365346e+00
-6.09832538851e+00
-6.13344847553e+00
-6.11135081539e+00
-6.10610956305e+00
-6.07897866477e+00
-6.10864000351e+00
-6.12857553868e+00
-6.09563036895e+00
-6.12822246391e+00
-6.11442018410e+00
-6.10358242137e+00
-6.10358794125e+00
-6.11736460327e+00
-6.10606239020e+00
-6.12859045083e+00
-6.10768635166e+00
-6.10856360190e+00
-6.11560258487e+00
-6.09912692457e+00
-6.11719563870e+00
-6.11270116128e+00
-6.13038214001e+00
-6.09636095900e+00
-6.09742130292e+00
-6.10388884634e+00
-6.12241721227e+00
-6.13368083875e+00
-6.10236104031e+00
-6.13223172268e+00
-6.10275535796e+00
-6.09856322587e+00
-6.09745339260e+00
-6.11939536898e+00
-6.12612831836e+00
-6.10420285155e+00
-6.14164899415e+00
-6.10213677651e+00
-6.10893245523e+00
-6.11924073640e+00
-6.14729528109e+00
-6.07734790478e+00
-6.09962709232e+00
-6.09337067209e+00
-6.12127003940e+00
-6.12909288623e+00
-6.09470299909e+00
-6.08487616737e+00
-6.11149621020e+00
-6.12086457686e+00
-6.12993416032e+00
-6.13464595047e+00
-6.13062243955e+00
-6.13598121094e+00
-6.10254073738e+00
-6.07878847356e+00
-6.11117531255e+00
-6.11074912400e+00
-6.11611610867e+00
-6.12066602902e+00
-6.13935716398e+00
-6.09938083909e+00
-6.11075165068e+00
-6.10392257536e+00
-6.13205269985e+00
-6.10097950296e+00
-6.13211267839e+00
-6.13246934872e+00
-6.12217031732e+00
-6.10778442239e+00
-6.09974714184e+00
-6.10053877437e+00
-6.11952491680e+00
-6.10425614127e+00
-6.09510510199e+00
-6.10032898538e+00
-6.11344862359e+00
-6.10713916388e+00
-6.07546966342e+00
-6.10384489103e+00
-6.10518046245e+00
-6.10616654265e+00
-6.12911833466e+00
-6.10870206377e+00
-6.10275571282e+00
-6.14450302474e+00
-6.10258956016e+00
-6.10684876590e+00
-6.12512485538e+00
-6.13689709636e+00
-6.08913024692e+00
-6.11855262694e+00
-6.10649798142e+00
-6.09589467889e+00
-6.14078691883e+00
-6.08936945495e+00
-6.12450976472e+00
-6.12374910000e+00
-6.10188247643e+00
-6.10239808443e+00
-6.11868069411e+00
-6.09498020953e+00
-6.14704676769e+00
-6.13225870845e+00
-6.13747173962e+00
-6.11892925467e+00
-6.12278216561e+00
-6.10954527576e+00
-6.09776443100e+00
-6.13187232409e+00
-6.10469693260e+00
-6.10635746968e+00
-6.11958008965e+00
-6.12359486342e+00
-6.12229580657e+00
-6.12188024705e+00
-6.11462608004e+00
-6.10368879584e+00
-6.10656385690e+00
-6.11754554238e+00
-6.10124062685e+00
-6.10994867922e+00
-6.10284842263e+00
-6.11247214773e+00
-6.09382442258e+00
-6.11396119944e+00
-6.12869791693e+00
-6.10346102976e+00
-6.10741431336e+00
-6.11006624593e+00
-6.11124352749e+00
-6.09060045910e+00
-6.11567915793e+00
-6.12730111290e+00
-6.13601904878e+00
-6.13485991970e+00
-6.08570071924e+00
-6.09280873431e+00
-6.10860307545e+00
-6.07480058443e+00
-6.12921171448e+00
-6.12241576137e+00
-6.11196015604e+00
-6.10439716474e+00
-6.11195816591e+00
-6.11871155021e+00
-6.10629345615e+00
-6.12952396149e+00
-6.13454864286e+00
-6.12090450088e+00
-6.10385213781e+00
-6.11417273270e+00
-6.09585169706e+00
-6.12208703943e+00
-6.11336455254e+00
-6.11073658550e+00
-6.10556965633e+00
-6.09092567515e+00
-6.13850495035e+00
-6.11677098184e+00
-6.12421606904e+00
-6.11209839511e+00
-6.10480854919e+00
-6.12761841583e+00
-6.12242726798e+00
-6.10679611867e+00
-6.11027546700e+00
-6.12365299408e+00
-6.08857061602e+00
-6.11073578932e+00
-6.10637076731e+00
-6.10631816784e+00
-6.11741117213e+00
-6.12995485796e+00
-6.11278506200e+00
-6.08897172906e+00
-6.11937671646e+00
-6.09982233695e+00
-6.10995710909e+00
-6.10421342709e+00
-6.08630410305e+00
-6.11882771806e+00
-6.09811839589e+00
-6.10639386815e+00
-6.10837821452e+00
-6.13336796889e+00
-6.10682460112e+00
-6.07104386131e+00
-6.12710492897e+00
-6.14664958466e+00
-6.11507150343e+00
-6.10763216564e+00
-6.14086636742e+00
-6.09861610634e+00
-6.10373034269e+00
-6.11656922726e+00
-6.12607402516e+00
-6.11111335781e+00
-6.10944510242e+00
-6.09079678164e+00
-6.12591818878e+00
-6.11472320010e+00
-6.12055299028e+00
-6.10230630693e+00
-6.10688355404e+00
-6.13849994795e+00
-6.10952176375e+00
-6.11924306033e+00
-6.11332478225e+00
-6.11165274993e+00
-6.13272128229e+00
-6.10294198387e+00
-6.10874537720e+00
-6.12020094675e+00
-6.08636490722e+00
-6.10860276988e+00
-6.10532702173e+00
-6.08260233592e+00
-6.12197235136e+00
-6.13242181594e+00
-6.11707514774e+00
-6.10284148461e+00
-6.09632310868e+00
-6.11216754526e+00
-6.11447001133e+00
-6.14182224229e+00
-6.12204726761e+00
-6.08497685734e+00
-6.10840297519e+00
-6.12461959154e+00
-6.09080024784e+00
-6.09596072252e+00
-6.12106302067e+00
-6.09633558949e+00
-6.10312665700e+00
-6.11857714891e+00
-6.09786676897e+00
-6.11388702047e+00
-6.08379534516e+00
-6.11880448235e+00
-6.10204561086e+00
-6.09484589280e+00
-6.10421141966e+00
-6.12676425327e+00
-6.10254444140e+00
-6.11177629865e+00
-6.10756399045e+00
-6.12214127925e+00
-6.10324842812e+00
-6.09242183263e+00
-6.13095484202e+00
-6.11831398054e+00
-6.10159885532e+00
-6.14505453915e+00
-6.10698893013e+00
-6.11665733401e+00
-6.10855992405e+00
-6.10195107555e+00
-6.14395132534e+00
-6.09613704855e+00
-6.13700084420e+00
-6.09883346095e+00
-6.12930799032e+00
-6.10949083444e+00
-6.12235479123e+00
-6.09918226394e+00
-6.13310904576e+00
-6.09996090891e+00
-6.11927472544e+00
-6.11406550981e+00
-6.11101348111e+00
-6.09826269330e+00
-6.13448952792e+00
-6.09602657304e+00
-6.12077100581e+00
-6.11106391725e+00
-6.10357479445e+00
-6.11903392879e+00
-6.09695517436e+00
-6.07992992530e+00
-6.13168003608e+00
-6.08801633376e+00
-6.10442103519e+00
-6.10301027467e+00
-6.10203122433e+00
-6.11634061745e+00
-6.13163098579e+00
-6.12016969349e+00
-6.11354693658e+00
-6.11779632811e+00
-6.11725868860e+00
-6.12123171963e+00
-6.12578798219e+00
-6.10944093280e+00
-6.10480722375e+00
-6.08595384683e+00
-6.09176076981e+00
-6.10769150742e+00
-6.10715383313e+00
-6.09585315937e+00
-6.11250073952e+00