7.33907081852e-01
7.35294047725e-01
7.34646212658e-01
7.36699550118e-01
7.35976400443e-01
7.34854310261e-01
7.35639062411e-01
7.34736510050e-01
7.34956783699e-01
7.37341356908e-01
7.33636565526e-01
7.35127874036e-01
7.35763970544e-01
7.35720954123e-01
7.33704294823e-01
7.34761619384e-01
7.36370421160e-01
7.36850633450e-01
7.36349019867e-01
7.35023765806e-01
7.35353000604e-01
7.35839014921e-01
7.34729958097e-01
7.35499984338e-01
7.34041140870e-01
7.35119112052e-01
7.35300465082e-01
7.36788932261e-01
7.36311200011e-01
7.34402617142e-01
7.35222328895e-01
7.34528468639e-01
7.36082825632e-01
7.34316107750e-01
7.34623768503e-01
7.36715777703e-01
7.36126728774e-01
7.33810773284e-01
7.34596315042e-01
7.34802363260e-01
7.35235039692e-01
7.35111590617e-01
7.34557227958e-01
7.33590567502e-01
7.35124909791e-01
7.35189607479e-01
7.36646592777e-01
7.36203466002e-01
7.36575024628e-01
7.34533318309e-01
7.34814670956e-01
7.35409273968e-01
7.36490728616e-01
7.36506036497e-01
7.36051892668e-01
7.35642298641e-01
7.35377219212e-01
7.36013858681e-01
7.36425498840e-01
7.35526391300e-01
7.34580079783e-01
7.34499236615e-01
7.35226074389e-01
7.35533752674e-01
7.36168690397e-01
7.34632155720e-01
7.36953605718e-01
7.36098529927e-01
7.33161573906e-01
7.35748432702e-01
7.33245282647e-01
7.35195007174e-01
7.35640154545e-01
7.34123156793e-01
7.34733824641e-01
7.35985477348e-01
7.35415002011e-01
7.33726171941e-01
7.36983539508e-01
7.33354364129e-01
7.32557798847e-01
7.34827088331e-01
7.36248854518e-01
7.37674784385e-01
7.33828614113e-01
7.36198921677e-01
7.36318676496e-01
7.34404618823e-01
7.33815503344e-01
7.36316521069e-01
7.35581235829e-01
7.37121819204e-01
7.36325118643e-01
7.35609015300e-01
7.35772623492e-01
7.36385741580e-01
7.35575194025e-01
7.35838419960e-01
7.34851619188e-01
7.36289415124e-01
7.34806024157e-01
7.33822187429e-01
7.35950950561e-01
7.32963385927e-01
7.34545237619e-01
7.34910273340e-01
7.35468889042e-01
7.33084498510e-01
7.34108964609e-01
7.35680244139e-01
7.34735062442e-01
7.33801265124e-01
7.35147610894e-01
7.36312903656e-01
7.35615852811e-01
7.36324771012e-01
7.34779467355e-01
7.35634386820e-01
7.36193017315e-01
7.35323158778e-01
7.35665837275e-01
7.35295112561e-01
7.34169673822e-01
7.36404544566e-01
7.35396627690e-01
7.37591666922e-01
7.34040309563e-01
7.35900696044e-01
7.36155736259e-01
7.36408058155e-01
7.34328978379e-01
7.36145034623e-01
7.35182152255e-01
7.35137093681e-01
7.36559963559e-01
7.34882482152e-01
7.36495754311e-01
7.33840351157e-01
7.33942596809e-01
7.34032661981e-01
7.36538704552e-01
7.34591477255e-01
7.35251834585e-01
7.35740793757e-01
7.35800198856e-01
7.34328488347e-01
7.35432259059e-01
7.34806426651e-01
7.34905237391e-01
7.35574702428e-01
7.37859795831e-01
7.36192576659e-01
7.35381308482e-01
7.36809131517e-01
7.36129299213e-01
7.36282246999e-01
7.34072373337e-01
7.35806505772e-01
7.36830437538e-01
7.35971518575e-01
7.35731232274e-01
7.34683362111e-01
7.33515829722e-01
7.35811624509e-01
7.34377251455e-01
7.37276379774e-01
7.35378531051e-01
7.35722913788e-01
7.36363671187e-01
7.34845787244e-01
7.35455893206e-01
7.33693766442e-01
7.35085769600e-01
7.34336190545e-01
7.35893174845e-01
7.34493692917e-01
7.34989730173e-01
7.34770499396e-01
7.35260521334e-01
7.36344036428e-01
7.32576361223e-01
7.34727250180e-01
7.34647997826e-01
7.34095954135e-01
7.31969972758e-01
7.33538127709e-01
7.35456463981e-01
7.32514640417e-01
7.33715508705e-01
7.35951375118e-01
7.35084948098e-01
7.35603093330e-01
7.34917005016e-01
7.33350352100e-01
7.34716731335e-01
7.36145423947e-01
7.35760930326e-01
7.35056497434e-01
7.35512574635e-01
7.34324767864e-01
7.34553511037e-01
7.36529428972e-01
7.35665460531e-01
7.34121070689e-01
7.34474648278e-01
7.35730799877e-01
7.35021142288e-01
7.32693614109e-01
7.35001751007e-01
7.36502538145e-01
7.35358195433e-01
7.36422610660e-01
7.34771931282e-01
7.35595787211e-01
7.33815629319e-01
7.33711916508e-01
7.34491316772e-01
7.36092322976e-01
7.34959915984e-01
7.34742489163e-01
7.35933526327e-01
7.36141538091e-01
7.33991641164e-01
7.33096634378e-01
7.35349216276e-01
7.35427060556e-01
7.34564960042e-01
7.35956647919e-01
7.34211583701e-01
7.36329278440e-01
7.34742110089e-01
7.36240916426e-01
7.35057322531e-01
7.34416533950e-01
7.34699274507e-01
7.35086669442e-01
7.35804658260e-01
7.34811047665e-01
7.34544295960e-01
7.33933577043e-01
7.36843894883e-01
7.34174176036e-01
7.36543583890e-01
7.35587807381e-01
7.34611041881e-01
7.36300265047e-01
7.35523977158e-01
7.34889460143e-01
7.34904143226e-01
7.36415544000e-01
7.38434613752e-01
7.33642748442e-01
7.35227384766e-01
7.35275181755e-01
7.34942181231e-01
7.36619571353e-01
7.35854770744e-01
7.35859306713e-01
7.33587735069e-01
7.35367307993e-01
7.35686077052e-01
7.35938753528e-01
7.35994680415e-01
7.35040224765e-01
7.35903144041e-01
7.36290538978e-01
7.34492203512e-01
7.36908620323e-01
7.35534756251e-01
7.36398517657e-01
7.35733279377e-01
7.34869669568e-01
7.36275986566e-01
7.36868953054e-01
7.35834371454e-01
7.35227522996e-01
7.35277809633e-01
7.36433275196e-01
7.35533119290e-01
7.34820026056e-01
7.36603684299e-01
7.35270334178e-01
7.34018224353e-01
7.34965424829e-01
7.36367777530e-01
7.35042569099e-01
7.36651341419e-01
7.37436537630e-01
7.34636698438e-01
7.34456982572e-01
7.33409153769e-01
7.36856804647e-01
7.35144021826e-01
7.34663770995e-01
7.35216309192e-01
7.34487913896e-01
7.35593233047e-01
7.35633165849e-01
7.34644067890e-01
7.35541027118e-01
7.34093935356e-01
7.36663020827e-01
7.35853135319e-01
7.33763580405e-01
7.37478650452e-01
7.35597405110e-01
7.34333838054e-01
7.35121212127e-01
7.36132035908e-01
7.36458302448e-01
7.35088862243e-01
7.37450219252e-01
7.35232623779e-01
7.35626769233e-01
7.35194985416e-01
7.35046617054e-01
7.32470272333e-01
7.34430580052e-01
7.34514290315e-01
7.36085235819e-01
7.35987285802e-01
7.35878257421e-01
7.34348612623e-01
7.35585814898e-01
7.37973393707e-01
7.34146117724e-01
7.36942944927e-01
7.33358491924e-01
7.34777870869e-01
7.34161029613e-01
7.36317129418e-01
7.33340985925e-01
7.35692009386e-01
7.34232467735e-01
7.35001903371e-01
7.34557783102e-01
7.35554997161e-01
7.34196099816e-01
7.34731452884e-01
7.36077030374e-01
7.36257558927e-01
7.35744667095e-01
7.35048299025e-01
7.34502684011e-01
7.34402455961e-01
7.34635640153e-01
7.36736209142e-01
7.35349755136e-01
7.34513372291e-01
7.34513053888e-01
7.35651421915e-01
7.34511014887e-01
7.34370139891e-01
7.36819165732e-01
7.35644416377e-01
7.36355918506e-01
7.34418564459e-01
7.35085753207e-01
7.37211283066e-01
7.35862406015e-01
7.35317444916e-01
7.35005248807e-01
7.35297230714e-01
7.34819133637e-01
7.36025478353e-01
7.34918948518e-01
7.34680470104e-01
7.34316868185e-01
7.32651627803e-01
7.36661973029e-01
7.35688662577e-01
7.36192210907e-01
7.35576906411e-01
7.36616964582e-01
7.34942641153e-01
7.36659117196e-01
7.35634719586e-01
7.35596950844e-01
7.36831583857e-01
7.35273299268e-01
7.37153299387e-01
7.35467445117e-01
7.35984742993e-01
7.35925411496e-01
7.34551542467e-01
7.35496634655e-01
7.37404634250e-01
7.34939119185e-01
7.34520402649e-01
7.35964593903e-01
7.33455621045e-01
7.35787055606e-01
7.35066581609e-01
7.36600621114e-01
7.34156004529e-01
7.34950523175e-01
7.35642235928e-01
7.37292865456e-01
7.35026625736e-01
7.34414523802e-01
7.34347309376e-01
7.34689431861e-01
7.36135810240e-01
7.35756327404e-01
7.35736546712e-01
7.37265035063e-01
7.35862221384e-01
7.35090796706e-01
7.33738525870e-01
7.35782676463e-01
7.34595002226e-01
7.38139146099e-01
7.35835442456e-01
7.34841306358e-01
7.34573601195e-01
7.36293342842e-01
7.35593905239e-01
7.35953960257e-01
7.34003792596e-01
7.35479664341e-01
7.34620296102e-01
7.35671103294e-01
7.35659139959e-01
7.34723540437e-01
7.36465658213e-01
7.35903246560e-01
7.36818818885e-01
7.35072519399e-01
7.35684975656e-01
7.36034020658e-01
7.36732586185e-01
7.34642406573e-01
7.34222306622e-01
7.35175616068e-01
7.36071318151e-01
7.33601461417e-01
7.35860527304e-01
7.34834880443e-01
7.35709086280e-01
7.33824015389e-01
7.35269943638e-01
7.35305286649e-01
7.34051437578e-01
7.35071640457e-01
7.35885808589e-01
7.34201628411e-01
7.35333847065e-01
7.36589822191e-01
7.34639172872e-01
7.35162166702e-01
7.34562599288e-01
7.35974749319e-01
7.35770851414e-01
7.36267388501e-01
7.35533035913e-01
7.35339125108e-01
7.35475770097e-01
7.35530390167e-01
7.36815261904e-01
7.36160118129e-01
7.35968479254e-01
7.34470771695e-01
7.33423150028e-01
7.35398175963e-01
7.32836907756e-01
7.35440464380e-01
7.34125636336e-01
7.35452587726e-01
7.35926002589e-01
7.37098339322e-01
7.33307631659e-01
7.34958959229e-01
7.34920779674e-01
7.37336077545e-01
7.35984798860e-01
7.36042351979e-01
7.34518354369e-01
7.34500513103e-01
7.34827864353e-01
7.35680056984e-01
7.36316734240e-01
7.35054162394e-01
7.34288274979e-01
7.35007532382e-01
7.35835379114e-01
7.33562628277e-01
7.34636882920e-01
7.34959076217e-01
7.35054739336e-01
7.35276371731e-01
7.34400649280e-01
7.35127462869e-01
7.34494323582e-01
7.34762891407e-01
7.35686402265e-01
7.36360138266e-01
7.34259551737e-01
7.37295684945e-01
7.35185500509e-01
7.35941570202e-01
7.35269525360e-01