-4.19177145918e+01
-4.17978286096e+01
-4.18633338933e+01
-4.18351421553e+01
-4.17985967921e+01
-4.18037462808e+01
-4.17631882358e+01
-4.18714242222e+01
-4.17402446259e+01
-4.18931604709e+01
-4.18721646590e+01
-4.18729579183e+01
-4.18805691065e+01
-4.18839480103e+01
-4.18083836908e+01
-4.18211744049e+01
-4.18904719614e+01
-4.18225117785e+01
-4.18466084321e+01
-4.18880125685e+01
-4.18036850791e+01
-4.17428403680e+01
-4.18736382266e+01
-4.17506019195e+01
-4.19597900408e+01
-4.17418684739e+01
-4.17973290302e+01
-4.19150076544e+01
-4.17850758333e+01
-4.17767719560e+01
-4.18477316215e+01
-4.20094811747e+01
-4.18158434215e+01
-4.18798727322e+01
-4.18424192056e+01
-4.18962534967e+01
-4.19386700187e+01
-4.16278990905e+01
-4.17469038386e+01
-4.18111323492e+01
-4.18513774262e+01
-4.17913400768e+01
-4.16986008595e+01
-4.17921675846e+01
-4.19457153382e+01
-4.17933457995e+01
-4.18454514027e+01
-4.18442448391e+01
-4.18009734158e+01
-4.17264459470e+01
-4.18197010139e+01
-4.19534157534e+01
-4.17317498271e+01
-4.17796527437e+01
-4.17325615827e+01
-4.17622488169e+01
-4.17896020088e+01
-4.18969746951e+01
-4.18742655049e+01
-4.17943590548e+01
-4.18078344374e+01
-4.17579003424e+01
-4.18185945508e+01
-4.18865782761e+01
-4.18859551658e+01
-4.18541224146e+01
-4.18689318566e+01
-4.18865036477e+01
-4.17282019119e+01
-4.18534040491e+01
-4.18373352504e+01
-4.19023460514e+01
-4.18937742907e+01
-4.18115971746e+01
-4.18911261401e+01
-4.18165485682e+01
-4.17896204436e+01
-4.18310862658e+01
-4.19937587284e+01
-4.18486111635e+01
-4.17067916722e+01
-4.17501048236e+01
-4.17053066049e+01
-4.19234647063e+01
-4.18713963799e+01
-4.17869764386e+01
-4.18277456199e+01
-4.20094064286e+01
-4.16630812719e+01
-4.19954049725e+01
-4.17876432214e+01
-4.18135950983e+01
-4.17780353289e+01
-4.18014915293e+01
-4.17078876305e+01
-4.17277447537e+01
-4.20057228656e+01
-4.18481946267e+01
-4.18722761710e+01
-4.17560021333e+01
-4.18520524420e+01
-4.17943779154e+01
-4.18004028449e+01
-4.17404720598e+01
-4.18444387492e+01
-4.18422506450e+01
-4.18704526076e+01
-4.18296274487e+01
-4.18873363845e+01
-4.16497550456e+01
-4.18800667323e+01
-4.18314449102e+01
-4.18445461496e+01
-4.18498805452e+01
-4.18965775722e+01
-4.19858373147e+01
-4.17733680552e+01
-4.18735363715e+01
-4.18855589725e+01
-4.18859804989e+01
-4.18229340902e+01
-4.17327291781e+01
-4.17781368591e+01
-4.19875656087e+01
-4.18173063792e+01
-4.19826825059e+01
-4.18285218508e+01
-4.19255690573e+01
-4.19184439386e+01
-4.17811238043e+01
-4.18270527900e+01
-4.20221743266e+01
-4.18147167823e+01
-4.18774300575e+01
-4.18966152146e+01
-4.19086221807e+01
-4.19600633284e+01
-4.18231167017e+01
-4.17794025599e+01
-4.18178700118e+01
-4.18696556921e+01
-4.17966382387e+01
-4.17550935275e+01
-4.17907642534e+01
-4.18784626125e+01
-4.17444064889e+01
-4.18461611990e+01
-4.16595236075e+01
-4.18213844782e+01
-4.19103045335e+01
-4.18909630638e+01
-4.17853389320e+01
-4.17426149188e+01
-4.18851281354e+01
-4.18855440378e+01
-4.18711089428e+01
-4.17494051474e+01
-4.18334887973e+01
-4.19103326767e+01
-4.18591317721e+01
-4.17088331112e+01
-4.18077196064e+01
-4.18558460119e+01
-4.17953764940e+01
-4.18107778116e+01
-4.20176121407e+01
-4.18056918068e+01
-4.17255001096e+01
-4.18716343733e+01
-4.17198896217e+01
-4.18721785405e+01
-4.19182747944e+01
-4.17994816304e+01
-4.18907488001e+01
-4.18288565464e+01
-4.18791123886e+01
-4.18627916473e+01
-4.19590512450e+01
-4.17989603915e+01
-4.17902859747e+01
-4.17128582256e+01
-4.17397487147e+01
-4.18437356983e+01
-4.18296239029e+01
-4.17380212074e+01
-4.18542643259e+01
-4.18992270305e+01
-4.16989502632e+01
-4.17758783338e+01
-4.18499296606e+01
-4.18851607976e+01
-4.18598526664e+01
-4.19513436655e+01
-4.17945447435e+01
-4.17677424600e+01
-4.18370647522e+01
-4.18012656420e+01
-4.18225643658e+01
-4.18096102377e+01
-4.17779347835e+01
-4.19064549128e+01
-4.18287521858e+01
-4.18921077356e+01
-4.18283529628e+01
-4.17500291398e+01
-4.18235973009e+01
-4.17319429231e+01
-4.18119461517e+01
-4.17707492438e+01
-4.20190019247e+01
-4.17922794103e+01
-4.19829741818e+01
-4.18311660610e+01
-4.18068210807e+01
-4.16962090041e+01
-4.18203027357e+01
-4.18247487550e+01
-4.19127618856e+01
-4.17477045440e+01
-4.18495799174e+01
-4.17903559525e+01
-4.18974126445e+01
-4.17627141606e+01
-4.18026471183e+01
-4.19682373102e+01
-4.18809316033e+01
-4.17161116083e+01
-4.17117355660e+01
-4.18170485033e+01
-4.16839120885e+01
-4.16959854887e+01
-4.18451764632e+01
-4.18938968948e+01
-4.16962536973e+01
-4.18226348039e+01
-4.19158112330e+01
-4.19053305292e+01
-4.18784723503e+01
-4.18065846973e+01
-4.18224926399e+01
-4.18479878586e+01
-4.17175394110e+01
-4.19413372343e+01
-4.19152826383e+01
-4.19530835352e+01
-4.19088183591e+01
-4.17858250894e+01
-4.18372718148e+01
-4.19073188673e+01
-4.18765868685e+01
-4.17464139407e+01
-4.17500939369e+01
-4.18073843503e+01
-4.18482485211e+01
-4.17511833725e+01
-4.19086766007e+01
-4.18053534053e+01
-4.19809829655e+01
-4.18509232572e+01
-4.18138824642e+01
-4.18947079287e+01
-4.19166446235e+01
-4.17632198948e+01
-4.18369490973e+01
-4.19767035674e+01
-4.18429426106e+01
-4.17629092191e+01
-4.17631214173e+01
-4.18719829837e+01
-4.18634248416e+01
-4.17866550808e+01
-4.17391019951e+01
-4.18740813781e+01
-4.18574006842e+01
-4.18489418126e+01
-4.19081832955e+01
-4.17398575706e+01
-4.18915693203e+01
-4.19157913472e+01
-4.16915796095e+01
-4.19702987447e+01
-4.19198013740e+01
-4.17382482829e+01
-4.18632689970e+01
-4.17705135468e+01
-4.17644255556e+01
-4.18734458103e+01
-4.19370410362e+01
-4.17978721864e+01
-4.16709253976e+01
-4.17538286356e+01
-4.18514226944e+01
-4.17330303022e+01
-4.18355427417e+01
-4.18691554778e+01
-4.18953180505e+01
-4.18342909718e+01
-4.17259736283e+01
-4.18103501298e+01
-4.17639451901e+01
-4.18211375113e+01
-4.18520674617e+01
-4.18792793587e+01
-4.18414660694e+01
-4.18941605811e+01
-4.18668862840e+01
-4.20085300936e+01
-4.18000114744e+01
-4.18247144582e+01
-4.19106213867e+01
-4.17498134755e+01
-4.17144972090e+01
-4.18806691300e+01
-4.18008378095e+01
-4.17070715584e+01
-4.20125703844e+01
-4.18583963358e+01
-4.18413460290e+01
-4.19450317701e+01
-4.18769094489e+01
-4.18099855022e+01
-4.17377856604e+01
-4.17992157394e+01
-4.18150693582e+01
-4.19064440069e+01
-4.18832583505e+01
-4.19335907512e+01
-4.17323740165e+01
-4.19247312143e+01
-4.17886505682e+01
-4.19101927444e+01
-4.18592937953e+01
-4.17860165899e+01
-4.19082277546e+01
-4.18180754665e+01
-4.18206582968e+01
-4.18491000808e+01
-4.17591757790e+01
-4.17741823931e+01
-4.18256240605e+01
-4.19386904198e+01
-4.18990124731e+01
-4.18102581612e+01
-4.17914735221e+01
-4.16911286303e+01
-4.17419788142e+01
-4.18020571304e+01
-4.18141868385e+01
-4.16772329757e+01
-4.18803086772e+01
-4.18520765218e+01
-4.18580598284e+01
-4.19085075816e+01
-4.19315933962e+01
-4.18928160068e+01
-4.19515352811e+01
-4.17754919151e+01
-4.18388144445e+01
-4.18019756239e+01
-4.18210654997e+01
-4.16891191791e+01
-4.17456253416e+01
-4.18687678593e+01
-4.17916570211e+01
-4.18588422630e+01
-4.18178419944e+01
-4.17694967467e+01
-4.16807183670e+01
-4.18659582542e+01
-4.18337915783e+01
-4.19412378391e+01
-4.18087017116e+01
-4.20074626880e+01
-4.19033199162e+01
-4.18440018433e+01
-4.19524238348e+01
-4.18776726374e+01
-4.18178956286e+01
-4.18931527084e+01
-4.18257561255e+01
-4.19043809960e+01
-4.19056584217e+01
-4.18081422019e+01
-4.19305257369e+01
-4.18174601056e+01
-4.19619546020e+01
-4.18424608212e+01
-4.18445234759e+01
-4.17609291036e+01
-4.18970435371e+01
-4.18837279353e+01
-4.18476771667e+01
-4.18155931162e+01
-4.19222308129e+01
-4.18872936074e+01
-4.18718056273e+01
-4.18133951820e+01
-4.18393371934e+01
-4.18350422204e+01
-4.17064996502e+01
-4.17374659503e+01
-4.18439477749e+01
-4.17757857563e+01
-4.17229690544e+01
-4.17308912735e+01
-4.19669355688e+01
-4.18992985279e+01
-4.18371920583e+01
-4.18946976875e+01
-4.17884657968e+01
-4.18823636102e+01
-4.18331253578e+01
-4.19102154089e+01
-4.17680603536e+01
-4.17416461927e+01
-4.20002434327e+01
-4.18535325158e+01
-4.19874606247e+01
-4.19035664004e+01
-4.19382650484e+01
-4.17158845652e+01
-4.19702141152e+01
-4.16728743020e+01
-4.17523769140e+01
-4.18019519560e+01
-4.18024917487e+01
-4.18823796738e+01
-4.18347469783e+01
-4.18518205879e+01
-4.19096736582e+01
-4.19907203515e+01
-4.18885955533e+01
-4.17794749372e+01
-4.18544460772e+01
-4.19169176663e+01
-4.17587285855e+01
-4.19055910148e+01
-4.18147559982e+01
-4.18400422228e+01
-4.18632314910e+01
-4.18102337705e+01
-4.18057024308e+01
-4.19627648727e+01
-4.18050030207e+01
-4.19149328041e+01
-4.18366539275e+01
-4.19528763530e+01
-4.18852100718e+01
-4.18320869929e+01
-4.19669756920e+01
-4.18216308163e+01
-4.18966201448e+01
-4.17972852600e+01
-4.18051703075e+01
-4.17677845457e+01
-4.18760340515e+01
-4.18207793814e+01
-4.17733906063e+01
-4.18620787614e+01
-4.18543677009e+01
-4.20129287583e+01
-4.18846266348e+01
-4.18938039593e+01
-4.18368382182e+01
-4.17659297278e+01
-4.18053500781e+01
-4.18641934895e+01
-4.17518758794e+01
-4.19027999809e+01
-4.17839904222e+01
-4.17202504335e+01
-4.19502287230e+01
-4.19588322693e+01
-4.17410088174e+01
-4.18608439111e+01
-4.18544245513e+01
-4.16545687856e+01
-4.18421722928e+01
-4.18396856080e+01
-4.18836923506e+01
-4.18424072556e+01
-4.17013667902e+01
-4.18266066633e+01
-4.17720324569e+01
-4.18123503472e+01
-4.18307568229e+01
-4.18046732076e+01
-4.17556609769e+01
-4.18845099589e+01
-4.19717168143e+01
-4.18103683421e+01
-4.17215786620e+01
-4.18297841602e+01
-4.17431814062e+01
-4.18909947254e+01
-4.18286425004e+01
-4.18845574253e+01
-4.18785880162e+01
-4.17059210043e+01
-4.19013598742e+01
-4.18358562060e+01