-7.18193260847e+00
-7.18026577021e+00
-7.18379810746e+00
-7.18265145686e+00
-7.18147744182e+00
-7.18098878272e+00
-7.18160490169e+00
-7.18183671948e+00
-7.17937474799e+00
-7.18164111159e+00
-7.18181940746e+00
-7.17925427166e+00
-7.18095528066e+00
-7.17844750632e+00
-7.18144143153e+00
-7.17959812630e+00
-7.18191054556e+00
-7.18240543211e+00
-7.17957591729e+00
-7.18118987229e+00
-7.18028723296e+00
-7.17963271828e+00
-7.17894514156e+00
-7.18107316939e+00
-7.17913305621e+00
-7.18218216444e+00
-7.18225085945e+00
-7.18207556605e+00
-7.17971602966e+00
-7.17926026774e+00
-7.18257881281e+00
-7.18139933696e+00
-7.18247795891e+00
-7.18240249603e+00
-7.18087259182e+00
-7.18151028335e+00
-7.18238677255e+00
-7.18108466384e+00
-7.18046673222e+00
-7.18260028126e+00
-7.18060920608e+00
-7.18089217962e+00
-7.18120390974e+00
-7.18154129221e+00
-7.18270313011e+00
-7.18336791905e+00
-7.18151804285e+00
-7.18129418535e+00
-7.18109340470e+00
-7.17842444419e+00
-7.17904521935e+00
-7.18238583926e+00
-7.17990174183e+00
-7.17950690891e+00
-7.17940782080e+00
-7.18198472791e+00
-7.17971459651e+00
-7.18072412425e+00
-7.18094238543e+00
-7.18121959955e+00
-7.18121150412e+00
-7.17840268969e+00
-7.18028007037e+00
-7.18076706451e+00
-7.17987832564e+00
-7.18006838694e+00
-7.17985967541e+00
-7.18188909050e+00
-7.18016508743e+00
-7.18170979025e+00
-7.18158071720e+00
-7.18172430151e+00
-7.18170631263e+00
-7.18007253269e+00
-7.18117081604e+00
-7.18156673618e+00
-7.18165111133e+00
-7.18150882645e+00
-7.17720094376e+00
-7.18215172520e+00
-7.18077263237e+00
-7.18066735910e+00
-7.17723096480e+00
-7.18133861036e+00
-7.18057149240e+00
-7.18091976026e+00
-7.18215041771e+00
-7.18282421737e+00
-7.18016115896e+00
-7.18201056935e+00
-7.18106111889e+00
-7.18070834722e+00
-7.18097994505e+00
-7.18140432888e+00
-7.18210306720e+00
-7.18097583316e+00
-7.18170773610e+00
-7.18013309581e+00
-7.18137941650e+00
-7.17989229418e+00
-7.18144591887e+00
-7.18082998272e+00
-7.18036106695e+00
-7.18176947498e+00
-7.18099707617e+00
-7.18321795802e+00
-7.18033978413e+00
-7.18270001059e+00
-7.17926068809e+00
-7.17961541163e+00
-7.18194081326e+00
-7.18151473080e+00
-7.18322403118e+00
-7.17934880053e+00
-7.18167597667e+00
-7.17859899097e+00
-7.18053681896e+00
-7.18037480744e+00
-7.18029490394e+00
-7.18014931363e+00
-7.18035255175e+00
-7.17933293692e+00
-7.18147566930e+00
-7.18068958155e+00
-7.18078655889e+00
-7.17873639733e+00
-7.17997454875e+00
-7.17987172938e+00
-7.18062060769e+00
-7.18122834446e+00
-7.17896757668e+00
-7.18174701026e+00
-7.17924774005e+00
-7.18308402502e+00
-7.18186890542e+00
-7.18192502259e+00
-7.18250958520e+00
-7.18160584513e+00
-7.18322838890e+00
-7.18085301517e+00
-7.18200687514e+00
-7.18037279164e+00
-7.17993189514e+00
-7.18087834465e+00
-7.18094698802e+00
-7.17907562388e+00
-7.18296638719e+00
-7.18007171375e+00
-7.18055802037e+00
-7.17982843719e+00
-7.18128436714e+00
-7.17930368941e+00
-7.18059486720e+00
-7.18117382980e+00
-7.18055370762e+00
-7.18127676637e+00
-7.17995810969e+00
-7.18141125351e+00
-7.18288856964e+00
-7.18157126989e+00
-7.18111849911e+00
-7.17933858936e+00
-7.18040148245e+00
-7.17789019460e+00
-7.17939241228e+00
-7.18052907805e+00
-7.18049717754e+00
-7.18366541615e+00
-7.17956040976e+00
-7.18277115571e+00
-7.18152974781e+00
-7.18154469281e+00
-7.18209198823e+00
-7.18173502907e+00
-7.17942419735e+00
-7.18074983161e+00
-7.18333590679e+00
-7.18072390651e+00
-7.18243174856e+00
-7.18089131576e+00
-7.18248552293e+00
-7.18219126611e+00
-7.18029867397e+00
-7.18046153722e+00
-7.18110494243e+00
-7.18196809193e+00
-7.17981619553e+00
-7.17972455213e+00
-7.18200462076e+00
-7.18215626977e+00
-7.18032601681e+00
-7.18133396862e+00
-7.18159743803e+00
-7.18018526935e+00
-7.18183870156e+00
-7.18122231937e+00
-7.18109012139e+00
-7.18045558867e+00
-7.18180016652e+00
-7.18041241210e+00
-7.18243657084e+00
-7.18119614025e+00
-7.17934883548e+00
-7.18067276062e+00
-7.17860618823e+00
-7.17962491329e+00
-7.18056178012e+00
-7.18071902737e+00
-7.18035127017e+00
-7.17946709804e+00
-7.18027015644e+00
-7.18230309815e+00
-7.18161723098e+00
-7.17954377357e+00
-7.18090594252e+00
-7.18140060388e+00
-7.17962963558e+00
-7.17932518112e+00
-7.17875757223e+00
-7.17944248934e+00
-7.18112398891e+00
-7.18246283528e+00
-7.18000951376e+00
-7.18086890932e+00
-7.18201161552e+00
-7.17988642359e+00
-7.18258990432e+00
-7.17862594977e+00
-7.18172853304e+00
-7.18035637021e+00
-7.18031929897e+00
-7.17983418714e+00
-7.18041338143e+00
-7.18159794878e+00
-7.17974102198e+00
-7.18161626234e+00
-7.17929724327e+00
-7.18190451792e+00
-7.18279749611e+00
-7.18287264813e+00
-7.18181294167e+00
-7.17981986882e+00
-7.18315745792e+00
-7.18110481964e+00
-7.17838853812e+00
-7.17928105566e+00
-7.18085969316e+00
-7.18116437292e+00
-7.18008837409e+00
-7.18080732502e+00
-7.18021550191e+00
-7.17917741584e+00
-7.18177024134e+00
-7.17991083582e+00
-7.18096788224e+00
-7.18127270994e+00
-7.18121998826e+00
-7.18087097342e+00
-7.17985172351e+00
-7.18124508851e+00
-7.18176767072e+00
-7.18239517929e+00
-7.17947442601e+00
-7.17894989432e+00
-7.18000028587e+00
-7.18022349364e+00
-7.18059443836e+00
-7.18282684714e+00
-7.17936530792e+00
-7.18155936223e+00
-7.18122817335e+00
-7.18053918921e+00
-7.18062668790e+00
-7.18113032380e+00
-7.18127102734e+00
-7.18073912350e+00
-7.17793181108e+00
-7.17909755181e+00
-7.18317749486e+00
-7.18060801058e+00
-7.18022390810e+00
-7.17922830177e+00
-7.18079557498e+00
-7.18184633432e+00
-7.18030847306e+00
-7.18198314785e+00
-7.18047330099e+00
-7.18010961875e+00
-7.18117470638e+00
-7.18148489610e+00
-7.17901599549e+00
-7.18057200942e+00
-7.18034267058e+00
-7.18013108291e+00
-7.18016844950e+00
-7.18056321092e+00
-7.17946789519e+00
-7.18163493894e+00
-7.18171491519e+00
-7.18067695085e+00
-7.18200995317e+00
-7.17998666570e+00
-7.17933570873e+00
-7.18278449460e+00
-7.18151179459e+00
-7.18170587224e+00
-7.18104799292e+00
-7.17921515861e+00
-7.17994130483e+00
-7.18188273270e+00
-7.18098243986e+00
-7.18108079549e+00
-7.18060765533e+00
-7.18234206459e+00
-7.18047340271e+00
-7.18149434549e+00
-7.18105199525e+00
-7.18228638947e+00
-7.18151351209e+00
-7.18059048292e+00
-7.17863395612e+00
-7.17878414751e+00
-7.18177496318e+00
-7.18107075874e+00
-7.17968103988e+00
-7.18086288722e+00
-7.18079204660e+00
-7.17992249275e+00
-7.17959934742e+00
-7.18007280762e+00
-7.18043397280e+00
-7.18057597395e+00
-7.18159054477e+00
-7.18192519579e+00
-7.18362250592e+00
-7.18091205627e+00
-7.18178723049e+00
-7.18125275632e+00
-7.18018868634e+00
-7.18045003725e+00
-7.18021033360e+00
-7.18264153872e+00
-7.17926147724e+00
-7.17735678587e+00
-7.18044717528e+00
-7.18201171290e+00
-7.18093933586e+00
-7.17886336596e+00
-7.18132996937e+00
-7.18034952425e+00
-7.17959368360e+00
-7.17923434354e+00
-7.18158628218e+00
-7.17940159713e+00
-7.18029155009e+00
-7.18111786458e+00
-7.18002889947e+00
-7.18184169285e+00
-7.17932609484e+00
-7.18144733640e+00
-7.18260119866e+00
-7.17861239224e+00
-7.18010060899e+00
-7.18146460886e+00
-7.18046468911e+00
-7.18205158809e+00
-7.17894259321e+00
-7.18142743418e+00
-7.18049979297e+00
-7.18191094634e+00
-7.18066785171e+00
-7.17980706110e+00
-7.18042671503e+00
-7.17841815789e+00
-7.18040519921e+00
-7.18056800539e+00
-7.18270046914e+00
-7.18227528656e+00
-7.18042466288e+00
-7.18130731805e+00
-7.17978661689e+00
-7.18151727163e+00
-7.17987007032e+00
-7.18061139569e+00
-7.18100707096e+00
-7.17951438178e+00
-7.18122076615e+00
-7.18059882035e+00
-7.17978215568e+00
-7.18163045108e+00
-7.18088297861e+00
-7.18043279612e+00
-7.18123130736e+00
-7.18029024732e+00
-7.17974548874e+00
-7.18019092272e+00
-7.18154623721e+00
-7.18069469697e+00
-7.17912733754e+00
-7.17942562416e+00
-7.18001770357e+00
-7.18082270868e+00
-7.18149830183e+00
-7.18037202985e+00
-7.18176599154e+00
-7.18037045642e+00
-7.17996757842e+00
-7.18030465876e+00
-7.17976328943e+00
-7.18184727616e+00
-7.17875760032e+00
-7.18042282776e+00
-7.18005340234e+00
-7.17984034363e+00
-7.18135855505e+00
-7.18274529021e+00
-7.18030984643e+00
-7.18019238444e+00
-7.18157819497e+00
-7.18127319978e+00
-7.17874746678e+00
-7.18135927354e+00
-7.18016204153e+00
-7.18155361461e+00
-7.17868957516e+00
-7.18008281815e+00
-7.18188100279e+00
-7.18065480347e+00
-7.18246506035e+00
-7.18076524898e+00
-7.18159036842e+00
-7.18232990361e+00
-7.18193409674e+00
-7.17969708370e+00
-7.17992109218e+00
-7.17986564840e+00
-7.17955283915e+00
-7.18129143929e+00
-7.18021311226e+00
-7.18254372385e+00
-7.17903413687e+00
-7.18242193492e+00
-7.18136732803e+00
-7.17932971369e+00
-7.17968665148e+00
-7.17971231957e+00
-7.18185991195e+00
-7.18134057678e+00
-7.18079358761e+00
-7.17929903652e+00
-7.17937919157e+00
-7.18116112866e+00
-7.17908928254e+00
-7.18043611340e+00
-7.18124659123e+00
-7.17971515647e+00
-7.17957509322e+00
-7.18063278345e+00
-7.18183751102e+00
-7.18225468334e+00
-7.17997641758e+00
-7.18297282054e+00
-7.18048546017e+00
-7.18151956068e+00
-7.18228461761e+00
-7.18026938630e+00
-7.17984953246e+00
-7.18196208982e+00
-7.17867651461e+00
-7.18127910242e+00
-7.18126455600e+00
-7.18178799445e+00
-7.18101025371e+00
-7.17899146245e+00
-7.17873720428e+00
-7.18071305600e+00
-7.18273392845e+00
-7.17882618260e+00
-7.18222510410e+00
-7.18001343274e+00
-7.18172805932e+00
-7.18014218220e+00
-7.18224873266e+00
-7.18022291469e+00
-7.17982597796e+00
-7.18004786803e+00
-7.18015961013e+00
-7.17851444981e+00
-7.17885012002e+00
-7.18095839123e+00
-7.18106458560e+00
-7.18095049784e+00
-7.18121523454e+00
-7.17948513651e+00
-7.17980482506e+00
-7.18047226570e+00
-7.18066177312e+00
-7.18145428795e+00
-7.18023105228e+00
-7.17953116813e+00
-7.18072081619e+00