6.98455204189e-01
7.07805924575e-01
7.02780390450e-01
7.28961087634e-01
6.78617245504e-01
7.20497891501e-01
7.23001215911e-01
7.11632529065e-01
7.17551190192e-01
7.21301280775e-01
7.20167919786e-01
7.23278747241e-01
7.12574453162e-01
7.08533341594e-01
7.08593189714e-01
7.17635730125e-01
7.12048963873e-01
6.88696490468e-01
6.94292770291e-01
7.10642072589e-01
7.20856298444e-01
7.22380347239e-01
6.72308395395e-01
7.37725886032e-01
7.07982102374e-01
7.17397416346e-01
6.82119523357e-01
6.93464944344e-01
6.91571133852e-01
7.25667490752e-01
7.12217271036e-01
7.02154387361e-01
6.99291211230e-01
7.23511722608e-01
7.10472942743e-01
7.03106270749e-01
7.08987921000e-01
7.09716201478e-01
7.02071342847e-01
7.24353094878e-01
7.20737267498e-01
6.89564276755e-01
7.04502507879e-01
7.25888790821e-01
6.80093046160e-01
7.21821770415e-01
7.31481330745e-01
6.76216098038e-01
7.12106787592e-01
7.12606154790e-01
7.23467826621e-01
7.06007799323e-01
6.84997061363e-01
7.10709867678e-01
6.70755834105e-01
7.02580600598e-01
7.09265395471e-01
7.29411914458e-01
7.12282910185e-01
6.86979032001e-01
7.26105456451e-01
7.15105847200e-01
7.03348854968e-01
7.18083840823e-01
7.19569888328e-01
7.22039147146e-01
7.04540217559e-01
7.20773134118e-01
6.86967222596e-01
6.67475456505e-01
6.99974586199e-01
6.99220812279e-01
7.31486659656e-01
6.85502461169e-01
7.08415336359e-01
6.93884529024e-01
7.19151123255e-01
7.23826096851e-01
7.20810051928e-01
6.73218513990e-01
7.21639675633e-01
7.16276236315e-01
6.99321496608e-01
7.26099216314e-01
6.85548514308e-01
7.26547424256e-01
6.94272443749e-01
7.22160878851e-01
7.14216562022e-01
6.85234191885e-01
7.29045571922e-01
7.04206063992e-01
6.82795391106e-01
6.86240735430e-01
7.18214749920e-01
6.98625636256e-01
6.98384751147e-01
6.89951371957e-01
7.29848260573e-01
7.08368953032e-01
6.84394495778e-01
6.81335086596e-01
7.21358428590e-01
7.12477886263e-01
7.07223313000e-01
6.93071514180e-01
7.29465816680e-01
6.99099236499e-01
7.00049203951e-01
7.04998006330e-01
6.98819265434e-01
7.27228028084e-01
6.87555596347e-01
7.01553843323e-01
7.04624814421e-01
6.90225718629e-01
7.09532222101e-01
7.12591284336e-01
6.85076908360e-01
7.16509273958e-01
6.98012656990e-01
6.88184162947e-01
6.87057268825e-01
7.08503295952e-01
7.40756348721e-01
6.99259678291e-01
7.24208096306e-01
7.05754372822e-01
7.17076049660e-01
7.17596623405e-01
7.05866053334e-01
6.89923516731e-01
7.36844918487e-01
7.16925853626e-01
7.02146787296e-01
7.17924071735e-01
7.16924276290e-01
6.95440646924e-01
6.99482327225e-01
6.94478647753e-01
7.03178306968e-01
6.79372909911e-01
7.07395302778e-01
7.33098739049e-01
6.98794150863e-01
7.43750157280e-01
7.39707683848e-01
6.99288406837e-01
7.17422096256e-01
6.99796636172e-01
6.88421966161e-01
6.80002806822e-01
7.06653292083e-01
6.94458705710e-01
6.94511595293e-01
7.15809805620e-01
6.90301485586e-01
7.10414038306e-01
7.01507620380e-01
6.83215497401e-01
7.10785778003e-01
7.06478823393e-01
7.30687667375e-01
7.07414756441e-01
7.05005762989e-01
7.25798081299e-01
6.82173379000e-01
6.82550191532e-01
7.31621306663e-01
7.14306408840e-01
7.14956948960e-01
7.07567387803e-01
7.04642941849e-01
7.05520281095e-01
6.97240403112e-01
7.13624576740e-01
6.91195756131e-01
7.15826130489e-01
7.05254189021e-01
6.74727121821e-01
6.86830840674e-01
7.23666511040e-01
7.10142712415e-01
7.17324513333e-01
7.12499449773e-01
7.06896563527e-01
7.08044579620e-01
7.29426175023e-01
7.11873166125e-01
7.14871041937e-01
7.23047263622e-01
7.13176915293e-01
7.16582043441e-01
7.08258299018e-01
6.96678724168e-01
7.20396750214e-01
7.15844228306e-01
7.20977212129e-01
7.00427454588e-01
6.73008556507e-01
7.11973931026e-01
7.00058068873e-01
7.15721367947e-01
7.07049943571e-01
7.35376866822e-01
6.92610795616e-01
7.24820344225e-01
7.29548530753e-01
6.73426933347e-01
6.96266010957e-01
7.21939257218e-01
7.07281665728e-01
6.99971462637e-01
7.29050449986e-01
7.29057193193e-01
7.23081104053e-01
7.09100220601e-01
7.15557080934e-01
6.99954473815e-01
7.14525105297e-01
6.98205650212e-01
7.00303288575e-01
7.10431098728e-01
7.00005343718e-01
6.91956873469e-01
7.38147670034e-01
7.22213617653e-01
7.18327943487e-01
7.04089415907e-01
7.43803613752e-01
6.74398445722e-01
7.05914572612e-01
7.32344715115e-01
7.19502922900e-01
6.88921842832e-01
7.39233558171e-01
6.89828564025e-01
7.26601687285e-01
7.01392945427e-01
7.20904501157e-01
7.20647660783e-01
7.28081875696e-01
7.07903778782e-01
7.06408921305e-01
6.98280650323e-01
6.85353166368e-01
7.04801247743e-01
7.40311965514e-01
7.02535422185e-01
6.99557571666e-01
7.30031905948e-01
7.11777789029e-01
7.11932901267e-01
6.89076857435e-01
7.22490895764e-01
7.04892369794e-01
7.00999043041e-01
7.09894551361e-01
7.26723104556e-01
7.17081768159e-01
6.98992960716e-01
6.80595520279e-01
7.16281618181e-01
7.11809760202e-01
6.94345873345e-01
6.97151976652e-01
6.94328987305e-01
7.30192304303e-01
7.12249008791e-01
7.24963431467e-01
7.05532843996e-01
7.11601756361e-01
7.12182801553e-01
7.10004172087e-01
7.10121734922e-01
7.09568348416e-01
7.31927141784e-01
6.83192590044e-01
7.18745225147e-01
6.87288385283e-01
6.84327770544e-01
7.16099113806e-01
7.05730738374e-01
7.04696511799e-01
7.11900622942e-01
7.05675134132e-01
7.15722601135e-01
6.88127162234e-01
6.73473117046e-01
6.93965668220e-01
6.95975179974e-01
7.28493031203e-01
7.05856033654e-01
6.92974137244e-01
6.95973423296e-01
7.17666639321e-01
6.82149303060e-01
7.11728963653e-01
7.39808014608e-01
7.03086594841e-01
7.06088791571e-01
6.98156584690e-01
7.08963452838e-01
7.21264513755e-01
7.07117719073e-01
7.12602842224e-01
7.10568463931e-01
7.13448499181e-01
7.20387279256e-01
6.84352733574e-01
7.08055608424e-01
7.13781798957e-01
6.95606853954e-01
7.03310980746e-01
6.72107645386e-01
6.91701406239e-01
7.05074974429e-01
7.19938755308e-01
7.18122899324e-01
7.00932037298e-01
7.21252564870e-01
7.15898228807e-01
7.40467287606e-01
7.00845869972e-01
7.21746086521e-01
6.97671326917e-01
7.05421857790e-01
7.23891509380e-01
7.28102205440e-01
6.93869713494e-01
7.05959854438e-01
6.95659395227e-01
7.29269119060e-01
7.10863089879e-01
7.29102522383e-01
7.11345859956e-01
7.13828752163e-01
7.07369490319e-01
7.18333683726e-01
6.95558242050e-01
6.98444024888e-01
7.49905886643e-01
6.98114370161e-01
7.16764528498e-01
6.95255089753e-01
7.24966640516e-01
7.07498339550e-01
7.28055806947e-01
7.13602214146e-01
7.11253275357e-01
7.18710683854e-01
7.05511091922e-01
7.10415535006e-01
7.23513904918e-01
6.73931107555e-01
6.90171104948e-01
7.02719139333e-01
7.11419900807e-01
6.99675049327e-01
7.04543980405e-01
7.11277351167e-01
7.09211994117e-01
6.77021382273e-01
7.16570307180e-01
6.94271063173e-01
6.89669894904e-01
7.19597078364e-01
7.08636399190e-01
7.17679385554e-01
6.67200592348e-01
7.22718652942e-01
7.36024186848e-01
6.88890045191e-01
7.08085998746e-01
6.78314716370e-01
6.81852899964e-01
6.87536829127e-01
7.16146086903e-01
7.15811563149e-01
7.36449189125e-01
6.77653854385e-01
6.96045850163e-01
7.09847234611e-01
6.96333300970e-01
6.88310165407e-01
7.12886455989e-01
7.09662198746e-01
7.08770341706e-01
6.89952727505e-01
6.87173050745e-01
7.12169670475e-01
7.46784791579e-01
6.90685214847e-01
6.83929920033e-01
7.14965503729e-01
6.96192396365e-01
6.93444987805e-01
6.97744686554e-01
7.27841575705e-01
7.17830481060e-01
6.99656902196e-01
6.98225854351e-01
7.02856353010e-01
6.84511676452e-01
6.96098426365e-01
6.80649692237e-01
7.12868923744e-01
7.32321946839e-01
7.30456202621e-01
7.01592639810e-01
7.04257676444e-01
7.01777062482e-01
6.88296601127e-01
6.97586281328e-01
7.00584556119e-01
7.18445594077e-01
7.05712902050e-01
7.16166788632e-01
6.89712524031e-01
6.93979051024e-01
7.12502775169e-01
7.00037759475e-01
7.45326696925e-01
7.10813884108e-01
7.10996835121e-01
7.49173016322e-01
7.31911372903e-01
7.10793069720e-01
6.98076663704e-01
7.00508398058e-01
7.06153641860e-01
7.04016109748e-01
7.12596345720e-01
7.27421465414e-01
7.31843444867e-01
7.12700177418e-01
6.82459301304e-01
6.95608222686e-01
6.68044585038e-01
7.07006973634e-01
7.02107947771e-01
7.22860886458e-01
6.92634680991e-01
7.26119313280e-01
7.24680267294e-01
7.28185745544e-01
7.19330822275e-01
7.09699714334e-01
7.09914885330e-01
6.85971302105e-01
7.12700612654e-01
6.96543782439e-01
7.07776810059e-01
7.32176730055e-01
7.02016440323e-01
6.94322388613e-01
7.33855907996e-01
6.90347259313e-01
7.10660387691e-01
6.91727539339e-01
7.24909859389e-01
7.09817129796e-01
6.75692505763e-01
7.11629873812e-01
7.14000322979e-01
7.08455784439e-01
7.00805709754e-01
6.90145431635e-01
7.16318583067e-01
7.19030732818e-01
6.88295419130e-01
7.12090774011e-01
7.11035046667e-01
7.22212876748e-01
7.05784668886e-01
7.09183104497e-01
6.92743828791e-01
7.20690759264e-01
7.21179906250e-01
7.10756735610e-01
6.82830055468e-01
6.80735273838e-01
6.98506198592e-01
6.74542446522e-01
6.93055632081e-01
7.13039177491e-01
7.02461838570e-01
6.90890681050e-01
7.09109119754e-01
7.16735376017e-01
7.49073827370e-01
6.94896679906e-01
7.23216792657e-01
7.01864426755e-01
6.99630107143e-01
7.07178806431e-01
6.91714483097e-01
7.07444156908e-01
7.08015341750e-01
6.83647708656e-01
7.06639861078e-01