-8.56237628835e+00
-8.53535250766e+00
-8.55952868941e+00
-8.48993415431e+00
-8.51909397637e+00
-8.56382536874e+00
-8.52089617631e+00
-8.52113415858e+00
-8.54319349209e+00
-8.54426357202e+00
-8.55414508657e+00
-8.54634243983e+00
-8.47894514406e+00
-8.46558791940e+00
-8.57874706728e+00
-8.49670521936e+00
-8.54125523953e+00
-8.52926781048e+00
-8.55439187837e+00
-8.51981233212e+00
-8.54832342613e+00
-8.55609533785e+00
-8.50230416731e+00
-8.56796053711e+00
-8.47451821575e+00
-8.55488490760e+00
-8.51428212803e+00
-8.50544377637e+00
-8.48319019436e+00
-8.56476408796e+00
-8.52144201265e+00
-8.54048166540e+00
-8.47567494680e+00
-8.50474791394e+00
-8.52203206310e+00
-8.59155103556e+00
-8.45115280993e+00
-8.56227816927e+00
-8.54812933482e+00
-8.52190562147e+00
-8.48769791559e+00
-8.56313879389e+00
-8.52239797704e+00
-8.55546565463e+00
-8.51441253294e+00
-8.56318076965e+00
-8.55163718276e+00
-8.53483771565e+00
-8.51157439352e+00
-8.52068429815e+00
-8.48612289653e+00
-8.51368482642e+00
-8.52698642447e+00
-8.47752061022e+00
-8.51566964937e+00
-8.55690577745e+00
-8.46945765561e+00
-8.53398021676e+00
-8.55265280071e+00
-8.58118532008e+00
-8.50870410317e+00
-8.53175266094e+00
-8.52178667926e+00
-8.52978152481e+00
-8.52012439104e+00
-8.54366599472e+00
-8.49437335666e+00
-8.54377724111e+00
-8.56350240711e+00
-8.50917884174e+00
-8.58677511453e+00
-8.52747139572e+00
-8.53540685769e+00
-8.53577438882e+00
-8.45134440116e+00
-8.50573899459e+00
-8.54721257046e+00
-8.55413454298e+00
-8.54566469397e+00
-8.49261771778e+00
-8.56204527287e+00
-8.55584165410e+00
-8.56481699594e+00
-8.53434481802e+00
-8.47423637725e+00
-8.51604316741e+00
-8.52093120397e+00
-8.47334060928e+00
-8.54293073428e+00
-8.50086306725e+00
-8.52035137887e+00
-8.54203794361e+00
-8.58492521358e+00
-8.50848972916e+00
-8.50314032724e+00
-8.52584636072e+00
-8.53834596729e+00
-8.49334213523e+00
-8.54554682989e+00
-8.52399520821e+00
-8.57667655870e+00
-8.51100321043e+00
-8.50043092935e+00
-8.53871507722e+00
-8.57090246069e+00
-8.52773836674e+00
-8.51857240289e+00
-8.52254858452e+00
-8.56200805173e+00
-8.48255930818e+00
-8.55015606069e+00
-8.55371338488e+00
-8.59361313267e+00
-8.54301800874e+00
-8.55881336982e+00
-8.62802937226e+00
-8.55132481347e+00
-8.55001682616e+00
-8.47992617585e+00
-8.53096800566e+00
-8.46870019789e+00
-8.53673321469e+00
-8.50338757222e+00
-8.52136720417e+00
-8.49177099832e+00
-8.52925003090e+00
-8.52088619901e+00
-8.50426540422e+00
-8.56270726155e+00
-8.51251233822e+00
-8.47660701395e+00
-8.57379579153e+00
-8.54460893856e+00
-8.54842946749e+00
-8.49312388125e+00
-8.53154380326e+00
-8.55528117671e+00
-8.51428479729e+00
-8.53679858560e+00
-8.50842641617e+00
-8.53225177503e+00
-8.52456243839e+00
-8.51699253227e+00
-8.59136796355e+00
-8.48556670618e+00
-8.52070948168e+00
-8.52067572583e+00
-8.57803783069e+00
-8.45931522633e+00
-8.51392324588e+00
-8.49833491917e+00
-8.52832771537e+00
-8.50116348093e+00
-8.54001054438e+00
-8.50057606653e+00
-8.56543025276e+00
-8.53896451601e+00
-8.57441407271e+00
-8.50664809021e+00
-8.54664827506e+00
-8.53235977652e+00
-8.54390109614e+00
-8.55159794895e+00
-8.55567797944e+00
-8.49204510789e+00
-8.53354720899e+00
-8.51942200742e+00
-8.50151078955e+00
-8.53077912137e+00
-8.55685974218e+00
-8.54620475889e+00
-8.56154103625e+00
-8.55252593565e+00
-8.48928126973e+00
-8.55575095463e+00
-8.48650610725e+00
-8.48144729097e+00
-8.57785153508e+00
-8.53531789802e+00
-8.49684436483e+00
-8.54291191414e+00
-8.52885428197e+00
-8.52937977297e+00
-8.52856412589e+00
-8.52585681060e+00
-8.50249111089e+00
-8.52234780528e+00
-8.55814716002e+00
-8.51821195993e+00
-8.46501029336e+00
-8.48820236240e+00
-8.57828268890e+00
-8.52522508117e+00
-8.54936141676e+00
-8.48179415063e+00
-8.56560966843e+00
-8.49576558547e+00
-8.59526856549e+00
-8.56371631957e+00
-8.52760484561e+00
-8.48711787300e+00
-8.53741336001e+00
-8.52000877746e+00
-8.52862954336e+00
-8.55704638695e+00
-8.49410017732e+00
-8.54036675912e+00
-8.55036870717e+00
-8.52953536041e+00
-8.56020779344e+00
-8.49492841678e+00
-8.52698779370e+00
-8.52097510420e+00
-8.55964676161e+00
-8.51955672131e+00
-8.49158210818e+00
-8.52793311110e+00
-8.56091514991e+00
-8.54491535385e+00
-8.51906949114e+00
-8.55249773248e+00
-8.51168911975e+00
-8.54724209303e+00
-8.50714326598e+00
-8.54135268103e+00
-8.51174429293e+00
-8.55401363651e+00
-8.50706494988e+00
-8.54592001410e+00
-8.50657549092e+00
-8.52700378555e+00
-8.52268260337e+00
-8.47005806028e+00
-8.55149398669e+00
-8.56149452500e+00
-8.51891061635e+00
-8.57819102105e+00
-8.53184470398e+00
-8.51446479191e+00
-8.52107202409e+00
-8.53484164418e+00
-8.50582095941e+00
-8.53690698379e+00
-8.53768897218e+00
-8.55946294765e+00
-8.53846082118e+00
-8.51106482846e+00
-8.57871594423e+00
-8.53511900124e+00
-8.56531420032e+00
-8.50562241349e+00
-8.50499228898e+00
-8.50938723889e+00
-8.47229226467e+00
-8.48348000543e+00
-8.54138788542e+00
-8.49000881303e+00
-8.49696824834e+00
-8.52120492901e+00
-8.53966303436e+00
-8.49416435680e+00
-8.53091242554e+00
-8.52621898223e+00
-8.54951558065e+00
-8.55269988733e+00
-8.51731789471e+00
-8.54377013919e+00
-8.57606678063e+00
-8.53281402733e+00
-8.56871742174e+00
-8.53406555475e+00
-8.52537907301e+00
-8.50154202742e+00
-8.55952945426e+00
-8.55550871250e+00
-8.51222813570e+00
-8.54322571390e+00
-8.53154300169e+00
-8.50193580800e+00
-8.49697326780e+00
-8.54460388113e+00
-8.51150843028e+00
-8.55866365719e+00
-8.55728581339e+00
-8.51072012177e+00
-8.52766566057e+00
-8.53124385815e+00
-8.55399161819e+00
-8.53618354268e+00
-8.52738386032e+00
-8.56635695535e+00
-8.53114613632e+00
-8.51598506362e+00
-8.53495436442e+00
-8.51266096198e+00
-8.53471731802e+00
-8.57712425443e+00
-8.52868505811e+00
-8.48549537184e+00
-8.48674786387e+00
-8.49931555245e+00
-8.52625958837e+00
-8.50245325150e+00
-8.53307500171e+00
-8.54456273565e+00
-8.53777255557e+00
-8.52604963329e+00
-8.53102432337e+00
-8.58030831434e+00
-8.55608561330e+00
-8.53680982559e+00
-8.51922737339e+00
-8.50791706984e+00
-8.52828033753e+00
-8.53228871130e+00
-8.48039343813e+00
-8.52472116690e+00
-8.53928594750e+00
-8.52617048878e+00
-8.57051426990e+00
-8.50405493606e+00
-8.47350746232e+00
-8.52277817232e+00
-8.50258783646e+00
-8.55861235887e+00
-8.53518998954e+00
-8.54511371723e+00
-8.53713515990e+00
-8.50376244476e+00
-8.52678873648e+00
-8.56826878721e+00
-8.55227272562e+00
-8.50785797720e+00
-8.54796430926e+00
-8.46517854817e+00
-8.50980058869e+00
-8.50158495052e+00
-8.52579501145e+00
-8.53426425122e+00
-8.49945149608e+00
-8.51048541889e+00
-8.51103225144e+00
-8.53037033349e+00
-8.51676126893e+00
-8.50461079402e+00
-8.51298674482e+00
-8.50434965373e+00
-8.52449263415e+00
-8.51297957737e+00
-8.55309120616e+00
-8.48658817875e+00
-8.56429778479e+00
-8.51713277032e+00
-8.52098115748e+00
-8.51361069072e+00
-8.54929577592e+00
-8.53477479570e+00
-8.53612292244e+00
-8.55902208764e+00
-8.52816412587e+00
-8.54836360411e+00
-8.49903824830e+00
-8.52185428957e+00
-8.53575027937e+00
-8.49160735886e+00
-8.51123907251e+00
-8.51897958243e+00
-8.50787798522e+00
-8.56172236162e+00
-8.51073608681e+00
-8.49858110164e+00
-8.53557904813e+00
-8.52896911424e+00
-8.54939121046e+00
-8.52688688406e+00
-8.52179581211e+00
-8.56620153822e+00
-8.57748915293e+00
-8.54607000998e+00
-8.49893631039e+00
-8.52057263294e+00
-8.51041425312e+00
-8.52932535446e+00
-8.53976242847e+00
-8.50844754281e+00
-8.50542028798e+00
-8.48157520335e+00
-8.51577170080e+00
-8.50945514285e+00
-8.56075309591e+00
-8.53176418316e+00
-8.51410655701e+00
-8.56082446996e+00
-8.56481061193e+00
-8.50319016449e+00
-8.52137017709e+00
-8.52276079542e+00
-8.58132836105e+00
-8.50769755095e+00
-8.53717958299e+00
-8.55456976282e+00
-8.56366092096e+00
-8.53834607148e+00
-8.51020683602e+00
-8.58062295264e+00
-8.57856936026e+00
-8.54553991854e+00
-8.54439446673e+00
-8.56375192302e+00
-8.48046044560e+00
-8.53506017205e+00
-8.49327588255e+00
-8.47984489457e+00
-8.56065943638e+00
-8.52370841759e+00
-8.54208952683e+00
-8.48803586227e+00
-8.55182873888e+00
-8.49441123982e+00
-8.55966792177e+00
-8.53301331640e+00
-8.53861734568e+00
-8.52504221361e+00
-8.55678456354e+00
-8.51118476470e+00
-8.56269630688e+00
-8.55887587825e+00
-8.50944924925e+00
-8.50888715594e+00
-8.51391639301e+00
-8.50814912344e+00
-8.55529910749e+00
-8.53809032056e+00
-8.50635784636e+00
-8.45650545820e+00
-8.53011336634e+00
-8.51978369377e+00
-8.48459216951e+00
-8.52309677651e+00
-8.51233196336e+00
-8.52229789481e+00
-8.52735354483e+00
-8.51605646327e+00
-8.50904161956e+00
-8.53373734847e+00
-8.51874065349e+00
-8.47963355816e+00
-8.53692114825e+00
-8.53518640856e+00
-8.52091534357e+00
-8.52127148817e+00
-8.53036419895e+00
-8.49460309185e+00
-8.55037549996e+00
-8.55877476832e+00
-8.54456396973e+00
-8.50778081843e+00
-8.49832026268e+00
-8.52402150837e+00
-8.50030422114e+00
-8.58764420149e+00
-8.51517783337e+00
-8.56848132017e+00
-8.56513323163e+00
-8.51823207559e+00
-8.56539133518e+00
-8.50338018039e+00
-8.54248500446e+00
-8.48405555680e+00
-8.55182441490e+00
-8.52774127403e+00
-8.52461890998e+00
-8.51825732150e+00
-8.53981795549e+00
-8.51884948052e+00
-8.49554201991e+00
-8.54596232573e+00
-8.52389968223e+00
-8.51796450783e+00
-8.50405967264e+00
-8.49908391103e+00
-8.52050197896e+00
-8.55771244552e+00
-8.53109626452e+00
-8.53029840082e+00
-8.54520148928e+00
-8.51379531493e+00
-8.52975098174e+00
-8.52627984495e+00
-8.55021094177e+00
-8.56578552492e+00
-8.52840351907e+00
-8.55024998707e+00
-8.48750247580e+00
-8.52492174340e+00
-8.49179049389e+00
-8.50075906707e+00
-8.48780811685e+00
-8.51723110458e+00
-8.54187081605e+00
-8.52791096036e+00