-2.66381256804e+00
-2.65969865502e+00
-2.66062363392e+00
-2.66512882268e+00
-2.66399913697e+00
-2.66221261711e+00
-2.66233117234e+00
-2.66350756309e+00
-2.66481202133e+00
-2.66769684067e+00
-2.66157099588e+00
-2.66333939055e+00
-2.66359531676e+00
-2.66313519217e+00
-2.65985574604e+00
-2.66413253355e+00
-2.66547907313e+00
-2.66168730342e+00
-2.66466468469e+00
-2.66199097873e+00
-2.66541183272e+00
-2.66556742658e+00
-2.66359680117e+00
-2.66344832133e+00
-2.66473676981e+00
-2.66253852664e+00
-2.66255875032e+00
-2.66463165826e+00
-2.66210684921e+00
-2.66321246206e+00
-2.66458391988e+00
-2.66248379106e+00
-2.65929071673e+00
-2.66067686908e+00
-2.66514141728e+00
-2.66267604817e+00
-2.66318040210e+00
-2.66408952557e+00
-2.65840918626e+00
-2.66030966309e+00
-2.66306214781e+00
-2.66391410508e+00
-2.66285559638e+00
-2.66299615035e+00
-2.66390426356e+00
-2.66623401715e+00
-2.66703581395e+00
-2.66375223544e+00
-2.66176601757e+00
-2.66245244094e+00
-2.65989849724e+00
-2.66179870720e+00
-2.66352436127e+00
-2.66281966659e+00
-2.66411316879e+00
-2.66357202622e+00
-2.66391012331e+00
-2.66277024786e+00
-2.66192199538e+00
-2.66093025346e+00
-2.66243947070e+00
-2.66378035620e+00
-2.65888739827e+00
-2.66414806435e+00
-2.66234814606e+00
-2.66307016959e+00
-2.66602351772e+00
-2.66358676089e+00
-2.66405980518e+00
-2.66292710627e+00
-2.66646464037e+00
-2.66370519352e+00
-2.66592879150e+00
-2.66421386948e+00
-2.66375764445e+00
-2.66154137649e+00
-2.66136670087e+00
-2.66292051438e+00
-2.66060186052e+00
-2.66285758734e+00
-2.66456422981e+00
-2.66450000857e+00
-2.66217840202e+00
-2.66274359766e+00
-2.66456958340e+00
-2.66197207007e+00
-2.66039992610e+00
-2.66129792924e+00
-2.66391708758e+00
-2.66238153040e+00
-2.66569241055e+00
-2.66102193634e+00
-2.66247117890e+00
-2.66002656426e+00
-2.66309876259e+00
-2.66362753416e+00
-2.66363260430e+00
-2.66613328587e+00
-2.66310520282e+00
-2.66141635386e+00
-2.66548801647e+00
-2.66193724842e+00
-2.66225246636e+00
-2.66583959060e+00
-2.66363422171e+00
-2.66048597054e+00
-2.66477813431e+00
-2.66377412923e+00
-2.65982570677e+00
-2.66158519350e+00
-2.66016804462e+00
-2.66325404736e+00
-2.66523745859e+00
-2.66120890122e+00
-2.66302788484e+00
-2.66339848648e+00
-2.66497934697e+00
-2.66439692496e+00
-2.66209793007e+00
-2.66463410058e+00
-2.66392851897e+00
-2.66304362623e+00
-2.66307517584e+00
-2.66682911668e+00
-2.66102856692e+00
-2.66487008494e+00
-2.66514802105e+00
-2.66293873318e+00
-2.66427092390e+00
-2.66003410960e+00
-2.66451157974e+00
-2.66454103613e+00
-2.66203313866e+00
-2.66395619414e+00
-2.66353296028e+00
-2.66071492666e+00
-2.66271207344e+00
-2.66148323801e+00
-2.66293147579e+00
-2.66112734443e+00
-2.66375158813e+00
-2.65886713515e+00
-2.66323918585e+00
-2.66495377262e+00
-2.66170580474e+00
-2.66298748595e+00
-2.66313904916e+00
-2.66571350801e+00
-2.66333599057e+00
-2.66296076074e+00
-2.66512065032e+00
-2.66202772073e+00
-2.66179490097e+00
-2.66240285342e+00
-2.66389070494e+00
-2.66263128413e+00
-2.66373796112e+00
-2.65971486356e+00
-2.66253275177e+00
-2.66529631953e+00
-2.66375875714e+00
-2.66445062795e+00
-2.66286508977e+00
-2.66540262001e+00
-2.66325567137e+00
-2.66179926290e+00
-2.66373259916e+00
-2.66377793391e+00
-2.65896615108e+00
-2.66431987969e+00
-2.66357287647e+00
-2.66119728870e+00
-2.66213518184e+00
-2.66244008274e+00
-2.66201789890e+00
-2.66444780591e+00
-2.66404476333e+00
-2.66460224291e+00
-2.66173415355e+00
-2.66237114530e+00
-2.66431282605e+00
-2.66425123854e+00
-2.66267717638e+00
-2.66244341662e+00
-2.66524077475e+00
-2.66053794799e+00
-2.66183439393e+00
-2.66304266144e+00
-2.66224826300e+00
-2.66075797389e+00
-2.66012524994e+00
-2.66145244687e+00
-2.66211079551e+00
-2.66272375877e+00
-2.66449878634e+00
-2.65971796769e+00
-2.66325936033e+00
-2.66196190216e+00
-2.66244335530e+00
-2.66281073205e+00
-2.66292426187e+00
-2.65869142772e+00
-2.66323509112e+00
-2.66121520950e+00
-2.66413683443e+00
-2.66185814241e+00
-2.66446962758e+00
-2.66584969018e+00
-2.66167394893e+00
-2.66370599291e+00
-2.66531567863e+00
-2.66103404790e+00
-2.66375364310e+00
-2.66135253681e+00
-2.66588174502e+00
-2.66402974903e+00
-2.66392939676e+00
-2.66354384330e+00
-2.66399469790e+00
-2.66267069339e+00
-2.66361593966e+00
-2.66079136272e+00
-2.66358693469e+00
-2.66140386240e+00
-2.66267096628e+00
-2.66050375799e+00
-2.66025181844e+00
-2.66235364427e+00
-2.66201169250e+00
-2.66318512950e+00
-2.66199575083e+00
-2.66191708595e+00
-2.66522813639e+00
-2.66167158459e+00
-2.66383213182e+00
-2.66432514619e+00
-2.66152468153e+00
-2.66456521107e+00
-2.66457527517e+00
-2.66347019803e+00
-2.66418913021e+00
-2.66428886552e+00
-2.66193173759e+00
-2.66261864997e+00
-2.66602999043e+00
-2.66578414594e+00
-2.66316789569e+00
-2.66151986660e+00
-2.66475570657e+00
-2.66587287486e+00
-2.66469453884e+00
-2.66136252514e+00
-2.66274433139e+00
-2.66394707750e+00
-2.66204332081e+00
-2.66199664326e+00
-2.66307467144e+00
-2.66148730423e+00
-2.66331139824e+00
-2.66604925745e+00
-2.66805132517e+00
-2.66327745204e+00
-2.66264020215e+00
-2.66707383029e+00
-2.66114771060e+00
-2.66048320387e+00
-2.66001500876e+00
-2.66356837788e+00
-2.66143979109e+00
-2.66270861786e+00
-2.66149425954e+00
-2.65895741801e+00
-2.66184946582e+00
-2.66610341545e+00
-2.66074827938e+00
-2.66084395309e+00
-2.66391070633e+00
-2.66306065109e+00
-2.66389388502e+00
-2.66412936333e+00
-2.66586941145e+00
-2.66417767027e+00
-2.66287265081e+00
-2.66320725013e+00
-2.66392956674e+00
-2.66697918715e+00
-2.66377552791e+00
-2.66365298929e+00
-2.66518255018e+00
-2.66372308143e+00
-2.66336855574e+00
-2.66230643056e+00
-2.66095400917e+00
-2.66311381231e+00
-2.65947256858e+00
-2.66185698315e+00
-2.65912746283e+00
-2.66351667149e+00
-2.66358636215e+00
-2.66581666717e+00
-2.66278864105e+00
-2.66305646541e+00
-2.66116428577e+00
-2.66576382710e+00
-2.65976162406e+00
-2.66134853475e+00
-2.66360634302e+00
-2.66315381888e+00
-2.66128609522e+00
-2.66395323825e+00
-2.66131704561e+00
-2.66569715967e+00
-2.66018745085e+00
-2.66308043680e+00
-2.66210087313e+00
-2.66264654073e+00
-2.66318507580e+00
-2.66404960171e+00
-2.66180644879e+00
-2.66469004403e+00
-2.66590555623e+00
-2.65971966595e+00
-2.66463455411e+00
-2.66437565152e+00
-2.66507448637e+00
-2.66015547522e+00
-2.66309144364e+00
-2.66368194369e+00
-2.66532946704e+00
-2.66348149078e+00
-2.66452361068e+00
-2.66295020780e+00
-2.66138507628e+00
-2.66246376524e+00
-2.66064710102e+00
-2.66195658099e+00
-2.66414984886e+00
-2.66228793669e+00
-2.66611564220e+00
-2.66352634672e+00
-2.66308749868e+00
-2.66248666705e+00
-2.66397288260e+00
-2.66344081926e+00
-2.66381456084e+00
-2.66430276784e+00
-2.66417914599e+00
-2.66206223134e+00
-2.66298150021e+00
-2.66226231832e+00
-2.66125239017e+00
-2.66300431495e+00
-2.66273956566e+00
-2.66548882277e+00
-2.66420168240e+00
-2.66311953046e+00
-2.66526171222e+00
-2.66506917597e+00
-2.66410124173e+00
-2.66155376016e+00
-2.66153113119e+00
-2.66531899603e+00
-2.66433915131e+00
-2.66166419117e+00
-2.66467625982e+00
-2.66317918563e+00
-2.66065753114e+00
-2.66414289992e+00
-2.66227101391e+00
-2.66281066081e+00
-2.66356533899e+00
-2.66721043225e+00
-2.66331404816e+00
-2.66414649548e+00
-2.66394042482e+00
-2.66276371064e+00
-2.66467418535e+00
-2.66282539975e+00
-2.66167610953e+00
-2.66066281700e+00
-2.66416081000e+00
-2.66208435008e+00
-2.66093764881e+00
-2.66128206228e+00
-2.66085462424e+00
-2.66230962590e+00
-2.66403107986e+00
-2.66452048447e+00
-2.66456925438e+00
-2.66639071825e+00
-2.66122349288e+00
-2.66135718677e+00
-2.66489831994e+00
-2.66525276895e+00
-2.66486899120e+00
-2.66588961325e+00
-2.66462604209e+00
-2.66084990487e+00
-2.66433857116e+00
-2.66319218763e+00
-2.66139151532e+00
-2.66342771370e+00
-2.66090388272e+00
-2.66425503009e+00
-2.66363829167e+00
-2.66234596980e+00
-2.66507720822e+00
-2.66014377225e+00
-2.66342932032e+00
-2.66007230825e+00
-2.65981702513e+00
-2.65878215950e+00
-2.66263613286e+00
-2.66314337475e+00
-2.65691038362e+00
-2.66378529042e+00
-2.66567304246e+00
-2.66263550001e+00
-2.66155039497e+00
-2.66387182872e+00
-2.66122922958e+00
-2.66123576384e+00
-2.66019330702e+00
-2.66367465807e+00
-2.66287527747e+00
-2.66403031610e+00
-2.66451709772e+00
-2.66159720574e+00
-2.66398158096e+00
-2.66311716073e+00
-2.66132316865e+00
-2.66231568580e+00
-2.65871188995e+00
-2.66493950707e+00
-2.65914966795e+00
-2.66270728723e+00
-2.66177806893e+00
-2.66485828353e+00
-2.66396576765e+00
-2.66132250541e+00
-2.66219702584e+00
-2.66449721588e+00
-2.66485653643e+00
-2.66332462574e+00
-2.66458928602e+00
-2.66625142310e+00
-2.66536016279e+00
-2.66555004279e+00
-2.66364889680e+00
-2.66333704066e+00
-2.66286827010e+00
-2.66351124852e+00
-2.66447418236e+00
-2.66296565875e+00
-2.66235078552e+00
-2.66318187507e+00
-2.66342975831e+00
-2.66241786614e+00
-2.66456764585e+00
-2.66196324395e+00
-2.66278139534e+00
-2.66560844696e+00
-2.66202719048e+00
-2.66381233268e+00
-2.66399788901e+00
-2.66206878062e+00
-2.66079934280e+00
-2.66318725236e+00
-2.66511811235e+00
-2.66200580173e+00
-2.66188963247e+00
-2.66530080525e+00
-2.66105586933e+00
-2.66498718543e+00
-2.65990915672e+00
-2.66420405268e+00
-2.66694373507e+00
-2.66344465838e+00
-2.66111470838e+00
-2.66345878636e+00
-2.66282907495e+00
-2.66287880501e+00
-2.66436583261e+00
-2.66257046582e+00
-2.66057951880e+00
-2.66497120934e+00
-2.66177178728e+00
-2.66541972468e+00
-2.66379997741e+00
-2.66347820531e+00
-2.66227344180e+00
-2.66209861749e+00
-2.66573681855e+00
-2.66580090518e+00
-2.66644034934e+00
-2.66134561763e+00
-2.66291183466e+00
-2.66524350463e+00
-2.66364091174e+00
-2.65968779846e+00
-2.66301395998e+00