8.45456223208e-01
8.45682625731e-01
8.45328684943e-01
8.47869067930e-01
8.46783341099e-01
8.45260834505e-01
8.46095676279e-01
8.46704842461e-01
8.46396515353e-01
8.47146648076e-01
8.45748324931e-01
8.45792919131e-01
8.46093633708e-01
8.45687928480e-01
8.44931575152e-01
8.46286282964e-01
8.46496360270e-01
8.44766959871e-01
8.45905158237e-01
8.44985872480e-01
8.45244611809e-01
8.47002231840e-01
8.45842658582e-01
8.45670947122e-01
8.45789152865e-01
8.45179901886e-01
8.45523187431e-01
8.46200237215e-01
8.45483836169e-01
8.46073291307e-01
8.46540252832e-01
8.44669307469e-01
8.44362656760e-01
8.45357664144e-01
8.46915360261e-01
8.45047689989e-01
8.45770477130e-01
8.46758851454e-01
8.45029775696e-01
8.44894033316e-01
8.45309161156e-01
8.45522409009e-01
8.45264864251e-01
8.45058014829e-01
8.46904792453e-01
8.46189401656e-01
8.46430685453e-01
8.45915675522e-01
8.45553712358e-01
8.45676792910e-01
8.45003812279e-01
8.45262325283e-01
8.45927093738e-01
8.45615931499e-01
8.46296916339e-01
8.45033464022e-01
8.45770871067e-01
8.45108808214e-01
8.45153526999e-01
8.44367559663e-01
8.46053956483e-01
8.46748156371e-01
8.44742518083e-01
8.46510105268e-01
8.45558677590e-01
8.46295605863e-01
8.46757442000e-01
8.45912453499e-01
8.46067524416e-01
8.45620112509e-01
8.46601044877e-01
8.46332092647e-01
8.47038417873e-01
8.46639521678e-01
8.45897390230e-01
8.45758047069e-01
8.45656184938e-01
8.45251104145e-01
8.45459609223e-01
8.47098811897e-01
8.45784608506e-01
8.46271802546e-01
8.45204179996e-01
8.45188992772e-01
8.45924859108e-01
8.46116945266e-01
8.45462017292e-01
8.45936608943e-01
8.46119928101e-01
8.45068876395e-01
8.45785459941e-01
8.45087809901e-01
8.45669203683e-01
8.45008651270e-01
8.45437181555e-01
8.47071591416e-01
8.46714153494e-01
8.46430559068e-01
8.45158353533e-01
8.45344275745e-01
8.46584816743e-01
8.45587250814e-01
8.46611057558e-01
8.46509690770e-01
8.46360181570e-01
8.45575257179e-01
8.46410459045e-01
8.46243452796e-01
8.44691323849e-01
8.47060499219e-01
8.44665553815e-01
8.45960642842e-01
8.46987142345e-01
8.45420940047e-01
8.44265086326e-01
8.46059535984e-01
8.46222020693e-01
8.47241135770e-01
8.45723327842e-01
8.46562958554e-01
8.46647593487e-01
8.46729010828e-01
8.45842772966e-01
8.47663969055e-01
8.45323785768e-01
8.46320709521e-01
8.46705702957e-01
8.46408669212e-01
8.46614688371e-01
8.46134046270e-01
8.46737973994e-01
8.46828060058e-01
8.46130278159e-01
8.46071515180e-01
8.46376614314e-01
8.45031811352e-01
8.44938752150e-01
8.46066877208e-01
8.46387996052e-01
8.45591114572e-01
8.45559757954e-01
8.45022356861e-01
8.46971785096e-01
8.46024719007e-01
8.46123090007e-01
8.44507487826e-01
8.46188590960e-01
8.45273246177e-01
8.45657812775e-01
8.46424893420e-01
8.45445770836e-01
8.45528927142e-01
8.45653275038e-01
8.45726866859e-01
8.46386698894e-01
8.45661932403e-01
8.45570277735e-01
8.43923004575e-01
8.45067427732e-01
8.46518348689e-01
8.45757100417e-01
8.45842812315e-01
8.46176428205e-01
8.46854937299e-01
8.46058015209e-01
8.45393007259e-01
8.46153714100e-01
8.46632021625e-01
8.45221591835e-01
8.46062333285e-01
8.45141381599e-01
8.46350765613e-01
8.45890428742e-01
8.44948677747e-01
8.45717135176e-01
8.45220092561e-01
8.46283799763e-01
8.46441940375e-01
8.45248419867e-01
8.46085324771e-01
8.45285840824e-01
8.47461260130e-01
8.43734437258e-01
8.45249086145e-01
8.46046757233e-01
8.45412239099e-01
8.46222242335e-01
8.45429588675e-01
8.46519309460e-01
8.45776548967e-01
8.45475366032e-01
8.45792123313e-01
8.45016147232e-01
8.46055418732e-01
8.46110774702e-01
8.45011232887e-01
8.46190166135e-01
8.45390269725e-01
8.45121424804e-01
8.45273812626e-01
8.45626061495e-01
8.45663579659e-01
8.46306409818e-01
8.45857795194e-01
8.46358472314e-01
8.46889659813e-01
8.46925066761e-01
8.46595577592e-01
8.45146866938e-01
8.46844975472e-01
8.47019046886e-01
8.45408161355e-01
8.45717811894e-01
8.44993847572e-01
8.47787030613e-01
8.46868955615e-01
8.46318653805e-01
8.45747728299e-01
8.46340926748e-01
8.45530938071e-01
8.46624509149e-01
8.44934754610e-01
8.45451460717e-01
8.44798813646e-01
8.46165366569e-01
8.45462303907e-01
8.44994115605e-01
8.45554990749e-01
8.45489087648e-01
8.45095982888e-01
8.45972792008e-01
8.45190101904e-01
8.46990552416e-01
8.45280128564e-01
8.45876047535e-01
8.46343501230e-01
8.45173933472e-01
8.45880050965e-01
8.46483913054e-01
8.45691545113e-01
8.45683953942e-01
8.46848654408e-01
8.45577522943e-01
8.46627680649e-01
8.46393966163e-01
8.45275872112e-01
8.46140232215e-01
8.45075421691e-01
8.45028418872e-01
8.45781179812e-01
8.45767464781e-01
8.45317397056e-01
8.45851436193e-01
8.46946666238e-01
8.46374699536e-01
8.45921535818e-01
8.45277936944e-01
8.45446531097e-01
8.45752648712e-01
8.46701941469e-01
8.47700913356e-01
8.45652188864e-01
8.45777413385e-01
8.46678073732e-01
8.45375730172e-01
8.44659113063e-01
8.44667356591e-01
8.46310662384e-01
8.46400510419e-01
8.45805138677e-01
8.45604073736e-01
8.45949434600e-01
8.45238771177e-01
8.47286417990e-01
8.44822711793e-01
8.45339970478e-01
8.45995200100e-01
8.46550873626e-01
8.45601174119e-01
8.46198184757e-01
8.46805819213e-01
8.46323747234e-01
8.46299766054e-01
8.46381414527e-01
8.47300327400e-01
8.46341465429e-01
8.46243935559e-01
8.45769648975e-01
8.46369822311e-01
8.46301354659e-01
8.46176203302e-01
8.46043888367e-01
8.45364750552e-01
8.45997525874e-01
8.45246009976e-01
8.45325093767e-01
8.44470759979e-01
8.45986835780e-01
8.46395899830e-01
8.46967337128e-01
8.45614523568e-01
8.46674252002e-01
8.45430878623e-01
8.45733416801e-01
8.45125285953e-01
8.46166236830e-01
8.45489300950e-01
8.45687143785e-01
8.45768456529e-01
8.46282218724e-01
8.45500559429e-01
8.46417224352e-01
8.45142368054e-01
8.46427261718e-01
8.46807444483e-01
8.45545305568e-01
8.45415885700e-01
8.46065732461e-01
8.45022896180e-01
8.46876044162e-01
8.47919301357e-01
8.44489412254e-01
8.46818372233e-01
8.46686494022e-01
8.46558284907e-01
8.44531259205e-01
8.45875788461e-01
8.46285919259e-01
8.45795057985e-01
8.45677304659e-01
8.46415154584e-01
8.45338330560e-01
8.45412514025e-01
8.45613127548e-01
8.46298030826e-01
8.46425718639e-01
8.46018400044e-01
8.45752421000e-01
8.47997611328e-01
8.45352140575e-01
8.46312164382e-01
8.46397220995e-01
8.45330290245e-01
8.46148676917e-01
8.45212751772e-01
8.46244610613e-01
8.46743048233e-01
8.44831189293e-01
8.45823285667e-01
8.45456255193e-01
8.45217994540e-01
8.45537366624e-01
8.45863736353e-01
8.46859653453e-01
8.46732862816e-01
8.45628756567e-01
8.47273926787e-01
8.46607632784e-01
8.46171585005e-01
8.45663289475e-01
8.45821831964e-01
8.45975116662e-01
8.46393262540e-01
8.45603528703e-01
8.46129183695e-01
8.45993956941e-01
8.45319810723e-01
8.45635428942e-01
8.45294011058e-01
8.46350946426e-01
8.45891088064e-01
8.46444934295e-01
8.46373458845e-01
8.46695665279e-01
8.46233543710e-01
8.46005421670e-01
8.45883614943e-01
8.45582598765e-01
8.45161060047e-01
8.45429049548e-01
8.45910613788e-01
8.45572477652e-01
8.45246687042e-01
8.44829506075e-01
8.45575739637e-01
8.45218153493e-01
8.45992923113e-01
8.46225972220e-01
8.46431255341e-01
8.46449804319e-01
8.45242044476e-01
8.45330448768e-01
8.46037941236e-01
8.46137652749e-01
8.46322392025e-01
8.47361029129e-01
8.46242991671e-01
8.44844596589e-01
8.46151375812e-01
8.45841840514e-01
8.45353643818e-01
8.45879124402e-01
8.44790266318e-01
8.45666222908e-01
8.45988591697e-01
8.45375684654e-01
8.45674486145e-01
8.44859453820e-01
8.45494926258e-01
8.45052229770e-01
8.45112106049e-01
8.44574573016e-01
8.46169448902e-01
8.45674366160e-01
8.44092019588e-01
8.46039796836e-01
8.46214166885e-01
8.45934957396e-01
8.43713758265e-01
8.46247605604e-01
8.45786712623e-01
8.45506371003e-01
8.45024715384e-01
8.46672765032e-01
8.45969284594e-01
8.47040054230e-01
8.46990190890e-01
8.45017072531e-01
8.45957676545e-01
8.44680722270e-01
8.45245324557e-01
8.45165117366e-01
8.45272497273e-01
8.46767946672e-01
8.45057473969e-01
8.45751082140e-01
8.45286740777e-01
8.46489423615e-01
8.45221226578e-01
8.44624035093e-01
8.45746724505e-01
8.46192528483e-01
8.46530301824e-01
8.47138762449e-01
8.47341415647e-01
8.46624672340e-01
8.47350105410e-01
8.47131372311e-01
8.45768441466e-01
8.46232527666e-01
8.46911286975e-01
8.45842683933e-01
8.45947749715e-01
8.46693486898e-01
8.46648639943e-01
8.47053759084e-01
8.45505513651e-01
8.45240530290e-01
8.46302626706e-01
8.46243287264e-01
8.44765430531e-01
8.45771825322e-01
8.45428651800e-01
8.46480685341e-01
8.46168449616e-01
8.45579904989e-01
8.45641895525e-01
8.45884817548e-01
8.46603794041e-01
8.46003063257e-01
8.46430541037e-01
8.46449664512e-01
8.44041682820e-01
8.46172015277e-01
8.46045726059e-01
8.46379230412e-01
8.46825532327e-01
8.45633815271e-01
8.45017356457e-01
8.45769061583e-01
8.45669294567e-01
8.45443780675e-01
8.45928509979e-01
8.46052237334e-01
8.44412418663e-01
8.46732926253e-01
8.45641841978e-01
8.45717933373e-01
8.45691890015e-01
8.45832994962e-01
8.45920019099e-01
8.45670984069e-01
8.46744812214e-01
8.46236085343e-01
8.46433751405e-01
8.44804949682e-01
8.45458445969e-01
8.45122575158e-01
8.46455421828e-01
8.44325110308e-01
8.45845057877e-01