8.55070459502e-01
8.59189878889e-01
7.86219896484e-01
7.48153756962e-01
8.42542642544e-01
8.57385635408e-01
8.25925280446e-01
7.97084665478e-01
7.49144803270e-01
8.75057691393e-01
8.74942235276e-01
8.88715324038e-01
7.29927545294e-01
8.10281135107e-01
7.60370968340e-01
9.06255988533e-01
8.23411079208e-01
7.97282321646e-01
8.07162134474e-01
7.09824838356e-01
8.08890306285e-01
8.60968634733e-01
8.32453041781e-01
9.50685208616e-01
8.09289790154e-01
9.20377497774e-01
8.07729318479e-01
8.03946956611e-01
8.00418969131e-01
9.02046989531e-01
8.47059039574e-01
8.83968540806e-01
7.80471969551e-01
7.98539592563e-01
8.92201385982e-01
8.58655373177e-01
8.22233159262e-01
8.66973738996e-01
8.00111307942e-01
8.85134800957e-01
7.84635574488e-01
8.50631388565e-01
8.17081465281e-01
8.87991520713e-01
9.31506893037e-01
7.75295798237e-01
9.13674344739e-01
9.05772259539e-01
7.61240327565e-01
8.44858942646e-01
8.45205968848e-01
9.13789383863e-01
8.59580296857e-01
9.30892119645e-01
8.75663073903e-01
9.05821347464e-01
8.90653281838e-01
8.84793714744e-01
8.01003579968e-01
9.62099786265e-01
8.69331582661e-01
8.46159619920e-01
7.63431247532e-01
8.56481313540e-01
7.80603771899e-01
8.32686819518e-01
8.01733439468e-01
8.71183687480e-01
8.46915905930e-01
8.21096372826e-01
8.82895731387e-01
8.66658664447e-01
7.27116190945e-01
8.54551841775e-01
8.88981463193e-01
8.21413541464e-01
8.85745464883e-01
9.48083375373e-01
8.40349498628e-01
7.04339664820e-01
7.99807193135e-01
9.51217419802e-01
8.38166553213e-01
8.69658937525e-01
8.61127368702e-01
8.86642390981e-01
7.88250480049e-01
8.11484018620e-01
8.40272483076e-01
7.80501671175e-01
8.31880363687e-01
8.37982187464e-01
7.76701166467e-01
8.11523985481e-01
8.40394874054e-01
8.95899599337e-01
8.37240996888e-01
8.51856901012e-01
8.94823393970e-01
8.68247941794e-01
8.44699671423e-01
8.57887473871e-01
8.66385674007e-01
7.53167803572e-01
9.08664176381e-01
8.96114698328e-01
7.83228892180e-01
7.96992140235e-01
8.02739507174e-01
8.37720134960e-01
8.49092923657e-01
8.53032893218e-01
9.04229301202e-01
8.45920798323e-01
8.44874384309e-01
1.01626836721e+00
7.87391507258e-01
8.64880404603e-01
8.48493131441e-01
8.72921013836e-01
8.13893715353e-01
7.99057041309e-01
8.54858208095e-01
7.92979247298e-01
9.48667055978e-01
7.80433339655e-01
8.74408946481e-01
8.11742135564e-01
7.89151379532e-01
8.87657085636e-01
9.29418636982e-01
7.55316130117e-01
8.75323420629e-01
7.79482982694e-01
8.02081231733e-01
7.86926617146e-01
8.51950925860e-01
8.18744609519e-01
8.20979651506e-01
8.42464095911e-01
8.43511598406e-01
7.79822194659e-01
7.89197686723e-01
8.43906892050e-01
8.63539974891e-01
9.09122646835e-01
8.39551882322e-01
8.92121929691e-01
8.23900797446e-01
7.63874181596e-01
8.13021015522e-01
7.67091316113e-01
7.99840713455e-01
8.80141287322e-01
8.79060365577e-01
7.83746388410e-01
8.80243281182e-01
8.06753869838e-01
7.49749956027e-01
8.42571153014e-01
8.58683809837e-01
9.07195417854e-01
9.07495743387e-01
8.38718098796e-01
8.41209309550e-01
8.87381759198e-01
8.06750564974e-01
7.91397517675e-01
7.92952564473e-01
8.46255113878e-01
8.73889165597e-01
8.50216106626e-01
8.47888896902e-01
8.01960561822e-01
8.40033323632e-01
8.79211737922e-01
7.32373020714e-01
9.34145938211e-01
8.85513365272e-01
7.33121050906e-01
8.53529270965e-01
8.08231192840e-01
8.76745751461e-01
9.92022024266e-01
9.12910761651e-01
7.25986817753e-01
8.93969916783e-01
8.62478619495e-01
8.40202769673e-01
7.38674376892e-01
8.94596999343e-01
8.39732540351e-01
8.84179500829e-01
8.25702265266e-01
8.50948544828e-01
8.75701962287e-01
8.30249795376e-01
8.51825564551e-01
8.61137995488e-01
8.34394953636e-01
7.79382105030e-01
7.37689087817e-01
8.11001259492e-01
8.83790611004e-01
8.62559509005e-01
8.07534987771e-01
8.30638378986e-01
9.08979515055e-01
8.51895905387e-01
8.68802403152e-01
9.46557660777e-01
8.77981093141e-01
8.72999037141e-01
8.29922822083e-01
9.24508741453e-01
8.52100338857e-01
8.23086058936e-01
9.33872581540e-01
8.18457495604e-01
8.36849564515e-01
7.58732217822e-01
8.33395945771e-01
9.10077069747e-01
8.66640279484e-01
9.56529000795e-01
8.57489099640e-01
8.99731571054e-01
9.22267048899e-01
8.08973507602e-01
8.39240714372e-01
8.33089378175e-01
9.56119723367e-01
7.34075299724e-01
8.14462542708e-01
9.15573823646e-01
8.41539922298e-01
8.82751369273e-01
8.18728042262e-01
8.24878404299e-01
8.23659235393e-01
7.48126378182e-01
7.67995523388e-01
8.04658912698e-01
8.16140070256e-01
8.67630507540e-01
7.39369423256e-01
8.59929282737e-01
8.63478428413e-01
9.05052554285e-01
8.88335258155e-01
7.71466115986e-01
8.61308219092e-01
8.56674535259e-01
8.52201136360e-01
7.92865741730e-01
8.41698634629e-01
8.62352061673e-01
7.76312527859e-01
8.13242514578e-01
8.03037691626e-01
7.33487065134e-01
7.85288863564e-01
8.04212310866e-01
8.74685508371e-01
7.78707681674e-01
8.77620109181e-01
8.59064784881e-01
8.74500033674e-01
9.39778889611e-01
8.66530616801e-01
9.08152144344e-01
7.87850596257e-01
8.14478726750e-01
8.47194370814e-01
8.64849044678e-01
7.86242291380e-01
8.36071942959e-01
9.38388782828e-01
9.15604808955e-01
9.11858864732e-01
8.90627760817e-01
8.05652862698e-01
8.60984832627e-01
8.10305995790e-01
7.89287671555e-01
9.30746270040e-01
8.35614954003e-01
8.37146718310e-01
8.15171280346e-01
8.20836728089e-01
8.04224564280e-01
9.07358352296e-01
8.15973700925e-01
9.09557978677e-01
7.02837326956e-01
8.39427306266e-01
8.63817488911e-01
7.71496293602e-01
7.98048077970e-01
7.51523072624e-01
8.14077078986e-01
8.39734549186e-01
8.16390107775e-01
8.29282653713e-01
9.12581544200e-01
8.46067781942e-01
7.83035936145e-01
8.63018677927e-01
8.55366289277e-01
8.12784933824e-01
8.75737623406e-01
8.39334289320e-01
8.55884609841e-01
8.13574414806e-01
7.82875117614e-01
8.51438118381e-01
8.38382021397e-01
8.42758911554e-01
8.29643147835e-01
8.21365058519e-01
7.45174449136e-01
7.34508479496e-01
8.27959691696e-01
7.88086820991e-01
9.12617212971e-01
8.55971589695e-01
9.15223406162e-01
8.30941280061e-01
8.89735898507e-01
7.92675436876e-01
7.67213886802e-01
9.00256833867e-01
8.93477744534e-01
9.16086901564e-01
9.01080994656e-01
8.07846833277e-01
9.31931946700e-01
7.97820855477e-01
7.81955265574e-01
7.64018096041e-01
8.46827302614e-01
8.67156514237e-01
8.09754444515e-01
7.95180276018e-01
8.67330103699e-01
8.07183613095e-01
8.06711235110e-01
8.52248038565e-01
8.36600967136e-01
8.23021016989e-01
7.79807154137e-01
8.43755846823e-01
8.79177001501e-01
8.25104779352e-01
8.58430607321e-01
8.90467150539e-01
8.51118485374e-01
8.57215035173e-01
7.82001157893e-01
9.00028634321e-01
8.03625490613e-01
8.28002943152e-01
7.59558687222e-01
8.67221185766e-01
8.34730170908e-01
7.95611206570e-01
8.31379383523e-01
8.46402064800e-01
8.16114099108e-01
8.71177046544e-01
8.02363507841e-01
8.95153381293e-01
8.08209273805e-01
8.12725136806e-01
7.57883163406e-01
8.57864651741e-01
8.78327726020e-01
8.13767475584e-01
7.84274201424e-01
8.00531915868e-01
7.68232037094e-01
7.43629999477e-01
8.92391997962e-01
8.30775745816e-01
8.52117503431e-01
8.49682767835e-01
9.31874416699e-01
8.78851499916e-01
8.63209311059e-01
9.38398837287e-01
8.10900135008e-01
8.36426482467e-01
7.85237121645e-01
8.84831328711e-01
7.70958160591e-01
7.97410477229e-01
8.90837473868e-01
8.89618197824e-01
8.63790138536e-01
8.69053954794e-01
7.76692194919e-01
8.68607568598e-01
8.75682573596e-01
8.52814822864e-01
8.52130238683e-01
8.39671052826e-01
8.16190703942e-01
8.48988480050e-01
8.18791797503e-01
8.40183514811e-01
9.37910965893e-01
8.38158084809e-01
7.92749071871e-01
8.17822953213e-01
1.00757738976e+00
8.22916271512e-01
7.10123227272e-01
8.52434381287e-01
7.86572824447e-01
8.75090239837e-01
7.91342065386e-01
8.21192140626e-01
8.15733237170e-01
8.42602325434e-01
8.23191102170e-01
7.63836949988e-01
9.20087380046e-01
8.46633904449e-01
8.61806014866e-01
8.37853478651e-01
8.60396593095e-01
9.91496826868e-01
8.88769710206e-01
8.26898702388e-01
8.45498002615e-01
9.21182636912e-01
8.60912561648e-01
8.09856172226e-01
8.18196067391e-01
8.45136405596e-01
8.55787886455e-01
8.81291762406e-01
8.44935930205e-01
8.19084378111e-01
8.50032181001e-01
8.22745774678e-01
8.37176472321e-01
8.10356264231e-01
8.45119501176e-01
8.19042826591e-01
8.70024806066e-01
7.59333728377e-01
8.57434887356e-01
8.40376431848e-01
9.40262267044e-01
9.01850259561e-01
8.10031010154e-01
8.95023350060e-01
7.78543240337e-01
7.68676770304e-01
8.37253685097e-01
8.75529141711e-01
8.92491670799e-01
9.14269870750e-01
7.29383862548e-01
8.69806182537e-01
7.36495109144e-01
7.78800673643e-01
7.85430594492e-01
8.66213146243e-01
9.83682140016e-01
8.79563169827e-01
8.69725758539e-01
9.31023749591e-01
8.52614869135e-01
8.24379424396e-01
8.91641237162e-01
8.58488127352e-01
8.91587112869e-01
8.60118666333e-01
8.57820571394e-01
8.68259419746e-01
9.34016623099e-01
9.95820641447e-01
8.16369625344e-01
7.42982992450e-01
8.28202757926e-01
8.84556389136e-01
8.99642900292e-01
8.59434638607e-01
8.00664317669e-01
8.35762895939e-01
8.71290515440e-01
8.18458302132e-01
8.05884774126e-01
7.62856419393e-01
7.60916384454e-01
8.16198425079e-01
7.54532026276e-01
9.30823662314e-01
8.42031102482e-01