1.38439644124e+00
1.38515000648e+00
1.38599063263e+00
1.38737074876e+00
1.38508976044e+00
1.38516461574e+00
1.38574386835e+00
1.38333708944e+00
1.38490954305e+00
1.38805860743e+00
1.38763442572e+00
1.38493072927e+00
1.38857396348e+00
1.38231202844e+00
1.38749937364e+00
1.38459432102e+00
1.38375180075e+00
1.38351343604e+00
1.38580410935e+00
1.38560363333e+00
1.38716161577e+00
1.38757329100e+00
1.38272756997e+00
1.38719444786e+00
1.38413249549e+00
1.39152254190e+00
1.38668481731e+00
1.38389244257e+00
1.38729058679e+00
1.38735102065e+00
1.38634601330e+00
1.38525992868e+00
1.38696062882e+00
1.38752824926e+00
1.39009190373e+00
1.38852999438e+00
1.38826229757e+00
1.38760517814e+00
1.38727514445e+00
1.38873670392e+00
1.38850422128e+00
1.38741552509e+00
1.38685795030e+00
1.38652784179e+00
1.38611411596e+00
1.38290391443e+00
1.38700325861e+00
1.38387575590e+00
1.38820386949e+00
1.38883061940e+00
1.38302655079e+00
1.38595288749e+00
1.38527354133e+00
1.38381374968e+00
1.38497555155e+00
1.38760219298e+00
1.38760401953e+00
1.38295693080e+00
1.38536937949e+00
1.38544912945e+00
1.38757671493e+00
1.38611399750e+00
1.38707120355e+00
1.38301196659e+00
1.38760560203e+00
1.38595509873e+00
1.38373504372e+00
1.38392210706e+00
1.38624921739e+00
1.38495809669e+00
1.38592927684e+00
1.38566063100e+00
1.38704073455e+00
1.38474243461e+00
1.38538017233e+00
1.38623314215e+00
1.38665377053e+00
1.38445325355e+00
1.38605044188e+00
1.38840221251e+00
1.38702362422e+00
1.38319780744e+00
1.38767965582e+00
1.38811490569e+00
1.38728341138e+00
1.38445849534e+00
1.38815206223e+00
1.38502065305e+00
1.38630986647e+00
1.38552467135e+00
1.38386548363e+00
1.38620009614e+00
1.38648535901e+00
1.38446745339e+00
1.38602721172e+00
1.38619950278e+00
1.38258279120e+00
1.38536171558e+00
1.38633660335e+00
1.38662384340e+00
1.38705287363e+00
1.38782228375e+00
1.38761768643e+00
1.38562829902e+00
1.38526810033e+00
1.38627104343e+00
1.38989447740e+00
1.38702532756e+00
1.38483396723e+00
1.38383910792e+00
1.38635713536e+00
1.38725077341e+00
1.38833681032e+00
1.38606044161e+00
1.38455056950e+00
1.38695199693e+00
1.38512830851e+00
1.38487375313e+00
1.38687965834e+00
1.38867446887e+00
1.38424911296e+00
1.38501676910e+00
1.38601221258e+00
1.38674001358e+00
1.38379960358e+00
1.38591523374e+00
1.38363726551e+00
1.39041698448e+00
1.38708590260e+00
1.38610366211e+00
1.38782978052e+00
1.38609524996e+00
1.38450806368e+00
1.38639322336e+00
1.38613748787e+00
1.38328808375e+00
1.38561819607e+00
1.38421793409e+00
1.38715018403e+00
1.38617258337e+00
1.38353523772e+00
1.38606409903e+00
1.38789025627e+00
1.38444055632e+00
1.38456937496e+00
1.38432220552e+00
1.38502673724e+00
1.38547225095e+00
1.38722560725e+00
1.38819663594e+00
1.38515875334e+00
1.38795046172e+00
1.38725997644e+00
1.38796163959e+00
1.38574726513e+00
1.38272425031e+00
1.38460381482e+00
1.38587747300e+00
1.38304424174e+00
1.38370774906e+00
1.38455115265e+00
1.38700236734e+00
1.38960859736e+00
1.38776362716e+00
1.38615103022e+00
1.39047295333e+00
1.38815463590e+00
1.38727091198e+00
1.38748305544e+00
1.38656138209e+00
1.38579130417e+00
1.38663596595e+00
1.38722798799e+00
1.38539040570e+00
1.38772218424e+00
1.38459436768e+00
1.38755402674e+00
1.38649420554e+00
1.38721820721e+00
1.38475773251e+00
1.38473500972e+00
1.38419565622e+00
1.38685054875e+00
1.38633421758e+00
1.38613503613e+00
1.38760401122e+00
1.38438509656e+00
1.38626373344e+00
1.38458747429e+00
1.38786516395e+00
1.38275338037e+00
1.38647429376e+00
1.38568095472e+00
1.38691899530e+00
1.38563292821e+00
1.38580419015e+00
1.38270935087e+00
1.38446375971e+00
1.38553406656e+00
1.38625239478e+00
1.38492248120e+00
1.38964874030e+00
1.38580917499e+00
1.38784542495e+00
1.38308802134e+00
1.38361012344e+00
1.38510912711e+00
1.38568630150e+00
1.38602002551e+00
1.38895334083e+00
1.38344593856e+00
1.38582384335e+00
1.38602513767e+00
1.38610690221e+00
1.38431467068e+00
1.38602060954e+00
1.38585654508e+00
1.38547328532e+00
1.38588730758e+00
1.38490854312e+00
1.38398628897e+00
1.38710891940e+00
1.38353648509e+00
1.38635520627e+00
1.38647182226e+00
1.38413701201e+00
1.38484030078e+00
1.38552138849e+00
1.38437116261e+00
1.38460211375e+00
1.38321621616e+00
1.38746736058e+00
1.38589567854e+00
1.38732731102e+00
1.38424924870e+00
1.38422248043e+00
1.38936594395e+00
1.38532183304e+00
1.38793202059e+00
1.38631452012e+00
1.38742892935e+00
1.38797498752e+00
1.38947608819e+00
1.38605252088e+00
1.38589325031e+00
1.38472942017e+00
1.38486020943e+00
1.38659111787e+00
1.38512846344e+00
1.38626744609e+00
1.38782513474e+00
1.38398861624e+00
1.38725182005e+00
1.38515742159e+00
1.38430200441e+00
1.38683154443e+00
1.38568202316e+00
1.38116044050e+00
1.38652455425e+00
1.38813100590e+00
1.38553305823e+00
1.38708548912e+00
1.38737819266e+00
1.38459112026e+00
1.38737009827e+00
1.38572555304e+00
1.38603013051e+00
1.38478314578e+00
1.38570768205e+00
1.38829694540e+00
1.38650165364e+00
1.38879730656e+00
1.38322936502e+00
1.38434954863e+00
1.38792169363e+00
1.38554398175e+00
1.38519125783e+00
1.38655310425e+00
1.38455166877e+00
1.38537442845e+00
1.38329575067e+00
1.38539268206e+00
1.38801632491e+00
1.38375600145e+00
1.38692659314e+00
1.38679040716e+00
1.38505184946e+00
1.38530148292e+00
1.38528389865e+00
1.38774973283e+00
1.38679951872e+00
1.38649053182e+00
1.38839264340e+00
1.38467675112e+00
1.38724493252e+00
1.38547684315e+00
1.38937371403e+00
1.38745119084e+00
1.38844601343e+00
1.38787967032e+00
1.38505023468e+00
1.38598969076e+00
1.38652905358e+00
1.38510487256e+00
1.38288962572e+00
1.38625408258e+00
1.38237883301e+00
1.38422270836e+00
1.38724059655e+00
1.38634718252e+00
1.38783302270e+00
1.38558858019e+00
1.38665597870e+00
1.38690561556e+00
1.38739828123e+00
1.38532144010e+00
1.38654918727e+00
1.38599023415e+00
1.38435417370e+00
1.38496010735e+00
1.38905397668e+00
1.38526409289e+00
1.38311244502e+00
1.38603632145e+00
1.38716065971e+00
1.38760116269e+00
1.38596807672e+00
1.38563371405e+00
1.38362809513e+00
1.38891008834e+00
1.38692580729e+00
1.38597943443e+00
1.38692620279e+00
1.38672866817e+00
1.38469606221e+00
1.38464660612e+00
1.38437158811e+00
1.38905224851e+00
1.38440373536e+00
1.38947450323e+00
1.38371981770e+00
1.38391314327e+00
1.38340682723e+00
1.38591156743e+00
1.38746634674e+00
1.38630105821e+00
1.38874485565e+00
1.38531558004e+00
1.38615893144e+00
1.38944085766e+00
1.38684540459e+00
1.38605885906e+00
1.38682453102e+00
1.38686884987e+00
1.38522773341e+00
1.38543440544e+00
1.38711628815e+00
1.38558486236e+00
1.38785570427e+00
1.38504249460e+00
1.38581161595e+00
1.38684099622e+00
1.38891876143e+00
1.38769737362e+00
1.38580788487e+00
1.38553689453e+00
1.38392007115e+00
1.38561829286e+00
1.38376000132e+00
1.38614019996e+00
1.38849770834e+00
1.38613213391e+00
1.38727810324e+00
1.38399219744e+00
1.39023147369e+00
1.38697943468e+00
1.38535781577e+00
1.38540598799e+00
1.38739641322e+00
1.38673085238e+00
1.38875988635e+00
1.38564361337e+00
1.38449307059e+00
1.38644013834e+00
1.38727405580e+00
1.38449075863e+00
1.38689968310e+00
1.38563024644e+00
1.38859239974e+00
1.38674372541e+00
1.38564848123e+00
1.38698600282e+00
1.38788058040e+00
1.38341198285e+00
1.38478455321e+00
1.38551595681e+00
1.38675321395e+00
1.38893463467e+00
1.38431431520e+00
1.38420178208e+00
1.38554245797e+00
1.38401608645e+00
1.38458064028e+00
1.38554478462e+00
1.38630678580e+00
1.38634904551e+00
1.38728152346e+00
1.38639256149e+00
1.38935084549e+00
1.38613148774e+00
1.38724299943e+00
1.38751605352e+00
1.38321630516e+00
1.38626964820e+00
1.38562884501e+00
1.38574817681e+00
1.38953115717e+00
1.38501200836e+00
1.38561627207e+00
1.38590471394e+00
1.38458311548e+00
1.38455152458e+00
1.38554054349e+00
1.38391505548e+00
1.38525621912e+00
1.38618303065e+00
1.38448925934e+00
1.38544825577e+00
1.38806512789e+00
1.38476073911e+00
1.38836556644e+00
1.38454933319e+00
1.38487140965e+00
1.38465002342e+00
1.38910791575e+00
1.38736382830e+00
1.38913866889e+00
1.38331916507e+00
1.38189895751e+00
1.38638546342e+00
1.38757394516e+00
1.38589329782e+00
1.38463279655e+00
1.38629742906e+00
1.38806413994e+00
1.38677392980e+00
1.38342893056e+00
1.38623774505e+00
1.38621699390e+00
1.38627699620e+00
1.38648091561e+00
1.38712142014e+00
1.38468108017e+00
1.38720492560e+00
1.38811636438e+00
1.38628359108e+00
1.38659383197e+00
1.38747506961e+00
1.38457222179e+00
1.38859148574e+00
1.38883545894e+00
1.38517142242e+00
1.38695668859e+00
1.38597175202e+00
1.38519326892e+00
1.38876173317e+00
1.38602667301e+00
1.38569837556e+00
1.38668042841e+00
1.38866913185e+00
1.38564244806e+00
1.38619374739e+00
1.38654888489e+00
1.38539574789e+00
1.38584484944e+00
1.38324702673e+00
1.38677153308e+00
1.38779635079e+00
1.38564086833e+00
1.38951494795e+00
1.38693102919e+00
1.38645786139e+00
1.38586725425e+00
1.38551884216e+00
1.38654200011e+00
1.38463462722e+00
1.38572030551e+00
1.38488901532e+00
1.38476219079e+00
1.38622937369e+00
1.38371547084e+00
1.38527249549e+00
1.38470377701e+00
1.38279094356e+00
1.38677298314e+00
1.38844774422e+00
1.38706993130e+00
1.38496372717e+00
1.38596539217e+00
1.38383225067e+00
1.38599760243e+00