-5.29887736808e+00
-5.29445197198e+00
-5.29436654004e+00
-5.30023836483e+00
-5.29755929545e+00
-5.29563199003e+00
-5.29396717824e+00
-5.29562350247e+00
-5.29951986637e+00
-5.29997697410e+00
-5.29545581239e+00
-5.29475609786e+00
-5.29858500612e+00
-5.29838402260e+00
-5.29408072240e+00
-5.29719610776e+00
-5.29525575104e+00
-5.29544328738e+00
-5.29756433906e+00
-5.29621372085e+00
-5.30242814476e+00
-5.29712250133e+00
-5.29855774617e+00
-5.29605247933e+00
-5.29822924059e+00
-5.30042501540e+00
-5.29980773124e+00
-5.29432158492e+00
-5.29489236524e+00
-5.29818585892e+00
-5.29645815648e+00
-5.30044375238e+00
-5.29680407624e+00
-5.29624549085e+00
-5.29975154792e+00
-5.29873300397e+00
-5.29860465657e+00
-5.29777962858e+00
-5.29246097887e+00
-5.29490538721e+00
-5.29910671304e+00
-5.29339198996e+00
-5.29845714616e+00
-5.29868526149e+00
-5.29917732982e+00
-5.29902576762e+00
-5.30048450781e+00
-5.29859140461e+00
-5.29685119333e+00
-5.29600494062e+00
-5.29494861552e+00
-5.29982909894e+00
-5.29408988136e+00
-5.29342880965e+00
-5.29858573650e+00
-5.29755215055e+00
-5.29484790757e+00
-5.29869528685e+00
-5.30080021284e+00
-5.29900675440e+00
-5.29632160714e+00
-5.29672684759e+00
-5.29483176380e+00
-5.29707530171e+00
-5.29726548275e+00
-5.29422033494e+00
-5.29741708125e+00
-5.29780254864e+00
-5.29835696352e+00
-5.29478722344e+00
-5.29793894317e+00
-5.29638329823e+00
-5.30015392479e+00
-5.29831687122e+00
-5.30113654240e+00
-5.29627687994e+00
-5.29443788494e+00
-5.29514483408e+00
-5.29435938157e+00
-5.29520464858e+00
-5.29617943349e+00
-5.29733760728e+00
-5.29632884747e+00
-5.29569990601e+00
-5.29770654549e+00
-5.29520633676e+00
-5.29624741428e+00
-5.29476246928e+00
-5.29687857128e+00
-5.29777491888e+00
-5.29909690754e+00
-5.29420738393e+00
-5.29736174700e+00
-5.29529074115e+00
-5.29582784216e+00
-5.29448519150e+00
-5.29429742409e+00
-5.29514448988e+00
-5.29883652792e+00
-5.29484018399e+00
-5.29583718166e+00
-5.29939176111e+00
-5.29789271067e+00
-5.29746797339e+00
-5.29042931014e+00
-5.29548158701e+00
-5.30029100298e+00
-5.29846505659e+00
-5.29427264404e+00
-5.29190251405e+00
-5.29758303197e+00
-5.29629726546e+00
-5.29928063232e+00
-5.29703204274e+00
-5.29642698894e+00
-5.29677801776e+00
-5.29668561605e+00
-5.29636022206e+00
-5.29808204779e+00
-5.29767482351e+00
-5.29889248106e+00
-5.29556976995e+00
-5.30023313932e+00
-5.29901063975e+00
-5.29287469666e+00
-5.29345332647e+00
-5.29615233953e+00
-5.29485212972e+00
-5.29629958658e+00
-5.29406789332e+00
-5.29643640118e+00
-5.29718548295e+00
-5.29782061741e+00
-5.29916777969e+00
-5.29509498239e+00
-5.29692074874e+00
-5.29653123595e+00
-5.29601294133e+00
-5.29726730766e+00
-5.29486201532e+00
-5.29601777029e+00
-5.29662726975e+00
-5.29687254839e+00
-5.29727417305e+00
-5.29296854604e+00
-5.29878480218e+00
-5.29647419020e+00
-5.30198135100e+00
-5.29971821223e+00
-5.29558186212e+00
-5.29999546359e+00
-5.29685463326e+00
-5.29966532693e+00
-5.29558767912e+00
-5.29555802575e+00
-5.29736380695e+00
-5.29915395048e+00
-5.29496194536e+00
-5.29864710140e+00
-5.29458188639e+00
-5.29677254307e+00
-5.29908981661e+00
-5.29604919086e+00
-5.30051247429e+00
-5.29716040861e+00
-5.29634131047e+00
-5.29935873780e+00
-5.29356310383e+00
-5.29349945062e+00
-5.29966755463e+00
-5.29592715898e+00
-5.29439951860e+00
-5.29541006651e+00
-5.29685077117e+00
-5.29804235396e+00
-5.29764606789e+00
-5.29643676419e+00
-5.30000324715e+00
-5.29658985197e+00
-5.29576938283e+00
-5.29738237954e+00
-5.29661431103e+00
-5.29823261068e+00
-5.30070744133e+00
-5.29803080789e+00
-5.29608000294e+00
-5.29215394081e+00
-5.29736095373e+00
-5.29355937023e+00
-5.29601447191e+00
-5.29623127836e+00
-5.29286582106e+00
-5.29853528704e+00
-5.29628658589e+00
-5.29729083540e+00
-5.29410883745e+00
-5.29360318496e+00
-5.29853289568e+00
-5.29746184273e+00
-5.29894280351e+00
-5.29913604146e+00
-5.29589763356e+00
-5.29523127647e+00
-5.29829844210e+00
-5.30021066056e+00
-5.29162476710e+00
-5.29351142483e+00
-5.29914247163e+00
-5.29508977062e+00
-5.29583861464e+00
-5.29946428643e+00
-5.29686426639e+00
-5.29527607144e+00
-5.29571448090e+00
-5.29686734723e+00
-5.29759921832e+00
-5.29375290944e+00
-5.29673223199e+00
-5.29687769662e+00
-5.29723067244e+00
-5.29560721387e+00
-5.29581754071e+00
-5.29775379685e+00
-5.29596925416e+00
-5.29485190763e+00
-5.29675852376e+00
-5.29487520829e+00
-5.29731655828e+00
-5.29884927848e+00
-5.29890133978e+00
-5.29363740980e+00
-5.29594488732e+00
-5.29448281638e+00
-5.29830497007e+00
-5.29656751185e+00
-5.29340478469e+00
-5.29699135406e+00
-5.29824172943e+00
-5.29851575901e+00
-5.29667381143e+00
-5.29945297889e+00
-5.29756508357e+00
-5.29612954015e+00
-5.29648672472e+00
-5.29889538281e+00
-5.29668587155e+00
-5.29642276706e+00
-5.29596672528e+00
-5.29760944325e+00
-5.30036637704e+00
-5.29724734720e+00
-5.29597121931e+00
-5.29892303169e+00
-5.29464994292e+00
-5.29745809493e+00
-5.29902289921e+00
-5.29932638231e+00
-5.29194951828e+00
-5.29654648855e+00
-5.29957540731e+00
-5.29995882655e+00
-5.29917408215e+00
-5.29899214231e+00
-5.30093378542e+00
-5.29393874634e+00
-5.29623172285e+00
-5.29362232331e+00
-5.29750442139e+00
-5.29461653467e+00
-5.29711990124e+00
-5.29451249634e+00
-5.29466521464e+00
-5.29540388070e+00
-5.29674943547e+00
-5.29369280262e+00
-5.29530758511e+00
-5.29666298586e+00
-5.29804006731e+00
-5.29682768268e+00
-5.29706048436e+00
-5.29671480499e+00
-5.29849588993e+00
-5.29881809615e+00
-5.29696885479e+00
-5.29928194957e+00
-5.30149859406e+00
-5.29638235279e+00
-5.29557400201e+00
-5.29788111082e+00
-5.29730187067e+00
-5.29406783183e+00
-5.29984474515e+00
-5.29753241777e+00
-5.29738388525e+00
-5.29648652127e+00
-5.29283664897e+00
-5.29525451700e+00
-5.29772113476e+00
-5.29643206153e+00
-5.29989823679e+00
-5.29772335962e+00
-5.29662973095e+00
-5.29262935431e+00
-5.29866185469e+00
-5.29251244267e+00
-5.29484400998e+00
-5.29581507687e+00
-5.29597752513e+00
-5.29690308812e+00
-5.29953195714e+00
-5.29482755932e+00
-5.29837775378e+00
-5.29399357250e+00
-5.29664289705e+00
-5.29438595073e+00
-5.29537119685e+00
-5.29801681032e+00
-5.29775047354e+00
-5.29785644240e+00
-5.29623965659e+00
-5.29724653880e+00
-5.29421568098e+00
-5.29437720954e+00
-5.29668672124e+00
-5.29900585578e+00
-5.29415480775e+00
-5.29470664539e+00
-5.29597399759e+00
-5.29640785562e+00
-5.29654541475e+00
-5.29707570775e+00
-5.29757176311e+00
-5.29648293693e+00
-5.29483845948e+00
-5.29317071026e+00
-5.29159432454e+00
-5.29512626718e+00
-5.29434267272e+00
-5.29148564881e+00
-5.29695751253e+00
-5.29474402119e+00
-5.29615801334e+00
-5.29551988713e+00
-5.29637139845e+00
-5.29930594779e+00
-5.29639540769e+00
-5.30235106162e+00
-5.29775378370e+00
-5.29647894692e+00
-5.29549434090e+00
-5.29886017186e+00
-5.29625003620e+00
-5.29325001729e+00
-5.29801189583e+00
-5.29732458267e+00
-5.29751456787e+00
-5.29968537490e+00
-5.29808601725e+00
-5.29731750044e+00
-5.29694470844e+00
-5.29428367502e+00
-5.29738716443e+00
-5.29726039715e+00
-5.29643671021e+00
-5.29833562541e+00
-5.29264530464e+00
-5.29436461243e+00
-5.29652192657e+00
-5.29414062895e+00
-5.29750369218e+00
-5.29765115995e+00
-5.30269417469e+00
-5.29610676393e+00
-5.29622757551e+00
-5.29939193815e+00
-5.29530663029e+00
-5.29830054560e+00
-5.29689403390e+00
-5.29555900745e+00
-5.29429399197e+00
-5.29863032994e+00
-5.29387051405e+00
-5.29403827074e+00
-5.29612803238e+00
-5.29350369973e+00
-5.29431603544e+00
-5.29660598646e+00
-5.29568907041e+00
-5.29831578988e+00
-5.30180471065e+00
-5.29543390936e+00
-5.29658299356e+00
-5.29835319653e+00
-5.29748932960e+00
-5.29874190205e+00
-5.29948491313e+00
-5.29600138405e+00
-5.29752984027e+00
-5.29679719771e+00
-5.29459617135e+00
-5.29636155448e+00
-5.29513967804e+00
-5.29341378329e+00
-5.29431334090e+00
-5.29674917667e+00
-5.29578484363e+00
-5.29938441708e+00
-5.29319386998e+00
-5.29838584838e+00
-5.29550880257e+00
-5.29594928854e+00
-5.29368496536e+00
-5.29569831403e+00
-5.29471454984e+00
-5.29239660439e+00
-5.29787594069e+00
-5.29569642147e+00
-5.29298732668e+00
-5.29752746115e+00
-5.29754432076e+00
-5.29653249856e+00
-5.29272813635e+00
-5.29447508081e+00
-5.29383005607e+00
-5.29286466092e+00
-5.29900982289e+00
-5.29688610827e+00
-5.29746560298e+00
-5.29914309261e+00
-5.30026809574e+00
-5.29785169211e+00
-5.29714254186e+00
-5.29575268385e+00
-5.29844694590e+00
-5.29583045548e+00
-5.29527004196e+00
-5.29684523371e+00
-5.29423427874e+00
-5.29639130023e+00
-5.29593525762e+00
-5.29661748028e+00
-5.29519637589e+00
-5.29875876438e+00
-5.29542565761e+00
-5.29719961202e+00
-5.29840936034e+00
-5.29744157944e+00
-5.29792093472e+00
-5.29490019238e+00
-5.29890563378e+00
-5.29475801702e+00
-5.29735430251e+00
-5.29745903478e+00
-5.29663212346e+00
-5.29742380581e+00
-5.29728274201e+00
-5.29847284461e+00
-5.29737428644e+00
-5.29928629710e+00
-5.29340130672e+00
-5.29866734706e+00
-5.30005740273e+00
-5.29611450900e+00
-5.29595223769e+00
-5.29727395522e+00
-5.29643809452e+00
-5.29773505246e+00
-5.29799006723e+00
-5.29776579268e+00
-5.29693080903e+00
-5.29434141172e+00
-5.29929443114e+00
-5.29693882623e+00
-5.29916313971e+00
-5.29571985034e+00
-5.29632773932e+00
-5.29957958811e+00
-5.29747207375e+00
-5.29709585003e+00
-5.29930111793e+00
-5.29653670013e+00
-5.29698971711e+00
-5.30013805496e+00
-5.29817054258e+00
-5.29567270740e+00
-5.29615524586e+00
-5.29920117631e+00
-5.30034494953e+00
-5.29789859644e+00
-5.29688477392e+00
-5.29789638908e+00
-5.29459214402e+00
-5.29866887518e+00
-5.29936611000e+00
-5.30075011609e+00
-5.29951512532e+00
-5.29651037388e+00
-5.29786991950e+00
-5.29645145642e+00
-5.29505630847e+00
-5.29664541979e+00