2.19086331176e+00
2.19110623114e+00
2.19108133438e+00
2.19194798204e+00
2.19154607933e+00
2.19085768096e+00
2.19049385436e+00
2.19063514076e+00
2.19215503617e+00
2.19061858453e+00
2.19028574527e+00
2.19057424118e+00
2.19104168102e+00
2.19185906666e+00
2.18960009053e+00
2.19170388182e+00
2.19026552516e+00
2.18979673822e+00
2.19057473342e+00
2.18989278185e+00
2.19232696491e+00
2.18962634654e+00
2.19117627441e+00
2.19150669335e+00
2.19001413545e+00
2.19259485694e+00
2.19212930049e+00
2.18919782153e+00
2.19118403757e+00
2.19284097665e+00
2.19095548738e+00
2.19163365673e+00
2.19071219984e+00
2.19011759449e+00
2.19151945376e+00
2.19124181643e+00
2.19132123884e+00
2.19171254121e+00
2.19035907272e+00
2.19059222453e+00
2.19129044351e+00
2.18977312054e+00
2.19080790627e+00
2.19321168653e+00
2.19286536589e+00
2.19145041598e+00
2.19228107475e+00
2.19208352243e+00
2.19091813493e+00
2.19169351269e+00
2.19043668211e+00
2.19139009639e+00
2.18996730727e+00
2.18885752724e+00
2.19062817810e+00
2.19178524954e+00
2.19035900839e+00
2.19263121624e+00
2.19234123876e+00
2.19101977730e+00
2.19049809077e+00
2.19137471578e+00
2.19061751042e+00
2.19093956188e+00
2.19183458358e+00
2.19123654655e+00
2.19243178984e+00
2.19078553582e+00
2.19088444530e+00
2.19021721392e+00
2.19127694986e+00
2.19116894372e+00
2.19252926222e+00
2.19231089360e+00
2.19220208775e+00
2.19107239295e+00
2.19047740654e+00
2.19146775697e+00
2.19003196427e+00
2.19025303390e+00
2.19060308956e+00
2.19142619088e+00
2.19267890305e+00
2.19122605480e+00
2.18990185626e+00
2.19046256188e+00
2.19125776544e+00
2.19057054256e+00
2.19130437553e+00
2.19063273217e+00
2.19142059870e+00
2.19056029089e+00
2.19119563829e+00
2.19072580212e+00
2.19061262114e+00
2.19164358990e+00
2.19050526807e+00
2.19005181102e+00
2.19138579647e+00
2.19085001762e+00
2.19084041133e+00
2.19209426904e+00
2.19250938516e+00
2.19190019814e+00
2.18872585462e+00
2.19010986132e+00
2.19174237404e+00
2.19186680678e+00
2.19054444974e+00
2.18864472608e+00
2.19233862642e+00
2.19044128827e+00
2.19192445708e+00
2.19211540418e+00
2.19082375186e+00
2.19247402554e+00
2.19065840407e+00
2.19084861634e+00
2.19060914758e+00
2.19193330199e+00
2.19169358160e+00
2.19045073213e+00
2.19132368456e+00
2.19095313013e+00
2.18999348269e+00
2.19001806183e+00
2.18979913428e+00
2.19131769758e+00
2.19260508025e+00
2.19036861556e+00
2.19174420628e+00
2.19100628997e+00
2.19208297926e+00
2.19307976404e+00
2.19118311288e+00
2.19142366268e+00
2.18963746925e+00
2.19133817448e+00
2.19090779493e+00
2.19134408609e+00
2.19151126530e+00
2.19154210748e+00
2.19104320500e+00
2.19167767908e+00
2.18992361543e+00
2.19132398892e+00
2.19086120231e+00
2.19196778975e+00
2.19249676386e+00
2.18996442183e+00
2.19183165492e+00
2.19228616577e+00
2.19199450543e+00
2.18988873197e+00
2.18919848456e+00
2.19176812614e+00
2.19179611414e+00
2.19040875297e+00
2.19178788942e+00
2.19115497097e+00
2.19039410883e+00
2.19218654042e+00
2.19160031752e+00
2.19336668106e+00
2.19195466257e+00
2.19155302018e+00
2.19020131486e+00
2.18922328128e+00
2.19147479966e+00
2.19177016444e+00
2.19058916992e+00
2.19170548709e+00
2.19010952306e+00
2.19114930118e+00
2.19217366055e+00
2.19184519532e+00
2.19158800271e+00
2.19156425115e+00
2.19077107711e+00
2.19124808238e+00
2.19065878114e+00
2.19240433692e+00
2.19094065110e+00
2.19313703151e+00
2.19182479859e+00
2.19031526440e+00
2.18993371625e+00
2.19184706366e+00
2.19027679816e+00
2.19225358202e+00
2.19068206930e+00
2.19004091644e+00
2.19147894410e+00
2.19169794744e+00
2.19115774176e+00
2.19055255801e+00
2.18868079036e+00
2.19166312773e+00
2.19055479798e+00
2.19181864661e+00
2.19149994187e+00
2.19071191205e+00
2.19077849447e+00
2.19157138185e+00
2.19227290468e+00
2.19038296900e+00
2.19082209964e+00
2.19182557645e+00
2.19067500964e+00
2.19076293325e+00
2.19145521497e+00
2.19138953020e+00
2.19008279717e+00
2.19050376419e+00
2.18972603205e+00
2.19097007227e+00
2.18963270578e+00
2.19113957973e+00
2.19037399026e+00
2.19025409360e+00
2.19164763577e+00
2.19093066488e+00
2.19235320368e+00
2.19072616502e+00
2.19036908341e+00
2.19201627164e+00
2.19024286894e+00
2.19175721922e+00
2.19156264228e+00
2.19154641257e+00
2.19003165414e+00
2.19089670176e+00
2.19072470681e+00
2.19054411547e+00
2.19197234893e+00
2.19050978877e+00
2.19068137908e+00
2.19038142390e+00
2.19109027116e+00
2.18914570157e+00
2.19191702099e+00
2.19110146355e+00
2.19097289867e+00
2.19097491801e+00
2.19214582907e+00
2.18961021019e+00
2.19095717003e+00
2.19171726352e+00
2.19014343725e+00
2.19161955578e+00
2.19052129601e+00
2.19068753245e+00
2.19126080789e+00
2.19132965082e+00
2.19044675839e+00
2.19139811458e+00
2.19116473750e+00
2.18849648215e+00
2.19196301339e+00
2.19249986397e+00
2.19226585357e+00
2.19302707738e+00
2.19260612903e+00
2.19295287210e+00
2.18968564127e+00
2.19054216976e+00
2.18975148027e+00
2.19226988992e+00
2.19057776339e+00
2.19157194797e+00
2.19048862191e+00
2.19166286856e+00
2.19049637679e+00
2.19079098998e+00
2.19051735344e+00
2.19094336138e+00
2.18989295702e+00
2.19204112637e+00
2.19045096977e+00
2.19160574094e+00
2.19113962845e+00
2.19211014391e+00
2.19237295901e+00
2.19172444836e+00
2.19166362219e+00
2.19261980171e+00
2.19023590754e+00
2.19066451972e+00
2.19108521047e+00
2.19094807810e+00
2.19092660179e+00
2.19141194577e+00
2.19140047590e+00
2.19170425365e+00
2.19035601696e+00
2.19047905236e+00
2.19146969448e+00
2.19183727531e+00
2.19198866868e+00
2.19294743626e+00
2.19101025857e+00
2.19188043589e+00
2.18968951975e+00
2.19230371920e+00
2.18986030804e+00
2.19083231361e+00
2.18998227747e+00
2.18961965316e+00
2.19179619828e+00
2.19236417538e+00
2.19144868493e+00
2.18991054513e+00
2.19135725500e+00
2.19193985334e+00
2.19161712099e+00
2.19054707838e+00
2.18962392242e+00
2.19165147955e+00
2.19139689805e+00
2.19183766801e+00
2.19227498080e+00
2.18876888358e+00
2.19097443927e+00
2.19131464174e+00
2.19072590107e+00
2.18999396328e+00
2.19023426191e+00
2.19040380457e+00
2.19033851639e+00
2.19112528085e+00
2.19202707167e+00
2.19081672431e+00
2.19152344892e+00
2.18996089333e+00
2.19143363734e+00
2.18998243544e+00
2.19077735279e+00
2.19009659345e+00
2.18881014168e+00
2.19183253726e+00
2.19024837216e+00
2.19173787910e+00
2.18994396526e+00
2.19087780859e+00
2.19120232763e+00
2.19164155567e+00
2.19369602628e+00
2.19110647455e+00
2.19043826407e+00
2.19071105172e+00
2.19114833485e+00
2.19126644922e+00
2.19011390982e+00
2.19073587203e+00
2.19131382168e+00
2.19189727647e+00
2.19236881023e+00
2.19218538715e+00
2.18965681717e+00
2.19069907817e+00
2.18963116722e+00
2.19074332646e+00
2.19150017912e+00
2.19184411311e+00
2.19169555718e+00
2.18939352805e+00
2.19125047551e+00
2.19005548206e+00
2.19047323805e+00
2.19104708038e+00
2.19193174122e+00
2.19199114477e+00
2.19179025346e+00
2.19049494922e+00
2.19131116904e+00
2.18981017530e+00
2.19164880939e+00
2.19063313204e+00
2.19110436904e+00
2.19018904230e+00
2.19130902339e+00
2.18971943948e+00
2.18922435860e+00
2.19056158282e+00
2.18939632157e+00
2.18907895272e+00
2.19112442487e+00
2.19114461560e+00
2.19069598021e+00
2.19210375045e+00
2.19073468506e+00
2.19093832830e+00
2.19115900053e+00
2.19103980561e+00
2.19021448363e+00
2.19290367052e+00
2.19044703949e+00
2.19167155425e+00
2.19129878913e+00
2.18934106961e+00
2.19023623825e+00
2.19016975981e+00
2.19037060196e+00
2.19139623381e+00
2.19172158934e+00
2.18966602269e+00
2.19227817383e+00
2.19095141858e+00
2.19119177529e+00
2.19135088694e+00
2.19127465628e+00
2.19093486645e+00
2.19005500396e+00
2.19045352886e+00
2.18860542682e+00
2.19072885842e+00
2.19020197634e+00
2.19060762735e+00
2.19047721448e+00
2.19117546060e+00
2.19145581918e+00
2.19016947346e+00
2.19086827081e+00
2.19087499264e+00
2.18928677225e+00
2.19217638415e+00
2.19074538996e+00
2.19072186365e+00
2.19214010451e+00
2.19187798571e+00
2.19112721671e+00
2.19097407853e+00
2.19116414046e+00
2.19147102931e+00
2.19074130766e+00
2.19057465935e+00
2.19085947397e+00
2.19116886793e+00
2.18995962048e+00
2.19002926853e+00
2.19071526998e+00
2.18897654132e+00
2.19260295847e+00
2.19239336700e+00
2.19137675230e+00
2.19123041691e+00
2.19067498391e+00
2.19078192009e+00
2.19046870351e+00
2.19248931270e+00
2.19077415967e+00
2.19197705820e+00
2.19059908115e+00
2.19185302242e+00
2.19231256340e+00
2.19248533046e+00
2.19106642876e+00
2.19040397490e+00
2.19168387101e+00
2.19019321846e+00
2.19053510887e+00
2.19234950463e+00
2.19106230389e+00
2.19088873806e+00
2.19199173121e+00
2.19100570877e+00
2.19031732247e+00
2.19194571282e+00
2.19044953045e+00
2.19212051544e+00
2.19013209853e+00
2.19129919425e+00
2.19080331457e+00
2.19157209614e+00
2.19025222285e+00
2.19100554528e+00
2.19241925673e+00
2.19125366937e+00
2.19066224837e+00
2.19230303859e+00
2.19133607610e+00
2.19109076304e+00
2.19247704207e+00
2.19180620292e+00
2.19087566178e+00
2.19148322861e+00
2.19181966682e+00
2.19154582541e+00
2.19094245900e+00
2.19081583261e+00
2.19200295030e+00
2.19116817765e+00
2.19147312843e+00
2.19222430644e+00
2.19166569377e+00
2.19197275017e+00
2.19075842694e+00
2.19045581861e+00
2.19142001254e+00
2.19020754629e+00
2.19104741364e+00