7.44836878668e-01
7.44805732410e-01
7.44835472816e-01
7.45193542534e-01
7.45081040218e-01
7.44691898478e-01
7.44823869128e-01
7.44882603970e-01
7.45210030572e-01
7.45067357712e-01
7.44698599804e-01
7.44626375918e-01
7.44974443175e-01
7.45091199925e-01
7.44631432832e-01
7.45193283708e-01
7.44827112819e-01
7.44706175421e-01
7.44876971745e-01
7.44882952021e-01
7.45302173582e-01
7.44748159643e-01
7.45033200646e-01
7.44971514410e-01
7.44785530410e-01
7.45016097485e-01
7.45342665895e-01
7.44515977938e-01
7.44863732937e-01
7.45256702810e-01
7.44933755079e-01
7.45148302637e-01
7.44902918177e-01
7.44751287722e-01
7.45185774483e-01
7.45057582521e-01
7.45140784854e-01
7.45055799872e-01
7.44678159887e-01
7.44877971895e-01
7.45138076397e-01
7.44667566742e-01
7.44915840600e-01
7.45217537852e-01
7.45184526626e-01
7.44919708742e-01
7.45277345358e-01
7.45163613686e-01
7.45013333463e-01
7.45006978732e-01
7.44713819740e-01
7.45113141163e-01
7.44754901831e-01
7.44573828391e-01
7.45133042332e-01
7.44848810564e-01
7.44825571210e-01
7.45514358226e-01
7.45331818178e-01
7.45039767539e-01
7.44934829669e-01
7.45017171058e-01
7.44812224743e-01
7.45134298540e-01
7.45156587133e-01
7.45040402263e-01
7.45059499299e-01
7.44953393731e-01
7.44818186309e-01
7.44809825691e-01
7.45051603081e-01
7.44903999787e-01
7.45254578328e-01
7.45201597571e-01
7.45135088753e-01
7.44977591238e-01
7.44883290144e-01
7.44956338824e-01
7.44618431437e-01
7.44763121035e-01
7.44693676349e-01
7.44868830360e-01
7.45206908240e-01
7.44971412834e-01
7.44849295705e-01
7.44706348214e-01
7.44998612919e-01
7.44901581419e-01
7.44977965526e-01
7.44860241367e-01
7.45210381743e-01
7.44749722780e-01
7.45026437192e-01
7.44964755353e-01
7.44811004921e-01
7.45081880282e-01
7.44835163279e-01
7.44774756060e-01
7.44907441046e-01
7.44963367009e-01
7.44903531141e-01
7.45202554464e-01
7.45087491121e-01
7.45173206874e-01
7.44710323218e-01
7.44714072765e-01
7.45096201150e-01
7.45165161400e-01
7.45001901485e-01
7.44561529409e-01
7.45006697995e-01
7.44814058491e-01
7.45228836196e-01
7.44967724850e-01
7.45167931858e-01
7.44708408144e-01
7.44778573829e-01
7.44776639268e-01
7.45130317206e-01
7.45107049714e-01
7.45228469257e-01
7.44882387354e-01
7.45063264882e-01
7.45005488965e-01
7.44658028525e-01
7.44780578403e-01
7.44599248650e-01
7.45051750561e-01
7.45128808119e-01
7.44902864316e-01
7.45042264645e-01
7.45026103181e-01
7.45139016047e-01
7.45492728696e-01
7.45016519790e-01
7.44966013845e-01
7.44676632079e-01
7.45120225916e-01
7.44895784760e-01
7.45066650094e-01
7.45018689936e-01
7.45113447739e-01
7.44907199659e-01
7.45230972394e-01
7.44792009359e-01
7.44991310434e-01
7.44750672780e-01
7.45288782679e-01
7.45193898371e-01
7.44831616294e-01
7.45277051147e-01
7.45137601184e-01
7.45149342900e-01
7.44771163206e-01
7.44644147842e-01
7.45100402757e-01
7.45090854450e-01
7.44745296105e-01
7.45384937443e-01
7.44901809260e-01
7.44783115248e-01
7.45263243315e-01
7.44930886930e-01
7.45361239304e-01
7.45312099491e-01
7.44991155510e-01
7.45005959807e-01
7.44488009940e-01
7.44969582934e-01
7.45144290612e-01
7.44943573551e-01
7.44964013629e-01
7.44797268227e-01
7.44991714450e-01
7.45060943763e-01
7.45151575325e-01
7.45122029999e-01
7.45051589001e-01
7.44807301485e-01
7.44888430289e-01
7.44740528641e-01
7.45291378941e-01
7.45092054693e-01
7.45312732471e-01
7.45031535768e-01
7.44877893449e-01
7.44479756340e-01
7.44957814440e-01
7.44887314450e-01
7.45233848194e-01
7.44737046868e-01
7.44847258525e-01
7.45199675060e-01
7.45042516982e-01
7.44898057692e-01
7.44849882822e-01
7.44663993512e-01
7.44844266507e-01
7.44835628687e-01
7.45230060202e-01
7.45216387045e-01
7.44852533179e-01
7.44942618568e-01
7.45153754941e-01
7.45053135732e-01
7.44738929899e-01
7.44952515638e-01
7.45287122989e-01
7.44963700480e-01
7.44857642967e-01
7.45305069880e-01
7.44844009977e-01
7.44751310584e-01
7.44919416798e-01
7.44732926802e-01
7.45003908028e-01
7.44721843271e-01
7.44761280446e-01
7.44825526229e-01
7.44848154554e-01
7.44898546411e-01
7.44873710929e-01
7.45146738945e-01
7.44862114515e-01
7.44773761929e-01
7.45021132200e-01
7.44740199984e-01
7.45156915731e-01
7.45110515984e-01
7.45222528486e-01
7.44775712430e-01
7.44810775402e-01
7.44868024831e-01
7.44859724471e-01
7.44957138543e-01
7.44689904214e-01
7.44779916731e-01
7.44972760867e-01
7.44985605102e-01
7.44595599133e-01
7.45273083557e-01
7.45062084432e-01
7.45029720620e-01
7.45116209058e-01
7.45202237817e-01
7.44741260978e-01
7.44996907464e-01
7.44842460456e-01
7.44889194240e-01
7.45088151840e-01
7.44846905265e-01
7.44823245029e-01
7.45186004932e-01
7.44942353892e-01
7.45019210281e-01
7.45133927937e-01
7.45147622688e-01
7.44489572159e-01
7.45107023234e-01
7.45164965724e-01
7.45215259655e-01
7.45377007727e-01
7.45209701479e-01
7.45284646210e-01
7.44599031693e-01
7.44940501806e-01
7.44719720180e-01
7.45219617747e-01
7.44522412941e-01
7.44985013436e-01
7.44823488459e-01
7.45001742045e-01
7.44818012881e-01
7.44992950388e-01
7.44699271896e-01
7.44909779237e-01
7.44833149686e-01
7.44848366654e-01
7.44876163458e-01
7.45271999800e-01
7.44931908752e-01
7.45202020659e-01
7.45198042595e-01
7.44981993272e-01
7.45182774084e-01
7.45398478463e-01
7.44653367569e-01
7.44896894686e-01
7.45181598009e-01
7.45022994605e-01
7.44919188787e-01
7.45101786808e-01
7.45189843590e-01
7.45053280691e-01
7.44961886065e-01
7.44542676389e-01
7.45016440329e-01
7.45005346637e-01
7.45211276654e-01
7.45327942137e-01
7.44993414331e-01
7.44834287518e-01
7.44722283120e-01
7.45241017153e-01
7.44842802163e-01
7.44883396623e-01
7.44880344120e-01
7.44791185256e-01
7.45173255684e-01
7.45223416347e-01
7.44903975343e-01
7.44853638631e-01
7.44959644769e-01
7.45094817745e-01
7.44919158022e-01
7.44840757016e-01
7.44897495555e-01
7.45005765183e-01
7.44979415349e-01
7.45009161897e-01
7.45302801355e-01
7.44567751434e-01
7.44946494904e-01
7.45069988875e-01
7.44806009814e-01
7.44761831358e-01
7.44875146000e-01
7.44715616259e-01
7.44974330080e-01
7.45102700680e-01
7.45034821323e-01
7.44919604594e-01
7.44981663820e-01
7.44852779802e-01
7.44910354715e-01
7.44599038632e-01
7.45010878075e-01
7.44844087057e-01
7.44528376881e-01
7.45044162369e-01
7.44626098465e-01
7.45010201240e-01
7.44737533893e-01
7.44668700420e-01
7.45090875244e-01
7.45041936085e-01
7.45494356911e-01
7.45211504120e-01
7.44725479596e-01
7.44823633346e-01
7.44878068194e-01
7.45211033717e-01
7.44897351867e-01
7.44862207208e-01
7.45024929091e-01
7.45096498654e-01
7.45185435140e-01
7.45287120493e-01
7.44755280224e-01
7.44923733422e-01
7.44621516288e-01
7.44863074125e-01
7.45187135748e-01
7.45062786686e-01
7.45232267817e-01
7.44631253075e-01
7.44956231491e-01
7.44868320832e-01
7.44898479742e-01
7.44960378486e-01
7.45073804863e-01
7.45223738113e-01
7.45081124059e-01
7.44996827697e-01
7.44993300092e-01
7.44701304601e-01
7.45074460485e-01
7.44800570106e-01
7.44955337718e-01
7.44697110980e-01
7.45227800364e-01
7.44853420891e-01
7.44528025581e-01
7.44784840298e-01
7.44576569250e-01
7.44728876311e-01
7.45100140150e-01
7.45050034133e-01
7.45056965332e-01
7.45183236966e-01
7.44970764280e-01
7.44740708502e-01
7.44894269848e-01
7.45052900371e-01
7.44749951043e-01
7.45224289688e-01
7.44776266572e-01
7.45055564520e-01
7.45012476303e-01
7.44641075708e-01
7.44920601364e-01
7.45008302049e-01
7.44711724733e-01
7.44864508983e-01
7.45054668892e-01
7.44838265770e-01
7.45295565181e-01
7.44762658170e-01
7.44873915031e-01
7.44945302251e-01
7.44972387332e-01
7.44884640567e-01
7.44784033344e-01
7.44835410460e-01
7.44525515584e-01
7.44823385428e-01
7.44884802741e-01
7.44787436443e-01
7.44773210507e-01
7.44943754074e-01
7.44959173868e-01
7.44718693027e-01
7.45007227381e-01
7.44942887759e-01
7.44518524807e-01
7.45267217983e-01
7.44938631533e-01
7.45058882399e-01
7.45150784042e-01
7.45150297207e-01
7.45005318149e-01
7.44881451904e-01
7.45004576926e-01
7.45107819357e-01
7.45009385321e-01
7.44853062783e-01
7.44948948431e-01
7.45010453643e-01
7.45036146034e-01
7.44761242025e-01
7.44883959135e-01
7.44488363621e-01
7.45153910622e-01
7.45155112519e-01
7.45116247000e-01
7.45057057636e-01
7.45073292588e-01
7.44974434420e-01
7.44998982360e-01
7.45323522022e-01
7.44921214550e-01
7.45259320743e-01
7.44951711380e-01
7.45057469837e-01
7.45054524266e-01
7.45156753594e-01
7.45044213762e-01
7.44899784826e-01
7.45142022353e-01
7.44916230151e-01
7.44905619391e-01
7.45157088735e-01
7.44889649448e-01
7.44924747305e-01
7.45062727185e-01
7.44811591162e-01
7.44789957656e-01
7.45195513640e-01
7.44781917608e-01
7.45297313174e-01
7.44763841953e-01
7.44941613937e-01
7.45061381036e-01
7.45059977555e-01
7.44647043065e-01
7.45039884458e-01
7.45231337728e-01
7.45069830595e-01
7.44788339866e-01
7.45304292445e-01
7.45172431661e-01
7.45093830586e-01
7.45217499635e-01
7.44998717798e-01
7.44945295584e-01
7.45264303126e-01
7.45027926918e-01
7.45064449844e-01
7.44889848940e-01
7.44949867415e-01
7.45026918866e-01
7.44820325197e-01
7.45044125696e-01
7.45164293320e-01
7.45159818984e-01
7.45143663134e-01
7.44950959704e-01
7.44928889811e-01
7.45120442145e-01
7.44775003339e-01
7.44951936493e-01