-1.22278631487e+00
-1.21365077110e+00
-1.21305792889e+00
-1.21094818970e+00
-1.21533780819e+00
-1.21233857383e+00
-1.21678550382e+00
-1.21382558072e+00
-1.21892504361e+00
-1.20582921379e+00
-1.21486013061e+00
-1.20104886556e+00
-1.21626863261e+00
-1.21278821248e+00
-1.21642597577e+00
-1.21010667312e+00
-1.21435493285e+00
-1.21772141332e+00
-1.22202220462e+00
-1.21886845853e+00
-1.20123403700e+00
-1.20651119190e+00
-1.21509513122e+00
-1.20817650622e+00
-1.20622565459e+00
-1.21124845511e+00
-1.22539407094e+00
-1.22325659277e+00
-1.20448753135e+00
-1.20862450935e+00
-1.20505166774e+00
-1.21555109076e+00
-1.22027111105e+00
-1.22141629532e+00
-1.20421348137e+00
-1.21980530380e+00
-1.21771044498e+00
-1.22134782087e+00
-1.22476291156e+00
-1.20758488217e+00
-1.22482498275e+00
-1.21058748870e+00
-1.21548346798e+00
-1.20796560660e+00
-1.23017567333e+00
-1.22051831419e+00
-1.20451806997e+00
-1.21493698946e+00
-1.22247437367e+00
-1.21024639948e+00
-1.20012198902e+00
-1.21761570661e+00
-1.21649588753e+00
-1.21744772432e+00
-1.21869788766e+00
-1.22762897218e+00
-1.21375357383e+00
-1.21270142846e+00
-1.21221125031e+00
-1.21600460188e+00
-1.20020852639e+00
-1.21813744977e+00
-1.21076377178e+00
-1.22623909975e+00
-1.21226980667e+00
-1.20990523848e+00
-1.21591615537e+00
-1.22804109776e+00
-1.21100230688e+00
-1.21992054982e+00
-1.20877097744e+00
-1.21876819210e+00
-1.22529980229e+00
-1.21061861050e+00
-1.21189995890e+00
-1.21455324326e+00
-1.22291901579e+00
-1.20495050223e+00
-1.20386316835e+00
-1.20905605715e+00
-1.22590461964e+00
-1.21733338294e+00
-1.20343177428e+00
-1.21967048348e+00
-1.20672543410e+00
-1.22084580074e+00
-1.21229224141e+00
-1.22541605267e+00
-1.20999872258e+00
-1.21242859224e+00
-1.19952857058e+00
-1.20963211377e+00
-1.22090098012e+00
-1.22518349962e+00
-1.21275486272e+00
-1.20803632251e+00
-1.21387665630e+00
-1.22392568626e+00
-1.22465082214e+00
-1.21789595119e+00
-1.21660048764e+00
-1.21920115838e+00
-1.21686966203e+00
-1.22142935968e+00
-1.21883289945e+00
-1.21159664042e+00
-1.21499408309e+00
-1.22288750950e+00
-1.20873404533e+00
-1.21584243686e+00
-1.21039176892e+00
-1.20751817310e+00
-1.23002635223e+00
-1.21434871716e+00
-1.21537308323e+00
-1.21195559884e+00
-1.20537635401e+00
-1.21880883263e+00
-1.21058897146e+00
-1.20770651181e+00
-1.21493628518e+00
-1.20952066932e+00
-1.21906718658e+00
-1.20856694874e+00
-1.19529742181e+00
-1.20427548841e+00
-1.20769328162e+00
-1.21154339679e+00
-1.21236217668e+00
-1.21036235269e+00
-1.22315669105e+00
-1.21963380522e+00
-1.20855946515e+00
-1.21443578471e+00
-1.21114222576e+00
-1.21254918817e+00
-1.21729664895e+00
-1.21220141358e+00
-1.22195927196e+00
-1.20503780823e+00
-1.21468332092e+00
-1.21019371546e+00
-1.21683902859e+00
-1.21759470617e+00
-1.21481624160e+00
-1.20885342722e+00
-1.22418154765e+00
-1.21045719820e+00
-1.21998450976e+00
-1.21514674739e+00
-1.22207117977e+00
-1.20791783523e+00
-1.22871844991e+00
-1.22098730545e+00
-1.21819986805e+00
-1.21733871161e+00
-1.21138005324e+00
-1.19967235791e+00
-1.22053262189e+00
-1.20973418653e+00
-1.22080185193e+00
-1.21556958801e+00
-1.20200967874e+00
-1.21700378728e+00
-1.21038845291e+00
-1.22395704205e+00
-1.21841556474e+00
-1.21179346881e+00
-1.20424832964e+00
-1.22228375349e+00
-1.22560236038e+00
-1.23273859613e+00
-1.20949657489e+00
-1.21436474693e+00
-1.21828308890e+00
-1.20387539155e+00
-1.20976753300e+00
-1.21173149080e+00
-1.21812317064e+00
-1.21519958040e+00
-1.21576454878e+00
-1.22793243655e+00
-1.20838552445e+00
-1.19476712753e+00
-1.22123848044e+00
-1.22283961412e+00
-1.20974526349e+00
-1.21034363161e+00
-1.21523442872e+00
-1.21202012688e+00
-1.21537429193e+00
-1.19798491284e+00
-1.21225665410e+00
-1.21713735297e+00
-1.21632108775e+00
-1.21424973097e+00
-1.21296385470e+00
-1.21572792752e+00
-1.21484401824e+00
-1.20958128935e+00
-1.22672110723e+00
-1.20863827806e+00
-1.21233866380e+00
-1.21035692920e+00
-1.20489570129e+00
-1.21508449091e+00
-1.21627048259e+00
-1.21309138915e+00
-1.21563405273e+00
-1.21792949176e+00
-1.20751361492e+00
-1.21461927066e+00
-1.21547974990e+00
-1.20843677023e+00
-1.20069215008e+00
-1.21064808888e+00
-1.20774783512e+00
-1.20975502933e+00
-1.22020914373e+00
-1.20908053610e+00
-1.22199069852e+00
-1.22054424477e+00
-1.23056644517e+00
-1.22254114037e+00
-1.22188657245e+00
-1.20735872235e+00
-1.21306927058e+00
-1.21027918305e+00
-1.21828315121e+00
-1.21382086762e+00
-1.21410016671e+00
-1.21505338809e+00
-1.21584750035e+00
-1.21405683973e+00
-1.21360664161e+00
-1.21963118048e+00
-1.21476555438e+00
-1.21839974926e+00
-1.21903113937e+00
-1.21505316649e+00
-1.20468961949e+00
-1.20275538390e+00
-1.20875820959e+00
-1.21850512482e+00
-1.22148790603e+00
-1.22545277091e+00
-1.21258577077e+00
-1.21333328396e+00
-1.21341296739e+00
-1.21256253299e+00
-1.20713605492e+00
-1.21341986919e+00
-1.21621610654e+00
-1.19906080194e+00
-1.21070134684e+00
-1.22144418017e+00
-1.21817371729e+00
-1.21854878460e+00
-1.21208478576e+00
-1.21733668141e+00
-1.20736989844e+00
-1.22518523156e+00
-1.21612539837e+00
-1.21217016023e+00
-1.20901752881e+00
-1.21736658360e+00
-1.21079607100e+00
-1.21852360475e+00
-1.19888872362e+00
-1.21724847953e+00
-1.21701437984e+00
-1.21661582192e+00
-1.20066139350e+00
-1.22071246217e+00
-1.23751616489e+00
-1.21591466610e+00
-1.22626014577e+00
-1.22358553858e+00
-1.20846041315e+00
-1.22345758401e+00
-1.20487822754e+00
-1.22609992806e+00
-1.20597411380e+00
-1.22324255780e+00
-1.22123818961e+00
-1.22086511518e+00
-1.20675336015e+00
-1.21733519748e+00
-1.21088181724e+00
-1.23727991094e+00
-1.19651119628e+00
-1.22221722940e+00
-1.21961668176e+00
-1.21391444470e+00
-1.20729200716e+00
-1.22340494603e+00
-1.21232323708e+00
-1.21825608119e+00
-1.21229046366e+00
-1.21110014475e+00
-1.20607040107e+00
-1.20719029429e+00
-1.21378011525e+00
-1.21195795817e+00
-1.22060826594e+00
-1.20838540716e+00
-1.21832106629e+00
-1.21570484831e+00
-1.21491449117e+00
-1.21684221707e+00
-1.22068716032e+00
-1.20781770411e+00
-1.21014503576e+00
-1.21545002720e+00
-1.21570392939e+00
-1.20900929695e+00
-1.21171650716e+00
-1.22461828895e+00
-1.20617042565e+00
-1.22007662150e+00
-1.21059125011e+00
-1.20095067162e+00
-1.21184478869e+00
-1.21168223994e+00
-1.19850194774e+00
-1.20821809380e+00
-1.21844472888e+00
-1.21506577068e+00
-1.21357929543e+00
-1.21233774646e+00
-1.21031166911e+00
-1.21227018158e+00
-1.22086715501e+00
-1.21562172281e+00
-1.20789046191e+00
-1.22172221511e+00
-1.22953941618e+00
-1.21450391048e+00
-1.21729979688e+00
-1.21175464463e+00
-1.21819507473e+00
-1.21728399456e+00
-1.21148515652e+00
-1.21043972133e+00
-1.21494703449e+00
-1.21918777202e+00
-1.22282457458e+00
-1.21887197338e+00
-1.22888464439e+00
-1.21099202292e+00
-1.21605881423e+00
-1.22953350985e+00
-1.20920940783e+00
-1.20571329813e+00
-1.20322102378e+00
-1.22896735337e+00
-1.20812195646e+00
-1.21160670514e+00
-1.22747394414e+00
-1.21793243439e+00
-1.22086295901e+00
-1.20807019655e+00
-1.21301783450e+00
-1.22192281952e+00
-1.22298627078e+00
-1.22417867854e+00
-1.21158019827e+00
-1.21988542332e+00
-1.21854828918e+00
-1.21229886583e+00
-1.20966332354e+00
-1.20771706679e+00
-1.20796058586e+00
-1.20881820297e+00
-1.22425551794e+00
-1.21256186313e+00
-1.21716127546e+00
-1.21722509693e+00
-1.20805732573e+00
-1.21398466687e+00
-1.22115932554e+00
-1.20830302714e+00
-1.21975016693e+00
-1.21122991994e+00
-1.21470101309e+00
-1.21357536700e+00
-1.20605096982e+00
-1.21478371628e+00
-1.21056186094e+00
-1.20527317406e+00
-1.21520585288e+00
-1.21198086338e+00
-1.22565190227e+00
-1.20513433942e+00
-1.21497884949e+00
-1.20856491007e+00
-1.21893351766e+00
-1.21765156462e+00
-1.20242740230e+00
-1.21257954304e+00
-1.21849091398e+00
-1.20232669854e+00
-1.20994346687e+00
-1.21531550569e+00
-1.21075708913e+00
-1.21855470983e+00
-1.21570201609e+00
-1.21637180016e+00
-1.20868594747e+00
-1.22307950817e+00
-1.21796918440e+00
-1.22884399189e+00
-1.20738219372e+00
-1.21619565096e+00
-1.21933557900e+00
-1.21794474984e+00
-1.21702019169e+00
-1.20551901701e+00
-1.20459784130e+00
-1.20260287979e+00
-1.21418969830e+00
-1.20993716638e+00
-1.21433070168e+00
-1.21351288378e+00
-1.20644141116e+00
-1.21167802083e+00
-1.21475480640e+00
-1.20301390147e+00
-1.21960481972e+00
-1.20976998510e+00
-1.21655292122e+00
-1.20657203475e+00
-1.21092231029e+00
-1.20644987246e+00
-1.21831139221e+00
-1.22087073948e+00
-1.20080302328e+00
-1.22181901298e+00
-1.22154674954e+00
-1.20351548339e+00
-1.22791060656e+00
-1.21741726540e+00
-1.21411365004e+00
-1.19894718622e+00
-1.21151766570e+00
-1.20467125763e+00
-1.20498576072e+00
-1.20787556548e+00
-1.22039081786e+00
-1.21990594167e+00
-1.21878412490e+00
-1.21424071257e+00
-1.21106570376e+00
-1.20812126387e+00
-1.21126366614e+00
-1.20679537980e+00
-1.21718160181e+00
-1.20591757579e+00
-1.23414901082e+00
-1.22202572658e+00
-1.21255201805e+00
-1.21728109901e+00
-1.21928498121e+00
-1.22650175707e+00
-1.22556165790e+00
-1.20545526472e+00
-1.20277436988e+00
-1.21281922429e+00
-1.20275264693e+00
-1.20974952872e+00
-1.22287327023e+00
-1.21123067957e+00
-1.22007805514e+00
-1.20899572549e+00
-1.22024897906e+00
-1.21748080304e+00
-1.21645195618e+00
-1.21638520555e+00
-1.22367563928e+00
-1.21665943076e+00
-1.22347409903e+00
-1.20638228885e+00
-1.21327461314e+00
-1.20135266274e+00
-1.21421549989e+00
-1.22289513822e+00
-1.20260569357e+00
-1.21593698607e+00
-1.22199588535e+00
-1.21692295329e+00
-1.21373595192e+00
-1.20817116721e+00
-1.21934085564e+00
-1.22233199466e+00
-1.22224076604e+00
-1.21448142807e+00
-1.21146220927e+00
-1.21442778490e+00
-1.20102765364e+00
-1.22109321037e+00
-1.21412123527e+00