7.40118849075e-01
7.36000450668e-01
7.36030397666e-01
7.34249442448e-01
7.36811337750e-01
7.36125938736e-01
7.38078845398e-01
7.36536351595e-01
7.40853723197e-01
7.31877288369e-01
7.36320398842e-01
7.30547241271e-01
7.39432570018e-01
7.36676084456e-01
7.39562113891e-01
7.34125988536e-01
7.35857138054e-01
7.38019131740e-01
7.40909838145e-01
7.38858161807e-01
7.27419414446e-01
7.31629813409e-01
7.36007101905e-01
7.35127064744e-01
7.32398370668e-01
7.35179844393e-01
7.42695635098e-01
7.40526244105e-01
7.31725617621e-01
7.33084996920e-01
7.32226353531e-01
7.36949451575e-01
7.38400695018e-01
7.39628229561e-01
7.29268546150e-01
7.38594040888e-01
7.38391400899e-01
7.39477318555e-01
7.42305683528e-01
7.31519580822e-01
7.43428783581e-01
7.33930733440e-01
7.38136625554e-01
7.35020692868e-01
7.46374864013e-01
7.40752545288e-01
7.31499752517e-01
7.38569069567e-01
7.41372084716e-01
7.33464986996e-01
7.29663239651e-01
7.38300861734e-01
7.36225471237e-01
7.38578834581e-01
7.37903297693e-01
7.42017609455e-01
7.36346438002e-01
7.34722965747e-01
7.35116067109e-01
7.36137045797e-01
7.30052012988e-01
7.39324110731e-01
7.34609198097e-01
7.42666857616e-01
7.35306463872e-01
7.34711099266e-01
7.38323149258e-01
7.44399167082e-01
7.33642296344e-01
7.40317668573e-01
7.34244092156e-01
7.38544719298e-01
7.42206788485e-01
7.34854386791e-01
7.35116217609e-01
7.36136168205e-01
7.41552159688e-01
7.32923865282e-01
7.29734358389e-01
7.34273002942e-01
7.42990256918e-01
7.38544429032e-01
7.31666607736e-01
7.39367479387e-01
7.33814490464e-01
7.40962317883e-01
7.36544145832e-01
7.42962595176e-01
7.33769476646e-01
7.34268679250e-01
7.27151248126e-01
7.34172843894e-01
7.39371502728e-01
7.42873971795e-01
7.34577865332e-01
7.33554995124e-01
7.35690637463e-01
7.40565970003e-01
7.42999295860e-01
7.38984713659e-01
7.36863813374e-01
7.39428669461e-01
7.39438141342e-01
7.40741206948e-01
7.40378840143e-01
7.36599203782e-01
7.36987082813e-01
7.40630823754e-01
7.33327302687e-01
7.38356554164e-01
7.32400167215e-01
7.34399470491e-01
7.46282695217e-01
7.38761798836e-01
7.35718354660e-01
7.36086652536e-01
7.31923068002e-01
7.38561995445e-01
7.33856288138e-01
7.33612559147e-01
7.36243846120e-01
7.32902866154e-01
7.38566564760e-01
7.33743846052e-01
7.27464943131e-01
7.31136815538e-01
7.32050177714e-01
7.34112878933e-01
7.36977958703e-01
7.35301743516e-01
7.41800091864e-01
7.39599971221e-01
7.32594724462e-01
7.37619466805e-01
7.35851823680e-01
7.37262574074e-01
7.38345635080e-01
7.36602409575e-01
7.40485616590e-01
7.29441699000e-01
7.34955875463e-01
7.34178287183e-01
7.38340751485e-01
7.41045571541e-01
7.36503468064e-01
7.33665925231e-01
7.42854314080e-01
7.33688827563e-01
7.39234480874e-01
7.36070160199e-01
7.42360392357e-01
7.33943172910e-01
7.44849987956e-01
7.40012697881e-01
7.39434008581e-01
7.38168536035e-01
7.34482116174e-01
7.28498537954e-01
7.39516665511e-01
7.34746144079e-01
7.38683424336e-01
7.38895156865e-01
7.29303224982e-01
7.37746118028e-01
7.33058307527e-01
7.42161511342e-01
7.38016114577e-01
7.34317582077e-01
7.31004100050e-01
7.42662630266e-01
7.41582337537e-01
7.47756349794e-01
7.34247454334e-01
7.36515682318e-01
7.39410816945e-01
7.30299646079e-01
7.33920127103e-01
7.35047223699e-01
7.38809512629e-01
7.37425713017e-01
7.37243814294e-01
7.43697133598e-01
7.32468700652e-01
7.26149589156e-01
7.39238679145e-01
7.40992801108e-01
7.34682081081e-01
7.33656808644e-01
7.38104547939e-01
7.36790925758e-01
7.38492968113e-01
7.26981349086e-01
7.35213133191e-01
7.39018950000e-01
7.36395542153e-01
7.37603513550e-01
7.34388640599e-01
7.37628825423e-01
7.37023861576e-01
7.33884760183e-01
7.44640620214e-01
7.34161909006e-01
7.35686014438e-01
7.34868678000e-01
7.32724363306e-01
7.37377349346e-01
7.37440763627e-01
7.34718544344e-01
7.35171942240e-01
7.38519952504e-01
7.32667758591e-01
7.35613929176e-01
7.35801788373e-01
7.32831544286e-01
7.29028766925e-01
7.35496274852e-01
7.33138258227e-01
7.33021817960e-01
7.41192978344e-01
7.34082992850e-01
7.40476903448e-01
7.39409156641e-01
7.45024814785e-01
7.39175409420e-01
7.40484817196e-01
7.33183527047e-01
7.35718529260e-01
7.34498143964e-01
7.38828132436e-01
7.36930547998e-01
7.36238083878e-01
7.37441812934e-01
7.38501733304e-01
7.36867640368e-01
7.35870985360e-01
7.38186530933e-01
7.36082042005e-01
7.38912627622e-01
7.39519085397e-01
7.37126739716e-01
7.31290107754e-01
7.30423700242e-01
7.33892930213e-01
7.38668519829e-01
7.41202855020e-01
7.43140586534e-01
7.35375826338e-01
7.35908019822e-01
7.35204870242e-01
7.35747933914e-01
7.32880029323e-01
7.37267763636e-01
7.37034366213e-01
7.26609854497e-01
7.34706330996e-01
7.41284273007e-01
7.40060418875e-01
7.39665777466e-01
7.35744733509e-01
7.37903709375e-01
7.33240941804e-01
7.42205694747e-01
7.37815544675e-01
7.35314912100e-01
7.33945158379e-01
7.39313710471e-01
7.34469298308e-01
7.38119182618e-01
7.29315542871e-01
7.39245314669e-01
7.38669017822e-01
7.37535160188e-01
7.28443742479e-01
7.40492181331e-01
7.50154983205e-01
7.36102914498e-01
7.43874034841e-01
7.40861822340e-01
7.33520134772e-01
7.41624090278e-01
7.31977906541e-01
7.44045482563e-01
7.32546424078e-01
7.41901939693e-01
7.38664133047e-01
7.40137939731e-01
7.33138089597e-01
7.39084112949e-01
7.36537127474e-01
7.50262795124e-01
7.26409124157e-01
7.41840244150e-01
7.39440453284e-01
7.36470752880e-01
7.32454614951e-01
7.42474238436e-01
7.35032327152e-01
7.39388627810e-01
7.36633678618e-01
7.33302182007e-01
7.30605496351e-01
7.32665950044e-01
7.36207068217e-01
7.37365090948e-01
7.41043956124e-01
7.33049041412e-01
7.39343538341e-01
7.37003420755e-01
7.37109005379e-01
7.37498147113e-01
7.39638294507e-01
7.32066317357e-01
7.33696787769e-01
7.37426410599e-01
7.36650733519e-01
7.35961148863e-01
7.37168126622e-01
7.43986847650e-01
7.32442469148e-01
7.39783259848e-01
7.36010938756e-01
7.28263539373e-01
7.35960656288e-01
7.36234284443e-01
7.27631504099e-01
7.33209128578e-01
7.39249303705e-01
7.38124194039e-01
7.37145466189e-01
7.35239848238e-01
7.33162945040e-01
7.35262857292e-01
7.40249506862e-01
7.37745286155e-01
7.30874456580e-01
7.40086670290e-01
7.45698917718e-01
7.36573229463e-01
7.36691601363e-01
7.34345437176e-01
7.38624436630e-01
7.37691908162e-01
7.35081760731e-01
7.33278338271e-01
7.36892869888e-01
7.40401727651e-01
7.43234914632e-01
7.37883761606e-01
7.43393295313e-01
7.36351476442e-01
7.39062085025e-01
7.46425503993e-01
7.35001317262e-01
7.31794669264e-01
7.30536860734e-01
7.45171806330e-01
7.31927078769e-01
7.35298862380e-01
7.46016758700e-01
7.37882401968e-01
7.40012943360e-01
7.33684917803e-01
7.36976644070e-01
7.40103617902e-01
7.41064376468e-01
7.42139637493e-01
7.33633558092e-01
7.39225425486e-01
7.39841198246e-01
7.36185153193e-01
7.34682296959e-01
7.34454143626e-01
7.32603092282e-01
7.32462276193e-01
7.42299449385e-01
7.34424206960e-01
7.37177002220e-01
7.39788690952e-01
7.33534304316e-01
7.37393511961e-01
7.41689139981e-01
7.32556240459e-01
7.40568910589e-01
7.35463222029e-01
7.36870286640e-01
7.35441027978e-01
7.33749870258e-01
7.37988372695e-01
7.35132613271e-01
7.33332002629e-01
7.38259425504e-01
7.36027081153e-01
7.41212387520e-01
7.32328853155e-01
7.37631403278e-01
7.32714422267e-01
7.38556961964e-01
7.38833651882e-01
7.30653584817e-01
7.36622344682e-01
7.38137429481e-01
7.30651057717e-01
7.34705149537e-01
7.35830052860e-01
7.36058958684e-01
7.37746029871e-01
7.36947851583e-01
7.37864699689e-01
7.35946091420e-01
7.41516290207e-01
7.38544503814e-01
7.44488294817e-01
7.32895901855e-01
7.37067003936e-01
7.41139531666e-01
7.40399912273e-01
7.38044570350e-01
7.29522999417e-01
7.31216538900e-01
7.32261228635e-01
7.36910600380e-01
7.33483498605e-01
7.37206787328e-01
7.36049490731e-01
7.32906845767e-01
7.35854880055e-01
7.38537724809e-01
7.31880487545e-01
7.39062633191e-01
7.35378522963e-01
7.38500355759e-01
7.32360432291e-01
7.34709887958e-01
7.31985173543e-01
7.39920354276e-01
7.39538408493e-01
7.29225694281e-01
7.40890757054e-01
7.40579581570e-01
7.29895027816e-01
7.44304438820e-01
7.38456922693e-01
7.38958284518e-01
7.28234714671e-01
7.35292603850e-01
7.31941339923e-01
7.33797464972e-01
7.33141598464e-01
7.40881879160e-01
7.40449629458e-01
7.39151726086e-01
7.36406204154e-01
7.33584849786e-01
7.34320464785e-01
7.35412413900e-01
7.31838170339e-01
7.38834951589e-01
7.34094425225e-01
7.47593818603e-01
7.41411566066e-01
7.35878291449e-01
7.38468138584e-01
7.39864471425e-01
7.41715781531e-01
7.43561114472e-01
7.31828382208e-01
7.30069993900e-01
7.36652234828e-01
7.31027295378e-01
7.35077974909e-01
7.40831451679e-01
7.33907116651e-01
7.40244652665e-01
7.31501286712e-01
7.38082469295e-01
7.37501674273e-01
7.38234123084e-01
7.37218285649e-01
7.41513660050e-01
7.37712297725e-01
7.42416907427e-01
7.31316728200e-01
7.36831304990e-01
7.28131040840e-01
7.36878311831e-01
7.41592933964e-01
7.30820375843e-01
7.39250874657e-01
7.40986038158e-01
7.38636087395e-01
7.38409224264e-01
7.34262589817e-01
7.41588899334e-01
7.40646028584e-01
7.42522665652e-01
7.37403991599e-01
7.34996861426e-01
7.37459503655e-01
7.28989687570e-01
7.39335807396e-01
7.36508383133e-01