-3.25024171091e+00
-3.32451265728e+00
-3.27035498824e+00
-3.32635761349e+00
-3.30592655942e+00
-3.16141977010e+00
-3.21694998793e+00
-3.28783167034e+00
-3.25937797038e+00
-3.31944433054e+00
-3.33665236340e+00
-3.23458766005e+00
-3.23404183390e+00
-3.17560578857e+00
-3.31926072543e+00
-3.37779074973e+00
-3.28888469856e+00
-3.26361684638e+00
-3.22234100458e+00
-3.21068341971e+00
-3.32155624117e+00
-3.27830326737e+00
-3.24626147695e+00
-3.30964787654e+00
-3.31440208859e+00
-3.32712541610e+00
-3.24228585396e+00
-3.19475019897e+00
-3.25113270930e+00
-3.28419627590e+00
-3.22413302783e+00
-3.28358445924e+00
-3.31302450721e+00
-3.28791747272e+00
-3.26748000030e+00
-3.27832106107e+00
-3.29341230984e+00
-3.23288675366e+00
-3.33433279223e+00
-3.20498792106e+00
-3.37730079460e+00
-3.20476025006e+00
-3.27435431841e+00
-3.32956681721e+00
-3.33495368548e+00
-3.34379633094e+00
-3.28637149064e+00
-3.27245949933e+00
-3.23033217656e+00
-3.31417433844e+00
-3.31316757138e+00
-3.30312087086e+00
-3.27376817223e+00
-3.18745457422e+00
-3.34941545843e+00
-3.22491250451e+00
-3.22734348653e+00
-3.31996572553e+00
-3.32340191857e+00
-3.28527922463e+00
-3.31860773501e+00
-3.37897925634e+00
-3.28371026373e+00
-3.31749102295e+00
-3.21837319032e+00
-3.35323056833e+00
-3.27827498199e+00
-3.28349855150e+00
-3.33266116605e+00
-3.32114192644e+00
-3.26878320696e+00
-3.33724283895e+00
-3.32248025201e+00
-3.28967225808e+00
-3.24419709587e+00
-3.22261130274e+00
-3.24416104550e+00
-3.37724660003e+00
-3.24607393989e+00
-3.24788421845e+00
-3.27808076870e+00
-3.32372618617e+00
-3.24270723899e+00
-3.21649356175e+00
-3.26711286025e+00
-3.27155297667e+00
-3.15473481849e+00
-3.24473108983e+00
-3.32542893713e+00
-3.22676363919e+00
-3.28685810440e+00
-3.19166678705e+00
-3.37806969670e+00
-3.28460626293e+00
-3.19835880557e+00
-3.21339172002e+00
-3.24123492957e+00
-3.27339219702e+00
-3.21605078290e+00
-3.36076026560e+00
-3.29444402054e+00
-3.22528590555e+00
-3.17309120899e+00
-3.29384293881e+00
-3.34524087875e+00
-3.26599667912e+00
-3.21817851923e+00
-3.23295549883e+00
-3.31193715135e+00
-3.24386335309e+00
-3.21451547690e+00
-3.30219291686e+00
-3.32519225642e+00
-3.25820886526e+00
-3.26927999354e+00
-3.33478424622e+00
-3.26110245617e+00
-3.21378287705e+00
-3.27238437471e+00
-3.31083557044e+00
-3.33417655556e+00
-3.31356893846e+00
-3.23537702317e+00
-3.26570023812e+00
-3.20916645017e+00
-3.33854588265e+00
-3.17266854248e+00
-3.35324929327e+00
-3.35039887952e+00
-3.25148770273e+00
-3.21426916506e+00
-3.31677528819e+00
-3.24200722236e+00
-3.28874504839e+00
-3.22846706610e+00
-3.32178829468e+00
-3.24708284023e+00
-3.23299272499e+00
-3.26649481915e+00
-3.23152772661e+00
-3.27828146952e+00
-3.31724317134e+00
-3.27825893592e+00
-3.31905681796e+00
-3.27921547292e+00
-3.23039151787e+00
-3.21433875434e+00
-3.25170755109e+00
-3.20378142055e+00
-3.36629025317e+00
-3.29551871547e+00
-3.25328687146e+00
-3.36546149939e+00
-3.20271785516e+00
-3.33801472571e+00
-3.27488064559e+00
-3.36473094544e+00
-3.22341626744e+00
-3.25358596927e+00
-3.28307267229e+00
-3.31597554412e+00
-3.31659809309e+00
-3.36826191422e+00
-3.27872882217e+00
-3.26115251946e+00
-3.33673878415e+00
-3.16677170092e+00
-3.27252457080e+00
-3.29673086559e+00
-3.29557888153e+00
-3.26007383729e+00
-3.22964884789e+00
-3.19785242675e+00
-3.36066311985e+00
-3.34962763416e+00
-3.27655900203e+00
-3.34423891196e+00
-3.29190571054e+00
-3.32118787334e+00
-3.23142615089e+00
-3.17714706814e+00
-3.25444296912e+00
-3.21202512216e+00
-3.31190823703e+00
-3.27487306411e+00
-3.30510358430e+00
-3.13780374913e+00
-3.30887446120e+00
-3.20838219552e+00
-3.28207206674e+00
-3.34442932828e+00
-3.26437180614e+00
-3.24697181375e+00
-3.28953724324e+00
-3.33061763366e+00
-3.27898138218e+00
-3.36374555621e+00
-3.30240034222e+00
-3.25551222006e+00
-3.32185494876e+00
-3.20704378738e+00
-3.26220583528e+00
-3.27996460961e+00
-3.27423287128e+00
-3.23035727738e+00
-3.27410992252e+00
-3.23815562901e+00
-3.27412838481e+00
-3.35369424369e+00
-3.22329136075e+00
-3.28322494132e+00
-3.16551262100e+00
-3.24656706479e+00
-3.26067195380e+00
-3.33248260405e+00
-3.34102997068e+00
-3.31198424011e+00
-3.34135765881e+00
-3.24624941327e+00
-3.28168224894e+00
-3.28173086470e+00
-3.20400391019e+00
-3.42792483875e+00
-3.27242809976e+00
-3.20145333887e+00
-3.24238876549e+00
-3.17755086937e+00
-3.22844704151e+00
-3.21454734542e+00
-3.27426187593e+00
-3.38000177967e+00
-3.30501442406e+00
-3.31202020437e+00
-3.26214178263e+00
-3.28847906122e+00
-3.20798073560e+00
-3.28412770588e+00
-3.27600260943e+00
-3.29766775740e+00
-3.19487793445e+00
-3.24798232984e+00
-3.20858528192e+00
-3.28557886304e+00
-3.20732489868e+00
-3.27791928383e+00
-3.30342689785e+00
-3.26081919959e+00
-3.26587617458e+00
-3.27344213763e+00
-3.36510278768e+00
-3.28198062508e+00
-3.31459100163e+00
-3.32494593961e+00
-3.26913934828e+00
-3.24267807476e+00
-3.24755219246e+00
-3.31748429299e+00
-3.23903104389e+00
-3.28472203063e+00
-3.34190766197e+00
-3.30887500246e+00
-3.20282449386e+00
-3.32118266049e+00
-3.33658253632e+00
-3.23999488259e+00
-3.20678155554e+00
-3.29341183971e+00
-3.25869296744e+00
-3.14735898766e+00
-3.25834246040e+00
-3.21060365767e+00
-3.25169791962e+00
-3.26466244575e+00
-3.28037513340e+00
-3.23185271925e+00
-3.31389977509e+00
-3.30820884476e+00
-3.24502135795e+00
-3.21418956015e+00
-3.31780512431e+00
-3.31246177800e+00
-3.30814019896e+00
-3.31280556293e+00
-3.19650793712e+00
-3.35929523784e+00
-3.30698047120e+00
-3.26696605624e+00
-3.28737247730e+00
-3.31398085304e+00
-3.35031892716e+00
-3.25711814728e+00
-3.28284234816e+00
-3.28938524924e+00
-3.23122123692e+00
-3.31710164093e+00
-3.34139200849e+00
-3.26116168811e+00
-3.25259293865e+00
-3.30083717436e+00
-3.34374587118e+00
-3.34484529193e+00
-3.30998740895e+00
-3.31705402154e+00
-3.20548478863e+00
-3.24783955113e+00
-3.31990883106e+00
-3.31824281105e+00
-3.25279198724e+00
-3.28275723573e+00
-3.25662942650e+00
-3.38585324758e+00
-3.25405203873e+00
-3.26339233523e+00
-3.27081473150e+00
-3.26558108550e+00
-3.22233913682e+00
-3.28354373409e+00
-3.27598033265e+00
-3.35101449764e+00
-3.12260582764e+00
-3.33728915375e+00
-3.25721935955e+00
-3.21944518843e+00
-3.27302663338e+00
-3.26171563289e+00
-3.24312272194e+00
-3.32315986055e+00
-3.28494970894e+00
-3.24060477983e+00
-3.22236998847e+00
-3.27194917499e+00
-3.26338460137e+00
-3.29214339686e+00
-3.32491853241e+00
-3.23759449763e+00
-3.34049701186e+00
-3.22983670336e+00
-3.24911764374e+00
-3.37427978291e+00
-3.29991931472e+00
-3.24185162719e+00
-3.17680431160e+00
-3.32897200378e+00
-3.28910238637e+00
-3.25768043686e+00
-3.31940853988e+00
-3.34426863234e+00
-3.24391806566e+00
-3.26794644018e+00
-3.24028814723e+00
-3.27589396114e+00
-3.15914522472e+00
-3.34744684848e+00
-3.32668740532e+00
-3.27998468254e+00
-3.23472521132e+00
-3.21915976795e+00
-3.26415811769e+00
-3.28187543739e+00
-3.21024391527e+00
-3.26649438753e+00
-3.33422887516e+00
-3.27081616179e+00
-3.24767915907e+00
-3.27518999404e+00
-3.34545493230e+00
-3.21038348402e+00
-3.31036264461e+00
-3.27772162183e+00
-3.28171685876e+00
-3.18886393767e+00
-3.28377212680e+00
-3.24308784444e+00
-3.29176858758e+00
-3.19839929408e+00
-3.25203852498e+00
-3.30668411742e+00
-3.32883007113e+00
-3.32951533496e+00
-3.24257199547e+00
-3.36530577188e+00
-3.23924754604e+00
-3.24238007416e+00
-3.30320281466e+00
-3.26712082286e+00
-3.26023024452e+00
-3.34549264533e+00
-3.28872562938e+00
-3.42255371731e+00
-3.36771977519e+00
-3.27845238701e+00
-3.23068550550e+00
-3.29019682535e+00
-3.27346921445e+00
-3.23959282128e+00
-3.29481984366e+00
-3.19580161735e+00
-3.36609363390e+00
-3.23502618403e+00
-3.18267640528e+00
-3.37216525311e+00
-3.29547272561e+00
-3.20409875537e+00
-3.31542031242e+00
-3.27683752864e+00
-3.30588607234e+00
-3.34361934836e+00
-3.26855619236e+00
-3.26877035998e+00
-3.22058575437e+00
-3.33575138340e+00
-3.19250938107e+00
-3.27873029439e+00
-3.31843942573e+00
-3.22021319043e+00
-3.27014547925e+00
-3.27102478291e+00
-3.14264583787e+00
-3.32340706809e+00
-3.20215333696e+00
-3.27081184386e+00
-3.20871303752e+00
-3.28722295772e+00
-3.23944651982e+00
-3.19641755907e+00
-3.23802996340e+00
-3.30775178429e+00
-3.29794786299e+00
-3.31340292917e+00
-3.23280592710e+00
-3.25465770057e+00
-3.24883464640e+00
-3.28071689743e+00
-3.27304956675e+00
-3.20565239613e+00
-3.27007406064e+00
-3.16264452227e+00
-3.30539118406e+00
-3.27941699752e+00
-3.27288184613e+00
-3.16608376573e+00
-3.26336715447e+00
-3.21315480195e+00
-3.34463712592e+00
-3.25656841173e+00
-3.30773027312e+00
-3.23491867391e+00
-3.30468624843e+00
-3.29634742845e+00
-3.28605237983e+00
-3.22523945078e+00
-3.35016523331e+00
-3.38751126376e+00
-3.27861751520e+00
-3.34506143382e+00
-3.30986214776e+00
-3.26842034131e+00
-3.25539609970e+00
-3.20569161636e+00
-3.31599061117e+00
-3.25858470397e+00
-3.26630304091e+00
-3.38184170430e+00
-3.23322056176e+00
-3.26926508488e+00
-3.36088463828e+00
-3.28663621444e+00
-3.23289481516e+00
-3.24898026454e+00
-3.25754861080e+00
-3.23958031267e+00
-3.32937913408e+00
-3.34930318644e+00
-3.30575337352e+00
-3.25125885392e+00
-3.35431088774e+00
-3.23908619097e+00
-3.31058492908e+00
-3.29174096922e+00
-3.33140424222e+00
-3.32866284352e+00
-3.27407527874e+00
-3.27086360981e+00
-3.30562497133e+00
-3.28064261673e+00
-3.31469420232e+00
-3.23698416415e+00
-3.27548266067e+00
-3.27040850272e+00
-3.25976581243e+00
-3.30287535454e+00
-3.19991037000e+00
-3.24271851278e+00
-3.27114424225e+00
-3.21475144655e+00
-3.26630273978e+00
-3.30731343995e+00
-3.22711402803e+00
-3.30968263316e+00
-3.21097626988e+00
-3.27643920693e+00