1.33518538632e+00
1.36837778071e+00
1.34461199773e+00
1.33040957639e+00
1.34168883702e+00
1.33213294659e+00
1.35979622048e+00
1.34640341368e+00
1.31194337799e+00
1.32386065279e+00
1.36153072702e+00
1.33941451020e+00
1.32163952975e+00
1.36085803941e+00
1.32786589734e+00
1.30130593962e+00
1.37236396956e+00
1.35773277164e+00
1.34193821259e+00
1.35352302813e+00
1.33726471532e+00
1.28745565209e+00
1.32354844816e+00
1.32813664152e+00
1.37652950753e+00
1.37013087338e+00
1.35918465308e+00
1.36404702520e+00
1.29997274909e+00
1.34326255376e+00
1.32508433468e+00
1.34791847743e+00
1.37042022206e+00
1.36584720781e+00
1.32809225728e+00
1.36383329772e+00
1.29950417744e+00
1.34281277352e+00
1.36455599757e+00
1.36279962879e+00
1.36248912979e+00
1.34329345748e+00
1.32134469175e+00
1.36898994216e+00
1.29507064381e+00
1.31912453194e+00
1.32718626205e+00
1.34534017431e+00
1.33398025126e+00
1.34459039777e+00
1.37099100614e+00
1.38077091024e+00
1.35982760877e+00
1.34094320564e+00
1.33494083683e+00
1.38546081483e+00
1.32376747533e+00
1.36604627822e+00
1.33985001282e+00
1.35924583158e+00
1.32079996471e+00
1.32815488988e+00
1.34969270146e+00
1.35538344542e+00
1.32885598807e+00
1.36739073778e+00
1.36118247511e+00
1.37309698302e+00
1.35654011101e+00
1.31435577945e+00
1.33989496469e+00
1.34723720170e+00
1.35119128777e+00
1.35649200797e+00
1.33375819811e+00
1.35819366184e+00
1.31751734050e+00
1.33016757340e+00
1.35230489847e+00
1.34041849486e+00
1.39131913977e+00
1.35712189635e+00
1.35603956947e+00
1.35233227884e+00
1.29877951879e+00
1.37512904470e+00
1.35722456854e+00
1.32433712252e+00
1.33428815479e+00
1.33717507446e+00
1.32549349274e+00
1.32653481406e+00
1.37634093655e+00
1.34607096871e+00
1.36503495738e+00
1.28237683359e+00
1.30839096523e+00
1.32806339661e+00
1.34056696081e+00
1.36225107954e+00
1.33287414280e+00
1.35813343641e+00
1.32239597809e+00
1.32343746832e+00
1.38297031504e+00
1.35204100359e+00
1.33423438272e+00
1.33503763410e+00
1.34509823174e+00
1.32177985726e+00
1.34125428248e+00
1.37655612076e+00
1.35901634551e+00
1.35225307660e+00
1.38583599743e+00
1.32932746807e+00
1.35150174287e+00
1.34862473787e+00
1.34798463914e+00
1.31174329565e+00
1.32184985415e+00
1.36003295764e+00
1.35507835713e+00
1.35578080429e+00
1.36614714492e+00
1.34725931534e+00
1.34971862476e+00
1.35804088773e+00
1.31992720475e+00
1.34634630781e+00
1.35775447623e+00
1.34927974493e+00
1.37758937897e+00
1.34582184573e+00
1.32313580363e+00
1.34361052663e+00
1.34419822344e+00
1.34757825144e+00
1.34092844773e+00
1.33722927123e+00
1.34619794726e+00
1.39058787888e+00
1.31958336353e+00
1.36133233031e+00
1.34279477164e+00
1.35513551538e+00
1.36474678111e+00
1.35063011818e+00
1.32335490549e+00
1.34036404116e+00
1.39006581653e+00
1.35003952598e+00
1.34186658290e+00
1.33128386787e+00
1.33640816671e+00
1.34589956247e+00
1.35999603029e+00
1.34543962678e+00
1.32358751182e+00
1.34263871534e+00
1.33064964840e+00
1.32910867231e+00
1.35113390279e+00
1.32951755393e+00
1.35164679429e+00
1.37162228132e+00
1.34181022247e+00
1.35788661719e+00
1.38479230830e+00
1.34703520786e+00
1.33137804851e+00
1.35260589462e+00
1.37443524105e+00
1.32125792749e+00
1.36517346826e+00
1.32434951942e+00
1.35717690652e+00
1.36009253829e+00
1.36612953870e+00
1.36001728059e+00
1.34230363098e+00
1.35731502760e+00
1.37668653791e+00
1.33250494394e+00
1.33602450386e+00
1.34595500998e+00
1.32441336413e+00
1.38926336323e+00
1.35815454168e+00
1.38081881409e+00
1.37932427333e+00
1.35309949944e+00
1.33644756080e+00
1.35269574487e+00
1.31916104605e+00
1.37262646266e+00
1.32859479592e+00
1.33545533788e+00
1.33882446905e+00
1.31382607104e+00
1.35659864411e+00
1.37048806868e+00
1.33877955516e+00
1.38946415977e+00
1.35049919906e+00
1.30698152918e+00
1.35223403968e+00
1.29834265017e+00
1.32800465724e+00
1.35170083173e+00
1.33015022668e+00
1.34327316330e+00
1.37442220805e+00
1.37500472579e+00
1.37907097613e+00
1.34298638110e+00
1.35134794282e+00
1.35033178781e+00
1.36229475639e+00
1.34542410812e+00
1.37369179797e+00
1.34333924109e+00
1.36977392758e+00
1.33812869871e+00
1.30792705828e+00
1.35464506402e+00
1.37919642364e+00
1.31186086216e+00
1.37048861910e+00
1.36437448971e+00
1.35737331567e+00
1.32894486933e+00
1.31410325202e+00
1.31888460420e+00
1.35106907296e+00
1.40159958953e+00
1.35067358540e+00
1.33901516150e+00
1.35336896744e+00
1.34322991029e+00
1.32320192067e+00
1.37400775633e+00
1.34139236917e+00
1.34909693561e+00
1.36969589815e+00
1.40143553859e+00
1.34304330301e+00
1.36292104253e+00
1.36734175812e+00
1.33709797961e+00
1.35372524785e+00
1.34068167588e+00
1.35883246218e+00
1.35383048996e+00
1.35239435916e+00
1.34325304838e+00
1.31073004911e+00
1.36467196213e+00
1.33819114560e+00
1.30603851534e+00
1.33629313861e+00
1.30477320076e+00
1.29602564459e+00
1.34875939482e+00
1.36657310840e+00
1.28582826466e+00
1.34252541303e+00
1.32662741808e+00
1.35004478826e+00
1.33814714839e+00
1.36894473872e+00
1.30427374376e+00
1.34372935858e+00
1.33143906909e+00
1.33550566976e+00
1.37861835262e+00
1.36334183613e+00
1.33387076627e+00
1.37058232106e+00
1.34198921917e+00
1.32866532573e+00
1.34134919179e+00
1.35368614616e+00
1.38513126400e+00
1.34432434658e+00
1.31619984153e+00
1.32427020209e+00
1.37631304660e+00
1.35248857277e+00
1.34194730755e+00
1.31880737070e+00
1.32107292769e+00
1.38336298776e+00
1.35857383734e+00
1.37969982281e+00
1.37514883351e+00
1.35101870200e+00
1.32909634815e+00
1.33935514787e+00
1.31303406901e+00
1.34688615456e+00
1.32632136387e+00
1.35842566188e+00
1.32577726216e+00
1.38370084087e+00
1.30388919018e+00
1.38292197884e+00
1.34753411625e+00
1.35555384806e+00
1.34260423098e+00
1.34440381219e+00
1.33944389847e+00
1.31235653860e+00
1.33903682917e+00
1.37563872824e+00
1.36641630676e+00
1.34586273568e+00
1.34554047677e+00
1.35153527919e+00
1.34737897854e+00
1.36143999051e+00
1.39332189436e+00
1.34584044906e+00
1.35838739599e+00
1.34637370081e+00
1.32973443118e+00
1.34023870509e+00
1.34431348576e+00
1.35686552908e+00
1.36116768033e+00
1.35175235673e+00
1.33868115367e+00
1.33242034597e+00
1.31811195725e+00
1.32173434019e+00
1.37949937388e+00
1.31260347402e+00
1.30005844602e+00
1.36032311922e+00
1.33920440238e+00
1.39096561334e+00
1.36721434750e+00
1.33087414975e+00
1.34174420235e+00
1.32059480166e+00
1.35905752027e+00
1.36792630224e+00
1.33828759693e+00
1.36059801273e+00
1.33719655804e+00
1.36429628616e+00
1.33565859038e+00
1.37801843147e+00
1.32405624167e+00
1.32171694722e+00
1.33339757090e+00
1.31815992811e+00
1.33751245853e+00
1.34548611610e+00
1.30269499592e+00
1.34859368930e+00
1.31760536259e+00
1.32503810148e+00
1.29129420724e+00
1.35772198843e+00
1.34843533915e+00
1.35210543009e+00
1.34383974755e+00
1.36041701596e+00
1.33854831932e+00
1.36644365495e+00
1.31439537070e+00
1.35712108790e+00
1.35950193136e+00
1.38823941168e+00
1.36000174775e+00
1.32194982598e+00
1.35067906733e+00
1.36111980473e+00
1.33340512688e+00
1.36488739626e+00
1.33635261034e+00
1.35887322223e+00
1.34143788133e+00
1.34331900557e+00
1.35431050082e+00
1.35106448227e+00
1.33184833917e+00
1.29576409464e+00
1.33993454817e+00
1.35855810435e+00
1.33214300791e+00
1.38583648344e+00
1.35550112839e+00
1.31421002621e+00
1.32209186517e+00
1.32661043255e+00
1.35910298676e+00
1.36596322852e+00
1.37143950116e+00
1.36245869974e+00
1.38280852627e+00
1.34784253891e+00
1.35238604324e+00
1.35430764856e+00
1.39254830577e+00
1.32037925552e+00
1.36307073625e+00
1.34392175787e+00
1.34897122606e+00
1.34362363464e+00
1.33833165029e+00
1.37120772446e+00
1.36592944571e+00
1.33232336821e+00
1.37687198346e+00
1.30471802564e+00
1.30597874587e+00
1.36766333987e+00
1.33543623181e+00
1.36944438215e+00
1.36061031467e+00
1.36129315449e+00
1.35926866466e+00
1.30858911756e+00
1.35863183548e+00
1.32741469399e+00
1.35104593592e+00
1.31984905303e+00
1.33090922026e+00
1.37220644801e+00
1.29025078509e+00
1.31722526625e+00
1.35172505564e+00
1.33065800279e+00
1.36293572723e+00
1.31217718299e+00
1.34675208093e+00
1.36275854757e+00
1.33479388072e+00
1.34932156549e+00
1.36483889701e+00
1.35375663422e+00
1.33063714928e+00
1.29893302466e+00
1.35278065067e+00
1.35052543651e+00
1.30883599406e+00
1.36521533652e+00
1.32726678959e+00
1.33939948617e+00
1.34110487889e+00
1.32765927032e+00
1.31779254594e+00
1.35165512354e+00
1.31828479690e+00
1.35259164589e+00
1.35429387496e+00
1.36129627141e+00
1.34717776173e+00
1.36368117813e+00
1.32580609983e+00
1.34434396038e+00
1.32685949778e+00
1.37140784320e+00
1.35742538641e+00
1.34611952799e+00
1.36244031177e+00
1.33022292905e+00
1.36832868314e+00
1.35255077313e+00
1.36394820442e+00
1.36172548279e+00
1.36315340414e+00
1.38041331946e+00
1.34376470979e+00
1.31463484080e+00
1.38321757322e+00
1.35242667808e+00
1.32184743226e+00
1.33082017454e+00
1.31904375126e+00
1.32343238963e+00
1.31734128955e+00
1.32950303714e+00
1.37850196088e+00
1.33836055011e+00
1.34379077537e+00
1.31825707751e+00
1.35606468521e+00
1.40048644972e+00
1.34382025373e+00
1.33633213241e+00
1.29379096336e+00
1.32549843604e+00
1.35751576122e+00
1.35872597722e+00
1.33235138255e+00
1.35773875909e+00
1.35170653171e+00
1.34498955221e+00