8.40982553684e-01
8.40025992325e-01
8.40873528217e-01
8.41365049381e-01
8.40322279051e-01
8.40007528322e-01
8.39735876733e-01
8.40003440432e-01
8.40530464957e-01
8.40759115061e-01
8.40832998558e-01
8.39994096434e-01
8.40320998855e-01
8.39919595160e-01
8.41461993685e-01
8.40829936209e-01
8.39572279665e-01
8.39879894402e-01
8.40055828875e-01
8.40004931406e-01
8.40212290059e-01
8.40149488152e-01
8.40162416521e-01
8.40257644844e-01
8.39555038331e-01
8.39922551624e-01
8.40613761260e-01
8.40745593524e-01
8.40456084158e-01
8.40547718095e-01
8.40335071659e-01
8.39544366530e-01
8.40448362310e-01
8.39630984760e-01
8.39778198038e-01
8.39938907399e-01
8.40328346809e-01
8.41102817268e-01
8.40340247537e-01
8.40766101961e-01
8.39888144531e-01
8.39781741631e-01
8.40094528843e-01
8.40527364451e-01
8.40640550383e-01
8.39961377661e-01
8.40715988855e-01
8.40373460421e-01
8.39620922079e-01
8.39090020428e-01
8.40097570091e-01
8.39408516893e-01
8.39469127227e-01
8.40662641435e-01
8.40638390866e-01
8.40419229949e-01
8.39376947480e-01
8.39834386758e-01
8.39892985482e-01
8.40469748543e-01
8.39785451229e-01
8.40042848783e-01
8.39422123772e-01
8.39787139995e-01
8.39608914972e-01
8.39601904840e-01
8.39940539775e-01
8.40689382418e-01
8.39884484103e-01
8.40320833772e-01
8.39524238167e-01
8.40667463317e-01
8.39819099666e-01
8.40133007296e-01
8.40750654946e-01
8.40370442074e-01
8.40561526842e-01
8.39636274684e-01
8.39613235278e-01
8.40028524977e-01
8.40140978261e-01
8.41242617443e-01
8.39924901110e-01
8.40929709363e-01
8.40616259344e-01
8.40451298727e-01
8.39827179871e-01
8.39702752667e-01
8.40022985366e-01
8.39663370453e-01
8.40956494640e-01
8.40207571451e-01
8.40730548331e-01
8.40290385944e-01
8.38807995202e-01
8.40522086860e-01
8.40072176390e-01
8.40837429483e-01
8.41014624482e-01
8.40330663534e-01
8.39965903557e-01
8.39270272771e-01
8.40959499311e-01
8.40132947830e-01
8.40635422371e-01
8.39851611180e-01
8.40005187196e-01
8.40033633905e-01
8.40123262153e-01
8.40001932338e-01
8.40321568975e-01
8.41658759977e-01
8.40727971017e-01
8.39729150903e-01
8.40503851886e-01
8.40523031953e-01
8.40982318824e-01
8.40812908174e-01
8.39473061968e-01
8.40281643955e-01
8.38978585101e-01
8.39958082837e-01
8.40720316978e-01
8.42061851961e-01
8.41570813637e-01
8.39805201769e-01
8.38673874167e-01
8.39745347895e-01
8.40507898873e-01
8.40867289666e-01
8.40895323890e-01
8.40071771980e-01
8.39676976156e-01
8.40425076110e-01
8.40420356807e-01
8.40983278362e-01
8.40330052027e-01
8.40408673626e-01
8.40487814005e-01
8.41053707871e-01
8.40104502781e-01
8.39322711736e-01
8.39505847598e-01
8.40162974788e-01
8.40123200964e-01
8.38263073936e-01
8.41117754591e-01
8.40153169123e-01
8.40319220682e-01
8.40193630731e-01
8.39971660754e-01
8.39961857455e-01
8.40687318308e-01
8.40220762262e-01
8.40608241408e-01
8.40858101117e-01
8.40034381748e-01
8.39786877368e-01
8.41404551471e-01
8.41012803621e-01
8.39978922425e-01
8.40139437323e-01
8.40529291724e-01
8.40298017859e-01
8.40138202177e-01
8.40042701225e-01
8.40851816083e-01
8.40582020548e-01
8.39950060321e-01
8.40245861141e-01
8.40954319725e-01
8.40435482162e-01
8.40257199447e-01
8.40181056081e-01
8.40627844606e-01
8.39708199533e-01
8.40203102226e-01
8.40835371404e-01
8.40876656684e-01
8.39570201485e-01
8.40009992651e-01
8.41065533807e-01
8.40130791819e-01
8.39715451610e-01
8.40435724541e-01
8.40033173324e-01
8.39699709693e-01
8.40912236644e-01
8.40268495451e-01
8.40194629878e-01
8.40148561924e-01
8.39532155488e-01
8.38719497857e-01
8.39642283818e-01
8.40069392335e-01
8.40091444199e-01
8.40402546787e-01
8.40163244139e-01
8.40340246661e-01
8.40344832870e-01
8.41210501977e-01
8.39292974098e-01
8.40330256582e-01
8.39621847903e-01
8.39972112348e-01
8.40350365934e-01
8.39957198466e-01
8.39450223278e-01
8.39901728980e-01
8.40185875828e-01
8.40685868281e-01
8.41191873421e-01
8.40425049460e-01
8.39865969206e-01
8.40622948512e-01
8.39908832561e-01
8.38966136804e-01
8.39414251317e-01
8.39476634386e-01
8.40544706611e-01
8.40274984853e-01
8.40531768474e-01
8.40064539941e-01
8.40776839406e-01
8.40728430904e-01
8.40387740040e-01
8.40270923353e-01
8.40417622590e-01
8.40582148822e-01
8.39604845053e-01
8.40143117029e-01
8.39691431691e-01
8.39144923619e-01
8.39404474425e-01
8.40344599566e-01
8.40611632228e-01
8.40362147065e-01
8.40490554699e-01
8.40713751059e-01
8.40058597658e-01
8.41056166117e-01
8.40746655390e-01
8.40537649211e-01
8.39062741674e-01
8.40091593962e-01
8.40618546592e-01
8.40044863322e-01
8.39869823667e-01
8.39350208467e-01
8.40123496807e-01
8.39896597200e-01
8.40592311330e-01
8.39979539596e-01
8.39594165848e-01
8.40420884126e-01
8.39612864019e-01
8.40153908970e-01
8.39656665157e-01
8.40392208894e-01
8.40902802232e-01
8.40374003208e-01
8.41599063258e-01
8.41000493224e-01
8.39659553641e-01
8.39628956012e-01
8.40009606419e-01
8.41527009461e-01
8.39666175522e-01
8.39784050228e-01
8.40312841546e-01
8.40420999010e-01
8.40349140966e-01
8.40407761865e-01
8.40602089308e-01
8.41748004055e-01
8.39877253318e-01
8.40634357059e-01
8.41846111426e-01
8.40360397634e-01
8.39795479119e-01
8.39798850686e-01
8.40100143273e-01
8.39616928380e-01
8.39315417386e-01
8.40791224636e-01
8.40020232656e-01
8.40349356181e-01
8.39559661352e-01
8.40018625470e-01
8.40969676379e-01
8.40529220072e-01
8.39992612553e-01
8.40533028864e-01
8.39344648311e-01
8.39588525316e-01
8.41364789414e-01
8.39545187127e-01
8.39740153273e-01
8.40219587156e-01
8.40238554255e-01
8.40193902219e-01
8.40255179128e-01
8.41170031979e-01
8.40373894457e-01
8.41107643706e-01
8.41159101072e-01
8.40356816646e-01
8.39939167985e-01
8.39040864370e-01
8.40374904867e-01
8.39672610185e-01
8.39939078878e-01
8.39551420586e-01
8.40760229343e-01
8.39658411067e-01
8.40701109978e-01
8.38950038150e-01
8.40188499761e-01
8.40434446442e-01
8.40026442194e-01
8.40777790384e-01
8.40444232810e-01
8.40306404399e-01
8.40714298553e-01
8.39234600869e-01
8.40324282350e-01
8.40578232889e-01
8.40923401005e-01
8.39938479472e-01
8.40317500525e-01
8.39510092437e-01
8.39811288930e-01
8.40566539366e-01
8.40825379414e-01
8.40199483608e-01
8.39743808045e-01
8.39993421488e-01
8.40442460191e-01
8.40736321464e-01
8.40098497068e-01
8.39832492826e-01
8.40352023806e-01
8.39931397766e-01
8.40401816949e-01
8.39391990185e-01
8.41068130797e-01
8.40858109137e-01
8.39792190395e-01
8.40641914854e-01
8.40077068397e-01
8.40150768038e-01
8.41340946489e-01
8.39430323158e-01
8.39500166987e-01
8.39793642286e-01
8.39990673848e-01
8.40694337158e-01
8.39949720062e-01
8.40420053784e-01
8.40213618594e-01
8.40380454468e-01
8.40215456213e-01
8.39461030264e-01
8.40255080281e-01
8.40318166999e-01
8.40921235817e-01
8.40579325747e-01
8.41003216892e-01
8.39340118276e-01
8.40002823470e-01
8.39935837427e-01
8.40806634962e-01
8.39777729824e-01
8.39639752579e-01
8.40159192845e-01
8.40129982834e-01
8.39525806537e-01
8.40813466931e-01
8.39850129535e-01
8.40522726474e-01
8.40378687909e-01
8.40208435489e-01
8.40636153318e-01
8.39520954643e-01
8.41010268493e-01
8.40224753016e-01
8.40409147133e-01
8.41033164863e-01
8.40503667829e-01
8.40746225397e-01
8.39793980004e-01
8.40325169749e-01
8.41247486247e-01
8.41044458819e-01
8.40663439527e-01
8.40668571686e-01
8.40481307566e-01
8.40495030446e-01
8.39673489982e-01
8.39991265579e-01
8.39896540642e-01
8.40155352537e-01
8.40422439618e-01
8.40406375001e-01
8.40546310213e-01
8.39619874894e-01
8.39764675776e-01
8.40970240537e-01
8.40712188139e-01
8.40359746892e-01
8.39956698912e-01
8.41222510534e-01
8.40649693345e-01
8.39218163048e-01
8.39675472684e-01
8.40284268594e-01
8.39472920529e-01
8.40115491877e-01
8.40590479828e-01
8.41253029591e-01
8.38967414503e-01
8.40715117618e-01
8.39741412114e-01
8.40440351223e-01
8.39501038450e-01
8.40737691960e-01
8.40774748816e-01
8.38683268895e-01
8.40131710130e-01
8.40493353326e-01
8.39563299465e-01
8.41057210372e-01
8.40815114527e-01
8.41088195994e-01
8.40912909986e-01
8.39701216030e-01
8.40173388344e-01
8.40718954459e-01
8.40248936084e-01
8.39713519235e-01
8.40630862423e-01
8.40286488728e-01
8.41245112622e-01
8.40613757584e-01
8.40576376784e-01
8.39764041846e-01
8.39661299482e-01
8.40074683684e-01
8.39673938264e-01
8.41020942572e-01
8.39822113502e-01
8.39980450488e-01
8.39062730337e-01
8.39999677472e-01
8.40661906456e-01
8.40064728274e-01
8.39948605194e-01
8.41045454191e-01
8.40525167476e-01
8.40125679985e-01
8.39980750896e-01
8.39866482814e-01
8.39653938302e-01
8.39555739542e-01
8.40426807077e-01
8.38702327450e-01
8.39790402585e-01
8.41054859391e-01
8.40469151075e-01
8.39568773562e-01
8.40367365664e-01
8.40691229784e-01
8.40295202688e-01
8.40253628420e-01
8.39987843989e-01
8.40009407151e-01
8.39612850389e-01
8.39797884254e-01
8.40328480183e-01
8.39908573045e-01
8.40469121685e-01
8.40119583345e-01
8.40277685552e-01
8.39667767851e-01
8.39634474232e-01
8.39555962564e-01
8.40707981246e-01
8.39868680597e-01
8.39662031203e-01
8.39967043152e-01
8.40485540948e-01
8.40978310524e-01
8.40877951708e-01
8.40007541343e-01
8.40434620145e-01
8.39534488711e-01
8.39868821097e-01
8.40729671294e-01
8.40066684856e-01
8.40326183013e-01
8.40203519892e-01