-2.79037002629e+00
-2.78700984608e+00
-2.78750756210e+00
-2.79039290166e+00
-2.78955331818e+00
-2.78881218843e+00
-2.78851166882e+00
-2.78917023627e+00
-2.79035219438e+00
-2.79225296060e+00
-2.78795178587e+00
-2.78922307827e+00
-2.78943484233e+00
-2.78956624630e+00
-2.78667366409e+00
-2.78939953780e+00
-2.79007285725e+00
-2.78852651896e+00
-2.79045610381e+00
-2.78862032517e+00
-2.79180651193e+00
-2.79051203826e+00
-2.78931404071e+00
-2.78949504721e+00
-2.79074559241e+00
-2.78928390889e+00
-2.78947490962e+00
-2.79089771863e+00
-2.78819926722e+00
-2.78974646586e+00
-2.78984600303e+00
-2.78935600543e+00
-2.78716689714e+00
-2.78748553718e+00
-2.79089376785e+00
-2.78971159295e+00
-2.78893457617e+00
-2.79013111489e+00
-2.78564653988e+00
-2.78734688542e+00
-2.78970485693e+00
-2.78933981486e+00
-2.78902458716e+00
-2.78965047730e+00
-2.78972494601e+00
-2.79170544231e+00
-2.79178434118e+00
-2.78954420037e+00
-2.78844574773e+00
-2.78874838995e+00
-2.78721092016e+00
-2.78898241957e+00
-2.78914594193e+00
-2.78826898047e+00
-2.79001706912e+00
-2.79034753229e+00
-2.78928056033e+00
-2.78926940873e+00
-2.78913143898e+00
-2.78861008782e+00
-2.78838969466e+00
-2.78898387241e+00
-2.78561278377e+00
-2.78948223663e+00
-2.78879794208e+00
-2.78847410063e+00
-2.79089982886e+00
-2.78949603402e+00
-2.79048276969e+00
-2.78799023393e+00
-2.79129517053e+00
-2.78896268637e+00
-2.79129744482e+00
-2.79062482905e+00
-2.79011776091e+00
-2.78832591394e+00
-2.78779848728e+00
-2.78887321688e+00
-2.78775649554e+00
-2.78828815511e+00
-2.79055805909e+00
-2.79061985040e+00
-2.78892738993e+00
-2.78913683851e+00
-2.79031732873e+00
-2.78825288334e+00
-2.78777628904e+00
-2.78775283762e+00
-2.78994088398e+00
-2.78937808723e+00
-2.79114581436e+00
-2.78769844115e+00
-2.78881636672e+00
-2.78760129256e+00
-2.78918732984e+00
-2.78846368122e+00
-2.78876289906e+00
-2.79084183814e+00
-2.79019141176e+00
-2.78807873838e+00
-2.79013616815e+00
-2.78908342989e+00
-2.78920333556e+00
-2.79077552181e+00
-2.78864393037e+00
-2.78764759870e+00
-2.79071450032e+00
-2.79034391394e+00
-2.78633283503e+00
-2.78784733974e+00
-2.78737273774e+00
-2.78950521633e+00
-2.79094960638e+00
-2.78826375984e+00
-2.78925221064e+00
-2.78901426599e+00
-2.79074258151e+00
-2.79071085366e+00
-2.78836192115e+00
-2.78991135673e+00
-2.78980435472e+00
-2.78883786503e+00
-2.78948611996e+00
-2.79246942562e+00
-2.78747687641e+00
-2.78927409271e+00
-2.79041796926e+00
-2.78940063011e+00
-2.78928755349e+00
-2.78703347228e+00
-2.78954331161e+00
-2.78986914380e+00
-2.78870869363e+00
-2.78937284898e+00
-2.78894739555e+00
-2.78739612838e+00
-2.78960817123e+00
-2.78806147354e+00
-2.78886679003e+00
-2.78765210142e+00
-2.78920632688e+00
-2.78698781816e+00
-2.78940145480e+00
-2.79021451250e+00
-2.78804405932e+00
-2.78965803606e+00
-2.78956811128e+00
-2.79229002795e+00
-2.78943356828e+00
-2.78904809575e+00
-2.79143161987e+00
-2.78855272067e+00
-2.78827619782e+00
-2.78846506895e+00
-2.78966200604e+00
-2.78878768486e+00
-2.78993366436e+00
-2.78715989019e+00
-2.78876420095e+00
-2.79009641372e+00
-2.78946858296e+00
-2.79011365813e+00
-2.78910676707e+00
-2.79100429449e+00
-2.78999814446e+00
-2.78897036931e+00
-2.79047760665e+00
-2.78891406657e+00
-2.78569359296e+00
-2.79081795100e+00
-2.78927343730e+00
-2.78775042215e+00
-2.78867838881e+00
-2.78866086622e+00
-2.78832165247e+00
-2.78987907738e+00
-2.78995827980e+00
-2.79042721427e+00
-2.78841481460e+00
-2.78868444094e+00
-2.79088752532e+00
-2.78972006915e+00
-2.78932648377e+00
-2.78880805974e+00
-2.79069510299e+00
-2.78747788836e+00
-2.78721670944e+00
-2.78958215856e+00
-2.78849321482e+00
-2.78762455451e+00
-2.78731837806e+00
-2.78726603651e+00
-2.78826147868e+00
-2.78916543598e+00
-2.79035156629e+00
-2.78656032287e+00
-2.78937291497e+00
-2.78886164546e+00
-2.78951574668e+00
-2.78927360604e+00
-2.78979985041e+00
-2.78674562958e+00
-2.78925039783e+00
-2.78871739030e+00
-2.79085496523e+00
-2.78710345051e+00
-2.78941583390e+00
-2.79124976302e+00
-2.78818209720e+00
-2.78941366141e+00
-2.79129714982e+00
-2.78809163477e+00
-2.78977236730e+00
-2.78765006173e+00
-2.79132039783e+00
-2.78967378427e+00
-2.78898466328e+00
-2.78999531893e+00
-2.79008903660e+00
-2.78888018008e+00
-2.78948250761e+00
-2.78757276613e+00
-2.78948508714e+00
-2.78832673102e+00
-2.78848897230e+00
-2.78823024371e+00
-2.78710104820e+00
-2.78860547214e+00
-2.78923804055e+00
-2.78972273529e+00
-2.78760944098e+00
-2.78764728260e+00
-2.78966520428e+00
-2.78877986418e+00
-2.78926452823e+00
-2.78929696624e+00
-2.78862681422e+00
-2.79026386197e+00
-2.79010972349e+00
-2.78949210706e+00
-2.79054610513e+00
-2.78974140370e+00
-2.78820467053e+00
-2.78930787329e+00
-2.79116722976e+00
-2.79077917096e+00
-2.78904390105e+00
-2.78834966844e+00
-2.79060377037e+00
-2.79148598971e+00
-2.79058190772e+00
-2.78807976264e+00
-2.78961000521e+00
-2.78987374486e+00
-2.78871243563e+00
-2.78886853869e+00
-2.79004145034e+00
-2.78763939812e+00
-2.78952419301e+00
-2.79106189531e+00
-2.79256097054e+00
-2.78955334120e+00
-2.78890106441e+00
-2.79152958373e+00
-2.78727299164e+00
-2.78700622814e+00
-2.78693243721e+00
-2.78956318900e+00
-2.78819892211e+00
-2.78887284934e+00
-2.78778512901e+00
-2.78660561814e+00
-2.78794318107e+00
-2.79041606216e+00
-2.78763715708e+00
-2.78802340118e+00
-2.78999645407e+00
-2.78873132083e+00
-2.79016433865e+00
-2.79007182564e+00
-2.79096991471e+00
-2.78982268021e+00
-2.78997775799e+00
-2.78956795388e+00
-2.79003139413e+00
-2.79246639196e+00
-2.78968340153e+00
-2.78946554048e+00
-2.79056611040e+00
-2.78955844325e+00
-2.78870200517e+00
-2.78950129621e+00
-2.78862389662e+00
-2.78912316496e+00
-2.78780451098e+00
-2.78821233661e+00
-2.78716774829e+00
-2.78930751837e+00
-2.78965040294e+00
-2.79077671407e+00
-2.78963039981e+00
-2.78879552580e+00
-2.78747369802e+00
-2.79107664532e+00
-2.78650565148e+00
-2.78787786672e+00
-2.78925583158e+00
-2.78909928775e+00
-2.78853034690e+00
-2.79035995128e+00
-2.78727226892e+00
-2.79091485411e+00
-2.78667470185e+00
-2.78928299933e+00
-2.78855046238e+00
-2.78926976958e+00
-2.78943609498e+00
-2.79020119218e+00
-2.78816716221e+00
-2.79020529692e+00
-2.79075368464e+00
-2.78696961621e+00
-2.78974353063e+00
-2.79058947236e+00
-2.79133237029e+00
-2.78752386439e+00
-2.78828599433e+00
-2.78926126392e+00
-2.79060951285e+00
-2.78957063615e+00
-2.79013933503e+00
-2.78962781165e+00
-2.78787807656e+00
-2.78835973683e+00
-2.78665411919e+00
-2.78752275141e+00
-2.78968511846e+00
-2.78851387815e+00
-2.79019427064e+00
-2.78962671914e+00
-2.78940229854e+00
-2.78819416149e+00
-2.78925130235e+00
-2.78955079874e+00
-2.78990623675e+00
-2.78971139562e+00
-2.79080701618e+00
-2.78890505462e+00
-2.78901027778e+00
-2.78850197484e+00
-2.78938482751e+00
-2.78928127361e+00
-2.78836138080e+00
-2.79100858216e+00
-2.78967912293e+00
-2.78907734030e+00
-2.79123692995e+00
-2.79046274552e+00
-2.79010963267e+00
-2.78823417732e+00
-2.78767153048e+00
-2.79030346211e+00
-2.79001308758e+00
-2.78788682184e+00
-2.79019654285e+00
-2.78856116585e+00
-2.78728551489e+00
-2.78960045440e+00
-2.78888936728e+00
-2.78914889646e+00
-2.78987825367e+00
-2.79309218358e+00
-2.78918275005e+00
-2.78993982824e+00
-2.79055845120e+00
-2.78871496567e+00
-2.79084357850e+00
-2.78910779042e+00
-2.78837442718e+00
-2.78714402548e+00
-2.79000046820e+00
-2.78827279617e+00
-2.78757120728e+00
-2.78820757333e+00
-2.78733578798e+00
-2.78850630627e+00
-2.78991904090e+00
-2.78929401733e+00
-2.78981109938e+00
-2.79220316922e+00
-2.78807932282e+00
-2.78795857359e+00
-2.79053891175e+00
-2.79023675233e+00
-2.79087986007e+00
-2.79133682484e+00
-2.78983241656e+00
-2.78827684263e+00
-2.78963289875e+00
-2.78867115809e+00
-2.78802752815e+00
-2.78991060416e+00
-2.78748936577e+00
-2.78900067468e+00
-2.78900543882e+00
-2.78858915246e+00
-2.79039028034e+00
-2.78702828766e+00
-2.78975044002e+00
-2.78758100627e+00
-2.78722174689e+00
-2.78629105429e+00
-2.78903355463e+00
-2.78825345554e+00
-2.78461318438e+00
-2.79004305306e+00
-2.79014248645e+00
-2.78817012338e+00
-2.78874512440e+00
-2.79025843983e+00
-2.78781516172e+00
-2.78720476363e+00
-2.78716968844e+00
-2.78954875040e+00
-2.78831318809e+00
-2.78989711492e+00
-2.78981054235e+00
-2.78834045903e+00
-2.79012598054e+00
-2.78980929612e+00
-2.78827161871e+00
-2.78808726181e+00
-2.78702685069e+00
-2.79047147253e+00
-2.78630078736e+00
-2.78925548481e+00
-2.78826859402e+00
-2.78937879364e+00
-2.78962077093e+00
-2.78817356111e+00
-2.78934375273e+00
-2.78969427203e+00
-2.79038379993e+00
-2.78933299841e+00
-2.78984139342e+00
-2.79192845339e+00
-2.79032919679e+00
-2.79046349768e+00
-2.78967164410e+00
-2.78963936764e+00
-2.78876623758e+00
-2.78957012533e+00
-2.79011697026e+00
-2.78904138347e+00
-2.78903669247e+00
-2.78899417783e+00
-2.78991088542e+00
-2.78884393359e+00
-2.79085625986e+00
-2.78761871440e+00
-2.78982067741e+00
-2.79132653095e+00
-2.78860192036e+00
-2.78984825189e+00
-2.79008589740e+00
-2.78824863168e+00
-2.78798041262e+00
-2.79016039517e+00
-2.79087622146e+00
-2.78861155463e+00
-2.78780358471e+00
-2.79110500275e+00
-2.78805513306e+00
-2.79120563456e+00
-2.78757610450e+00
-2.79028817583e+00
-2.79152919441e+00
-2.78976428984e+00
-2.78779776338e+00
-2.78963119070e+00
-2.78879017961e+00
-2.78912470676e+00
-2.79058293759e+00
-2.78915189171e+00
-2.78766638456e+00
-2.78984560334e+00
-2.78913139788e+00
-2.79091793612e+00
-2.78938508188e+00
-2.78973862262e+00
-2.78864550964e+00
-2.78818747874e+00
-2.79111773738e+00
-2.79082069177e+00
-2.79225191542e+00
-2.78871119043e+00
-2.78933215314e+00
-2.79017751966e+00
-2.78968924728e+00
-2.78723124392e+00
-2.78916005085e+00