-4.96765255354e+00
-4.96392066707e+00
-4.96406956442e+00
-4.96937240953e+00
-4.96625814141e+00
-4.96501380602e+00
-4.96417239421e+00
-4.96675417531e+00
-4.96830326783e+00
-4.96984224891e+00
-4.96455449749e+00
-4.96587675303e+00
-4.96794700931e+00
-4.96692413380e+00
-4.96347320000e+00
-4.96565158410e+00
-4.96720702271e+00
-4.96483493084e+00
-4.96782034290e+00
-4.96733139787e+00
-4.97069174297e+00
-4.96886789131e+00
-4.96744941099e+00
-4.96719499085e+00
-4.96948465117e+00
-4.96659517703e+00
-4.96835666858e+00
-4.96760767348e+00
-4.96422960595e+00
-4.96772326099e+00
-4.96710908580e+00
-4.96585299667e+00
-4.96458513973e+00
-4.96391066306e+00
-4.96891087035e+00
-4.96850489890e+00
-4.96604568550e+00
-4.96861300936e+00
-4.96026150398e+00
-4.96168448569e+00
-4.96836640058e+00
-4.96645760830e+00
-4.96620903170e+00
-4.96603823388e+00
-4.96867753857e+00
-4.97097840656e+00
-4.96969961188e+00
-4.96679930589e+00
-4.96499561164e+00
-4.96424698543e+00
-4.96152605387e+00
-4.96733825653e+00
-4.96616501631e+00
-4.96492964325e+00
-4.96727590703e+00
-4.96911483899e+00
-4.96515810421e+00
-4.96542233532e+00
-4.96719162523e+00
-4.96738633858e+00
-4.96495449258e+00
-4.96654404191e+00
-4.96107802859e+00
-4.96627487959e+00
-4.96645860739e+00
-4.96364287136e+00
-4.96740222050e+00
-4.96584004788e+00
-4.97010650677e+00
-4.96271588648e+00
-4.96702107659e+00
-4.96720451107e+00
-4.97051350317e+00
-4.96984132354e+00
-4.96781105000e+00
-4.96360601540e+00
-4.96423969745e+00
-4.96514994080e+00
-4.96429524737e+00
-4.96611450747e+00
-4.96766237438e+00
-4.96842459704e+00
-4.96637684989e+00
-4.96431007261e+00
-4.96923125290e+00
-4.96536172228e+00
-4.96438106527e+00
-4.96572781079e+00
-4.96595019743e+00
-4.96762581070e+00
-4.96788716001e+00
-4.96482639784e+00
-4.96512228665e+00
-4.96357288691e+00
-4.96676301049e+00
-4.96548559614e+00
-4.96538465449e+00
-4.96622028967e+00
-4.97174810424e+00
-4.96249445274e+00
-4.96852674539e+00
-4.96535489896e+00
-4.96829379242e+00
-4.96767955113e+00
-4.96334644703e+00
-4.96389046524e+00
-4.97036161171e+00
-4.96865238836e+00
-4.96226552167e+00
-4.96614932557e+00
-4.96255332594e+00
-4.96652911904e+00
-4.96900880831e+00
-4.96479498052e+00
-4.96634852579e+00
-4.96538117415e+00
-4.96850099913e+00
-4.96884238326e+00
-4.96515448534e+00
-4.96610475967e+00
-4.96851507435e+00
-4.96699252397e+00
-4.96682486651e+00
-4.97102614839e+00
-4.96190915046e+00
-4.96607454358e+00
-4.96844233865e+00
-4.96686241655e+00
-4.96552214975e+00
-4.96364761075e+00
-4.96504464778e+00
-4.96537580700e+00
-4.96504309261e+00
-4.96849256938e+00
-4.96682891132e+00
-4.96460437501e+00
-4.96595449907e+00
-4.96248997292e+00
-4.96746774811e+00
-4.96354967248e+00
-4.96636325390e+00
-4.96292713013e+00
-4.96737199613e+00
-4.96793844585e+00
-4.96347063479e+00
-4.96786925867e+00
-4.96678477609e+00
-4.97030232498e+00
-4.96861420434e+00
-4.96623724868e+00
-4.96905020825e+00
-4.96618929813e+00
-4.96779030224e+00
-4.96607331653e+00
-4.96830759053e+00
-4.96693221451e+00
-4.96652612222e+00
-4.96508495576e+00
-4.96684565257e+00
-4.96569538859e+00
-4.96830723561e+00
-4.96757983298e+00
-4.96589655709e+00
-4.97049568510e+00
-4.96654178491e+00
-4.96569315277e+00
-4.96906889716e+00
-4.96454321691e+00
-4.96181436167e+00
-4.96833927538e+00
-4.96663756232e+00
-4.96507322093e+00
-4.96408664405e+00
-4.96641151946e+00
-4.96532802907e+00
-4.96701057661e+00
-4.96736784663e+00
-4.96818187837e+00
-4.96703681236e+00
-4.96566395187e+00
-4.96837818216e+00
-4.96681289837e+00
-4.96769747255e+00
-4.96661521308e+00
-4.96718309479e+00
-4.96487165398e+00
-4.96287886124e+00
-4.96525540144e+00
-4.96460668650e+00
-4.96331166017e+00
-4.96348276281e+00
-4.96123330888e+00
-4.96690304200e+00
-4.96701894549e+00
-4.96645052896e+00
-4.96139689787e+00
-4.96526542413e+00
-4.96573248965e+00
-4.96702855729e+00
-4.96714795734e+00
-4.96634636376e+00
-4.96423208322e+00
-4.96498343527e+00
-4.96543507547e+00
-4.97021299593e+00
-4.96165482339e+00
-4.96609206539e+00
-4.96873122611e+00
-4.96268054739e+00
-4.96593994449e+00
-4.96754751649e+00
-4.96523740145e+00
-4.96584219162e+00
-4.96471469998e+00
-4.96915637003e+00
-4.96858506591e+00
-4.96556274921e+00
-4.96790841884e+00
-4.96777444340e+00
-4.96667989682e+00
-4.96832765092e+00
-4.96695606786e+00
-4.96575445698e+00
-4.96381291054e+00
-4.96567609158e+00
-4.96600211626e+00
-4.96285942218e+00
-4.96594338485e+00
-4.96678101219e+00
-4.96859237487e+00
-4.96283580570e+00
-4.96337357267e+00
-4.96813594600e+00
-4.96848004992e+00
-4.96527851524e+00
-4.96381090208e+00
-4.96548486733e+00
-4.96705439058e+00
-4.96900186724e+00
-4.96499101947e+00
-4.96692768768e+00
-4.96765402469e+00
-4.96365484334e+00
-4.96753744641e+00
-4.96872649135e+00
-4.96787274936e+00
-4.96766563184e+00
-4.96696231551e+00
-4.96871406334e+00
-4.96938188652e+00
-4.96961711177e+00
-4.96413848557e+00
-4.96699980824e+00
-4.96724222383e+00
-4.96646222204e+00
-4.96807959906e+00
-4.96939931472e+00
-4.96383231739e+00
-4.96875578191e+00
-4.96964574132e+00
-4.97206485703e+00
-4.96685664032e+00
-4.96721223571e+00
-4.97061573548e+00
-4.96257887357e+00
-4.96504145606e+00
-4.96190567467e+00
-4.96605715554e+00
-4.96492224633e+00
-4.96563737848e+00
-4.96292204109e+00
-4.96406168389e+00
-4.96237817469e+00
-4.96826170334e+00
-4.96313985631e+00
-4.96506433381e+00
-4.96661751451e+00
-4.96736788663e+00
-4.96850241754e+00
-4.96781857971e+00
-4.96834897728e+00
-4.96718484240e+00
-4.96652498958e+00
-4.96645189641e+00
-4.96969808162e+00
-4.97153008069e+00
-4.96674393517e+00
-4.96667014767e+00
-4.96754663088e+00
-4.96652193288e+00
-4.96505544428e+00
-4.96883253077e+00
-4.96573453418e+00
-4.96585703844e+00
-4.96417895641e+00
-4.96348308527e+00
-4.96348020549e+00
-4.96625701903e+00
-4.96875991910e+00
-4.97022737291e+00
-4.96784119209e+00
-4.96636802877e+00
-4.96472529176e+00
-4.96920686850e+00
-4.96168766063e+00
-4.96645463529e+00
-4.96481851970e+00
-4.96535215550e+00
-4.96631534287e+00
-4.96949446243e+00
-4.96320883283e+00
-4.96784747139e+00
-4.96248238629e+00
-4.96600746034e+00
-4.96368589995e+00
-4.96541596253e+00
-4.96762552594e+00
-4.96794890006e+00
-4.96520754776e+00
-4.96769361923e+00
-4.96718639461e+00
-4.96309514178e+00
-4.96671734430e+00
-4.96941507068e+00
-4.97085736200e+00
-4.96557887873e+00
-4.96461938671e+00
-4.96742557330e+00
-4.96926762196e+00
-4.96635277051e+00
-4.96663775730e+00
-4.96663723281e+00
-4.96473612970e+00
-4.96587340017e+00
-4.96163100660e+00
-4.96258722880e+00
-4.96524350478e+00
-4.96516404061e+00
-4.96852951219e+00
-4.96628744067e+00
-4.96600736962e+00
-4.96464503783e+00
-4.96543204341e+00
-4.96671935651e+00
-4.96816032416e+00
-4.96731959084e+00
-4.96908829146e+00
-4.96740806600e+00
-4.96617917647e+00
-4.96746976704e+00
-4.96727418025e+00
-4.96719111981e+00
-4.96459566772e+00
-4.96933870872e+00
-4.96828715598e+00
-4.96808798621e+00
-4.97036218865e+00
-4.96838075424e+00
-4.96774111865e+00
-4.96674250403e+00
-4.96586894050e+00
-4.96597513742e+00
-4.96720649583e+00
-4.96478062764e+00
-4.96784071030e+00
-4.96559596041e+00
-4.96348544876e+00
-4.96670029303e+00
-4.96443507684e+00
-4.96540049803e+00
-4.96631734947e+00
-4.97212217791e+00
-4.96690768405e+00
-4.96624948893e+00
-4.97014184289e+00
-4.96571561975e+00
-4.96862888474e+00
-4.96521509935e+00
-4.96475289926e+00
-4.96306408036e+00
-4.96765999326e+00
-4.96544764434e+00
-4.96401723815e+00
-4.96404995235e+00
-4.96311060816e+00
-4.96523723837e+00
-4.96685773704e+00
-4.96605808292e+00
-4.96697487317e+00
-4.97045254059e+00
-4.96436036993e+00
-4.96452385024e+00
-4.96604215667e+00
-4.96702296993e+00
-4.96954163849e+00
-4.97007987057e+00
-4.96700762828e+00
-4.96765082630e+00
-4.96621451175e+00
-4.96621953236e+00
-4.96346651640e+00
-4.96668405717e+00
-4.96400510358e+00
-4.96306298180e+00
-4.96430693203e+00
-4.96380268819e+00
-4.96608906597e+00
-4.96375336688e+00
-4.96834785962e+00
-4.96428124085e+00
-4.96350965560e+00
-4.96113134396e+00
-4.96565330004e+00
-4.96298355113e+00
-4.95880847233e+00
-4.96759086377e+00
-4.96854662119e+00
-4.96427420624e+00
-4.96556789361e+00
-4.96739742862e+00
-4.96356236656e+00
-4.96414866621e+00
-4.96321994061e+00
-4.96532544518e+00
-4.96570857593e+00
-4.96731296962e+00
-4.96812630089e+00
-4.96687329405e+00
-4.96944347375e+00
-4.96839227964e+00
-4.96665093301e+00
-4.96456075086e+00
-4.96359100895e+00
-4.96595274522e+00
-4.96321493164e+00
-4.96583987730e+00
-4.96701681609e+00
-4.96429721448e+00
-4.96603895592e+00
-4.96489392163e+00
-4.96634934487e+00
-4.96626585487e+00
-4.96918196571e+00
-4.96545808245e+00
-4.96691943676e+00
-4.97111805362e+00
-4.96630562660e+00
-4.96845326546e+00
-4.96643791877e+00
-4.96881831087e+00
-4.96567898114e+00
-4.96607264620e+00
-4.96776850828e+00
-4.96888043182e+00
-4.96835380750e+00
-4.96808749240e+00
-4.96799592790e+00
-4.96515491155e+00
-4.96990869846e+00
-4.96268552061e+00
-4.96780283953e+00
-4.96939256965e+00
-4.96545760474e+00
-4.96782814763e+00
-4.96621287908e+00
-4.96379471176e+00
-4.96664197615e+00
-4.96771340022e+00
-4.97156167080e+00
-4.96596762929e+00
-4.96592395614e+00
-4.96948750969e+00
-4.96487910287e+00
-4.96878086411e+00
-4.96457700436e+00
-4.96808759688e+00
-4.96983620073e+00
-4.96590384147e+00
-4.96480291159e+00
-4.96677770594e+00
-4.96541393521e+00
-4.96821759461e+00
-4.96984594953e+00
-4.96832938571e+00
-4.96382790218e+00
-4.96616676451e+00
-4.96723990386e+00
-4.97080173603e+00
-4.96754474529e+00
-4.96784390916e+00
-4.96571445167e+00
-4.96639310393e+00
-4.96899349036e+00
-4.96904167867e+00
-4.97309067350e+00
-4.96679848136e+00
-4.96710040829e+00
-4.96919310905e+00
-4.96698554556e+00
-4.96335781680e+00
-4.96635877393e+00