-6.93330659010e+00
-6.92996018432e+00
-6.93468936243e+00
-6.93779890422e+00
-6.93345421575e+00
-6.93553203357e+00
-6.93739952093e+00
-6.93387752289e+00
-6.93721908021e+00
-6.93673354912e+00
-6.93160765808e+00
-6.93459141925e+00
-6.93266164721e+00
-6.93577398284e+00
-6.93143746446e+00
-6.93631065906e+00
-6.93879077238e+00
-6.93253963940e+00
-6.93427918124e+00
-6.93499776313e+00
-6.93912319289e+00
-6.93744173301e+00
-6.93564721806e+00
-6.93386054508e+00
-6.93480646429e+00
-6.93456352902e+00
-6.93986735326e+00
-6.93795738132e+00
-6.93395060965e+00
-6.93469914299e+00
-6.93520910728e+00
-6.93266171726e+00
-6.93427464712e+00
-6.93696472355e+00
-6.93622264466e+00
-6.93822837577e+00
-6.93459955650e+00
-6.93463516837e+00
-6.93545778923e+00
-6.93471798553e+00
-6.93284446194e+00
-6.93769231705e+00
-6.93432037194e+00
-6.93466753314e+00
-6.93541565859e+00
-6.93520782966e+00
-6.94118071029e+00
-6.93380603073e+00
-6.93660010341e+00
-6.93273909161e+00
-6.92946193500e+00
-6.93665814664e+00
-6.93341881298e+00
-6.93182505850e+00
-6.93428766339e+00
-6.93606059525e+00
-6.93477312135e+00
-6.93665167090e+00
-6.93676680498e+00
-6.93504840665e+00
-6.93387353079e+00
-6.93180622023e+00
-6.93458983203e+00
-6.93166274023e+00
-6.93859480862e+00
-6.93365614160e+00
-6.93102716762e+00
-6.93159135302e+00
-6.93610007553e+00
-6.92901423130e+00
-6.93619702817e+00
-6.93621261849e+00
-6.93680695699e+00
-6.93482429461e+00
-6.93481480494e+00
-6.93133264040e+00
-6.93585931504e+00
-6.93513815563e+00
-6.93604214698e+00
-6.93464602882e+00
-6.93565005384e+00
-6.93474892952e+00
-6.93971498192e+00
-6.93535325601e+00
-6.93338451778e+00
-6.93394030969e+00
-6.93631700546e+00
-6.93196343807e+00
-6.93343611750e+00
-6.93891712215e+00
-6.93381273277e+00
-6.93382822706e+00
-6.93361888117e+00
-6.93184103840e+00
-6.93821938588e+00
-6.93206876582e+00
-6.93308904945e+00
-6.93336863437e+00
-6.93854431505e+00
-6.93180831190e+00
-6.93810014072e+00
-6.93251303457e+00
-6.93643414860e+00
-6.93932588578e+00
-6.93562766507e+00
-6.93006199223e+00
-6.93889279996e+00
-6.93746068923e+00
-6.93589494835e+00
-6.93179414462e+00
-6.93346365913e+00
-6.93614808650e+00
-6.93494804493e+00
-6.93137403550e+00
-6.94227614026e+00
-6.93317641003e+00
-6.93938334749e+00
-6.93524442430e+00
-6.92874844681e+00
-6.93655461502e+00
-6.93437722563e+00
-6.93247860579e+00
-6.93556577792e+00
-6.93659250745e+00
-6.92821063288e+00
-6.93239264148e+00
-6.93598930848e+00
-6.93467374072e+00
-6.93683723268e+00
-6.93314111560e+00
-6.93273273518e+00
-6.93368412466e+00
-6.93385710980e+00
-6.93846377841e+00
-6.93316865815e+00
-6.93304415413e+00
-6.93318678745e+00
-6.93378195061e+00
-6.93707013430e+00
-6.93173717280e+00
-6.93537286181e+00
-6.93562965666e+00
-6.93896315215e+00
-6.93417861218e+00
-6.93104894309e+00
-6.93830715826e+00
-6.93308479212e+00
-6.93437065118e+00
-6.93438495954e+00
-6.93148933986e+00
-6.94062385205e+00
-6.93567101811e+00
-6.93449432473e+00
-6.93656603370e+00
-6.93449797094e+00
-6.93254632642e+00
-6.93148940780e+00
-6.93637211283e+00
-6.93716875126e+00
-6.93271155740e+00
-6.93393251715e+00
-6.93427840011e+00
-6.93219307755e+00
-6.93833550702e+00
-6.93622651294e+00
-6.93688043208e+00
-6.93762770575e+00
-6.93334433567e+00
-6.93476078985e+00
-6.93851178664e+00
-6.93271123488e+00
-6.93271850060e+00
-6.93447108472e+00
-6.93315137340e+00
-6.93360941713e+00
-6.93613987517e+00
-6.93698675519e+00
-6.93242136229e+00
-6.93602850134e+00
-6.93523252522e+00
-6.93370076260e+00
-6.93377436858e+00
-6.94184492214e+00
-6.93099345831e+00
-6.93564255708e+00
-6.93676585291e+00
-6.92729950521e+00
-6.93475969712e+00
-6.93357413815e+00
-6.93798135321e+00
-6.93198823130e+00
-6.93603482780e+00
-6.93427550397e+00
-6.93805952118e+00
-6.93606708696e+00
-6.93173441121e+00
-6.92867190854e+00
-6.93497315301e+00
-6.93722839469e+00
-6.93184921355e+00
-6.93341174931e+00
-6.93747757090e+00
-6.93244686432e+00
-6.93979174824e+00
-6.93511370141e+00
-6.92674012951e+00
-6.93545017682e+00
-6.93206292807e+00
-6.93300290847e+00
-6.93339867193e+00
-6.93215081755e+00
-6.93284033383e+00
-6.93669303928e+00
-6.93255052401e+00
-6.93335761585e+00
-6.93725261266e+00
-6.93427895919e+00
-6.93518215335e+00
-6.93926373784e+00
-6.93469779955e+00
-6.93467512497e+00
-6.93248684127e+00
-6.93006852777e+00
-6.93161889281e+00
-6.93081512788e+00
-6.93162649179e+00
-6.93031718874e+00
-6.92981543423e+00
-6.93815190788e+00
-6.93198734955e+00
-6.92845069409e+00
-6.93014976067e+00
-6.92976451145e+00
-6.93701055238e+00
-6.93385635917e+00
-6.93390292151e+00
-6.93789500805e+00
-6.93858864356e+00
-6.93283824129e+00
-6.93470308984e+00
-6.93586200968e+00
-6.93887781728e+00
-6.93132709213e+00
-6.93666581284e+00
-6.93826077486e+00
-6.93967992119e+00
-6.93395038716e+00
-6.93562681414e+00
-6.93751163977e+00
-6.93566408193e+00
-6.93781063254e+00
-6.93408613164e+00
-6.93377196175e+00
-6.93379600024e+00
-6.93493670903e+00
-6.93421685827e+00
-6.93962896004e+00
-6.93363750366e+00
-6.93506341824e+00
-6.93518142972e+00
-6.93487212896e+00
-6.93730658439e+00
-6.93324958471e+00
-6.93438864815e+00
-6.93568686296e+00
-6.92996602863e+00
-6.93485585407e+00
-6.93675499585e+00
-6.92958452322e+00
-6.93475644542e+00
-6.93305667762e+00
-6.93443765899e+00
-6.92944797034e+00
-6.93417677958e+00
-6.93370083808e+00
-6.93338191166e+00
-6.93465665579e+00
-6.93557618251e+00
-6.93456957784e+00
-6.93462550628e+00
-6.93560015052e+00
-6.93269543387e+00
-6.93476960767e+00
-6.93570437152e+00
-6.93451248069e+00
-6.93596950248e+00
-6.93299989905e+00
-6.93987243787e+00
-6.93198494142e+00
-6.93030546085e+00
-6.93131720450e+00
-6.93124344666e+00
-6.93607213352e+00
-6.93510620296e+00
-6.93311376121e+00
-6.93691240555e+00
-6.93568947683e+00
-6.93446493368e+00
-6.93539210770e+00
-6.93903951673e+00
-6.93611026718e+00
-6.93285322668e+00
-6.93805804903e+00
-6.93834799071e+00
-6.93178153636e+00
-6.93033871000e+00
-6.93520460979e+00
-6.93434864897e+00
-6.93623036370e+00
-6.93660348435e+00
-6.93118720348e+00
-6.93470752587e+00
-6.93280906261e+00
-6.93582390650e+00
-6.93687207505e+00
-6.93413601815e+00
-6.93534432792e+00
-6.93513914592e+00
-6.93143595944e+00
-6.93631537724e+00
-6.93332759475e+00
-6.93078455166e+00
-6.93840940732e+00
-6.93646941285e+00
-6.93949720281e+00
-6.93431301220e+00
-6.93285214847e+00
-6.93690621126e+00
-6.93585280670e+00
-6.94238318540e+00
-6.93912271419e+00
-6.93385032343e+00
-6.93440463950e+00
-6.93517519949e+00
-6.93089158538e+00
-6.93340642848e+00
-6.93344996561e+00
-6.93742379117e+00
-6.93131440829e+00
-6.93411685202e+00
-6.93326937049e+00
-6.93214416429e+00
-6.93840871376e+00
-6.93443365348e+00
-6.93623002510e+00
-6.93482454185e+00
-6.93896699442e+00
-6.93459641755e+00
-6.93704415009e+00
-6.93659633580e+00
-6.93418969491e+00
-6.93708198110e+00
-6.93096495369e+00
-6.93844721003e+00
-6.93432252377e+00
-6.93525371263e+00
-6.93608685488e+00
-6.93663121677e+00
-6.93432833530e+00
-6.93452964545e+00
-6.93425993027e+00
-6.93405016860e+00
-6.93886183045e+00
-6.93009825026e+00
-6.93697997115e+00
-6.93361746804e+00
-6.93686186891e+00
-6.93725927438e+00
-6.93422564496e+00
-6.93123698605e+00
-6.93853464618e+00
-6.93823928866e+00
-6.93421316226e+00
-6.93183495096e+00
-6.94019068399e+00
-6.93395747379e+00
-6.93336605795e+00
-6.93159165766e+00
-6.93523846933e+00
-6.93263133405e+00
-6.93249858248e+00
-6.93497129259e+00
-6.93227162138e+00
-6.93109071547e+00
-6.93157969846e+00
-6.93348929208e+00
-6.93480510228e+00
-6.93366733325e+00
-6.93072026173e+00
-6.93542560970e+00
-6.93546319340e+00
-6.93373979435e+00
-6.93703866620e+00
-6.93142284952e+00
-6.93721086847e+00
-6.94250854106e+00
-6.93322981766e+00
-6.93532969669e+00
-6.93905112253e+00
-6.93880871912e+00
-6.93322608278e+00
-6.93807093554e+00
-6.93528356148e+00
-6.93169863806e+00
-6.93445442650e+00
-6.93962007129e+00
-6.93581491844e+00
-6.93265816850e+00
-6.93762376243e+00
-6.93460004219e+00
-6.93000301006e+00
-6.93200714825e+00
-6.93174793562e+00
-6.93344764845e+00
-6.92774947758e+00
-6.93478981302e+00
-6.93806109581e+00
-6.92975213466e+00
-6.93354004521e+00
-6.93488183058e+00
-6.93308282606e+00
-6.93387602919e+00
-6.93045973869e+00
-6.93668722511e+00
-6.93678833678e+00
-6.93754806307e+00
-6.93186573167e+00
-6.93562517210e+00
-6.93925088201e+00
-6.93720595225e+00
-6.93642107126e+00
-6.93499989345e+00
-6.93214394283e+00
-6.93423604716e+00
-6.93301199982e+00
-6.93559937693e+00
-6.93829510112e+00
-6.93144077910e+00
-6.93287133719e+00
-6.93430865881e+00
-6.93630371428e+00
-6.93346228462e+00
-6.93867317476e+00
-6.93744326827e+00
-6.93444197308e+00
-6.93735754192e+00
-6.93413734145e+00
-6.93349496924e+00
-6.93579920005e+00
-6.93668516748e+00
-6.93390555876e+00
-6.93048290818e+00
-6.93421348934e+00
-6.93523486320e+00
-6.93584736354e+00
-6.93460839613e+00
-6.93571702995e+00
-6.93472180588e+00
-6.93603524073e+00
-6.93680415816e+00
-6.93625439834e+00
-6.93884943168e+00
-6.93547493635e+00
-6.93825406695e+00
-6.93719704426e+00
-6.93528054965e+00
-6.93728136877e+00
-6.93805805406e+00
-6.93539847201e+00
-6.93980159175e+00
-6.93583532916e+00
-6.93741651745e+00
-6.93681932186e+00
-6.93683514632e+00
-6.93294693227e+00
-6.93501140765e+00
-6.93682952498e+00
-6.93473110732e+00
-6.93683661315e+00
-6.93647341756e+00
-6.93434207520e+00
-6.93511502356e+00
-6.93675845606e+00
-6.93450531529e+00
-6.93343799410e+00
-6.93947633231e+00
-6.93598566822e+00
-6.93644969635e+00
-6.93321103018e+00
-6.93316099787e+00
-6.93749364591e+00
-6.93351676468e+00
-6.93292419655e+00
-6.93548137321e+00
-6.93699024448e+00
-6.93769933192e+00
-6.93494368954e+00
-6.93735503318e+00
-6.93743687871e+00
-6.93054878858e+00
-6.93466647340e+00