1.09406457981e+00
1.09406225200e+00
1.09377590701e+00
1.09404431366e+00
1.09425759358e+00
1.09417395555e+00
1.09393240116e+00
1.09426172620e+00
1.09450599782e+00
1.09397847265e+00
1.09430982747e+00
1.09417742294e+00
1.09418925967e+00
1.09442199684e+00
1.09394234285e+00
1.09430846379e+00
1.09384048793e+00
1.09444820241e+00
1.09400088252e+00
1.09468170850e+00
1.09471509820e+00
1.09411392670e+00
1.09444616995e+00
1.09448613630e+00
1.09449753577e+00
1.09393183861e+00
1.09420473306e+00
1.09420840528e+00
1.09441426925e+00
1.09393971491e+00
1.09423966180e+00
1.09386556636e+00
1.09443748163e+00
1.09385245535e+00
1.09444519842e+00
1.09439740543e+00
1.09384319502e+00
1.09466771890e+00
1.09406671577e+00
1.09417326906e+00
1.09403299017e+00
1.09412058706e+00
1.09460268910e+00
1.09407376009e+00
1.09383695558e+00
1.09383560415e+00
1.09427985011e+00
1.09364292908e+00
1.09421064545e+00
1.09461053821e+00
1.09477098749e+00
1.09401734921e+00
1.09432071715e+00
1.09389675465e+00
1.09418435024e+00
1.09374913840e+00
1.09400910017e+00
1.09466120689e+00
1.09437957400e+00
1.09425280827e+00
1.09421296772e+00
1.09412474541e+00
1.09331194406e+00
1.09421861726e+00
1.09408836257e+00
1.09442781972e+00
1.09441186276e+00
1.09415877300e+00
1.09435892601e+00
1.09404281376e+00
1.09415935149e+00
1.09427675571e+00
1.09377463706e+00
1.09402119750e+00
1.09415430149e+00
1.09436093092e+00
1.09438589992e+00
1.09410630947e+00
1.09444487031e+00
1.09431358773e+00
1.09381443837e+00
1.09424345242e+00
1.09421050925e+00
1.09391888858e+00
1.09344125551e+00
1.09426779562e+00
1.09425992816e+00
1.09365812198e+00
1.09383183578e+00
1.09399279642e+00
1.09462375447e+00
1.09404453803e+00
1.09401036794e+00
1.09441526254e+00
1.09389011171e+00
1.09401309344e+00
1.09425910023e+00
1.09449055761e+00
1.09404996649e+00
1.09424756904e+00
1.09406040430e+00
1.09433143042e+00
1.09471755410e+00
1.09410342829e+00
1.09389569944e+00
1.09401855139e+00
1.09424186852e+00
1.09420270005e+00
1.09429673483e+00
1.09394642260e+00
1.09396300660e+00
1.09458342647e+00
1.09368541314e+00
1.09375968740e+00
1.09448017180e+00
1.09420696294e+00
1.09461451108e+00
1.09459338077e+00
1.09369926074e+00
1.09435194870e+00
1.09412205399e+00
1.09437379869e+00
1.09435358604e+00
1.09438018951e+00
1.09478836786e+00
1.09417404097e+00
1.09443615127e+00
1.09427137870e+00
1.09418956689e+00
1.09401756027e+00
1.09476952656e+00
1.09407205391e+00
1.09394707621e+00
1.09352559095e+00
1.09402313048e+00
1.09467368753e+00
1.09407876275e+00
1.09415324472e+00
1.09369806651e+00
1.09498886868e+00
1.09433003974e+00
1.09448564510e+00
1.09458367110e+00
1.09407513731e+00
1.09416878298e+00
1.09431711513e+00
1.09380515051e+00
1.09396769229e+00
1.09417963119e+00
1.09443448442e+00
1.09374606090e+00
1.09427429882e+00
1.09438221087e+00
1.09435964126e+00
1.09380171742e+00
1.09448303793e+00
1.09441798013e+00
1.09420764854e+00
1.09441401755e+00
1.09412137553e+00
1.09446431238e+00
1.09414655181e+00
1.09436599854e+00
1.09492934680e+00
1.09491893346e+00
1.09406868960e+00
1.09431960861e+00
1.09412263042e+00
1.09469137071e+00
1.09426220805e+00
1.09426402671e+00
1.09410810052e+00
1.09433920756e+00
1.09424999866e+00
1.09402750739e+00
1.09419773473e+00
1.09369444608e+00
1.09417470068e+00
1.09411448697e+00
1.09362066094e+00
1.09392716903e+00
1.09447675064e+00
1.09493357953e+00
1.09488753388e+00
1.09396424333e+00
1.09430859501e+00
1.09410376564e+00
1.09425187297e+00
1.09411827407e+00
1.09383577191e+00
1.09399559795e+00
1.09409671468e+00
1.09401532645e+00
1.09450661815e+00
1.09380661869e+00
1.09459817210e+00
1.09471313636e+00
1.09419567073e+00
1.09372140637e+00
1.09437186848e+00
1.09442144465e+00
1.09392883223e+00
1.09406197897e+00
1.09424065509e+00
1.09403022093e+00
1.09400713649e+00
1.09447845888e+00
1.09409899432e+00
1.09445796024e+00
1.09413578317e+00
1.09401418161e+00
1.09390301226e+00
1.09440619817e+00
1.09407061091e+00
1.09453744266e+00
1.09364795216e+00
1.09415497363e+00
1.09417672215e+00
1.09390636053e+00
1.09451992231e+00
1.09430873054e+00
1.09444313557e+00
1.09415612469e+00
1.09370873997e+00
1.09392105340e+00
1.09408567725e+00
1.09411889301e+00
1.09427687726e+00
1.09420241650e+00
1.09408672661e+00
1.09407678314e+00
1.09452284427e+00
1.09432803450e+00
1.09365812947e+00
1.09402180615e+00
1.09416027420e+00
1.09417049068e+00
1.09425840394e+00
1.09429155419e+00
1.09390381927e+00
1.09432564584e+00
1.09420375220e+00
1.09403265839e+00
1.09395694378e+00
1.09410042632e+00
1.09420824560e+00
1.09419959880e+00
1.09437013087e+00
1.09383005741e+00
1.09393655172e+00
1.09405387883e+00
1.09453539567e+00
1.09438061396e+00
1.09407430070e+00
1.09422101890e+00
1.09436637192e+00
1.09394227548e+00
1.09362759106e+00
1.09426177897e+00
1.09420024042e+00
1.09397728674e+00
1.09433299877e+00
1.09391077646e+00
1.09405188191e+00
1.09374743341e+00
1.09409526449e+00
1.09437451942e+00
1.09382471531e+00
1.09447214281e+00
1.09462131238e+00
1.09405899761e+00
1.09401958009e+00
1.09426512962e+00
1.09393853902e+00
1.09405552324e+00
1.09384699609e+00
1.09454493401e+00
1.09455283193e+00
1.09420521920e+00
1.09449382550e+00
1.09405192910e+00
1.09390508179e+00
1.09413713703e+00
1.09382277293e+00
1.09446282647e+00
1.09374319816e+00
1.09422437137e+00
1.09412399409e+00
1.09366832004e+00
1.09459694706e+00
1.09462167311e+00
1.09411504621e+00
1.09414562315e+00
1.09423933946e+00
1.09406911262e+00
1.09416206247e+00
1.09388731813e+00
1.09366238458e+00
1.09431427628e+00
1.09416921753e+00
1.09374256174e+00
1.09342458735e+00
1.09452025834e+00
1.09393720587e+00
1.09399770376e+00
1.09412066685e+00
1.09411318864e+00
1.09437057241e+00
1.09390575989e+00
1.09428356408e+00
1.09419671846e+00
1.09411038718e+00
1.09411051780e+00
1.09396088133e+00
1.09393195975e+00
1.09387910704e+00
1.09402175597e+00
1.09408849737e+00
1.09439793792e+00
1.09414289525e+00
1.09466158430e+00
1.09443096193e+00
1.09452449819e+00
1.09413528311e+00
1.09407355379e+00
1.09418645149e+00
1.09444968001e+00
1.09391205207e+00
1.09416917711e+00
1.09421524167e+00
1.09429858517e+00
1.09435191928e+00
1.09389106833e+00
1.09388463729e+00
1.09384239240e+00
1.09421317130e+00
1.09465860491e+00
1.09406491826e+00
1.09439364975e+00
1.09437050069e+00
1.09421638500e+00
1.09443405200e+00
1.09385506827e+00
1.09451178795e+00
1.09394277608e+00
1.09430416644e+00
1.09429162652e+00
1.09390882297e+00
1.09462685002e+00
1.09390480942e+00
1.09470838021e+00
1.09434971103e+00
1.09383026098e+00
1.09362159806e+00
1.09393422354e+00
1.09449191245e+00
1.09425738575e+00
1.09402167842e+00
1.09402256162e+00
1.09390959325e+00
1.09459421558e+00
1.09413954925e+00
1.09410165036e+00
1.09447262758e+00
1.09435318290e+00
1.09409799726e+00
1.09473777137e+00
1.09470123269e+00
1.09384870030e+00
1.09378183815e+00
1.09456314519e+00
1.09416000715e+00
1.09393009651e+00
1.09436417746e+00
1.09433971201e+00
1.09421261662e+00
1.09335132820e+00
1.09400499036e+00
1.09402958292e+00
1.09440920190e+00
1.09391456403e+00
1.09450367248e+00
1.09402976553e+00
1.09381901733e+00
1.09412092048e+00
1.09422593879e+00
1.09388889697e+00
1.09451380941e+00
1.09426306045e+00
1.09380672255e+00
1.09385783990e+00
1.09395561749e+00
1.09378659629e+00
1.09406559093e+00
1.09411121373e+00
1.09412591351e+00
1.09383933069e+00
1.09382834832e+00
1.09439425882e+00
1.09411143302e+00
1.09423845685e+00
1.09431893498e+00
1.09395213379e+00
1.09408444869e+00
1.09388457147e+00
1.09395480440e+00
1.09361362620e+00
1.09451520145e+00
1.09388170309e+00
1.09429653113e+00
1.09427708372e+00
1.09448283394e+00
1.09381426341e+00
1.09371829586e+00
1.09399765315e+00
1.09385641436e+00
1.09383212799e+00
1.09461152045e+00
1.09422778635e+00
1.09412421194e+00
1.09416070449e+00
1.09451169306e+00
1.09463344252e+00
1.09402812281e+00
1.09439100411e+00
1.09428971495e+00
1.09394654141e+00
1.09418902165e+00
1.09405710882e+00
1.09418656242e+00
1.09400020582e+00
1.09380517215e+00
1.09424073553e+00
1.09438206071e+00
1.09448322363e+00
1.09452568246e+00
1.09431195106e+00
1.09416762747e+00
1.09436205279e+00
1.09362626427e+00
1.09438011233e+00
1.09390133326e+00
1.09419924560e+00
1.09415546182e+00
1.09444905010e+00
1.09354840452e+00
1.09391397414e+00
1.09430800247e+00
1.09373902480e+00
1.09395608386e+00
1.09446759951e+00
1.09404008622e+00
1.09406931320e+00
1.09413834526e+00
1.09424213228e+00
1.09377820533e+00
1.09419228592e+00
1.09442452425e+00
1.09385872432e+00
1.09421396794e+00
1.09453792965e+00
1.09437246800e+00
1.09417690075e+00
1.09419123295e+00
1.09396993610e+00
1.09377066619e+00
1.09373648723e+00
1.09383968384e+00
1.09361887500e+00
1.09361831990e+00
1.09406782450e+00
1.09424438544e+00
1.09382392368e+00
1.09422040689e+00
1.09417922445e+00
1.09402611301e+00
1.09397168819e+00
1.09447637152e+00
1.09404442918e+00
1.09450851773e+00
1.09385449589e+00
1.09407529275e+00
1.09346294067e+00
1.09436662049e+00
1.09410624248e+00
1.09437809826e+00
1.09417622859e+00
1.09384684845e+00
1.09416012666e+00
1.09388478120e+00
1.09376664394e+00
1.09456494769e+00
1.09442034145e+00
1.09443472382e+00
1.09450552393e+00
1.09440406270e+00
1.09361073163e+00
1.09432924453e+00
1.09453383904e+00
1.09452440775e+00
1.09414944205e+00