 1.786527e+00 
 1.790878e+00 
 1.779434e+00 
 1.792668e+00 
 1.791852e+00 
 1.780893e+00 
 1.785007e+00 
 1.793068e+00 
 1.787185e+00 
 1.785518e+00 
 1.790328e+00 
 1.787106e+00 
 1.780523e+00 
 1.785442e+00 
 1.777171e+00 
 1.777197e+00 
 1.786968e+00 
 1.787765e+00 
 1.782235e+00 
 1.788903e+00 
 1.789584e+00 
 1.780454e+00 
 1.787228e+00 
 1.778366e+00 
 1.788963e+00 
 1.783565e+00 
 1.782041e+00 
 1.789866e+00 
 1.778315e+00 
 1.792649e+00 
 1.778139e+00 
 1.787710e+00 
 1.784873e+00 
 1.790134e+00 
 1.781325e+00 
 1.779720e+00 
 1.781353e+00 
 1.787258e+00 
 1.781937e+00 
 1.794633e+00 
 1.784050e+00 
 1.788240e+00 
 1.776100e+00 
 1.780609e+00 
 1.780170e+00 
 1.786476e+00 
 1.782693e+00 
 1.787373e+00 
 1.780173e+00 
 1.780066e+00 
 1.789287e+00 
 1.786710e+00 
 1.783653e+00 
 1.775706e+00 
 1.787892e+00 
 1.795065e+00 
 1.775418e+00 
 1.782791e+00 
 1.786886e+00 
 1.785113e+00 
 1.781971e+00 
 1.782143e+00 
 1.779826e+00 
 1.778628e+00 
 1.786158e+00 
 1.785875e+00 
 1.792841e+00 
 1.778483e+00 
 1.779832e+00 
 1.782043e+00 
 1.784210e+00 
 1.789540e+00 
 1.788697e+00 
 1.785642e+00 
 1.784480e+00 
 1.779923e+00 
 1.780035e+00 
 1.780861e+00 
 1.783039e+00 
 1.790001e+00 
 1.794855e+00 
 1.778846e+00 
 1.784442e+00 
 1.786273e+00 
 1.789744e+00 
 1.785280e+00 
 1.783224e+00 
 1.784512e+00 
 1.783821e+00 
 1.780987e+00 
 1.777874e+00 
 1.777257e+00 
 1.788166e+00 
 1.784326e+00 
 1.788741e+00 
 1.782146e+00 
 1.784468e+00 
 1.777207e+00 
 1.780170e+00 
 1.783276e+00 
 1.782556e+00 
 1.778841e+00 
 1.783077e+00 
 1.781934e+00 
 1.786426e+00 
 1.779159e+00 
 1.783745e+00 
 1.783350e+00 
 1.786936e+00 
 1.785784e+00 
 1.788546e+00 
 1.787548e+00 
 1.777220e+00 
 1.781941e+00 
 1.774255e+00 
 1.784746e+00 
 1.789804e+00 
 1.778266e+00 
 1.790631e+00 
 1.786568e+00 
 1.789237e+00 
 1.777571e+00 
 1.782091e+00 
 1.786198e+00 
 1.777866e+00 
 1.784892e+00 
 1.787756e+00 
 1.778124e+00 
 1.781573e+00 
 1.783504e+00 
 1.789522e+00 
 1.792353e+00 
 1.784487e+00 
 1.777297e+00 
 1.786897e+00 
 1.785480e+00 
 1.781075e+00 
 1.782722e+00 
 1.791488e+00 
 1.790959e+00 
 1.784041e+00 
 1.794575e+00 
 1.786635e+00 
 1.784568e+00 
 1.785927e+00 
 1.781469e+00 
 1.790897e+00 
 1.776683e+00 
 1.788278e+00 
 1.792295e+00 
 1.782405e+00 
 1.795006e+00 
 1.788388e+00 
 1.773463e+00 
 1.793615e+00 
 1.780294e+00 
 1.793351e+00 
 1.778089e+00 
 1.783981e+00 
 1.786421e+00 
 1.780797e+00 
 1.778646e+00 
 1.784676e+00 
 1.779295e+00 
 1.791116e+00 
 1.790835e+00 
 1.785483e+00 
 1.782325e+00 
 1.776021e+00 
 1.787097e+00 
 1.784059e+00 
 1.784220e+00 
 1.779023e+00 
 1.788340e+00 
 1.782006e+00 
 1.784658e+00 
 1.785247e+00 
 1.780395e+00 
 1.787723e+00 
 1.783301e+00 
 1.794599e+00 
 1.771537e+00 
 1.786745e+00 
 1.785847e+00 
 1.785599e+00 
 1.781729e+00 
 1.783092e+00 
 1.778891e+00 
 1.785699e+00 
 1.784270e+00 
 1.781484e+00 
 1.788809e+00 
 1.782720e+00 
 1.783311e+00 
 1.774834e+00 
 1.784773e+00 
 1.789831e+00 
 1.789413e+00 
 1.782108e+00 
 1.785928e+00 
 1.781444e+00 
 1.787542e+00 
 1.781231e+00 
 1.788125e+00 
 1.779530e+00 
 1.792459e+00 
 1.782762e+00 
 1.784340e+00 
 1.781009e+00 
 1.788849e+00 
 1.787210e+00 
 1.778237e+00 
 1.784581e+00 
 1.792494e+00 
 1.788932e+00 
 1.791073e+00 
 1.788854e+00 
 1.780010e+00 
 1.791966e+00 
 1.788002e+00 
 1.776333e+00 
 1.792346e+00 
 1.789773e+00 
 1.782499e+00 
 1.776203e+00 
 1.790418e+00 
 1.779902e+00 
 1.786071e+00 
 1.784607e+00 
 1.786549e+00 
 1.785493e+00 
 1.792815e+00 
 1.784213e+00 
 1.781699e+00 
 1.790096e+00 
 1.779755e+00 
 1.779071e+00 
 1.783320e+00 
 1.786959e+00 
 1.786061e+00 
 1.785755e+00 
 1.785434e+00 
 1.791144e+00 
 1.777957e+00 
 1.781378e+00 
 1.785215e+00 
 1.786996e+00 
 1.784751e+00 
 1.789759e+00 
 1.782596e+00 
 1.783790e+00 
 1.784692e+00 
 1.778812e+00 
 1.779753e+00 
 1.786077e+00 
 1.796046e+00 
 1.785021e+00 
 1.791261e+00 
 1.779048e+00 
 1.781258e+00 
 1.783342e+00 
 1.785384e+00 
 1.782948e+00 
 1.783487e+00 
 1.780226e+00 
 1.784082e+00 
 1.789959e+00 
 1.778442e+00 
 1.790514e+00 
 1.783668e+00 
 1.777208e+00 
 1.782823e+00 
 1.784511e+00 
 1.786964e+00 
 1.777706e+00 
 1.785792e+00 
 1.778289e+00 
 1.791041e+00 
 1.772494e+00 
 1.775994e+00 
 1.789252e+00 
 1.786013e+00 
 1.784503e+00 
 1.788148e+00 
 1.782993e+00 
 1.782519e+00 
 1.785456e+00 
 1.784729e+00 
 1.778882e+00 
 1.783940e+00 
 1.787516e+00 
 1.777717e+00 
 1.780962e+00 
 1.787429e+00 
 1.779070e+00 
 1.782863e+00 
 1.786936e+00 
 1.785238e+00 
 1.787184e+00 
 1.790248e+00 
 1.775409e+00 
 1.793067e+00 
 1.792060e+00 
 1.779537e+00 
 1.775086e+00 
 1.783928e+00 
 1.775831e+00 
 1.782325e+00 
 1.778516e+00 
 1.786331e+00 
 1.786406e+00 
 1.788789e+00 
 1.793751e+00 
 1.785405e+00 
 1.784863e+00 
 1.791179e+00 
 1.779537e+00 
 1.781011e+00 
 1.778517e+00 
 1.778733e+00 
 1.786660e+00 
 1.789898e+00 
 1.782006e+00 
 1.770423e+00 
 1.787297e+00 
 1.799500e+00 
 1.785500e+00 
 1.793729e+00 
 1.784041e+00 
 1.788682e+00 
 1.785052e+00 
 1.784842e+00 
 1.781150e+00 
 1.787506e+00 
 1.785845e+00 
 1.779890e+00 
 1.787681e+00 
 1.777547e+00 
 1.779356e+00 
 1.785483e+00 
 1.782714e+00 
 1.786674e+00 
 1.794998e+00 
 1.788472e+00 
 1.782512e+00 
 1.787734e+00 
 1.790145e+00 
 1.784543e+00 
 1.785059e+00 
 1.783625e+00 
 1.782905e+00 
 1.796215e+00 
 1.778307e+00 
 1.789364e+00 
 1.785303e+00 
 1.775504e+00 
 1.774756e+00 
 1.782638e+00 
 1.777195e+00 
 1.781584e+00 
 1.780964e+00 
 1.782552e+00 
 1.787337e+00 
 1.784095e+00 
 1.783970e+00 
 1.787363e+00 
 1.782321e+00 
 1.795694e+00 
 1.787897e+00 
 1.785404e+00 
 1.779709e+00 
 1.792676e+00 
 1.787741e+00 
 1.778974e+00 
 1.781093e+00 
 1.786681e+00 
 1.788899e+00 
 1.770029e+00 
 1.785467e+00 
 1.780996e+00 
 1.784858e+00 
 1.794530e+00 
 1.784342e+00 
 1.785474e+00 
 1.781095e+00 
 1.787198e+00 
 1.792322e+00 
 1.788812e+00 
 1.774701e+00 
 1.781782e+00 
 1.781238e+00 
 1.788072e+00 
 1.779613e+00 
 1.796455e+00 
 1.780004e+00 
 1.780534e+00 
 1.781566e+00 
 1.785418e+00 
 1.785593e+00 
 1.784933e+00 
 1.790726e+00 
 1.783799e+00 
 1.782687e+00 
 1.779226e+00 
 1.790050e+00 
 1.781922e+00 
 1.786534e+00 
 1.788118e+00 
 1.779246e+00 
 1.779844e+00 
 1.785642e+00 
 1.782588e+00 
 1.790059e+00 
 1.785749e+00 
 1.796517e+00 
 1.780563e+00 
 1.782988e+00 
 1.791483e+00 
 1.785453e+00 
 1.778618e+00 
 1.776916e+00 
 1.778985e+00 
 1.779696e+00 
 1.788116e+00 
 1.785418e+00 
 1.781077e+00 
 1.785693e+00 
 1.784835e+00 
 1.792084e+00 
 1.784228e+00 
 1.784614e+00 
 1.786355e+00 
 1.788403e+00 
 1.781130e+00 
 1.786549e+00 
 1.793803e+00 
 1.772034e+00 
 1.781933e+00 
 1.778366e+00 
 1.789361e+00 
 1.780827e+00 
 1.784045e+00 
 1.782720e+00 
 1.781538e+00 
 1.782536e+00 
 1.782739e+00 
 1.782743e+00 
 1.785357e+00 
 1.788918e+00 
 1.784311e+00 
 1.787276e+00 
 1.786860e+00 
 1.783840e+00 
 1.780107e+00 
 1.783416e+00 
 1.785708e+00 
 1.789086e+00 
 1.782099e+00 
 1.780582e+00 
 1.786167e+00 
 1.787397e+00 
 1.784863e+00 
 1.782959e+00 
 1.789465e+00 
 1.792100e+00 
 1.786201e+00 
 1.791732e+00 
 1.785872e+00 
 1.783734e+00 
 1.788171e+00 
 1.783842e+00 
 1.792812e+00 
 1.782410e+00 
 1.770391e+00 
 1.785993e+00 
 1.783065e+00 
 1.769891e+00 
 1.785630e+00 
 1.788661e+00 
 1.777162e+00 
 1.796514e+00 
 1.794548e+00 
 1.783500e+00 
 1.786333e+00 
 1.792458e+00 
 1.783384e+00 
 1.786388e+00 
 1.786056e+00 
 1.776940e+00 
 1.784754e+00 
 1.797092e+00 
 1.782655e+00 
 1.791752e+00 
 1.775926e+00 
 1.777697e+00 
 1.781368e+00 
 1.782920e+00 
 1.782489e+00 
 1.780012e+00 
 1.787538e+00 
 1.784500e+00 
