2.35871260305
2.36302596325
2.37530591435
2.35681709887
2.36303489046
2.34858329819
2.35379225176
2.35980210115
2.35363357847
2.35195878024
2.35664863243
2.35326347844
2.36837619065
2.35498257507
2.36189140056
2.3506203477
2.36495067224
2.36401881428
2.36545721585
2.36305796875
2.36590434846
2.36888362562
2.36344555344
2.35495096327
2.36225173729
2.35176296134
2.35316061501
2.35873585796
2.35708013873
2.35525284121
2.36139776707
2.355261829
2.36183381372
2.35555975974
2.37311855912
2.35778343318
2.36191937524
2.35593969572
2.35589064838
2.36272919265
2.35828349711
2.35800611364
2.36848769124
2.36591688626
2.35786780546
2.36438263576
2.35986497471
2.36174026036
2.35555513755
2.3674232118
2.35446205558
2.35827826574
2.36212896282
2.36481882127
2.35765318139
2.35961931153
2.35222269036
2.36157483106
2.35493008747
2.35417457237
2.35475274564
2.36042531633
2.36063270939
2.35274733879
2.3649745296
2.3520193439
2.36612271918
2.36966564421
2.36591052672
2.36105569117
2.34729763575
2.37494929476
2.35469590277
2.36471017477
2.36515621188
2.35262117427
2.3626099897
2.3623511314
2.36471015319
2.36220713931
2.36275311934
2.35216729124
2.36015296013
2.369783056
2.36102756595
2.36152872479
2.36293441102
2.35787471421
2.3535466937
2.35870392687
2.35687230923
2.35208645812
2.36991493385
2.3621327549
2.36069979222
2.36469177656
2.36882493812
2.3696466782
2.36479049901
2.35195072559
2.35757811259
2.35087030519
2.35778018916
2.35295490191
2.36954438348
2.36379244112
2.36183972047
2.35457344095
2.34665556083
2.36658897153
2.36301865799
2.36511217078
2.36025615165
2.35431075584
2.36160819979
2.36224027595
2.35298134877
2.35975034143
2.36754658043
2.3575051529
2.3552313879
2.35306646886
2.34724405043
2.36290739053
2.36129739158
2.36748275978
2.36375511067
2.365332968
2.36319928798
2.34873560443
2.35379103667
2.36326982338
2.36435397856
2.35273803907
2.35565427399
2.35451884266
2.34250794214
2.35787148518
2.3716581154
2.37209784475
2.36682779797
2.36312667455
2.37102817924
2.37343077868
2.36007436901
2.35572327927
2.35087751355
2.36027125833
2.36749773803
2.35648221982
2.37233715327
2.36869739944
2.36809992437
2.34951802397
2.35389915287
2.36325351548
2.34681297213
2.35749373566
2.35179168178
2.36691196756
2.35466617165
2.36035280801
2.35891203275
2.37316635919
2.36067512079
2.36097887618
2.35633398018
2.35250506517
2.37798198745
2.36084933684
2.35692698771
2.36134541077
2.35166228487
2.36892570942
2.35813904319
2.35747856134
2.36500958617
2.3663843741
2.35017349157
2.37351600016
2.37117271691
2.36552704987
2.35232270422
2.35265366335
2.37013870679
2.34230828234
2.35310244186
2.35727838982
2.3583848184
2.35682434323
2.35360824005
2.36843823051
2.35571389906
2.35687912072
2.35065149909
2.3547661133
2.35865117221
2.36110883814
2.35273880868
2.35615156134
2.37024873197
2.36849140317
2.3632371369
2.37196921197
2.3499631274
2.35794035185
2.36926315471
2.36366899361
2.35618584913
2.35154534162
2.34608909155
2.35957008687
2.35244120049
2.36320249522
2.36111957518
2.37522185485
2.35380516076
2.35311215033
2.35898994425
2.3526426228
2.36141854093
2.35806372275
2.36165910112
2.35547637674
2.34605268514
2.35476068095
2.35574524523
2.3605161606
2.35062010217
2.3585159387
2.35616919009
2.35628586783
2.35003057893
2.36398477251
2.34835459426
2.36814935285
2.35332156935
2.36996656656
2.37122067865
2.35617197188
2.35680003053
2.35471880883
2.35890086918
2.36013292115
2.3356546026
2.36121075053
2.36015184758
2.35087345958
2.36187426669
2.3673772844
2.36525756836
2.35405660505
2.35760665333
2.37436716105
2.34465228997
2.35966880983
2.36217769461
2.35883028044
2.3590448637
2.35127958195
2.36740235399
2.35960273323
2.37071587586
2.35246229988
2.36625765325
2.362785655
2.34983098899
2.35919887193
2.35960024676
2.35914415675
2.36901048449
2.3572318605
2.35004577362
2.36052360869
2.35177511536
2.3688548367
2.37132787867
2.3625592508
2.35932527712
2.36413505086
2.35112822265
2.35442256514
2.36632888396
2.34694444076
2.35827925183
2.35811483965
2.36531304523
2.36071061146
2.36358618631
2.36311393401
2.3603763847
2.35223529416
2.3626336933
2.37681255458
2.36090742926
2.35757052942
2.35661729497
2.36393990764
2.35484388096
2.35598229275
2.35498094594
2.36637334611
2.36120341932
2.34480667073
2.36115072002
2.36603999024
2.36104547717
2.35251344101
2.35489342347
2.35948188617
2.37022404952
2.36239442021
2.35327471086
2.36021829962
2.35269556551
2.36313755583
2.36489736519
2.36114240896
2.36732851215
2.35833725791
2.35907146981
2.36148530432
2.34670576964
2.363722718
2.35055879024
2.35505987905
2.3647900909
2.36681457758
2.36306250302
2.34893261137
2.35820573177
2.35544681218
2.35489530517
2.36072464676
2.36610071158
2.36215273756
2.35036533958
2.35904897458
2.35483276215
2.3576163641
2.37052426167
2.35908148863
2.36155989735
2.36139381659
2.34969153623
2.36905254985
2.36697773001
2.36189175912
2.35789894461
2.35339530662
2.35444217478
2.35671734814
2.35419638681
2.35148433412
2.3642939779
2.37374784452
2.35723122265
2.36648254916
2.35499584529
2.35038356203
2.35744817714
2.35861138145
2.36763173585
2.35267926715
2.36908169044
2.36527569644
2.34804398102
2.35713489109
2.35305242867
2.36023887392
2.34611736116
2.35772984242
2.35652320139
2.3632965332
2.36141162543
2.36465518068
2.35898225221
2.35972463437
2.36068457921
2.36153469951
2.35679297536
2.35652927115
2.35321918711
2.36862203127
2.35892230946
2.35473761392
2.3634478966
2.36274721174
2.35727540738
2.36604739745
2.35659562619
2.36374131569
2.35437330918
2.3643875727
2.35329627417
2.36224775081
2.36523096777
2.36279906581
2.35837371873
2.3472041452
2.36810448337
2.37083187113
2.35109244159
2.36631405677
2.36286466704
2.35914148415
2.35448057085
2.35472490311
2.34682203226
2.36631705319
2.35238881763
2.35881145267
2.34901200006
2.35689888858
2.35621725216
2.35738161271
2.36652913338
2.36659703023
2.36319641993
2.36072498746
2.36048864483
2.36618565085
2.35995205195
2.35884430997
2.35511783289
2.35870470571
2.36544323514
2.35744588721
2.35800401456
2.35366551049
2.35856712832
2.36544357117
2.35407748221
2.36838172995
2.35906436173
2.36973789186
2.35459150534
2.35418468307
2.36073989258
2.36478484383
2.36999676941
2.36530475457
2.35647731173
2.35345486617
2.34939212548
2.34939377453
2.36172931097
2.36508526972
2.36021200388
2.35241696933
2.36865328285
2.36773742691
2.35024902062
2.35430429202
2.34745863791
2.36869371705
2.36478856581
2.36951240626
2.35529298774
2.3613517194
2.35523956261
2.35947512635
2.36395345871
2.36568374556
2.35438413252
2.35719302184
2.3550088603
2.34855727445
2.35662916403
2.35113316882
2.36023029421
2.366511837
2.35818339751
2.36445762198
2.35290851398
2.36360755221
2.34789836154
2.36226409346
2.35573548211
2.36280915556
2.36681795823
2.36316942559
2.36129874558
2.34977287568
2.36039028715
2.35331977788
2.36329238248
2.36015891334
2.35901595805
2.35936914262
2.35919744262
2.36973078485
2.36777340198
2.35520153403
2.36994280072
2.34419817884
2.3583402832
2.36576505672
2.36272414406
2.3466991818
2.359
