 2.386015e+00 
 2.377049e+00 
 2.380802e+00 
 2.385029e+00 
 2.397084e+00 
 2.379811e+00 
 2.364733e+00 
 2.365737e+00 
 2.379408e+00 
 2.373512e+00 
 2.374978e+00 
 2.390543e+00 
 2.388118e+00 
 2.381256e+00 
 2.369720e+00 
 2.396370e+00 
 2.372678e+00 
 2.380820e+00 
 2.381123e+00 
 2.372772e+00 
 2.368535e+00 
 2.374271e+00 
 2.380775e+00 
 2.383582e+00 
 2.393066e+00 
 2.393253e+00 
 2.376072e+00 
 2.369277e+00 
 2.386205e+00 
 2.365951e+00 
 2.378508e+00 
 2.369621e+00 
 2.380031e+00 
 2.381059e+00 
 2.391141e+00 
 2.385366e+00 
 2.373878e+00 
 2.382444e+00 
 2.395158e+00 
 2.381743e+00 
 2.384662e+00 
 2.373244e+00 
 2.375838e+00 
 2.370921e+00 
 2.389193e+00 
 2.386593e+00 
 2.397989e+00 
 2.392113e+00 
 2.386086e+00 
 2.372481e+00 
 2.378442e+00 
 2.366035e+00 
 2.371932e+00 
 2.374944e+00 
 2.388860e+00 
 2.402012e+00 
 2.395737e+00 
 2.395248e+00 
 2.388883e+00 
 2.389787e+00 
 2.392125e+00 
 2.376984e+00 
 2.377573e+00 
 2.384953e+00 
 2.381187e+00 
 2.374656e+00 
 2.381627e+00 
 2.384620e+00 
 2.385925e+00 
 2.390844e+00 
 2.379225e+00 
 2.383930e+00 
 2.375075e+00 
 2.397575e+00 
 2.375588e+00 
 2.379881e+00 
 2.394031e+00 
 2.388177e+00 
 2.382036e+00 
 2.385132e+00 
 2.387479e+00 
 2.377869e+00 
 2.380905e+00 
 2.382489e+00 
 2.389097e+00 
 2.390889e+00 
 2.390511e+00 
 2.368474e+00 
 2.385497e+00 
 2.386840e+00 
 2.380797e+00 
 2.376911e+00 
 2.375310e+00 
 2.396480e+00 
 2.378652e+00 
 2.380422e+00 
 2.371284e+00 
 2.384532e+00 
 2.376229e+00 
 2.368726e+00 
 2.382333e+00 
 2.388926e+00 
 2.375380e+00 
 2.388349e+00 
 2.374037e+00 
 2.387575e+00 
 2.393597e+00 
 2.377905e+00 
 2.390810e+00 
 2.379972e+00 
 2.378435e+00 
 2.367292e+00 
 2.396915e+00 
 2.376294e+00 
 2.397953e+00 
 2.383472e+00 
 2.374173e+00 
 2.389266e+00 
 2.384314e+00 
 2.376534e+00 
 2.382255e+00 
 2.385784e+00 
 2.388212e+00 
 2.391239e+00 
 2.389358e+00 
 2.379625e+00 
 2.383813e+00 
 2.390888e+00 
 2.370895e+00 
 2.390520e+00 
 2.383495e+00 
 2.385119e+00 
 2.372911e+00 
 2.386547e+00 
 2.384109e+00 
 2.381797e+00 
 2.384492e+00 
 2.382821e+00 
 2.381493e+00 
 2.382451e+00 
 2.376562e+00 
 2.388361e+00 
 2.382687e+00 
 2.397922e+00 
 2.409142e+00 
 2.383730e+00 
 2.379637e+00 
 2.396158e+00 
 2.398605e+00 
 2.387866e+00 
 2.377851e+00 
 2.372804e+00 
 2.379163e+00 
 2.371783e+00 
 2.376653e+00 
 2.350066e+00 
 2.377664e+00 
 2.382988e+00 
 2.392448e+00 
 2.376039e+00 
 2.376007e+00 
 2.371714e+00 
 2.373058e+00 
 2.379073e+00 
 2.373426e+00 
 2.383767e+00 
 2.379843e+00 
 2.395585e+00 
 2.393515e+00 
 2.374027e+00 
 2.384869e+00 
 2.398771e+00 
 2.377340e+00 
 2.393450e+00 
 2.373593e+00 
 2.399396e+00 
 2.400282e+00 
 2.389755e+00 
 2.391901e+00 
 2.378542e+00 
 2.373271e+00 
 2.388969e+00 
 2.376863e+00 
 2.380469e+00 
 2.387238e+00 
 2.396044e+00 
 2.397407e+00 
 2.375747e+00 
 2.377405e+00 
 2.390557e+00 
 2.377928e+00 
 2.396393e+00 
 2.387085e+00 
 2.378291e+00 
 2.378426e+00 
 2.386920e+00 
 2.374688e+00 
 2.380627e+00 
 2.376584e+00 
 2.388464e+00 
 2.391466e+00 
 2.377802e+00 
 2.379957e+00 
 2.377287e+00 
 2.398805e+00 
 2.373440e+00 
 2.386148e+00 
 2.398121e+00 
 2.383170e+00 
 2.374135e+00 
 2.377556e+00 
 2.375286e+00 
 2.374450e+00 
 2.388145e+00 
 2.387370e+00 
 2.391877e+00 
 2.376415e+00 
 2.389335e+00 
 2.373453e+00 
 2.375514e+00 
 2.379832e+00 
 2.369539e+00 
 2.385555e+00 
 2.391914e+00 
 2.389376e+00 
 2.395035e+00 
 2.381224e+00 
 2.386782e+00 
 2.396187e+00 
 2.376672e+00 
 2.392826e+00 
 2.379954e+00 
 2.379775e+00 
 2.389182e+00 
 2.390894e+00 
 2.386439e+00 
 2.402841e+00 
 2.396615e+00 
 2.385003e+00 
 2.386805e+00 
 2.384042e+00 
 2.393337e+00 
 2.385137e+00 
 2.383806e+00 
 2.390134e+00 
 2.381604e+00 
 2.384253e+00 
 2.388922e+00 
 2.386903e+00 
 2.379392e+00 
 2.389650e+00 
 2.387813e+00 
 2.381077e+00 
 2.376831e+00 
 2.368034e+00 
 2.401272e+00 
 2.374939e+00 
 2.383340e+00 
 2.385163e+00 
 2.364481e+00 
 2.383525e+00 
 2.374047e+00 
 2.379243e+00 
 2.371200e+00 
 2.386914e+00 
 2.375969e+00 
 2.386409e+00 
 2.389635e+00 
 2.387189e+00 
 2.378529e+00 
 2.373985e+00 
 2.385003e+00 
 2.383121e+00 
 2.391613e+00 
 2.373797e+00 
 2.383258e+00 
 2.394190e+00 
 2.376962e+00 
 2.369671e+00 
 2.388560e+00 
 2.386026e+00 
 2.382307e+00 
 2.379594e+00 
 2.373950e+00 
 2.398868e+00 
 2.384821e+00 
 2.394642e+00 
 2.390370e+00 
 2.387407e+00 
 2.362672e+00 
 2.372977e+00 
 2.370721e+00 
 2.390085e+00 
 2.402003e+00 
 2.387097e+00 
 2.390431e+00 
 2.391376e+00 
 2.375024e+00 
 2.377444e+00 
 2.389150e+00 
 2.384648e+00 
 2.380505e+00 
 2.392704e+00 
 2.372239e+00 
 2.394388e+00 
 2.371548e+00 
 2.387599e+00 
 2.373451e+00 
 2.395601e+00 
 2.385500e+00 
 2.394630e+00 
 2.385030e+00 
 2.403373e+00 
 2.385977e+00 
 2.389785e+00 
 2.386940e+00 
 2.380754e+00 
 2.378240e+00 
 2.370954e+00 
 2.385283e+00 
 2.393404e+00 
 2.371971e+00 
 2.384939e+00 
 2.382480e+00 
 2.373925e+00 
 2.381215e+00 
 2.366629e+00 
 2.364360e+00 
 2.364072e+00 
 2.390151e+00 
 2.364744e+00 
 2.389901e+00 
 2.371273e+00 
 2.379412e+00 
 2.378845e+00 
 2.386889e+00 
 2.375696e+00 
 2.390461e+00 
 2.401567e+00 
 2.393189e+00 
 2.368571e+00 
 2.388384e+00 
 2.395300e+00 
 2.380919e+00 
 2.376308e+00 
 2.387171e+00 
 2.378779e+00 
 2.383927e+00 
 2.386027e+00 
 2.392784e+00 
 2.376113e+00 
 2.377070e+00 
 2.377835e+00 
 2.376426e+00 
 2.391784e+00 
 2.397590e+00 
 2.391736e+00 
 2.372255e+00 
 2.395535e+00 
 2.376516e+00 
 2.379375e+00 
 2.380994e+00 
 2.380978e+00 
 2.390554e+00 
 2.389962e+00 
 2.381685e+00 
 2.384628e+00 
 2.370078e+00 
 2.393476e+00 
 2.373570e+00 
 2.384412e+00 
 2.382673e+00 
 2.388551e+00 
 2.394375e+00 
 2.379512e+00 
 2.384866e+00 
 2.403586e+00 
 2.380362e+00 
 2.387486e+00 
 2.397802e+00 
 2.379015e+00 
 2.377019e+00 
 2.396677e+00 
 2.381646e+00 
 2.384532e+00 
 2.373239e+00 
 2.393843e+00 
 2.366288e+00 
 2.396361e+00 
 2.382843e+00 
 2.394774e+00 
 2.369342e+00 
 2.384369e+00 
 2.398241e+00 
 2.389266e+00 
 2.379531e+00 
 2.384586e+00 
 2.385394e+00 
 2.383793e+00 
 2.388300e+00 
 2.399044e+00 
 2.376401e+00 
 2.381695e+00 
 2.377158e+00 
 2.383071e+00 
 2.395019e+00 
 2.394999e+00 
 2.391119e+00 
 2.364693e+00 
 2.406196e+00 
 2.387346e+00 
 2.376512e+00 
 2.376006e+00 
 2.380887e+00 
 2.385197e+00 
 2.390174e+00 
 2.386655e+00 
 2.376973e+00 
 2.383795e+00 
 2.390724e+00 
 2.386788e+00 
 2.369424e+00 
 2.378535e+00 
 2.383430e+00 
 2.381151e+00 
 2.384113e+00 
 2.378418e+00 
 2.387243e+00 
 2.385151e+00 
 2.376473e+00 
 2.375265e+00 
 2.374527e+00 
 2.384271e+00 
 2.378165e+00 
 2.384245e+00 
 2.398642e+00 
 2.380171e+00 
 2.379205e+00 
 2.386156e+00 
 2.389928e+00 
 2.385924e+00 
 2.388612e+00 
 2.392654e+00 
 2.385108e+00 
 2.393180e+00 
 2.366867e+00 
 2.375195e+00 
 2.367781e+00 
 2.385430e+00 
 2.384077e+00 
 2.391061e+00 
 2.402648e+00 
 2.382277e+00 
 2.377478e+00 
 2.377171e+00 
 2.384466e+00 
 2.379652e+00 
 2.394520e+00 
 2.385916e+00 
 2.385485e+00 
 2.372650e+00 
 2.383160e+00 
 2.380717e+00 
 2.377759e+00 
 2.378953e+00 
 2.378060e+00 
 2.380633e+00 
 2.378613e+00 
 2.398373e+00 
 2.384257e+00 
 2.384941e+00 
 2.387280e+00 
 2.372782e+00 
 2.373521e+00 
 2.371519e+00 
 2.398716e+00 
 2.393208e+00 
 2.382580e+00 
 2.377412e+00 
 2.390222e+00 
 2.375189e+00 
 2.390790e+00 
 2.387951e+00 
 2.374220e+00 
 2.386931e+00 
 2.384125e+00 
 2.382521e+00 
 2.378742e+00 
 2.377806e+00 
 2.373759e+00 
 2.376390e+00 
 2.389558e+00 
 2.384569e+00 
 2.394487e+00 
 2.385787e+00 
 2.376331e+00 
 2.388979e+00 
 2.391365e+00 
 2.397611e+00 
 2.376622e+00 
 2.383300e+00 
