1.51389164956e+00
1.51369684102e+00
1.51388895033e+00
1.51420030206e+00
1.51358902126e+00
1.51347458277e+00
1.51350695772e+00
1.51375101458e+00
1.51351368887e+00
1.51422804792e+00
1.51370113806e+00
1.51392815218e+00
1.51401869421e+00
1.51341235551e+00
1.51352608852e+00
1.51361068139e+00
1.51383978273e+00
1.51393497739e+00
1.51373665830e+00
1.51345199899e+00
1.51313368144e+00
1.51331632319e+00
1.51341467006e+00
1.51423025152e+00
1.51384229894e+00
1.51417296074e+00
1.51362636225e+00
1.51439341551e+00
1.51413758608e+00
1.51380521944e+00
1.51338295204e+00
1.51359778827e+00
1.51358928893e+00
1.51347876692e+00
1.51398818644e+00
1.51395127261e+00
1.51405511169e+00
1.51387855670e+00
1.51320931645e+00
1.51450550953e+00
1.51312764770e+00
1.51370929882e+00
1.51320972750e+00
1.51381757685e+00
1.51421379645e+00
1.51389442436e+00
1.51389638085e+00
1.51298649538e+00
1.51451897202e+00
1.51395297209e+00
1.51413664581e+00
1.51333974197e+00
1.51466750096e+00
1.51350765124e+00
1.51365241385e+00
1.51351208855e+00
1.51383685822e+00
1.51315217453e+00
1.51360244747e+00
1.51348425734e+00
1.51382028040e+00
1.51368441402e+00
1.51399564174e+00
1.51429434727e+00
1.51380384335e+00
1.51381975867e+00
1.51395871437e+00
1.51409358501e+00
1.51328400192e+00
1.51440653586e+00
1.51352136638e+00
1.51331626145e+00
1.51392315776e+00
1.51394664532e+00
1.51363727687e+00
1.51370830410e+00
1.51371832534e+00
1.51384615399e+00
1.51353479576e+00
1.51348795795e+00
1.51415555943e+00
1.51409613246e+00
1.51336432505e+00
1.51391650207e+00
1.51427792878e+00
1.51416103765e+00
1.51447721892e+00
1.51407578556e+00
1.51389887631e+00
1.51363216973e+00
1.51336380665e+00
1.51347064325e+00
1.51367339240e+00
1.51359107541e+00
1.51390358272e+00
1.51371637901e+00
1.51402207310e+00
1.51424034117e+00
1.51389455440e+00
1.51311992857e+00
1.51285754149e+00
1.51321248467e+00
1.51390432567e+00
1.51442560149e+00
1.51401074965e+00
1.51382596422e+00
1.51373342957e+00
1.51410780404e+00
1.51362951678e+00
1.51394832689e+00
1.51321256014e+00
1.51444917898e+00
1.51440084664e+00
1.51331335606e+00
1.51416282339e+00
1.51383776297e+00
1.51383350882e+00
1.51355445464e+00
1.51344665738e+00
1.51407798026e+00
1.51389072313e+00
1.51339913929e+00
1.51378438085e+00
1.51437310016e+00
1.51412480267e+00
1.51350997706e+00
1.51334583702e+00
1.51408127605e+00
1.51406528938e+00
1.51416786837e+00
1.51426818292e+00
1.51334723186e+00
1.51325398851e+00
1.51424362545e+00
1.51357322780e+00
1.51409737969e+00
1.51426770939e+00
1.51375825102e+00
1.51356911825e+00
1.51352253785e+00
1.51320511867e+00
1.51329626268e+00
1.51407132362e+00
1.51417279261e+00
1.51371754818e+00
1.51334914496e+00
1.51378021534e+00
1.51316021047e+00
1.51371007230e+00
1.51382499914e+00
1.51349932970e+00
1.51365575838e+00
1.51417742032e+00
1.51359334275e+00
1.51398802024e+00
1.51421155472e+00
1.51401887725e+00
1.51380244706e+00
1.51330408174e+00
1.51365842030e+00
1.51343541594e+00
1.51368185647e+00
1.51354138328e+00
1.51358454692e+00
1.51339358335e+00
1.51400904216e+00
1.51335161668e+00
1.51383161608e+00
1.51420247549e+00
1.51395322188e+00
1.51398350293e+00
1.51402691319e+00
1.51371746390e+00
1.51444369334e+00
1.51349091546e+00
1.51353287983e+00
1.51398482894e+00
1.51377947135e+00
1.51379700355e+00
1.51336741021e+00
1.51376097856e+00
1.51398003788e+00
1.51411460895e+00
1.51361627928e+00
1.51359722258e+00
1.51436614414e+00
1.51337604996e+00
1.51339428505e+00
1.51442920044e+00
1.51377225503e+00
1.51367110065e+00
1.51362060611e+00
1.51398267720e+00
1.51332993628e+00
1.51375750284e+00
1.51366487706e+00
1.51438308788e+00
1.51361994305e+00
1.51363522372e+00
1.51366257843e+00
1.51431851209e+00
1.51356672736e+00
1.51414414759e+00
1.51391128843e+00
1.51349535796e+00
1.51363995273e+00
1.51364346510e+00
1.51391840469e+00
1.51370964987e+00
1.51320499038e+00
1.51393615460e+00
1.51347576623e+00
1.51374801472e+00
1.51398504085e+00
1.51444459722e+00
1.51336223069e+00
1.51352412442e+00
1.51320562992e+00
1.51364729537e+00
1.51352765882e+00
1.51353792889e+00
1.51372823633e+00
1.51359112107e+00
1.51380202317e+00
1.51395505362e+00
1.51419374625e+00
1.51366668940e+00
1.51362063986e+00
1.51365291046e+00
1.51365051361e+00
1.51393313756e+00
1.51318579641e+00
1.51371985032e+00
1.51375331031e+00
1.51364591428e+00
1.51391164466e+00
1.51331049390e+00
1.51382823007e+00
1.51432228684e+00
1.51408284992e+00
1.51393687640e+00
1.51377267593e+00
1.51419091694e+00
1.51319986902e+00
1.51440974281e+00
1.51441933890e+00
1.51339658404e+00
1.51361758415e+00
1.51391339806e+00
1.51342379510e+00
1.51418985899e+00
1.51365290949e+00
1.51360926854e+00
1.51317165853e+00
1.51361811188e+00
1.51391535566e+00
1.51385639837e+00
1.51396667208e+00
1.51404175293e+00
1.51373636416e+00
1.51350739218e+00
1.51405041805e+00
1.51426156708e+00
1.51416883586e+00
1.51346948732e+00
1.51362508383e+00
1.51372406744e+00
1.51420359460e+00
1.51330044018e+00
1.51312415864e+00
1.51372087743e+00
1.51331330370e+00
1.51432133411e+00
1.51384677426e+00
1.51367910386e+00
1.51377807000e+00
1.51401621205e+00
1.51376866629e+00
1.51385901711e+00
1.51325832863e+00
1.51354631152e+00
1.51367367352e+00
1.51310856365e+00
1.51373229831e+00
1.51359231251e+00
1.51425666704e+00
1.51336669802e+00
1.51393077860e+00
1.51392161814e+00
1.51390530695e+00
1.51396249299e+00
1.51390009386e+00
1.51363959992e+00
1.51366498643e+00
1.51359527509e+00
1.51395612987e+00
1.51362434355e+00
1.51405090595e+00
1.51357066627e+00
1.51386457676e+00
1.51352979971e+00
1.51351228631e+00
1.51383645019e+00
1.51328297022e+00
1.51411836220e+00
1.51423917523e+00
1.51384616833e+00
1.51350580621e+00
1.51428092977e+00
1.51347185556e+00
1.51394380397e+00
1.51331108932e+00
1.51356911314e+00
1.51393280458e+00
1.51267687969e+00
1.51354902493e+00
1.51329721270e+00
1.51326080634e+00
1.51351107054e+00
1.51369482552e+00
1.51367527595e+00
1.51391453665e+00
1.51392597240e+00
1.51357158025e+00
1.51335976288e+00
1.51362478220e+00
1.51424468277e+00
1.51403235319e+00
1.51339634736e+00
1.51343189873e+00
1.51368942894e+00
1.51387091767e+00
1.51427273006e+00
1.51378289043e+00
1.51456208583e+00
1.51379118750e+00
1.51423428453e+00
1.51391864415e+00
1.51370181138e+00
1.51389988276e+00
1.51343902047e+00
1.51395060562e+00
1.51370509641e+00
1.51354294248e+00
1.51360414617e+00
1.51446643009e+00
1.51442368721e+00
1.51422359138e+00
1.51342453097e+00
1.51394090964e+00
1.51343495648e+00
1.51380545664e+00
1.51402632941e+00
1.51371791296e+00
1.51394158677e+00
1.51373563916e+00
1.51376421068e+00
1.51416347414e+00
1.51373929221e+00
1.51410369915e+00
1.51375156035e+00
1.51402660743e+00
1.51396200927e+00
1.51368540802e+00
1.51383715393e+00
1.51358693665e+00
1.51352846821e+00
1.51416498779e+00
1.51370764774e+00
1.51396037251e+00
1.51436946057e+00
1.51405998941e+00
1.51338351239e+00
1.51305836590e+00
1.51382506457e+00
1.51373809676e+00
1.51354508334e+00
1.51336443757e+00
1.51362534187e+00
1.51364180648e+00
1.51382865801e+00
1.51348965836e+00
1.51334261757e+00
1.51353665905e+00
1.51348091315e+00
1.51363744493e+00
1.51356255261e+00
1.51385875120e+00
1.51393951748e+00
1.51445716104e+00
1.51371085430e+00
1.51383541881e+00
1.51377863204e+00
1.51398086348e+00
1.51302841319e+00
1.51374973341e+00
1.51402655896e+00
1.51373114223e+00
1.51375107098e+00
1.51346228013e+00
1.51304281401e+00
1.51398100706e+00
1.51436288794e+00
1.51379278742e+00
1.51385263248e+00
1.51387994402e+00
1.51372246386e+00
1.51376023204e+00
1.51372627865e+00
1.51417892425e+00
1.51392305040e+00
1.51424694257e+00
1.51366676308e+00
1.51395426707e+00
1.51427319161e+00
1.51364964599e+00
1.51399795479e+00
1.51296582029e+00
1.51374721468e+00
1.51383896328e+00
1.51334823444e+00
1.51399000612e+00
1.51379187656e+00
1.51408622720e+00
1.51390438499e+00
1.51432676555e+00
1.51307635509e+00
1.51360401513e+00
1.51402601685e+00
1.51428858608e+00
1.51327325104e+00
1.51374797403e+00
1.51380177199e+00
1.51368840282e+00
1.51415256880e+00
1.51350705705e+00
1.51300078617e+00
1.51422222960e+00
1.51292968920e+00
1.51370298566e+00
1.51383551774e+00
1.51387849401e+00
1.51381535980e+00
1.51329350364e+00
1.51438070161e+00
1.51354892802e+00
1.51373383186e+00
1.51337635857e+00
1.51352155755e+00
1.51396760017e+00
1.51407843351e+00
1.51334315016e+00
1.51399233272e+00
1.51382623126e+00
1.51400960656e+00
1.51327723994e+00
1.51339888873e+00
1.51379497929e+00
1.51363731714e+00
1.51392185827e+00
1.51363044176e+00
1.51430759060e+00
1.51370775423e+00
1.51402947071e+00
1.51391181251e+00
1.51395923920e+00
1.51366648682e+00
1.51436783032e+00
1.51399035025e+00
1.51371302266e+00
1.51392387171e+00
1.51377969326e+00
1.51358907834e+00
1.51360481083e+00
1.51348154733e+00
1.51382708631e+00
1.51390196791e+00
1.51409262429e+00
1.51406087150e+00
1.51367356157e+00
1.51341920388e+00
1.51336789168e+00
1.51406206404e+00
1.51337812995e+00
1.51367962060e+00
1.51377002098e+00
1.51363737636e+00
1.51336206867e+00
1.51370542417e+00
1.51376021514e+00
1.51431339180e+00
1.51403046297e+00
1.51375057402e+00
1.51391694595e+00
1.51367452573e+00
1.51356975047e+00
1.51381817382e+00
1.51418077514e+00
1.51388631625e+00
1.51332934238e+00
1.51377081225e+00