1.42031253043e+01
1.41834066517e+01
1.41748506658e+01
1.42290594770e+01
1.41723642069e+01
1.41709637641e+01
1.41643571109e+01
1.41653302124e+01
1.42068960789e+01
1.42228053654e+01
1.41841113521e+01
1.41943366424e+01
1.42442150612e+01
1.42146887213e+01
1.41909637578e+01
1.42210255794e+01
1.41641226566e+01
1.41793366057e+01
1.42055827722e+01
1.42077127869e+01
1.42386954185e+01
1.42128137887e+01
1.42102840596e+01
1.41765174763e+01
1.42391691227e+01
1.42592434387e+01
1.42544188315e+01
1.41559404440e+01
1.41686619383e+01
1.41901384856e+01
1.42456068201e+01
1.42172490833e+01
1.42123656640e+01
1.41991905392e+01
1.42237741008e+01
1.42262779290e+01
1.42519912027e+01
1.42234032163e+01
1.42010434307e+01
1.42240874133e+01
1.42184840254e+01
1.42016454635e+01
1.42063023185e+01
1.41864403182e+01
1.42095900561e+01
1.42008902513e+01
1.42391456403e+01
1.41950339634e+01
1.41851974725e+01
1.42290035039e+01
1.42157742310e+01
1.42354251021e+01
1.41978930005e+01
1.42018042130e+01
1.42427771475e+01
1.42337890328e+01
1.42302779468e+01
1.41898877823e+01
1.42273079837e+01
1.42288006653e+01
1.42252928831e+01
1.42191049040e+01
1.41930938735e+01
1.41996638689e+01
1.42411603660e+01
1.41659105896e+01
1.42059231550e+01
1.41984085337e+01
1.41893697925e+01
1.41704697478e+01
1.41854024307e+01
1.42201096518e+01
1.42002029356e+01
1.42083760919e+01
1.42421550828e+01
1.41806586357e+01
1.42273261871e+01
1.41706904741e+01
1.41977513521e+01
1.41979415304e+01
1.41842334502e+01
1.41837459391e+01
1.41695846841e+01
1.41989676567e+01
1.42090194531e+01
1.42061438422e+01
1.42022995093e+01
1.42166166543e+01
1.42309663289e+01
1.42355243079e+01
1.41876869387e+01
1.42246110434e+01
1.42118793127e+01
1.42075393711e+01
1.42645685061e+01
1.41944974640e+01
1.41907652375e+01
1.41947330260e+01
1.41907873711e+01
1.41897828635e+01
1.42025818858e+01
1.42490650972e+01
1.42010759426e+01
1.42067248711e+01
1.41799947308e+01
1.42024130259e+01
1.42133580795e+01
1.41889911011e+01
1.42089655418e+01
1.42311531410e+01
1.42052662048e+01
1.42311077965e+01
1.41728045293e+01
1.41868281487e+01
1.41767790851e+01
1.42237005346e+01
1.42257813891e+01
1.42281927899e+01
1.42530139114e+01
1.42251488097e+01
1.41971165336e+01
1.42023733243e+01
1.42313499840e+01
1.41987847662e+01
1.42009935164e+01
1.41927095089e+01
1.42131325962e+01
1.42307757245e+01
1.41764951605e+01
1.42046175624e+01
1.42124649568e+01
1.41896175621e+01
1.41995626237e+01
1.42007949234e+01
1.41798179603e+01
1.41874967110e+01
1.42166797643e+01
1.42022963324e+01
1.41749525958e+01
1.41999611643e+01
1.41963054477e+01
1.41648394215e+01
1.42436233013e+01
1.41940149804e+01
1.41719554172e+01
1.42093041493e+01
1.41892790507e+01
1.42304232657e+01
1.42354305343e+01
1.42150320759e+01
1.42198121574e+01
1.42082158588e+01
1.42084375437e+01
1.42153608155e+01
1.41771543943e+01
1.41973114188e+01
1.42247128579e+01
1.42263117231e+01
1.42085440700e+01
1.41765431906e+01
1.42082721060e+01
1.42018765328e+01
1.42172959833e+01
1.42100539879e+01
1.42230861024e+01
1.42099328808e+01
1.41851273397e+01
1.42407756153e+01
1.42005434403e+01
1.42050042101e+01
1.41911782530e+01
1.41807507131e+01
1.42085325779e+01
1.42226638286e+01
1.42355164892e+01
1.42137243056e+01
1.42147593552e+01
1.42217662135e+01
1.42203342430e+01
1.42186324460e+01
1.42327088477e+01
1.42044056006e+01
1.42035566180e+01
1.42064271578e+01
1.42502533005e+01
1.42466793677e+01
1.41389837217e+01
1.42014656965e+01
1.42166340393e+01
1.42096343055e+01
1.42118902734e+01
1.41674735583e+01
1.42258560033e+01
1.41655199114e+01
1.41788980801e+01
1.41846603092e+01
1.41879673210e+01
1.42149089398e+01
1.42225929531e+01
1.42052542494e+01
1.42025702249e+01
1.41749657956e+01
1.42408813614e+01
1.42188314219e+01
1.42379476657e+01
1.41595532998e+01
1.41943262938e+01
1.42045010676e+01
1.41780670773e+01
1.41991444944e+01
1.42306718224e+01
1.42359859869e+01
1.42105615207e+01
1.41947816461e+01
1.42051069671e+01
1.42335455187e+01
1.41693161721e+01
1.42067316031e+01
1.42154862606e+01
1.41940379505e+01
1.42074338419e+01
1.42354252236e+01
1.42361164644e+01
1.41731698268e+01
1.41905397848e+01
1.42135071009e+01
1.42127802735e+01
1.42441298546e+01
1.42144947344e+01
1.42298165041e+01
1.41770721462e+01
1.42138196183e+01
1.41964584919e+01
1.42677757738e+01
1.42027089130e+01
1.42070080933e+01
1.42225642002e+01
1.42200447574e+01
1.42280597795e+01
1.42388788393e+01
1.42171184878e+01
1.42309912069e+01
1.42234580397e+01
1.42394028956e+01
1.42029354684e+01
1.41526046196e+01
1.42180887073e+01
1.41921696070e+01
1.42501592680e+01
1.42268444184e+01
1.42158352910e+01
1.42055854060e+01
1.42080184770e+01
1.42374710405e+01
1.42582252251e+01
1.42146410846e+01
1.42097243714e+01
1.42151562447e+01
1.41966837173e+01
1.42094582515e+01
1.42087139604e+01
1.42214194179e+01
1.42238746417e+01
1.42131192084e+01
1.42091941739e+01
1.42103070289e+01
1.42179769256e+01
1.41949629775e+01
1.42228062341e+01
1.42126547702e+01
1.41818406530e+01
1.42087951857e+01
1.41915977301e+01
1.42097584917e+01
1.41927082302e+01
1.42338122947e+01
1.42009348119e+01
1.41924871393e+01
1.42178769407e+01
1.42470158211e+01
1.41922432899e+01
1.42095122047e+01
1.42029637159e+01
1.41789082972e+01
1.42274148122e+01
1.42419566750e+01
1.42466193315e+01
1.41930446156e+01
1.42461160843e+01
1.42045037080e+01
1.42198185414e+01
1.41942581990e+01
1.42091883520e+01
1.42268386383e+01
1.41926020131e+01
1.41845800831e+01
1.41902598618e+01
1.41885534038e+01
1.42402504476e+01
1.42200480964e+01
1.42076376474e+01
1.41889615704e+01
1.42142631228e+01
1.42053425425e+01
1.41692420767e+01
1.42123095307e+01
1.42012093331e+01
1.42399081061e+01
1.42418990053e+01
1.41880122104e+01
1.41974694787e+01
1.42365202515e+01
1.42143206903e+01
1.42061549662e+01
1.41966451961e+01
1.41860435735e+01
1.41612633865e+01
1.42167569530e+01
1.42141133802e+01
1.41868341001e+01
1.42158375011e+01
1.42013806162e+01
1.41411649242e+01
1.41876201317e+01
1.41995521185e+01
1.42073472214e+01
1.41789187378e+01
1.42396445227e+01
1.42292581063e+01
1.42133694542e+01
1.41894432404e+01
1.42155061488e+01
1.42287069693e+01
1.42252214502e+01
1.41725828476e+01
1.41758611255e+01
1.41952962994e+01
1.41999522783e+01
1.41773577409e+01
1.42224794090e+01
1.41562550451e+01
1.42245177776e+01
1.42072339305e+01
1.42205297184e+01
1.42080677311e+01
1.42296697726e+01
1.42183487488e+01
1.42207350855e+01
1.42282089215e+01
1.42175588223e+01
1.42021559733e+01
1.42186407336e+01
1.41966657273e+01
1.42398055696e+01
1.42146098695e+01
1.42126052905e+01
1.41855308590e+01
1.42376631738e+01
1.42332503971e+01
1.42135209862e+01
1.42017304573e+01
1.41907935726e+01
1.42482505234e+01
1.42070337130e+01
1.42151700456e+01
1.42198562770e+01
1.41950568493e+01
1.42308381091e+01
1.42126410673e+01
1.42139966273e+01
1.42121729262e+01
1.42187386766e+01
1.41697756712e+01
1.42298753204e+01
1.42234299771e+01
1.41961355835e+01
1.42009736505e+01
1.41767490272e+01
1.41965580322e+01
1.41825709671e+01
1.42059187497e+01
1.41847841021e+01
1.41968793419e+01
1.41945868171e+01
1.42349989540e+01
1.41914566831e+01
1.42051445523e+01
1.42242645874e+01
1.42315394544e+01
1.42259572902e+01
1.42249045096e+01
1.42289657670e+01
1.42072750180e+01
1.42301728749e+01
1.41997849850e+01
1.41990207812e+01
1.42443545130e+01
1.41957079806e+01
1.41699430024e+01
1.42390827836e+01
1.42154002492e+01
1.41765084791e+01
1.41722589670e+01
1.41833039315e+01
1.41894744619e+01
1.42306083673e+01
1.42092386950e+01
1.42447861361e+01
1.42178941798e+01
1.42033916455e+01
1.42132466326e+01
1.42213657239e+01
1.42212800073e+01
1.41664590537e+01
1.42099263546e+01
1.42097100280e+01
1.42356663806e+01
1.41732164478e+01
1.42377054468e+01
1.42057107612e+01
1.42336426486e+01
1.41949656311e+01
1.42030808407e+01
1.41640255766e+01
1.42386970480e+01
1.42394379574e+01
1.42200009014e+01
1.42366008873e+01
1.42144670053e+01
1.42005710393e+01
1.42296166140e+01
1.42155534293e+01
1.41752884187e+01
1.42230046148e+01
1.42010515890e+01
1.42160167262e+01
1.42227978796e+01
1.41585110101e+01
1.42032760277e+01
1.42239562543e+01
1.42186430793e+01
1.42129836019e+01
1.42129675898e+01
1.41938194705e+01
1.42255085586e+01
1.42173073575e+01
1.41846427570e+01
1.42084293413e+01
1.41631767390e+01
1.42138867049e+01
1.41835808720e+01
1.41991063543e+01
1.42317126544e+01
1.41873366668e+01
1.42149263492e+01
1.42244422663e+01
1.42167390589e+01
1.41883891860e+01
1.42423798119e+01
1.41923494447e+01
1.41876122041e+01
1.42145423331e+01
1.42103757680e+01
1.42200310966e+01
1.41633306125e+01
1.42010974793e+01
1.42273775638e+01
1.42069786158e+01
1.42330420378e+01
1.42136958726e+01
1.42019336878e+01
1.42275113425e+01
1.42024774551e+01
1.42333446859e+01
1.42012025222e+01
1.41860615462e+01
1.41897432373e+01
1.41957828269e+01
1.42287101900e+01
1.41670429126e+01
1.42373445205e+01
1.42329234146e+01
1.42198792991e+01
1.42172496061e+01
1.41922271905e+01
1.42092020061e+01
1.42411134714e+01
1.42105777852e+01
1.42129343677e+01
1.41821032307e+01
1.41967232882e+01
1.41789404046e+01
1.41738115245e+01
1.42532008182e+01
1.42391428997e+01
1.42297792624e+01
1.41781199267e+01
1.42159663105e+01
1.41876488124e+01
1.42028725558e+01
1.42074343705e+01