2.34739787758e+00
2.34759844215e+00
2.34689225415e+00
2.34821164916e+00
2.34789649298e+00
2.34769918231e+00
2.34705732318e+00
2.34699642470e+00
2.34777464892e+00
2.34780651647e+00
2.34736055948e+00
2.34758226806e+00
2.34802228178e+00
2.34769965733e+00
2.34720724007e+00
2.34739801306e+00
2.34738618736e+00
2.34771416641e+00
2.34729712656e+00
2.34726703790e+00
2.34744980213e+00
2.34779525048e+00
2.34723850117e+00
2.34678849418e+00
2.34770347849e+00
2.34715069512e+00
2.34665994166e+00
2.34819069063e+00
2.34681126100e+00
2.34727041927e+00
2.34772339541e+00
2.34712301456e+00
2.34716153339e+00
2.34709729094e+00
2.34781302078e+00
2.34692830886e+00
2.34737078420e+00
2.34750901781e+00
2.34707394253e+00
2.34758072978e+00
2.34709535382e+00
2.34735570903e+00
2.34760393415e+00
2.34708972211e+00
2.34709638937e+00
2.34760488185e+00
2.34727257270e+00
2.34839694017e+00
2.34765892519e+00
2.34728912745e+00
2.34774559637e+00
2.34719509555e+00
2.34710256256e+00
2.34703940310e+00
2.34824562325e+00
2.34700182532e+00
2.34728253211e+00
2.34705013704e+00
2.34731029214e+00
2.34769352527e+00
2.34688259269e+00
2.34794926123e+00
2.34755040704e+00
2.34740214216e+00
2.34763538479e+00
2.34743358063e+00
2.34734743716e+00
2.34755796802e+00
2.34734672724e+00
2.34739795517e+00
2.34823440595e+00
2.34795459406e+00
2.34758832245e+00
2.34762086898e+00
2.34793097208e+00
2.34714536963e+00
2.34803317265e+00
2.34676266885e+00
2.34756103194e+00
2.34759988964e+00
2.34716861163e+00
2.34719946517e+00
2.34706525244e+00
2.34741250807e+00
2.34711842302e+00
2.34738109707e+00
2.34771581531e+00
2.34675368296e+00
2.34734076006e+00
2.34772134154e+00
2.34708049030e+00
2.34689989897e+00
2.34721356284e+00
2.34813369279e+00
2.34751707975e+00
2.34735439847e+00
2.34734326463e+00
2.34731512986e+00
2.34706090769e+00
2.34687785701e+00
2.34781384497e+00
2.34707879381e+00
2.34744323581e+00
2.34782042956e+00
2.34665645516e+00
2.34748709021e+00
2.34755342691e+00
2.34734860374e+00
2.34753974939e+00
2.34691692115e+00
2.34790091658e+00
2.34812283027e+00
2.34773255512e+00
2.34684367179e+00
2.34693493289e+00
2.34781701545e+00
2.34770053297e+00
2.34783514125e+00
2.34715353073e+00
2.34789761900e+00
2.34719962951e+00
2.34741209769e+00
2.34703833169e+00
2.34738528508e+00
2.34743161280e+00
2.34790693268e+00
2.34747950118e+00
2.34665701525e+00
2.34754992053e+00
2.34750589318e+00
2.34734372711e+00
2.34818607224e+00
2.34770994807e+00
2.34774793481e+00
2.34775987846e+00
2.34721389968e+00
2.34730102339e+00
2.34760934679e+00
2.34769482249e+00
2.34771332422e+00
2.34733547614e+00
2.34726414188e+00
2.34785845223e+00
2.34800214073e+00
2.34700056423e+00
2.34751494265e+00
2.34642170190e+00
2.34723433779e+00
2.34797624384e+00
2.34684722027e+00
2.34722760772e+00
2.34714139460e+00
2.34786936496e+00
2.34675062001e+00
2.34703101622e+00
2.34705287871e+00
2.34670919553e+00
2.34778551094e+00
2.34728831103e+00
2.34821237769e+00
2.34713076653e+00
2.34727589190e+00
2.34709001707e+00
2.34741286214e+00
2.34719917899e+00
2.34673967044e+00
2.34726514511e+00
2.34801509980e+00
2.34721718814e+00
2.34790172283e+00
2.34735734091e+00
2.34796150702e+00
2.34731144028e+00
2.34680212759e+00
2.34769610669e+00
2.34678474066e+00
2.34738010225e+00
2.34726344204e+00
2.34692432318e+00
2.34740317302e+00
2.34692269284e+00
2.34761358311e+00
2.34723637868e+00
2.34681187348e+00
2.34772211232e+00
2.34750626149e+00
2.34778261231e+00
2.34749504889e+00
2.34746539106e+00
2.34773567313e+00
2.34763567394e+00
2.34742249523e+00
2.34709342511e+00
2.34728836573e+00
2.34704605519e+00
2.34712809843e+00
2.34725339048e+00
2.34817556575e+00
2.34777769376e+00
2.34741418350e+00
2.34760933944e+00
2.34711419673e+00
2.34789499824e+00
2.34708864324e+00
2.34802713657e+00
2.34821610889e+00
2.34709909513e+00
2.34703391992e+00
2.34746366619e+00
2.34762100769e+00
2.34730451751e+00
2.34741389342e+00
2.34724700934e+00
2.34759704505e+00
2.34694886089e+00
2.34700921574e+00
2.34746704414e+00
2.34731582803e+00
2.34737396355e+00
2.34716229676e+00
2.34758422505e+00
2.34705187196e+00
2.34714037620e+00
2.34719601267e+00
2.34710251517e+00
2.34767669087e+00
2.34756608019e+00
2.34780808571e+00
2.34771499072e+00
2.34715742548e+00
2.34730702978e+00
2.34730534358e+00
2.34720563343e+00
2.34774219832e+00
2.34766390095e+00
2.34845649089e+00
2.34732035176e+00
2.34767273283e+00
2.34751787057e+00
2.34729309455e+00
2.34735571148e+00
2.34761156549e+00
2.34717856100e+00
2.34771450162e+00
2.34735368712e+00
2.34733750783e+00
2.34730541552e+00
2.34704941997e+00
2.34639089937e+00
2.34780851948e+00
2.34728151810e+00
2.34711432803e+00
2.34756078715e+00
2.34691622267e+00
2.34772465639e+00
2.34790413344e+00
2.34735061708e+00
2.34801334390e+00
2.34711888962e+00
2.34790194325e+00
2.34763674638e+00
2.34725973112e+00
2.34761333854e+00
2.34798601772e+00
2.34733961240e+00
2.34748084493e+00
2.34735789532e+00
2.34755327579e+00
2.34709378107e+00
2.34780493553e+00
2.34715128285e+00
2.34722146308e+00
2.34761456781e+00
2.34799925064e+00
2.34706512840e+00
2.34687367790e+00
2.34787755969e+00
2.34750673542e+00
2.34765448621e+00
2.34787591203e+00
2.34771276360e+00
2.34746923901e+00
2.34823584605e+00
2.34779568621e+00
2.34737592794e+00
2.34708451939e+00
2.34815468276e+00
2.34782339506e+00
2.34771475712e+00
2.34690035982e+00
2.34783230955e+00
2.34753670297e+00
2.34658870927e+00
2.34734012269e+00
2.34680260595e+00
2.34695687429e+00
2.34670557483e+00
2.34709394199e+00
2.34710273587e+00
2.34793198728e+00
2.34754448114e+00
2.34759204278e+00
2.34753399125e+00
2.34740117364e+00
2.34718384688e+00
2.34747854122e+00
2.34758933163e+00
2.34779004427e+00
2.34744454197e+00
2.34735127534e+00
2.34718722244e+00
2.34764064655e+00
2.34740158552e+00
2.34754320632e+00
2.34783776694e+00
2.34744134156e+00
2.34693655402e+00
2.34800514506e+00
2.34797315567e+00
2.34767812457e+00
2.34763083649e+00
2.34676701025e+00
2.34735987609e+00
2.34696271842e+00
2.34737420492e+00
2.34734312931e+00
2.34685280918e+00
2.34762253866e+00
2.34760839371e+00
2.34810291960e+00
2.34795355321e+00
2.34741036461e+00
2.34682266090e+00
2.34746856508e+00
2.34741555601e+00
2.34726059392e+00
2.34704629583e+00
2.34686682105e+00
2.34795194058e+00
2.34752271610e+00
2.34740612910e+00
2.34763074264e+00
2.34772018145e+00
2.34768141613e+00
2.34776875854e+00
2.34787960309e+00
2.34816560042e+00
2.34724916950e+00
2.34702020152e+00
2.34735757374e+00
2.34752959995e+00
2.34774683154e+00
2.34725348081e+00
2.34791759586e+00
2.34707840911e+00
2.34742959131e+00
2.34740661014e+00
2.34782483360e+00
2.34723556008e+00
2.34676681701e+00
2.34767779105e+00
2.34800607054e+00
2.34787202424e+00
2.34774795933e+00
2.34673989266e+00
2.34722491265e+00
2.34702892682e+00
2.34726989226e+00
2.34719707551e+00
2.34697935529e+00
2.34741563403e+00
2.34705673521e+00
2.34751491459e+00
2.34762670456e+00
2.34772333861e+00
2.34712020502e+00
2.34770865959e+00
2.34799938098e+00
2.34706939456e+00
2.34775993841e+00
2.34684185132e+00
2.34706870431e+00
2.34738013856e+00
2.34733035419e+00
2.34786465593e+00
2.34733882352e+00
2.34679248059e+00
2.34740092100e+00
2.34757434898e+00
2.34780469243e+00
2.34718752351e+00
2.34743237367e+00
2.34741153621e+00
2.34752094808e+00
2.34781921183e+00
2.34773643445e+00
2.34759735768e+00
2.34662329495e+00
2.34697360879e+00
2.34800737858e+00
2.34773850582e+00
2.34722315705e+00
2.34724668453e+00
2.34717885625e+00
2.34731879642e+00
2.34787671673e+00
2.34771149850e+00
2.34728019071e+00
2.34737921835e+00
2.34697492568e+00
2.34690061851e+00
2.34759006602e+00
2.34716772146e+00
2.34654693596e+00
2.34728889018e+00
2.34702576945e+00
2.34790037857e+00
2.34772524443e+00
2.34783225649e+00
2.34771569378e+00
2.34784277763e+00
2.34760271917e+00
2.34776036936e+00
2.34788076839e+00
2.34793919927e+00
2.34770402870e+00
2.34775774353e+00
2.34752626037e+00
2.34684787086e+00
2.34745382597e+00
2.34713014160e+00
2.34712748095e+00
2.34743221378e+00
2.34718375432e+00
2.34750924094e+00
2.34762256057e+00
2.34744811117e+00
2.34825246630e+00
2.34718498167e+00
2.34743507195e+00
2.34764705931e+00
2.34784773563e+00
2.34698242869e+00
2.34779086766e+00
2.34761120628e+00
2.34780338309e+00
2.34753874640e+00
2.34816734115e+00
2.34728578807e+00
2.34711931159e+00
2.34735959113e+00
2.34791140168e+00
2.34695510797e+00
2.34736767516e+00
2.34707514953e+00
2.34763978377e+00
2.34719171344e+00
2.34710812585e+00
2.34712450911e+00
2.34752639752e+00
2.34721685683e+00
2.34730870085e+00
2.34739232573e+00
2.34775948123e+00
2.34694162162e+00
2.34664693487e+00
2.34746452912e+00
2.34735072986e+00
2.34684479215e+00
2.34742438643e+00
2.34789107202e+00
2.34715874156e+00
2.34673109551e+00
2.34751220717e+00
2.34769536883e+00
2.34758563587e+00
2.34725624378e+00
2.34693214387e+00
2.34738268170e+00
2.34702394716e+00
2.34762535953e+00
2.34720249534e+00
2.34768197931e+00
2.34709378682e+00
2.34657300415e+00
2.34734821420e+00
2.34809996250e+00
2.34704847512e+00
2.34741767257e+00
2.34738785188e+00
2.34782570256e+00
2.34678052504e+00
2.34738738424e+00
2.34766320590e+00
2.34779551050e+00
2.34739202909e+00
2.34726080784e+00
2.34766119211e+00
2.34736730864e+00
2.34758164061e+00
2.34741951476e+00