2.14702768608e+04
2.14798709795e+04
2.14050394239e+04
2.14289924156e+04
2.13848810874e+04
2.14477152735e+04
2.14154471534e+04
2.13883784032e+04
2.12857849847e+04
2.14208924047e+04
2.13693828638e+04
2.13834481117e+04
2.15785914707e+04
2.15474471590e+04
2.14026819600e+04
2.13477083221e+04
2.12372359782e+04
2.13364893870e+04
2.13488519861e+04
2.14914635789e+04
2.14950603370e+04
2.14786274975e+04
2.14010677748e+04
2.14110735466e+04
2.15322807820e+04
2.15723255864e+04
2.14718525499e+04
2.12991151430e+04
2.14648914756e+04
2.13703712268e+04
2.15011737629e+04
2.15462458061e+04
2.14472140580e+04
2.14881018670e+04
2.14990013938e+04
2.14750246340e+04
2.15335974214e+04
2.14406595210e+04
2.14011874739e+04
2.14802269295e+04
2.14669871841e+04
2.13217744323e+04
2.15226313788e+04
2.14489567741e+04
2.14729472629e+04
2.14359650109e+04
2.15224465109e+04
2.14073617161e+04
2.13746518142e+04
2.14329501217e+04
2.14331319841e+04
2.15930456762e+04
2.13358059109e+04
2.14435312488e+04
2.13738034993e+04
2.16221381107e+04
2.14546927049e+04
2.14359630833e+04
2.14325815554e+04
2.14030718111e+04
2.15247777546e+04
2.14910202055e+04
2.14469563297e+04
2.12939842142e+04
2.14616164960e+04
2.12611828690e+04
2.14354032838e+04
2.14140037213e+04
2.14516299124e+04
2.13313666465e+04
2.13016339732e+04
2.13977608084e+04
2.13291954025e+04
2.13883595327e+04
2.15743145495e+04
2.14581955902e+04
2.15111329756e+04
2.13757111696e+04
2.13468406065e+04
2.13750400554e+04
2.14552680043e+04
2.13985747054e+04
2.14647693534e+04
2.13492735746e+04
2.14145002773e+04
2.14172147592e+04
2.14737436335e+04
2.14695335581e+04
2.14282249138e+04
2.15293059380e+04
2.13231127888e+04
2.14851585436e+04
2.13983653663e+04
2.13464035196e+04
2.15742582860e+04
2.14008234064e+04
2.13550592261e+04
2.13392969344e+04
2.15618412623e+04
2.14012349548e+04
2.13268714891e+04
2.14690170699e+04
2.14083224398e+04
2.14412170107e+04
2.13893353016e+04
2.14150194205e+04
2.15566288640e+04
2.13230749375e+04
2.13261410107e+04
2.13817120639e+04
2.15222975238e+04
2.15306865979e+04
2.12913374187e+04
2.14859772733e+04
2.14086838688e+04
2.14018235080e+04
2.14344272616e+04
2.14522067956e+04
2.14877257250e+04
2.13618673926e+04
2.14965265255e+04
2.14273070638e+04
2.14180684018e+04
2.13607459673e+04
2.14898936487e+04
2.13667364665e+04
2.15209162523e+04
2.14415303927e+04
2.12866230623e+04
2.14152348682e+04
2.14323133639e+04
2.13295785693e+04
2.15280395960e+04
2.13653946278e+04
2.14923646999e+04
2.14515353652e+04
2.14908926437e+04
2.14172145547e+04
2.14960532706e+04
2.13641970120e+04
2.14250039967e+04
2.13947029854e+04
2.14746960413e+04
2.13901056173e+04
2.13758208518e+04
2.14298278245e+04
2.14423641396e+04
2.14075940601e+04
2.15221180358e+04
2.15026096947e+04
2.14250227920e+04
2.14630025031e+04
2.13399203051e+04
2.14563124793e+04
2.13658173737e+04
2.14098941102e+04
2.14714122550e+04
2.14895647429e+04
2.14452896358e+04
2.13792966384e+04
2.14617543223e+04
2.14954522053e+04
2.15178527399e+04
2.14733266959e+04
2.13522812508e+04
2.14784595548e+04
2.14032088224e+04
2.14659791844e+04
2.14743435952e+04
2.14152414910e+04
2.13685763540e+04
2.14154399708e+04
2.14203373075e+04
2.15340790630e+04
2.14841203894e+04
2.15143788315e+04
2.14135213627e+04
2.14138580921e+04
2.14807547685e+04
2.14624739383e+04
2.14689572115e+04
2.13644645629e+04
2.14916359586e+04
2.14957152059e+04
2.15143018951e+04
2.14896481230e+04
2.13138284344e+04
2.13660838819e+04
2.15407119230e+04
2.13807624113e+04
2.14872202364e+04
2.13332589892e+04
2.15408459089e+04
2.13934956748e+04
2.14132804292e+04
2.14189181753e+04
2.14299417751e+04
2.13678075823e+04
2.15056474315e+04
2.12921824229e+04
2.14699981696e+04
2.14628647349e+04
2.14741160390e+04
2.14524437632e+04
2.15354881094e+04
2.13165127250e+04
2.13257732650e+04
2.14146941659e+04
2.11684385392e+04
2.14581848118e+04
2.13927253680e+04
2.14732874392e+04
2.14893690331e+04
2.14733353857e+04
2.15727491675e+04
2.14709052867e+04
2.13133277255e+04
2.14122048762e+04
2.14369890353e+04
2.14203667219e+04
2.13894887943e+04
2.15240737656e+04
2.14088572691e+04
2.14473256834e+04
2.15211166692e+04
2.14566163701e+04
2.15366909784e+04
2.14578689823e+04
2.14733835699e+04
2.14301811212e+04
2.13179371157e+04
2.13993780006e+04
2.14344484460e+04
2.14560374193e+04
2.13889998523e+04
2.14065123973e+04
2.14546188692e+04
2.13847275931e+04
2.15878505942e+04
2.15533454591e+04
2.14466379971e+04
2.14441575358e+04
2.15110200701e+04
2.14517827862e+04
2.15065368609e+04
2.14024646854e+04
2.14807270439e+04
2.14779232240e+04
2.14910273151e+04
2.13997573272e+04
2.14421052511e+04
2.14808585886e+04
2.13886039279e+04
2.14404866341e+04
2.15640553352e+04
2.14541962700e+04
2.14727809605e+04
2.15070909564e+04
2.14264919323e+04
2.13913781945e+04
2.13571050134e+04
2.13985224625e+04
2.13991030654e+04
2.14893647614e+04
2.14144727611e+04
2.14930203470e+04
2.15473164243e+04
2.14137709887e+04
2.15519666816e+04
2.14571938184e+04
2.13737840427e+04
2.14075974308e+04
2.14219064271e+04
2.14461592744e+04
2.14977609662e+04
2.14396466258e+04
2.14660732362e+04
2.14014550606e+04
2.14685879230e+04
2.14804339012e+04
2.14286404853e+04
2.13868100777e+04
2.14432201529e+04
2.13293934079e+04
2.14086004525e+04
2.14278868231e+04
2.14905338995e+04
2.14760873372e+04
2.14433209699e+04
2.14580618905e+04
2.14516043791e+04
2.14700110576e+04
2.13972364319e+04
2.14659323605e+04
2.14071789822e+04
2.14066692926e+04
2.13903804619e+04
2.13565247863e+04
2.15480269434e+04
2.15202927654e+04
2.14037955410e+04
2.14514773223e+04
2.14358513679e+04
2.14689243939e+04
2.14373950841e+04
2.14399999790e+04
2.14598724734e+04
2.13679633157e+04
2.15030921713e+04
2.13542204003e+04
2.13518873995e+04
2.15860282732e+04
2.14041076458e+04
2.14497079317e+04
2.14069751437e+04
2.14441346309e+04
2.13775454712e+04
2.13337026703e+04
2.14458143567e+04
2.14411197998e+04
2.13582085108e+04
2.14649893473e+04
2.12192590658e+04
2.13872772747e+04
2.14994161977e+04
2.14359885255e+04
2.15165180133e+04
2.15293584952e+04
2.14472592910e+04
2.14107431056e+04
2.13533732596e+04
2.13730275702e+04
2.15971160506e+04
2.14214482299e+04
2.14804417136e+04
2.12948781340e+04
2.14172330799e+04
2.13881403375e+04
2.14390831932e+04
2.13880081232e+04
2.13347840392e+04
2.15545172534e+04
2.14677319303e+04
2.14850634084e+04
2.13162722200e+04
2.14455397548e+04
2.14029210146e+04
2.14630654927e+04
2.15572718735e+04
2.14865544747e+04
2.15096634672e+04
2.15354745421e+04
2.13602687057e+04
2.13925222449e+04
2.14263810024e+04
2.14984947924e+04
2.15204457404e+04
2.14103099430e+04
2.15134105353e+04
2.14857380605e+04
2.14272069762e+04
2.12776951681e+04
2.14484282789e+04
2.13393284919e+04
2.14541903625e+04
2.15198708102e+04
2.14641766926e+04
2.15284439428e+04
2.13338157915e+04
2.14133888699e+04
2.14972552094e+04
2.14955772009e+04
2.13612479106e+04
2.14405169916e+04
2.13979219408e+04
2.14612143833e+04
2.13842409417e+04
2.13677087964e+04
2.13657493241e+04
2.14115203875e+04
2.13832189430e+04
2.12288492857e+04
2.14191141195e+04
2.14772014923e+04
2.13658038037e+04
2.12629312992e+04
2.14560172768e+04
2.15508177080e+04
2.15368114508e+04
2.15001494250e+04
2.14327369804e+04
2.16313358895e+04
2.14462896846e+04
2.15229854295e+04
2.14674831932e+04
2.14913006837e+04
2.15470021676e+04
2.14599335713e+04
2.14426729841e+04
2.16053363838e+04
2.14651446098e+04
2.13668552902e+04
2.14420374532e+04
2.14091712654e+04
2.14173969210e+04
2.15044363606e+04
2.13025687183e+04
2.15483075897e+04
2.15201604402e+04
2.14948344110e+04
2.15547308718e+04
2.14529059592e+04
2.13966571509e+04
2.13571643537e+04
2.15044113987e+04
2.14976972558e+04
2.15100639630e+04
2.12946018675e+04
2.15645234337e+04
2.14287514845e+04
2.15302943526e+04
2.13928074798e+04
2.13969272935e+04
2.13176097009e+04
2.15129039489e+04
2.13970327113e+04
2.14847990633e+04
2.13877528881e+04
2.14907720777e+04
2.14628166359e+04
2.14664688453e+04
2.15637764704e+04
2.13859505796e+04
2.13969117406e+04
2.14745661430e+04
2.13560904290e+04
2.14556365819e+04
2.13751578449e+04
2.13587415704e+04
2.14538300079e+04
2.14740675541e+04
2.14647255732e+04
2.14936991710e+04
2.13616150929e+04
2.14998571819e+04
2.14471715083e+04
2.14399409757e+04
2.13982091730e+04
2.13489736348e+04
2.14421887903e+04
2.14043364671e+04
2.13267228646e+04
2.15341444745e+04
2.13048857361e+04
2.13920167693e+04
2.14684447414e+04
2.15140565380e+04
2.14733918379e+04
2.14928348928e+04
2.14508755723e+04
2.13875711932e+04
2.14801030593e+04
2.14086431194e+04
2.14624449903e+04
2.13193166181e+04
2.14285831966e+04
2.14420332361e+04
2.14096306642e+04
2.14345795293e+04
2.15324664517e+04
2.14821469346e+04
2.15591967619e+04
2.14398272466e+04
2.14355939562e+04
2.14387560376e+04
2.13964933532e+04
2.14332585913e+04
2.14301133225e+04
2.15962619706e+04
2.13382196397e+04
2.14299150789e+04
2.14035357089e+04
2.15420780030e+04
2.14157162600e+04
2.14136171782e+04
2.14259466778e+04
2.16211546395e+04
2.14754341523e+04
2.15270077294e+04
2.14960521425e+04
2.13243364161e+04
2.14296439820e+04
2.13940315404e+04
2.14435093358e+04
2.15191658900e+04
2.14792879784e+04
2.13557026038e+04
2.15979992497e+04
2.13472677727e+04
2.15014213712e+04
2.14395197707e+04