-2.64667943923e+00
-2.64566565046e+00
-2.64488382212e+00
-2.64706834647e+00
-2.64537708258e+00
-2.64679345757e+00
-2.64442010548e+00
-2.64483840157e+00
-2.64675364221e+00
-2.64691801965e+00
-2.64633213117e+00
-2.64599400826e+00
-2.64717104824e+00
-2.64605524554e+00
-2.64589182785e+00
-2.64548323371e+00
-2.64588923181e+00
-2.64665816037e+00
-2.64631659233e+00
-2.64440461353e+00
-2.64758228563e+00
-2.64568333550e+00
-2.64584478382e+00
-2.64510154841e+00
-2.64703980086e+00
-2.64523604567e+00
-2.64610689482e+00
-2.64655890984e+00
-2.64505918209e+00
-2.64604714999e+00
-2.64592636557e+00
-2.64629438817e+00
-2.64573277078e+00
-2.64563275635e+00
-2.64714717964e+00
-2.64538682539e+00
-2.64630755397e+00
-2.64597673948e+00
-2.64452477250e+00
-2.64567509910e+00
-2.64579933087e+00
-2.64541342455e+00
-2.64645875991e+00
-2.64544177206e+00
-2.64561157110e+00
-2.64650430455e+00
-2.64585692641e+00
-2.64689462891e+00
-2.64506117719e+00
-2.64694093066e+00
-2.64646305283e+00
-2.64672115204e+00
-2.64574758469e+00
-2.64546969192e+00
-2.64613903948e+00
-2.64533213694e+00
-2.64546976823e+00
-2.64509134145e+00
-2.64687149705e+00
-2.64701570644e+00
-2.64583358097e+00
-2.64590659687e+00
-2.64482719570e+00
-2.64585611288e+00
-2.64574276850e+00
-2.64517585444e+00
-2.64549705976e+00
-2.64663012525e+00
-2.64578351224e+00
-2.64614037537e+00
-2.64630239570e+00
-2.64582087433e+00
-2.64602562146e+00
-2.64625200352e+00
-2.64615986167e+00
-2.64619385677e+00
-2.64674689623e+00
-2.64467467118e+00
-2.64653193304e+00
-2.64481018398e+00
-2.64641359595e+00
-2.64636804225e+00
-2.64430094166e+00
-2.64525827399e+00
-2.64592884813e+00
-2.64564589195e+00
-2.64580044154e+00
-2.64592804284e+00
-2.64694546758e+00
-2.64686051493e+00
-2.64589594079e+00
-2.64406811616e+00
-2.64615218054e+00
-2.64609533184e+00
-2.64617440242e+00
-2.64489011097e+00
-2.64551730174e+00
-2.64592620990e+00
-2.64571275415e+00
-2.64503888736e+00
-2.64519952442e+00
-2.64705244317e+00
-2.64554852351e+00
-2.64579924485e+00
-2.64352629455e+00
-2.64561947727e+00
-2.64611202346e+00
-2.64602661364e+00
-2.64560701391e+00
-2.64625108315e+00
-2.64581963417e+00
-2.64655203659e+00
-2.64629109439e+00
-2.64484892578e+00
-2.64494019004e+00
-2.64650705516e+00
-2.64709439724e+00
-2.64685404157e+00
-2.64606948054e+00
-2.64613050919e+00
-2.64657110240e+00
-2.64566111025e+00
-2.64607019540e+00
-2.64643271516e+00
-2.64587254975e+00
-2.64543081570e+00
-2.64541212018e+00
-2.64489381328e+00
-2.64635650086e+00
-2.64527627194e+00
-2.64598468307e+00
-2.64641074290e+00
-2.64618914636e+00
-2.64615066431e+00
-2.64553017173e+00
-2.64488734866e+00
-2.64675068711e+00
-2.64560342441e+00
-2.64541640496e+00
-2.64531215478e+00
-2.64581011918e+00
-2.64501277478e+00
-2.64588697775e+00
-2.64594569804e+00
-2.64458805849e+00
-2.64700020543e+00
-2.64533910084e+00
-2.64712084557e+00
-2.64669605226e+00
-2.64580724534e+00
-2.64672547976e+00
-2.64643129917e+00
-2.64583105049e+00
-2.64512706498e+00
-2.64529678338e+00
-2.64559562680e+00
-2.64630109164e+00
-2.64632393923e+00
-2.64532355208e+00
-2.64597092143e+00
-2.64606673308e+00
-2.64573215003e+00
-2.64584108251e+00
-2.64666847656e+00
-2.64644532234e+00
-2.64634167284e+00
-2.64533119136e+00
-2.64574922640e+00
-2.64437558478e+00
-2.64641879941e+00
-2.64564784656e+00
-2.64415528817e+00
-2.64654270181e+00
-2.64542084213e+00
-2.64604182394e+00
-2.64573622174e+00
-2.64607122903e+00
-2.64574773075e+00
-2.64661054386e+00
-2.64618001702e+00
-2.64645714320e+00
-2.64554996080e+00
-2.64591560989e+00
-2.64580370272e+00
-2.64651460535e+00
-2.64551140810e+00
-2.64524511475e+00
-2.64636502415e+00
-2.64519417035e+00
-2.64592523617e+00
-2.64538553981e+00
-2.64546920922e+00
-2.64537337660e+00
-2.64476165200e+00
-2.64597293613e+00
-2.64473238772e+00
-2.64677215485e+00
-2.64663435051e+00
-2.64662588082e+00
-2.64712376679e+00
-2.64672819172e+00
-2.64435146023e+00
-2.64601195070e+00
-2.64669577420e+00
-2.64713748744e+00
-2.64540917547e+00
-2.64459709795e+00
-2.64527690879e+00
-2.64679119469e+00
-2.64510470605e+00
-2.64712113974e+00
-2.64582209268e+00
-2.64567063370e+00
-2.64606177204e+00
-2.64624994215e+00
-2.64643980003e+00
-2.64543916454e+00
-2.64622990253e+00
-2.64616185811e+00
-2.64584833598e+00
-2.64480233120e+00
-2.64543300154e+00
-2.64664806129e+00
-2.64631648003e+00
-2.64579063325e+00
-2.64604369049e+00
-2.64628899528e+00
-2.64587430215e+00
-2.64660293814e+00
-2.64587386122e+00
-2.64576613699e+00
-2.64629276584e+00
-2.64536187882e+00
-2.64721295637e+00
-2.64617729797e+00
-2.64585747912e+00
-2.64690915011e+00
-2.64659455017e+00
-2.64639749239e+00
-2.64688647655e+00
-2.64633994354e+00
-2.64613437773e+00
-2.64670130926e+00
-2.64588953775e+00
-2.64552113743e+00
-2.64627573663e+00
-2.64477198318e+00
-2.64483983191e+00
-2.64601442440e+00
-2.64653116869e+00
-2.64559541768e+00
-2.64644107179e+00
-2.64669861773e+00
-2.64675089138e+00
-2.64560778255e+00
-2.64581830793e+00
-2.64626117651e+00
-2.64650549197e+00
-2.64569983083e+00
-2.64692282145e+00
-2.64659786514e+00
-2.64530789713e+00
-2.64655298498e+00
-2.64667802015e+00
-2.64463613524e+00
-2.64590680227e+00
-2.64549212137e+00
-2.64574349292e+00
-2.64563729851e+00
-2.64670212265e+00
-2.64454333320e+00
-2.64620377675e+00
-2.64643585245e+00
-2.64558035976e+00
-2.64536486224e+00
-2.64422872067e+00
-2.64579347777e+00
-2.64560896697e+00
-2.64629541269e+00
-2.64668895055e+00
-2.64627182594e+00
-2.64624347311e+00
-2.64597120288e+00
-2.64520940616e+00
-2.64577659819e+00
-2.64588446512e+00
-2.64578405892e+00
-2.64542622375e+00
-2.64664538871e+00
-2.64548936044e+00
-2.64554223096e+00
-2.64601255648e+00
-2.64573440839e+00
-2.64528104123e+00
-2.64605685972e+00
-2.64495339543e+00
-2.64545186029e+00
-2.64618120506e+00
-2.64555948195e+00
-2.64613012390e+00
-2.64607981491e+00
-2.64537140986e+00
-2.64476826546e+00
-2.64568183331e+00
-2.64450459317e+00
-2.64600856093e+00
-2.64619410646e+00
-2.64613191706e+00
-2.64559808827e+00
-2.64546266567e+00
-2.64517014726e+00
-2.64689866112e+00
-2.64494303264e+00
-2.64606311436e+00
-2.64588991355e+00
-2.64688086169e+00
-2.64621320467e+00
-2.64678681750e+00
-2.64561792082e+00
-2.64558023748e+00
-2.64584998629e+00
-2.64550274916e+00
-2.64556709246e+00
-2.64570092940e+00
-2.64692256062e+00
-2.64577213963e+00
-2.64526928604e+00
-2.64587140552e+00
-2.64619043076e+00
-2.64585275654e+00
-2.64611378944e+00
-2.64679260254e+00
-2.64596264465e+00
-2.64523181574e+00
-2.64540800560e+00
-2.64481699431e+00
-2.64605006430e+00
-2.64591565714e+00
-2.64425833394e+00
-2.64622101637e+00
-2.64581440666e+00
-2.64544478718e+00
-2.64631382691e+00
-2.64494529319e+00
-2.64698997374e+00
-2.64548101521e+00
-2.64696303489e+00
-2.64539725004e+00
-2.64498148380e+00
-2.64583002704e+00
-2.64658151834e+00
-2.64601515184e+00
-2.64531387177e+00
-2.64687416136e+00
-2.64499628473e+00
-2.64550032086e+00
-2.64653309095e+00
-2.64585231690e+00
-2.64695245217e+00
-2.64567346792e+00
-2.64477307410e+00
-2.64698958319e+00
-2.64650268535e+00
-2.64551836012e+00
-2.64630520302e+00
-2.64499393693e+00
-2.64506662775e+00
-2.64652177093e+00
-2.64511939572e+00
-2.64630876582e+00
-2.64538996885e+00
-2.64672376182e+00
-2.64554197076e+00
-2.64611485604e+00
-2.64633040132e+00
-2.64555714652e+00
-2.64621554788e+00
-2.64587567049e+00
-2.64603346523e+00
-2.64547881901e+00
-2.64675093773e+00
-2.64555238514e+00
-2.64546845101e+00
-2.64675187792e+00
-2.64605280017e+00
-2.64610293025e+00
-2.64560898849e+00
-2.64480686208e+00
-2.64792218758e+00
-2.64743102220e+00
-2.64494906450e+00
-2.64627805554e+00
-2.64580717451e+00
-2.64643535888e+00
-2.64636174888e+00
-2.64560419849e+00
-2.64602771159e+00
-2.64401347060e+00
-2.64559940377e+00
-2.64587556703e+00
-2.64642011393e+00
-2.64549610930e+00
-2.64592545684e+00
-2.64516044519e+00
-2.64550617080e+00
-2.64567962242e+00
-2.64635693964e+00
-2.64559185629e+00
-2.64660671645e+00
-2.64613582595e+00
-2.64597173977e+00
-2.64498091626e+00
-2.64666654445e+00
-2.64420050325e+00
-2.64479932634e+00
-2.64630374223e+00
-2.64590643159e+00
-2.64558916584e+00
-2.64695975830e+00
-2.64637079552e+00
-2.64519432645e+00
-2.64534832933e+00
-2.64554796419e+00
-2.64543932877e+00
-2.64575184556e+00
-2.64593207385e+00
-2.64567599931e+00
-2.64563216953e+00
-2.64612908420e+00
-2.64585036339e+00
-2.64557888572e+00
-2.64586955008e+00
-2.64589109119e+00
-2.64569482053e+00
-2.64584411324e+00
-2.64630826880e+00
-2.64613551986e+00
-2.64615711245e+00
-2.64613478006e+00
-2.64575762095e+00
-2.64658416720e+00
-2.64558283351e+00
-2.64598410519e+00
-2.64511530349e+00
-2.64616693480e+00
-2.64596815941e+00
-2.64689010056e+00
-2.64637464890e+00
-2.64570758588e+00
-2.64571859261e+00
-2.64597432021e+00
-2.64603405391e+00
-2.64596361374e+00
-2.64516438504e+00
-2.64514503094e+00
-2.64565931711e+00
-2.64670617816e+00
-2.64541532591e+00
-2.64678869269e+00
-2.64444131170e+00
-2.64568961299e+00
-2.64646207163e+00
-2.64568127501e+00
-2.64528317600e+00
-2.64606734253e+00
-2.64615125822e+00
-2.64758614514e+00
-2.64628201679e+00
-2.64629436530e+00
-2.64551837440e+00
-2.64642100699e+00
-2.64565479881e+00
-2.64515211275e+00
-2.64721268210e+00
-2.64546834073e+00
-2.64590601036e+00
-2.64495149928e+00
-2.64558772139e+00
-2.64624640372e+00
-2.64672194909e+00
-2.64723241702e+00
-2.64618359298e+00
-2.64572945226e+00
-2.64541867337e+00
-2.64606838333e+00
-2.64619735505e+00
-2.64637612918e+00
-2.64579862377e+00
-2.64686767753e+00
-2.64587252997e+00
-2.64682086413e+00
-2.64490772696e+00
-2.64609206475e+00
-2.64699033815e+00
-2.64764524340e+00
-2.64523065771e+00
-2.64568553305e+00
-2.64667633893e+00
-2.64517264917e+00
-2.64592961787e+00
-2.64587673094e+00