-3.37869986261e+00
-3.37773766586e+00
-3.37632167571e+00
-3.37869498707e+00
-3.37713376817e+00
-3.37757768923e+00
-3.37602068593e+00
-3.37624140197e+00
-3.37734427487e+00
-3.37844476306e+00
-3.37824817009e+00
-3.37747610101e+00
-3.37836536172e+00
-3.37848856197e+00
-3.37675039077e+00
-3.37699363999e+00
-3.37639845528e+00
-3.37806187501e+00
-3.37753874945e+00
-3.37663083591e+00
-3.37969814403e+00
-3.37753792478e+00
-3.37745785965e+00
-3.37682959719e+00
-3.37950112674e+00
-3.37757374547e+00
-3.37794352630e+00
-3.37811758435e+00
-3.37633847132e+00
-3.37792642439e+00
-3.37709686298e+00
-3.37879753230e+00
-3.37687701251e+00
-3.37717214711e+00
-3.37895761995e+00
-3.37807956209e+00
-3.37780620553e+00
-3.37732895171e+00
-3.37612357972e+00
-3.37646014002e+00
-3.37806005873e+00
-3.37623484778e+00
-3.37817910362e+00
-3.37756043805e+00
-3.37736359177e+00
-3.37759581629e+00
-3.37712650378e+00
-3.37844657307e+00
-3.37644799949e+00
-3.37832948828e+00
-3.37742307156e+00
-3.37878083761e+00
-3.37734640431e+00
-3.37650682531e+00
-3.37785975397e+00
-3.37756542439e+00
-3.37663459996e+00
-3.37696834461e+00
-3.37843846116e+00
-3.37894566535e+00
-3.37750365234e+00
-3.37754061292e+00
-3.37693009498e+00
-3.37751222214e+00
-3.37601122325e+00
-3.37560961559e+00
-3.37792868092e+00
-3.37802930956e+00
-3.37861456150e+00
-3.37660446791e+00
-3.37764740740e+00
-3.37686266342e+00
-3.37774796658e+00
-3.37825848071e+00
-3.37883792940e+00
-3.37796783606e+00
-3.37718725806e+00
-3.37650739497e+00
-3.37742252174e+00
-3.37575639913e+00
-3.37786739723e+00
-3.37827180455e+00
-3.37639935546e+00
-3.37698661176e+00
-3.37767687704e+00
-3.37791169737e+00
-3.37745243206e+00
-3.37747301960e+00
-3.37825016828e+00
-3.37783455283e+00
-3.37857684799e+00
-3.37609425065e+00
-3.37703159491e+00
-3.37726148777e+00
-3.37719074384e+00
-3.37627332814e+00
-3.37613502217e+00
-3.37648737468e+00
-3.37797683379e+00
-3.37634105751e+00
-3.37537861464e+00
-3.37862859858e+00
-3.37799111630e+00
-3.37737372963e+00
-3.37464413758e+00
-3.37700718609e+00
-3.37774431733e+00
-3.37779491421e+00
-3.37640996139e+00
-3.37748034275e+00
-3.37779300417e+00
-3.37814655307e+00
-3.37783317958e+00
-3.37746768941e+00
-3.37708191652e+00
-3.37766431703e+00
-3.37734930422e+00
-3.37884891341e+00
-3.37719149862e+00
-3.37746405061e+00
-3.37831218174e+00
-3.37660269143e+00
-3.37864709822e+00
-3.37825089321e+00
-3.37779154850e+00
-3.37689692742e+00
-3.37714007734e+00
-3.37710486884e+00
-3.37682037332e+00
-3.37698799823e+00
-3.37779553378e+00
-3.37708505457e+00
-3.37711921983e+00
-3.37729978127e+00
-3.37691259329e+00
-3.37740954794e+00
-3.37829667228e+00
-3.37659721748e+00
-3.37656278605e+00
-3.37640311201e+00
-3.37756684473e+00
-3.37726671063e+00
-3.37707627381e+00
-3.37729626855e+00
-3.37635572834e+00
-3.37858306274e+00
-3.37780191812e+00
-3.37991648278e+00
-3.37842631496e+00
-3.37725995651e+00
-3.37872920281e+00
-3.37725028552e+00
-3.37792340449e+00
-3.37712546327e+00
-3.37648295916e+00
-3.37667766058e+00
-3.37793718573e+00
-3.37735537170e+00
-3.37716812179e+00
-3.37711947904e+00
-3.37795671302e+00
-3.37747961061e+00
-3.37816247528e+00
-3.37861362905e+00
-3.37848501896e+00
-3.37819960145e+00
-3.37777404730e+00
-3.37701668250e+00
-3.37553942017e+00
-3.37853538272e+00
-3.37672198756e+00
-3.37568546830e+00
-3.37701324341e+00
-3.37667702318e+00
-3.37724799189e+00
-3.37732416109e+00
-3.37729743932e+00
-3.37789469728e+00
-3.37785760301e+00
-3.37784719347e+00
-3.37868243300e+00
-3.37779710830e+00
-3.37787506726e+00
-3.37832587727e+00
-3.37778967546e+00
-3.37692978285e+00
-3.37645148670e+00
-3.37771566525e+00
-3.37660370499e+00
-3.37740144956e+00
-3.37761144489e+00
-3.37554246724e+00
-3.37712166078e+00
-3.37641814883e+00
-3.37723916460e+00
-3.37592765508e+00
-3.37770157365e+00
-3.37828824385e+00
-3.37801858033e+00
-3.37779620020e+00
-3.37847477455e+00
-3.37589455325e+00
-3.37739074017e+00
-3.37822989138e+00
-3.37913837184e+00
-3.37617939432e+00
-3.37589251063e+00
-3.37693195024e+00
-3.37745784474e+00
-3.37638283687e+00
-3.37926007908e+00
-3.37729220612e+00
-3.37724287479e+00
-3.37743447566e+00
-3.37827243911e+00
-3.37815742663e+00
-3.37649643477e+00
-3.37808881022e+00
-3.37862273752e+00
-3.37713369263e+00
-3.37622954553e+00
-3.37675717133e+00
-3.37820047110e+00
-3.37797754554e+00
-3.37672276390e+00
-3.37808930717e+00
-3.37783837528e+00
-3.37712412179e+00
-3.37777621826e+00
-3.37832451295e+00
-3.37657582460e+00
-3.37745891766e+00
-3.37610211123e+00
-3.37842645833e+00
-3.37750119341e+00
-3.37700183919e+00
-3.37771438216e+00
-3.37827202829e+00
-3.37876252263e+00
-3.37824375542e+00
-3.37835006011e+00
-3.37747725278e+00
-3.37773859604e+00
-3.37756211953e+00
-3.37720618913e+00
-3.37789621087e+00
-3.37610556670e+00
-3.37667784304e+00
-3.37843607365e+00
-3.37820556176e+00
-3.37740777242e+00
-3.37724600425e+00
-3.37881933121e+00
-3.37840105789e+00
-3.37774047752e+00
-3.37703780233e+00
-3.37835356519e+00
-3.37780431149e+00
-3.37767579580e+00
-3.37782594512e+00
-3.37765062772e+00
-3.37670931672e+00
-3.37810649809e+00
-3.37851805830e+00
-3.37562200475e+00
-3.37657246816e+00
-3.37665686831e+00
-3.37724511106e+00
-3.37778606491e+00
-3.37710288132e+00
-3.37685577111e+00
-3.37689302657e+00
-3.37754243195e+00
-3.37655975876e+00
-3.37558280383e+00
-3.37648992299e+00
-3.37755179043e+00
-3.37728940123e+00
-3.37884357881e+00
-3.37882086657e+00
-3.37754662141e+00
-3.37702184447e+00
-3.37855828864e+00
-3.37701765900e+00
-3.37770442349e+00
-3.37862091232e+00
-3.37798434620e+00
-3.37738071768e+00
-3.37850486361e+00
-3.37740208155e+00
-3.37636915070e+00
-3.37851003912e+00
-3.37811409470e+00
-3.37677580125e+00
-3.37817867954e+00
-3.37650790972e+00
-3.37645201486e+00
-3.37730226139e+00
-3.37724333833e+00
-3.37785213523e+00
-3.37741520872e+00
-3.37682563302e+00
-3.37612846330e+00
-3.37702390837e+00
-3.37570776283e+00
-3.37757505840e+00
-3.37785286985e+00
-3.37707448803e+00
-3.37740548968e+00
-3.37674856344e+00
-3.37627943924e+00
-3.37884167991e+00
-3.37635228420e+00
-3.37708802107e+00
-3.37758540630e+00
-3.37761634691e+00
-3.37733320229e+00
-3.37834640880e+00
-3.37758142686e+00
-3.37647211461e+00
-3.37758939478e+00
-3.37684835582e+00
-3.37678851677e+00
-3.37780038342e+00
-3.37913115722e+00
-3.37686741902e+00
-3.37632287248e+00
-3.37704988026e+00
-3.37752277599e+00
-3.37650382139e+00
-3.37696170057e+00
-3.37859794322e+00
-3.37735442396e+00
-3.37648866701e+00
-3.37664626609e+00
-3.37626923879e+00
-3.37733534910e+00
-3.37653959288e+00
-3.37583197197e+00
-3.37757803411e+00
-3.37799060392e+00
-3.37663878269e+00
-3.37741522770e+00
-3.37747188276e+00
-3.37786550486e+00
-3.37679576416e+00
-3.37976556916e+00
-3.37769089780e+00
-3.37658750901e+00
-3.37720909313e+00
-3.37918961625e+00
-3.37696403758e+00
-3.37560881505e+00
-3.37784478491e+00
-3.37692141475e+00
-3.37703012967e+00
-3.37784363138e+00
-3.37701050180e+00
-3.37830401226e+00
-3.37709858647e+00
-3.37594519469e+00
-3.37753834992e+00
-3.37739374185e+00
-3.37660184534e+00
-3.37869570397e+00
-3.37617751332e+00
-3.37588195474e+00
-3.37737424977e+00
-3.37610480555e+00
-3.37759911181e+00
-3.37742204507e+00
-3.37956580863e+00
-3.37700903941e+00
-3.37779867199e+00
-3.37832816981e+00
-3.37754587300e+00
-3.37748428338e+00
-3.37802084572e+00
-3.37731308344e+00
-3.37711374903e+00
-3.37880568937e+00
-3.37590552056e+00
-3.37726864850e+00
-3.37789485348e+00
-3.37647183503e+00
-3.37662130752e+00
-3.37712718137e+00
-3.37652609613e+00
-3.37871941845e+00
-3.37958587064e+00
-3.37641678894e+00
-3.37786703090e+00
-3.37815873151e+00
-3.37840153677e+00
-3.37807522518e+00
-3.37782807642e+00
-3.37732274130e+00
-3.37613810488e+00
-3.37686484535e+00
-3.37763478035e+00
-3.37801799771e+00
-3.37682903521e+00
-3.37710057661e+00
-3.37670017576e+00
-3.37654565724e+00
-3.37800364599e+00
-3.37765395098e+00
-3.37640980930e+00
-3.37758419374e+00
-3.37791581767e+00
-3.37745875353e+00
-3.37666146365e+00
-3.37774148909e+00
-3.37624679326e+00
-3.37677129845e+00
-3.37833832573e+00
-3.37593074558e+00
-3.37635358632e+00
-3.37884418443e+00
-3.37770553871e+00
-3.37684714700e+00
-3.37650395362e+00
-3.37675985254e+00
-3.37661412657e+00
-3.37603640202e+00
-3.37750577008e+00
-3.37740023960e+00
-3.37733483465e+00
-3.37822339723e+00
-3.37846941495e+00
-3.37719564574e+00
-3.37739564236e+00
-3.37741435714e+00
-3.37721020697e+00
-3.37668825351e+00
-3.37767257707e+00
-3.37734937004e+00
-3.37727142247e+00
-3.37785213862e+00
-3.37695434604e+00
-3.37803600497e+00
-3.37767031591e+00
-3.37791899420e+00
-3.37687369462e+00
-3.37671420032e+00
-3.37826898673e+00
-3.37916158394e+00
-3.37697361990e+00
-3.37778522272e+00
-3.37720575245e+00
-3.37662003277e+00
-3.37788172082e+00
-3.37854266655e+00
-3.37595011862e+00
-3.37621179427e+00
-3.37771316591e+00
-3.37834917843e+00
-3.37765105349e+00
-3.37797597658e+00
-3.37536033871e+00
-3.37749115210e+00
-3.37809306836e+00
-3.37696297511e+00
-3.37695697220e+00
-3.37703688566e+00
-3.37759161878e+00
-3.37860872647e+00
-3.37750269760e+00
-3.37934653616e+00
-3.37686056638e+00
-3.37742434704e+00
-3.37791908300e+00
-3.37688977336e+00
-3.37871263318e+00
-3.37810458567e+00
-3.37738503890e+00
-3.37631934967e+00
-3.37789287297e+00
-3.37804236364e+00
-3.37804069096e+00
-3.37810538894e+00
-3.37784313056e+00
-3.37824737674e+00
-3.37682416283e+00
-3.37708123648e+00
-3.37630837605e+00
-3.37817326129e+00
-3.37801178972e+00
-3.37809313503e+00
-3.37765142306e+00
-3.37790866855e+00
-3.37634659454e+00
-3.37839772092e+00
-3.37818754643e+00
-3.37940175928e+00
-3.37750133352e+00
-3.37694977642e+00
-3.37772480413e+00
-3.37637518175e+00
-3.37794697699e+00
-3.37738406843e+00