7.21454655940e+00
5.17721272616e+00
8.56612274011e+00
4.53047604258e+00
5.22879537507e+00
6.08585720951e+00
5.90227383049e+00
6.88798100447e+00
7.16908719717e+00
4.12103887411e+00
7.24720036031e+00
3.84083187200e+00
3.84645516700e+00
7.46670523794e+00
7.32308724349e+00
4.50234984905e+00
7.22143538836e+00
6.28804500454e+00
6.50652247827e+00
7.44468916694e+00
5.40590990324e+00
5.39831107641e+00
6.62877767481e+00
4.12708862409e+00
4.44584536060e+00
7.52302744840e+00
7.16872820189e+00
5.68235459929e+00
7.80671580055e+00
4.88392009883e+00
6.26732331786e+00
3.62606745133e+00
4.83030859784e+00
5.96997473537e+00
5.95242086712e+00
8.98457956384e+00
9.10086794832e+00
3.20635655522e+00
6.11977426599e+00
7.27537683871e+00
5.57524079158e+00
3.09388390692e+00
5.93970843914e+00
4.64572425432e+00
5.19257299947e+00
5.16171051751e+00
5.97839526813e+00
6.32210980221e+00
5.35061623904e+00
5.96724405138e+00
5.00179301476e+00
6.76691934320e+00
6.74585309984e+00
6.31482993245e+00
5.74621753945e+00
4.46682143604e+00
5.80494673192e+00
7.79752925861e+00
4.45378785997e+00
6.57957178958e+00
7.42565101002e+00
5.97939470316e+00
6.65579800655e+00
6.05181380749e+00
8.54313804485e+00
7.57867670275e+00
6.78999080309e+00
4.34351339685e+00
6.06472726420e+00
7.87811314051e+00
5.37415230036e+00
6.30732786096e+00
6.78483907549e+00
4.57375883328e+00
6.02233946115e+00
5.61983791057e+00
6.03910567476e+00
6.08817692876e+00
4.33255385539e+00
4.96432425209e+00
5.97065230418e+00
6.71642278437e+00
7.29170552039e+00
5.15772885448e+00
5.04166702328e+00
4.91092336521e+00
7.90818867829e+00
5.62283926669e+00
5.36692414423e+00
6.91523560170e+00
7.87465103401e+00
7.19541514569e+00
5.54024831661e+00
6.31527188760e+00
6.96431750648e+00
5.68089110956e+00
6.26415321605e+00
5.98521392648e+00
4.08447763917e+00
6.47916094941e+00
8.09955862949e+00
7.24467962398e+00
5.36096420025e+00
4.47788320452e+00
8.67418224702e+00
6.22555692159e+00
4.12215028308e+00
6.42236084666e+00
6.83293061971e+00
4.15145128429e+00
6.66084665061e+00
5.04991586426e+00
5.41176553283e+00
3.52962691992e+00
9.09744159944e+00
4.32075073629e+00
6.14092745802e+00
4.67198207544e+00
8.55338882890e+00
6.59846524343e+00
4.26120941791e+00
5.88010121293e+00
5.71300633452e+00
5.90464926380e+00
5.98542118509e+00
6.18219343593e+00
7.22579984744e+00
4.08675326962e+00
5.24729695594e+00
6.66472969821e+00
7.93483193340e+00
6.62994012444e+00
6.45099207177e+00
4.61466492521e+00
7.33640938088e+00
8.71750347611e+00
6.51429281522e+00
6.90314638690e+00
3.77107174339e+00
6.55670217158e+00
6.91472741229e+00
6.09446509323e+00
6.28340110950e+00
8.57674705427e+00
7.86509144197e+00
6.47025913691e+00
5.18749000915e+00
6.45404418396e+00
5.37547843133e+00
4.02774971621e+00
7.52577955229e+00
7.18599747490e+00
6.23766928233e+00
7.54823014023e+00
5.80289099067e+00
5.84586627193e+00
7.21300786552e+00
5.73799765515e+00
9.17814488426e+00
6.04480821506e+00
7.02916487216e+00
5.99194597635e+00
4.03862587008e+00
4.07374756613e+00
4.40343088878e+00
6.09496990262e+00
4.61636693997e+00
6.66077342728e+00
5.42979891263e+00
4.38614249623e+00
5.19965584781e+00
5.43458646422e+00
5.81721025356e+00
6.50794030090e+00
4.53513675318e+00
5.88074131843e+00
6.69163448288e+00
6.24788411274e+00
4.65499242128e+00
4.20292794002e+00
6.64796959934e+00
6.94093733236e+00
7.53831881697e+00
6.92805496157e+00
6.61404899666e+00
6.10873793829e+00
6.41942178375e+00
6.36793742178e+00
4.43522924985e+00
5.46015230115e+00
6.24945365435e+00
8.27309158758e+00
6.68236239767e+00
6.24736586984e+00
6.85421370906e+00
7.61920312484e+00
4.92831157233e+00
6.93937264727e+00
6.57665239030e+00
5.49035619991e+00
4.44285863620e+00
5.79479292182e+00
6.11406345163e+00
4.30946336452e+00
3.99063894233e+00
3.84506478868e+00
6.83376248178e+00
7.31292585385e+00
4.96383352825e+00
4.87129556372e+00
4.23137190927e+00
5.28687809346e+00
7.15746870179e+00
7.03710434203e+00
6.10376028411e+00
7.54876808305e+00
5.99286590436e+00
6.69554665032e+00
7.08078416347e+00
8.50961584217e+00
4.72560257397e+00
5.54551295169e+00
5.74469404508e+00
6.91971461619e+00
5.36388142546e+00
3.49418676552e+00
5.30616347487e+00
6.27206618151e+00
6.55122608836e+00
9.89185667838e+00
4.78542130291e+00
4.84059730641e+00
4.00773710101e+00
5.91843085572e+00
7.24993486091e+00
6.91471994037e+00
6.08989747882e+00
6.79196775571e+00
5.06038294689e+00
7.78653690571e+00
6.51225674564e+00
6.70465169802e+00
7.18872815381e+00
6.50713880662e+00
8.25369096030e+00
5.92290191363e+00
7.18532499071e+00
8.26154028188e+00
9.51173205143e+00
7.91308636967e+00
5.91795545946e+00
5.33305520051e+00
7.91228949909e+00
4.84400367331e+00
6.93840896472e+00
6.23992093517e+00
7.33189048686e+00
6.53037397629e+00
3.75509308393e+00
4.77722997437e+00
4.06083705804e+00
7.39196057928e+00
5.62276046084e+00
7.96084424339e+00
6.41861472791e+00
5.57535905651e+00
7.77147157732e+00
4.18663726523e+00
4.77844595705e+00
4.65305523552e+00
6.94565013848e+00
2.60398765239e+00
6.27541404318e+00
9.92049104269e+00
4.06981197444e+00
7.70431730260e+00
8.69647470324e+00
5.37248572346e+00
2.33488991000e+00
4.99216710914e+00
6.00202085882e+00
6.39869811878e+00
6.30355999573e+00
6.62286644927e+00
5.98205992795e+00
6.65654099252e+00
7.82328008781e+00
7.59862516156e+00
7.07881666857e+00
8.19914046150e+00
7.37366451028e+00
5.42340339813e+00
7.14596522797e+00
6.17155783517e+00
4.43034566063e+00
5.32621380975e+00
6.34572537715e+00
4.26089735044e+00
4.46096185079e+00
4.93585997916e+00
6.85126635427e+00
5.79471880715e+00
5.84949073745e+00
6.82929959177e+00
8.58220879743e+00
5.17138574978e+00
7.55446978075e+00
7.19911804411e+00
4.74224414360e+00
4.73905312782e+00
6.30249661395e+00
7.35793068363e+00
5.75507117013e+00
7.43377614483e+00
6.93514232859e+00
5.99528131392e+00
6.35802677051e+00
6.41416814244e+00
7.36884229685e+00
7.38172751315e+00
6.67324808642e+00
2.92244792216e+00
6.64712706300e+00
3.77560014494e+00
4.66861688106e+00
4.21675934110e+00
5.68653091135e+00
3.82552348992e+00
7.73903841079e+00
6.49286131757e+00
5.70582792200e+00
5.32626216054e+00
4.18040655823e+00
7.57673170035e+00
5.49962844613e+00
6.33417885955e+00
5.26104364695e+00
5.73495384943e+00
8.07055768386e+00
2.25178912687e+00
6.31474378792e+00
5.94445303597e+00
5.60501112138e+00
5.90654978818e+00
7.80629122693e+00
6.21596477554e+00
6.16094871516e+00
6.19683643572e+00
5.74820867360e+00
4.50453630807e+00
3.77840945223e+00
6.26170006256e+00
6.56681240444e+00
5.79465310466e+00
1.02058062235e+01
8.46134876979e+00
4.53249840791e+00
6.22882246059e+00
6.35772891311e+00
7.17405491289e+00
7.82326203519e+00
5.92961823667e+00
7.26872429744e+00
4.94980756640e+00
8.40075328799e+00
5.65498748637e+00
6.92024282006e+00
7.69419507217e+00
6.65887850425e+00
6.61532534519e+00
5.60469824806e+00
4.69948377749e+00
5.41142388402e+00
6.93606911661e+00
4.84323817746e+00
8.53398347459e+00
2.52109928416e+00
4.17052035508e+00
6.50608733301e+00
7.78231732447e+00
6.44544972728e+00
5.92240102310e+00
7.95585107217e+00
6.53192597751e+00
4.07880229734e+00
3.99598765535e+00
6.56204243575e+00
8.82364645723e+00
5.64935463702e+00
5.06100610764e+00
7.15296591831e+00
6.89832783110e+00
6.32958612266e+00
6.45026073358e+00
6.68645555398e+00
6.65481323055e+00
6.41495682929e+00
8.34641354195e+00
7.97033223983e+00
5.50040568180e+00
4.62313139713e+00
5.71096349127e+00
6.61894521718e+00
6.03077425295e+00
6.88575410024e+00
8.38863792402e+00
5.92510748964e+00
5.50294044004e+00
6.95352394345e+00
7.95426828449e+00
6.25277196597e+00
6.04464273061e+00
6.65923370061e+00
8.92912791782e+00
4.68764081952e+00
5.36177065682e+00
5.62910068557e+00
7.74557234583e+00
6.13654420894e+00
5.49329583637e+00
7.55259989002e+00
5.40456731750e+00
5.95686293941e+00
4.87943425896e+00
4.73565015752e+00
5.77760855993e+00
4.04698233550e+00
4.35213915483e+00
6.37993717409e+00
5.17239146568e+00
4.66961537623e+00
6.04519181103e+00
2.15349257822e+00
7.19633966760e+00
6.10834816865e+00
4.06758534341e+00
7.69678912924e+00
5.64288612902e+00
5.05264979011e+00
7.43763898859e+00
4.36001509399e+00
5.85980659006e+00
7.50015487290e+00
6.17420027315e+00
7.76376037542e+00
6.25389970869e+00
7.26702602027e+00
7.49498258611e+00
4.24754898057e+00
5.48968766082e+00
4.32976337605e+00
5.50631468937e+00
5.98403076015e+00
5.07415851576e+00
6.02826574939e+00
6.18696279854e+00
4.45362156901e+00
5.22140538820e+00
4.75781587852e+00
7.77664831285e+00
6.83536143260e+00
6.23515460031e+00
5.63417866432e+00
7.32292884514e+00
6.23878900283e+00
8.33440523766e+00
3.14091097771e+00
5.24005324436e+00
4.30466546813e+00
6.97549939297e+00
3.56937887803e+00
7.23870556624e+00
5.23409162787e+00
5.79610503113e+00
5.86042230017e+00
5.67658860462e+00
5.48937134282e+00
7.54294452145e+00
4.99236293922e+00
5.98951315349e+00
7.62552343091e+00
5.18799316748e+00
6.94914106526e+00
5.68906554573e+00
8.36887527665e+00
7.00690236785e+00
4.71068844333e+00
8.70769528395e+00
8.10914750211e+00
5.60824633971e+00
5.31242067766e+00
5.85277884843e+00
6.62642712868e+00
6.04719091090e+00
2.46738076723e+00
1.01323220863e+01
5.23041116854e+00
7.11500454227e+00
6.50156964113e+00
5.33293268114e+00
6.10808384111e+00