1.16120510567e+00
1.18512126945e+00
1.14883313324e+00
1.15412633420e+00
1.13393578743e+00
1.13207962751e+00
1.12529967800e+00
1.13554973225e+00
1.12961100590e+00
1.14181374905e+00
1.12796368784e+00
1.13955655806e+00
1.11698222459e+00
1.13357744181e+00
1.16775245568e+00
1.13283748623e+00
1.11238154560e+00
1.13142721265e+00
1.13239152717e+00
1.11159657007e+00
1.11714311041e+00
1.12162313632e+00
1.14420373621e+00
1.11373380875e+00
1.10644881760e+00
1.13264890699e+00
1.12456023413e+00
1.12176583521e+00
1.13086731189e+00
1.13793077066e+00
1.11724194057e+00
1.13944922033e+00
1.10961140918e+00
1.14182156050e+00
1.10608453540e+00
1.11972158401e+00
1.16202417073e+00
1.13172812364e+00
1.11975169430e+00
1.15716103649e+00
1.12135069175e+00
1.10336622779e+00
1.13184545080e+00
1.13319684777e+00
1.11241304536e+00
1.12445598795e+00
1.13940520293e+00
1.14940850952e+00
1.10599874081e+00
1.13272003060e+00
1.15227259688e+00
1.12726165697e+00
1.16050588080e+00
1.15084711617e+00
1.11230112410e+00
1.12768629314e+00
1.15022455513e+00
1.13506455005e+00
1.10083616706e+00
1.13832847090e+00
1.11126615677e+00
1.12010189620e+00
1.11061291630e+00
1.12916099127e+00
1.12371307910e+00
1.13436015564e+00
1.12300167693e+00
1.12503455093e+00
1.14967299711e+00
1.14049497717e+00
1.15283009920e+00
1.14298899451e+00
1.16248112887e+00
1.15792416951e+00
1.12183927827e+00
1.09068210078e+00
1.15712442916e+00
1.13789652776e+00
1.15792806466e+00
1.09560609634e+00
1.15986895278e+00
1.10672652693e+00
1.15066455426e+00
1.17492734338e+00
1.12895916108e+00
1.11870542642e+00
1.11048616755e+00
1.13606016100e+00
1.14293206096e+00
1.12940616055e+00
1.11830157023e+00
1.14594075716e+00
1.11861624976e+00
1.11030442689e+00
1.11925172047e+00
1.14796753988e+00
1.14161418934e+00
1.12174777064e+00
1.13446169826e+00
1.09215378950e+00
1.07614795520e+00
1.11075942487e+00
1.11356706015e+00
1.11804777231e+00
1.11535567807e+00
1.14903938706e+00
1.13645492870e+00
1.12989709841e+00
1.09439672742e+00
1.12247994615e+00
1.15473722001e+00
1.13634981400e+00
1.13450306661e+00
1.12220589331e+00
1.13455700840e+00
1.14309652957e+00
1.14298755950e+00
1.12372630388e+00
1.12434514215e+00
1.11669050804e+00
1.12091777442e+00
1.10504681265e+00
1.12109087102e+00
1.12890802928e+00
1.14062619435e+00
1.13921426094e+00
1.12508177238e+00
1.13498604645e+00
1.14218048536e+00
1.12631327186e+00
1.15387824180e+00
1.12969883477e+00
1.15110010784e+00
1.17297207569e+00
1.12694831738e+00
1.14073979561e+00
1.12486741705e+00
1.13266176901e+00
1.15157536685e+00
1.11758655736e+00
1.12231283099e+00
1.12173173378e+00
1.13082141055e+00
1.13939119268e+00
1.12072143194e+00
1.12598491130e+00
1.07286059984e+00
1.11690088620e+00
1.11640323199e+00
1.10933499454e+00
1.11587985827e+00
1.13926533292e+00
1.16742797127e+00
1.13702587947e+00
1.14396427091e+00
1.12146979122e+00
1.15178023104e+00
1.10802281182e+00
1.14754065722e+00
1.16111820087e+00
1.13078870165e+00
1.13994086463e+00
1.13240230718e+00
1.17298223762e+00
1.10880870463e+00
1.12780473091e+00
1.14088720483e+00
1.15139822894e+00
1.15511414608e+00
1.13194367251e+00
1.12095468138e+00
1.14586939750e+00
1.14090132723e+00
1.15262104618e+00
1.11170416651e+00
1.13714564845e+00
1.13273536636e+00
1.13159006406e+00
1.18115838062e+00
1.11815513133e+00
1.11326025300e+00
1.12186485504e+00
1.13931816426e+00
1.12297193053e+00
1.13698290707e+00
1.13510200284e+00
1.13739458355e+00
1.14448238557e+00
1.14827445017e+00
1.11632149486e+00
1.11736272588e+00
1.14469961277e+00
1.13304716766e+00
1.15127478698e+00
1.10787128981e+00
1.12917182542e+00
1.14425288948e+00
1.07315036757e+00
1.13139577070e+00
1.11247951639e+00
1.14080582796e+00
1.16436753171e+00
1.13345101050e+00
1.13997863319e+00
1.15977179281e+00
1.11467178002e+00
1.16468506724e+00
1.11647927054e+00
1.14753520836e+00
1.11981064074e+00
1.13603259072e+00
1.13481489575e+00
1.10145132984e+00
1.11063312039e+00
1.15414802785e+00
1.13339598639e+00
1.12506373498e+00
1.09557265788e+00
1.13205307905e+00
1.12297281788e+00
1.16939696792e+00
1.12893668582e+00
1.12275347536e+00
1.14477950061e+00
1.14219672450e+00
1.19770413423e+00
1.11422465617e+00
1.10300680859e+00
1.15908751664e+00
1.13976218470e+00
1.12494613739e+00
1.11061715743e+00
1.13561434647e+00
1.15075532039e+00
1.16263230896e+00
1.16174064624e+00
1.14077992537e+00
1.14590753256e+00
1.12757904709e+00
1.15499843384e+00
1.14211915277e+00
1.10444078706e+00
1.09948388563e+00
1.14118705740e+00
1.13932901635e+00
1.11962556930e+00
1.12306494142e+00
1.16527080326e+00
1.09744178972e+00
1.12962414958e+00
1.13645652189e+00
1.16361693003e+00
1.14788569915e+00
1.14408009711e+00
1.16946257135e+00
1.10701486510e+00
1.14117886724e+00
1.12517439203e+00
1.13905521261e+00
1.13974879281e+00
1.13301868297e+00
1.12601093181e+00
1.13969466873e+00
1.13567664300e+00
1.15358559185e+00
1.13211211547e+00
1.11377453132e+00
1.16212505919e+00
1.13610876665e+00
1.09528790429e+00
1.12947477355e+00
1.14941809987e+00
1.14500125286e+00
1.13535572835e+00
1.17524403378e+00
1.14574875547e+00
1.14856485144e+00
1.16155710247e+00
1.11332954000e+00
1.11226159287e+00
1.13964477484e+00
1.13022201270e+00
1.14618348764e+00
1.12602382630e+00
1.12907176587e+00
1.14658477337e+00
1.09562804657e+00
1.11982660498e+00
1.12405222677e+00
1.12128898752e+00
1.09644549641e+00
1.12879496380e+00
1.12087797348e+00
1.13312777688e+00
1.12013776320e+00
1.11396952397e+00
1.10437490355e+00
1.11152064326e+00
1.12815788808e+00
1.11427377029e+00
1.15121866499e+00
1.12193713254e+00
1.13500927695e+00
1.14435011505e+00
1.17585566419e+00
1.14929527868e+00
1.15367575191e+00
1.12174075535e+00
1.12512810212e+00
1.15995486522e+00
1.13417476417e+00
1.15829999463e+00
1.10591663371e+00
1.14016615257e+00
1.14014383483e+00
1.13723269813e+00
1.12382538305e+00
1.10867462017e+00
1.11539832152e+00
1.12927405918e+00
1.13440194116e+00
1.12122921576e+00
1.13716951241e+00
1.11232772789e+00
1.11785175272e+00
1.10964358540e+00
1.13211884647e+00
1.13183566559e+00
1.12152830610e+00
1.12352839170e+00
1.11558338910e+00
1.09670766378e+00
1.14293439381e+00
1.13892771549e+00
1.10926900988e+00
1.11710840821e+00
1.13888548356e+00
1.13414937327e+00
1.14772337285e+00
1.09914644926e+00
1.10396350512e+00
1.11815613364e+00
1.10961641737e+00
1.10313647188e+00
1.09492119160e+00
1.14763078923e+00
1.11389856910e+00
1.14287780635e+00
1.13056111740e+00
1.10434540365e+00
1.13461423345e+00
1.13832831859e+00
1.13431936854e+00
1.17164449995e+00
1.15266957060e+00
1.12110387073e+00
1.14059821863e+00
1.13136725429e+00
1.11935747134e+00
1.11408211962e+00
1.12661866310e+00
1.12852361131e+00
1.09125021019e+00
1.13298895013e+00
1.15454394767e+00
1.15126597980e+00
1.18131547113e+00
1.09045352666e+00
1.15497746356e+00
1.12637538436e+00
1.11526290949e+00
1.11335044006e+00
1.13226170022e+00
1.11141668122e+00
1.14559177525e+00
1.12202011315e+00
1.11809150213e+00
1.15423229589e+00
1.11264401504e+00
1.14470157025e+00
1.12768356504e+00
1.10316152287e+00
1.10538576831e+00
1.12503444169e+00
1.12767588146e+00
1.11777650188e+00
1.15051097814e+00
1.10841907985e+00
1.13120490576e+00
1.15082719912e+00
1.13899962725e+00
1.12302925232e+00
1.16649882197e+00
1.14852577703e+00
1.15487395608e+00
1.11618122969e+00
1.11625236002e+00
1.12638208003e+00
1.13485826352e+00
1.11890324915e+00
1.12840128756e+00
1.13501995376e+00
1.14438808537e+00
1.10539982733e+00
1.14094828867e+00
1.12776631300e+00
1.15597487222e+00
1.15358239887e+00
1.17033966029e+00
1.12091063467e+00
1.13588581011e+00
1.14958716987e+00
1.14646558937e+00
1.10093827273e+00
1.10476269488e+00
1.12160876856e+00
1.12596882874e+00
1.13643001179e+00
1.12900585514e+00
1.11919331434e+00
1.13272537646e+00
1.11793301205e+00
1.13768793112e+00
1.09287838462e+00
1.14799111024e+00
1.14810503953e+00
1.16608765648e+00
1.13289248053e+00
1.16169368335e+00
1.13890026895e+00
1.13522263916e+00
1.11878994261e+00
1.12999999146e+00
1.11780406062e+00
1.14154262598e+00
1.15388352310e+00
1.11686358651e+00
1.15684714692e+00
1.14167435369e+00
1.14296921714e+00
1.13940882407e+00
1.09980864684e+00
1.10813713941e+00
1.12821463515e+00
1.10227051028e+00
1.13544039630e+00
1.10060431506e+00
1.13941747265e+00
1.11401259278e+00
1.13610374537e+00
1.18459297352e+00
1.14663614368e+00
1.11116781507e+00
1.13928653397e+00
1.11323867180e+00
1.13697394733e+00
1.14485715921e+00
1.12382557396e+00
1.13780690491e+00
1.15295900371e+00
1.14464849226e+00
1.13829766837e+00
1.11710056653e+00
1.12603834865e+00
1.14158707983e+00
1.10557640724e+00
1.12545865986e+00
1.12252453268e+00
1.13528111190e+00
1.14024103542e+00
1.09512525789e+00
1.14837566556e+00
1.12674433245e+00
1.10898731235e+00
1.10522746365e+00
1.11998308021e+00
1.13527803072e+00
1.15136181723e+00
1.15665109239e+00
1.16600225721e+00
1.13630877094e+00
1.13046515235e+00
1.15903248445e+00
1.09925986026e+00
1.10525718785e+00
1.15180610311e+00
1.13141510902e+00
1.10194260811e+00
1.11658210790e+00
1.13214855420e+00
1.13634302641e+00
1.13374200461e+00
1.14374229097e+00
1.11066670945e+00
1.13204637616e+00
1.13678973909e+00
1.14573333560e+00
1.11796373187e+00
1.11684832397e+00
1.12070327829e+00
1.13051417835e+00