9.86240150181e+00
9.84816670191e+00
9.83304580997e+00
9.84564552400e+00
9.84788465549e+00
9.82410556749e+00
9.81319870401e+00
9.87537142168e+00
9.80970967558e+00
9.85586962398e+00
9.84758974222e+00
9.79629010331e+00
9.83876125680e+00
9.84273815999e+00
9.82054386963e+00
9.82193370090e+00
9.84647674718e+00
9.84484924930e+00
9.78601350391e+00
9.82423721421e+00
9.79385402579e+00
9.80588695947e+00
9.85098466984e+00
9.82102565081e+00
9.80591265522e+00
9.85452108616e+00
9.82807132460e+00
9.86617256858e+00
9.83138935055e+00
9.84660119297e+00
9.85226491950e+00
9.86317146621e+00
9.80726488716e+00
9.83741307349e+00
9.81246917407e+00
9.80005961772e+00
9.84005133458e+00
9.86421735459e+00
9.86321713367e+00
9.86707715519e+00
9.80774818117e+00
9.83852331716e+00
9.81304100573e+00
9.84101968264e+00
9.79940227126e+00
9.79806965854e+00
9.87205874830e+00
9.81922995368e+00
9.85001546634e+00
9.85070422643e+00
9.85248770343e+00
9.81873591230e+00
9.83995281873e+00
9.83292147114e+00
9.84160399651e+00
9.87198902180e+00
9.79951982555e+00
9.82573607312e+00
9.85586544549e+00
9.83217468050e+00
9.80994727836e+00
9.81920646203e+00
9.83395037963e+00
9.83292125491e+00
9.83407638970e+00
9.86525635680e+00
9.85277125688e+00
9.85927470416e+00
9.84040967510e+00
9.85271542708e+00
9.85171950997e+00
9.88386838391e+00
9.83519882459e+00
9.89989939500e+00
9.83336465251e+00
9.80155523758e+00
9.83933259167e+00
9.82574443670e+00
9.86140002457e+00
9.81892454193e+00
9.85418446360e+00
9.81036927428e+00
9.84160581857e+00
9.86245135400e+00
9.83866581868e+00
9.83647868017e+00
9.82059130759e+00
9.84143624412e+00
9.80422054101e+00
9.83801639802e+00
9.81694328471e+00
9.83602436038e+00
9.81658773629e+00
9.80030967331e+00
9.87102931488e+00
9.80762502671e+00
9.81826821211e+00
9.82592944376e+00
9.83002307879e+00
9.80262127291e+00
9.83882924661e+00
9.86828891759e+00
9.83647097411e+00
9.85714701237e+00
9.80224402674e+00
9.83776155010e+00
9.81569612841e+00
9.85084166356e+00
9.81735669058e+00
9.85675527541e+00
9.79515834104e+00
9.82443705355e+00
9.86542783393e+00
9.85129798877e+00
9.82670237081e+00
9.83858205332e+00
9.86105114815e+00
9.84101113608e+00
9.81236251411e+00
9.82972988593e+00
9.85822248944e+00
9.83330968529e+00
9.82232415248e+00
9.84834852763e+00
9.85338217889e+00
9.84961201561e+00
9.85836484049e+00
9.82021136400e+00
9.83423584793e+00
9.84415486327e+00
9.81436580346e+00
9.81748757926e+00
9.82858521734e+00
9.84438317769e+00
9.80281757187e+00
9.82124576058e+00
9.84692184329e+00
9.81614998839e+00
9.85529895492e+00
9.83084186406e+00
9.81830384171e+00
9.84437692040e+00
9.83973324649e+00
9.83417598850e+00
9.85131155871e+00
9.83675315122e+00
9.83328118437e+00
9.83404611921e+00
9.84144066961e+00
9.81616635304e+00
9.85381932652e+00
9.87359557282e+00
9.83832734745e+00
9.82865034487e+00
9.85087924848e+00
9.84114501085e+00
9.82041634814e+00
9.82502307138e+00
9.81579995966e+00
9.85962017138e+00
9.86011445462e+00
9.81831031557e+00
9.80534358594e+00
9.83568282343e+00
9.80689882190e+00
9.83896568796e+00
9.85960577131e+00
9.81777742619e+00
9.82234917391e+00
9.81838731728e+00
9.80665681596e+00
9.84595982289e+00
9.82005882678e+00
9.85085667979e+00
9.84649858785e+00
9.84010799495e+00
9.83694787893e+00
9.81437898972e+00
9.85767719633e+00
9.83978868894e+00
9.84385572492e+00
9.83751492631e+00
9.82558377959e+00
9.80027208069e+00
9.83356224265e+00
9.86666026362e+00
9.83693064358e+00
9.85453948889e+00
9.84835437689e+00
9.81647336980e+00
9.86301256401e+00
9.83234232453e+00
9.81119567204e+00
9.80753238934e+00
9.84146763346e+00
9.83134161785e+00
9.85683958112e+00
9.85298486612e+00
9.82071881093e+00
9.84672596196e+00
9.84472586530e+00
9.81159725848e+00
9.85345127972e+00
9.83026441474e+00
9.82857488647e+00
9.79817300209e+00
9.83483140683e+00
9.84814791196e+00
9.80817328201e+00
9.84789219544e+00
9.83917476403e+00
9.82207312992e+00
9.81720420085e+00
9.84813045449e+00
9.82380147407e+00
9.85184404978e+00
9.83225395782e+00
9.82813805767e+00
9.83786335241e+00
9.81741842256e+00
9.84512759178e+00
9.83469024974e+00
9.85611300613e+00
9.81640470137e+00
9.81025332920e+00
9.82157609039e+00
9.84506416297e+00
9.86315970711e+00
9.84249141616e+00
9.87640432104e+00
9.82536300683e+00
9.81357809215e+00
9.81923689036e+00
9.83591787656e+00
9.87102577189e+00
9.81679980949e+00
9.86906544951e+00
9.82283927731e+00
9.82783391721e+00
9.84157032107e+00
9.87383337967e+00
9.78782851201e+00
9.81518089997e+00
9.81220278596e+00
9.84723905577e+00
9.86317286594e+00
9.81471381720e+00
9.80688868447e+00
9.83971048954e+00
9.85258416238e+00
9.86287473314e+00
9.85686730946e+00
9.85685219066e+00
9.85868031183e+00
9.82737591312e+00
9.80199429690e+00
9.82776277274e+00
9.84087289261e+00
9.84213071154e+00
9.83333308603e+00
9.87006819525e+00
9.82660313004e+00
9.83438357464e+00
9.83548537470e+00
9.87137851278e+00
9.82092800609e+00
9.86396277068e+00
9.86477613931e+00
9.84243809938e+00
9.82869048588e+00
9.81261848050e+00
9.82749444316e+00
9.83973417657e+00
9.82290313011e+00
9.81374118806e+00
9.83656395362e+00
9.82708714916e+00
9.82702831956e+00
9.79099975061e+00
9.82100755369e+00
9.82309301425e+00
9.82642730266e+00
9.86277879550e+00
9.83111902428e+00
9.82258713525e+00
9.87407579490e+00
9.82003961374e+00
9.82763635962e+00
9.84126318076e+00
9.86939815468e+00
9.80472855331e+00
9.84644400269e+00
9.83554751549e+00
9.81000279457e+00
9.86651991402e+00
9.81058807147e+00
9.85101402324e+00
9.86061260378e+00
9.83666387668e+00
9.81405911024e+00
9.84484091035e+00
9.82117649273e+00
9.87632349408e+00
9.87540666320e+00
9.86008150426e+00
9.85098650942e+00
9.84864701114e+00
9.82467235108e+00
9.81720786423e+00
9.86471474379e+00
9.82210702831e+00
9.83076631943e+00
9.84415780043e+00
9.85395999408e+00
9.85295421847e+00
9.84013851044e+00
9.83970444440e+00
9.82712598807e+00
9.82406245083e+00
9.85340441509e+00
9.81739222579e+00
9.82720077839e+00
9.82830738378e+00
9.81875766371e+00
9.80387209146e+00
9.83609169414e+00
9.86197880752e+00
9.83248624648e+00
9.82786876393e+00
9.83759249046e+00
9.84227805729e+00
9.80731498083e+00
9.83585048566e+00
9.85115996273e+00
9.86404908441e+00
9.86831586131e+00
9.80376512869e+00
9.81729995649e+00
9.84081648661e+00
9.78322416196e+00
9.84400731654e+00
9.86017261514e+00
9.82436352933e+00
9.81150618074e+00
9.83461410795e+00
9.84308602270e+00
9.82345687564e+00
9.86431753430e+00
9.85825906427e+00
9.83726785033e+00
9.82532957456e+00
9.84697488117e+00
9.81999783626e+00
9.85820889835e+00
9.82610841681e+00
9.82586424142e+00
9.81975273180e+00
9.80572886734e+00
9.87316550263e+00
9.84148258806e+00
9.85387352303e+00
9.83909117558e+00
9.83764552667e+00
9.85328177002e+00
9.83572862647e+00
9.83354146916e+00
9.83160308436e+00
9.85637628043e+00
9.80600129708e+00
9.82109431880e+00
9.83078865919e+00
9.81225762416e+00
9.84619434197e+00
9.86057534212e+00
9.83078477641e+00
9.80799017444e+00
9.84705453661e+00
9.81038106892e+00
9.82526527509e+00
9.81916851782e+00
9.80038278691e+00
9.84628984728e+00
9.82431360081e+00
9.83404918787e+00
9.82938722224e+00
9.86579560068e+00
9.83063265082e+00
9.77680782420e+00
9.85246824322e+00
9.88521979820e+00
9.83124903786e+00
9.82896335327e+00
9.87710861029e+00
9.80955206577e+00
9.81371292252e+00
9.83875057561e+00
9.84786951481e+00
9.83140382420e+00
9.84014219312e+00
9.81349025384e+00
9.86168595709e+00
9.85335223984e+00
9.84821334077e+00
9.82386237737e+00
9.82730497143e+00
9.86905325667e+00
9.82404483714e+00
9.84954728924e+00
9.84291057358e+00
9.83767719146e+00
9.84623766310e+00
9.82803407193e+00
9.82710985997e+00
9.84449031784e+00
9.80635790274e+00
9.82196135324e+00
9.82638852454e+00
9.79565404602e+00
9.83826340330e+00
9.86939703109e+00
9.83621191047e+00
9.81449771065e+00
9.82040590561e+00
9.82622851885e+00
9.83899358947e+00
9.87460823965e+00
9.84424374921e+00
9.79947368112e+00
9.82975475239e+00
9.85136703207e+00
9.79778866444e+00
9.81116279467e+00
9.84574413733e+00
9.81486023250e+00
9.82282380886e+00
9.83493005936e+00
9.81279000073e+00
9.84348202895e+00
9.80089220946e+00
9.84675788236e+00
9.81479873043e+00
9.80700128897e+00
9.81791625908e+00
9.84652022523e+00
9.82994017934e+00
9.82520640513e+00
9.82795678218e+00
9.84518291113e+00
9.82153585047e+00
9.81027407482e+00
9.85275415018e+00
9.84051166218e+00
9.81889678639e+00
9.87325247291e+00
9.82697144545e+00
9.83510189671e+00
9.83530230572e+00
9.82349902714e+00
9.87938417626e+00
9.81273565045e+00
9.86433085859e+00
9.82479880265e+00
9.86160565495e+00
9.84156463875e+00
9.85087575484e+00
9.80831289409e+00
9.86305281544e+00
9.81988682974e+00
9.83802232055e+00
9.83060623282e+00
9.84006509262e+00
9.81132665342e+00
9.86093086050e+00
9.81038125684e+00
9.84718684532e+00
9.83355683768e+00
9.83042712462e+00
9.85176003990e+00
9.83185094249e+00
9.78679227219e+00
9.86504635501e+00
9.80481642180e+00
9.82673906140e+00
9.81819010236e+00
9.83191490915e+00
9.83436574892e+00
9.85997065756e+00
9.85060917592e+00
9.84107176001e+00
9.84481197597e+00
9.84732968905e+00
9.84117993837e+00
9.85344713301e+00
9.83041151378e+00
9.81187756278e+00
9.79741836572e+00
9.81105496041e+00
9.83056324585e+00
9.81873367568e+00
9.80925699765e+00
9.83538037090e+00