-6.94729253271e+00
-6.94233118829e+00
-6.94566160731e+00
-6.94710466160e+00
-6.94681270440e+00
-6.94489822435e+00
-6.94696999999e+00
-6.94708283580e+00
-6.94838602667e+00
-6.94752505053e+00
-6.94554771701e+00
-6.95074309505e+00
-6.94779593061e+00
-6.94787447603e+00
-6.94544782952e+00
-6.94752297151e+00
-6.94712762232e+00
-6.94417973380e+00
-6.94863427913e+00
-6.94590342859e+00
-6.94839368452e+00
-6.94716337252e+00
-6.94680771324e+00
-6.94776441909e+00
-6.94684501676e+00
-6.94776893797e+00
-6.94881604638e+00
-6.94692003514e+00
-6.94683490441e+00
-6.94661556156e+00
-6.95027640934e+00
-6.94745997582e+00
-6.94539976536e+00
-6.94973955934e+00
-6.94834780171e+00
-6.94653728993e+00
-6.94808127827e+00
-6.94631453053e+00
-6.94548396546e+00
-6.94379267962e+00
-6.94496825442e+00
-6.95029184071e+00
-6.94709660644e+00
-6.95194770810e+00
-6.94771546980e+00
-6.94522717333e+00
-6.94938008874e+00
-6.94482768305e+00
-6.94857406839e+00
-6.94525447977e+00
-6.94569991375e+00
-6.94907161023e+00
-6.94145828591e+00
-6.94635377906e+00
-6.94863549691e+00
-6.95147192831e+00
-6.94799409954e+00
-6.94468616470e+00
-6.94927483048e+00
-6.94967833752e+00
-6.94278717729e+00
-6.94684867177e+00
-6.94431238280e+00
-6.94530913623e+00
-6.94697350345e+00
-6.94339345594e+00
-6.94637162489e+00
-6.94471590488e+00
-6.94659192840e+00
-6.94591024471e+00
-6.94938318054e+00
-6.94661487793e+00
-6.94688115150e+00
-6.94742533867e+00
-6.94633166829e+00
-6.94404451138e+00
-6.94891268643e+00
-6.94729792708e+00
-6.94535072295e+00
-6.94627853687e+00
-6.94933022966e+00
-6.94928233236e+00
-6.94881808770e+00
-6.94885389736e+00
-6.94497594214e+00
-6.94621255041e+00
-6.94693959257e+00
-6.94174140812e+00
-6.94628578027e+00
-6.95064220959e+00
-6.94459775348e+00
-6.94490224129e+00
-6.94569773435e+00
-6.94408017374e+00
-6.94972340900e+00
-6.94382733142e+00
-6.94605122339e+00
-6.94615067337e+00
-6.95239036609e+00
-6.94455524301e+00
-6.94658718771e+00
-6.94561066564e+00
-6.94921257635e+00
-6.94525371573e+00
-6.94463004565e+00
-6.94427504524e+00
-6.94884986646e+00
-6.94805283402e+00
-6.94579131745e+00
-6.94357578953e+00
-6.94858867333e+00
-6.94662573819e+00
-6.94745355676e+00
-6.94598319106e+00
-6.94842723193e+00
-6.95274736229e+00
-6.94677687549e+00
-6.94774936575e+00
-6.94490513673e+00
-6.94611277829e+00
-6.94720005538e+00
-6.94408401691e+00
-6.94673978486e+00
-6.94874915569e+00
-6.94432704545e+00
-6.94341167015e+00
-6.94828982273e+00
-6.94728346080e+00
-6.95056568027e+00
-6.94318941242e+00
-6.94468090374e+00
-6.94506071231e+00
-6.94614142654e+00
-6.94781267994e+00
-6.94565751239e+00
-6.94553050025e+00
-6.94919976668e+00
-6.94771597976e+00
-6.94951301705e+00
-6.94536838306e+00
-6.94699464350e+00
-6.94521494118e+00
-6.94558967322e+00
-6.94967937732e+00
-6.94426770308e+00
-6.95210922727e+00
-6.94346179501e+00
-6.94645260940e+00
-6.94509434073e+00
-6.94280783911e+00
-6.94848946665e+00
-6.94756332112e+00
-6.94450111631e+00
-6.94552321041e+00
-6.94617672944e+00
-6.94779511656e+00
-6.94594842284e+00
-6.94828217730e+00
-6.94470751379e+00
-6.94751717506e+00
-6.94650704270e+00
-6.94801673683e+00
-6.94473991114e+00
-6.94928485920e+00
-6.94781718702e+00
-6.94741514491e+00
-6.95084275599e+00
-6.94547059753e+00
-6.94564211987e+00
-6.95089840855e+00
-6.94686529298e+00
-6.94692149330e+00
-6.94731521979e+00
-6.94515125358e+00
-6.94551133689e+00
-6.94608647924e+00
-6.94881402770e+00
-6.94946817113e+00
-6.95235545366e+00
-6.94566790144e+00
-6.94837633607e+00
-6.94472661740e+00
-6.94910007736e+00
-6.94934098774e+00
-6.94559982069e+00
-6.94947711411e+00
-6.94441943733e+00
-6.95211915026e+00
-6.94379824713e+00
-6.94546007237e+00
-6.94743211154e+00
-6.94768762541e+00
-6.94519815507e+00
-6.94688827740e+00
-6.94597230571e+00
-6.94607986077e+00
-6.94369623587e+00
-6.94919275147e+00
-6.95023546238e+00
-6.94750673357e+00
-6.94499356610e+00
-6.94530828621e+00
-6.94341438642e+00
-6.94740056630e+00
-6.94701074881e+00
-6.94156615724e+00
-6.94783101653e+00
-6.94703627017e+00
-6.94772826436e+00
-6.94463760024e+00
-6.94544958995e+00
-6.94684816499e+00
-6.94755956490e+00
-6.94674986627e+00
-6.94845499554e+00
-6.94583181413e+00
-6.94951487969e+00
-6.94857155602e+00
-6.94838389951e+00
-6.94698356780e+00
-6.94563224096e+00
-6.94972742422e+00
-6.94606505716e+00
-6.94543365903e+00
-6.94259842796e+00
-6.94711768400e+00
-6.94678825890e+00
-6.94313994442e+00
-6.95119048527e+00
-6.94613067007e+00
-6.94492351479e+00
-6.94657019057e+00
-6.94384364157e+00
-6.94839280406e+00
-6.94879832948e+00
-6.94702902394e+00
-6.94768919654e+00
-6.94715333163e+00
-6.94387728527e+00
-6.94643772417e+00
-6.94371903032e+00
-6.94580488740e+00
-6.94576838823e+00
-6.94272476842e+00
-6.94859930657e+00
-6.94755420285e+00
-6.94672452573e+00
-6.94813219768e+00
-6.94901643839e+00
-6.94605935557e+00
-6.94418765079e+00
-6.94606867442e+00
-6.94662424155e+00
-6.94451745622e+00
-6.94438215512e+00
-6.94863926056e+00
-6.94962738447e+00
-6.94522322148e+00
-6.94490833194e+00
-6.94852718777e+00
-6.94867309536e+00
-6.94774590434e+00
-6.94338024149e+00
-6.94710912264e+00
-6.94406768844e+00
-6.94954252846e+00
-6.94503379653e+00
-6.94536569907e+00
-6.94998725023e+00
-6.95053735644e+00
-6.94700321280e+00
-6.94641106247e+00
-6.94689998204e+00
-6.94664523814e+00
-6.94876293233e+00
-6.94752979450e+00
-6.94544466402e+00
-6.95295949342e+00
-6.94865113617e+00
-6.94515575189e+00
-6.94829549838e+00
-6.94815739297e+00
-6.94704693507e+00
-6.95099037855e+00
-6.94974090456e+00
-6.94569582617e+00
-6.94740112547e+00
-6.94958789997e+00
-6.94449837015e+00
-6.94665602664e+00
-6.94460830765e+00
-6.94787265410e+00
-6.94360196721e+00
-6.94947262680e+00
-6.94322998488e+00
-6.94875783605e+00
-6.94885637230e+00
-6.94924743727e+00
-6.94665805944e+00
-6.94909134457e+00
-6.94903175400e+00
-6.94723649183e+00
-6.95115805025e+00
-6.94949531516e+00
-6.94352330870e+00
-6.94332809435e+00
-6.94436724466e+00
-6.94808278198e+00
-6.94410453872e+00
-6.94696279065e+00
-6.94586648082e+00
-6.94355678998e+00
-6.94573701864e+00
-6.94823101176e+00
-6.94571557010e+00
-6.94541490602e+00
-6.94646144486e+00
-6.94752793064e+00
-6.94822670320e+00
-6.94571168926e+00
-6.94398282069e+00
-6.94527962675e+00
-6.94642638857e+00
-6.94697234379e+00
-6.94734247063e+00
-6.94743235493e+00
-6.94534234210e+00
-6.94801681447e+00
-6.94626972931e+00
-6.94565216780e+00
-6.94638069238e+00
-6.94680295920e+00
-6.94494726895e+00
-6.95010630900e+00
-6.94410968894e+00
-6.94771274674e+00
-6.94337049487e+00
-6.94425671442e+00
-6.94762620158e+00
-6.94845047000e+00
-6.94564321303e+00
-6.94868917239e+00
-6.94831598772e+00
-6.94780178866e+00
-6.94666059380e+00
-6.95000516231e+00
-6.94829698730e+00
-6.94965402447e+00
-6.94806180385e+00
-6.94773537954e+00
-6.94867378380e+00
-6.95094741348e+00
-6.94704726697e+00
-6.94806392246e+00
-6.94687699615e+00
-6.94611171687e+00
-6.94512553549e+00
-6.94715696560e+00
-6.94493963528e+00
-6.94587633418e+00
-6.94332003815e+00
-6.95050726192e+00
-6.94889023431e+00
-6.94453704816e+00
-6.94532778787e+00
-6.94910591734e+00
-6.94504638269e+00
-6.94671654371e+00
-6.94327692369e+00
-6.94526144301e+00
-6.94673460694e+00
-6.95136697699e+00
-6.94831574742e+00
-6.94717273601e+00
-6.94806436681e+00
-6.94736216765e+00
-6.94663259144e+00
-6.94556587760e+00
-6.94829064114e+00
-6.94358022604e+00
-6.94101189446e+00
-6.94424052288e+00
-6.94657296008e+00
-6.94248673318e+00
-6.94357316387e+00
-6.94342690387e+00
-6.94525299119e+00
-6.94755558060e+00
-6.94634852435e+00
-6.94816713394e+00
-6.94207737366e+00
-6.94920200546e+00
-6.95108344292e+00
-6.94438236455e+00
-6.94723231518e+00
-6.94728315552e+00
-6.94560580903e+00
-6.94633417314e+00
-6.95412025721e+00
-6.95100588747e+00
-6.94365346306e+00
-6.94581276876e+00
-6.94485069456e+00
-6.95030851868e+00
-6.94451565905e+00
-6.94642292472e+00
-6.94694919439e+00
-6.94370389506e+00
-6.94728683326e+00
-6.94553743315e+00
-6.94440519670e+00
-6.94417415769e+00
-6.94350846602e+00
-6.94911120484e+00
-6.94665417188e+00
-6.94985252315e+00
-6.94669100117e+00
-6.94372770384e+00
-6.94408609854e+00
-6.94652255044e+00
-6.94716379000e+00
-6.94621433346e+00
-6.94291612669e+00
-6.94750614041e+00
-6.94737214017e+00
-6.94947735594e+00
-6.94617441770e+00
-6.94635680203e+00
-6.94363340299e+00
-6.94673163607e+00
-6.95018527460e+00
-6.94700999158e+00
-6.94331090633e+00
-6.94433499273e+00
-6.94353763350e+00
-6.94538387484e+00
-6.94694057239e+00
-6.94254151895e+00
-6.94813769288e+00
-6.94988670514e+00
-6.94537132995e+00
-6.94560254884e+00
-6.94979424451e+00
-6.94577086145e+00
-6.94948637094e+00
-6.94396855426e+00
-6.94424401782e+00
-6.95156355485e+00
-6.94525067550e+00
-6.94639487194e+00
-6.94487422061e+00
-6.94727134187e+00
-6.94474202394e+00
-6.94840916703e+00
-6.94679635228e+00
-6.94615033432e+00
-6.94603881982e+00
-6.94675095589e+00
-6.95016665693e+00
-6.94692180041e+00
-6.95008924432e+00
-6.95185100032e+00
-6.94779830735e+00
-6.95030830637e+00
-6.94686152754e+00
-6.94685420984e+00
-6.94403683634e+00
-6.94739285908e+00
-6.94718603596e+00
-6.95001598055e+00
-6.94792928149e+00
-6.94870431931e+00
-6.94549071278e+00
-6.94554049224e+00
-6.94484003209e+00
-6.94549500242e+00
-6.95013811006e+00
-6.94677092216e+00
-6.94519505671e+00
-6.94768249775e+00
-6.94659288430e+00
-6.94774892242e+00
-6.94825307750e+00
-6.94557691149e+00
-6.94279595589e+00
-6.94716064009e+00
-6.94775580828e+00
-6.94834322988e+00
-6.94553357959e+00
-6.94573754462e+00
-6.95050491673e+00
-6.94267431823e+00
-6.94612379993e+00
-6.94969969664e+00
-6.94845870848e+00
-6.94714383206e+00
-6.94388593749e+00
-6.94687417820e+00
-6.95161516075e+00
-6.94492434542e+00
-6.94680930851e+00