7.67246749198e+03
7.65580720976e+03
7.64586366457e+03
7.66279682134e+03
7.65589150778e+03
7.66512518501e+03
7.63548342551e+03
7.65184983701e+03
7.66664573024e+03
7.68424115028e+03
7.64526170738e+03
7.65511278013e+03
7.67621455312e+03
7.67465013068e+03
7.63743872859e+03
7.65091973328e+03
7.64728582001e+03
7.65744621915e+03
7.67627531401e+03
7.66351478326e+03
7.68169980203e+03
7.67455098888e+03
7.66001202769e+03
7.66026334983e+03
7.68340220183e+03
7.67646579616e+03
7.67491383528e+03
7.66947218729e+03
7.65114890424e+03
7.65762604931e+03
7.66119892398e+03
7.67224704467e+03
7.65176482506e+03
7.65576196734e+03
7.66580663523e+03
7.67099197815e+03
7.66627550616e+03
7.66324051260e+03
7.63318487468e+03
7.65325455723e+03
7.65811072470e+03
7.65071933730e+03
7.68375255449e+03
7.67419657913e+03
7.66055996696e+03
7.66706303614e+03
7.66541171340e+03
7.67297071716e+03
7.65632353916e+03
7.65411035405e+03
7.65464321353e+03
7.66082387826e+03
7.66220278119e+03
7.64470403163e+03
7.66685100584e+03
7.67862733465e+03
7.65380771695e+03
7.64065470995e+03
7.66424659854e+03
7.65401538119e+03
7.65367753482e+03
7.64620608797e+03
7.64320027032e+03
7.65420862591e+03
7.66661105463e+03
7.64418607175e+03
7.67765854885e+03
7.65670267176e+03
7.68011922154e+03
7.65525510226e+03
7.67339086486e+03
7.65434895402e+03
7.67465698162e+03
7.66322971542e+03
7.68049173698e+03
7.65462046219e+03
7.64140955395e+03
7.65275816269e+03
7.66189553949e+03
7.65573768038e+03
7.67300783780e+03
7.66552514304e+03
7.65279266760e+03
7.65252998693e+03
7.66557291986e+03
7.65129570127e+03
7.66393991567e+03
7.63913557732e+03
7.66633640411e+03
7.65503541505e+03
7.68258677496e+03
7.64887685643e+03
7.65603257672e+03
7.66088134151e+03
7.66123951754e+03
7.65199733982e+03
7.64539260571e+03
7.66223551920e+03
7.67735633554e+03
7.65665028700e+03
7.65933828049e+03
7.66801504293e+03
7.66115816722e+03
7.66448537633e+03
7.63028279118e+03
7.65073117678e+03
7.68787895076e+03
7.66967941045e+03
7.63062816917e+03
7.63987581947e+03
7.66354532640e+03
7.66319980257e+03
7.66472225882e+03
7.67660620303e+03
7.65187725924e+03
7.64890577250e+03
7.66261853593e+03
7.66468223380e+03
7.66701123122e+03
7.66806261633e+03
7.64993100135e+03
7.65538819528e+03
7.66222416625e+03
7.66677451917e+03
7.65049199127e+03
7.65225869591e+03
7.66559896641e+03
7.64669833780e+03
7.64345980887e+03
7.63625761598e+03
7.65179644686e+03
7.65387694528e+03
7.66191118334e+03
7.66622190590e+03
7.64765420220e+03
7.65899658392e+03
7.67263122635e+03
7.64188793963e+03
7.64135005340e+03
7.64856620968e+03
7.65106650639e+03
7.65355800296e+03
7.64776227394e+03
7.66049938745e+03
7.64361301279e+03
7.65983983809e+03
7.66334105685e+03
7.68949031351e+03
7.67828591458e+03
7.67050118778e+03
7.67735356706e+03
7.65849061545e+03
7.66748820080e+03
7.64343862463e+03
7.65361433817e+03
7.66791982745e+03
7.67450195329e+03
7.64961145283e+03
7.66666889987e+03
7.65499257925e+03
7.66713601099e+03
7.67598977717e+03
7.65634585244e+03
7.66570519253e+03
7.65627549236e+03
7.65582319781e+03
7.68003629063e+03
7.65727360954e+03
7.63484384832e+03
7.66162889486e+03
7.65663788764e+03
7.64066270072e+03
7.64092249546e+03
7.66015911989e+03
7.64984379677e+03
7.65931092239e+03
7.65668845907e+03
7.68050927372e+03
7.65989633697e+03
7.67195078330e+03
7.67714100180e+03
7.66246629050e+03
7.66423542561e+03
7.67145350410e+03
7.67219370741e+03
7.66618446849e+03
7.65034339088e+03
7.66671943537e+03
7.64365005402e+03
7.64520284612e+03
7.65870398072e+03
7.63236962959e+03
7.66843323073e+03
7.64554415851e+03
7.66693700056e+03
7.63678853523e+03
7.66042066700e+03
7.67561343695e+03
7.66007630054e+03
7.66894274045e+03
7.66978902479e+03
7.65273984439e+03
7.66058011537e+03
7.65281959631e+03
7.67100515166e+03
7.64329961105e+03
7.63307714698e+03
7.67073788863e+03
7.64375799292e+03
7.64979601832e+03
7.66852002478e+03
7.66080346123e+03
7.65719099451e+03
7.66994447878e+03
7.65322457141e+03
7.64761539246e+03
7.64911064885e+03
7.66878756240e+03
7.66732305397e+03
7.67344130031e+03
7.65945681953e+03
7.65124794552e+03
7.66165799123e+03
7.66157426466e+03
7.64560026083e+03
7.66114978201e+03
7.65799136501e+03
7.67327461070e+03
7.65878425719e+03
7.66636678970e+03
7.64320246518e+03
7.64692825062e+03
7.66827216366e+03
7.66469867119e+03
7.64329265444e+03
7.65318488246e+03
7.65583665125e+03
7.66869806332e+03
7.66580171230e+03
7.66506198386e+03
7.68086479141e+03
7.66690412195e+03
7.65708254686e+03
7.65418175723e+03
7.67375798713e+03
7.66193607074e+03
7.65078532862e+03
7.65105062098e+03
7.66600912020e+03
7.68550674284e+03
7.66452285443e+03
7.65359313603e+03
7.66931740031e+03
7.65280958291e+03
7.66247764444e+03
7.66439877731e+03
7.67120192630e+03
7.65468481583e+03
7.66243973160e+03
7.66277733725e+03
7.67071295380e+03
7.66809188016e+03
7.66184264835e+03
7.68123935991e+03
7.64690145702e+03
7.64605204565e+03
7.63127857810e+03
7.64952860142e+03
7.65457533879e+03
7.65666219254e+03
7.65148039720e+03
7.63982374526e+03
7.65211206484e+03
7.66782905386e+03
7.64770570068e+03
7.65660638600e+03
7.66707312154e+03
7.65698751122e+03
7.66669189508e+03
7.65630983941e+03
7.66438157380e+03
7.66557116943e+03
7.66849059038e+03
7.66664234172e+03
7.66483282929e+03
7.67877509639e+03
7.67710219515e+03
7.64686317152e+03
7.65974578884e+03
7.66622798400e+03
7.65053837931e+03
7.64601144486e+03
7.65681865739e+03
7.66280957070e+03
7.65599708962e+03
7.65918626645e+03
7.64575483376e+03
7.66442936328e+03
7.66514018721e+03
7.67091069386e+03
7.66577998797e+03
7.66511160242e+03
7.64363457051e+03
7.66391828388e+03
7.63143412375e+03
7.65204058442e+03
7.65232358404e+03
7.65465768236e+03
7.65025230861e+03
7.66863074787e+03
7.63826491672e+03
7.68050579472e+03
7.65274359761e+03
7.66025425193e+03
7.64126882105e+03
7.65032741125e+03
7.65802704902e+03
7.66057590984e+03
7.65543953343e+03
7.64998662638e+03
7.66053209853e+03
7.65460655143e+03
7.64694434339e+03
7.65009993125e+03
7.67317787964e+03
7.64238839851e+03
7.63496197263e+03
7.65320989714e+03
7.65585517518e+03
7.65154660909e+03
7.65411649223e+03
7.66299606387e+03
7.65467213419e+03
7.64828466739e+03
7.62953220605e+03
7.63808922988e+03
7.64574642702e+03
7.64564379960e+03
7.64375200750e+03
7.66683462915e+03
7.65279658867e+03
7.64925218447e+03
7.65675924626e+03
7.67634579512e+03
7.66472501413e+03
7.66186173943e+03
7.67429318961e+03
7.65220089815e+03
7.66639127349e+03
7.66085357074e+03
7.68636392392e+03
7.65528507789e+03
7.64634998159e+03
7.66988620361e+03
7.66531063161e+03
7.65766876127e+03
7.68046257287e+03
7.65103353573e+03
7.67707337229e+03
7.63940499562e+03
7.66952506898e+03
7.67315631885e+03
7.67190265287e+03
7.65238484833e+03
7.65778552857e+03
7.65352839198e+03
7.63409871874e+03
7.65345136560e+03
7.65092035366e+03
7.65466801594e+03
7.67241535060e+03
7.69726170292e+03
7.63888540864e+03
7.65296933688e+03
7.66987608364e+03
7.67042309798e+03
7.67289512151e+03
7.66439327771e+03
7.65596613536e+03
7.65721949319e+03
7.66737121001e+03
7.64692173291e+03
7.64257565250e+03
7.66360966222e+03
7.64333053166e+03
7.64664686631e+03
7.65222735851e+03
7.65407034657e+03
7.66395010978e+03
7.68676387229e+03
7.64803929316e+03
7.66305932014e+03
7.67585015892e+03
7.66126660272e+03
7.68570855608e+03
7.66502715709e+03
7.67739334705e+03
7.65655115907e+03
7.64365135499e+03
7.64376834840e+03
7.65762513357e+03
7.65098268396e+03
7.66550969958e+03
7.66524714291e+03
7.65646502724e+03
7.64680025799e+03
7.66401239850e+03
7.63428277977e+03
7.65908977946e+03
7.65109354186e+03
7.64679655723e+03
7.64822154909e+03
7.65203922947e+03
7.65074859027e+03
7.63533454425e+03
7.68027884321e+03
7.66805856707e+03
7.64427062998e+03
7.68337262981e+03
7.67299139853e+03
7.66102545245e+03
7.64093941958e+03
7.65120474897e+03
7.64980439336e+03
7.65467182116e+03
7.66232152921e+03
7.66361561143e+03
7.66231952392e+03
7.66771445018e+03
7.68344650744e+03
7.65419771296e+03
7.64429303883e+03
7.64275342017e+03
7.65692747252e+03
7.64769321040e+03
7.64236333105e+03
7.66125064010e+03
7.64196970236e+03
7.65320626331e+03
7.65850690125e+03
7.66499925319e+03
7.67048940628e+03
7.65779185156e+03
7.64265635591e+03
7.64098562778e+03
7.68018535230e+03
7.67049928856e+03
7.66001592249e+03
7.64687689066e+03
7.65880415188e+03
7.63243593086e+03
7.65896071403e+03
7.65959985624e+03
7.64884976638e+03
7.64719652805e+03
7.65040037827e+03
7.67587332431e+03
7.66049280584e+03
7.67170254772e+03
7.64203342757e+03
7.66983399046e+03
7.67492837281e+03
7.65932729188e+03
7.65316167021e+03
7.66365037538e+03
7.63981165293e+03
7.66494452487e+03
7.65674176771e+03
7.67191731460e+03
7.65611150231e+03
7.64242885427e+03
7.68051648264e+03
7.66030835224e+03
7.67209746333e+03
7.66231718485e+03
7.66771835785e+03
7.66648714565e+03
7.65757507254e+03
7.66094959423e+03
7.66954696220e+03
7.64704379391e+03
7.65806985744e+03
7.67263510525e+03
7.66630435798e+03
7.64448517007e+03
7.65064042317e+03
7.68495056700e+03
7.67931335262e+03
7.66753921585e+03
7.67510752438e+03
7.65967872450e+03
7.64645512456e+03
7.67858645266e+03
7.66544898814e+03
7.66837293311e+03
7.67905481678e+03
7.65556234924e+03
7.66590177745e+03
7.64706240008e+03
7.65091481911e+03
7.65884595897e+03