-3.60211450334e+00
-3.59798347260e+00
-3.59732984995e+00
-3.60098116876e+00
-3.59886494327e+00
-3.59924376851e+00
-3.59802605676e+00
-3.60020161634e+00
-3.59980153557e+00
-3.60080084595e+00
-3.59998718817e+00
-3.60063740103e+00
-3.60128130406e+00
-3.60159958844e+00
-3.59830856852e+00
-3.59840131986e+00
-3.59863167132e+00
-3.59747736432e+00
-3.60155939397e+00
-3.60209001204e+00
-3.59818703654e+00
-3.59776923071e+00
-3.59939216770e+00
-3.59701563328e+00
-3.59939405932e+00
-3.59567471048e+00
-3.59915111248e+00
-3.60137096864e+00
-3.59765067478e+00
-3.59842418134e+00
-3.59968038360e+00
-3.60146842241e+00
-3.60071942033e+00
-3.59684485326e+00
-3.59953357634e+00
-3.59906662715e+00
-3.60062682233e+00
-3.59675882747e+00
-3.59722043440e+00
-3.59840075184e+00
-3.59804277353e+00
-3.59662143619e+00
-3.59828996735e+00
-3.60031215344e+00
-3.59964579523e+00
-3.60064662150e+00
-3.59922840338e+00
-3.59911603375e+00
-3.59966798349e+00
-3.59844922079e+00
-3.59871366787e+00
-3.60400735353e+00
-3.59494133315e+00
-3.60047028713e+00
-3.59847788783e+00
-3.59917321416e+00
-3.59998230034e+00
-3.60083711554e+00
-3.60090679281e+00
-3.59815363598e+00
-3.59765073868e+00
-3.59927407365e+00
-3.59831705882e+00
-3.60108386185e+00
-3.59889027239e+00
-3.59903157829e+00
-3.59756944768e+00
-3.60178938014e+00
-3.59764971702e+00
-3.60063174741e+00
-3.59761369392e+00
-3.59960680705e+00
-3.60082977768e+00
-3.59845982135e+00
-3.59721661614e+00
-3.60103455647e+00
-3.60037521130e+00
-3.60136179983e+00
-3.60060103984e+00
-3.59779841867e+00
-3.59824621711e+00
-3.59881899104e+00
-3.59546137082e+00
-3.59930263666e+00
-3.60073785872e+00
-3.59968552132e+00
-3.60019007235e+00
-3.60231829141e+00
-3.59819719893e+00
-3.60123049957e+00
-3.59926961388e+00
-3.59867433572e+00
-3.59827767754e+00
-3.60154711355e+00
-3.59823722050e+00
-3.59756140514e+00
-3.59931705349e+00
-3.60020075264e+00
-3.60036585578e+00
-3.59940431609e+00
-3.60097030832e+00
-3.59949057918e+00
-3.59941326737e+00
-3.59868088476e+00
-3.59816360553e+00
-3.60074067727e+00
-3.60173460868e+00
-3.59775188350e+00
-3.59988358058e+00
-3.59629688174e+00
-3.59838706194e+00
-3.59908974645e+00
-3.59863667073e+00
-3.60147132537e+00
-3.59944829026e+00
-3.60338782251e+00
-3.59594008094e+00
-3.60102063591e+00
-3.60076897375e+00
-3.59983746927e+00
-3.59684621136e+00
-3.59777311373e+00
-3.59591914162e+00
-3.60229336482e+00
-3.59792221352e+00
-3.60217863933e+00
-3.60028484393e+00
-3.60145376102e+00
-3.59883807139e+00
-3.60217496665e+00
-3.59844267298e+00
-3.60357018946e+00
-3.60132189595e+00
-3.59990975184e+00
-3.60200393293e+00
-3.60124213356e+00
-3.60187450592e+00
-3.59847141285e+00
-3.59710775361e+00
-3.59706197023e+00
-3.59966862937e+00
-3.59916673226e+00
-3.59749657865e+00
-3.59926185816e+00
-3.59958629499e+00
-3.59785830444e+00
-3.59983392283e+00
-3.59729607587e+00
-3.60134749248e+00
-3.60084068062e+00
-3.59889923088e+00
-3.59848169696e+00
-3.59836272490e+00
-3.60128642435e+00
-3.60024481489e+00
-3.60044786988e+00
-3.59441857198e+00
-3.59945520584e+00
-3.60192841706e+00
-3.59835282373e+00
-3.59847906634e+00
-3.59904426744e+00
-3.59875661803e+00
-3.59952910554e+00
-3.59891921616e+00
-3.60196490659e+00
-3.60079988336e+00
-3.60036481452e+00
-3.59949316532e+00
-3.59734632728e+00
-3.60065951976e+00
-3.60077252347e+00
-3.59910847283e+00
-3.59951454299e+00
-3.60190608354e+00
-3.60299355013e+00
-3.60038443698e+00
-3.59925145467e+00
-3.59733289973e+00
-3.60047901275e+00
-3.59687500176e+00
-3.59830512989e+00
-3.59942600517e+00
-3.59908387462e+00
-3.59651578101e+00
-3.60002303271e+00
-3.60163172357e+00
-3.59550518970e+00
-3.59833477182e+00
-3.60047706582e+00
-3.60074891608e+00
-3.59899420049e+00
-3.60025398399e+00
-3.59694566595e+00
-3.59965405415e+00
-3.60101159323e+00
-3.59920310576e+00
-3.59837847996e+00
-3.59801151958e+00
-3.59879787487e+00
-3.60032425345e+00
-3.59792351213e+00
-3.60131892956e+00
-3.59813197585e+00
-3.59710869664e+00
-3.59926425737e+00
-3.59805055588e+00
-3.59745330600e+00
-3.59821765820e+00
-3.60271500674e+00
-3.59960327995e+00
-3.60023084505e+00
-3.59736060774e+00
-3.59889572166e+00
-3.60022273958e+00
-3.59834607724e+00
-3.59691817322e+00
-3.60151355054e+00
-3.59719485097e+00
-3.59954046775e+00
-3.59780154786e+00
-3.60097548281e+00
-3.59488395799e+00
-3.59896551924e+00
-3.60134420626e+00
-3.59955753212e+00
-3.59633368257e+00
-3.59841527127e+00
-3.59766648374e+00
-3.59599205038e+00
-3.59686953795e+00
-3.59961954974e+00
-3.60209432649e+00
-3.59515899406e+00
-3.59967194395e+00
-3.60566631796e+00
-3.59945850605e+00
-3.60135022979e+00
-3.59766877666e+00
-3.59978325392e+00
-3.60082934411e+00
-3.59493532474e+00
-3.59827140306e+00
-3.60036649089e+00
-3.60001682507e+00
-3.60292727867e+00
-3.60116694175e+00
-3.59827467853e+00
-3.59876878021e+00
-3.59926364934e+00
-3.59672041391e+00
-3.59810969217e+00
-3.60069434595e+00
-3.59861105190e+00
-3.60059114550e+00
-3.60103242458e+00
-3.59721340774e+00
-3.60312220496e+00
-3.60005727572e+00
-3.59746013074e+00
-3.60206127863e+00
-3.60136233572e+00
-3.59744712162e+00
-3.59742784768e+00
-3.60127240077e+00
-3.59883802582e+00
-3.59826608793e+00
-3.59863408260e+00
-3.60144881923e+00
-3.60024570313e+00
-3.59925001208e+00
-3.59706635972e+00
-3.59844024063e+00
-3.59937990333e+00
-3.60086814102e+00
-3.59871884916e+00
-3.59757716896e+00
-3.60078940296e+00
-3.60028354146e+00
-3.59593890310e+00
-3.60360960191e+00
-3.60187811642e+00
-3.59628300662e+00
-3.60080621545e+00
-3.60143907309e+00
-3.59526106695e+00
-3.59932163659e+00
-3.60207069355e+00
-3.59957625284e+00
-3.59586520461e+00
-3.59873456848e+00
-3.59884881168e+00
-3.59896805786e+00
-3.59882816270e+00
-3.59975565579e+00
-3.60240331677e+00
-3.59933325786e+00
-3.60021046349e+00
-3.59781115128e+00
-3.59768268206e+00
-3.59848158019e+00
-3.59959293325e+00
-3.60230209513e+00
-3.60134341802e+00
-3.60201081273e+00
-3.59980574218e+00
-3.60455324278e+00
-3.59568423889e+00
-3.59882339934e+00
-3.59977131427e+00
-3.59854030551e+00
-3.59778929672e+00
-3.59831153637e+00
-3.60010372665e+00
-3.59926886245e+00
-3.60193541665e+00
-3.59932103231e+00
-3.59987633112e+00
-3.59912289077e+00
-3.59876069782e+00
-3.59983396738e+00
-3.60048494460e+00
-3.59865997972e+00
-3.59712073616e+00
-3.60164871095e+00
-3.59936290682e+00
-3.60224777728e+00
-3.59731312437e+00
-3.59943058458e+00
-3.59907477301e+00
-3.60052682060e+00
-3.60077811122e+00
-3.59846952426e+00
-3.59751029970e+00
-3.59979789082e+00
-3.59524797413e+00
-3.59913227173e+00
-3.59752303941e+00
-3.59728353722e+00
-3.59921860547e+00
-3.59964279919e+00
-3.59953906858e+00
-3.59805674796e+00
-3.59972655978e+00
-3.59464979782e+00
-3.59657190134e+00
-3.59873390085e+00
-3.59963959345e+00
-3.59806874961e+00
-3.59851310656e+00
-3.59991381897e+00
-3.60001854029e+00
-3.60082226354e+00
-3.60342009724e+00
-3.60201506529e+00
-3.59936172985e+00
-3.59674824502e+00
-3.59952326594e+00
-3.60038002901e+00
-3.59899728010e+00
-3.59955109784e+00
-3.59924503565e+00
-3.59970585005e+00
-3.60046661681e+00
-3.59843555823e+00
-3.59736187001e+00
-3.59900710774e+00
-3.59783168470e+00
-3.60111426334e+00
-3.59792879203e+00
-3.60254178166e+00
-3.59933883893e+00
-3.60218574609e+00
-3.59981669568e+00
-3.59931326341e+00
-3.59835652735e+00
-3.59963727740e+00
-3.59995949284e+00
-3.60225995042e+00
-3.59852402528e+00
-3.59857384746e+00
-3.60168988614e+00
-3.60134106012e+00
-3.59813410078e+00
-3.59694178500e+00
-3.60210451715e+00
-3.59903201431e+00
-3.59936563924e+00
-3.59915294795e+00
-3.60272964659e+00
-3.59982420434e+00
-3.60041994163e+00
-3.59859450630e+00
-3.60058224792e+00
-3.59940492351e+00
-3.59890247369e+00
-3.59953151527e+00
-3.60082806959e+00
-3.59985304404e+00
-3.59632596827e+00
-3.59803354149e+00
-3.59846364667e+00
-3.60003743946e+00
-3.59637518526e+00
-3.59785008538e+00
-3.60114065184e+00
-3.60047126823e+00
-3.60013639712e+00
-3.59971618691e+00
-3.59943147210e+00
-3.59927480994e+00
-3.59904456336e+00
-3.60179451315e+00
-3.59964436192e+00
-3.59710034529e+00
-3.59893242560e+00
-3.60147265109e+00
-3.60296695259e+00
-3.60096145335e+00
-3.60118109220e+00
-3.59752896741e+00
-3.60094902236e+00
-3.59741785281e+00
-3.60016372609e+00
-3.60176304417e+00
-3.59781921892e+00
-3.60108665599e+00
-3.59910776749e+00
-3.60043060461e+00
-3.60050623255e+00
-3.59905966846e+00
-3.59750684902e+00
-3.59916146986e+00
-3.60146888981e+00
-3.59935956456e+00
-3.59909349752e+00
-3.60315494956e+00
-3.59922015542e+00
-3.60096886571e+00
-3.60186460771e+00
-3.60151204059e+00
-3.60035432252e+00
-3.60123703360e+00
-3.59810748525e+00
-3.60177587003e+00
-3.60010413293e+00
-3.60084694701e+00
-3.59939443847e+00
-3.60152346684e+00
-3.60128976154e+00
-3.60165970287e+00
-3.60004210458e+00
-3.59855831192e+00
-3.59743518339e+00
-3.59801239496e+00
-3.60173801350e+00
-3.60088858095e+00
-3.59799606336e+00
-3.59838622391e+00
-3.59855741808e+00
-3.60387323699e+00
-3.59936978846e+00
-3.60174500853e+00
-3.59961505590e+00
-3.59903088681e+00
-3.59843763126e+00
-3.60122028866e+00
-3.59883552130e+00
-3.60170867067e+00
-3.59926551613e+00
-3.59855321721e+00
-3.60088324760e+00
-3.60025031121e+00
-3.59951674159e+00
-3.59897981471e+00
-3.59916287922e+00
-3.59815802111e+00
-3.59842842283e+00
-3.59896377498e+00
-3.59891785519e+00
-3.59708999313e+00
-3.59481272847e+00
-3.60016114346e+00
-3.59584685747e+00
-3.59882264891e+00
-3.60155198057e+00
-3.59956656801e+00
-3.59741776253e+00
-3.60070604733e+00
-3.60277001028e+00
-3.59773188761e+00
-3.59730364295e+00
-3.60029683411e+00
-3.59588610357e+00
-3.59828173030e+00
-3.60181516910e+00
-3.60065062088e+00
-3.60021418790e+00
-3.59612283780e+00
-3.60029339584e+00
-3.59951049372e+00