-6.79014151453e+00
-7.91850041644e+00
-7.12902548510e+00
-8.28697203093e+00
-7.54458797388e+00
-7.39132581118e+00
-7.25405038635e+00
-6.96658923852e+00
-7.33295978239e+00
-7.37126063968e+00
-8.25782993338e+00
-7.37665493667e+00
-7.55404120518e+00
-6.48785373737e+00
-7.08524687003e+00
-6.03225443111e+00
-8.63860513463e+00
-7.27907195243e+00
-6.47300690350e+00
-7.07863060802e+00
-8.82049899575e+00
-5.46925171988e+00
-7.15548340189e+00
-8.06736110366e+00
-7.57053589366e+00
-7.97968777788e+00
-8.17999869151e+00
-7.63771040515e+00
-7.39992208568e+00
-7.43145642294e+00
-7.08327140659e+00
-6.68300956571e+00
-7.24875187416e+00
-7.86557710093e+00
-7.13671554798e+00
-7.57440009626e+00
-7.00500226142e+00
-7.50415921077e+00
-7.70584148820e+00
-7.34514031082e+00
-7.67414639454e+00
-7.23293304160e+00
-6.68361025396e+00
-8.83870776053e+00
-6.97935682040e+00
-6.30434954965e+00
-7.31641716100e+00
-7.98291800128e+00
-7.23248535493e+00
-7.27160238350e+00
-7.72753377942e+00
-7.74533506864e+00
-8.64425082811e+00
-7.93059060367e+00
-7.26663704445e+00
-8.67886464274e+00
-7.57674216114e+00
-7.14364117316e+00
-7.20788877436e+00
-7.39432011073e+00
-7.41125909517e+00
-6.56708368999e+00
-7.66942285027e+00
-7.71364154670e+00
-7.46672943020e+00
-8.22753974241e+00
-8.00886840399e+00
-8.02687306764e+00
-8.24565212290e+00
-6.55985896189e+00
-7.12494060871e+00
-7.07262874149e+00
-7.43298233095e+00
-8.37340401831e+00
-6.72315066399e+00
-7.81334361014e+00
-6.41902493564e+00
-6.43760860628e+00
-7.93051651444e+00
-7.22298176775e+00
-8.22127334522e+00
-7.45017198813e+00
-7.12703274522e+00
-8.14395410068e+00
-6.56849279508e+00
-8.28564381266e+00
-7.11631351720e+00
-6.95937673703e+00
-8.17942469347e+00
-7.34095763192e+00
-6.37165703511e+00
-7.09188391580e+00
-7.32651400422e+00
-6.83334369524e+00
-7.92145372431e+00
-6.65770196303e+00
-5.95648485433e+00
-7.11665782036e+00
-7.63731376752e+00
-7.74886375462e+00
-6.43216432131e+00
-7.46436305984e+00
-7.79340971050e+00
-6.04020807529e+00
-6.96484795563e+00
-7.86639754152e+00
-7.11609758104e+00
-7.10445530737e+00
-7.01753941709e+00
-7.09225272383e+00
-7.34849635414e+00
-7.04816894913e+00
-7.84536873516e+00
-7.96288868329e+00
-8.07759642533e+00
-7.11588555992e+00
-8.32631140799e+00
-7.69736941811e+00
-6.58593119449e+00
-6.59499558113e+00
-7.73888382734e+00
-7.07226182636e+00
-7.12799991415e+00
-7.56422384439e+00
-7.94537735496e+00
-8.23934955881e+00
-7.85007966459e+00
-8.05840641575e+00
-7.75524808581e+00
-6.53877376476e+00
-8.13159973107e+00
-7.05189640273e+00
-7.69308553011e+00
-7.45925131515e+00
-7.60799046878e+00
-7.14057402326e+00
-8.15801494391e+00
-6.97967252751e+00
-7.79669868440e+00
-7.78321982242e+00
-7.73168485175e+00
-7.78401828244e+00
-7.75413610094e+00
-7.93673861403e+00
-7.60643055597e+00
-7.97411284322e+00
-8.12148814819e+00
-6.77514079371e+00
-6.54320464125e+00
-7.37368999673e+00
-7.59647843811e+00
-7.84215605242e+00
-7.86901579321e+00
-7.80993032458e+00
-7.31421087545e+00
-6.84942068280e+00
-7.49689784620e+00
-7.03034988978e+00
-7.34839280120e+00
-7.08206036479e+00
-7.17259744999e+00
-6.90441648540e+00
-7.59118473316e+00
-7.95605214052e+00
-7.71676895002e+00
-8.43705858594e+00
-7.88504253926e+00
-8.17682082584e+00
-7.52312149024e+00
-7.06223171703e+00
-6.92963088871e+00
-7.05803014224e+00
-7.89530587811e+00
-7.18409501801e+00
-7.94326607486e+00
-7.94033640013e+00
-8.02655211136e+00
-8.30224011845e+00
-8.57964519252e+00
-7.86085302514e+00
-6.98736008498e+00
-7.74335440362e+00
-8.67805925764e+00
-7.41773190140e+00
-6.77639572227e+00
-8.08245857987e+00
-6.30940558596e+00
-9.08326956115e+00
-6.51520609985e+00
-8.04184444003e+00
-6.98350028581e+00
-7.33360577949e+00
-6.67043946926e+00
-8.11057815021e+00
-6.64643767876e+00
-6.97441892873e+00
-6.81949979782e+00
-6.00058342814e+00
-7.23241067131e+00
-7.28762310918e+00
-7.02187562205e+00
-7.15753453115e+00
-7.51991093933e+00
-8.61987278130e+00
-7.03726306976e+00
-6.48725375571e+00
-8.41025186188e+00
-7.05298293811e+00
-6.12172833880e+00
-7.97976605799e+00
-6.65327112126e+00
-7.79337648072e+00
-7.41539309173e+00
-8.33179935173e+00
-7.54628740004e+00
-7.57959679802e+00
-8.07381998443e+00
-7.11583259984e+00
-7.45984053628e+00
-7.65934544844e+00
-8.07359266412e+00
-7.80942793710e+00
-7.64515084738e+00
-6.46068877643e+00
-6.73341258980e+00
-6.98885042881e+00
-7.46903739824e+00
-7.03555584240e+00
-7.09972665159e+00
-7.67397450805e+00
-7.47462325356e+00
-6.94918349442e+00
-7.36048157328e+00
-7.22497387407e+00
-7.04743396895e+00
-7.72443073482e+00
-7.70049780922e+00
-6.91577507332e+00
-7.75435315560e+00
-6.71752098248e+00
-6.66138015418e+00
-8.47382098255e+00
-7.48738929599e+00
-7.13124627559e+00
-7.95599649887e+00
-8.90690771872e+00
-7.17078348814e+00
-7.71132726600e+00
-7.81640413102e+00
-6.76596226961e+00
-7.73707398081e+00
-6.72382658910e+00
-7.34909250378e+00
-7.95237009347e+00
-6.92939347368e+00
-7.50279997725e+00
-7.23905225344e+00
-7.61849260465e+00
-7.96709878231e+00
-6.97188838661e+00
-7.75615813182e+00
-6.35875829137e+00
-7.04084176764e+00
-7.49267057093e+00
-6.83193404898e+00
-6.10234108619e+00
-7.30320158889e+00
-6.80741465165e+00
-6.55463644838e+00
-8.07667007507e+00
-7.33251603790e+00
-6.42218593903e+00
-6.76926110371e+00
-6.41342524993e+00
-7.35629126361e+00
-7.71582063547e+00
-7.28097313665e+00
-7.51627869238e+00
-8.18340113173e+00
-8.04053451614e+00
-6.95069234908e+00
-6.86522486590e+00
-6.73405551879e+00
-7.11371118606e+00
-6.93839797221e+00
-7.64889370645e+00
-6.61143952482e+00
-7.94166973373e+00
-6.68185616009e+00
-6.84691341547e+00
-7.25609008232e+00
-6.41694520712e+00
-8.60908498575e+00
-6.90028454916e+00
-8.58701112070e+00
-8.92418114321e+00
-7.21679753788e+00
-6.47166982559e+00
-7.59625168353e+00
-7.19504966836e+00
-7.00846362919e+00
-7.71974571168e+00
-7.48470948388e+00
-7.06014121266e+00
-7.61092939197e+00
-6.85981486184e+00
-8.24915941690e+00
-7.21058604993e+00
-6.87941685760e+00
-7.70442588601e+00
-7.54274113307e+00
-7.59407856637e+00
-6.44737470675e+00
-7.30205105324e+00
-8.10947418033e+00
-8.53567966233e+00
-7.43187301052e+00
-6.78811653705e+00
-6.23074210420e+00
-6.73683499499e+00
-7.79444424932e+00
-8.03658254865e+00
-7.42704332530e+00
-8.08615216755e+00
-7.54284695964e+00
-7.01748138863e+00
-7.09121352343e+00
-7.66222155867e+00
-7.70921393171e+00
-7.33864490462e+00
-7.86811058608e+00
-7.43182363029e+00
-6.90679695359e+00
-6.58210493890e+00
-7.08208713964e+00
-8.01412976981e+00
-7.08955829224e+00
-6.48982446284e+00
-6.80013227213e+00
-7.90960725634e+00
-7.94232633879e+00
-7.67733393421e+00
-7.48065176763e+00
-6.74757435053e+00
-8.41660858359e+00
-7.40591009937e+00
-8.73046340717e+00
-6.92043528686e+00
-7.40993511292e+00
-8.07310810229e+00
-7.88744567178e+00
-6.69172714047e+00
-7.70893488513e+00
-7.54947466058e+00
-6.76027419078e+00
-6.70536447814e+00
-6.67550075745e+00
-7.14401600226e+00
-7.73379425703e+00
-6.91505794129e+00
-7.34435418658e+00
-7.28553351781e+00
-7.04764197846e+00
-6.70067139478e+00
-7.24696881017e+00
-7.15794812322e+00
-7.15734218083e+00
-7.45575256713e+00
-6.75487790349e+00
-7.19002102728e+00
-7.93150996854e+00
-7.65558191272e+00
-7.75213433110e+00
-6.12469034335e+00
-9.22064127002e+00
-7.78056157300e+00
-6.70966410299e+00
-6.68645889424e+00
-8.35926448742e+00
-6.89207707908e+00
-8.51197094396e+00
-7.64126200340e+00
-7.64204842386e+00
-7.40501993773e+00
-7.48505607570e+00
-7.95494492420e+00
-7.67134092355e+00
-5.97308688224e+00
-6.48055872658e+00
-7.58290917009e+00
-7.99162267994e+00
-6.30982902322e+00
-7.10957235523e+00
-7.27345696871e+00
-6.85877459830e+00
-7.66100902532e+00
-6.67464840972e+00
-7.91809620173e+00
-7.98413612025e+00
-7.79012522560e+00
-7.11236211221e+00
-7.83052147929e+00
-6.98921425241e+00
-7.50876907073e+00
-7.19696457728e+00
-7.50468104942e+00
-8.26193987564e+00
-7.16838402424e+00
-7.64751300194e+00
-6.86239307101e+00
-8.00157389353e+00
-6.62471498754e+00
-7.66688973520e+00
-8.51908526223e+00
-6.65582007014e+00
-8.12896556673e+00
-6.86180387016e+00
-5.92351724039e+00
-7.63877077319e+00
-7.73629221378e+00
-7.30346139593e+00
-8.02375819077e+00
-7.70533565208e+00
-7.44895503655e+00
-6.54470642973e+00
-8.22114150736e+00
-6.63146001483e+00
-7.42645570791e+00
-7.37186099316e+00
-7.18687709110e+00
-9.00416056768e+00
-6.58094020474e+00
-6.99321126345e+00
-6.25363479823e+00
-6.53143875205e+00
-8.33478550100e+00
-7.46765644878e+00
-7.16601008201e+00
-6.58811657030e+00
-7.34834777965e+00
-7.64328118389e+00
-7.77358314621e+00
-7.72568224600e+00
-7.13632151012e+00
-6.75903660608e+00
-7.03117027389e+00
-6.27115184751e+00
-7.17851322691e+00
-8.15204369105e+00
-7.43434600268e+00
-7.59958317008e+00
-7.04867619324e+00
-7.31507013222e+00
-7.30789467881e+00
-8.36201162781e+00
-7.47290164594e+00
-7.69922827488e+00
-7.45251351538e+00
-7.60668925843e+00
-7.33213646889e+00
-7.89589063055e+00
-7.44136578543e+00
-7.59139987439e+00
-6.59091488020e+00
-7.12768520851e+00
-7.63932250313e+00
-7.57463831299e+00
-7.27047858719e+00
-8.12073865210e+00
-8.52876068509e+00
-7.83838601219e+00
-6.58938290549e+00
-7.23029393163e+00
-8.29462951889e+00
-7.56460704171e+00
-7.24004697655e+00
-6.57621341525e+00
-7.79930179273e+00
-6.60215419819e+00
-7.13338032825e+00
-7.44823652692e+00
-6.60019211905e+00
-6.68873856413e+00
-6.87209505285e+00
-7.34464448827e+00
-8.16327018021e+00
-7.05999035537e+00
-7.81772560894e+00
-7.09582811762e+00
-7.57836916343e+00
-8.51534922863e+00
-7.74194699570e+00
-6.73084254556e+00
-6.08885960053e+00
-7.11100765217e+00
-7.38062153698e+00
-8.13787113638e+00
-7.56186768415e+00
-7.70433393641e+00
-7.38674236145e+00
-7.39576848183e+00