8.51918685969e-01
7.83205565489e-01
7.93744684752e-01
6.81500083678e-01
7.79708512428e-01
6.49375672263e-01
7.68946265946e-01
7.54541340873e-01
8.41488488596e-01
7.77765751377e-01
7.81636775740e-01
6.51700843541e-01
6.80479418511e-01
5.83862850593e-01
8.22652985698e-01
8.48751909540e-01
8.38334381376e-01
6.98886564202e-01
6.25204305383e-01
8.37562197147e-01
7.72592207277e-01
8.47923200885e-01
8.07871251616e-01
7.82092341840e-01
7.13863929090e-01
7.74301415374e-01
7.45154014611e-01
6.79987672485e-01
6.60777775492e-01
7.28107380857e-01
7.05428032357e-01
8.97811424117e-01
7.02202185671e-01
8.02929877437e-01
6.58795830513e-01
7.89785457418e-01
6.96372050780e-01
6.95200868097e-01
8.85825469939e-01
7.36214131877e-01
7.87926587699e-01
7.12882343750e-01
7.69395738938e-01
8.33015760020e-01
8.19910282570e-01
9.03230532757e-01
7.37572471181e-01
7.91514338765e-01
7.71634974119e-01
7.62818721660e-01
8.50641084028e-01
7.55100440379e-01
7.35689476486e-01
6.24200837941e-01
8.69254603298e-01
6.99639505632e-01
7.51803767310e-01
8.69028884301e-01
8.18318472408e-01
7.99395012520e-01
7.84415483850e-01
8.53897004516e-01
7.96535011723e-01
8.32583855418e-01
5.84258755221e-01
8.18288668770e-01
7.10122856753e-01
7.30956354370e-01
8.85723847435e-01
7.99390863334e-01
7.64929979834e-01
8.20028063710e-01
7.57195223369e-01
7.88476174282e-01
7.19716340040e-01
7.34534730015e-01
6.74928368524e-01
9.21450790495e-01
6.34610972368e-01
7.00769053203e-01
7.79650536259e-01
8.22649588827e-01
7.43253573613e-01
7.84722955694e-01
7.70721406359e-01
7.16776103016e-01
6.00936318429e-01
7.07917895501e-01
8.03204479461e-01
6.35246269518e-01
8.49419906679e-01
6.63203071735e-01
8.46171748228e-01
8.21663982833e-01
6.63638524388e-01
7.25001461639e-01
7.38264055009e-01
7.61589243744e-01
7.20538815980e-01
8.86733065368e-01
7.53252834214e-01
6.10853947647e-01
6.70155056943e-01
8.26507161571e-01
8.38903431806e-01
7.41175586704e-01
6.84769856469e-01
6.90150296128e-01
8.19360806730e-01
7.13368044183e-01
6.94068914390e-01
8.36907854862e-01
8.27308453778e-01
8.17302161534e-01
7.84873867881e-01
8.18075237674e-01
7.60241566108e-01
7.32023756139e-01
7.16098498795e-01
7.60771228629e-01
8.50965398075e-01
7.76739383070e-01
7.74594768053e-01
6.87826018822e-01
6.93640497688e-01
7.90122817041e-01
6.31729200928e-01
7.79801388273e-01
7.48347882145e-01
6.97354488728e-01
6.73850889047e-01
8.55235288730e-01
7.53185728248e-01
7.73699788855e-01
6.12248242223e-01
8.64804845296e-01
7.80814759276e-01
7.76780158266e-01
7.72716304137e-01
7.77143005750e-01
7.86680981016e-01
8.03652607128e-01
7.49577056788e-01
8.70667434864e-01
8.06380303324e-01
8.23463395775e-01
7.52608777889e-01
9.69554209193e-01
5.93716144446e-01
8.63172695660e-01
8.41770258728e-01
6.41395781234e-01
6.66642992910e-01
6.19459986754e-01
8.04916224447e-01
8.64245458481e-01
8.81340687559e-01
8.52986715736e-01
8.72661533629e-01
8.23979042549e-01
7.67604189390e-01
8.64177645904e-01
8.49803688369e-01
7.79659999407e-01
7.87434978076e-01
8.31025739408e-01
6.86524144691e-01
7.15940288397e-01
7.11121150881e-01
8.20512570010e-01
8.09184260897e-01
7.34193598212e-01
6.41464766268e-01
8.58219142440e-01
8.54827511965e-01
7.15925394423e-01
6.95074636758e-01
7.22511393324e-01
7.44673754555e-01
7.18135645154e-01
6.27541050278e-01
6.81355782621e-01
6.50049787003e-01
8.12664074945e-01
7.19770749543e-01
7.84017659356e-01
6.31612973733e-01
8.49370989771e-01
7.77357583597e-01
7.30736996239e-01
8.29862770644e-01
7.94005540938e-01
8.19937629555e-01
7.75278412345e-01
8.18827123390e-01
7.40288223099e-01
8.93663600159e-01
7.78736757220e-01
7.70274300268e-01
9.14513521288e-01
7.34780176400e-01
7.72194674737e-01
7.11836378624e-01
7.54563266699e-01
7.89048169838e-01
7.17687744047e-01
6.51424822340e-01
8.09421288129e-01
7.95587214795e-01
6.92553362676e-01
7.98678664179e-01
6.56788771439e-01
7.41814851255e-01
6.52189871368e-01
7.85991664129e-01
8.24646046093e-01
8.23607103090e-01
8.22776110576e-01
7.06833470695e-01
8.02628967485e-01
8.12528759597e-01
6.72677845619e-01
9.17001083814e-01
7.48167529982e-01
6.35915988666e-01
6.55649173352e-01
7.22972380531e-01
6.43022034539e-01
7.59930333886e-01
8.06758742811e-01
9.03137021890e-01
6.88512278051e-01
6.23900143799e-01
6.93567308680e-01
8.81755578286e-01
6.57448538724e-01
7.37510783293e-01
7.48103893210e-01
7.43209687081e-01
7.31277840324e-01
8.37674405960e-01
6.23169745744e-01
7.63712619156e-01
6.67511583968e-01
7.13328348592e-01
7.56788701479e-01
7.57385697311e-01
7.24065904212e-01
6.89854861260e-01
8.27979562780e-01
7.19035625016e-01
7.84902898027e-01
8.66332499800e-01
7.42492611883e-01
6.57989724075e-01
7.06070913461e-01
8.67593881266e-01
7.86876781509e-01
7.72728981777e-01
8.25658070955e-01
6.93950991022e-01
7.08978931898e-01
7.16948436578e-01
7.94757897001e-01
6.63592162462e-01
7.47392042188e-01
7.66306342026e-01
8.09203690839e-01
6.22257974214e-01
6.68435648829e-01
7.53542324761e-01
6.99270188795e-01
8.26327970255e-01
7.60745257631e-01
7.73394606999e-01
7.95721083609e-01
7.51814067592e-01
7.00814054403e-01
7.09867042789e-01
7.87559340038e-01
8.05480264277e-01
6.97419228218e-01
8.70855844110e-01
6.81096515348e-01
8.02389256486e-01
8.52088681756e-01
7.16084906654e-01
7.59907826445e-01
8.87880698637e-01
7.54859856213e-01
7.29153186044e-01
7.59196261625e-01
7.27807359230e-01
8.03240584567e-01
8.64104361027e-01
8.89164560044e-01
7.94974501375e-01
7.38815607166e-01
7.90906884195e-01
7.83122825588e-01
7.70058938661e-01
7.59117610786e-01
7.54409003567e-01
7.83927834951e-01
7.47761037304e-01
8.25828363991e-01
8.73734984634e-01
8.05367628643e-01
8.35693194495e-01
6.60207033028e-01
8.32536384411e-01
7.69412496471e-01
6.55028904812e-01
7.87521420939e-01
6.75464791169e-01
6.23741707841e-01
7.25855581186e-01
8.82697660614e-01
8.56306090650e-01
5.98988271438e-01
7.51568775431e-01
8.43124611384e-01
7.57461765700e-01
8.12360473870e-01
7.05620930698e-01
6.81436564479e-01
8.13980363090e-01
7.68375771124e-01
8.04162093567e-01
7.09324162698e-01
7.18485870581e-01
7.82281451502e-01
8.09653022919e-01
7.88325195573e-01
7.35678715982e-01
7.11713356787e-01
7.59283605633e-01
6.73379911922e-01
8.12812822310e-01
8.23854803819e-01
6.17435967507e-01
7.08343701312e-01
8.91534461383e-01
7.47762713670e-01
6.81760203862e-01
7.45024881790e-01
7.28625780179e-01
7.37860628537e-01
6.80901794111e-01
7.17804954203e-01
7.05515785329e-01
6.70039767677e-01
8.56917995699e-01
7.46314353480e-01
7.37689054860e-01
6.57476923250e-01
7.35155860544e-01
7.18975784422e-01
6.57419677370e-01
6.86255483992e-01
7.19733897674e-01
8.24071662417e-01
7.31285402045e-01
7.68813181474e-01
8.09475406577e-01
8.26850592994e-01
7.03150330325e-01
8.18684196827e-01
8.41049318784e-01
6.58955023705e-01
6.61871876442e-01
8.54205987165e-01
6.50795081289e-01
8.98383937688e-01
6.81066762883e-01
8.30753301441e-01
8.03309693700e-01
9.01194229332e-01
8.26169839327e-01
6.51441898171e-01
8.21822729859e-01
7.15696079795e-01
6.87978603362e-01
7.08688125892e-01
7.56672078509e-01
7.17746084856e-01
9.04708544781e-01
7.54951325960e-01
7.16524293148e-01
8.41984797849e-01
8.61990936705e-01
6.00074641383e-01
7.73313648357e-01
7.81127327202e-01
6.86549544111e-01
7.82916978009e-01
6.16755951984e-01
8.70755174774e-01
6.95904187864e-01
6.78178839414e-01
8.90982521335e-01
7.43232552906e-01
7.34289155533e-01
7.72377477118e-01
7.79252141890e-01
8.72253787215e-01
8.15642250179e-01
7.66338803112e-01
6.66223861278e-01
6.82275591044e-01
7.84424227935e-01
7.07644317090e-01
8.01453718052e-01
8.66372418976e-01
7.03854012610e-01
8.27211417510e-01
6.57612393126e-01
6.01595999504e-01
8.77562340386e-01
7.13796048403e-01
7.09795545442e-01
7.87856150610e-01
8.60001509615e-01
7.54219017444e-01
7.11356728275e-01
7.26785078227e-01
7.99363087817e-01
8.09386468968e-01
8.62332440203e-01
7.33740085739e-01
7.52413001241e-01
7.28537711797e-01
8.66757875851e-01
8.63696032358e-01
5.83338742294e-01
7.85015887218e-01
5.99503823479e-01
7.45099640594e-01
8.66649289671e-01
8.20499248968e-01
7.30460019326e-01
7.40152964716e-01
7.11987282634e-01
7.96864949638e-01
6.96475426209e-01
8.26560405869e-01
7.56505464468e-01
7.87025446447e-01
7.66297212974e-01
7.15653280443e-01
6.67140584945e-01
8.10341563397e-01
8.38644499974e-01
7.24403885445e-01
8.36821215923e-01
7.40989595420e-01
7.84738281856e-01
7.98611184450e-01
7.69528269035e-01
7.65855192334e-01
7.92177809412e-01
7.66447666150e-01
8.39694711431e-01
7.10141390486e-01
8.06397934912e-01
8.50526594672e-01
7.00948684317e-01
7.25904202180e-01
8.11240529265e-01
7.62699507787e-01
6.68505372130e-01
7.76647373200e-01
8.01760281000e-01
7.53790773311e-01
6.95157772894e-01
8.14171556131e-01
7.51084794326e-01
8.66453282792e-01
7.64779507059e-01
7.14770003696e-01
8.43218532364e-01
7.23262934298e-01
7.67094137639e-01
7.52727710855e-01
7.70421891157e-01
8.09149551708e-01
6.77546052425e-01
8.07450888427e-01
8.61030635597e-01
8.15043536033e-01
8.34286164445e-01
6.50328011342e-01
7.11241894882e-01
7.71654170445e-01
6.70177237152e-01
7.46371903502e-01
7.66112342707e-01
6.88554305132e-01
7.77150096373e-01
6.79899724671e-01
7.62826838256e-01