-4.96280409752e+00
-5.31137044315e+00
-4.94995760867e+00
-4.75171922664e+00
-4.81140905722e+00
-4.21454921803e+00
-3.98715956802e+00
-5.18706180064e+00
-4.91017598120e+00
-4.93908328286e+00
-5.04714417336e+00
-4.59528585025e+00
-4.74019913979e+00
-4.20794607982e+00
-5.47001410777e+00
-5.42340457208e+00
-4.83538183357e+00
-4.74014102260e+00
-4.47909020882e+00
-5.22543752163e+00
-5.12487953298e+00
-5.50101317797e+00
-4.62837232830e+00
-4.71440272059e+00
-5.11694569116e+00
-4.71851126100e+00
-4.87741038474e+00
-4.65402757217e+00
-4.61234216702e+00
-4.79769824041e+00
-4.19785385576e+00
-4.91156057913e+00
-4.82014831442e+00
-4.49627301628e+00
-4.34268404219e+00
-4.58208652722e+00
-4.65833900643e+00
-4.55822094290e+00
-5.98832477371e+00
-4.39164421775e+00
-4.66940099536e+00
-4.48626570586e+00
-4.48929767677e+00
-5.11652904484e+00
-4.92161433856e+00
-4.82496089617e+00
-4.41568700536e+00
-5.06451429650e+00
-4.81023807186e+00
-5.20626971334e+00
-5.18011668143e+00
-4.74709517272e+00
-4.88830834541e+00
-4.05893428261e+00
-5.56593622129e+00
-4.62360556031e+00
-4.46839877396e+00
-4.79188434841e+00
-4.74165584924e+00
-5.05577155122e+00
-4.92420942227e+00
-5.12350428344e+00
-4.90450379888e+00
-4.83634252117e+00
-4.26603669914e+00
-5.20858945612e+00
-4.90077411846e+00
-4.78387775404e+00
-5.80156656039e+00
-5.06827396648e+00
-5.26328728638e+00
-5.01382267788e+00
-4.78507181412e+00
-4.82806726683e+00
-4.48725922072e+00
-4.83383232960e+00
-4.16052509359e+00
-5.52052908133e+00
-4.58280833016e+00
-4.64036068589e+00
-5.48010843559e+00
-4.90465033000e+00
-4.48453664470e+00
-4.50457761197e+00
-4.83833445695e+00
-4.60038980019e+00
-4.86780708218e+00
-4.29197966092e+00
-4.95554496168e+00
-4.12549742014e+00
-5.68572609019e+00
-3.85714160534e+00
-5.50512818847e+00
-5.24848081561e+00
-4.09616840256e+00
-4.46051623688e+00
-5.13730421192e+00
-4.50413184049e+00
-4.24528225504e+00
-5.51605340876e+00
-5.23193356221e+00
-4.42800887948e+00
-4.51443457024e+00
-4.15522606585e+00
-5.24761222575e+00
-4.48723045238e+00
-4.62947915743e+00
-4.76725990736e+00
-5.26067213500e+00
-4.68247185920e+00
-4.28035201425e+00
-4.54449986700e+00
-4.74736216312e+00
-4.65173119061e+00
-4.36012370442e+00
-5.11567908130e+00
-4.57297381114e+00
-4.63345842495e+00
-5.05566486009e+00
-5.04473558778e+00
-5.18755928509e+00
-5.29674272237e+00
-4.93797912616e+00
-4.65940185710e+00
-4.02650665409e+00
-4.96935797550e+00
-3.77911005121e+00
-5.22996617832e+00
-4.84819513013e+00
-4.42795616050e+00
-4.10394327657e+00
-5.11470532147e+00
-4.36335133398e+00
-5.31323436531e+00
-4.79026288315e+00
-5.32866214393e+00
-5.10523135261e+00
-4.30470314894e+00
-4.92704023197e+00
-4.62885297028e+00
-4.46455981963e+00
-5.59695930382e+00
-4.38730043964e+00
-5.26894404493e+00
-5.21544089470e+00
-4.55727957129e+00
-4.48390933857e+00
-5.19851715481e+00
-4.59425244117e+00
-5.42222691650e+00
-4.89727943023e+00
-4.58891107708e+00
-5.31815742433e+00
-4.08993918889e+00
-5.01943073539e+00
-4.65326868349e+00
-5.38565343704e+00
-4.80695155212e+00
-4.98266959480e+00
-5.15570488099e+00
-4.90475631779e+00
-5.35348041381e+00
-5.29752858020e+00
-4.59915290582e+00
-5.09776514116e+00
-4.93276467870e+00
-4.02321581596e+00
-4.52401954060e+00
-5.14347689885e+00
-4.75887477125e+00
-5.34996283583e+00
-3.98558759314e+00
-3.88751336282e+00
-5.12331995480e+00
-5.15034401962e+00
-4.30417397181e+00
-5.21209992239e+00
-4.98316074529e+00
-5.03919931405e+00
-4.68933104894e+00
-4.21317151389e+00
-4.65491261360e+00
-4.33547574480e+00
-5.02942652794e+00
-4.76467490567e+00
-5.53565820998e+00
-4.19828800350e+00
-5.19802231783e+00
-4.73242710062e+00
-4.96134279850e+00
-5.26194196969e+00
-4.56769773434e+00
-5.21977502696e+00
-4.77996519942e+00
-5.22296701702e+00
-4.65707898512e+00
-5.20912681336e+00
-5.28960294997e+00
-4.30995876079e+00
-5.53363295949e+00
-4.59255365678e+00
-5.33789278874e+00
-4.84001673323e+00
-4.52868007863e+00
-4.24511244845e+00
-4.82546919986e+00
-4.01680119525e+00
-4.14759724993e+00
-4.98010747225e+00
-4.73580279682e+00
-5.17627848105e+00
-4.16512200816e+00
-4.21785039690e+00
-4.64654114396e+00
-4.91333560743e+00
-4.71698616892e+00
-5.27432975919e+00
-5.00986984650e+00
-5.13007304056e+00
-5.37196337052e+00
-5.20366135049e+00
-4.67003788143e+00
-5.72785099473e+00
-4.84885297136e+00
-4.04651223045e+00
-4.38400111596e+00
-4.66883041544e+00
-5.02386530892e+00
-4.72095276036e+00
-4.38940171717e+00
-5.58906739493e+00
-5.15129897560e+00
-5.19408072770e+00
-5.00979645855e+00
-4.75768638290e+00
-4.41462235887e+00
-4.51353179271e+00
-4.72697102849e+00
-4.90487038055e+00
-4.12242908138e+00
-5.11392618242e+00
-4.39212320011e+00
-5.30726567029e+00
-4.58029990583e+00
-4.59413412602e+00
-4.81366124126e+00
-4.79287658031e+00
-5.19156308852e+00
-4.34001075747e+00
-5.06267299041e+00
-4.54528847729e+00
-4.46269664680e+00
-4.98489924081e+00
-5.09768484261e+00
-4.68609259410e+00
-4.53776513461e+00
-5.30524245757e+00
-4.92550558175e+00
-5.23362580060e+00
-5.20656808379e+00
-4.68513874853e+00
-4.37969482469e+00
-4.80834833082e+00
-4.97804585915e+00
-5.07176699942e+00
-4.60714370409e+00
-4.68844099940e+00
-4.48175527281e+00
-4.20037047520e+00
-4.42063628799e+00
-4.84280278299e+00
-4.68356994306e+00
-5.17877099151e+00
-4.89113401700e+00
-4.49380122280e+00
-4.91083958555e+00
-4.84977409456e+00
-4.62494792529e+00
-4.58978409054e+00
-4.81709950649e+00
-5.06857289424e+00
-5.51770368649e+00
-4.86886143498e+00
-4.37008483354e+00
-5.61495570727e+00
-5.01853669303e+00
-4.86037317722e+00
-4.47688290590e+00
-4.68903635579e+00
-5.12342980634e+00
-5.26836204481e+00
-4.70955221565e+00
-4.43091616699e+00
-4.85523965039e+00
-5.42168291272e+00
-6.04204778172e+00
-4.75218009608e+00
-5.15860269144e+00
-4.86255273648e+00
-4.98160722161e+00
-5.25976522002e+00
-5.01443396937e+00
-4.76259772396e+00
-4.73774675915e+00
-4.44337307615e+00
-5.16559517424e+00
-4.88202563487e+00
-4.82477608400e+00
-5.14664985882e+00
-4.70485021461e+00
-5.34016102862e+00
-4.46350712125e+00
-4.44619591548e+00
-4.83764920960e+00
-4.04568363390e+00
-4.36469303669e+00
-4.62634427390e+00
-5.61672085174e+00
-5.02970823432e+00
-3.74447842233e+00
-5.09447844565e+00
-4.84976304324e+00
-4.59217603340e+00
-4.67175035368e+00
-4.62022209154e+00
-4.53619639597e+00
-3.96465594336e+00
-5.16830721947e+00
-4.91452883882e+00
-4.29690336640e+00
-4.90874509282e+00
-4.95557372203e+00
-5.07074945354e+00
-5.68515970359e+00
-3.83654448638e+00
-5.16293475397e+00
-4.63850503801e+00
-4.65863960790e+00
-4.99580365515e+00
-5.41634193491e+00
-4.42101201519e+00
-4.02877474773e+00
-4.85186648258e+00
-5.40283590711e+00
-4.53819485507e+00
-4.95223206150e+00
-4.91706196358e+00
-4.30148563077e+00
-4.53076640990e+00
-4.19317383443e+00
-4.97095999093e+00
-3.86583549637e+00
-5.40484729610e+00
-5.09545140721e+00
-4.88146001314e+00
-4.41800358223e+00
-4.68306645926e+00
-4.64830827370e+00
-4.95505299296e+00
-4.34463793984e+00
-5.30118565656e+00
-5.33022753413e+00
-4.92224223780e+00
-4.63446022220e+00
-4.83071582299e+00
-4.75991382694e+00
-4.20651723486e+00
-4.29017454097e+00
-5.04038649978e+00
-4.74281348151e+00
-4.61090223424e+00
-4.99907188702e+00
-4.15896673669e+00
-5.17285848870e+00
-4.56514890495e+00
-4.53440570651e+00
-5.16634769741e+00
-5.72441274425e+00
-5.38750950987e+00
-4.33718841934e+00
-5.66720724914e+00
-4.43222338896e+00
-4.25942526400e+00
-4.63820084571e+00
-5.05215739272e+00
-4.65136749882e+00
-5.17805124198e+00
-5.02427688451e+00
-5.26327291404e+00
-5.06267230801e+00
-5.22139933939e+00
-4.07008141866e+00
-5.53644369322e+00
-5.07581332108e+00
-4.49520400719e+00
-4.66965629390e+00
-4.41252053661e+00
-5.46284288198e+00
-4.52576037745e+00
-4.61333929427e+00
-5.41639330324e+00
-5.13283646757e+00
-5.09420772002e+00
-5.31544872140e+00
-4.46875311981e+00
-4.93128095685e+00
-4.74691448217e+00
-4.57722046603e+00
-4.72789345145e+00
-4.34358329502e+00
-5.04755926687e+00
-4.11497192438e+00
-5.30343011178e+00
-4.87733156957e+00
-4.93591799786e+00
-4.74838539526e+00
-4.45098650782e+00
-4.34488147006e+00
-5.35553555344e+00
-4.87842968749e+00
-4.51701990934e+00
-4.32462220290e+00
-5.50160557167e+00
-4.21563519711e+00
-4.26136240949e+00
-4.75408346848e+00
-4.68521969534e+00
-4.94425700299e+00
-5.42395863353e+00
-4.45740686337e+00
-4.81077962902e+00
-4.17529689338e+00
-4.90144489167e+00
-4.64760178073e+00
-4.50159368936e+00
-5.06597965589e+00
-4.41531222666e+00
-4.60740745691e+00
-4.77974944763e+00
-5.18981036332e+00
-4.13697339957e+00
-4.91713978878e+00
-4.47508513298e+00
-4.78933480211e+00
-4.40535048191e+00
-4.84562303835e+00
-4.92649005947e+00
-4.77952119864e+00
-5.04699279490e+00
-4.34115736026e+00
-3.95435581951e+00
-4.91959737791e+00
-4.97533305467e+00
-4.87761508118e+00
-4.85007149352e+00
-5.19383269876e+00
-4.92545841583e+00
-4.68389850155e+00
-4.94408232129e+00
-5.31649748643e+00
-4.34738555591e+00
-4.62327740456e+00
-5.68133629895e+00
-4.13659597497e+00
-4.92859530137e+00
-5.47017149741e+00
-4.99828129726e+00
-4.86386602841e+00
-4.70758676312e+00
-4.42011651338e+00
-4.54974559994e+00
-4.33077377649e+00
-4.75898130561e+00
-4.82130552410e+00
-4.48961708284e+00
-5.02765444278e+00
-4.29677126787e+00
-5.00422818115e+00
-4.64262260977e+00
-5.38611190734e+00
-5.17043636059e+00
-4.80400466283e+00
-4.73729016469e+00
-4.90220943805e+00
-4.37122428853e+00
-4.41605834844e+00
-4.39686613010e+00
-4.64622277798e+00
-5.29980580651e+00
-4.83362025244e+00
-5.22916265240e+00
-4.19472588118e+00
-4.34747367089e+00
-4.85307725524e+00
-4.28181232667e+00
-4.70800268165e+00
-5.33518141557e+00
-4.49199249902e+00
-5.23745409641e+00
-4.63124522281e+00
-4.79316908726e+00