-2.95020338350e+00
-2.94765342427e+00
-2.94781619560e+00
-2.95013979377e+00
-2.94921742090e+00
-2.94892336000e+00
-2.94792914594e+00
-2.94868251526e+00
-2.95004276785e+00
-2.95137413665e+00
-2.94827436773e+00
-2.94881824457e+00
-2.94937593230e+00
-2.94947676822e+00
-2.94707630531e+00
-2.94869822161e+00
-2.94931148915e+00
-2.94878133184e+00
-2.95019762969e+00
-2.94844652935e+00
-2.95186398218e+00
-2.94995240522e+00
-2.94903484972e+00
-2.94931153244e+00
-2.95066307851e+00
-2.94919187550e+00
-2.94963867374e+00
-2.95081112501e+00
-2.94801813812e+00
-2.94971565688e+00
-2.94936962129e+00
-2.94962756383e+00
-2.94776030051e+00
-2.94805888451e+00
-2.95051464234e+00
-2.94973754903e+00
-2.94890714268e+00
-2.94994419407e+00
-2.94633373997e+00
-2.94757048231e+00
-2.94978729845e+00
-2.94868738671e+00
-2.94929008677e+00
-2.94972785707e+00
-2.94960944656e+00
-2.95109481798e+00
-2.95086007226e+00
-2.94941508013e+00
-2.94846600313e+00
-2.94860645888e+00
-2.94792529561e+00
-2.94956407441e+00
-2.94865370609e+00
-2.94798970019e+00
-2.94992635903e+00
-2.95024077468e+00
-2.94875238691e+00
-2.94899314330e+00
-2.94969343979e+00
-2.94899342937e+00
-2.94805158234e+00
-2.94840187953e+00
-2.94610967355e+00
-2.94909871077e+00
-2.94870884842e+00
-2.94778946783e+00
-2.95048014350e+00
-2.94941120210e+00
-2.95031944309e+00
-2.94773193008e+00
-2.95049575703e+00
-2.94870408180e+00
-2.95105017323e+00
-2.95052790304e+00
-2.95037925717e+00
-2.94858924102e+00
-2.94784668302e+00
-2.94845488335e+00
-2.94831558312e+00
-2.94810599023e+00
-2.95019582625e+00
-2.95031316473e+00
-2.94885215352e+00
-2.94891382040e+00
-2.94984239706e+00
-2.94826441183e+00
-2.94819610111e+00
-2.94791134037e+00
-2.94978356248e+00
-2.94979127724e+00
-2.95070073323e+00
-2.94779771417e+00
-2.94891151241e+00
-2.94804625638e+00
-2.94921224243e+00
-2.94800544843e+00
-2.94825250211e+00
-2.94979776947e+00
-2.95054899124e+00
-2.94800058922e+00
-2.94918951869e+00
-2.94946243603e+00
-2.94939548844e+00
-2.95025297479e+00
-2.94776351561e+00
-2.94820592071e+00
-2.95075277480e+00
-2.95036516983e+00
-2.94639894883e+00
-2.94803302220e+00
-2.94775812278e+00
-2.94941726853e+00
-2.95054791782e+00
-2.94826950274e+00
-2.94872074865e+00
-2.94876947982e+00
-2.95032649023e+00
-2.95066507823e+00
-2.94849864333e+00
-2.94989073314e+00
-2.94950670164e+00
-2.94864228923e+00
-2.94971403363e+00
-2.95184012835e+00
-2.94727896633e+00
-2.94832818504e+00
-2.94975563345e+00
-2.94914826449e+00
-2.94886038046e+00
-2.94748932142e+00
-2.94915511893e+00
-2.94916448280e+00
-2.94884704328e+00
-2.94917451162e+00
-2.94848846287e+00
-2.94776209833e+00
-2.94942704409e+00
-2.94802542892e+00
-2.94828857680e+00
-2.94783928179e+00
-2.94891876927e+00
-2.94781415744e+00
-2.94948718446e+00
-2.94966770071e+00
-2.94779362435e+00
-2.94990623763e+00
-2.94974594656e+00
-2.95215020403e+00
-2.94976326651e+00
-2.94890624757e+00
-2.95128421211e+00
-2.94854199383e+00
-2.94860909543e+00
-2.94833464265e+00
-2.94908802232e+00
-2.94882302218e+00
-2.94992218427e+00
-2.94763226313e+00
-2.94882511611e+00
-2.94931672800e+00
-2.94942624660e+00
-2.94962755485e+00
-2.94875914221e+00
-2.95093434651e+00
-2.94982066093e+00
-2.94911296850e+00
-2.95033334033e+00
-2.94854014404e+00
-2.94603057729e+00
-2.95090577780e+00
-2.94854128949e+00
-2.94780577778e+00
-2.94866100019e+00
-2.94840495411e+00
-2.94824274620e+00
-2.94966145112e+00
-2.94962926678e+00
-2.95047794020e+00
-2.94889450146e+00
-2.94886544038e+00
-2.95068166251e+00
-2.94929166429e+00
-2.94942821382e+00
-2.94892222141e+00
-2.95027282688e+00
-2.94786791895e+00
-2.94707079435e+00
-2.94961121181e+00
-2.94817033002e+00
-2.94827977958e+00
-2.94780699835e+00
-2.94707765902e+00
-2.94805759558e+00
-2.94896892227e+00
-2.95030972638e+00
-2.94675384836e+00
-2.94914511845e+00
-2.94907003061e+00
-2.94969235825e+00
-2.94935546757e+00
-2.94977868323e+00
-2.94759797365e+00
-2.94926548252e+00
-2.94920276678e+00
-2.95096726372e+00
-2.94672349110e+00
-2.94841453659e+00
-2.95048197448e+00
-2.94849203373e+00
-2.94880769334e+00
-2.95126650136e+00
-2.94828076328e+00
-2.94969907861e+00
-2.94776590417e+00
-2.95046189343e+00
-2.94941678656e+00
-2.94818649757e+00
-2.95009908008e+00
-2.94981811757e+00
-2.94869329829e+00
-2.94917568477e+00
-2.94774636972e+00
-2.94939896687e+00
-2.94840655885e+00
-2.94822269316e+00
-2.94870895267e+00
-2.94763227246e+00
-2.94862730358e+00
-2.94962480160e+00
-2.94985683262e+00
-2.94748941866e+00
-2.94730047830e+00
-2.94886623280e+00
-2.94933669208e+00
-2.94895640834e+00
-2.94884312136e+00
-2.94898747504e+00
-2.94987010637e+00
-2.94997420783e+00
-2.94949154616e+00
-2.95075315108e+00
-2.94920892189e+00
-2.94824356033e+00
-2.94937893060e+00
-2.95068331866e+00
-2.95013496518e+00
-2.94849450629e+00
-2.94826566660e+00
-2.95041515479e+00
-2.95119643984e+00
-2.95034433223e+00
-2.94812683309e+00
-2.94996939952e+00
-2.94968790517e+00
-2.94907667486e+00
-2.94881196069e+00
-2.95022676655e+00
-2.94790125198e+00
-2.94939953425e+00
-2.95054910735e+00
-2.95175301248e+00
-2.94955880696e+00
-2.94889259816e+00
-2.95092426833e+00
-2.94715686617e+00
-2.94681512705e+00
-2.94701243118e+00
-2.94911208233e+00
-2.94834183294e+00
-2.94898647829e+00
-2.94768322127e+00
-2.94733947116e+00
-2.94818000070e+00
-2.94981969465e+00
-2.94755867976e+00
-2.94817178565e+00
-2.94976130919e+00
-2.94818657411e+00
-2.94968193882e+00
-2.95003452318e+00
-2.95027431175e+00
-2.94964233395e+00
-2.95040344117e+00
-2.94960962834e+00
-2.95000313730e+00
-2.95188016054e+00
-2.94960715421e+00
-2.94948262985e+00
-2.95042004306e+00
-2.94926719507e+00
-2.94813600879e+00
-2.94959991761e+00
-2.94912507067e+00
-2.94887715733e+00
-2.94876515403e+00
-2.94811264872e+00
-2.94745188511e+00
-2.94884951983e+00
-2.94937960308e+00
-2.95037195361e+00
-2.94960467598e+00
-2.94850545111e+00
-2.94735713559e+00
-2.95047245472e+00
-2.94663895374e+00
-2.94793233098e+00
-2.94879163532e+00
-2.94864454338e+00
-2.94873554164e+00
-2.94975925513e+00
-2.94714079591e+00
-2.95075275961e+00
-2.94653294121e+00
-2.94951912356e+00
-2.94845908980e+00
-2.94929690002e+00
-2.94914891579e+00
-2.95009572460e+00
-2.94817679387e+00
-2.94983092776e+00
-2.95015795396e+00
-2.94749416001e+00
-2.94919054181e+00
-2.95035195735e+00
-2.95123509226e+00
-2.94785561652e+00
-2.94768671996e+00
-2.94868732224e+00
-2.95004812619e+00
-2.94951035692e+00
-2.94963247650e+00
-2.94973768133e+00
-2.94810967843e+00
-2.94824463481e+00
-2.94689379480e+00
-2.94750730885e+00
-2.94902810231e+00
-2.94804867608e+00
-2.94879599239e+00
-2.94938211748e+00
-2.94935487906e+00
-2.94807811045e+00
-2.94896182250e+00
-2.94925530122e+00
-2.94983287538e+00
-2.94903256666e+00
-2.95109097113e+00
-2.94866867141e+00
-2.94890126205e+00
-2.94849243192e+00
-2.95006519658e+00
-2.94926641917e+00
-2.94773642199e+00
-2.95067906093e+00
-2.94940672775e+00
-2.94886003863e+00
-2.95097358540e+00
-2.94973354301e+00
-2.95003069829e+00
-2.94828281732e+00
-2.94758050234e+00
-2.94965195608e+00
-2.94987505480e+00
-2.94795748526e+00
-2.94976690469e+00
-2.94807878559e+00
-2.94757929416e+00
-2.94926947106e+00
-2.94879349011e+00
-2.94898762167e+00
-2.94974213962e+00
-2.95302104879e+00
-2.94888927939e+00
-2.94968230003e+00
-2.95040655558e+00
-2.94889550100e+00
-2.95039871389e+00
-2.94903688432e+00
-2.94869636106e+00
-2.94724110894e+00
-2.94982359090e+00
-2.94808459476e+00
-2.94778728159e+00
-2.94851117058e+00
-2.94740065224e+00
-2.94830204614e+00
-2.94953978856e+00
-2.94819227340e+00
-2.94951145932e+00
-2.95219178118e+00
-2.94821142757e+00
-2.94828806503e+00
-2.95000554860e+00
-2.94991779098e+00
-2.95082882829e+00
-2.95070004075e+00
-2.94955004789e+00
-2.94809720725e+00
-2.94905222368e+00
-2.94840620645e+00
-2.94824171491e+00
-2.94947224209e+00
-2.94762200342e+00
-2.94814304732e+00
-2.94845539571e+00
-2.94861742307e+00
-2.94982162583e+00
-2.94696192709e+00
-2.94976828398e+00
-2.94824415972e+00
-2.94771734294e+00
-2.94684584021e+00
-2.94902458618e+00
-2.94790291229e+00
-2.94500490425e+00
-2.95026166376e+00
-2.94938144453e+00
-2.94782004092e+00
-2.94900480044e+00
-2.95040213813e+00
-2.94795671526e+00
-2.94720009649e+00
-2.94720664804e+00
-2.94919927965e+00
-2.94779723361e+00
-2.94955958307e+00
-2.94952633265e+00
-2.94856217501e+00
-2.95002681288e+00
-2.94994105819e+00
-2.94823044324e+00
-2.94808215680e+00
-2.94757102616e+00
-2.94995160141e+00
-2.94693070668e+00
-2.94899338927e+00
-2.94855978292e+00
-2.94845573108e+00
-2.94900467540e+00
-2.94834685805e+00
-2.94987555148e+00
-2.94912972695e+00
-2.95018417840e+00
-2.94907734360e+00
-2.94921906407e+00
-2.95150516684e+00
-2.95006045196e+00
-2.95003371040e+00
-2.94933417457e+00
-2.94954502041e+00
-2.94842057335e+00
-2.94925580868e+00
-2.94996047147e+00
-2.94874130537e+00
-2.94909268751e+00
-2.94886858624e+00
-2.95020779286e+00
-2.94889301425e+00
-2.95073760920e+00
-2.94728938440e+00
-2.94992015817e+00
-2.95114440167e+00
-2.94849676184e+00
-2.94982939356e+00
-2.94987557488e+00
-2.94807665440e+00
-2.94857619473e+00
-2.94985381616e+00
-2.95044903931e+00
-2.94855297794e+00
-2.94777967830e+00
-2.95115770563e+00
-2.94803213689e+00
-2.95113641106e+00
-2.94823117117e+00
-2.95012445794e+00
-2.95054214330e+00
-2.94981915398e+00
-2.94817323113e+00
-2.94945354316e+00
-2.94839525921e+00
-2.94887706819e+00
-2.95036914338e+00
-2.94900762545e+00
-2.94772325339e+00
-2.94909081178e+00
-2.94950128611e+00
-2.95037605891e+00
-2.94924235364e+00
-2.94998591633e+00
-2.94851237542e+00
-2.94782069353e+00
-2.95063972285e+00
-2.95007204696e+00
-2.95193633265e+00
-2.94941020057e+00
-2.94912074512e+00
-2.94964653407e+00
-2.94923032165e+00
-2.94775525268e+00
-2.94904288171e+00