8.62259733684e+00
8.61815635232e+00
8.62302856199e+00
8.62719594065e+00
8.62048246819e+00
8.62292485867e+00
8.62298251644e+00
8.62191733637e+00
8.62330388320e+00
8.62415660531e+00
8.62083756564e+00
8.62056089379e+00
8.62414210261e+00
8.62384889452e+00
8.62114282916e+00
8.62112011863e+00
8.62463173918e+00
8.62047583498e+00
8.62473417264e+00
8.62410842919e+00
8.62804320735e+00
8.62328517655e+00
8.62176862326e+00
8.62106387534e+00
8.62560127163e+00
8.62463222033e+00
8.62735594963e+00
8.62509618129e+00
8.61942154203e+00
8.62195783918e+00
8.62372888720e+00
8.62230304014e+00
8.62333346334e+00
8.62604510745e+00
8.62521412890e+00
8.62992951747e+00
8.62388878904e+00
8.62248216085e+00
8.62165478865e+00
8.62082589473e+00
8.62220307512e+00
8.62472295104e+00
8.62250468145e+00
8.62453339545e+00
8.62144123192e+00
8.62244518332e+00
8.62670803055e+00
8.61894232202e+00
8.62473834843e+00
8.62140157554e+00
8.61956284180e+00
8.62623884147e+00
8.62194476252e+00
8.61823338926e+00
8.62006213553e+00
8.62595416363e+00
8.62059795548e+00
8.62088416666e+00
8.62302251147e+00
8.62446381616e+00
8.62120650898e+00
8.62049835659e+00
8.62253135912e+00
8.61814948738e+00
8.62371632944e+00
8.61984157960e+00
8.61763625644e+00
8.61986067270e+00
8.62547675691e+00
8.61715481239e+00
8.62256175515e+00
8.62165252030e+00
8.62591048898e+00
8.62116325430e+00
8.62274648737e+00
8.62102287757e+00
8.62165797379e+00
8.62245269796e+00
8.62247578748e+00
8.61933833633e+00
8.62597241431e+00
8.62313676069e+00
8.62669811802e+00
8.62338676020e+00
8.62150049431e+00
8.62238639425e+00
8.62645966533e+00
8.61957302085e+00
8.62112503635e+00
8.62734908105e+00
8.62214749485e+00
8.62127662957e+00
8.62283804249e+00
8.61860504109e+00
8.62617687770e+00
8.61857445703e+00
8.61953476950e+00
8.62140370636e+00
8.62741893124e+00
8.61981485189e+00
8.62248010586e+00
8.62251538339e+00
8.62328739080e+00
8.62538164082e+00
8.62153405122e+00
8.61913640946e+00
8.62658486642e+00
8.62506016760e+00
8.62051953870e+00
8.62046283164e+00
8.62199237266e+00
8.62431601176e+00
8.62200575079e+00
8.62000769955e+00
8.62901708261e+00
8.62290607021e+00
8.62700369319e+00
8.62372151383e+00
8.61603851032e+00
8.62374864867e+00
8.62119573635e+00
8.62080646615e+00
8.62377305320e+00
8.62524070437e+00
8.61832649100e+00
8.61801571500e+00
8.62442887052e+00
8.62200588686e+00
8.62529224358e+00
8.61905712766e+00
8.62138555203e+00
8.62197907743e+00
8.62276445512e+00
8.62438357178e+00
8.61983485341e+00
8.61878157384e+00
8.62586578263e+00
8.62143659334e+00
8.62485013233e+00
8.61893788373e+00
8.62220411429e+00
8.62422377550e+00
8.62532431791e+00
8.62325051826e+00
8.61865207251e+00
8.62841813922e+00
8.62212120621e+00
8.62491974402e+00
8.62323164007e+00
8.61986539485e+00
8.62920478644e+00
8.62498607195e+00
8.62311126343e+00
8.62323461817e+00
8.61983828648e+00
8.62139151179e+00
8.62015770897e+00
8.62494395434e+00
8.62326307970e+00
8.62031221228e+00
8.62228970361e+00
8.62180066201e+00
8.62002876505e+00
8.62685640804e+00
8.62277459382e+00
8.62487859783e+00
8.62645626628e+00
8.61945149937e+00
8.62085707045e+00
8.62530969526e+00
8.62065462736e+00
8.61909108241e+00
8.62291838463e+00
8.62073764642e+00
8.62183616757e+00
8.62274833105e+00
8.62385038268e+00
8.62094413369e+00
8.62509030090e+00
8.62495770074e+00
8.62422322354e+00
8.62081048235e+00
8.62850051289e+00
8.61907846678e+00
8.62323248914e+00
8.62427185778e+00
8.61541170387e+00
8.62327889548e+00
8.62033676643e+00
8.62488354669e+00
8.61879468744e+00
8.62009289572e+00
8.62086675392e+00
8.62293635016e+00
8.62437466981e+00
8.61854680105e+00
8.61630076992e+00
8.62458300926e+00
8.62408117403e+00
8.61851728775e+00
8.62268736689e+00
8.62520790704e+00
8.61867334135e+00
8.62689107892e+00
8.62388657555e+00
8.61303089710e+00
8.62208585291e+00
8.61820364423e+00
8.62156904244e+00
8.62002584541e+00
8.62103536205e+00
8.62048301844e+00
8.62413761113e+00
8.62061951811e+00
8.62119700825e+00
8.62448681187e+00
8.62258936052e+00
8.62577605753e+00
8.62807674606e+00
8.62155748319e+00
8.62127287523e+00
8.62142198317e+00
8.61774502896e+00
8.62090940900e+00
8.61771284162e+00
8.62199373120e+00
8.61984944488e+00
8.61598531216e+00
8.62520755655e+00
8.61944663755e+00
8.61410425815e+00
8.61820315926e+00
8.61791969138e+00
8.62488325570e+00
8.62315203801e+00
8.62118796799e+00
8.62566130965e+00
8.62503320729e+00
8.62202430028e+00
8.62401149171e+00
8.62422848342e+00
8.62636806807e+00
8.62212533394e+00
8.62363127279e+00
8.62506531384e+00
8.62748195347e+00
8.62125594885e+00
8.62425824043e+00
8.62557486389e+00
8.62317002544e+00
8.62434573771e+00
8.62080471482e+00
8.62396486155e+00
8.62250485472e+00
8.62256810063e+00
8.62317643216e+00
8.62995654784e+00
8.62307995014e+00
8.62245305336e+00
8.62391158705e+00
8.62441112963e+00
8.62309878878e+00
8.62132260621e+00
8.62426846485e+00
8.62243467067e+00
8.61715000503e+00
8.62209089241e+00
8.62323152367e+00
8.61931153898e+00
8.62379731553e+00
8.62094498224e+00
8.62151540647e+00
8.61802756767e+00
8.62084857700e+00
8.62271587952e+00
8.62178386291e+00
8.62454004848e+00
8.62228068641e+00
8.62444780706e+00
8.62179753256e+00
8.62269686178e+00
8.61933406951e+00
8.62497843278e+00
8.62386805057e+00
8.62342909604e+00
8.62350400927e+00
8.62119198695e+00
8.62732824554e+00
8.62015369792e+00
8.61938658003e+00
8.61685730805e+00
8.62243963380e+00
8.62456423434e+00
8.62070420078e+00
8.62252704503e+00
8.62212804108e+00
8.62332263309e+00
8.62321610016e+00
8.62383960075e+00
8.62751931189e+00
8.62293561407e+00
8.62029044172e+00
8.62308746108e+00
8.62641819947e+00
8.61909483323e+00
8.62025077193e+00
8.62218741382e+00
8.62211734084e+00
8.62250992794e+00
8.62494866970e+00
8.61741068038e+00
8.62526330238e+00
8.61867881664e+00
8.62453880683e+00
8.62579550563e+00
8.62191035794e+00
8.62320630679e+00
8.62307326718e+00
8.61925382887e+00
8.62240203848e+00
8.62315061668e+00
8.61885602158e+00
8.62410701717e+00
8.62602312561e+00
8.62744287243e+00
8.62116525041e+00
8.62043322513e+00
8.62408360750e+00
8.62233823016e+00
8.62770496555e+00
8.62513659049e+00
8.62215567820e+00
8.62119127181e+00
8.62046932669e+00
8.61801070906e+00
8.61803412286e+00
8.61924150473e+00
8.62427422753e+00
8.62019165866e+00
8.62312785466e+00
8.62315007825e+00
8.61711263061e+00
8.62363942042e+00
8.62166815137e+00
8.62310485197e+00
8.62358450545e+00
8.62865422001e+00
8.62268318589e+00
8.62339617854e+00
8.62402715076e+00
8.62264038447e+00
8.62539310423e+00
8.61655155833e+00
8.62726275158e+00
8.62173841101e+00
8.62213926472e+00
8.62515587743e+00
8.62330212276e+00
8.62325541684e+00
8.62189964010e+00
8.61967719209e+00
8.62185285870e+00
8.62593183180e+00
8.61611645379e+00
8.62498494689e+00
8.61960210723e+00
8.62191077579e+00
8.62443094515e+00
8.62193354937e+00
8.61838481548e+00
8.62591457237e+00
8.62780597970e+00
8.62150740155e+00
8.61868044662e+00
8.62895213759e+00
8.62316618126e+00
8.61966503258e+00
8.61968569509e+00
8.62409219006e+00
8.61985698225e+00
8.62191279858e+00
8.62044487982e+00
8.62029259473e+00
8.61991464137e+00
8.61796599048e+00
8.61875794744e+00
8.62023155494e+00
8.62153591591e+00
8.61939484234e+00
8.62519366103e+00
8.62074554742e+00
8.62318058480e+00
8.62651782508e+00
8.61871951270e+00
8.62535763329e+00
8.62934315058e+00
8.62014811724e+00
8.62284028421e+00
8.62694799190e+00
8.62487611278e+00
8.62034320322e+00
8.62481870873e+00
8.62173463207e+00
8.61828948411e+00
8.62075810505e+00
8.62608215434e+00
8.62391332753e+00
8.62020343255e+00
8.62662767796e+00
8.62282668478e+00
8.61807669469e+00
8.61950517433e+00
8.62020018464e+00
8.62113350280e+00
8.61359730644e+00
8.62520606357e+00
8.62503460120e+00
8.61829084350e+00
8.62274264252e+00
8.62419638075e+00
8.62133821926e+00
8.62080717333e+00
8.61738912663e+00
8.62183978045e+00
8.62128663509e+00
8.62334953094e+00
8.61896378873e+00
8.62172352660e+00
8.62714236604e+00
8.62496918110e+00
8.62443037019e+00
8.61913842211e+00
8.61836902152e+00
8.62205483195e+00
8.62026709377e+00
8.62150759876e+00
8.62544053305e+00
8.61971447578e+00
8.62105492542e+00
8.62234633093e+00
8.62207693861e+00
8.62234243975e+00
8.62770417916e+00
8.62413318848e+00
8.62291016354e+00
8.62414128070e+00
8.62306011829e+00
8.62092112826e+00
8.62239961602e+00
8.62412092418e+00
8.62093576305e+00
8.61842047672e+00
8.62251104960e+00
8.62251061158e+00
8.62187348426e+00
8.62194048709e+00
8.62464656498e+00
8.62403433011e+00
8.62277511211e+00
8.62381127951e+00
8.62611933515e+00
8.62680229532e+00
8.62352091905e+00
8.62470737600e+00
8.62582712011e+00
8.62423701015e+00
8.62623086177e+00
8.62548193251e+00
8.62486984327e+00
8.62571751613e+00
8.62174519428e+00
8.62728992144e+00
8.62357652995e+00
8.62262412609e+00
8.62223082769e+00
8.62066099277e+00
8.62226389733e+00
8.62376363100e+00
8.62684722961e+00
8.62560630249e+00
8.62229665294e+00
8.62348172431e+00
8.62449193595e+00
8.62041086877e+00
8.62217626906e+00
8.62437091185e+00
8.62275391148e+00
8.62502989030e+00
8.62126007620e+00
8.62087965794e+00
8.62526791229e+00
8.62248684934e+00
8.62165591117e+00
8.62216367726e+00
8.62663213866e+00
8.62579848947e+00
8.62085685541e+00
8.62494378965e+00
8.62457046869e+00
8.61923757405e+00
8.62232951647e+00