-7.31045949236e+00
-7.30772233623e+00
-7.31176824038e+00
-7.31406761697e+00
-7.31037536476e+00
-7.31183424048e+00
-7.31235073044e+00
-7.31042505598e+00
-7.31248118736e+00
-7.31310223350e+00
-7.30974621965e+00
-7.31032899143e+00
-7.31077609941e+00
-7.31237793778e+00
-7.31000568065e+00
-7.31152890490e+00
-7.31373271982e+00
-7.30952155026e+00
-7.31185215091e+00
-7.31189164535e+00
-7.31579950600e+00
-7.31270234297e+00
-7.31126627566e+00
-7.31002250282e+00
-7.31229292891e+00
-7.31223244003e+00
-7.31556666058e+00
-7.31462335274e+00
-7.30991240811e+00
-7.31140391157e+00
-7.31154055040e+00
-7.31048478789e+00
-7.31209223110e+00
-7.31380035188e+00
-7.31260071075e+00
-7.31563599198e+00
-7.31165169073e+00
-7.31129701361e+00
-7.31243306184e+00
-7.31098249392e+00
-7.31011269812e+00
-7.31360242809e+00
-7.31130416187e+00
-7.31230218174e+00
-7.31111710599e+00
-7.31093677648e+00
-7.31522900535e+00
-7.30950418121e+00
-7.31346328304e+00
-7.30975115529e+00
-7.30884785509e+00
-7.31403767242e+00
-7.30958187941e+00
-7.30864365148e+00
-7.30985332266e+00
-7.31292620863e+00
-7.31109795283e+00
-7.31162446524e+00
-7.31254618492e+00
-7.31236935657e+00
-7.30979797252e+00
-7.30860874949e+00
-7.31173011205e+00
-7.30866516438e+00
-7.31327947666e+00
-7.30958822029e+00
-7.30818062804e+00
-7.30917767345e+00
-7.31294052438e+00
-7.30622612005e+00
-7.31233725472e+00
-7.31141091882e+00
-7.31322604828e+00
-7.31120811845e+00
-7.31194383796e+00
-7.30994331221e+00
-7.31119239031e+00
-7.31111981389e+00
-7.31181662074e+00
-7.31033943379e+00
-7.31319623654e+00
-7.31148629250e+00
-7.31555550959e+00
-7.31228376058e+00
-7.31004801627e+00
-7.31106484221e+00
-7.31418820010e+00
-7.30909288090e+00
-7.30980715131e+00
-7.31470235468e+00
-7.31107111198e+00
-7.31052982975e+00
-7.31115245375e+00
-7.30886312053e+00
-7.31417033657e+00
-7.30801751627e+00
-7.30945836912e+00
-7.30954892234e+00
-7.31477714061e+00
-7.30894634636e+00
-7.31260112500e+00
-7.31066992523e+00
-7.31245099885e+00
-7.31431780630e+00
-7.31099213903e+00
-7.30864152910e+00
-7.31534303367e+00
-7.31362983343e+00
-7.31069028127e+00
-7.30848718477e+00
-7.31097884691e+00
-7.31246339952e+00
-7.31139908362e+00
-7.30898785142e+00
-7.31695323222e+00
-7.31074663034e+00
-7.31461266023e+00
-7.31237777391e+00
-7.30639891475e+00
-7.31325816039e+00
-7.31096244587e+00
-7.30961492412e+00
-7.31272385462e+00
-7.31386023953e+00
-7.30648148925e+00
-7.30820120451e+00
-7.31202915313e+00
-7.31160207884e+00
-7.31292208022e+00
-7.30991283198e+00
-7.30976450429e+00
-7.31090040570e+00
-7.31091983216e+00
-7.31369636927e+00
-7.30976826510e+00
-7.30945173311e+00
-7.31119042323e+00
-7.31037811071e+00
-7.31301868161e+00
-7.30810172518e+00
-7.31113183240e+00
-7.31316982367e+00
-7.31387413447e+00
-7.31116543435e+00
-7.30826505766e+00
-7.31520794577e+00
-7.31118795457e+00
-7.31247474213e+00
-7.31209851131e+00
-7.30879705864e+00
-7.31657526421e+00
-7.31236949305e+00
-7.31152194500e+00
-7.31199155326e+00
-7.30981446129e+00
-7.30976714574e+00
-7.30893259600e+00
-7.31274815013e+00
-7.31244943469e+00
-7.30970565143e+00
-7.31059278831e+00
-7.31062156013e+00
-7.30896536088e+00
-7.31472262301e+00
-7.31267631733e+00
-7.31314031313e+00
-7.31398895347e+00
-7.31013344596e+00
-7.31125463856e+00
-7.31506828014e+00
-7.30926965288e+00
-7.30927855292e+00
-7.31108232221e+00
-7.30921239506e+00
-7.31043995730e+00
-7.31196741080e+00
-7.31225847682e+00
-7.30948339363e+00
-7.31301697046e+00
-7.31175216842e+00
-7.31160267425e+00
-7.31047465234e+00
-7.31631351238e+00
-7.30824285974e+00
-7.31181053822e+00
-7.31286515294e+00
-7.30537835162e+00
-7.31150004643e+00
-7.31007243460e+00
-7.31421262163e+00
-7.30936459417e+00
-7.31082038474e+00
-7.31062018980e+00
-7.31290286545e+00
-7.31257803931e+00
-7.30890045192e+00
-7.30607083786e+00
-7.31270235669e+00
-7.31344475035e+00
-7.30862240908e+00
-7.31085608717e+00
-7.31443489912e+00
-7.30915269153e+00
-7.31611555356e+00
-7.31231268147e+00
-7.30420475064e+00
-7.31088693646e+00
-7.30863985892e+00
-7.31044630119e+00
-7.31012538259e+00
-7.31020632970e+00
-7.30968585946e+00
-7.31292579581e+00
-7.30910490758e+00
-7.30978230722e+00
-7.31242444686e+00
-7.31065318373e+00
-7.31321564339e+00
-7.31612796823e+00
-7.31036048843e+00
-7.31068401994e+00
-7.30949117320e+00
-7.30722070158e+00
-7.30954261166e+00
-7.30784143996e+00
-7.31009109855e+00
-7.30923056688e+00
-7.30652669577e+00
-7.31395554182e+00
-7.30935996050e+00
-7.30542203487e+00
-7.30740216014e+00
-7.30683537063e+00
-7.31314252377e+00
-7.31154046285e+00
-7.31098878322e+00
-7.31344094966e+00
-7.31362341820e+00
-7.31070832335e+00
-7.31212964576e+00
-7.31280418845e+00
-7.31415624603e+00
-7.31026341822e+00
-7.31297285692e+00
-7.31382662205e+00
-7.31556918063e+00
-7.31018451453e+00
-7.31239886855e+00
-7.31340784080e+00
-7.31162549025e+00
-7.31309956514e+00
-7.31059298912e+00
-7.31173001266e+00
-7.31143483208e+00
-7.31141353056e+00
-7.31082216572e+00
-7.31654531473e+00
-7.31061270325e+00
-7.31218842658e+00
-7.31288394296e+00
-7.31245739151e+00
-7.31278954826e+00
-7.31013348474e+00
-7.31104064543e+00
-7.31242786763e+00
-7.30667245535e+00
-7.31113160868e+00
-7.31213377127e+00
-7.30792834946e+00
-7.31154348516e+00
-7.31012907350e+00
-7.31141199292e+00
-7.30756953844e+00
-7.31101950109e+00
-7.31122202422e+00
-7.31066028667e+00
-7.31182690637e+00
-7.31168686247e+00
-7.31193680192e+00
-7.31121908613e+00
-7.31163110634e+00
-7.30996651520e+00
-7.31248347792e+00
-7.31296528403e+00
-7.31148069444e+00
-7.31247698175e+00
-7.30949961209e+00
-7.31521981650e+00
-7.30937578667e+00
-7.30811655570e+00
-7.30783785877e+00
-7.31001875249e+00
-7.31346161692e+00
-7.31129138518e+00
-7.31163445501e+00
-7.31211730897e+00
-7.31247528125e+00
-7.31154344680e+00
-7.31178912864e+00
-7.31473815991e+00
-7.31162068271e+00
-7.30946613814e+00
-7.31320937985e+00
-7.31451050914e+00
-7.30868896779e+00
-7.30801531638e+00
-7.31143141054e+00
-7.31139313958e+00
-7.31201855830e+00
-7.31233490200e+00
-7.30808659886e+00
-7.31187429108e+00
-7.30879906066e+00
-7.31297569604e+00
-7.31269020208e+00
-7.31165919758e+00
-7.31133220589e+00
-7.31229806072e+00
-7.30876063911e+00
-7.31236519086e+00
-7.31072405685e+00
-7.30902239038e+00
-7.31316786179e+00
-7.31412931529e+00
-7.31592226100e+00
-7.31075445729e+00
-7.30934551480e+00
-7.31309052089e+00
-7.31124945523e+00
-7.31707247999e+00
-7.31426803707e+00
-7.31121996288e+00
-7.31114640357e+00
-7.31172744787e+00
-7.30826258988e+00
-7.30934845484e+00
-7.30909417634e+00
-7.31326538211e+00
-7.30802774237e+00
-7.31107989865e+00
-7.31157090470e+00
-7.30877975893e+00
-7.31306554778e+00
-7.31121034246e+00
-7.31244758440e+00
-7.31070555789e+00
-7.31596712262e+00
-7.31110775383e+00
-7.31282330978e+00
-7.31267713910e+00
-7.31208723060e+00
-7.31351357902e+00
-7.30681723477e+00
-7.31447840500e+00
-7.31090430490e+00
-7.31096474809e+00
-7.31323137420e+00
-7.31276329438e+00
-7.31170203319e+00
-7.31058411016e+00
-7.30993790360e+00
-7.31029127971e+00
-7.31467982484e+00
-7.30746414157e+00
-7.31352828697e+00
-7.30904642282e+00
-7.31318792076e+00
-7.31297415159e+00
-7.31077862695e+00
-7.30815062173e+00
-7.31499504871e+00
-7.31561861374e+00
-7.31066922882e+00
-7.30934896332e+00
-7.31593654710e+00
-7.31120313008e+00
-7.30958229063e+00
-7.30945739335e+00
-7.31237962080e+00
-7.30920107072e+00
-7.30998251752e+00
-7.30995872931e+00
-7.30969832850e+00
-7.30875764753e+00
-7.30874495487e+00
-7.30955677327e+00
-7.31091665223e+00
-7.31099283836e+00
-7.30755082113e+00
-7.31303047254e+00
-7.31144852066e+00
-7.31134598606e+00
-7.31439291419e+00
-7.30919909917e+00
-7.31347425103e+00
-7.31687874391e+00
-7.30983520610e+00
-7.31181669993e+00
-7.31490435889e+00
-7.31474630197e+00
-7.31043057950e+00
-7.31354935871e+00
-7.31163999218e+00
-7.30818203000e+00
-7.31017766469e+00
-7.31519805176e+00
-7.31186498160e+00
-7.30925412023e+00
-7.31456022124e+00
-7.31170801167e+00
-7.30765099463e+00
-7.30964388119e+00
-7.30963348735e+00
-7.30981310231e+00
-7.30462683027e+00
-7.31272158639e+00
-7.31271307999e+00
-7.30728319475e+00
-7.31115193435e+00
-7.31261201731e+00
-7.30954930814e+00
-7.30995618516e+00
-7.30747350088e+00
-7.31231531189e+00
-7.31190833375e+00
-7.31281022765e+00
-7.30879127403e+00
-7.31172884247e+00
-7.31503516992e+00
-7.31339249917e+00
-7.31304067815e+00
-7.31017581892e+00
-7.30977834395e+00
-7.31109396912e+00
-7.31070437497e+00
-7.31182071182e+00
-7.31397465252e+00
-7.30838760868e+00
-7.30984397831e+00
-7.31100584923e+00
-7.31254882409e+00
-7.31078150867e+00
-7.31499349231e+00
-7.31326996312e+00
-7.31097973065e+00
-7.31288339997e+00
-7.31169820450e+00
-7.30938625459e+00
-7.31174946994e+00
-7.31265573851e+00
-7.31017363102e+00
-7.30834966611e+00
-7.31077157573e+00
-7.31129449297e+00
-7.31141076137e+00
-7.31097975304e+00
-7.31286255242e+00
-7.31274266181e+00
-7.31217641753e+00
-7.31287132423e+00
-7.31326069395e+00
-7.31453457864e+00
-7.31192953622e+00
-7.31406426111e+00
-7.31436126840e+00
-7.31220698352e+00
-7.31363807340e+00
-7.31480124592e+00
-7.31206821110e+00
-7.31532790110e+00
-7.31156453884e+00
-7.31472747829e+00
-7.31285938340e+00
-7.31175514925e+00
-7.31094479813e+00
-7.31003279245e+00
-7.31233697052e+00
-7.31242820536e+00
-7.31331366585e+00
-7.31352501341e+00
-7.31041958741e+00
-7.31140871589e+00
-7.31301196703e+00
-7.31012838410e+00
-7.31080478198e+00
-7.31312712419e+00
-7.31224979313e+00
-7.31294043181e+00
-7.31003760446e+00
-7.31015949632e+00
-7.31393140741e+00
-7.31024640384e+00
-7.31044114463e+00
-7.31154149608e+00
-7.31325824076e+00
-7.31442676500e+00
-7.31115383534e+00
-7.31344834772e+00
-7.31363344596e+00
-7.30873654515e+00
-7.31125374308e+00