1.17429688158e+01
1.17355636776e+01
1.17341062546e+01
1.17394534162e+01
1.17322835778e+01
1.17342696050e+01
1.17283433650e+01
1.17376363383e+01
1.17326638857e+01
1.17365479574e+01
1.17390740760e+01
1.17333796963e+01
1.17392977160e+01
1.17359584554e+01
1.17347624958e+01
1.17330845902e+01
1.17311675466e+01
1.17307914497e+01
1.17356285622e+01
1.17394221524e+01
1.17303793351e+01
1.17282862241e+01
1.17348052599e+01
1.17303644972e+01
1.17323869520e+01
1.17306167965e+01
1.17346783239e+01
1.17366157921e+01
1.17320487321e+01
1.17341339042e+01
1.17358200284e+01
1.17433175993e+01
1.17355062300e+01
1.17321971573e+01
1.17360437291e+01
1.17356919971e+01
1.17375030635e+01
1.17273702179e+01
1.17316204224e+01
1.17358339904e+01
1.17278681080e+01
1.17280379484e+01
1.17337599522e+01
1.17379245307e+01
1.17370137970e+01
1.17338559361e+01
1.17364707194e+01
1.17332611280e+01
1.17358473676e+01
1.17314005780e+01
1.17315722669e+01
1.17403875110e+01
1.17308633483e+01
1.17370081249e+01
1.17327236248e+01
1.17356332936e+01
1.17359284472e+01
1.17411880276e+01
1.17371857856e+01
1.17329328583e+01
1.17343237382e+01
1.17361530167e+01
1.17354089617e+01
1.17386275000e+01
1.17336965466e+01
1.17342306901e+01
1.17332956020e+01
1.17399158730e+01
1.17353027338e+01
1.17384976602e+01
1.17310848485e+01
1.17370941177e+01
1.17389590149e+01
1.17344724467e+01
1.17340317607e+01
1.17404733658e+01
1.17359467057e+01
1.17388930328e+01
1.17338176419e+01
1.17335958116e+01
1.17308501253e+01
1.17321688058e+01
1.17290455961e+01
1.17337687457e+01
1.17433778537e+01
1.17359794228e+01
1.17384960396e+01
1.17415667579e+01
1.17314272740e+01
1.17384559293e+01
1.17365251456e+01
1.17359906130e+01
1.17309164668e+01
1.17366484051e+01
1.17290731341e+01
1.17330930430e+01
1.17344702675e+01
1.17386101042e+01
1.17341833365e+01
1.17292243719e+01
1.17392294245e+01
1.17327700919e+01
1.17331751248e+01
1.17348523582e+01
1.17360980480e+01
1.17392895188e+01
1.17398605894e+01
1.17343605408e+01
1.17391046986e+01
1.17262495542e+01
1.17341887082e+01
1.17339179682e+01
1.17355149184e+01
1.17357835083e+01
1.17372141772e+01
1.17437334225e+01
1.17323076904e+01
1.17378221578e+01
1.17374047201e+01
1.17389028798e+01
1.17280000924e+01
1.17342156322e+01
1.17292464322e+01
1.17440658503e+01
1.17350334957e+01
1.17355564754e+01
1.17384228102e+01
1.17373081311e+01
1.17361689497e+01
1.17341793754e+01
1.17313294665e+01
1.17398423260e+01
1.17378401963e+01
1.17362792545e+01
1.17391978152e+01
1.17400505444e+01
1.17422413263e+01
1.17338994746e+01
1.17329347125e+01
1.17295965901e+01
1.17323850848e+01
1.17325034401e+01
1.17285363739e+01
1.17308215320e+01
1.17358726750e+01
1.17273566223e+01
1.17355659108e+01
1.17275062834e+01
1.17382017984e+01
1.17394262866e+01
1.17380305348e+01
1.17371918490e+01
1.17332268960e+01
1.17413406467e+01
1.17376356551e+01
1.17356033969e+01
1.17283234558e+01
1.17392598761e+01
1.17406080404e+01
1.17341317585e+01
1.17273960925e+01
1.17347947925e+01
1.17350742701e+01
1.17359469461e+01
1.17361692917e+01
1.17396061832e+01
1.17384875244e+01
1.17362308337e+01
1.17335354562e+01
1.17315217684e+01
1.17401331065e+01
1.17391542323e+01
1.17348081566e+01
1.17348103286e+01
1.17402959503e+01
1.17418056558e+01
1.17324439806e+01
1.17369848548e+01
1.17336938651e+01
1.17312242307e+01
1.17287720460e+01
1.17330025416e+01
1.17325793571e+01
1.17343898139e+01
1.17294412345e+01
1.17358160687e+01
1.17398096305e+01
1.17296016478e+01
1.17304770392e+01
1.17345385205e+01
1.17361974670e+01
1.17374381322e+01
1.17416139901e+01
1.17383616534e+01
1.17358927486e+01
1.17367555159e+01
1.17342615985e+01
1.17320338278e+01
1.17335009329e+01
1.17320476275e+01
1.17394394044e+01
1.17336203609e+01
1.17389211378e+01
1.17360842299e+01
1.17296034568e+01
1.17327328716e+01
1.17323014765e+01
1.17326791602e+01
1.17313572138e+01
1.17411989324e+01
1.17324550979e+01
1.17405938595e+01
1.17343688405e+01
1.17360776931e+01
1.17315745607e+01
1.17334521611e+01
1.17328119243e+01
1.17399111045e+01
1.17339456099e+01
1.17325732996e+01
1.17336703467e+01
1.17356981664e+01
1.17287985718e+01
1.17317231596e+01
1.17385406783e+01
1.17395425913e+01
1.17302760710e+01
1.17323730197e+01
1.17345455971e+01
1.17304500704e+01
1.17314552313e+01
1.17393273376e+01
1.17352060166e+01
1.17283568613e+01
1.17352482552e+01
1.17417110512e+01
1.17380356268e+01
1.17360182923e+01
1.17341196129e+01
1.17359913836e+01
1.17385085689e+01
1.17273247059e+01
1.17339525119e+01
1.17357717359e+01
1.17351609265e+01
1.17376682095e+01
1.17352820733e+01
1.17353401943e+01
1.17353911240e+01
1.17346477878e+01
1.17311316533e+01
1.17300160982e+01
1.17378345136e+01
1.17351638350e+01
1.17349125737e+01
1.17348950792e+01
1.17301485748e+01
1.17438164809e+01
1.17359280490e+01
1.17315195579e+01
1.17370624100e+01
1.17370947895e+01
1.17297954421e+01
1.17298324731e+01
1.17384722090e+01
1.17320057517e+01
1.17350361972e+01
1.17341515718e+01
1.17393430170e+01
1.17400651962e+01
1.17355151103e+01
1.17325643913e+01
1.17270154589e+01
1.17349814862e+01
1.17412332769e+01
1.17362291203e+01
1.17309048356e+01
1.17364580322e+01
1.17390482962e+01
1.17280816877e+01
1.17432650232e+01
1.17373679928e+01
1.17265471927e+01
1.17332823789e+01
1.17406244074e+01
1.17302070857e+01
1.17360918596e+01
1.17393815430e+01
1.17298353890e+01
1.17282731974e+01
1.17325375196e+01
1.17344077733e+01
1.17342291394e+01
1.17337270666e+01
1.17346618587e+01
1.17406079181e+01
1.17338167629e+01
1.17328159685e+01
1.17380607925e+01
1.17274278726e+01
1.17363759019e+01
1.17367282650e+01
1.17377098186e+01
1.17349056783e+01
1.17388007633e+01
1.17300912944e+01
1.17461956976e+01
1.17311456081e+01
1.17341955874e+01
1.17361020772e+01
1.17336217993e+01
1.17287192591e+01
1.17332339330e+01
1.17391015332e+01
1.17317661792e+01
1.17422357092e+01
1.17377181574e+01
1.17323131144e+01
1.17371927642e+01
1.17312927776e+01
1.17330821848e+01
1.17332311430e+01
1.17341211458e+01
1.17304351452e+01
1.17401176898e+01
1.17326001371e+01
1.17438103237e+01
1.17301646990e+01
1.17347406400e+01
1.17330643893e+01
1.17376441474e+01
1.17403095140e+01
1.17299886137e+01
1.17349814806e+01
1.17359994087e+01
1.17279182290e+01
1.17356514716e+01
1.17361199188e+01
1.17308889272e+01
1.17352512033e+01
1.17354568320e+01
1.17404513039e+01
1.17338190721e+01
1.17335326200e+01
1.17263167091e+01
1.17292135529e+01
1.17365094842e+01
1.17345822350e+01
1.17325250338e+01
1.17376057814e+01
1.17374483031e+01
1.17369085628e+01
1.17331282615e+01
1.17415489611e+01
1.17392605528e+01
1.17380955456e+01
1.17313121234e+01
1.17338275284e+01
1.17333099418e+01
1.17336549227e+01
1.17322819564e+01
1.17322395093e+01
1.17384063565e+01
1.17377631363e+01
1.17319905428e+01
1.17352460421e+01
1.17302730537e+01
1.17308146245e+01
1.17390693860e+01
1.17373194023e+01
1.17412220008e+01
1.17318054815e+01
1.17399936797e+01
1.17375095189e+01
1.17335226365e+01
1.17357596822e+01
1.17376188985e+01
1.17343570947e+01
1.17372868645e+01
1.17317835416e+01
1.17313623232e+01
1.17387513136e+01
1.17370453047e+01
1.17377813270e+01
1.17294136268e+01
1.17370038182e+01
1.17331118092e+01
1.17353212289e+01
1.17315307432e+01
1.17376622347e+01
1.17369725971e+01
1.17343032708e+01
1.17305697956e+01
1.17367834246e+01
1.17358182037e+01
1.17335008325e+01
1.17356838007e+01
1.17336303050e+01
1.17367389929e+01
1.17266659750e+01
1.17329182302e+01
1.17309457378e+01
1.17312965104e+01
1.17279599351e+01
1.17313222778e+01
1.17377718112e+01
1.17370031451e+01
1.17416984416e+01
1.17329804906e+01
1.17341479695e+01
1.17376069976e+01
1.17294219554e+01
1.17397874964e+01
1.17380018776e+01
1.17335336337e+01
1.17408552522e+01
1.17395706755e+01
1.17416809904e+01
1.17343269626e+01
1.17357299940e+01
1.17335605804e+01
1.17397398474e+01
1.17298523155e+01
1.17361878298e+01
1.17382646864e+01
1.17344225801e+01
1.17377038964e+01
1.17308346333e+01
1.17355979894e+01
1.17407978556e+01
1.17378528575e+01
1.17307038496e+01
1.17360129759e+01
1.17411722019e+01
1.17360654899e+01
1.17326580136e+01
1.17369278635e+01
1.17314301559e+01
1.17376666648e+01
1.17400529438e+01
1.17376416837e+01
1.17369157221e+01
1.17368301738e+01
1.17336478801e+01
1.17396616638e+01
1.17344929915e+01
1.17401763197e+01
1.17340129592e+01
1.17385112078e+01
1.17405991915e+01
1.17399525318e+01
1.17389037542e+01
1.17335478035e+01
1.17356295967e+01
1.17314370614e+01
1.17393277454e+01
1.17352520444e+01
1.17383239291e+01
1.17335900963e+01
1.17350458704e+01
1.17421840354e+01
1.17379316604e+01
1.17383790344e+01
1.17357507234e+01
1.17385934254e+01
1.17335717282e+01
1.17392098034e+01
1.17310998255e+01
1.17411430187e+01
1.17323447096e+01
1.17332980555e+01
1.17328501744e+01
1.17378561960e+01
1.17327701630e+01
1.17366872492e+01
1.17332883700e+01
1.17324039404e+01
1.17359966480e+01
1.17327980366e+01
1.17326229675e+01
1.17299983350e+01
1.17271158022e+01
1.17379301621e+01
1.17251175700e+01
1.17327677421e+01
1.17333524282e+01
1.17343205475e+01
1.17312267556e+01
1.17389634893e+01
1.17370975326e+01
1.17345841863e+01
1.17313927627e+01
1.17343037332e+01
1.17306998199e+01
1.17360665865e+01
1.17392091364e+01
1.17376195057e+01
1.17391557734e+01
1.17270539327e+01
1.17371684204e+01
1.17351375695e+01