1.65773461293e+00
1.65827141147e+00
1.65722384096e+00
1.65974014854e+00
1.65737372044e+00
1.65781279359e+00
1.65593830273e+00
1.65727640391e+00
1.65765161221e+00
1.65782700536e+00
1.65629829873e+00
1.66081024255e+00
1.65730686084e+00
1.65692394605e+00
1.65717545750e+00
1.65941367359e+00
1.65693716808e+00
1.66012038595e+00
1.65694648015e+00
1.65729880264e+00
1.65900341399e+00
1.65589746755e+00
1.65819276226e+00
1.65834596754e+00
1.65759669481e+00
1.65689207552e+00
1.65895643043e+00
1.65610837492e+00
1.65596395986e+00
1.65814722918e+00
1.65755823104e+00
1.65713487270e+00
1.65926666051e+00
1.65668366034e+00
1.65617730551e+00
1.65749722003e+00
1.65893004953e+00
1.65764671394e+00
1.65677256186e+00
1.65663527016e+00
1.65685418060e+00
1.65737931280e+00
1.65806699927e+00
1.65739112722e+00
1.65750576123e+00
1.65750809980e+00
1.65966331090e+00
1.65777081340e+00
1.65606646593e+00
1.65745107327e+00
1.65799410373e+00
1.65873299993e+00
1.65783762601e+00
1.65723128174e+00
1.65794433949e+00
1.65705618023e+00
1.65768985607e+00
1.65669296622e+00
1.65833364948e+00
1.65805242457e+00
1.65786485441e+00
1.65803118745e+00
1.65506193893e+00
1.65831800198e+00
1.65861377809e+00
1.65863472279e+00
1.65816552073e+00
1.65841305061e+00
1.65714475662e+00
1.65751671850e+00
1.65674426381e+00
1.65783440918e+00
1.65746325522e+00
1.65872411358e+00
1.65775295872e+00
1.65696847921e+00
1.65815854239e+00
1.65733240050e+00
1.65997370144e+00
1.65715281493e+00
1.65661118525e+00
1.65771098184e+00
1.65557253653e+00
1.65659521529e+00
1.65596160542e+00
1.65879518660e+00
1.65654514205e+00
1.65763519436e+00
1.65828984946e+00
1.65849961554e+00
1.65702096753e+00
1.65755157569e+00
1.65679134005e+00
1.65875155117e+00
1.65811745503e+00
1.65575560723e+00
1.65896140806e+00
1.65724809609e+00
1.65665895120e+00
1.65656542743e+00
1.65677676453e+00
1.65878938642e+00
1.65680229763e+00
1.65737854663e+00
1.65633774870e+00
1.65790518986e+00
1.65743600186e+00
1.65758782034e+00
1.65938770986e+00
1.65812714821e+00
1.65754730279e+00
1.65692985188e+00
1.65540910875e+00
1.65668422949e+00
1.65734445126e+00
1.65709042085e+00
1.65853368549e+00
1.65752755519e+00
1.65832866933e+00
1.65818370350e+00
1.65776386281e+00
1.65659306769e+00
1.65792013379e+00
1.65735227611e+00
1.65621298054e+00
1.65724818085e+00
1.65745704057e+00
1.65823869948e+00
1.65760252401e+00
1.65714915709e+00
1.65746305484e+00
1.65582185169e+00
1.65747644126e+00
1.65823093104e+00
1.65562444421e+00
1.65677370897e+00
1.65670419342e+00
1.65731091502e+00
1.65688179573e+00
1.65825823529e+00
1.65665069278e+00
1.65794960323e+00
1.65768314930e+00
1.65587249521e+00
1.65721892187e+00
1.65796035328e+00
1.65764351607e+00
1.65742022463e+00
1.65813810586e+00
1.65838285619e+00
1.65835772159e+00
1.65725848290e+00
1.65799310922e+00
1.65642359861e+00
1.65945270997e+00
1.65817943881e+00
1.65842487504e+00
1.65623947610e+00
1.65775085268e+00
1.65707849508e+00
1.65919017631e+00
1.65708418310e+00
1.65664620953e+00
1.65759351066e+00
1.65648555432e+00
1.65906239743e+00
1.65635890805e+00
1.65709942593e+00
1.65728382006e+00
1.65732848757e+00
1.65693654963e+00
1.65638040384e+00
1.65801543713e+00
1.65722269717e+00
1.65759377443e+00
1.65828642380e+00
1.65769873413e+00
1.65863485148e+00
1.66027001010e+00
1.65702641007e+00
1.65689404232e+00
1.65633929411e+00
1.65539758303e+00
1.65775543545e+00
1.65888406449e+00
1.65941517716e+00
1.65511852206e+00
1.65673104157e+00
1.65682374940e+00
1.65881040447e+00
1.65775939658e+00
1.65791624750e+00
1.65758767615e+00
1.65719475899e+00
1.65779275085e+00
1.65690207631e+00
1.65832148187e+00
1.65856775979e+00
1.65803997220e+00
1.65794211641e+00
1.65798099764e+00
1.65657085902e+00
1.65819812981e+00
1.65931936141e+00
1.65785160681e+00
1.65659650381e+00
1.65769575549e+00
1.65783924958e+00
1.65842221807e+00
1.65679599921e+00
1.65779603694e+00
1.65751932234e+00
1.65812942421e+00
1.65759925623e+00
1.65708649662e+00
1.65843410618e+00
1.65540398206e+00
1.65902593218e+00
1.65654438652e+00
1.65758625684e+00
1.65796734719e+00
1.65623248726e+00
1.65803545763e+00
1.65679613451e+00
1.65676722009e+00
1.65749327441e+00
1.65739871526e+00
1.65902619077e+00
1.65771104418e+00
1.65658710230e+00
1.65733804223e+00
1.65776868499e+00
1.65625389650e+00
1.65880366160e+00
1.65834430386e+00
1.65655311026e+00
1.65866606284e+00
1.65883051746e+00
1.65755676369e+00
1.65729889876e+00
1.65671054401e+00
1.65732760812e+00
1.65741602690e+00
1.65873198572e+00
1.65667835585e+00
1.65674707257e+00
1.65805085004e+00
1.65659630400e+00
1.65825669089e+00
1.65811484479e+00
1.65701838369e+00
1.65807374141e+00
1.65859724769e+00
1.65656351381e+00
1.65659022092e+00
1.65728459822e+00
1.65659364035e+00
1.65692103552e+00
1.65644400034e+00
1.65783448381e+00
1.65692782835e+00
1.65834882183e+00
1.65900628531e+00
1.65791074816e+00
1.65700699055e+00
1.65593969698e+00
1.65797390531e+00
1.65705001444e+00
1.65695506061e+00
1.65859463356e+00
1.65525586279e+00
1.65710612631e+00
1.65635558202e+00
1.65606301801e+00
1.65780005087e+00
1.65633332469e+00
1.65571668145e+00
1.65833347845e+00
1.65642322607e+00
1.65744507922e+00
1.65765472826e+00
1.65773015182e+00
1.65673780719e+00
1.65645516959e+00
1.65939127597e+00
1.65800118580e+00
1.65764658232e+00
1.65665434067e+00
1.65711335380e+00
1.65563215629e+00
1.65572251891e+00
1.65712661121e+00
1.65805870876e+00
1.65726437727e+00
1.65692610632e+00
1.65695750725e+00
1.65809808407e+00
1.65649878634e+00
1.65791421670e+00
1.65701775292e+00
1.65773568218e+00
1.65736437336e+00
1.65798141237e+00
1.65732674238e+00
1.65724475154e+00
1.65666570739e+00
1.65712988543e+00
1.65849587978e+00
1.65761347699e+00
1.65790825476e+00
1.65793864316e+00
1.65816673240e+00
1.65780240729e+00
1.65548670995e+00
1.65675385715e+00
1.65874810662e+00
1.65689843168e+00
1.65728730685e+00
1.65757262065e+00
1.65722278623e+00
1.65826978460e+00
1.65930341817e+00
1.65672628795e+00
1.65704345597e+00
1.65828959843e+00
1.65577132371e+00
1.65969578855e+00
1.65707351720e+00
1.65732113371e+00
1.65791821226e+00
1.65698688857e+00
1.65760966494e+00
1.65708199237e+00
1.65756571208e+00
1.65673986358e+00
1.65938306113e+00
1.65571000320e+00
1.65672297082e+00
1.65699975732e+00
1.65798117304e+00
1.65740895273e+00
1.65636870126e+00
1.65784718727e+00
1.65739776587e+00
1.65704264682e+00
1.65750532125e+00
1.65746369578e+00
1.65768386439e+00
1.65781594995e+00
1.65789268276e+00
1.65773035172e+00
1.65716298548e+00
1.65776756723e+00
1.65821009207e+00
1.65580729596e+00
1.65816438922e+00
1.65645327608e+00
1.65672902647e+00
1.65784540561e+00
1.65593070730e+00
1.65679203474e+00
1.65800152517e+00
1.65915444858e+00
1.65611939859e+00
1.65844291632e+00
1.65791991721e+00
1.65840510969e+00
1.65761694560e+00
1.65672471584e+00
1.65693606218e+00
1.65633001263e+00
1.65740373452e+00
1.65733643817e+00
1.65789503435e+00
1.65727417201e+00
1.65729903388e+00
1.65811410316e+00
1.65649990739e+00
1.65756025024e+00
1.65817943257e+00
1.65826456510e+00
1.65713905246e+00
1.65852433759e+00
1.65781782422e+00
1.65691065546e+00
1.65820517735e+00
1.65764396536e+00
1.65703380897e+00
1.65899347486e+00
1.65704844034e+00
1.65785642730e+00
1.65794008517e+00
1.65582191925e+00
1.65632905620e+00
1.65800706630e+00
1.65666201140e+00
1.65864030069e+00
1.65679937611e+00
1.65641196247e+00
1.65722726069e+00
1.65708530700e+00
1.65767482749e+00
1.65737757644e+00
1.65650533661e+00
1.65841703906e+00
1.65783798555e+00
1.65827899420e+00
1.65744086435e+00
1.65896607992e+00
1.65841014802e+00
1.65969146407e+00
1.65607087452e+00
1.65908574457e+00
1.65562474531e+00
1.65828446072e+00
1.65892221879e+00
1.65701412624e+00
1.65576703290e+00
1.65717986773e+00
1.65644977745e+00
1.65718344375e+00
1.65817725486e+00
1.65740516891e+00
1.65717427328e+00
1.65808779677e+00
1.65709219957e+00
1.65566730443e+00
1.65809407066e+00
1.65876122948e+00
1.65821527980e+00
1.65732592499e+00
1.65836778320e+00
1.65765437366e+00
1.65688889168e+00
1.65628037497e+00
1.65898501126e+00
1.65726666917e+00
1.65513643656e+00
1.65722673938e+00
1.65815783404e+00
1.65748903226e+00
1.65763747513e+00
1.65679613669e+00
1.65878509974e+00
1.65716177183e+00
1.65830926844e+00
1.65546168780e+00
1.65575882570e+00
1.65587352607e+00
1.65735320262e+00
1.65841291812e+00
1.65741280994e+00
1.65888706584e+00
1.65701035983e+00
1.65817233269e+00
1.65760675119e+00
1.65696826451e+00
1.65609680412e+00
1.65886035625e+00
1.65547072525e+00
1.65532656088e+00
1.65849458815e+00
1.65941745411e+00
1.65606332874e+00
1.65746322416e+00
1.65788142614e+00
1.66030214452e+00
1.65767920030e+00
1.65796446048e+00
1.65672853468e+00
1.65796105180e+00
1.65874341438e+00
1.65847508626e+00
1.65866720744e+00
1.65734507270e+00
1.65916785556e+00
1.65749350118e+00
1.65675245067e+00
1.65915718404e+00
1.65665647088e+00
1.65781911800e+00
1.65740528857e+00
1.65684793401e+00
1.65963175262e+00
1.65732958059e+00
1.65911896927e+00
1.65832966176e+00
1.65693519515e+00
1.65909439792e+00
1.65707899831e+00
1.65878825968e+00
1.65680725071e+00
1.65659401537e+00
1.65817605677e+00
1.65873234615e+00
1.65730818610e+00
1.65659200196e+00
1.65747923986e+00
1.65844543588e+00
1.65744905423e+00
1.65744105682e+00