-4.64438204977e+00
-4.65661336176e+00
-4.64099292729e+00
-4.67411960566e+00
-4.63281754185e+00
-4.66667267134e+00
-4.64987905371e+00
-4.64695179538e+00
-4.63747222899e+00
-4.66405834588e+00
-4.65516670823e+00
-4.65561608797e+00
-4.69351195477e+00
-4.62585701461e+00
-4.65695216556e+00
-4.64593152031e+00
-4.63793294223e+00
-4.64546378839e+00
-4.66107176170e+00
-4.64600682349e+00
-4.66296571072e+00
-4.67226660699e+00
-4.64968633322e+00
-4.62878129918e+00
-4.66055051505e+00
-4.67374576440e+00
-4.65956589162e+00
-4.64447642409e+00
-4.64197242196e+00
-4.67542519940e+00
-4.66747384176e+00
-4.65812084453e+00
-4.65808542849e+00
-4.63212962010e+00
-4.68664022331e+00
-4.65475899887e+00
-4.68920285186e+00
-4.66153413421e+00
-4.66689768964e+00
-4.68070240760e+00
-4.65581334011e+00
-4.64852015064e+00
-4.67645991016e+00
-4.64845623514e+00
-4.66196884594e+00
-4.67185845922e+00
-4.66401558319e+00
-4.65419746197e+00
-4.63951976351e+00
-4.67199813718e+00
-4.67052355876e+00
-4.67344973600e+00
-4.65711869241e+00
-4.66010196533e+00
-4.65195536166e+00
-4.69050052464e+00
-4.67422203132e+00
-4.63472116507e+00
-4.65160354734e+00
-4.64549279279e+00
-4.66958161269e+00
-4.66302889800e+00
-4.65503160441e+00
-4.66592163978e+00
-4.66584303164e+00
-4.62267737972e+00
-4.62763196016e+00
-4.64444104625e+00
-4.64030399394e+00
-4.65482501290e+00
-4.65804535230e+00
-4.65561504315e+00
-4.65694414654e+00
-4.65940116022e+00
-4.65539334467e+00
-4.67675786863e+00
-4.67987567819e+00
-4.61071907870e+00
-4.63721105276e+00
-4.63949446219e+00
-4.63451804606e+00
-4.64796538074e+00
-4.64737527148e+00
-4.65565555910e+00
-4.63374349413e+00
-4.64753872568e+00
-4.65832904519e+00
-4.67792010694e+00
-4.68520188654e+00
-4.66400993748e+00
-4.62496749436e+00
-4.66199119861e+00
-4.66108545397e+00
-4.65505591362e+00
-4.68825595187e+00
-4.65258829571e+00
-4.63353647727e+00
-4.66628525525e+00
-4.65062600252e+00
-4.65251514643e+00
-4.64182064735e+00
-4.66787410502e+00
-4.64113158439e+00
-4.65638898722e+00
-4.62609442668e+00
-4.65552112629e+00
-4.67792466110e+00
-4.64666930940e+00
-4.64013694533e+00
-4.67845591305e+00
-4.68037907898e+00
-4.67341734333e+00
-4.65270954770e+00
-4.65751344623e+00
-4.62002344031e+00
-4.66039994259e+00
-4.66184089972e+00
-4.66463408123e+00
-4.67127794909e+00
-4.66022999959e+00
-4.65604022127e+00
-4.63872277294e+00
-4.64168376112e+00
-4.65932998857e+00
-4.67674266753e+00
-4.65668882390e+00
-4.65677879671e+00
-4.68678207019e+00
-4.66541216306e+00
-4.65448965894e+00
-4.66263203461e+00
-4.66850491379e+00
-4.65725453731e+00
-4.63709989231e+00
-4.65159985470e+00
-4.65058610992e+00
-4.67354997271e+00
-4.65843244756e+00
-4.66366256994e+00
-4.64342498765e+00
-4.66296049319e+00
-4.63077519186e+00
-4.68547417340e+00
-4.63899206903e+00
-4.63617645865e+00
-4.64964444508e+00
-4.64039588620e+00
-4.65190485573e+00
-4.65480144824e+00
-4.64494586389e+00
-4.63803192934e+00
-4.65226077544e+00
-4.63970121712e+00
-4.65520627543e+00
-4.63998029922e+00
-4.62990489511e+00
-4.64673060510e+00
-4.67417213273e+00
-4.65591445786e+00
-4.66870835455e+00
-4.65307022853e+00
-4.65038616937e+00
-4.66833027909e+00
-4.68130150883e+00
-4.66570168380e+00
-4.64341536196e+00
-4.65779876533e+00
-4.67246529783e+00
-4.65468524257e+00
-4.66731186860e+00
-4.64429487877e+00
-4.66777857232e+00
-4.69057535165e+00
-4.67712342864e+00
-4.65699010092e+00
-4.65926449833e+00
-4.66219798812e+00
-4.63974866911e+00
-4.64991195191e+00
-4.68637834805e+00
-4.67856383132e+00
-4.67160270946e+00
-4.64108813629e+00
-4.62898374956e+00
-4.68729700657e+00
-4.66475427177e+00
-4.63014140026e+00
-4.64379817518e+00
-4.68418099446e+00
-4.66211028016e+00
-4.64636751302e+00
-4.62873472581e+00
-4.63859989903e+00
-4.61746950105e+00
-4.63278208087e+00
-4.63264649899e+00
-4.65271283896e+00
-4.65064897465e+00
-4.67318911169e+00
-4.65780528416e+00
-4.67015584692e+00
-4.65248828340e+00
-4.68837925382e+00
-4.67249981271e+00
-4.65203292544e+00
-4.65366123307e+00
-4.64385798155e+00
-4.66670971222e+00
-4.63828838540e+00
-4.66140379386e+00
-4.64538607569e+00
-4.68059236353e+00
-4.66011216905e+00
-4.64933759977e+00
-4.66984645720e+00
-4.63499497034e+00
-4.63786446437e+00
-4.62770402887e+00
-4.65299153605e+00
-4.64519631272e+00
-4.64096024287e+00
-4.66174058070e+00
-4.65215509600e+00
-4.65090754745e+00
-4.65008501766e+00
-4.65823427255e+00
-4.65872758005e+00
-4.64974101559e+00
-4.65453605540e+00
-4.65822518701e+00
-4.63327412468e+00
-4.67487529248e+00
-4.65989940339e+00
-4.68267857622e+00
-4.63016272757e+00
-4.65866629960e+00
-4.66252169364e+00
-4.65776378523e+00
-4.66763944178e+00
-4.66746366290e+00
-4.66808932102e+00
-4.67662827627e+00
-4.68827802124e+00
-4.68027241360e+00
-4.65344405367e+00
-4.64119919504e+00
-4.64893702374e+00
-4.62843578924e+00
-4.66461953891e+00
-4.65613797753e+00
-4.64268111093e+00
-4.66892141285e+00
-4.64360806184e+00
-4.67525417366e+00
-4.68403048806e+00
-4.67059436322e+00
-4.66788632752e+00
-4.66693052226e+00
-4.65213401054e+00
-4.68581378812e+00
-4.66090719962e+00
-4.64636995760e+00
-4.66658625683e+00
-4.63489126813e+00
-4.66320525837e+00
-4.67523081039e+00
-4.66860032074e+00
-4.65503063624e+00
-4.65565720842e+00
-4.66192641459e+00
-4.63074176311e+00
-4.66543511249e+00
-4.64696422688e+00
-4.64809131105e+00
-4.69470112907e+00
-4.68170920322e+00
-4.64996535590e+00
-4.63345228135e+00
-4.66963539107e+00
-4.68123863276e+00
-4.63868073283e+00
-4.64223293319e+00
-4.66120620264e+00
-4.63961375741e+00
-4.64890524258e+00
-4.64752072535e+00
-4.66085915445e+00
-4.65170485375e+00
-4.67736260658e+00
-4.64903920111e+00
-4.66843253029e+00
-4.64982062292e+00
-4.67327273699e+00
-4.64423597017e+00
-4.66737792251e+00
-4.63683394183e+00
-4.63834351462e+00
-4.64679589666e+00
-4.67098453134e+00
-4.64965950667e+00
-4.65035084439e+00
-4.64334851930e+00
-4.66349935261e+00
-4.65528279674e+00
-4.63748413382e+00
-4.63937179942e+00
-4.64653396350e+00
-4.66232602825e+00
-4.66800232200e+00
-4.64995262407e+00
-4.63872919214e+00
-4.66723840858e+00
-4.66715581062e+00
-4.65698167065e+00
-4.65871305468e+00
-4.65741421540e+00
-4.64498876181e+00
-4.63836879942e+00
-4.63644303665e+00
-4.65563606032e+00
-4.66925756581e+00
-4.64949240576e+00
-4.63986830055e+00
-4.65705409643e+00
-4.65311686380e+00
-4.67753851152e+00
-4.66499422693e+00
-4.70688935053e+00
-4.64355553622e+00
-4.68519154905e+00
-4.66187031647e+00
-4.64801009446e+00
-4.65413304296e+00
-4.65927886777e+00
-4.65925756795e+00
-4.61745464601e+00
-4.66244706096e+00
-4.67026505386e+00
-4.64446755321e+00
-4.67359454028e+00
-4.64155110671e+00
-4.66173591647e+00
-4.66419229443e+00
-4.64820618000e+00
-4.64832247818e+00
-4.66287773118e+00
-4.67136491440e+00
-4.64786843947e+00
-4.66297884383e+00
-4.67181727297e+00
-4.66269762792e+00
-4.68912907637e+00
-4.63059124019e+00
-4.67310093400e+00
-4.63719372941e+00
-4.64307431590e+00
-4.67099493044e+00
-4.65864169848e+00
-4.66768886174e+00
-4.66527904893e+00
-4.63900345039e+00
-4.67914743965e+00
-4.68994253245e+00
-4.65627021723e+00
-4.65155209306e+00
-4.67045899653e+00
-4.64680472221e+00
-4.66312685077e+00
-4.62939850951e+00
-4.65704257791e+00
-4.65183009306e+00
-4.65762455197e+00
-4.66176655429e+00
-4.65084887995e+00
-4.66546166707e+00
-4.63326787482e+00
-4.64725530784e+00
-4.64813004544e+00
-4.63417739311e+00
-4.64541572143e+00
-4.63911167457e+00
-4.63567001865e+00
-4.65450826931e+00
-4.68772319661e+00
-4.68422731829e+00
-4.64814344045e+00
-4.63667068009e+00
-4.67044141141e+00
-4.68620993606e+00
-4.66529393874e+00
-4.64601182128e+00
-4.68079180260e+00
-4.68136960062e+00
-4.65681812490e+00
-4.67614913962e+00
-4.64519601072e+00
-4.65909595149e+00
-4.62113595814e+00
-4.64013089423e+00
-4.66577358749e+00
-4.66741326316e+00
-4.64909587475e+00
-4.63574709225e+00
-4.65913065954e+00
-4.65450175133e+00
-4.63981894587e+00
-4.67760080794e+00
-4.68061656892e+00
-4.67147092054e+00
-4.64823283997e+00
-4.65354658701e+00
-4.67348436543e+00
-4.66340295818e+00
-4.63611358520e+00
-4.66425865203e+00
-4.65850420857e+00
-4.65352596921e+00
-4.65792554629e+00
-4.66737729985e+00
-4.66415700704e+00
-4.68329700673e+00
-4.64562540216e+00
-4.65222366049e+00
-4.65270758014e+00
-4.65699519335e+00
-4.67372669870e+00
-4.67296887835e+00
-4.64902270319e+00
-4.63781151072e+00
-4.65376639636e+00
-4.68945249794e+00
-4.64899239136e+00
-4.64601574707e+00
-4.65913349388e+00
-4.66920149390e+00
-4.66337268942e+00
-4.64818898510e+00
-4.66904120683e+00
-4.65157404842e+00
-4.65718861238e+00
-4.67971403848e+00
-4.66683034022e+00
-4.65735609127e+00
-4.66136525053e+00
-4.66068857854e+00
-4.65007999929e+00
-4.66769517705e+00
-4.67077978984e+00
-4.66834636356e+00
-4.64957821358e+00
-4.65429530340e+00
-4.68762855431e+00
-4.66281383870e+00
-4.63345696054e+00
-4.63077134725e+00
-4.65123536002e+00
-4.64610096001e+00
-4.64859713017e+00
-4.66167509604e+00
-4.64061949831e+00
-4.65568456925e+00
-4.65847960833e+00
-4.65973217175e+00
-4.66137621891e+00
-4.64216046166e+00
-4.64887860972e+00
-4.66319644598e+00
-4.65694335303e+00
-4.65591766374e+00
-4.66207741196e+00
-4.64499248454e+00
-4.65821810263e+00
-4.64932008826e+00
-4.66724260453e+00
-4.64948261969e+00
-4.63822454529e+00
-4.65061753734e+00
-4.62502622670e+00
-4.68360012367e+00
-4.62817954284e+00
-4.66765638858e+00
-4.67135442799e+00
-4.64755943424e+00
-4.64782101839e+00
-4.65129111149e+00
-4.66337811777e+00
-4.68619040087e+00
-4.66233548804e+00
-4.63880765920e+00
-4.63794784720e+00
-4.65039588608e+00
-4.64470689264e+00
-4.64482671530e+00
-4.68410832148e+00
-4.67969372610e+00
-4.63309764092e+00
-4.67066769680e+00
-4.64762159281e+00
-4.65421442270e+00
-4.65412986971e+00
-4.65575297234e+00