7.88005231345e+00
8.34336767995e+00
7.97023265469e+00
8.46948573061e+00
7.89315553925e+00
8.15857033229e+00
8.20837500103e+00
8.13870996693e+00
8.22503648959e+00
8.77058926019e+00
8.23691203188e+00
8.51828587511e+00
8.15364327849e+00
7.86521241908e+00
8.27164033552e+00
8.13820267048e+00
8.11189258438e+00
8.20057388895e+00
8.44771182486e+00
7.93237285738e+00
7.75634980131e+00
8.30584866361e+00
8.37801546397e+00
8.58830697098e+00
8.51628901961e+00
8.33207478050e+00
8.44201053581e+00
7.91344901359e+00
7.21543639052e+00
7.95657738629e+00
8.06459621747e+00
8.35080275155e+00
8.23424214159e+00
8.49442120395e+00
8.28893610023e+00
8.45648481044e+00
8.09501345873e+00
8.84062141563e+00
8.07303541515e+00
8.11022053109e+00
7.84042366836e+00
8.84399030082e+00
8.21094377544e+00
8.47802152750e+00
8.27996734901e+00
8.98267294149e+00
8.17623539992e+00
8.32694209583e+00
8.20930896724e+00
7.72546038913e+00
8.06442400497e+00
8.37019638607e+00
8.33847036628e+00
8.17750107746e+00
7.91227118072e+00
8.30733752499e+00
7.35899051361e+00
8.18919792420e+00
7.92451802468e+00
8.08556199953e+00
8.13175502828e+00
7.80336419748e+00
8.45834435203e+00
7.98610250573e+00
8.54601218240e+00
8.29753959328e+00
7.85355144653e+00
8.15375405328e+00
8.42145517207e+00
8.25264416006e+00
8.09108661159e+00
8.18480645477e+00
8.70923683417e+00
7.88735327208e+00
8.29424017239e+00
7.89140927528e+00
7.94190330859e+00
7.59402740563e+00
7.95348385187e+00
8.20076737156e+00
8.33819402833e+00
7.78394328776e+00
7.88721137827e+00
8.55619538163e+00
8.04395508065e+00
8.41171994838e+00
8.06076929910e+00
7.75584243289e+00
8.23891658395e+00
7.80155741571e+00
7.97903248657e+00
8.36817511911e+00
8.80034621981e+00
7.56645269674e+00
8.46495019090e+00
8.12727272081e+00
8.19194661856e+00
8.09049751640e+00
8.95211730070e+00
7.65815710343e+00
8.69943751002e+00
8.32834104413e+00
8.09527310463e+00
8.63989501721e+00
8.20565081130e+00
8.05606173686e+00
8.42827190988e+00
7.84563889688e+00
7.91746989164e+00
8.43351241643e+00
8.44587260783e+00
8.49615268236e+00
8.75161581348e+00
8.54569548965e+00
8.91756299574e+00
8.87964603239e+00
8.14691732078e+00
7.84002444578e+00
7.88340485214e+00
8.35103582922e+00
8.07733793651e+00
7.75858490254e+00
8.00978420158e+00
8.31154383717e+00
8.01576629832e+00
8.52115192789e+00
8.06130810304e+00
8.10166368760e+00
8.59857615499e+00
8.15037412896e+00
7.66737241085e+00
8.81510662357e+00
8.27527496505e+00
8.66165525358e+00
8.08709866132e+00
7.89042968719e+00
7.95931924753e+00
7.92790965877e+00
8.01763294933e+00
8.09300238949e+00
8.18068167378e+00
8.27549727536e+00
8.49527001775e+00
8.50266063848e+00
7.61718688496e+00
7.75414071982e+00
8.39538553400e+00
8.48740087647e+00
8.66371686092e+00
8.73769281703e+00
7.35611145250e+00
8.23092566408e+00
8.41611930385e+00
8.13016970495e+00
7.60673479119e+00
8.25493882799e+00
8.20606890377e+00
8.22723059989e+00
8.28527316059e+00
7.91925740271e+00
8.47895387225e+00
7.99805850939e+00
8.36687799174e+00
8.72549559364e+00
8.19916596147e+00
7.79344058690e+00
8.31346236203e+00
8.12331360309e+00
7.86345036464e+00
8.28280648434e+00
7.71906212824e+00
8.43091977932e+00
7.99342463341e+00
8.32612214263e+00
8.19668799358e+00
8.28904974384e+00
7.74616905267e+00
8.27292901391e+00
8.45698789714e+00
8.51434832999e+00
8.81029602234e+00
8.28313913507e+00
7.93020646799e+00
7.81622904511e+00
8.43894143807e+00
8.16728797164e+00
8.28834231154e+00
7.55884393707e+00
8.04296370911e+00
7.97933937901e+00
8.29718832893e+00
8.03712047805e+00
8.58814372313e+00
8.01958967796e+00
8.75914644767e+00
8.36408333589e+00
8.21741551448e+00
8.75434411005e+00
7.83407097149e+00
7.92716166835e+00
8.15692964526e+00
8.41293648681e+00
8.31195200210e+00
7.95786180028e+00
8.12132337343e+00
8.61588004970e+00
8.75678016312e+00
7.98809947336e+00
8.40114982556e+00
8.13913066782e+00
8.14049659619e+00
8.56370675392e+00
7.35520419339e+00
8.34644038362e+00
8.02819794683e+00
8.12312728394e+00
8.60789371275e+00
7.92458411422e+00
8.10724493524e+00
7.97954811811e+00
8.17008471143e+00
8.37947479800e+00
8.36167725387e+00
7.83424063645e+00
8.38146551850e+00
8.41559827218e+00
8.38606368577e+00
8.34500069917e+00
8.07528708450e+00
7.83423532185e+00
8.03100069867e+00
8.82256416152e+00
8.61318194760e+00
8.47315693101e+00
7.96185231901e+00
8.42444866411e+00
8.22885623851e+00
8.26195833638e+00
8.42053526543e+00
7.88453210926e+00
8.22937728446e+00
8.62229617287e+00
8.41837023039e+00
7.72357905690e+00
8.50141869532e+00
8.36227992997e+00
7.82790288570e+00
8.42807338582e+00
8.55169968173e+00
8.53447811373e+00
8.36653339340e+00
7.98460327671e+00
7.94234563818e+00
8.17521283554e+00
8.45208411890e+00
8.35568490192e+00
8.07960645406e+00
8.04496356423e+00
8.08548277275e+00
8.13753995283e+00
8.08777839458e+00
8.25155947362e+00
8.48943247507e+00
8.86659964265e+00
8.29040055493e+00
7.76024753185e+00
8.29098409192e+00
8.19640967794e+00
8.10323168918e+00
7.75096982672e+00
8.84541308779e+00
8.89200955837e+00
8.30426114795e+00
8.23707853127e+00
8.02667541659e+00
8.50006935959e+00
8.12729213513e+00
8.50975440703e+00
7.89772494853e+00
7.75000860751e+00
8.47000637604e+00
8.21754783301e+00
8.16734560335e+00
7.57881648354e+00
8.46641804358e+00
8.37349253612e+00
8.30830194413e+00
8.30268478566e+00
8.52699409750e+00
7.97729600713e+00
7.76246757440e+00
8.02531627037e+00
7.67867642090e+00
8.06063565430e+00
7.65923371307e+00
8.34035710844e+00
8.18067472875e+00
8.91015502425e+00
8.10755466793e+00
8.59512246655e+00
8.28401272129e+00
8.26648208397e+00
7.98394881630e+00
7.79756288360e+00
7.80990563852e+00
8.83657344886e+00
8.15808541834e+00
7.61753184892e+00
7.95604396391e+00
8.20097812851e+00
8.11342476658e+00
7.90124700958e+00
8.57883135475e+00
8.53715373154e+00
8.05270839669e+00
8.08885776860e+00
8.26156721568e+00
8.40495079075e+00
7.95910389104e+00
8.38748812895e+00
8.23976905974e+00
7.98845326752e+00
8.27423568835e+00
8.18656624550e+00
8.70841104460e+00
8.34918535069e+00
8.47069585533e+00
8.41888845536e+00
7.85607677362e+00
8.30118271191e+00
8.14280668047e+00
8.26955102223e+00
8.45454162730e+00
7.78304960684e+00
8.18408207921e+00
8.03165784358e+00
7.65099758486e+00
8.31088349762e+00
8.05945316571e+00
8.43078430920e+00
8.34566172382e+00
8.37813746942e+00
8.05153780290e+00
8.22741700369e+00
8.10449193863e+00
7.91394534490e+00
8.15531222649e+00
8.43004679177e+00
8.70812704822e+00
8.94344783988e+00
7.94582788071e+00
8.58711335336e+00
7.33782480894e+00
7.94122975286e+00
8.32718285647e+00
8.04012299353e+00
8.62930353913e+00
8.31780495910e+00
8.69552751778e+00
8.43306469772e+00
8.66465968209e+00
7.93246943110e+00
7.90400902619e+00
8.35954483878e+00
7.95116012612e+00
8.25565554381e+00
8.23000751641e+00
8.45575391704e+00
7.97357513253e+00
8.46995732536e+00
7.74909072437e+00
8.33297427790e+00
8.08521542362e+00
8.11232717599e+00
8.37845939839e+00
8.01400981378e+00
8.88266435756e+00
7.94836485866e+00
7.95819801105e+00
8.44411541804e+00
8.21564437073e+00
8.49876552606e+00
7.30195676081e+00
8.06703899778e+00
7.80362389199e+00
8.29578568499e+00
7.40457899794e+00
8.44546083275e+00
8.35452680337e+00
8.64577765129e+00
7.95715804174e+00
7.99584219196e+00
8.89747928824e+00
8.18217223018e+00
8.21759841225e+00
8.26053020916e+00
8.02967101824e+00
8.77762928722e+00
7.95584370469e+00
8.52643245063e+00
7.80573227594e+00
8.79824275462e+00
7.90920807046e+00
8.00007134075e+00
8.20140793063e+00
7.77369250811e+00
8.35504752536e+00
8.04723192529e+00
8.03540846915e+00
7.81178183861e+00
7.92941090446e+00
7.90508903617e+00
7.91705503105e+00
8.66976103952e+00
7.76672483471e+00
8.37151611356e+00
8.89120057153e+00
8.52697082812e+00
8.13070412921e+00
7.72425917043e+00
8.52026286619e+00
8.01538750414e+00
8.12734650666e+00
8.48668796070e+00
8.63475404457e+00
8.12259117634e+00
8.46481326102e+00
7.90436274771e+00
8.05007869869e+00
8.55088324840e+00
8.29459135873e+00
8.88813884180e+00
8.31599071486e+00
8.29819441075e+00
7.93163675440e+00
7.91386903151e+00
8.01073231721e+00
7.88408896638e+00
7.70600107379e+00
7.81328415235e+00
7.86962571852e+00
7.80374807582e+00
8.30599246731e+00
7.68793996022e+00
8.07148992268e+00
8.62102918592e+00
8.45401327910e+00
8.80355326553e+00
7.91315272410e+00
9.12943239254e+00
8.14924849850e+00
7.95259940948e+00
8.32248470438e+00
8.62560152167e+00
8.62357978865e+00
8.08161674511e+00
8.29139449457e+00
8.56609211080e+00
8.52751167957e+00
8.06785622918e+00
8.55710643065e+00
7.93867838251e+00
8.45233424634e+00
8.91853712138e+00
8.74714873080e+00
7.99526897063e+00
8.69091812129e+00
8.37596245315e+00
8.62925844791e+00
8.42029204073e+00
8.15937088780e+00
8.09959961835e+00
7.89253146918e+00
8.03103632287e+00
8.26860043505e+00
7.60217984511e+00
8.82688331608e+00
7.81586174467e+00
8.17778252727e+00
8.46036991006e+00
7.94621062722e+00
8.40387954191e+00
8.79415739734e+00
7.95370896211e+00
7.91098129046e+00
8.63779694480e+00
8.77130397223e+00
8.17513476533e+00
8.56879283051e+00
8.13188639904e+00
8.54386611547e+00
8.48086296505e+00
8.72942127730e+00
8.39986251834e+00
8.31200180805e+00
8.26695376455e+00
8.51910486086e+00
8.36860430288e+00
8.15201076027e+00
8.34821120631e+00
8.22526577849e+00