9.15803701147e+00
8.43361177033e+00
9.24471227489e+00
7.86932354159e+00
8.25545429170e+00
8.55601787322e+00
8.43283929663e+00
8.64443755057e+00
9.18297296671e+00
7.73264492621e+00
8.78521031534e+00
7.88827266904e+00
7.69781774317e+00
8.98150083800e+00
9.27237055431e+00
7.77668577811e+00
8.81687285008e+00
8.52565511873e+00
8.60485948499e+00
9.08937036618e+00
8.37970142846e+00
8.37238024310e+00
9.26303403015e+00
7.80449822932e+00
7.82083307028e+00
8.58204370778e+00
8.75955206685e+00
8.79104247848e+00
9.45454664561e+00
8.29848528081e+00
8.40433566020e+00
7.84046147582e+00
7.71708466372e+00
8.28230005299e+00
8.22627018370e+00
9.18985070034e+00
9.49069308563e+00
7.55315528986e+00
8.15182340160e+00
8.61501331074e+00
8.26566987886e+00
7.36190944431e+00
8.72300596373e+00
8.36879544548e+00
8.26620842020e+00
8.39642568835e+00
8.39789743349e+00
8.61597026615e+00
8.56674561891e+00
8.35291562801e+00
8.01988910739e+00
8.88195398978e+00
8.25289718698e+00
8.52856561552e+00
8.01383930841e+00
7.63017014067e+00
8.33045806749e+00
8.98611533079e+00
8.02529455906e+00
8.40778047871e+00
9.09420723870e+00
8.16469898360e+00
8.82011606135e+00
7.82423114977e+00
9.01482149999e+00
8.88454732095e+00
8.61752689206e+00
7.57308417361e+00
8.75455113979e+00
9.01804202208e+00
8.19852220326e+00
8.29156871855e+00
8.52137407013e+00
8.18307007507e+00
8.73857280234e+00
8.51184361588e+00
8.80342142162e+00
8.74090973112e+00
7.99874528405e+00
8.12072296938e+00
8.36571206437e+00
9.12675164041e+00
8.99477968859e+00
8.24846543745e+00
7.98524442512e+00
8.33333844765e+00
8.84279488268e+00
8.60317572940e+00
8.19701690023e+00
8.92690977077e+00
9.07695134901e+00
8.65681495798e+00
8.07367580753e+00
8.11842856710e+00
8.91648357324e+00
7.88620984014e+00
8.44364653118e+00
8.50853575602e+00
7.96457049864e+00
8.20153890485e+00
8.89462489609e+00
8.32932096947e+00
8.77179590710e+00
8.15846731795e+00
8.76889200278e+00
8.57583277253e+00
7.87842600299e+00
8.51072415709e+00
8.60601579783e+00
7.56873433687e+00
8.95431192282e+00
8.28192757567e+00
7.99072816365e+00
7.72072922942e+00
9.39879941281e+00
8.17608890763e+00
8.72893580937e+00
7.80068656371e+00
8.81893708686e+00
8.20599685977e+00
8.18123638943e+00
8.04811541520e+00
8.13975364990e+00
8.52333312155e+00
8.43780830530e+00
8.26065528677e+00
9.16187407780e+00
7.72739011863e+00
8.22393854142e+00
8.24365431498e+00
8.62003255597e+00
8.91297649970e+00
8.68558935545e+00
7.21868256153e+00
9.12700933616e+00
9.86818173555e+00
8.79807002372e+00
8.91229931274e+00
7.72369610469e+00
8.19134149171e+00
8.75025585067e+00
8.08175776976e+00
8.83508098444e+00
9.26307269327e+00
8.82137394973e+00
8.70895962269e+00
8.39414003203e+00
8.52655545565e+00
8.02615252327e+00
7.73695081087e+00
8.87127219503e+00
9.01441003218e+00
8.22047353070e+00
9.01482040294e+00
8.27217655333e+00
8.06997940685e+00
9.12606414827e+00
8.29117697420e+00
9.59485961039e+00
8.52067215989e+00
8.87442264851e+00
8.23415562973e+00
8.02027974714e+00
7.85117379965e+00
7.97794579613e+00
8.47549042592e+00
8.18971038905e+00
8.62416233111e+00
7.77954305711e+00
7.82003356035e+00
7.91639669248e+00
8.08805673054e+00
8.21653898169e+00
8.47629918380e+00
7.68701951696e+00
8.45636527208e+00
8.77221773237e+00
8.02354200129e+00
8.00013040477e+00
7.98593447667e+00
8.88452177596e+00
8.57789402543e+00
9.43997013226e+00
8.74823889239e+00
8.33873160177e+00
8.59490367467e+00
8.29527215104e+00
9.18146614735e+00
7.93789508041e+00
7.64352330940e+00
8.32465920688e+00
9.31977167925e+00
8.28480036556e+00
7.97010615117e+00
8.63383902245e+00
8.41283796027e+00
8.17564414858e+00
8.63740105556e+00
9.04904051523e+00
7.86465944898e+00
7.84411270086e+00
8.49380151209e+00
8.39890879063e+00
7.53669738878e+00
7.89572330959e+00
8.01234383310e+00
8.17395615187e+00
8.98492591794e+00
7.73771509710e+00
7.94229413860e+00
7.36168561604e+00
8.05456474725e+00
8.93393777000e+00
8.64972785337e+00
8.45361438331e+00
9.00752742360e+00
8.51578873472e+00
8.35684561018e+00
8.86609046501e+00
9.45588339817e+00
7.90834500335e+00
8.14981636602e+00
8.01573478444e+00
9.05121270934e+00
7.79026717726e+00
7.69408965076e+00
8.03108244824e+00
8.36622484928e+00
8.88680337075e+00
1.00106804203e+01
7.80118610040e+00
7.58757234992e+00
7.48985335192e+00
8.48800709916e+00
8.81840289875e+00
8.77513328535e+00
8.80567321962e+00
8.67656911687e+00
7.46006697907e+00
9.42716140301e+00
8.80312357864e+00
8.45110190607e+00
8.84549996858e+00
8.55356391295e+00
9.29600185392e+00
8.44077438529e+00
8.26165933371e+00
9.19131244782e+00
9.56832960952e+00
8.52508219268e+00
7.89587459661e+00
8.46109587017e+00
8.67820563666e+00
7.91976309358e+00
9.01840164214e+00
8.29277660736e+00
8.82209841392e+00
8.95863711119e+00
7.85554085948e+00
7.47818079209e+00
7.48133502089e+00
9.04916735197e+00
7.91739057941e+00
8.44585440093e+00
7.89506825240e+00
8.36204136379e+00
9.06065863363e+00
7.77563507801e+00
8.04951320030e+00
7.58171753915e+00
8.40582285574e+00
7.31505956450e+00
8.47719306445e+00
9.67941046186e+00
7.95230819273e+00
9.14217570397e+00
9.09397220776e+00
8.42870058318e+00
7.38373132476e+00
8.04800507615e+00
8.66309827875e+00
8.10933641274e+00
8.79678386799e+00
8.38822591513e+00
8.27679774941e+00
8.47855609291e+00
9.38691576881e+00
9.33451649664e+00
8.57381207959e+00
9.02521824941e+00
8.82144758961e+00
8.49464699839e+00
8.68871996262e+00
8.40000774724e+00
8.13957228190e+00
8.62330268051e+00
8.51072712780e+00
8.16677132103e+00
7.41320936800e+00
7.72762633565e+00
8.99525499661e+00
8.73095539771e+00
8.60727855173e+00
8.54178144683e+00
9.28443022735e+00
8.07899219474e+00
9.03649798171e+00
8.85007946940e+00
7.70576190506e+00
8.01189565946e+00
8.26549545345e+00
8.73235164007e+00
8.03596723653e+00
9.07146245155e+00
9.11139895679e+00
8.51370462253e+00
8.71677354640e+00
8.75782193136e+00
9.09511803925e+00
8.50206962949e+00
8.01800692297e+00
7.29560523487e+00
8.74008425603e+00
7.01816348385e+00
8.22458412991e+00
8.02426870454e+00
8.00624551448e+00
7.72448713081e+00
8.40253716832e+00
8.26949033450e+00
8.64688903565e+00
8.35618223215e+00
7.67138522247e+00
8.80083763146e+00
8.12453749154e+00
8.48839825200e+00
8.25985956823e+00
8.48040029049e+00
8.86555119600e+00
7.03227060097e+00
8.05902299127e+00
8.55012362584e+00
8.83907034435e+00
8.66964772663e+00
8.84713307187e+00
8.44390908884e+00
8.37674898008e+00
8.52420935035e+00
7.98348793850e+00
7.94583924268e+00
8.21171488094e+00
8.16771628425e+00
8.24924332030e+00
8.18437785863e+00
1.00609052834e+01
9.09418796216e+00
8.14599760634e+00
8.33488553426e+00
8.40551626717e+00
9.02734434316e+00
9.20499335266e+00
8.60122279094e+00
8.67346843830e+00
8.13775435238e+00
9.23065269195e+00
8.66571806697e+00
8.78854230313e+00
9.09022065957e+00
8.42765063886e+00
8.35776580651e+00
8.31657645718e+00
8.28523781162e+00
8.32640936571e+00
8.51333355583e+00
8.11671756535e+00
9.14089259146e+00
7.10459342315e+00
8.06619674446e+00
8.80541298476e+00
9.25842115390e+00
8.31793554529e+00
8.40357389982e+00
8.84818904221e+00
8.55623274372e+00
7.31152777101e+00
7.86153475929e+00
8.58728308932e+00
8.94056163927e+00
7.99016951168e+00
8.10791293346e+00
9.23454326785e+00
8.92528219101e+00
8.61525641804e+00
8.21577988803e+00
8.83012745153e+00
9.07312524326e+00
8.27310030798e+00
9.01702228580e+00
9.26160797863e+00
8.31384921079e+00
7.97684956689e+00
8.07381907833e+00
8.65165831640e+00
8.37020160436e+00
8.72149775366e+00
9.15221884990e+00
8.24374759491e+00
8.28300038515e+00
8.62268251210e+00
9.25544232805e+00
8.49384145900e+00
8.52490961842e+00
8.47930179590e+00
9.58122079934e+00
7.83235062884e+00
8.29986781106e+00
8.35250263627e+00
8.69810760794e+00
8.87531157019e+00
8.37059056405e+00
8.88700552681e+00
7.99879273192e+00
8.45514676122e+00
8.18062773438e+00
8.23814242463e+00
8.41619226144e+00
8.01486972647e+00
7.36079324194e+00
8.17760457241e+00
8.59686610282e+00
8.16456006022e+00
8.50022447172e+00
7.27188995256e+00
8.40724117155e+00
7.96298714112e+00
7.46842723073e+00
8.96868948201e+00
8.07620069697e+00
8.17085056129e+00
9.29622197392e+00
8.11630468339e+00
8.30943572626e+00
8.83457034208e+00
8.63799012398e+00
9.13477591176e+00
8.55113184201e+00
8.83301657903e+00
8.71561734766e+00
7.79641628382e+00
8.20844713098e+00
7.51078072302e+00
8.34291089398e+00
8.20326098476e+00
7.85349784017e+00
8.10765784295e+00
8.17726458402e+00
7.43906311842e+00
8.18667813648e+00
7.78259634174e+00
9.12829962245e+00
8.93148949702e+00
8.65007903379e+00
8.41660186501e+00
8.55127602597e+00
8.50566929039e+00
9.14877234871e+00
7.49971465031e+00
8.41600813054e+00
8.28948019592e+00
8.58588612636e+00
7.09055715539e+00
8.72081905504e+00
8.49644378590e+00
8.19272532420e+00
8.35214934239e+00
8.54700301064e+00
7.99011944995e+00
8.66954902412e+00
8.00258553851e+00
8.31530254163e+00
8.55465521915e+00
8.21211345681e+00
8.73400144516e+00
7.99340848055e+00
9.57235857318e+00
9.11413337964e+00
8.19263388135e+00
9.33821421042e+00
9.25679963382e+00
8.58335245251e+00
8.00548235330e+00
8.22897232681e+00
8.80441225287e+00
8.84077022042e+00
7.12713770966e+00
9.69106130646e+00
8.32913721450e+00
8.94945993262e+00
8.23677596860e+00
7.77559764411e+00
8.45235078881e+00