1.10376019587e+00
1.10265821075e+00
1.10294793804e+00
1.10457827288e+00
1.10294660131e+00
1.10289191249e+00
1.10261054485e+00
1.10309860401e+00
1.10328213904e+00
1.10401992267e+00
1.10354194343e+00
1.10427015185e+00
1.10371085709e+00
1.10357797484e+00
1.10295223472e+00
1.10345284018e+00
1.10330755862e+00
1.10364132465e+00
1.10302517913e+00
1.10339634030e+00
1.10353185322e+00
1.10286318469e+00
1.10286305529e+00
1.10250177676e+00
1.10364490254e+00
1.10335453343e+00
1.10388822031e+00
1.10363154124e+00
1.10246312630e+00
1.10371204828e+00
1.10381979086e+00
1.10231796767e+00
1.10353207942e+00
1.10259468512e+00
1.10301492468e+00
1.10337861434e+00
1.10322021102e+00
1.10302233191e+00
1.10283395314e+00
1.10289091827e+00
1.10244753346e+00
1.10238845813e+00
1.10261941441e+00
1.10365399947e+00
1.10330869396e+00
1.10374156906e+00
1.10414527276e+00
1.10357439866e+00
1.10430247114e+00
1.10299807493e+00
1.10366885928e+00
1.10430917246e+00
1.10293790207e+00
1.10370057835e+00
1.10378414666e+00
1.10326780491e+00
1.10355753101e+00
1.10253743040e+00
1.10326615223e+00
1.10227410119e+00
1.10335697830e+00
1.10301690119e+00
1.10410957020e+00
1.10309904584e+00
1.10307298372e+00
1.10255801074e+00
1.10355496351e+00
1.10385344164e+00
1.10316948350e+00
1.10241394329e+00
1.10407142802e+00
1.10260570905e+00
1.10375108315e+00
1.10263769737e+00
1.10230524862e+00
1.10482478821e+00
1.10358745384e+00
1.10296802073e+00
1.10474190030e+00
1.10277424104e+00
1.10310260332e+00
1.10297658077e+00
1.10310415437e+00
1.10364371715e+00
1.10338246220e+00
1.10272731807e+00
1.10340365458e+00
1.10324637395e+00
1.10271684841e+00
1.10409113416e+00
1.10319817308e+00
1.10326984521e+00
1.10444277449e+00
1.10436401736e+00
1.10309309269e+00
1.10353835310e+00
1.10369713987e+00
1.10385217794e+00
1.10437590295e+00
1.10417928193e+00
1.10356549496e+00
1.10311275539e+00
1.10359781308e+00
1.10364334634e+00
1.10329067542e+00
1.10319015935e+00
1.10331174244e+00
1.10276776163e+00
1.10315550250e+00
1.10292793373e+00
1.10260756257e+00
1.10267171309e+00
1.10349817561e+00
1.10402163513e+00
1.10366986152e+00
1.10412159112e+00
1.10228343095e+00
1.10343387060e+00
1.10354532903e+00
1.10392733833e+00
1.10401452841e+00
1.10318146678e+00
1.10295602883e+00
1.10394957950e+00
1.10290092152e+00
1.10419680645e+00
1.10384741181e+00
1.10347403191e+00
1.10364665704e+00
1.10379320308e+00
1.10287104852e+00
1.10387880134e+00
1.10408898079e+00
1.10346800933e+00
1.10418111097e+00
1.10326869879e+00
1.10371748639e+00
1.10377410025e+00
1.10190255993e+00
1.10400966679e+00
1.10384737159e+00
1.10258774194e+00
1.10313551165e+00
1.10292451784e+00
1.10338757383e+00
1.10312077301e+00
1.10313805115e+00
1.10361841743e+00
1.10298637295e+00
1.10347344632e+00
1.10309689595e+00
1.10368166108e+00
1.10367753826e+00
1.10362767153e+00
1.10291379963e+00
1.10303136620e+00
1.10237752791e+00
1.10370154324e+00
1.10438149295e+00
1.10386033786e+00
1.10367122373e+00
1.10294001232e+00
1.10238000246e+00
1.10412194059e+00
1.10284763047e+00
1.10463867611e+00
1.10315971012e+00
1.10354235147e+00
1.10374668216e+00
1.10239560654e+00
1.10349027138e+00
1.10240949313e+00
1.10363229565e+00
1.10284318203e+00
1.10447707424e+00
1.10426561557e+00
1.10309356483e+00
1.10339973784e+00
1.10341578778e+00
1.10394585506e+00
1.10272214671e+00
1.10307008910e+00
1.10312845757e+00
1.10326238068e+00
1.10201131720e+00
1.10383618678e+00
1.10415644596e+00
1.10190087843e+00
1.10350141847e+00
1.10307652300e+00
1.10333786233e+00
1.10252586011e+00
1.10235286591e+00
1.10342165159e+00
1.10389791427e+00
1.10483063506e+00
1.10359797151e+00
1.10317284504e+00
1.10206336862e+00
1.10309167313e+00
1.10353646402e+00
1.10255300139e+00
1.10249182263e+00
1.10144976779e+00
1.10215544054e+00
1.10290395540e+00
1.10236625528e+00
1.10266730288e+00
1.10313856806e+00
1.10403726400e+00
1.10409432749e+00
1.10364128186e+00
1.10328086977e+00
1.10465879018e+00
1.10351346146e+00
1.10256739687e+00
1.10296853751e+00
1.10304074733e+00
1.10228117444e+00
1.10340999065e+00
1.10294798458e+00
1.10321806131e+00
1.10359741214e+00
1.10328226855e+00
1.10469421510e+00
1.10405956659e+00
1.10303536729e+00
1.10340039958e+00
1.10306274071e+00
1.10346481219e+00
1.10344839527e+00
1.10307728303e+00
1.10267194239e+00
1.10320020342e+00
1.10308464084e+00
1.10482171199e+00
1.10263904407e+00
1.10393001632e+00
1.10342460402e+00
1.10343091838e+00
1.10384566190e+00
1.10301250987e+00
1.10372454145e+00
1.10309311781e+00
1.10253611445e+00
1.10395301455e+00
1.10349317932e+00
1.10339664115e+00
1.10287820964e+00
1.10383217578e+00
1.10278308566e+00
1.10248565610e+00
1.10401549468e+00
1.10290092405e+00
1.10399154178e+00
1.10422097547e+00
1.10242711296e+00
1.10435811823e+00
1.10288954510e+00
1.10260370478e+00
1.10358786364e+00
1.10322970287e+00
1.10346603330e+00
1.10289717463e+00
1.10313293217e+00
1.10282078047e+00
1.10287069872e+00
1.10423193196e+00
1.10256436713e+00
1.10376619323e+00
1.10321557337e+00
1.10324532507e+00
1.10397403318e+00
1.10308243904e+00
1.10394191474e+00
1.10235690127e+00
1.10380939935e+00
1.10337785308e+00
1.10384519995e+00
1.10259421762e+00
1.10473430856e+00
1.10444684790e+00
1.10242317425e+00
1.10411516630e+00
1.10267546540e+00
1.10216918139e+00
1.10383646980e+00
1.10282076474e+00
1.10363786999e+00
1.10272748165e+00
1.10295961355e+00
1.10304390323e+00
1.10344801241e+00
1.10326442270e+00
1.10256072208e+00
1.10372448588e+00
1.10355902025e+00
1.10424969121e+00
1.10379957798e+00
1.10315754716e+00
1.10312363021e+00
1.10359621271e+00
1.10331307828e+00
1.10334921393e+00
1.10454799966e+00
1.10353169323e+00
1.10394191496e+00
1.10340068071e+00
1.10315986326e+00
1.10367972680e+00
1.10348829765e+00
1.10273892825e+00
1.10243438278e+00
1.10330471737e+00
1.10445545243e+00
1.10320239215e+00
1.10343812653e+00
1.10288811638e+00
1.10323101806e+00
1.10326987676e+00
1.10340966762e+00
1.10416122624e+00
1.10299159846e+00
1.10373271945e+00
1.10438580811e+00
1.10313030125e+00
1.10266262354e+00
1.10349381633e+00
1.10230686953e+00
1.10310869045e+00
1.10345689066e+00
1.10256934003e+00
1.10389185961e+00
1.10282903156e+00
1.10308100538e+00
1.10205639181e+00
1.10314131159e+00
1.10340631140e+00
1.10220130049e+00
1.10249471393e+00
1.10342398080e+00
1.10459551948e+00
1.10257063508e+00
1.10372786584e+00
1.10155618746e+00
1.10360299016e+00
1.10431319328e+00
1.10415956039e+00
1.10325414187e+00
1.10313548395e+00
1.10328283562e+00
1.10389550637e+00
1.10305096530e+00
1.10460195896e+00
1.10342541032e+00
1.10322349548e+00
1.10296115305e+00
1.10247699978e+00
1.10356302697e+00
1.10335221374e+00
1.10327345142e+00
1.10317035853e+00
1.10309943044e+00
1.10385998315e+00
1.10331150622e+00
1.10383332767e+00
1.10341232159e+00
1.10370693743e+00
1.10280204928e+00
1.10310406370e+00
1.10335684335e+00
1.10371117356e+00
1.10330427677e+00
1.10343229534e+00
1.10320729670e+00
1.10271561093e+00
1.10384017246e+00
1.10312754349e+00
1.10425087121e+00
1.10350533037e+00
1.10407120443e+00
1.10320557513e+00
1.10367646161e+00
1.10288066149e+00
1.10276988977e+00
1.10365477570e+00
1.10337716516e+00
1.10328331133e+00
1.10303194819e+00
1.10391794526e+00
1.10246986187e+00
1.10279499587e+00
1.10253536680e+00
1.10403251844e+00
1.10406976659e+00
1.10248655650e+00
1.10374190323e+00
1.10518053110e+00
1.10224760881e+00
1.10294330243e+00
1.10332057970e+00
1.10279392219e+00
1.10424852305e+00
1.10292038663e+00
1.10319937955e+00
1.10288056626e+00
1.10348521695e+00
1.10332072938e+00
1.10344308564e+00
1.10278853634e+00
1.10287335940e+00
1.10371066391e+00
1.10351569366e+00
1.10242284544e+00
1.10349436846e+00
1.10317448059e+00
1.10330357502e+00
1.10444867644e+00
1.10382999070e+00
1.10315217429e+00
1.10369411983e+00
1.10447458533e+00
1.10265665550e+00
1.10418239027e+00
1.10365355875e+00
1.10297906042e+00
1.10399029330e+00
1.10284118148e+00
1.10467684807e+00
1.10310384337e+00
1.10316051069e+00
1.10266395010e+00
1.10292943393e+00
1.10311715832e+00
1.10209332913e+00
1.10402500522e+00
1.10263478183e+00
1.10313339590e+00
1.10357040871e+00
1.10454474186e+00
1.10394022103e+00
1.10341233240e+00
1.10362691345e+00
1.10313282614e+00
1.10398092555e+00
1.10377271874e+00
1.10400659447e+00
1.10338641568e+00
1.10439185155e+00
1.10383575136e+00
1.10347661067e+00
1.10294413155e+00
1.10335184221e+00
1.10303277751e+00
1.10227634853e+00
1.10426349034e+00
1.10381408215e+00
1.10219437336e+00
1.10307949529e+00
1.10336211013e+00
1.10374313240e+00
1.10347238253e+00
1.10414546735e+00
1.10352446642e+00
1.10413665474e+00
1.10325932267e+00
1.10357633087e+00
1.10355447772e+00
1.10386536211e+00
1.10342381054e+00
1.10433216530e+00
1.10280740153e+00
1.10274938295e+00
1.10453275893e+00
1.10297381079e+00
1.10284236740e+00
1.10402800415e+00
1.10376359262e+00
1.10238515465e+00
1.10374012337e+00
1.10257915907e+00
1.10279196592e+00
1.10400099940e+00
1.10232230937e+00
1.10291419900e+00
1.10395164026e+00
1.10349360604e+00
1.10276412086e+00
1.10444576369e+00
1.10370217205e+00
1.10272417291e+00
1.10300014577e+00
1.10359425663e+00
1.10362938003e+00
1.10343593988e+00
1.10348486575e+00
1.10353278107e+00
1.10297547106e+00
1.10197843076e+00
1.10355445261e+00
1.10335705033e+00