-2.47862746385e+00
-2.47645933864e+00
-2.47491544901e+00
-2.48051316964e+00
-2.47483583460e+00
-2.47633635472e+00
-2.47550614850e+00
-2.47752252794e+00
-2.47661627000e+00
-2.47810062010e+00
-2.47745883940e+00
-2.47875318268e+00
-2.47923196742e+00
-2.47752796366e+00
-2.47633663683e+00
-2.47678203082e+00
-2.47551734754e+00
-2.47680761367e+00
-2.47774462634e+00
-2.47817577483e+00
-2.47732917064e+00
-2.47552972082e+00
-2.47582519968e+00
-2.47554569503e+00
-2.47755543837e+00
-2.47547628558e+00
-2.47761995461e+00
-2.47822718991e+00
-2.47481523452e+00
-2.47703977696e+00
-2.47808398876e+00
-2.47624048413e+00
-2.47769163009e+00
-2.47528881623e+00
-2.47626885323e+00
-2.47636383309e+00
-2.47691069290e+00
-2.47531110891e+00
-2.47568455892e+00
-2.47605096041e+00
-2.47527737143e+00
-2.47422914840e+00
-2.47654207437e+00
-2.47742035769e+00
-2.47700962116e+00
-2.47746827129e+00
-2.47874810154e+00
-2.47706060847e+00
-2.47887132719e+00
-2.47585680871e+00
-2.47694849218e+00
-2.48118885739e+00
-2.47406969587e+00
-2.47837533780e+00
-2.47825818297e+00
-2.47714709308e+00
-2.47829138714e+00
-2.47614735899e+00
-2.47805036004e+00
-2.47538106288e+00
-2.47574744708e+00
-2.47700661802e+00
-2.47655420402e+00
-2.47619472247e+00
-2.47606527192e+00
-2.47538683314e+00
-2.47684313197e+00
-2.47980629399e+00
-2.47622603431e+00
-2.47670253787e+00
-2.47760703751e+00
-2.47579732347e+00
-2.47755766196e+00
-2.47547709039e+00
-2.47531317532e+00
-2.47976047254e+00
-2.47819519657e+00
-2.47727298255e+00
-2.47911972110e+00
-2.47492724145e+00
-2.47600598262e+00
-2.47648104990e+00
-2.47400562904e+00
-2.47685499448e+00
-2.47787610420e+00
-2.47785971308e+00
-2.47766622137e+00
-2.47837694032e+00
-2.47609910709e+00
-2.48022333022e+00
-2.47595636016e+00
-2.47634073188e+00
-2.47755928899e+00
-2.47917585246e+00
-2.47589401644e+00
-2.47671183965e+00
-2.47706813750e+00
-2.47777502684e+00
-2.47946631544e+00
-2.47808911418e+00
-2.47753335497e+00
-2.47604950499e+00
-2.47747145144e+00
-2.47817494558e+00
-2.47589517153e+00
-2.47806064882e+00
-2.47887612190e+00
-2.47526839209e+00
-2.47766760108e+00
-2.47413647304e+00
-2.47580632167e+00
-2.47555076242e+00
-2.47704822493e+00
-2.47891259483e+00
-2.47656666479e+00
-2.48071645871e+00
-2.47408680940e+00
-2.47778295715e+00
-2.47731652755e+00
-2.47811017134e+00
-2.47596618156e+00
-2.47622010251e+00
-2.47377682386e+00
-2.47972721260e+00
-2.47559947880e+00
-2.47919601329e+00
-2.47809630316e+00
-2.47912362987e+00
-2.47746179273e+00
-2.47973932788e+00
-2.47421482449e+00
-2.48019198362e+00
-2.47959422367e+00
-2.47803114769e+00
-2.48036615394e+00
-2.47833649016e+00
-2.47866152355e+00
-2.47742123071e+00
-2.47391715583e+00
-2.47620933696e+00
-2.47680195810e+00
-2.47552448445e+00
-2.47530207505e+00
-2.47591911521e+00
-2.47606748034e+00
-2.47550344416e+00
-2.47692691368e+00
-2.47664113691e+00
-2.47642908469e+00
-2.47827315966e+00
-2.47668534452e+00
-2.47688387723e+00
-2.47735113239e+00
-2.47793747615e+00
-2.47670961080e+00
-2.47753889942e+00
-2.47248947465e+00
-2.47781907987e+00
-2.48019452353e+00
-2.47630577630e+00
-2.47711336879e+00
-2.47550900649e+00
-2.47457580519e+00
-2.47858729426e+00
-2.47667768431e+00
-2.48007199524e+00
-2.47711204194e+00
-2.47743643890e+00
-2.47801683215e+00
-2.47453521139e+00
-2.47805013397e+00
-2.47617195745e+00
-2.47729610857e+00
-2.47579747157e+00
-2.47972068717e+00
-2.48056071866e+00
-2.47657827989e+00
-2.47664299727e+00
-2.47533707883e+00
-2.47700500395e+00
-2.47601561193e+00
-2.47587688227e+00
-2.47560463443e+00
-2.47717875731e+00
-2.47401159330e+00
-2.47772772631e+00
-2.47969867476e+00
-2.47335334622e+00
-2.47610989313e+00
-2.47681866734e+00
-2.47716370065e+00
-2.47589298101e+00
-2.47583076889e+00
-2.47573444421e+00
-2.47652494966e+00
-2.47975521094e+00
-2.47734432349e+00
-2.47640741512e+00
-2.47406427178e+00
-2.47593112038e+00
-2.47713004081e+00
-2.47540934439e+00
-2.47691152373e+00
-2.47482396333e+00
-2.47444290128e+00
-2.47627759557e+00
-2.47534671301e+00
-2.47516478739e+00
-2.47551135541e+00
-2.47945739945e+00
-2.47905448104e+00
-2.47730557136e+00
-2.47638677002e+00
-2.47741984596e+00
-2.47745105286e+00
-2.47525816508e+00
-2.47576111965e+00
-2.47844873662e+00
-2.47465080623e+00
-2.47692563592e+00
-2.47513947021e+00
-2.47709998954e+00
-2.47552051710e+00
-2.47608442180e+00
-2.47952777995e+00
-2.47831741494e+00
-2.47462407902e+00
-2.47727806724e+00
-2.47545570948e+00
-2.47580393767e+00
-2.47571324482e+00
-2.47694524286e+00
-2.47663367675e+00
-2.47550325335e+00
-2.47670664454e+00
-2.48189841947e+00
-2.47614465714e+00
-2.47794007610e+00
-2.47562434144e+00
-2.47663712887e+00
-2.47942401732e+00
-2.47438825610e+00
-2.47666737076e+00
-2.47707417747e+00
-2.47508948067e+00
-2.48010962811e+00
-2.47747949282e+00
-2.47763202319e+00
-2.47638450854e+00
-2.47866636513e+00
-2.47580125656e+00
-2.47610707485e+00
-2.47920959274e+00
-2.47588867104e+00
-2.47744522514e+00
-2.47891447081e+00
-2.47509998001e+00
-2.48016619756e+00
-2.47749141885e+00
-2.47434466441e+00
-2.47782117372e+00
-2.47809518558e+00
-2.47571278354e+00
-2.47558719422e+00
-2.47765344561e+00
-2.47635952680e+00
-2.47616729764e+00
-2.47774776652e+00
-2.47721427135e+00
-2.47880119309e+00
-2.47698440207e+00
-2.47676228472e+00
-2.47624553449e+00
-2.47689930155e+00
-2.47882852368e+00
-2.47487886218e+00
-2.47604940318e+00
-2.47748025565e+00
-2.47842585503e+00
-2.47416924057e+00
-2.47998987394e+00
-2.47998138508e+00
-2.47372340519e+00
-2.47822906196e+00
-2.47735458985e+00
-2.47374530447e+00
-2.47829683401e+00
-2.47740657999e+00
-2.47795057224e+00
-2.47387055337e+00
-2.47519119191e+00
-2.47553178345e+00
-2.47671810394e+00
-2.47701433501e+00
-2.47604359337e+00
-2.47936439875e+00
-2.47720537594e+00
-2.47871141336e+00
-2.47692738773e+00
-2.47595544559e+00
-2.47626188091e+00
-2.47789846020e+00
-2.47810992249e+00
-2.47811489080e+00
-2.47986816626e+00
-2.47710140885e+00
-2.47898015050e+00
-2.47517064393e+00
-2.47558138631e+00
-2.47693766801e+00
-2.47624670364e+00
-2.47531447949e+00
-2.47667620077e+00
-2.47759103523e+00
-2.47878761867e+00
-2.47860507265e+00
-2.47801206492e+00
-2.47644559208e+00
-2.47707721944e+00
-2.47709541702e+00
-2.47626821041e+00
-2.47887431909e+00
-2.47647130211e+00
-2.47670764618e+00
-2.47939091633e+00
-2.47674350155e+00
-2.47838210252e+00
-2.47570805812e+00
-2.47574197506e+00
-2.47685523902e+00
-2.47866866761e+00
-2.47701968226e+00
-2.47721431407e+00
-2.47461247384e+00
-2.47707078304e+00
-2.47367210041e+00
-2.47624530428e+00
-2.47632760086e+00
-2.47421740633e+00
-2.47633521819e+00
-2.47701478909e+00
-2.47878322239e+00
-2.47588256477e+00
-2.47774973832e+00
-2.47209735889e+00
-2.47580413235e+00
-2.47698975205e+00
-2.47698906984e+00
-2.47615542366e+00
-2.47530968109e+00
-2.47738761718e+00
-2.47859481314e+00
-2.47654157976e+00
-2.48075804956e+00
-2.47892297507e+00
-2.47637066925e+00
-2.47556596346e+00
-2.47623351164e+00
-2.47790493886e+00
-2.47729650480e+00
-2.47699636157e+00
-2.47722835805e+00
-2.47608445605e+00
-2.47787389684e+00
-2.47665196693e+00
-2.47634670686e+00
-2.47715501850e+00
-2.47674303822e+00
-2.47849840923e+00
-2.47555443270e+00
-2.47762674652e+00
-2.47757215742e+00
-2.47856364494e+00
-2.47755903783e+00
-2.47672630155e+00
-2.47560306490e+00
-2.47810375285e+00
-2.47654941660e+00
-2.47873069367e+00
-2.47687620258e+00
-2.47691769590e+00
-2.47737740570e+00
-2.47941505164e+00
-2.47572352677e+00
-2.47443632030e+00
-2.47724602172e+00
-2.47655531134e+00
-2.47664970188e+00
-2.47769987177e+00
-2.47894628142e+00
-2.47595856104e+00
-2.47683998126e+00
-2.47688103078e+00
-2.47868800413e+00
-2.47715240948e+00
-2.47500016596e+00
-2.47592643919e+00
-2.47893924503e+00
-2.47546233316e+00
-2.47620829119e+00
-2.47566691646e+00
-2.47488973208e+00
-2.47786766065e+00
-2.47520690920e+00
-2.47636184202e+00
-2.47706787885e+00
-2.47765001689e+00
-2.47660842782e+00
-2.47693010355e+00
-2.47539580379e+00
-2.47635096198e+00
-2.47589952221e+00
-2.47823169103e+00
-2.47486915006e+00
-2.47646825594e+00
-2.47681876130e+00
-2.47739241587e+00
-2.47941998179e+00
-2.47738588876e+00
-2.47729435022e+00
-2.47742102732e+00
-2.47989998157e+00
-2.47503265083e+00
-2.47901237046e+00
-2.47899283965e+00
-2.47641990935e+00
-2.47975049301e+00
-2.47588286991e+00
-2.47913653204e+00
-2.47836181653e+00
-2.47666059595e+00
-2.47544460238e+00
-2.47627879080e+00
-2.47834681961e+00
-2.47488331543e+00
-2.47794864138e+00
-2.47806425166e+00
-2.47619849986e+00
-2.47822751826e+00
-2.47943621631e+00
-2.47765016577e+00
-2.47772284536e+00
-2.47760659791e+00
-2.47669874589e+00
-2.48055721809e+00
-2.47688326052e+00
-2.47781229817e+00
-2.47702198559e+00
-2.47906915195e+00
-2.47879287702e+00
-2.47862645581e+00
-2.47570999627e+00
-2.47560789607e+00
-2.47609468457e+00
-2.47493753295e+00
-2.47784303239e+00
-2.47707124766e+00
-2.47511649648e+00
-2.47620624552e+00
-2.47592202889e+00
-2.47985755190e+00
-2.47615585287e+00
-2.47925373389e+00
-2.47614984855e+00
-2.47888628603e+00
-2.47610122873e+00
-2.47841426978e+00
-2.47635034212e+00
-2.47830191225e+00
-2.47700153713e+00
-2.47811990879e+00
-2.47801620381e+00
-2.47685243237e+00
-2.47838554184e+00
-2.47576943890e+00
-2.47552603200e+00
-2.47694469945e+00
-2.47683197947e+00
-2.47610082583e+00
-2.47702092182e+00
-2.47466860413e+00
-2.47378884801e+00
-2.47853290119e+00
-2.47307980503e+00
-2.47558237716e+00
-2.47868899673e+00
-2.47768527919e+00
-2.47537530307e+00
-2.47918750489e+00
-2.47892971881e+00
-2.47557540940e+00
-2.47446090145e+00
-2.47797257663e+00
-2.47598555198e+00
-2.47736941610e+00
-2.47828754057e+00
-2.47761248745e+00
-2.47684392581e+00
-2.47348559798e+00
-2.47795919409e+00
-2.47703207180e+00