1.47675177171e+00
1.47672022429e+00
1.47623306159e+00
1.47709020073e+00
1.47678590545e+00
1.47692451844e+00
1.47703282944e+00
1.47698923583e+00
1.47659273763e+00
1.47666027290e+00
1.47703085413e+00
1.47732129056e+00
1.47714377042e+00
1.47684676984e+00
1.47656122544e+00
1.47719332778e+00
1.47661715761e+00
1.47694611887e+00
1.47658212855e+00
1.47681347011e+00
1.47737592488e+00
1.47687139529e+00
1.47632619500e+00
1.47672483722e+00
1.47676803937e+00
1.47663257194e+00
1.47575346922e+00
1.47629980391e+00
1.47690127394e+00
1.47647134606e+00
1.47713489949e+00
1.47682477161e+00
1.47690442989e+00
1.47603219932e+00
1.47715279407e+00
1.47692824182e+00
1.47598367159e+00
1.47692803592e+00
1.47638244998e+00
1.47673160932e+00
1.47648842029e+00
1.47650793966e+00
1.47685849639e+00
1.47728421973e+00
1.47596105007e+00
1.47627729118e+00
1.47679744661e+00
1.47657273831e+00
1.47685708705e+00
1.47654027790e+00
1.47685973243e+00
1.47682323911e+00
1.47622200077e+00
1.47712721592e+00
1.47624869602e+00
1.47629868635e+00
1.47723595853e+00
1.47646215906e+00
1.47648663626e+00
1.47698326292e+00
1.47674766587e+00
1.47692437453e+00
1.47630512157e+00
1.47633038452e+00
1.47675377537e+00
1.47644013312e+00
1.47689170287e+00
1.47688155528e+00
1.47683913996e+00
1.47576159292e+00
1.47664877936e+00
1.47616956430e+00
1.47665454979e+00
1.47681593951e+00
1.47647321915e+00
1.47682764688e+00
1.47662609017e+00
1.47739985152e+00
1.47630749735e+00
1.47642765224e+00
1.47656893630e+00
1.47618798651e+00
1.47689509502e+00
1.47625563213e+00
1.47613603133e+00
1.47663184338e+00
1.47623360812e+00
1.47615672678e+00
1.47587330806e+00
1.47687070959e+00
1.47757295637e+00
1.47667456946e+00
1.47633728181e+00
1.47600105944e+00
1.47629086933e+00
1.47659219091e+00
1.47625196471e+00
1.47653435824e+00
1.47703988916e+00
1.47714461499e+00
1.47678450665e+00
1.47620103347e+00
1.47666390079e+00
1.47625875846e+00
1.47639102609e+00
1.47590212152e+00
1.47665710571e+00
1.47631929891e+00
1.47692687449e+00
1.47641665964e+00
1.47693120242e+00
1.47602495575e+00
1.47579798315e+00
1.47639963707e+00
1.47623021264e+00
1.47659224628e+00
1.47735174222e+00
1.47643753998e+00
1.47658593922e+00
1.47731403895e+00
1.47609142545e+00
1.47684085005e+00
1.47606704725e+00
1.47624300181e+00
1.47667009861e+00
1.47671558217e+00
1.47699640667e+00
1.47656709082e+00
1.47659242304e+00
1.47646914130e+00
1.47645989965e+00
1.47680873201e+00
1.47679752928e+00
1.47658450191e+00
1.47692175277e+00
1.47678133893e+00
1.47658430410e+00
1.47664137321e+00
1.47571582098e+00
1.47715061306e+00
1.47719013344e+00
1.47673464058e+00
1.47685823355e+00
1.47683220403e+00
1.47672574753e+00
1.47705032699e+00
1.47684902196e+00
1.47581483424e+00
1.47743589932e+00
1.47677384180e+00
1.47624449924e+00
1.47702586886e+00
1.47686503191e+00
1.47665828405e+00
1.47636906956e+00
1.47647015265e+00
1.47629501045e+00
1.47658343038e+00
1.47693304452e+00
1.47643936178e+00
1.47643451316e+00
1.47600443520e+00
1.47677748844e+00
1.47647181031e+00
1.47719056770e+00
1.47661290250e+00
1.47677955516e+00
1.47721001708e+00
1.47734851462e+00
1.47671859592e+00
1.47661677654e+00
1.47595868047e+00
1.47632384836e+00
1.47647353358e+00
1.47660607258e+00
1.47621461987e+00
1.47636164652e+00
1.47640254013e+00
1.47652696758e+00
1.47577546576e+00
1.47616393254e+00
1.47702805892e+00
1.47696301941e+00
1.47729942369e+00
1.47644348091e+00
1.47675819115e+00
1.47740427471e+00
1.47691921476e+00
1.47695357365e+00
1.47701716886e+00
1.47641649307e+00
1.47739368417e+00
1.47643519281e+00
1.47702320644e+00
1.47660524479e+00
1.47638180024e+00
1.47661873344e+00
1.47681749767e+00
1.47575516239e+00
1.47682301330e+00
1.47672933524e+00
1.47632507100e+00
1.47646877879e+00
1.47688062297e+00
1.47732995409e+00
1.47659100652e+00
1.47683804571e+00
1.47642247239e+00
1.47728002594e+00
1.47720655998e+00
1.47667609639e+00
1.47630663609e+00
1.47661789219e+00
1.47620140564e+00
1.47680690705e+00
1.47666683143e+00
1.47673500795e+00
1.47642621215e+00
1.47649928790e+00
1.47660059560e+00
1.47654271593e+00
1.47646928501e+00
1.47644435404e+00
1.47585578745e+00
1.47577232592e+00
1.47636897823e+00
1.47644696326e+00
1.47672398204e+00
1.47660270013e+00
1.47671178136e+00
1.47624094390e+00
1.47672541449e+00
1.47656864753e+00
1.47661700927e+00
1.47638555720e+00
1.47683269426e+00
1.47657049270e+00
1.47613902610e+00
1.47680525013e+00
1.47632811847e+00
1.47645636599e+00
1.47693238945e+00
1.47663871815e+00
1.47634861039e+00
1.47638132929e+00
1.47592106534e+00
1.47646734036e+00
1.47689890425e+00
1.47598866214e+00
1.47730553274e+00
1.47640543143e+00
1.47685158347e+00
1.47653725082e+00
1.47728359829e+00
1.47676390404e+00
1.47619116146e+00
1.47667123173e+00
1.47648888745e+00
1.47641277884e+00
1.47659961425e+00
1.47617013948e+00
1.47668002117e+00
1.47646996694e+00
1.47614844832e+00
1.47627056010e+00
1.47595073507e+00
1.47608648757e+00
1.47642932704e+00
1.47675779872e+00
1.47621532492e+00
1.47727956280e+00
1.47645332022e+00
1.47649498050e+00
1.47616111899e+00
1.47630520364e+00
1.47666434998e+00
1.47654675117e+00
1.47653971454e+00
1.47684269925e+00
1.47646767856e+00
1.47667006072e+00
1.47606268865e+00
1.47647004031e+00
1.47616844267e+00
1.47641076021e+00
1.47608865134e+00
1.47698677334e+00
1.47619540841e+00
1.47597639762e+00
1.47716533597e+00
1.47654155794e+00
1.47693303050e+00
1.47661115800e+00
1.47656275109e+00
1.47674710564e+00
1.47601810193e+00
1.47581676381e+00
1.47659986286e+00
1.47629461462e+00
1.47709271973e+00
1.47658221041e+00
1.47554418720e+00
1.47679115419e+00
1.47664532490e+00
1.47616037827e+00
1.47702374227e+00
1.47673107931e+00
1.47701937588e+00
1.47677119966e+00
1.47653668229e+00
1.47619702774e+00
1.47665562460e+00
1.47667320553e+00
1.47626989318e+00
1.47671784875e+00
1.47647956784e+00
1.47706866035e+00
1.47650372228e+00
1.47663064399e+00
1.47623339209e+00
1.47703044988e+00
1.47595164163e+00
1.47674007991e+00
1.47677700060e+00
1.47709540468e+00
1.47651738881e+00
1.47583496816e+00
1.47637204993e+00
1.47699153560e+00
1.47692002959e+00
1.47671832876e+00
1.47624318340e+00
1.47653983276e+00
1.47644613682e+00
1.47655357909e+00
1.47663626750e+00
1.47674349966e+00
1.47662435928e+00
1.47649713157e+00
1.47683538404e+00
1.47623269945e+00
1.47696649391e+00
1.47687727103e+00
1.47664506819e+00
1.47656566114e+00
1.47676338248e+00
1.47648184665e+00
1.47690963174e+00
1.47661798554e+00
1.47596473289e+00
1.47671649826e+00
1.47624931370e+00
1.47709122472e+00
1.47618618364e+00
1.47670930691e+00
1.47670943622e+00
1.47649668644e+00
1.47663449799e+00
1.47649579678e+00
1.47612949899e+00
1.47620120705e+00
1.47635336201e+00
1.47630785196e+00
1.47619122465e+00
1.47678675689e+00
1.47666937803e+00
1.47679855003e+00
1.47684578177e+00
1.47661437488e+00
1.47695156441e+00
1.47602482945e+00
1.47723089079e+00
1.47671981720e+00
1.47656129154e+00
1.47650817175e+00
1.47619492852e+00
1.47599257520e+00
1.47645446222e+00
1.47667298983e+00
1.47726432660e+00
1.47589969966e+00
1.47665839304e+00
1.47649493014e+00
1.47668872287e+00
1.47668178449e+00
1.47656619100e+00
1.47603985354e+00
1.47663425279e+00
1.47664808082e+00
1.47651727166e+00
1.47661715982e+00
1.47665258427e+00
1.47610185347e+00
1.47647849864e+00
1.47693571746e+00
1.47712297254e+00
1.47603203706e+00
1.47569333761e+00
1.47764419183e+00
1.47643631502e+00
1.47678689136e+00
1.47606763969e+00
1.47559597485e+00
1.47555535079e+00
1.47580156606e+00
1.47654990214e+00
1.47637092082e+00
1.47637805118e+00
1.47623797002e+00
1.47588933302e+00
1.47645221285e+00
1.47694235421e+00
1.47662158102e+00
1.47683955917e+00
1.47659719781e+00
1.47629543110e+00
1.47579532836e+00
1.47689085212e+00
1.47669305470e+00
1.47626798345e+00
1.47613994520e+00
1.47638450487e+00
1.47701772052e+00
1.47676691530e+00
1.47656991163e+00
1.47705324840e+00
1.47641016651e+00
1.47649043867e+00
1.47616879249e+00
1.47682733695e+00
1.47663727154e+00
1.47606996069e+00
1.47672987557e+00
1.47730993244e+00
1.47629363983e+00
1.47685391037e+00
1.47705792176e+00
1.47623880415e+00
1.47597783542e+00
1.47686449993e+00
1.47671523402e+00
1.47673764738e+00
1.47645163250e+00
1.47701414689e+00
1.47630199631e+00
1.47702170711e+00
1.47663775357e+00
1.47695169122e+00
1.47665940613e+00
1.47588651162e+00
1.47672055677e+00
1.47602778964e+00
1.47703402062e+00
1.47713356621e+00
1.47658236758e+00
1.47689073269e+00
1.47706163887e+00
1.47651388819e+00
1.47612049487e+00
1.47619928209e+00
1.47696387446e+00
1.47675141231e+00
1.47612542988e+00
1.47701831413e+00
1.47587326915e+00
1.47677428010e+00
1.47560441386e+00
1.47597018613e+00
1.47648600244e+00
1.47699472508e+00
1.47593258184e+00
1.47685371827e+00
1.47691093401e+00
1.47681732863e+00
1.47685884451e+00
1.47642038843e+00
1.47630863170e+00
1.47708168615e+00
1.47657111638e+00
1.47675344906e+00
1.47517957467e+00
1.47706027362e+00
1.47668767827e+00
1.47661723289e+00
1.47640008830e+00
1.47672144376e+00
1.47693660723e+00
1.47672687370e+00
1.47644438010e+00
1.47643805478e+00
1.47625441431e+00
1.47686150163e+00
1.47637807939e+00
1.47674809546e+00
1.47676077689e+00
1.47708864988e+00
1.47671773413e+00
1.47674826660e+00
1.47694634104e+00
1.47669658058e+00
1.47658900331e+00