1.12312348906e+00
1.12928080832e+00
1.12965408883e+00
1.13160729697e+00
1.11330893145e+00
1.12435264687e+00
1.12652433822e+00
1.12729567607e+00
1.11895347512e+00
1.13554887263e+00
1.12933741904e+00
1.11979962851e+00
1.12069334362e+00
1.12000100071e+00
1.12308577166e+00
1.12166895925e+00
1.12391605616e+00
1.13049785433e+00
1.12001121801e+00
1.11904544065e+00
1.11284799078e+00
1.12446999668e+00
1.11782993630e+00
1.12176689910e+00
1.11139504031e+00
1.12265131831e+00
1.12357358188e+00
1.13932097453e+00
1.11520281277e+00
1.12873975599e+00
1.12185201587e+00
1.11424505944e+00
1.11116583614e+00
1.12574097002e+00
1.11647187565e+00
1.11852610416e+00
1.12150162289e+00
1.12003866012e+00
1.12210860951e+00
1.12868960537e+00
1.12593869926e+00
1.11620096611e+00
1.11613012652e+00
1.12677139753e+00
1.12549593444e+00
1.11795333912e+00
1.12788867526e+00
1.12639307474e+00
1.12172699172e+00
1.12308238010e+00
1.11804152970e+00
1.12377136019e+00
1.12466026263e+00
1.12581880133e+00
1.11922749909e+00
1.12596591433e+00
1.11693041209e+00
1.12571162370e+00
1.13505049828e+00
1.11798147221e+00
1.11929029349e+00
1.12040773265e+00
1.11022228854e+00
1.12136201589e+00
1.12533190864e+00
1.12955868313e+00
1.12126119050e+00
1.12137030379e+00
1.12582141300e+00
1.11821545548e+00
1.12050389023e+00
1.12835735232e+00
1.12719105967e+00
1.12913772699e+00
1.12993371452e+00
1.10760360350e+00
1.12713577519e+00
1.12636314470e+00
1.12684359308e+00
1.11346856063e+00
1.12783266697e+00
1.12108601015e+00
1.12530480084e+00
1.12844474094e+00
1.11664799791e+00
1.12881853058e+00
1.12624637106e+00
1.11677371502e+00
1.11665727971e+00
1.12338354746e+00
1.12491206205e+00
1.11715248707e+00
1.12301344582e+00
1.11990947812e+00
1.12290978545e+00
1.12677871281e+00
1.12140309354e+00
1.12497694418e+00
1.12970800202e+00
1.12243902903e+00
1.11570123881e+00
1.11862093938e+00
1.12047836744e+00
1.12447800006e+00
1.11403876622e+00
1.12073993434e+00
1.13356960797e+00
1.12386842237e+00
1.12424297601e+00
1.12295992402e+00
1.12151436816e+00
1.12739949173e+00
1.11819482544e+00
1.11836743058e+00
1.11921797128e+00
1.12316480784e+00
1.12375568939e+00
1.12010765842e+00
1.12291588219e+00
1.12051141769e+00
1.12364341122e+00
1.12444362649e+00
1.11758221528e+00
1.12778759784e+00
1.13753104810e+00
1.12056398462e+00
1.12010497518e+00
1.12121923201e+00
1.12702501490e+00
1.12897680039e+00
1.12855298834e+00
1.12782201658e+00
1.12686868881e+00
1.11541728885e+00
1.11146255284e+00
1.12826397290e+00
1.12631582807e+00
1.12738541032e+00
1.12246323791e+00
1.11871130830e+00
1.12789034226e+00
1.11838793391e+00
1.11963834093e+00
1.12626622146e+00
1.12107555901e+00
1.12453471500e+00
1.12186265388e+00
1.11821221009e+00
1.12831944256e+00
1.11257941275e+00
1.12891115693e+00
1.12297366624e+00
1.11933295133e+00
1.12290616285e+00
1.12435745599e+00
1.12345308496e+00
1.12407116938e+00
1.11645445589e+00
1.11858802529e+00
1.13352342337e+00
1.12800681765e+00
1.11884231230e+00
1.12802740818e+00
1.12457355809e+00
1.12021584867e+00
1.13071896583e+00
1.12785490270e+00
1.12668512781e+00
1.11803889901e+00
1.12196320654e+00
1.11908612882e+00
1.11842739959e+00
1.12551101404e+00
1.12301601041e+00
1.13199456956e+00
1.12022916858e+00
1.11474028594e+00
1.12383939721e+00
1.12707269399e+00
1.12317377364e+00
1.11487953848e+00
1.13317007207e+00
1.12799798781e+00
1.11632114963e+00
1.12942871198e+00
1.11833760686e+00
1.12138396839e+00
1.13075221962e+00
1.11654094109e+00
1.11421951906e+00
1.12325583627e+00
1.12282757526e+00
1.12071544299e+00
1.12768416709e+00
1.11522693634e+00
1.12319421750e+00
1.12513805140e+00
1.11799282005e+00
1.12953199102e+00
1.11381045988e+00
1.12210257280e+00
1.12134566257e+00
1.13663747387e+00
1.11386495770e+00
1.13009786268e+00
1.11997504189e+00
1.12738301134e+00
1.11665882387e+00
1.12174892117e+00
1.12319308155e+00
1.12514612629e+00
1.13273260947e+00
1.11974006242e+00
1.11315137198e+00
1.12337975976e+00
1.13072689367e+00
1.12320339813e+00
1.12404769075e+00
1.11902527543e+00
1.10975171151e+00
1.12173693920e+00
1.11740840157e+00
1.12310379323e+00
1.12616477512e+00
1.12809882131e+00
1.12419060151e+00
1.11514603202e+00
1.12461520619e+00
1.13181270899e+00
1.13232178884e+00
1.11832567521e+00
1.11918492924e+00
1.12116786399e+00
1.11710758679e+00
1.13860730798e+00
1.13346579459e+00
1.12111202461e+00
1.12697622873e+00
1.12664521748e+00
1.13366997074e+00
1.11647346742e+00
1.12350007149e+00
1.11535109107e+00
1.12678163733e+00
1.12493810853e+00
1.12418924205e+00
1.11832713805e+00
1.12175931575e+00
1.12618000139e+00
1.12795170747e+00
1.12730396103e+00
1.12461100446e+00
1.12123438674e+00
1.11419910733e+00
1.12371682505e+00
1.10806587547e+00
1.12056074638e+00
1.13118003446e+00
1.13531769730e+00
1.12746028082e+00
1.12333979113e+00
1.13284885457e+00
1.11975531518e+00
1.12709447901e+00
1.12299343666e+00
1.12500713680e+00
1.13242153300e+00
1.12387540550e+00
1.12191479655e+00
1.12074848107e+00
1.13049443179e+00
1.12324268022e+00
1.12181336018e+00
1.12272625770e+00
1.12813488285e+00
1.12484908430e+00
1.11810846369e+00
1.12319841866e+00
1.11773340731e+00
1.12342867926e+00
1.11930073892e+00
1.12306208296e+00
1.12021573903e+00
1.12027275191e+00
1.12086100255e+00
1.12573230159e+00
1.11916390160e+00
1.12808322234e+00
1.12631643174e+00
1.12809576772e+00
1.11162984120e+00
1.12194844098e+00
1.12824466980e+00
1.12430200704e+00
1.12124640118e+00
1.11580456157e+00
1.11697712690e+00
1.11818099936e+00
1.11672585862e+00
1.12384674669e+00
1.11799354892e+00
1.11609490993e+00
1.11947441994e+00
1.12876961974e+00
1.13056065815e+00
1.13022512933e+00
1.13335809160e+00
1.11484433818e+00
1.12429330003e+00
1.12354794519e+00
1.13093538995e+00
1.12807638260e+00
1.11765037672e+00
1.12544038818e+00
1.12464522732e+00
1.11547140774e+00
1.12628746584e+00
1.12539893916e+00
1.12350836214e+00
1.11707270980e+00
1.12135577533e+00
1.12969833686e+00
1.13128771903e+00
1.11978773769e+00
1.11408188459e+00
1.11763659981e+00
1.12679916286e+00
1.12627093571e+00
1.11715000896e+00
1.11437973577e+00
1.11985526496e+00
1.11624075770e+00
1.13116294841e+00
1.12167559196e+00
1.11738768874e+00
1.12365710906e+00
1.11875411676e+00
1.12812968868e+00
1.12793959990e+00
1.11554778988e+00
1.12593323939e+00
1.13409172394e+00
1.12152201186e+00
1.11798185191e+00
1.11745015791e+00
1.12259369125e+00
1.12450559879e+00
1.12990589572e+00
1.11827336383e+00
1.12877489281e+00
1.11807701048e+00
1.13254690403e+00
1.13148551840e+00
1.12536037099e+00
1.12165411177e+00
1.11643520911e+00
1.12310338962e+00
1.11847789365e+00
1.13259874627e+00
1.12637106318e+00
1.11805256196e+00
1.11659046772e+00
1.11139907961e+00
1.12522859596e+00
1.11997395391e+00
1.12411633963e+00
1.12543639200e+00
1.11944735020e+00
1.11822369911e+00
1.12137275596e+00
1.11439575573e+00
1.11806517542e+00
1.11244400093e+00
1.12821074165e+00
1.12202642448e+00
1.12765741582e+00
1.12085183801e+00
1.13142717803e+00
1.11810594535e+00
1.11818075785e+00
1.11804831243e+00
1.11533276339e+00
1.12245903381e+00
1.12014266094e+00
1.12467918837e+00
1.12355158551e+00
1.11623609625e+00
1.10693187754e+00
1.12421406950e+00
1.12665753092e+00
1.12880639544e+00
1.12604733491e+00
1.12564591036e+00
1.11959079498e+00
1.12241118062e+00
1.12208715584e+00
1.12619590727e+00
1.11586442640e+00
1.12027545613e+00
1.12159651421e+00
1.12700807229e+00
1.12264598231e+00
1.12183700438e+00
1.12607187272e+00
1.12208614325e+00
1.12215129141e+00
1.12235030575e+00
1.13306573330e+00
1.12590305810e+00
1.12078369836e+00
1.12052617567e+00
1.12313861996e+00
1.11311571544e+00
1.12252097473e+00
1.11754676254e+00
1.12465634067e+00
1.11889819902e+00
1.11820413727e+00
1.11877937666e+00
1.11253448462e+00
1.12472328195e+00
1.12005109318e+00
1.13158250133e+00
1.12774045281e+00
1.11834228111e+00
1.12627453644e+00
1.11864417128e+00
1.11272601511e+00
1.12022759902e+00
1.12794057043e+00
1.12735493022e+00
1.12617331528e+00
1.12814668278e+00
1.12462168657e+00
1.12666235585e+00
1.11503112999e+00
1.11236491701e+00
1.12694256538e+00
1.11257860467e+00
1.11973271207e+00
1.11831681876e+00
1.12577311846e+00
1.11431439930e+00
1.11862258281e+00
1.12332555740e+00
1.12056241035e+00
1.12573004515e+00
1.12498913413e+00
1.13041747317e+00
1.11401292352e+00
1.13167641943e+00
1.12652334296e+00
1.12642845603e+00
1.13497882355e+00
1.12284721957e+00
1.12149788604e+00
1.12536658007e+00
1.11371627062e+00
1.13531555541e+00
1.11960697583e+00
1.12723406613e+00
1.12741957969e+00
1.12387811355e+00
1.11893551802e+00
1.11839971911e+00
1.11786723509e+00
1.12627408441e+00
1.11619561694e+00
1.12242863452e+00
1.11924945248e+00
1.11342994681e+00
1.13023232505e+00
1.12995020032e+00
1.12396061998e+00
1.11780132891e+00
1.12916044139e+00
1.11195324335e+00
1.12378213158e+00
1.12378156248e+00
1.11830363105e+00
1.12054468344e+00
1.11156591662e+00
1.12758679184e+00
1.11505321491e+00
1.11937940277e+00
1.11968445260e+00
1.12763948991e+00
1.12613259774e+00
1.12783645922e+00
1.12473733523e+00
1.13827306356e+00
1.12278393166e+00
1.13215029919e+00
1.11851907277e+00
1.11453574716e+00
1.11759451182e+00
1.11796476328e+00
1.11803006470e+00
1.11989833356e+00
1.12218584882e+00
1.12286790725e+00