-1.40469365016e+00
-1.40442009002e+00
-1.40505157968e+00
-1.40529516195e+00
-1.40460351441e+00
-1.40445627627e+00
-1.40459753968e+00
-1.40485796038e+00
-1.40443184317e+00
-1.40527325524e+00
-1.40472106071e+00
-1.40500842947e+00
-1.40505850239e+00
-1.40420310622e+00
-1.40460735589e+00
-1.40448436495e+00
-1.40496194096e+00
-1.40509680351e+00
-1.40489101301e+00
-1.40452225166e+00
-1.40382223797e+00
-1.40426002725e+00
-1.40451037456e+00
-1.40552829341e+00
-1.40488456328e+00
-1.40523645484e+00
-1.40488653813e+00
-1.40547657508e+00
-1.40509562851e+00
-1.40473227242e+00
-1.40439452933e+00
-1.40470412305e+00
-1.40468874836e+00
-1.40449021377e+00
-1.40479414014e+00
-1.40496995773e+00
-1.40512916313e+00
-1.40494248203e+00
-1.40430472005e+00
-1.40584492370e+00
-1.40413398592e+00
-1.40480240484e+00
-1.40414984298e+00
-1.40498340814e+00
-1.40531843309e+00
-1.40504635652e+00
-1.40470240308e+00
-1.40403587763e+00
-1.40566055269e+00
-1.40503409540e+00
-1.40509422750e+00
-1.40443738873e+00
-1.40580905424e+00
-1.40440011748e+00
-1.40452357664e+00
-1.40448846851e+00
-1.40503809401e+00
-1.40398580952e+00
-1.40454739152e+00
-1.40465806271e+00
-1.40492188593e+00
-1.40471593175e+00
-1.40509521503e+00
-1.40539338305e+00
-1.40490108947e+00
-1.40479219758e+00
-1.40487627234e+00
-1.40514395198e+00
-1.40436979957e+00
-1.40548467461e+00
-1.40429429599e+00
-1.40409258122e+00
-1.40514750000e+00
-1.40488350246e+00
-1.40474212443e+00
-1.40484805934e+00
-1.40476206398e+00
-1.40499528082e+00
-1.40459550820e+00
-1.40459740756e+00
-1.40496024745e+00
-1.40509636453e+00
-1.40441531635e+00
-1.40501897555e+00
-1.40555906608e+00
-1.40540105483e+00
-1.40562470443e+00
-1.40485936539e+00
-1.40500436229e+00
-1.40477042104e+00
-1.40430656336e+00
-1.40463408145e+00
-1.40461142123e+00
-1.40482790812e+00
-1.40483298331e+00
-1.40483608479e+00
-1.40515212009e+00
-1.40530214183e+00
-1.40486609859e+00
-1.40408471595e+00
-1.40367447040e+00
-1.40421531881e+00
-1.40480718445e+00
-1.40553571614e+00
-1.40535143748e+00
-1.40522709222e+00
-1.40465157630e+00
-1.40545410148e+00
-1.40451062425e+00
-1.40487907976e+00
-1.40420928937e+00
-1.40544961763e+00
-1.40561938622e+00
-1.40441130509e+00
-1.40521722973e+00
-1.40487138593e+00
-1.40481717362e+00
-1.40450963575e+00
-1.40446177519e+00
-1.40504603083e+00
-1.40490624536e+00
-1.40453014238e+00
-1.40502804774e+00
-1.40542928972e+00
-1.40521685725e+00
-1.40444355395e+00
-1.40419329642e+00
-1.40528712561e+00
-1.40515339684e+00
-1.40505171615e+00
-1.40527638390e+00
-1.40448463232e+00
-1.40419138985e+00
-1.40525586269e+00
-1.40452121127e+00
-1.40526830484e+00
-1.40536903656e+00
-1.40470584951e+00
-1.40463423060e+00
-1.40439255274e+00
-1.40438243393e+00
-1.40409807715e+00
-1.40473324085e+00
-1.40519703396e+00
-1.40476208250e+00
-1.40408022153e+00
-1.40466313063e+00
-1.40422570994e+00
-1.40479357657e+00
-1.40483079171e+00
-1.40471766320e+00
-1.40454042833e+00
-1.40527447555e+00
-1.40458056553e+00
-1.40514776823e+00
-1.40513038656e+00
-1.40520516773e+00
-1.40497694387e+00
-1.40421583453e+00
-1.40469717410e+00
-1.40433452809e+00
-1.40475440685e+00
-1.40454773713e+00
-1.40450737513e+00
-1.40414630015e+00
-1.40497993739e+00
-1.40425216141e+00
-1.40497193854e+00
-1.40499696871e+00
-1.40500961131e+00
-1.40509080510e+00
-1.40534412766e+00
-1.40478225838e+00
-1.40562816062e+00
-1.40435909620e+00
-1.40439182591e+00
-1.40505549110e+00
-1.40490011142e+00
-1.40482372882e+00
-1.40461067850e+00
-1.40481568292e+00
-1.40511092669e+00
-1.40520263512e+00
-1.40457341897e+00
-1.40469608591e+00
-1.40550137481e+00
-1.40445681369e+00
-1.40436063380e+00
-1.40547066132e+00
-1.40475937770e+00
-1.40463267008e+00
-1.40461502929e+00
-1.40504978710e+00
-1.40433039556e+00
-1.40464838133e+00
-1.40481080851e+00
-1.40552526532e+00
-1.40467431076e+00
-1.40471818434e+00
-1.40468340377e+00
-1.40525155989e+00
-1.40468986191e+00
-1.40515232166e+00
-1.40500895702e+00
-1.40473956582e+00
-1.40461679107e+00
-1.40451762370e+00
-1.40486007206e+00
-1.40482225705e+00
-1.40416776018e+00
-1.40501204779e+00
-1.40459448194e+00
-1.40467267557e+00
-1.40498196873e+00
-1.40543514039e+00
-1.40443693287e+00
-1.40451453797e+00
-1.40399331256e+00
-1.40461846759e+00
-1.40452338166e+00
-1.40444567091e+00
-1.40471837181e+00
-1.40473401932e+00
-1.40489074504e+00
-1.40490473199e+00
-1.40531457402e+00
-1.40468051196e+00
-1.40452219033e+00
-1.40457904710e+00
-1.40463757867e+00
-1.40479517023e+00
-1.40417214016e+00
-1.40475135158e+00
-1.40480832190e+00
-1.40470880652e+00
-1.40492401720e+00
-1.40408653604e+00
-1.40496302397e+00
-1.40547320048e+00
-1.40522712700e+00
-1.40508445838e+00
-1.40490717052e+00
-1.40529469818e+00
-1.40408678699e+00
-1.40540126732e+00
-1.40554271801e+00
-1.40416821417e+00
-1.40462327543e+00
-1.40488899527e+00
-1.40423615500e+00
-1.40510745264e+00
-1.40457943595e+00
-1.40454364430e+00
-1.40391768528e+00
-1.40456185949e+00
-1.40502427714e+00
-1.40485731129e+00
-1.40517405686e+00
-1.40552331991e+00
-1.40492824214e+00
-1.40469660593e+00
-1.40521719523e+00
-1.40522565475e+00
-1.40539105054e+00
-1.40462197956e+00
-1.40495311021e+00
-1.40485065430e+00
-1.40531028313e+00
-1.40415683637e+00
-1.40396574615e+00
-1.40495907705e+00
-1.40435869052e+00
-1.40538512458e+00
-1.40500168718e+00
-1.40496169934e+00
-1.40494236438e+00
-1.40521411864e+00
-1.40475509822e+00
-1.40494649815e+00
-1.40434526211e+00
-1.40468103410e+00
-1.40484895151e+00
-1.40421562861e+00
-1.40491986240e+00
-1.40463946909e+00
-1.40558214671e+00
-1.40423871754e+00
-1.40509088708e+00
-1.40497871142e+00
-1.40504548028e+00
-1.40496426364e+00
-1.40490885143e+00
-1.40456348834e+00
-1.40473607901e+00
-1.40454768271e+00
-1.40505491455e+00
-1.40475208493e+00
-1.40507503876e+00
-1.40460689760e+00
-1.40495803706e+00
-1.40475714083e+00
-1.40458754060e+00
-1.40482587415e+00
-1.40419354750e+00
-1.40536832684e+00
-1.40528627645e+00
-1.40509273707e+00
-1.40439735849e+00
-1.40559706211e+00
-1.40449294200e+00
-1.40495665537e+00
-1.40441500143e+00
-1.40461961831e+00
-1.40524243474e+00
-1.40373041338e+00
-1.40465914718e+00
-1.40427994000e+00
-1.40438284935e+00
-1.40461197061e+00
-1.40462475646e+00
-1.40467793700e+00
-1.40499769918e+00
-1.40497569272e+00
-1.40429189003e+00
-1.40433648663e+00
-1.40465516521e+00
-1.40554721254e+00
-1.40506389407e+00
-1.40431185566e+00
-1.40440949060e+00
-1.40479059180e+00
-1.40487453074e+00
-1.40533876284e+00
-1.40465877120e+00
-1.40572675933e+00
-1.40458352265e+00
-1.40526031025e+00
-1.40517925093e+00
-1.40477253617e+00
-1.40491955272e+00
-1.40445596887e+00
-1.40483463768e+00
-1.40481719017e+00
-1.40463692163e+00
-1.40434443835e+00
-1.40555010838e+00
-1.40562837538e+00
-1.40522601751e+00
-1.40415833629e+00
-1.40507832281e+00
-1.40436807747e+00
-1.40496404539e+00
-1.40512143209e+00
-1.40479859106e+00
-1.40487484126e+00
-1.40485334386e+00
-1.40499820085e+00
-1.40530707482e+00
-1.40472189720e+00
-1.40524464226e+00
-1.40486484821e+00
-1.40510215294e+00
-1.40515322702e+00
-1.40460319645e+00
-1.40488711489e+00
-1.40458618976e+00
-1.40435616491e+00
-1.40513212369e+00
-1.40468190208e+00
-1.40491946681e+00
-1.40553782760e+00
-1.40516714489e+00
-1.40455532823e+00
-1.40383006092e+00
-1.40489979958e+00
-1.40479428129e+00
-1.40465923939e+00
-1.40426625926e+00
-1.40469297488e+00
-1.40483855939e+00
-1.40494768767e+00
-1.40427429803e+00
-1.40427999496e+00
-1.40452974636e+00
-1.40459617886e+00
-1.40476556551e+00
-1.40459171919e+00
-1.40494714035e+00
-1.40482540342e+00
-1.40556649662e+00
-1.40477690499e+00
-1.40456771226e+00
-1.40480599038e+00
-1.40478938181e+00
-1.40382992250e+00
-1.40488588583e+00
-1.40500587345e+00
-1.40497641886e+00
-1.40466655928e+00
-1.40437358437e+00
-1.40404616079e+00
-1.40499124710e+00
-1.40546223616e+00
-1.40478730251e+00
-1.40505181453e+00
-1.40473228940e+00
-1.40474575648e+00
-1.40457053637e+00
-1.40481937498e+00
-1.40523432111e+00
-1.40487569664e+00
-1.40521175305e+00
-1.40487981679e+00
-1.40503222975e+00
-1.40535872607e+00
-1.40488800853e+00
-1.40494818342e+00
-1.40380489952e+00
-1.40486108353e+00
-1.40494225620e+00
-1.40435326140e+00
-1.40509548479e+00
-1.40499055386e+00
-1.40509714514e+00
-1.40500310356e+00
-1.40524456942e+00
-1.40389655058e+00
-1.40458841567e+00
-1.40526846440e+00
-1.40547814462e+00
-1.40473928426e+00
-1.40496332855e+00
-1.40478847197e+00
-1.40445338920e+00
-1.40532660516e+00
-1.40439172013e+00
-1.40391067986e+00
-1.40513153893e+00
-1.40403097522e+00
-1.40474948219e+00
-1.40503345465e+00
-1.40502408603e+00
-1.40491201194e+00
-1.40403479125e+00
-1.40560224239e+00
-1.40437519018e+00
-1.40485418784e+00
-1.40431721824e+00
-1.40458579590e+00
-1.40508062554e+00
-1.40514117834e+00
-1.40429372326e+00
-1.40507811220e+00
-1.40471005315e+00
-1.40511384836e+00
-1.40424168405e+00
-1.40434014689e+00
-1.40479691051e+00
-1.40476826533e+00
-1.40509163483e+00
-1.40456433882e+00
-1.40548617636e+00
-1.40475696425e+00
-1.40521161451e+00
-1.40512192645e+00
-1.40503307879e+00
-1.40496045351e+00
-1.40566786239e+00
-1.40506936841e+00
-1.40471945064e+00
-1.40517313067e+00
-1.40467057475e+00
-1.40452639445e+00
-1.40449218638e+00
-1.40435733179e+00
-1.40509329166e+00
-1.40485280367e+00
-1.40523599177e+00
-1.40508577264e+00
-1.40470793301e+00
-1.40443834684e+00
-1.40427139607e+00
-1.40513616083e+00
-1.40433453191e+00
-1.40472542421e+00
-1.40458317039e+00
-1.40476272922e+00
-1.40418834664e+00
-1.40473861083e+00
-1.40492547863e+00
-1.40529108896e+00
-1.40509538267e+00
-1.40490086070e+00
-1.40505206889e+00
-1.40480310065e+00
-1.40470833126e+00
-1.40505169531e+00
-1.40517023955e+00
-1.40475629560e+00
-1.40433034926e+00
-1.40481431057e+00