-2.43288025020e+00
-2.43343017220e+00
-2.39918292077e+00
-2.43791887347e+00
-2.42639563827e+00
-2.41792755263e+00
-2.43185736854e+00
-2.45548268329e+00
-2.42816103304e+00
-2.44087491830e+00
-2.45465327151e+00
-2.44906056436e+00
-2.42465711586e+00
-2.42839377656e+00
-2.41776631941e+00
-2.44954946314e+00
-2.41237451588e+00
-2.44238981618e+00
-2.44591853752e+00
-2.42978092858e+00
-2.40826060208e+00
-2.42508719341e+00
-2.40467438468e+00
-2.42037487241e+00
-2.40744615447e+00
-2.41557047338e+00
-2.44179582876e+00
-2.44739491601e+00
-2.43933317109e+00
-2.43006679823e+00
-2.42937061456e+00
-2.42620379919e+00
-2.40562893687e+00
-2.41223795349e+00
-2.40224171775e+00
-2.42836602626e+00
-2.44382821277e+00
-2.44096506071e+00
-2.41763222164e+00
-2.43746853367e+00
-2.44457910679e+00
-2.45634946143e+00
-2.45905155644e+00
-2.42179478406e+00
-2.41462719388e+00
-2.42366466179e+00
-2.45998015130e+00
-2.42944364132e+00
-2.43395687068e+00
-2.42948501431e+00
-2.41265215701e+00
-2.43821750474e+00
-2.43182532570e+00
-2.42225841815e+00
-2.43202251381e+00
-2.45114532036e+00
-2.40941229959e+00
-2.44318934347e+00
-2.42251270138e+00
-2.43116593000e+00
-2.42518617625e+00
-2.45606049619e+00
-2.43984124543e+00
-2.42390398894e+00
-2.43401793609e+00
-2.42989175676e+00
-2.41634882477e+00
-2.44658164876e+00
-2.41555701808e+00
-2.43750585496e+00
-2.43220769802e+00
-2.42163139951e+00
-2.44967826853e+00
-2.42871913986e+00
-2.41286237012e+00
-2.43333158907e+00
-2.43099390205e+00
-2.43047084835e+00
-2.42044840328e+00
-2.41092082454e+00
-2.45079973023e+00
-2.42476720785e+00
-2.42198209636e+00
-2.42665558203e+00
-2.43490105297e+00
-2.43046068771e+00
-2.43152313660e+00
-2.41487868468e+00
-2.42552197274e+00
-2.43797596853e+00
-2.43250414667e+00
-2.43150241919e+00
-2.40931148883e+00
-2.44205203309e+00
-2.44388223531e+00
-2.42267869112e+00
-2.41853965331e+00
-2.41950705588e+00
-2.43906493204e+00
-2.45942073488e+00
-2.43772245716e+00
-2.43102232381e+00
-2.42469614590e+00
-2.41637937315e+00
-2.40583965142e+00
-2.42532204647e+00
-2.44339417456e+00
-2.42693689440e+00
-2.42154366565e+00
-2.44688272455e+00
-2.43102675293e+00
-2.40810507598e+00
-2.42917942760e+00
-2.44054191054e+00
-2.43746619244e+00
-2.42643762816e+00
-2.40450392628e+00
-2.41439808499e+00
-2.44733696785e+00
-2.43315768359e+00
-2.43598191525e+00
-2.41751920232e+00
-2.42409722139e+00
-2.43608262952e+00
-2.42987085666e+00
-2.43735631399e+00
-2.42170921870e+00
-2.44343303344e+00
-2.41106261585e+00
-2.41524692339e+00
-2.41418681686e+00
-2.42301566018e+00
-2.44470939462e+00
-2.45466390548e+00
-2.44066795914e+00
-2.41630055975e+00
-2.41728015667e+00
-2.43408309047e+00
-2.43732741535e+00
-2.42804312766e+00
-2.42490740095e+00
-2.42519565910e+00
-2.42803807101e+00
-2.42409288745e+00
-2.41475091108e+00
-2.40626079177e+00
-2.44188422691e+00
-2.43170413477e+00
-2.41322413117e+00
-2.44205760884e+00
-2.43112652371e+00
-2.44294659834e+00
-2.45155202957e+00
-2.45404715533e+00
-2.40560815287e+00
-2.44748424061e+00
-2.44372161970e+00
-2.44150841755e+00
-2.44853720116e+00
-2.43405154366e+00
-2.42366801021e+00
-2.43037264920e+00
-2.42397588095e+00
-2.43519719078e+00
-2.43768237324e+00
-2.45082894651e+00
-2.41403617750e+00
-2.41760760682e+00
-2.43932629104e+00
-2.44534867130e+00
-2.44089513851e+00
-2.41075078463e+00
-2.43064188655e+00
-2.43102099934e+00
-2.45213311961e+00
-2.44221279241e+00
-2.42524273494e+00
-2.43451074875e+00
-2.44076908649e+00
-2.42965583252e+00
-2.43314719092e+00
-2.42445372719e+00
-2.40585420819e+00
-2.44535178780e+00
-2.42917985990e+00
-2.40669086771e+00
-2.40638315395e+00
-2.41021980194e+00
-2.43433807040e+00
-2.43596983195e+00
-2.43188208315e+00
-2.44351516443e+00
-2.44010752058e+00
-2.42296130738e+00
-2.43987374517e+00
-2.44651498439e+00
-2.41948258033e+00
-2.43325836177e+00
-2.43001187447e+00
-2.43427686315e+00
-2.43284372676e+00
-2.45670377104e+00
-2.42659258354e+00
-2.40790033523e+00
-2.43428426553e+00
-2.43858526447e+00
-2.42478791291e+00
-2.38828273667e+00
-2.43694495658e+00
-2.45054010200e+00
-2.40940092514e+00
-2.43238446182e+00
-2.42634766529e+00
-2.43909178752e+00
-2.43380370570e+00
-2.41964487477e+00
-2.43099452025e+00
-2.43651005659e+00
-2.42811629057e+00
-2.41637593383e+00
-2.42041409136e+00
-2.43691937273e+00
-2.42900695142e+00
-2.43492207605e+00
-2.43709861372e+00
-2.45086426455e+00
-2.43641902819e+00
-2.44385889240e+00
-2.42941766798e+00
-2.43914321505e+00
-2.43256206687e+00
-2.44503111203e+00
-2.40964978049e+00
-2.41505734352e+00
-2.43940593597e+00
-2.42372502060e+00
-2.43691499028e+00
-2.40890747283e+00
-2.42288553187e+00
-2.44840621157e+00
-2.45620902322e+00
-2.41926526655e+00
-2.41962336006e+00
-2.42045936635e+00
-2.41949967341e+00
-2.43593318121e+00
-2.44386249865e+00
-2.43763143020e+00
-2.42567267085e+00
-2.44594651694e+00
-2.44076590566e+00
-2.44256788591e+00
-2.43035861514e+00
-2.41481955731e+00
-2.45005878509e+00
-2.43735480551e+00
-2.41404068665e+00
-2.44650007412e+00
-2.40533210674e+00
-2.41581858938e+00
-2.43124890424e+00
-2.40904540808e+00
-2.42975249669e+00
-2.43530092419e+00
-2.42617082780e+00
-2.43925654593e+00
-2.42291168035e+00
-2.42465596184e+00
-2.45603252829e+00
-2.45446630144e+00
-2.42500745105e+00
-2.43653983524e+00
-2.42749884850e+00
-2.43988172511e+00
-2.43442900935e+00
-2.42424933276e+00
-2.42819445223e+00
-2.43512361880e+00
-2.42887195285e+00
-2.42752965281e+00
-2.42426750775e+00
-2.45090555628e+00
-2.42874254499e+00
-2.43182970650e+00
-2.44101266740e+00
-2.42734315475e+00
-2.43427632588e+00
-2.44792779475e+00
-2.43458261545e+00
-2.44349479874e+00
-2.44042054397e+00
-2.44484075433e+00
-2.43018894069e+00
-2.42917776035e+00
-2.41907456928e+00
-2.44025323845e+00
-2.42135250728e+00
-2.42822145290e+00
-2.42909310519e+00
-2.43121015192e+00
-2.41443734952e+00
-2.42993503532e+00
-2.43811020451e+00
-2.43838494768e+00
-2.44528549612e+00
-2.42375435676e+00
-2.43339477690e+00
-2.43150003970e+00
-2.43051719898e+00
-2.42338342947e+00
-2.43706463908e+00
-2.44958900577e+00
-2.42543650473e+00
-2.41890935274e+00
-2.42784714214e+00
-2.43585417614e+00
-2.44369037303e+00
-2.43519835084e+00
-2.44744054505e+00
-2.41291241185e+00
-2.44509320529e+00
-2.44277820310e+00
-2.43912428021e+00
-2.41835523104e+00
-2.44050185435e+00
-2.42711624459e+00
-2.43623318405e+00
-2.40764796899e+00
-2.41245464760e+00
-2.43377191390e+00
-2.44537008275e+00
-2.43189819533e+00
-2.45259427228e+00
-2.42106927177e+00
-2.43500234531e+00
-2.44936406935e+00
-2.42906094878e+00
-2.42376635281e+00
-2.43720998901e+00
-2.45278488319e+00
-2.44092166866e+00
-2.44169121921e+00
-2.40919337296e+00
-2.42443525722e+00
-2.41527456186e+00
-2.43209687680e+00
-2.43380635675e+00
-2.41119566877e+00
-2.44659862628e+00
-2.42463510319e+00
-2.42219776259e+00
-2.41410508205e+00
-2.44801556578e+00
-2.44578861576e+00
-2.44456765041e+00
-2.43059231377e+00
-2.41373329423e+00
-2.43805846957e+00
-2.43873122688e+00
-2.43457923683e+00
-2.42953642075e+00
-2.41923389495e+00
-2.43601884493e+00
-2.42935364701e+00
-2.43069764695e+00
-2.43022328029e+00
-2.41751586113e+00
-2.43757553862e+00
-2.45454001577e+00
-2.43514788379e+00
-2.44982456416e+00
-2.42280252565e+00
-2.42889922054e+00
-2.42196176551e+00
-2.42583157125e+00
-2.42706058714e+00
-2.43060467437e+00
-2.42782466417e+00
-2.43286835935e+00
-2.42983571753e+00
-2.42405485040e+00
-2.42018349792e+00
-2.44785382597e+00
-2.43322219420e+00
-2.44396876145e+00
-2.42948864195e+00
-2.43202756585e+00
-2.43006613145e+00
-2.44689621139e+00
-2.43460531674e+00
-2.39154862332e+00
-2.44528538928e+00
-2.41397171044e+00
-2.44009813392e+00
-2.42119432268e+00
-2.41855794005e+00
-2.42527544767e+00
-2.43437569226e+00
-2.43490907383e+00
-2.43280240042e+00
-2.40718749402e+00
-2.42574369894e+00
-2.46726984533e+00
-2.42012431492e+00
-2.43402047134e+00
-2.43303610411e+00
-2.45787690596e+00
-2.42038372247e+00
-2.39948633417e+00
-2.43679652716e+00
-2.41652670964e+00
-2.45028324270e+00
-2.44090332244e+00
-2.41677966832e+00
-2.42455507984e+00
-2.43415267290e+00
-2.43209526928e+00
-2.42661886148e+00
-2.41831537946e+00
-2.44630462089e+00
-2.42605168700e+00
-2.40736885323e+00
-2.44915752762e+00
-2.43781076177e+00
-2.44325974063e+00
-2.44982042744e+00
-2.44053290226e+00
-2.44053871382e+00
-2.43426700377e+00
-2.45025648723e+00
-2.42586692409e+00
-2.41856880590e+00
-2.45077226234e+00
-2.43883865419e+00
-2.41140751682e+00
-2.42101493952e+00
-2.47013967923e+00
-2.44586530241e+00
-2.44866989962e+00
-2.44103724911e+00
-2.44311319513e+00
-2.44690233231e+00
-2.41717923289e+00
-2.42258124235e+00
-2.42599923484e+00
-2.43137418439e+00
-2.43029152443e+00
-2.43141292723e+00
-2.43058380242e+00
-2.41043294831e+00
-2.42541616676e+00
-2.43428940197e+00
-2.41800470779e+00
-2.42052116013e+00
-2.43618323703e+00
-2.40424238025e+00
-2.44832973617e+00
-2.45672900708e+00
-2.44445702910e+00
-2.43129046033e+00
-2.46161366213e+00
-2.43894985627e+00
-2.42633427647e+00
-2.43443565239e+00
-2.43693832130e+00
-2.41062728033e+00
-2.44435974729e+00
-2.43200057346e+00
-2.41526830569e+00
-2.43402620711e+00
-2.42934914039e+00
-2.43813975194e+00
-2.41899717010e+00
-2.42511130644e+00
-2.42552292801e+00
-2.42129490609e+00
-2.44161539392e+00
-2.44756989019e+00
-2.43545937956e+00
-2.42107402879e+00
-2.41394888112e+00
-2.44100297231e+00
-2.41829524110e+00
-2.40521297193e+00
-2.42190284084e+00
-2.42708822509e+00
-2.41645994502e+00
-2.42862054871e+00
-2.43332083773e+00
-2.43006921038e+00
-2.41024838916e+00
-2.41644337693e+00
-2.42588259761e+00
-2.44436077716e+00
-2.41422681615e+00
-2.42459409993e+00
-2.43072637055e+00
-2.43057341279e+00
-2.42988394164e+00
-2.44611855409e+00
-2.42954303908e+00