-5.42942884185e+00
-5.42518511618e+00
-5.42374216756e+00
-5.43009957544e+00
-5.42578087429e+00
-5.42790945576e+00
-5.42223532261e+00
-5.42507184723e+00
-5.42649196111e+00
-5.42894921663e+00
-5.42717776353e+00
-5.42722698642e+00
-5.42788693108e+00
-5.42662064264e+00
-5.42559239732e+00
-5.42548608138e+00
-5.42527670980e+00
-5.42694611451e+00
-5.42651444331e+00
-5.42597032269e+00
-5.43005760709e+00
-5.42576602267e+00
-5.42688581847e+00
-5.42321662471e+00
-5.42800657848e+00
-5.42693056195e+00
-5.42706464301e+00
-5.42524148195e+00
-5.42501021150e+00
-5.42633006968e+00
-5.42707480229e+00
-5.42665141794e+00
-5.42461520088e+00
-5.42523486391e+00
-5.42722784486e+00
-5.42737224979e+00
-5.42740748877e+00
-5.42489353314e+00
-5.42368729042e+00
-5.42325048143e+00
-5.42547653016e+00
-5.42326388468e+00
-5.42720788478e+00
-5.42533645926e+00
-5.42652399789e+00
-5.42491824598e+00
-5.42668737334e+00
-5.42572771133e+00
-5.42562103298e+00
-5.42680454348e+00
-5.42530964920e+00
-5.42765427376e+00
-5.42566255309e+00
-5.42443449078e+00
-5.42781235331e+00
-5.42678480244e+00
-5.42484481322e+00
-5.42491888418e+00
-5.42784330705e+00
-5.42873691476e+00
-5.42560124688e+00
-5.42636554322e+00
-5.42429265646e+00
-5.42682941384e+00
-5.42474438188e+00
-5.42410788414e+00
-5.42717599121e+00
-5.42558319689e+00
-5.42816673612e+00
-5.42433921451e+00
-5.42575638762e+00
-5.42508235404e+00
-5.42702018923e+00
-5.42747946731e+00
-5.42596309977e+00
-5.42669081103e+00
-5.42412867598e+00
-5.42230395909e+00
-5.42555451504e+00
-5.42357391940e+00
-5.42738242777e+00
-5.42592124721e+00
-5.42383501559e+00
-5.42581337485e+00
-5.42622244379e+00
-5.42546461341e+00
-5.42617049816e+00
-5.42339508949e+00
-5.42799098703e+00
-5.42695351546e+00
-5.42904721350e+00
-5.42317215591e+00
-5.42529785079e+00
-5.42563944652e+00
-5.42527723514e+00
-5.42381006014e+00
-5.42403755897e+00
-5.42432034017e+00
-5.42537657662e+00
-5.42447753372e+00
-5.42247412650e+00
-5.42790224952e+00
-5.42653622773e+00
-5.42396306021e+00
-5.41942264681e+00
-5.42432803209e+00
-5.42802081058e+00
-5.42722156826e+00
-5.42392266900e+00
-5.42523247115e+00
-5.42532257304e+00
-5.42555574726e+00
-5.42684030690e+00
-5.42419130274e+00
-5.42217721067e+00
-5.42437921989e+00
-5.42778969644e+00
-5.42681529694e+00
-5.42682610889e+00
-5.42667380768e+00
-5.42685540761e+00
-5.42509790100e+00
-5.42870506730e+00
-5.42892624534e+00
-5.42385797346e+00
-5.42629310825e+00
-5.42545052656e+00
-5.42430826215e+00
-5.42588361433e+00
-5.42363772681e+00
-5.42708624574e+00
-5.42614854266e+00
-5.42513460154e+00
-5.42625627688e+00
-5.42493577538e+00
-5.42575493842e+00
-5.42822493747e+00
-5.42505865092e+00
-5.42572308605e+00
-5.42387559832e+00
-5.42605296787e+00
-5.42556364419e+00
-5.42440720968e+00
-5.42498981767e+00
-5.42435512597e+00
-5.42803997261e+00
-5.42674646794e+00
-5.42927353428e+00
-5.42691072936e+00
-5.42612274712e+00
-5.42706982413e+00
-5.42566049593e+00
-5.42673271525e+00
-5.42478935460e+00
-5.42458685436e+00
-5.42591677795e+00
-5.42699475199e+00
-5.42555576009e+00
-5.42542931229e+00
-5.42549855366e+00
-5.42606068153e+00
-5.42535069460e+00
-5.42553404804e+00
-5.42809859343e+00
-5.42650440193e+00
-5.42727694771e+00
-5.42732294128e+00
-5.42471644561e+00
-5.42302930599e+00
-5.42884811629e+00
-5.42469356390e+00
-5.42350320599e+00
-5.42529319447e+00
-5.42641885764e+00
-5.42700485815e+00
-5.42533947729e+00
-5.42610802468e+00
-5.42881009978e+00
-5.42688316440e+00
-5.42553623232e+00
-5.42843326991e+00
-5.42644175242e+00
-5.42550913032e+00
-5.42799157628e+00
-5.42656481677e+00
-5.42599751207e+00
-5.42387538845e+00
-5.42667677770e+00
-5.42416670756e+00
-5.42440365815e+00
-5.42527513746e+00
-5.42305415530e+00
-5.42496554145e+00
-5.42526486011e+00
-5.42544332422e+00
-5.42369419023e+00
-5.42606695752e+00
-5.42671023580e+00
-5.42780162350e+00
-5.42746670827e+00
-5.42714851727e+00
-5.42380914224e+00
-5.42536754430e+00
-5.42672101981e+00
-5.42823312391e+00
-5.42213785026e+00
-5.42520008172e+00
-5.42610367374e+00
-5.42440610694e+00
-5.42626123958e+00
-5.42834359451e+00
-5.42659494990e+00
-5.42429171533e+00
-5.42550059670e+00
-5.42554727137e+00
-5.42825897887e+00
-5.42436897993e+00
-5.42580946447e+00
-5.42705829576e+00
-5.42606738826e+00
-5.42412945395e+00
-5.42492248075e+00
-5.42726683481e+00
-5.42671211536e+00
-5.42559998950e+00
-5.42509327856e+00
-5.42532111748e+00
-5.42548908027e+00
-5.42691240128e+00
-5.42644572973e+00
-5.42463569696e+00
-5.42757528599e+00
-5.42616495867e+00
-5.42815160658e+00
-5.42626591201e+00
-5.42413300579e+00
-5.42560147533e+00
-5.42772516946e+00
-5.42902554886e+00
-5.42676838019e+00
-5.42702370671e+00
-5.42588255159e+00
-5.42578154271e+00
-5.42662154066e+00
-5.42538196487e+00
-5.42743845156e+00
-5.42469434318e+00
-5.42443492096e+00
-5.42585460301e+00
-5.42760534069e+00
-5.42530248213e+00
-5.42406999757e+00
-5.42870848801e+00
-5.42671048189e+00
-5.42600525334e+00
-5.42592940481e+00
-5.42845340895e+00
-5.42402102665e+00
-5.42601409636e+00
-5.42809845922e+00
-5.42900183525e+00
-5.42497316023e+00
-5.42925863596e+00
-5.42958776780e+00
-5.42455499655e+00
-5.42579893038e+00
-5.42336763463e+00
-5.42507449084e+00
-5.42530855078e+00
-5.42722634978e+00
-5.42513877343e+00
-5.42508773673e+00
-5.42695647888e+00
-5.42534793842e+00
-5.42374254143e+00
-5.42378138689e+00
-5.42620746898e+00
-5.42664343354e+00
-5.42591484337e+00
-5.42740784529e+00
-5.42642609865e+00
-5.42706954720e+00
-5.42557159708e+00
-5.42725518701e+00
-5.42637734559e+00
-5.42906408073e+00
-5.42634288121e+00
-5.42449727261e+00
-5.42733930028e+00
-5.42585118224e+00
-5.42536329192e+00
-5.42752145431e+00
-5.42773518995e+00
-5.42438306954e+00
-5.42640042908e+00
-5.42299480964e+00
-5.42298093123e+00
-5.42547941806e+00
-5.42649648273e+00
-5.42740735115e+00
-5.42467525015e+00
-5.42554741344e+00
-5.42270561525e+00
-5.42624969170e+00
-5.42120569269e+00
-5.42465236674e+00
-5.42664447987e+00
-5.42608174992e+00
-5.42610124043e+00
-5.42592001262e+00
-5.42495660050e+00
-5.42868239362e+00
-5.42376042462e+00
-5.42522074183e+00
-5.42408921055e+00
-5.42574848477e+00
-5.42621010548e+00
-5.42702725353e+00
-5.42637092860e+00
-5.42424544068e+00
-5.42634731242e+00
-5.42537200699e+00
-5.42364121921e+00
-5.42585340935e+00
-5.42798775058e+00
-5.42312125283e+00
-5.42380895340e+00
-5.42543550391e+00
-5.42524124344e+00
-5.42360039797e+00
-5.42551757418e+00
-5.42680482828e+00
-5.42633679255e+00
-5.42383840033e+00
-5.42321175880e+00
-5.42410911245e+00
-5.42486210212e+00
-5.42306079866e+00
-5.42418019773e+00
-5.42613954889e+00
-5.42618500854e+00
-5.42360626924e+00
-5.42467373323e+00
-5.42588654210e+00
-5.42876034502e+00
-5.42593933921e+00
-5.43045177125e+00
-5.42729654129e+00
-5.42641496051e+00
-5.42510484146e+00
-5.42761732106e+00
-5.42401678637e+00
-5.42306088384e+00
-5.42735200728e+00
-5.42444400783e+00
-5.42405266226e+00
-5.42714212406e+00
-5.42564600979e+00
-5.42802344857e+00
-5.42588668930e+00
-5.42230684546e+00
-5.42706006347e+00
-5.42696839545e+00
-5.42527385365e+00
-5.42778722250e+00
-5.42278712461e+00
-5.42284029536e+00
-5.42512545705e+00
-5.42344586290e+00
-5.42589856884e+00
-5.42546148904e+00
-5.42963748018e+00
-5.42517243302e+00
-5.42616655999e+00
-5.42876587949e+00
-5.42652581097e+00
-5.42515148446e+00
-5.42580318879e+00
-5.42537452791e+00
-5.42420354222e+00
-5.42895837788e+00
-5.42319448222e+00
-5.42597470654e+00
-5.42611576549e+00
-5.42600462677e+00
-5.42358160361e+00
-5.42501944695e+00
-5.42565791983e+00
-5.42844197833e+00
-5.42874426964e+00
-5.42375363817e+00
-5.42722394055e+00
-5.42741150232e+00
-5.42838196840e+00
-5.42858249821e+00
-5.42663135738e+00
-5.42607913099e+00
-5.42284337424e+00
-5.42580193559e+00
-5.42545845286e+00
-5.42709692602e+00
-5.42423427955e+00
-5.42333882259e+00
-5.42528450180e+00
-5.42487969968e+00
-5.42700799036e+00
-5.42810264149e+00
-5.42242586893e+00
-5.42844854952e+00
-5.42535781646e+00
-5.42610269174e+00
-5.42309381696e+00
-5.42702668527e+00
-5.42426176711e+00
-5.42319669014e+00
-5.42811813976e+00
-5.42446889591e+00
-5.42363868547e+00
-5.42719343483e+00
-5.42739944083e+00
-5.42545149052e+00
-5.42354657574e+00
-5.42426820811e+00
-5.42432877587e+00
-5.42412009806e+00
-5.42748336481e+00
-5.42490177530e+00
-5.42510733528e+00
-5.42714573455e+00
-5.42651883480e+00
-5.42630309209e+00
-5.42602598210e+00
-5.42558176178e+00
-5.42588003572e+00
-5.42461160605e+00
-5.42634878165e+00
-5.42776572889e+00
-5.42560627826e+00
-5.42579647164e+00
-5.42603806782e+00
-5.42572833613e+00
-5.42740495456e+00
-5.42805096810e+00
-5.42374256812e+00
-5.42595981737e+00
-5.42775244442e+00
-5.42866165370e+00
-5.42671562386e+00
-5.42593691385e+00
-5.42597216354e+00
-5.42493610578e+00
-5.42625324677e+00
-5.42585711711e+00
-5.42387880570e+00
-5.42357262831e+00
-5.42613778453e+00
-5.42767353433e+00
-5.42603485410e+00
-5.42784147793e+00
-5.42348621044e+00
-5.42690380341e+00
-5.42836514104e+00
-5.42495611799e+00
-5.42406816161e+00
-5.42558982167e+00
-5.42711818454e+00
-5.42796427469e+00
-5.42514536626e+00
-5.42768946806e+00
-5.42314775797e+00
-5.42528200044e+00
-5.42746035781e+00
-5.42364414754e+00
-5.42856607204e+00
-5.42451367999e+00
-5.42400044004e+00
-5.42517584057e+00
-5.42648088474e+00
-5.42672506895e+00
-5.42735859022e+00
-5.42716334931e+00
-5.42648098747e+00
-5.42641319183e+00
-5.42555347800e+00
-5.42541034393e+00
-5.42405294802e+00
-5.42713314763e+00
-5.42872666264e+00
-5.42731591626e+00
-5.42442024138e+00
-5.42754028944e+00
-5.42400666795e+00
-5.42672894955e+00
-5.42775375396e+00
-5.43007517249e+00
-5.42541257079e+00
-5.42559564484e+00
-5.42782527876e+00
-5.42375281263e+00
-5.42362274538e+00
-5.42569252452e+00