8.75166963623e+00
8.74554888098e+00
8.74868161632e+00
8.75408249740e+00
8.75031775424e+00
8.75110775307e+00
8.74926851703e+00
8.74954717972e+00
8.74996310605e+00
8.75431674062e+00
8.75118601892e+00
8.75297047955e+00
8.75139670988e+00
8.75077704480e+00
8.74857159919e+00
8.75109996506e+00
8.74959038756e+00
8.75078939361e+00
8.75185199619e+00
8.75372573107e+00
8.75441593799e+00
8.75077120367e+00
8.74942483267e+00
8.74885775527e+00
8.75202138581e+00
8.75118717237e+00
8.75194450413e+00
8.75147324581e+00
8.74897635416e+00
8.75141433718e+00
8.75472475652e+00
8.75124146491e+00
8.74816242283e+00
8.75324488987e+00
8.75190747867e+00
8.75169685702e+00
8.75223644897e+00
8.74976374416e+00
8.75060446300e+00
8.74772857250e+00
8.74968422675e+00
8.75075570371e+00
8.75146766569e+00
8.75281095304e+00
8.74922535383e+00
8.74825709170e+00
8.75109060857e+00
8.74851446992e+00
8.75313852857e+00
8.75267811316e+00
8.74964796789e+00
8.75211012213e+00
8.75010692317e+00
8.75035462818e+00
8.75145820869e+00
8.75248924841e+00
8.75063629002e+00
8.74976125869e+00
8.75090096965e+00
8.75289606284e+00
8.74958707748e+00
8.74870685320e+00
8.75013186030e+00
8.75065759500e+00
8.74861997892e+00
8.75045176793e+00
8.75096843854e+00
8.75024179605e+00
8.75168033508e+00
8.74744650237e+00
8.75205202848e+00
8.74951501445e+00
8.74787371077e+00
8.74899160311e+00
8.74901602736e+00
8.75055342012e+00
8.74790919656e+00
8.74848870444e+00
8.74944603635e+00
8.74839741943e+00
8.75341858415e+00
8.74937648057e+00
8.74962282864e+00
8.74986918272e+00
8.75114343665e+00
8.75274323615e+00
8.74947567863e+00
8.74693833887e+00
8.75060563802e+00
8.75253254539e+00
8.75239136992e+00
8.74744352848e+00
8.75165501269e+00
8.74950698223e+00
8.75092863740e+00
8.74720890617e+00
8.74837456682e+00
8.74999306360e+00
8.74893626097e+00
8.74801680977e+00
8.74755548354e+00
8.75086753561e+00
8.74972661126e+00
8.74777120706e+00
8.74455975293e+00
8.74643717656e+00
8.75213496502e+00
8.75096337768e+00
8.74818673500e+00
8.74991268731e+00
8.75109173278e+00
8.75012823230e+00
8.75055185319e+00
8.74736237927e+00
8.74944103484e+00
8.75120443016e+00
8.75167239491e+00
8.74909115070e+00
8.74870896927e+00
8.75162754265e+00
8.75196336170e+00
8.74942183780e+00
8.75429789192e+00
8.75264236544e+00
8.74933857999e+00
8.74959738807e+00
8.75091174629e+00
8.74915654119e+00
8.75326385167e+00
8.74586741611e+00
8.75397682026e+00
8.74933437573e+00
8.74881786898e+00
8.75149802562e+00
8.74785668700e+00
8.74730986377e+00
8.75401805580e+00
8.75106452359e+00
8.75077672110e+00
8.74887962884e+00
8.75034133074e+00
8.75009306791e+00
8.74718977051e+00
8.75108512249e+00
8.74885086394e+00
8.75484449230e+00
8.75017525992e+00
8.75540069597e+00
8.74995361452e+00
8.75103780287e+00
8.75462694200e+00
8.75007680053e+00
8.75044796368e+00
8.74936894341e+00
8.74859168517e+00
8.75021407385e+00
8.75072643256e+00
8.75256341777e+00
8.74945918788e+00
8.75055980383e+00
8.74895532187e+00
8.75096370465e+00
8.74850465156e+00
8.75295704498e+00
8.75205836246e+00
8.75497407051e+00
8.75530482368e+00
8.74984381271e+00
8.74766017230e+00
8.75499330921e+00
8.75019908331e+00
8.74770313356e+00
8.74953345428e+00
8.74730304388e+00
8.75159566401e+00
8.74947967593e+00
8.74989954674e+00
8.75209544418e+00
8.75363740635e+00
8.75089096065e+00
8.75155063676e+00
8.74887869940e+00
8.75051291803e+00
8.75333246132e+00
8.75071762960e+00
8.75268863295e+00
8.75012185515e+00
8.75391996438e+00
8.74914779384e+00
8.75081157918e+00
8.74963934812e+00
8.74863095634e+00
8.74944035075e+00
8.75227956711e+00
8.75038916510e+00
8.74758565533e+00
8.74987720549e+00
8.75142076504e+00
8.75071766800e+00
8.74997639173e+00
8.75280011435e+00
8.74794975791e+00
8.74925872269e+00
8.75313455152e+00
8.75154814633e+00
8.74599080040e+00
8.75086555888e+00
8.74816056508e+00
8.75036014996e+00
8.75150478482e+00
8.75463359904e+00
8.75149770448e+00
8.74849791482e+00
8.74846082494e+00
8.74958592642e+00
8.75376749559e+00
8.75215584552e+00
8.74946411480e+00
8.75343027432e+00
8.74828528881e+00
8.74812783047e+00
8.74867664108e+00
8.75234843160e+00
8.75201880152e+00
8.74882419802e+00
8.75057709091e+00
8.75119770255e+00
8.74919730063e+00
8.75139771629e+00
8.75095421985e+00
8.74910172820e+00
8.75088001204e+00
8.74986492448e+00
8.75057471255e+00
8.75402564660e+00
8.75026156842e+00
8.74999411830e+00
8.75132859468e+00
8.75157387475e+00
8.75081531669e+00
8.75116506806e+00
8.75151905470e+00
8.75073373530e+00
8.75041035524e+00
8.74901491791e+00
8.75157065629e+00
8.74791505038e+00
8.75013834611e+00
8.75099614418e+00
8.75138500616e+00
8.74794420478e+00
8.74849472096e+00
8.75463211871e+00
8.75160175669e+00
8.74750275600e+00
8.75156836980e+00
8.75127162915e+00
8.74949390792e+00
8.74932752270e+00
8.75217153461e+00
8.75322484884e+00
8.75035875471e+00
8.74952449080e+00
8.75400932804e+00
8.74951599986e+00
8.75041853442e+00
8.75141699680e+00
8.74999963559e+00
8.74970528028e+00
8.75217121404e+00
8.75342902694e+00
8.75047961883e+00
8.75302402587e+00
8.74754426035e+00
8.75068324847e+00
8.74797546276e+00
8.75009157036e+00
8.75303067966e+00
8.75278996648e+00
8.75062095972e+00
8.75357890178e+00
8.75007635058e+00
8.75062923375e+00
8.75048315267e+00
8.75100937984e+00
8.75360980248e+00
8.74856669787e+00
8.75027102561e+00
8.75014222018e+00
8.74957744895e+00
8.74697495416e+00
8.75138017522e+00
8.75282494551e+00
8.75106337654e+00
8.74978253307e+00
8.74857748660e+00
8.75021696211e+00
8.75183343639e+00
8.75116352416e+00
8.75319465253e+00
8.74738869182e+00
8.75058566131e+00
8.74958120293e+00
8.75091304625e+00
8.74564813818e+00
8.75000051904e+00
8.74926870260e+00
8.75227168362e+00
8.74986778027e+00
8.75041121748e+00
8.74980978499e+00
8.75141798651e+00
8.74926089722e+00
8.75103650998e+00
8.75004622020e+00
8.74925783153e+00
8.75056534080e+00
8.75226980221e+00
8.74986244157e+00
8.74586325737e+00
8.75121927562e+00
8.75052103543e+00
8.74911595514e+00
8.75013754904e+00
8.75087603464e+00
8.74844267588e+00
8.74849349411e+00
8.75005523680e+00
8.74945316932e+00
8.74918774853e+00
8.75048191052e+00
8.75220201242e+00
8.75204546855e+00
8.74847480646e+00
8.74725643309e+00
8.74870327833e+00
8.75037785551e+00
8.74796639761e+00
8.74843465478e+00
8.75253437892e+00
8.74902450308e+00
8.74760236863e+00
8.74997393151e+00
8.75015781225e+00
8.75386797635e+00
8.74880586899e+00
8.75544588320e+00
8.75307332646e+00
8.75185118473e+00
8.74959230135e+00
8.75043815331e+00
8.75054205749e+00
8.74865349039e+00
8.75128150845e+00
8.74674839811e+00
8.74873956092e+00
8.75054566328e+00
8.75000630791e+00
8.75109515143e+00
8.75214375805e+00
8.74450909158e+00
8.75175725556e+00
8.74933132314e+00
8.74851960706e+00
8.75327492395e+00
8.74731709471e+00
8.74761181012e+00
8.74929442474e+00
8.74751464807e+00
8.74934290027e+00
8.75193101700e+00
8.75260602563e+00
8.74928464396e+00
8.75017131514e+00
8.75524066811e+00
8.75119942964e+00
8.74896889837e+00
8.75081821455e+00
8.75303188303e+00
8.75022322307e+00
8.75354533490e+00
8.74673721964e+00
8.75244725697e+00
8.74867357158e+00
8.75041247679e+00
8.74834173492e+00
8.75106393380e+00
8.75172339341e+00
8.74993592131e+00
8.75215979103e+00
8.74755314740e+00
8.75291273550e+00
8.75198868385e+00
8.75143939559e+00
8.75028240015e+00
8.75201505692e+00
8.75071150199e+00
8.74846284702e+00
8.75364790582e+00
8.75063298707e+00
8.75036521942e+00
8.74925481055e+00
8.74992659396e+00
8.75077754557e+00
8.74934576400e+00
8.75552608926e+00
8.75161321201e+00
8.74678385020e+00
8.75106746008e+00
8.75086784249e+00
8.75052261267e+00
8.74813585058e+00
8.75354574156e+00
8.75130356163e+00
8.75006839737e+00
8.75359095414e+00
8.74997634453e+00
8.74825457629e+00
8.75219403833e+00
8.75062357507e+00
8.74792729411e+00
8.75012490369e+00
8.74638471865e+00
8.74942158065e+00
8.74943316433e+00
8.75195026991e+00
8.74819145224e+00
8.74982534035e+00
8.75366073494e+00
8.75024626424e+00
8.75294745523e+00
8.74791397956e+00
8.74926677191e+00
8.75126484684e+00
8.74807340142e+00
8.75123859818e+00
8.75475971363e+00
8.75091102381e+00
8.75018209108e+00
8.74956935457e+00
8.75008386764e+00
8.75165634306e+00
8.75273275481e+00
8.74914627988e+00
8.75179308513e+00
8.75021911340e+00
8.75334011710e+00
8.75312470541e+00
8.75096401790e+00
8.75184524498e+00
8.75065929278e+00
8.75017635744e+00
8.75120918782e+00
8.74925489134e+00
8.74844233655e+00
8.74806430776e+00
8.75227439681e+00
8.75129130459e+00
8.75103975744e+00
8.75184492698e+00
8.75355824369e+00
8.75330341810e+00
8.74814306959e+00
8.75029577901e+00
8.75110861669e+00
8.75312539288e+00
8.75080187660e+00
8.75012239966e+00
8.75174456678e+00
8.74850816602e+00
8.75014695590e+00
8.75195853301e+00
8.75012040100e+00
8.75000502565e+00
8.74916149941e+00
8.74703218745e+00
8.75054933950e+00
8.75187659982e+00
8.75215664577e+00
8.75401586071e+00
8.75133211885e+00
8.75023623690e+00
8.74931893267e+00
8.74869459031e+00
8.74964027284e+00
8.74809288044e+00
8.75012917483e+00
8.75184795803e+00
8.75235344264e+00
8.74942706728e+00
8.75561785307e+00
8.74886539088e+00
8.74908999547e+00
8.75177164791e+00
8.75374142354e+00
8.75010711995e+00
8.75020244083e+00
8.75125575739e+00
8.75085114530e+00
8.74785221216e+00
8.75026901493e+00