8.58516861562e-01
8.58208881327e-01
8.58459030697e-01
8.58400505273e-01
8.58374614369e-01
8.58383772824e-01
8.58298921987e-01
8.58279483910e-01
8.58335964107e-01
8.58298737908e-01
8.58231682530e-01
8.58052375124e-01
8.58299275827e-01
8.58363216979e-01
8.58195881387e-01
8.58150365477e-01
8.58346494732e-01
8.58254441937e-01
8.58292875975e-01
8.58330489945e-01
8.58059874702e-01
8.58252699909e-01
8.58062226730e-01
8.58220673073e-01
8.58071328648e-01
8.58332816167e-01
8.58342297455e-01
8.58467828158e-01
8.58288790352e-01
8.58377938303e-01
8.58263420539e-01
8.58254878132e-01
8.58393590148e-01
8.58384849557e-01
8.58223959374e-01
8.58236236930e-01
8.58367077480e-01
8.58320277767e-01
8.58424613106e-01
8.58198160141e-01
8.58409355498e-01
8.58297043210e-01
8.58160618317e-01
8.58165208661e-01
8.58259100348e-01
8.58343794089e-01
8.58378543613e-01
8.58297354786e-01
8.58255373388e-01
8.58116315946e-01
8.58151875555e-01
8.58260139467e-01
8.58296450434e-01
8.58415938637e-01
8.58453004849e-01
8.58418474220e-01
8.58024062242e-01
8.58373721399e-01
8.58304508370e-01
8.58278710328e-01
8.58143470935e-01
8.58228085577e-01
8.58290535439e-01
8.58197798868e-01
8.58221486356e-01
8.58312091450e-01
8.58189034927e-01
8.58430187161e-01
8.58341331311e-01
8.58469284421e-01
8.58176908480e-01
8.58584331143e-01
8.58249255014e-01
8.58434766650e-01
8.58352947125e-01
8.58166871095e-01
8.58398307309e-01
8.58145013017e-01
8.58079008075e-01
8.58380134547e-01
8.58356672928e-01
8.58347050083e-01
8.57977286872e-01
8.58391493536e-01
8.58242924854e-01
8.58202793425e-01
8.58336208609e-01
8.58495539802e-01
8.58264287721e-01
8.58264516221e-01
8.58248575001e-01
8.58166376819e-01
8.58329566943e-01
8.58253284982e-01
8.58211230607e-01
8.58158446973e-01
8.58188680056e-01
8.58391964487e-01
8.58406071160e-01
8.58331865544e-01
8.58339168232e-01
8.58366421352e-01
8.58337384564e-01
8.58354440391e-01
8.58573133607e-01
8.58311910535e-01
8.58307784867e-01
8.58465528544e-01
8.58173559527e-01
8.58355715643e-01
8.58231272842e-01
8.58514232936e-01
8.58463160565e-01
8.58485218074e-01
8.58292286510e-01
8.58281233522e-01
8.58225188495e-01
8.58248706060e-01
8.58224703709e-01
8.58094729667e-01
8.58319207053e-01
8.58258441839e-01
8.58224944462e-01
8.58209827087e-01
8.58345074095e-01
8.58312865231e-01
8.58241659891e-01
8.58236347124e-01
8.58299240609e-01
8.58476341469e-01
8.58137369284e-01
8.58148749237e-01
8.58177756504e-01
8.58272916882e-01
8.58286791499e-01
8.58215173301e-01
8.58222957170e-01
8.58235982188e-01
8.58463715822e-01
8.58099462453e-01
8.58226524290e-01
8.58335747862e-01
8.58126187372e-01
8.58272806419e-01
8.58397983246e-01
8.58096383628e-01
8.58518592443e-01
8.58280833212e-01
8.58187375770e-01
8.58110927651e-01
8.58311581335e-01
8.58289752737e-01
8.58236097650e-01
8.58281743044e-01
8.58370347545e-01
8.58378637690e-01
8.58212282141e-01
8.58132149080e-01
8.58443575872e-01
8.58365002124e-01
8.58302383433e-01
8.58274207783e-01
8.58244518884e-01
8.57976401733e-01
8.58082919110e-01
8.58393604014e-01
8.58340240011e-01
8.58156694724e-01
8.58117291245e-01
8.58207690778e-01
8.58350442685e-01
8.58379857581e-01
8.58351474172e-01
8.58251162520e-01
8.58410388018e-01
8.58160710969e-01
8.58352275273e-01
8.58237224853e-01
8.58380903446e-01
8.58465026537e-01
8.58488793724e-01
8.58357690622e-01
8.58152522905e-01
8.58014156374e-01
8.58236344435e-01
8.58350815506e-01
8.58162567015e-01
8.58268231311e-01
8.58418758299e-01
8.58397510578e-01
8.58381362598e-01
8.58126217325e-01
8.58072266573e-01
8.58186019468e-01
8.58361585118e-01
8.58205634108e-01
8.58047093322e-01
8.58436098497e-01
8.58453958798e-01
8.58258246919e-01
8.58321219818e-01
8.58166373319e-01
8.58305217335e-01
8.58233123564e-01
8.58070643550e-01
8.58273743486e-01
8.58233462311e-01
8.58291272638e-01
8.58071283906e-01
8.58165484252e-01
8.58154771101e-01
8.58395134362e-01
8.58273884568e-01
8.58270984318e-01
8.58288132403e-01
8.58291659443e-01
8.58195508296e-01
8.58229668838e-01
8.58167467859e-01
8.58320022560e-01
8.58360030251e-01
8.58350287866e-01
8.58322356943e-01
8.58307957313e-01
8.58497776046e-01
8.58259209047e-01
8.58427221892e-01
8.58225814861e-01
8.58342187832e-01
8.58323014403e-01
8.58309124012e-01
8.58321975655e-01
8.58347052712e-01
8.58379909712e-01
8.58364867739e-01
8.58400369095e-01
8.58280133652e-01
8.58334701670e-01
8.58359915111e-01
8.58216833023e-01
8.58376102365e-01
8.58206041432e-01
8.58280005364e-01
8.58190435652e-01
8.58277756242e-01
8.58244208949e-01
8.58453616870e-01
8.58241377305e-01
8.58313600086e-01
8.58276776418e-01
8.58248778235e-01
8.58287767470e-01
8.58323774442e-01
8.58237623100e-01
8.58343855505e-01
8.58248680437e-01
8.58229285922e-01
8.58311066104e-01
8.58329311229e-01
8.58304778023e-01
8.58422848338e-01
8.58460890408e-01
8.58249221119e-01
8.58291999020e-01
8.58279214820e-01
8.58075833485e-01
8.58386226654e-01
8.58300778967e-01
8.58139666579e-01
8.58362075273e-01
8.58220593364e-01
8.58288939020e-01
8.58224941407e-01
8.58467784436e-01
8.58373562332e-01
8.58337014258e-01
8.58272673953e-01
8.58228852911e-01
8.58207938026e-01
8.58375107333e-01
8.58179351952e-01
8.58246048266e-01
8.58194124436e-01
8.58359618743e-01
8.58351935840e-01
8.58481233877e-01
8.58361631519e-01
8.58327380389e-01
8.58443320554e-01
8.58331743830e-01
8.58292307397e-01
8.58426134800e-01
8.58287200912e-01
8.58184950527e-01
8.58404611441e-01
8.58373577811e-01
8.58221876107e-01
8.58393835594e-01
8.58245396622e-01
8.58263320892e-01
8.58342135748e-01
8.58436399402e-01
8.58317235155e-01
8.58465143209e-01
8.58417877365e-01
8.58311711305e-01
8.58316701781e-01
8.58287630792e-01
8.58120473585e-01
8.58357055850e-01
8.58304427150e-01
8.58209994159e-01
8.58192383027e-01
8.58386915131e-01
8.58322055410e-01
8.58316627327e-01
8.58184266260e-01
8.58319356309e-01
8.58175111743e-01
8.58357682031e-01
8.58239400859e-01
8.58216446507e-01
8.58286861860e-01
8.58391075559e-01
8.58102605290e-01
8.58385251058e-01
8.58364354549e-01
8.58309234780e-01
8.58147209517e-01
8.58284861920e-01
8.58154581808e-01
8.58227486442e-01
8.58296151129e-01
8.58529361011e-01
8.58362285687e-01
8.58371792184e-01
8.58238857830e-01
8.58245882252e-01
8.58329559396e-01
8.58226357633e-01
8.58309909907e-01
8.58376799772e-01
8.58429903159e-01
8.58188279923e-01
8.58279090517e-01
8.58348693270e-01
8.58234759579e-01
8.58174197108e-01
8.58393508789e-01
8.58266535315e-01
8.58195340287e-01
8.58369648853e-01
8.58236671354e-01
8.58245144218e-01
8.58108155074e-01
8.58330403937e-01
8.58154649703e-01
8.58222190012e-01
8.58401297202e-01
8.58264239947e-01
8.58459565500e-01
8.58196763221e-01
8.58228921266e-01
8.58469410505e-01
8.58291534389e-01
8.58419155227e-01
8.58092840147e-01
8.58366026390e-01
8.58286707429e-01
8.58097060309e-01
8.58182363711e-01
8.58106639163e-01
8.58150924973e-01
8.58170424468e-01
8.58261840445e-01
8.58148383353e-01
8.58520319316e-01
8.58499462922e-01
8.58215555778e-01
8.58239148989e-01
8.58311350348e-01
8.58182782259e-01
8.58284878091e-01
8.58277314197e-01
8.58344711354e-01
8.58119413278e-01
8.58381933976e-01
8.58289502196e-01
8.58337411170e-01
8.58417071231e-01
8.58261273460e-01
8.58173830449e-01
8.58386380955e-01
8.58170765052e-01
8.58295786687e-01
8.58208038575e-01
8.58348128279e-01
8.58395353082e-01
8.58143363841e-01
8.58284794105e-01
8.58214981116e-01
8.58404798124e-01
8.58397449232e-01
8.58476659439e-01
8.58281323215e-01
8.58364333869e-01
8.58300761753e-01
8.58306780629e-01
8.58399516347e-01
8.58287206865e-01
8.58220045211e-01
8.58362285411e-01
8.58481385093e-01
8.58260605633e-01
8.58185005867e-01
8.58383318941e-01
8.58410029591e-01
8.58136585231e-01
8.58303508374e-01
8.58339881360e-01
8.58223229915e-01
8.58273459244e-01
8.58065238893e-01
8.58300550933e-01
8.58248332744e-01
8.58212848793e-01
8.58209043650e-01
8.58296435096e-01
8.58301032482e-01
8.58230551122e-01
8.58283656577e-01
8.58482213385e-01
8.58354958231e-01
8.58177234151e-01
8.58252285932e-01
8.58087191002e-01
8.57947263373e-01
8.58220669106e-01
8.58304713681e-01
8.58394430248e-01
8.58076796960e-01
8.58364202150e-01
8.58329448689e-01
8.58230895229e-01
8.58258576737e-01
8.58090326919e-01
8.58438981004e-01
8.58257050404e-01
8.58301568452e-01
8.58310162343e-01
8.58117159841e-01
8.58546688838e-01
8.58098709831e-01
8.58418153484e-01
8.58464951574e-01
8.58331405717e-01
8.58080192676e-01
8.58350252203e-01
8.58363850474e-01
8.58460325724e-01
8.58247091092e-01
8.58281291754e-01
8.58461565672e-01
8.58304466030e-01
8.58592949490e-01
8.58127698962e-01
8.58360857008e-01
8.58508611169e-01
8.58144848355e-01
8.58282464961e-01
8.58353667262e-01
8.58298030390e-01
8.58412513488e-01
8.58210036460e-01
8.58340866491e-01
8.58302795887e-01
8.58438853717e-01
8.58221447933e-01
8.58461787945e-01
8.58150758273e-01
8.58603212630e-01
8.58212319197e-01
8.58434235982e-01
8.58267321185e-01
8.58115633249e-01
8.58237904578e-01
8.58279475434e-01
8.58349289364e-01
8.58300006548e-01
8.58397663460e-01
8.58424976065e-01
8.58226713715e-01
8.58400527162e-01
8.58296444446e-01
8.58351600359e-01
8.58091753889e-01
8.58168982039e-01
8.58314028643e-01
8.58263864176e-01
8.58199847127e-01
8.58286840690e-01