-6.74491518913e+00
-6.74778076840e+00
-6.74490277310e+00
-6.75136320662e+00
-6.74038124085e+00
-6.74335266408e+00
-6.73925748710e+00
-6.74619494096e+00
-6.74170123537e+00
-6.74125878665e+00
-6.74373696041e+00
-6.74148400429e+00
-6.74423999606e+00
-6.74059846829e+00
-6.74067801695e+00
-6.74171836447e+00
-6.74124380170e+00
-6.74126723362e+00
-6.74098322588e+00
-6.74460699847e+00
-6.74047136839e+00
-6.73791013692e+00
-6.73938440111e+00
-6.74290202510e+00
-6.74301991302e+00
-6.74476191455e+00
-6.74505835609e+00
-6.74271729681e+00
-6.73807685435e+00
-6.74236580459e+00
-6.74277469603e+00
-6.74514823220e+00
-6.74403324517e+00
-6.74337334081e+00
-6.74512558940e+00
-6.74294277918e+00
-6.74347784982e+00
-6.73943792515e+00
-6.74174350265e+00
-6.74396485400e+00
-6.73883773536e+00
-6.73840304415e+00
-6.74222055025e+00
-6.74279005080e+00
-6.74633063209e+00
-6.74004479968e+00
-6.74532043196e+00
-6.74383823961e+00
-6.74303349886e+00
-6.74327354836e+00
-6.74519374622e+00
-6.74350597416e+00
-6.73659345693e+00
-6.74710269640e+00
-6.74195329874e+00
-6.74437708062e+00
-6.74296543480e+00
-6.74274321119e+00
-6.74293384862e+00
-6.74303601208e+00
-6.74255741690e+00
-6.74498355749e+00
-6.74408579548e+00
-6.74324316031e+00
-6.73741051935e+00
-6.73732948212e+00
-6.74377006370e+00
-6.75040168646e+00
-6.74396277834e+00
-6.74319418928e+00
-6.74071059054e+00
-6.74194338680e+00
-6.74378511288e+00
-6.74292803501e+00
-6.74344174318e+00
-6.74428671172e+00
-6.74276745150e+00
-6.74033284285e+00
-6.74470985743e+00
-6.74358447954e+00
-6.74218329059e+00
-6.74376354531e+00
-6.73937068415e+00
-6.74075886647e+00
-6.74770970514e+00
-6.74649580445e+00
-6.74394710272e+00
-6.74553787053e+00
-6.74417048271e+00
-6.74544742385e+00
-6.74014866418e+00
-6.74111765719e+00
-6.74082230727e+00
-6.74295460425e+00
-6.73731333684e+00
-6.74418321064e+00
-6.74344728481e+00
-6.74532494467e+00
-6.74386586663e+00
-6.74152794875e+00
-6.74453161493e+00
-6.74005154555e+00
-6.73946890037e+00
-6.74771891612e+00
-6.74446901710e+00
-6.74701567039e+00
-6.74353221876e+00
-6.74364953149e+00
-6.74872896165e+00
-6.73833028514e+00
-6.74196999539e+00
-6.74483556926e+00
-6.74540277185e+00
-6.74504094145e+00
-6.74215696737e+00
-6.75118292410e+00
-6.74257855833e+00
-6.74405889776e+00
-6.74271073006e+00
-6.74627863962e+00
-6.73941972098e+00
-6.74352481963e+00
-6.73643427361e+00
-6.74985018550e+00
-6.74092923608e+00
-6.74010770277e+00
-6.74549998224e+00
-6.74434783758e+00
-6.74626192483e+00
-6.74451120649e+00
-6.73648211101e+00
-6.74409509195e+00
-6.74136284016e+00
-6.74405665691e+00
-6.74720034435e+00
-6.74548962648e+00
-6.74422590509e+00
-6.74594607324e+00
-6.73804526551e+00
-6.74124662121e+00
-6.74301454175e+00
-6.73862855126e+00
-6.73888687861e+00
-6.73935742953e+00
-6.73903410437e+00
-6.74096142148e+00
-6.74334957589e+00
-6.74230677809e+00
-6.74783089708e+00
-6.74310639923e+00
-6.74352239860e+00
-6.74769219772e+00
-6.74515516652e+00
-6.74571619303e+00
-6.74286136202e+00
-6.74197440898e+00
-6.73887674959e+00
-6.74747538784e+00
-6.75357394432e+00
-6.73712130830e+00
-6.73629336884e+00
-6.73959346582e+00
-6.73916275035e+00
-6.74675688736e+00
-6.74570225607e+00
-6.74604427418e+00
-6.74427389430e+00
-6.74152347783e+00
-6.74395883571e+00
-6.74114072173e+00
-6.74301392853e+00
-6.74014271067e+00
-6.74580894455e+00
-6.73924652539e+00
-6.74475232914e+00
-6.74465472814e+00
-6.73913008732e+00
-6.74417600080e+00
-6.74152009618e+00
-6.73636084671e+00
-6.74117251292e+00
-6.74114801125e+00
-6.73829822457e+00
-6.74578266654e+00
-6.73908044686e+00
-6.74324142898e+00
-6.74672738248e+00
-6.74079092864e+00
-6.74190058641e+00
-6.73858927732e+00
-6.73997780558e+00
-6.74419251034e+00
-6.74441571438e+00
-6.74282667733e+00
-6.74444387936e+00
-6.74363206420e+00
-6.74414336561e+00
-6.74244046228e+00
-6.74080937151e+00
-6.73739920030e+00
-6.74371889287e+00
-6.74092853214e+00
-6.74290041749e+00
-6.74170094556e+00
-6.74395471613e+00
-6.74105252114e+00
-6.74097993808e+00
-6.74146274122e+00
-6.74213447328e+00
-6.74725818447e+00
-6.74381494740e+00
-6.74843612454e+00
-6.74273488818e+00
-6.74572506205e+00
-6.74363794294e+00
-6.73992228052e+00
-6.74673836500e+00
-6.74604039036e+00
-6.73893230948e+00
-6.74115901903e+00
-6.73934011538e+00
-6.73966547399e+00
-6.74246806539e+00
-6.73984392230e+00
-6.74645428989e+00
-6.74502700192e+00
-6.73999674234e+00
-6.74506897241e+00
-6.74176621528e+00
-6.74243210512e+00
-6.74204626049e+00
-6.74355308373e+00
-6.73982347058e+00
-6.74324692995e+00
-6.74105756252e+00
-6.74355289341e+00
-6.74447354589e+00
-6.74122011909e+00
-6.74109389776e+00
-6.74400738133e+00
-6.74649726711e+00
-6.73750789267e+00
-6.74327904757e+00
-6.74242909993e+00
-6.74006734051e+00
-6.74714563012e+00
-6.73593033874e+00
-6.74698501170e+00
-6.74319362034e+00
-6.74447525998e+00
-6.74061905353e+00
-6.74096132891e+00
-6.74713003392e+00
-6.74086561985e+00
-6.74424651111e+00
-6.74284734490e+00
-6.74319912364e+00
-6.74488220983e+00
-6.74243249797e+00
-6.73882286191e+00
-6.74169728013e+00
-6.74370201101e+00
-6.74102960115e+00
-6.74159741091e+00
-6.74181008247e+00
-6.74525885588e+00
-6.74453168925e+00
-6.74338702806e+00
-6.74583118126e+00
-6.74373197430e+00
-6.74172692433e+00
-6.74211264965e+00
-6.73680008803e+00
-6.74151814536e+00
-6.74474374504e+00
-6.74219204105e+00
-6.73812497167e+00
-6.74246376994e+00
-6.74657791125e+00
-6.73911348458e+00
-6.74681679379e+00
-6.74471340347e+00
-6.73554766418e+00
-6.73976889180e+00
-6.74548764906e+00
-6.73861447819e+00
-6.74701892865e+00
-6.74347871003e+00
-6.74006910127e+00
-6.74062690908e+00
-6.74283470972e+00
-6.74346677721e+00
-6.74259074759e+00
-6.74401415192e+00
-6.74071601673e+00
-6.74712484661e+00
-6.74247270614e+00
-6.74546092444e+00
-6.74595657878e+00
-6.73734267621e+00
-6.74163144419e+00
-6.74430247768e+00
-6.74243759252e+00
-6.74225854721e+00
-6.74522503718e+00
-6.73837504504e+00
-6.74447132371e+00
-6.74623943527e+00
-6.73906344507e+00
-6.74052203270e+00
-6.74273498049e+00
-6.73918550272e+00
-6.74401118294e+00
-6.74781236141e+00
-6.74463385411e+00
-6.74574791958e+00
-6.74933493412e+00
-6.74095091291e+00
-6.74503649297e+00
-6.74223643014e+00
-6.73963601776e+00
-6.74150778573e+00
-6.74158698531e+00
-6.74162018487e+00
-6.74551126005e+00
-6.74547385411e+00
-6.74331995986e+00
-6.74104657697e+00
-6.74226245535e+00
-6.74588528873e+00
-6.74265011948e+00
-6.74483697111e+00
-6.74132338859e+00
-6.74019320696e+00
-6.74180337223e+00
-6.74154486058e+00
-6.74570940172e+00
-6.74498187432e+00
-6.73696611402e+00
-6.74469218437e+00
-6.74473394533e+00
-6.74711960630e+00
-6.74159954738e+00
-6.74126325985e+00
-6.73695445831e+00
-6.74111375723e+00
-6.74383351071e+00
-6.74091715585e+00
-6.74002069102e+00
-6.74165173197e+00
-6.74544428012e+00
-6.74801897414e+00
-6.74398518456e+00
-6.74725024703e+00
-6.74465391303e+00
-6.74834022499e+00
-6.74249328153e+00
-6.74127078691e+00
-6.74057170768e+00
-6.74183997360e+00
-6.74519299551e+00
-6.74272879579e+00
-6.74115739451e+00
-6.74662331580e+00
-6.74076142663e+00
-6.74161187888e+00
-6.74189059664e+00
-6.73956664494e+00
-6.74473302981e+00
-6.74304527941e+00
-6.74048345797e+00
-6.74184774950e+00
-6.74566493422e+00
-6.74565109286e+00
-6.74312966135e+00
-6.74468564974e+00
-6.74672734651e+00
-6.73958952525e+00
-6.74297679571e+00
-6.74057740930e+00
-6.74022146157e+00
-6.74349369386e+00
-6.74327987415e+00
-6.74357471492e+00
-6.74192022862e+00
-6.74154933090e+00
-6.73724948771e+00
-6.74051071234e+00
-6.74336582929e+00
-6.74502383671e+00
-6.74697193492e+00
-6.73955177900e+00
-6.74112718474e+00
-6.74412884283e+00
-6.73980291733e+00
-6.74215982576e+00
-6.73980414190e+00
-6.74207414401e+00
-6.74087794464e+00
-6.74158785813e+00
-6.74034494937e+00
-6.73779031233e+00
-6.74174635346e+00
-6.73961058246e+00
-6.73981846971e+00
-6.74394781960e+00
-6.74171971098e+00
-6.74493517243e+00
-6.74012340522e+00
-6.73909518084e+00
-6.74611028093e+00
-6.73988707967e+00
-6.74359690748e+00
-6.74106762881e+00
-6.73951479949e+00
-6.74871071754e+00
-6.74133739091e+00
-6.74241550875e+00
-6.74056442193e+00
-6.74376760063e+00
-6.74539628559e+00
-6.75270889118e+00
-6.73583417541e+00
-6.74482288120e+00
-6.74548817794e+00
-6.73962865139e+00
-6.74490188885e+00
-6.73829495429e+00
-6.74519093389e+00
-6.74658750381e+00
-6.74371611016e+00
-6.73993095316e+00
-6.74229243240e+00
-6.74331749957e+00
-6.74248130459e+00
-6.74295354762e+00
-6.74252245403e+00
-6.74255737056e+00
-6.74357228363e+00
-6.74130972385e+00
-6.74139608972e+00
-6.74199919427e+00
-6.74454479542e+00
-6.74237235117e+00
-6.74526435180e+00
-6.74003126991e+00
-6.74473925399e+00
-6.73981300117e+00
-6.74211801784e+00
-6.74579229940e+00
-6.74424202571e+00
-6.73962245640e+00
-6.74182910511e+00
-6.74257128874e+00
-6.74271727641e+00
-6.74248725192e+00
-6.74009097692e+00
-6.74439636187e+00
-6.74337477695e+00
-6.74620239631e+00
-6.74634138940e+00
-6.73986852458e+00
-6.74751586498e+00
-6.74006507610e+00
-6.74888925633e+00
-6.73849492938e+00
-6.74523698607e+00
-6.73817461984e+00
-6.74469857646e+00
-6.74385805647e+00
-6.74639134065e+00
-6.74050031021e+00
-6.74182926487e+00
-6.74285479401e+00
-6.74328706994e+00
-6.73888686919e+00
-6.74149913733e+00
-6.74410972564e+00
-6.74428264187e+00
-6.73982422847e+00
-6.73827103376e+00
-6.73925511303e+00
-6.74585366968e+00
-6.73385846693e+00
-6.73758513833e+00
-6.74231309213e+00
-6.74460357234e+00
-6.74134555299e+00
-6.74545214870e+00
-6.74561182118e+00
-6.74326083214e+00
-6.73880849619e+00
-6.74107019565e+00
-6.74121276696e+00
-6.74287123107e+00
-6.74606968722e+00
-6.74524185428e+00
-6.74136561602e+00
-6.74046774638e+00
-6.74621917869e+00
-6.74301549334e+00