5.76538727108e-01
5.76337125136e-01
5.76132746672e-01
5.77242437744e-01
5.76048595091e-01
5.76294575137e-01
5.76571179480e-01
5.76063161414e-01
5.76363770431e-01
5.76531108449e-01
5.76101956321e-01
5.75881771159e-01
5.77308305407e-01
5.76479302006e-01
5.76458919668e-01
5.77210194980e-01
5.76569860578e-01
5.75802343809e-01
5.76785713243e-01
5.76508181821e-01
5.77663642316e-01
5.76480061637e-01
5.77026245913e-01
5.75841767537e-01
5.77508222545e-01
5.77630576372e-01
5.77609356040e-01
5.75946476689e-01
5.76386528746e-01
5.76151783608e-01
5.77452994662e-01
5.77515455385e-01
5.76462402609e-01
5.76427473288e-01
5.76629147732e-01
5.77866460137e-01
5.77710544845e-01
5.76536407814e-01
5.76625591204e-01
5.76713716541e-01
5.76939328360e-01
5.76468180585e-01
5.76866457719e-01
5.75945503965e-01
5.76567103158e-01
5.76671167881e-01
5.77197326302e-01
5.76698933944e-01
5.76442962143e-01
5.77052783655e-01
5.76578777830e-01
5.77086562923e-01
5.77501835467e-01
5.76144600924e-01
5.76652916224e-01
5.76876791951e-01
5.77052393845e-01
5.76741107257e-01
5.76624587736e-01
5.76812792883e-01
5.77359236654e-01
5.77283926232e-01
5.76377146158e-01
5.76913838872e-01
5.76760512029e-01
5.76179653467e-01
5.76718894595e-01
5.76519150849e-01
5.76042880017e-01
5.76048616878e-01
5.76061479292e-01
5.77226663832e-01
5.76925166766e-01
5.76744996288e-01
5.77413737581e-01
5.77006959521e-01
5.76984040823e-01
5.76007758000e-01
5.76305720391e-01
5.76514911732e-01
5.76309336215e-01
5.75862812176e-01
5.76299276414e-01
5.76452536718e-01
5.76576722844e-01
5.76548094699e-01
5.76607894982e-01
5.76386011709e-01
5.76962858514e-01
5.76703938289e-01
5.76251198567e-01
5.77463608564e-01
5.76530645362e-01
5.76199477721e-01
5.77452921663e-01
5.77015784644e-01
5.76478179673e-01
5.76645885019e-01
5.76533671950e-01
5.76349008408e-01
5.76238095596e-01
5.76941501981e-01
5.76375237804e-01
5.77331573163e-01
5.76328640896e-01
5.76309554549e-01
5.77137908795e-01
5.76316843312e-01
5.76655722763e-01
5.77519705807e-01
5.77509489292e-01
5.76269410324e-01
5.76434217979e-01
5.76869733214e-01
5.76504283127e-01
5.76727325860e-01
5.76797951058e-01
5.76304994267e-01
5.77242555084e-01
5.76727368525e-01
5.76870557411e-01
5.76453441674e-01
5.76831038523e-01
5.75783265050e-01
5.76948455993e-01
5.76560075560e-01
5.77611853482e-01
5.76900623207e-01
5.76495750901e-01
5.77185934224e-01
5.76922146022e-01
5.76464312289e-01
5.76901791249e-01
5.76878602745e-01
5.76683195775e-01
5.76793730989e-01
5.77009108005e-01
5.77647676068e-01
5.76473274260e-01
5.76691788042e-01
5.76514036740e-01
5.76076981710e-01
5.77234060902e-01
5.76096677831e-01
5.75994026943e-01
5.76897571716e-01
5.76309257554e-01
5.77193370332e-01
5.76776871833e-01
5.76084816751e-01
5.76273092201e-01
5.76975086278e-01
5.77117918957e-01
5.77899858053e-01
5.76471746290e-01
5.76175601723e-01
5.76928627504e-01
5.77001332337e-01
5.77479063289e-01
5.76057245179e-01
5.76519373196e-01
5.76746530976e-01
5.76600832370e-01
5.77205441064e-01
5.76914858868e-01
5.76026910998e-01
5.76548975864e-01
5.77087159504e-01
5.76599896023e-01
5.76366639332e-01
5.76351017891e-01
5.76628750966e-01
5.77020988812e-01
5.77357751021e-01
5.77309485365e-01
5.77028733864e-01
5.76880187715e-01
5.76415543814e-01
5.76346902044e-01
5.76688575483e-01
5.77230978999e-01
5.76986684411e-01
5.76928543292e-01
5.76288350783e-01
5.77211533197e-01
5.77092222456e-01
5.75754339627e-01
5.76488846760e-01
5.77304300530e-01
5.76746516900e-01
5.76067815126e-01
5.76512027071e-01
5.76840568904e-01
5.75900022784e-01
5.76387813623e-01
5.76483283841e-01
5.75824425881e-01
5.76457021945e-01
5.76830453030e-01
5.76140220152e-01
5.77055187472e-01
5.75734837548e-01
5.76473111052e-01
5.77054804966e-01
5.76917194795e-01
5.75842001731e-01
5.77084839982e-01
5.76619801014e-01
5.75856939614e-01
5.76923860865e-01
5.76441269245e-01
5.77482214046e-01
5.76689847931e-01
5.76481639253e-01
5.76485391635e-01
5.77442363868e-01
5.76571836814e-01
5.76480902863e-01
5.76521552068e-01
5.76543375386e-01
5.76774358835e-01
5.77689881123e-01
5.77063443321e-01
5.76072119967e-01
5.76935937411e-01
5.76440623757e-01
5.76063836230e-01
5.77326182161e-01
5.76870999223e-01
5.76738603435e-01
5.76313499304e-01
5.76943408216e-01
5.76302088598e-01
5.77368591399e-01
5.76419758205e-01
5.76718132044e-01
5.76552982340e-01
5.77111422359e-01
5.76867422044e-01
5.77374007465e-01
5.77100526058e-01
5.77107643946e-01
5.77027436453e-01
5.77095303858e-01
5.76893748827e-01
5.76503061719e-01
5.76937081862e-01
5.76367048602e-01
5.77111245202e-01
5.76455991336e-01
5.76789435184e-01
5.76704196005e-01
5.76254810256e-01
5.77212039765e-01
5.77930568635e-01
5.77038873791e-01
5.77193058701e-01
5.76469241375e-01
5.76341123971e-01
5.76972015647e-01
5.76695593761e-01
5.76898443473e-01
5.77152728042e-01
5.77010128562e-01
5.76292687687e-01
5.76750115018e-01
5.76583807381e-01
5.77120466421e-01
5.76398637073e-01
5.76825025717e-01
5.76257445199e-01
5.76633830562e-01
5.75999925198e-01
5.76623732605e-01
5.77030217525e-01
5.77314589515e-01
5.76447997811e-01
5.76264066197e-01
5.76694858523e-01
5.77219249613e-01
5.76552560149e-01
5.76135737088e-01
5.76695367884e-01
5.76115089301e-01
5.76469824598e-01
5.76806162624e-01
5.77488549027e-01
5.76738234959e-01
5.77358046342e-01
5.76898324250e-01
5.76891178802e-01
5.75582658476e-01
5.76534697630e-01
5.76675942175e-01
5.76477126320e-01
5.76021824837e-01
5.75718165700e-01
5.76675139190e-01
5.76481387326e-01
5.76842394864e-01
5.76761994725e-01
5.76374409704e-01
5.76883009003e-01
5.77266917696e-01
5.76886218473e-01
5.76799766980e-01
5.77173185915e-01
5.77172061687e-01
5.76574444030e-01
5.76140182487e-01
5.76199034628e-01
5.77648181342e-01
5.76647672576e-01
5.76900045837e-01
5.76796124100e-01
5.76161686861e-01
5.75708642494e-01
5.76444889006e-01
5.76750645508e-01
5.76808588052e-01
5.77398290846e-01
5.76606404379e-01
5.76158089443e-01
5.76383793177e-01
5.76232818005e-01
5.76935612088e-01
5.76822806371e-01
5.77485284205e-01
5.77196791304e-01
5.76946254316e-01
5.76622944591e-01
5.76273144272e-01
5.76699421172e-01
5.76876490425e-01
5.77130178129e-01
5.75881538495e-01
5.76614918721e-01
5.76649886382e-01
5.76533529712e-01
5.76615888060e-01
5.75444323258e-01
5.77486557668e-01
5.77240119824e-01
5.76463624881e-01
5.77071858744e-01
5.76980633742e-01
5.76612903985e-01
5.76965755623e-01
5.76872112795e-01
5.76979114803e-01
5.76216135219e-01
5.77543336928e-01
5.76119898886e-01
5.76818919780e-01
5.77320554667e-01
5.76601959572e-01
5.76050337037e-01
5.77179544920e-01
5.76797523785e-01
5.77853132244e-01
5.76224699093e-01
5.76006240938e-01
5.77953032527e-01
5.76926431047e-01
5.76714968101e-01
5.76651270415e-01
5.76687421271e-01
5.77257727702e-01
5.76903327427e-01
5.76740781116e-01
5.76907389199e-01
5.76765965466e-01
5.76196487544e-01
5.76399555191e-01
5.76776185954e-01
5.76576540384e-01
5.76311056399e-01
5.75481892899e-01
5.75677155392e-01
5.76027786218e-01
5.76364689447e-01
5.76947844561e-01
5.76318699124e-01
5.76464638691e-01
5.77118845724e-01
5.76184592448e-01
5.76393574618e-01
5.76834811388e-01
5.76646203542e-01
5.76711201753e-01
5.77050027463e-01
5.77097644564e-01
5.76508662913e-01
5.77190189074e-01
5.76931571674e-01
5.77276712269e-01
5.76893173709e-01
5.76229861017e-01
5.76164983171e-01
5.77419908722e-01
5.76674415401e-01
5.75880289337e-01
5.75831570061e-01
5.76170205760e-01
5.76856016876e-01
5.76429244961e-01
5.77138742602e-01
5.77350681124e-01
5.77305900464e-01
5.76458553041e-01
5.76363484492e-01
5.76795497312e-01
5.76393563491e-01
5.76361299822e-01
5.76158890171e-01
5.76533308452e-01
5.77380642797e-01
5.76539947002e-01
5.76626366904e-01
5.76322146737e-01
5.77306515808e-01
5.76854235176e-01
5.77055337268e-01
5.75981223900e-01
5.77541378247e-01
5.77702892657e-01
5.76889294989e-01
5.76774649043e-01
5.76480709960e-01
5.76563854796e-01
5.77021417456e-01
5.77308440048e-01
5.76265677267e-01
5.77046557922e-01
5.76594972227e-01
5.76428959120e-01
5.76753813872e-01
5.76290194352e-01
5.76863809465e-01
5.76735847997e-01
5.76737224246e-01
5.76758461611e-01
5.77040851461e-01
5.76731648857e-01
5.77237716087e-01
5.77198757806e-01
5.76839291513e-01
5.76548707586e-01
5.76248919308e-01
5.76930581678e-01
5.76772359790e-01
5.76572118794e-01
5.77202970081e-01
5.76098555349e-01
5.76605692547e-01
5.76993870715e-01
5.76610281492e-01
5.76822594812e-01
5.77232923534e-01
5.76868225735e-01
5.76306238945e-01
5.76806733457e-01
5.76551312472e-01
5.76799281871e-01
5.75955854963e-01
5.76814764778e-01
5.77112266164e-01
5.76283697094e-01
5.76992982406e-01
5.77394006921e-01
5.76486768139e-01
5.76949435088e-01
5.76381236976e-01
5.76811412828e-01
5.76498637736e-01
5.76558680390e-01
5.76691870434e-01
5.76269839082e-01
5.76644757962e-01
5.75309277299e-01
5.76765598402e-01
5.77355188099e-01
5.76466485884e-01
5.76364354850e-01
5.76652687760e-01
5.77435227345e-01
5.77127881396e-01
5.77063820199e-01
5.76132164526e-01
5.76015340605e-01
5.76251303010e-01
5.76787606096e-01
5.75913115245e-01
5.77714844257e-01
5.77122468359e-01
5.76860833231e-01
5.75927103529e-01
5.76486131383e-01
5.76309564356e-01
5.76774255945e-01
5.76696252402e-01