1.32978941462e+00
1.33009342742e+00
1.32967250558e+00
1.33005880924e+00
1.32956248825e+00
1.33031039036e+00
1.32920143387e+00
1.33084108768e+00
1.32947135036e+00
1.32923682688e+00
1.33039688461e+00
1.33157223251e+00
1.33071620298e+00
1.33055728419e+00
1.33023705055e+00
1.33010457319e+00
1.32907926025e+00
1.32952725490e+00
1.33121696857e+00
1.33099236183e+00
1.32962735006e+00
1.33002128106e+00
1.33049659142e+00
1.32957851138e+00
1.32921148322e+00
1.32898946872e+00
1.33036153061e+00
1.33015135967e+00
1.33025983722e+00
1.33007150407e+00
1.32971107230e+00
1.33049888620e+00
1.32965412168e+00
1.32901343653e+00
1.33103621965e+00
1.33008818766e+00
1.33172782154e+00
1.33044241279e+00
1.32919925080e+00
1.33016209328e+00
1.32963305249e+00
1.33001857862e+00
1.33033359779e+00
1.33010657642e+00
1.32980475084e+00
1.32986910916e+00
1.33057780032e+00
1.32924029910e+00
1.33041379733e+00
1.33026520285e+00
1.32979294888e+00
1.32992700530e+00
1.32840436834e+00
1.33020953071e+00
1.33012505638e+00
1.33016957805e+00
1.33048326607e+00
1.33072209596e+00
1.33076653927e+00
1.33066669599e+00
1.32902955610e+00
1.33110340978e+00
1.33014381224e+00
1.33054635295e+00
1.33000492066e+00
1.33010219380e+00
1.32922554686e+00
1.33098554484e+00
1.32979081101e+00
1.33156898255e+00
1.32990872913e+00
1.33108692122e+00
1.33054936440e+00
1.32886216595e+00
1.32941790246e+00
1.32958582787e+00
1.33004190606e+00
1.33163606677e+00
1.33026451782e+00
1.32949348264e+00
1.32988332342e+00
1.33088540015e+00
1.32905851033e+00
1.32966112180e+00
1.33048865667e+00
1.33086940627e+00
1.33037818054e+00
1.33048178639e+00
1.32961252612e+00
1.33062414066e+00
1.32978195307e+00
1.32910247035e+00
1.33054733771e+00
1.33117587904e+00
1.33097545457e+00
1.32986089606e+00
1.32931677203e+00
1.33105654816e+00
1.32947173208e+00
1.33029081583e+00
1.33041669812e+00
1.33043230907e+00
1.32936460644e+00
1.33029374602e+00
1.33048398522e+00
1.33059882042e+00
1.33057867080e+00
1.33020236674e+00
1.33022906730e+00
1.32968742347e+00
1.33037819242e+00
1.33027848973e+00
1.33088347471e+00
1.32997543459e+00
1.33064025137e+00
1.33028422183e+00
1.32981704526e+00
1.33061602741e+00
1.33015379003e+00
1.33090053932e+00
1.32925984284e+00
1.32984317784e+00
1.32927160556e+00
1.33154853986e+00
1.32907834975e+00
1.33115584567e+00
1.32933098654e+00
1.33103701623e+00
1.32998882351e+00
1.32975125201e+00
1.32964022453e+00
1.33219173841e+00
1.32983462872e+00
1.32998580463e+00
1.32989744590e+00
1.32953851732e+00
1.33089219899e+00
1.32962510601e+00
1.32955742577e+00
1.32906528096e+00
1.33026469138e+00
1.32870865824e+00
1.32962568639e+00
1.33005385745e+00
1.33064897945e+00
1.32919644890e+00
1.33077392299e+00
1.32887873600e+00
1.33154348315e+00
1.33009661568e+00
1.32965691979e+00
1.33129640815e+00
1.33129262159e+00
1.33099592671e+00
1.32970957276e+00
1.32994217048e+00
1.32883509867e+00
1.33019187923e+00
1.33061465192e+00
1.32910837605e+00
1.32980613110e+00
1.33019634953e+00
1.33006343585e+00
1.32911216402e+00
1.33051065203e+00
1.33051235934e+00
1.33054222003e+00
1.33043549614e+00
1.32941727176e+00
1.33012214573e+00
1.33068181310e+00
1.33006205328e+00
1.33020829114e+00
1.32973264687e+00
1.32959016357e+00
1.33177489018e+00
1.32951459338e+00
1.33023268315e+00
1.32944767810e+00
1.33050891722e+00
1.32883881338e+00
1.33048581342e+00
1.33007226993e+00
1.33058844173e+00
1.32988083765e+00
1.33016752708e+00
1.32960534491e+00
1.32913322969e+00
1.33102762384e+00
1.33011636336e+00
1.33038951409e+00
1.32953080130e+00
1.33008860825e+00
1.32970113775e+00
1.33030019427e+00
1.33114239477e+00
1.32986483573e+00
1.33037791598e+00
1.32982760095e+00
1.32946887459e+00
1.33121496437e+00
1.32971132887e+00
1.33018306615e+00
1.32899654487e+00
1.32917916730e+00
1.33097012575e+00
1.32965615937e+00
1.32912118634e+00
1.32957728205e+00
1.33067730523e+00
1.32986281246e+00
1.33053101330e+00
1.32964293491e+00
1.32889819338e+00
1.32964159602e+00
1.32969319964e+00
1.32943853673e+00
1.33056786022e+00
1.32931334010e+00
1.32992042383e+00
1.32941584755e+00
1.33059821927e+00
1.32748518559e+00
1.32992050636e+00
1.33011072935e+00
1.32918338218e+00
1.33003401306e+00
1.33003075589e+00
1.32969521330e+00
1.32944762511e+00
1.32939385259e+00
1.33066376021e+00
1.33067281695e+00
1.32849018004e+00
1.32988002251e+00
1.33195058290e+00
1.33088527031e+00
1.33028967520e+00
1.32922987001e+00
1.32969111648e+00
1.33033927575e+00
1.32892885690e+00
1.33080614061e+00
1.33031655352e+00
1.33078382578e+00
1.33016662151e+00
1.33045588590e+00
1.32981252665e+00
1.32992012312e+00
1.32988114160e+00
1.33051752477e+00
1.33016980094e+00
1.33031743774e+00
1.32939348723e+00
1.33054079418e+00
1.33002947734e+00
1.32881379364e+00
1.33100690110e+00
1.32989661541e+00
1.32935485892e+00
1.33005010929e+00
1.32995825708e+00
1.33046487523e+00
1.32963006644e+00
1.33001581827e+00
1.33048361882e+00
1.33002098938e+00
1.32956139457e+00
1.33078721391e+00
1.33067962724e+00
1.33013518887e+00
1.32891548282e+00
1.32959242045e+00
1.33022369812e+00
1.33012083282e+00
1.33023272429e+00
1.32903100586e+00
1.33090108007e+00
1.32927504769e+00
1.32892462137e+00
1.33035779489e+00
1.33135802852e+00
1.32854812613e+00
1.32899902489e+00
1.33072703427e+00
1.32881309937e+00
1.32983984123e+00
1.33113332395e+00
1.32906781238e+00
1.32884154152e+00
1.33048267273e+00
1.33078697499e+00
1.32934261028e+00
1.32975124025e+00
1.33047936018e+00
1.33120857893e+00
1.33061106053e+00
1.33041201004e+00
1.33087257946e+00
1.32915489155e+00
1.32976191380e+00
1.32960377011e+00
1.33095795838e+00
1.33070655228e+00
1.33048963764e+00
1.33005434495e+00
1.33095931317e+00
1.32961468079e+00
1.32904060702e+00
1.33015214141e+00
1.32939232276e+00
1.32958837782e+00
1.33057730704e+00
1.33016604267e+00
1.32883819591e+00
1.33082889119e+00
1.33063802018e+00
1.33070313859e+00
1.33084186831e+00
1.32944528909e+00
1.33106847881e+00
1.33017692994e+00
1.33019006284e+00
1.32950903914e+00
1.32952444306e+00
1.32985501948e+00
1.33141016652e+00
1.32887039338e+00
1.33057499429e+00
1.33055505527e+00
1.33078734653e+00
1.33106796437e+00
1.32993275448e+00
1.32954947584e+00
1.33027626055e+00
1.32947511929e+00
1.32888910200e+00
1.32967246384e+00
1.33020761459e+00
1.33052570314e+00
1.33070165488e+00
1.33093679610e+00
1.33004787641e+00
1.32937357940e+00
1.32802325995e+00
1.32794796875e+00
1.32986786584e+00
1.32937972521e+00
1.33004813765e+00
1.32999565726e+00
1.33189009162e+00
1.32937515632e+00
1.33051508163e+00
1.33074564060e+00
1.33101010949e+00
1.33028683627e+00
1.32862276179e+00
1.33009735324e+00
1.32947510024e+00
1.33023139493e+00
1.33081962831e+00
1.33009168122e+00
1.33038873628e+00
1.33101344206e+00
1.33005593982e+00
1.32896308140e+00
1.32961659932e+00
1.32954117638e+00
1.33056340028e+00
1.32992187232e+00
1.33073183710e+00
1.32992712353e+00
1.33031373271e+00
1.32922429538e+00
1.33021965988e+00
1.33040987896e+00
1.33044624875e+00
1.33062055161e+00
1.33069963267e+00
1.32994703829e+00
1.32903384826e+00
1.33083597603e+00
1.32972949420e+00
1.32946781957e+00
1.32995509073e+00
1.33142911998e+00
1.32926531612e+00
1.33061246371e+00
1.33039942188e+00
1.33116528870e+00
1.33067902501e+00
1.33015760424e+00
1.33057850550e+00
1.33032420295e+00
1.33032404905e+00
1.32909822742e+00
1.33077915504e+00
1.32946668155e+00
1.32972035891e+00
1.32993560914e+00
1.32894913943e+00
1.32929592009e+00
1.33046543671e+00
1.32955330583e+00
1.32969562697e+00
1.33070204504e+00
1.33131626940e+00
1.32995660540e+00
1.33002798737e+00
1.32940181611e+00
1.32932495401e+00
1.32949373448e+00
1.33144720211e+00
1.32954473839e+00
1.32996113751e+00
1.32934355443e+00
1.32979179193e+00
1.33065939184e+00
1.33008715932e+00
1.33126474877e+00
1.33002110127e+00
1.33077322974e+00
1.32951651122e+00
1.33105871180e+00
1.33075911769e+00
1.32955690905e+00
1.33059373468e+00
1.33016719774e+00
1.33046399666e+00
1.33071782985e+00
1.33021249748e+00
1.32929273003e+00
1.32978375306e+00
1.33118464589e+00
1.32985322537e+00
1.32974104147e+00
1.33126162283e+00
1.33054985943e+00
1.32977519589e+00
1.33141330077e+00
1.33051374863e+00
1.33225497708e+00
1.33081237999e+00
1.32958396193e+00
1.33072296345e+00
1.32927367375e+00
1.32972276262e+00
1.33042803231e+00
1.33062060657e+00
1.33104669067e+00
1.33013198804e+00
1.33073952008e+00
1.32968391060e+00
1.32978490356e+00
1.33060530908e+00
1.32973193103e+00
1.33101500809e+00
1.32993923119e+00
1.32999103176e+00
1.33039667632e+00
1.33166462200e+00
1.32895123691e+00
1.33038170172e+00
1.33021454766e+00
1.33017041750e+00
1.32921014947e+00
1.33174134678e+00
1.32987819608e+00
1.33056784517e+00
1.33038810961e+00
1.32955463583e+00
1.33023707072e+00
1.33040218193e+00
1.32940989238e+00
1.33106455194e+00
1.33001889665e+00
1.32974566094e+00
1.32975279492e+00
1.33056427113e+00
1.32909494928e+00
1.32978906372e+00
1.32946900609e+00
1.33080776015e+00
1.32893831107e+00
1.32976648052e+00
1.32974165270e+00
1.33005016893e+00
1.32909305227e+00
1.33117397584e+00
1.33028234949e+00
1.32970627114e+00
1.33005066298e+00
1.32959721769e+00
1.32960285549e+00
1.33066070976e+00
1.33017762587e+00
1.33052057521e+00
1.33091754622e+00
1.32950035018e+00
1.33026474722e+00
1.33012422275e+00