1.35034848436e+00
1.33211570511e+00
1.33692072640e+00
1.32497894259e+00
1.31581430730e+00
1.34304726400e+00
1.34444296900e+00
1.28964809590e+00
1.33367345941e+00
1.33017173843e+00
1.32137780850e+00
1.35670387301e+00
1.33688460352e+00
1.31919128271e+00
1.34471253959e+00
1.31919697991e+00
1.33595854429e+00
1.30365767645e+00
1.31344592261e+00
1.33327214686e+00
1.31724152273e+00
1.35195960922e+00
1.33152909073e+00
1.33342308172e+00
1.35160709381e+00
1.31179399863e+00
1.34731779915e+00
1.36031852875e+00
1.30819597739e+00
1.32431781646e+00
1.34633151600e+00
1.32365052560e+00
1.32524218839e+00
1.34206118777e+00
1.32245675045e+00
1.36021940383e+00
1.33564106198e+00
1.33197804105e+00
1.33522999081e+00
1.35563489757e+00
1.33344072982e+00
1.35265562536e+00
1.32757255479e+00
1.33400979025e+00
1.31875771002e+00
1.33033038491e+00
1.29919768013e+00
1.32294400795e+00
1.33171242609e+00
1.32657415604e+00
1.31709977613e+00
1.32916166753e+00
1.34245317740e+00
1.32024341560e+00
1.29628401825e+00
1.34646633092e+00
1.31410455713e+00
1.30343567509e+00
1.31720705841e+00
1.34338236135e+00
1.33208614988e+00
1.32387247794e+00
1.30305305256e+00
1.30280511708e+00
1.32813024635e+00
1.35289699029e+00
1.31176797871e+00
1.31922158398e+00
1.35642141508e+00
1.30747675745e+00
1.31125774456e+00
1.33254522041e+00
1.32671248174e+00
1.33099174872e+00
1.29177119220e+00
1.34353914124e+00
1.33601613512e+00
1.29824720669e+00
1.33018266272e+00
1.31133996814e+00
1.36978006933e+00
1.32990239621e+00
1.34869998413e+00
1.33636877313e+00
1.31375605468e+00
1.33402325911e+00
1.34307747355e+00
1.29682933856e+00
1.33563648971e+00
1.32398089012e+00
1.33151003583e+00
1.34246348852e+00
1.34744668326e+00
1.32340150207e+00
1.35205880615e+00
1.29737059237e+00
1.33647600333e+00
1.31172096769e+00
1.35507625902e+00
1.32605281993e+00
1.34432214107e+00
1.32951432218e+00
1.35472358759e+00
1.33374406670e+00
1.34185454202e+00
1.32263644410e+00
1.36277853250e+00
1.32560831256e+00
1.32794688529e+00
1.32612635171e+00
1.32929675204e+00
1.33498972305e+00
1.33877498223e+00
1.34438390031e+00
1.35450006544e+00
1.33459532419e+00
1.32389567722e+00
1.34515228329e+00
1.30903730919e+00
1.31450506796e+00
1.32137724316e+00
1.33968906267e+00
1.33146319787e+00
1.36838030353e+00
1.31570849223e+00
1.33456166439e+00
1.32286961080e+00
1.35313958374e+00
1.32748735000e+00
1.32543861745e+00
1.31747799240e+00
1.35765512161e+00
1.32048072993e+00
1.33279660416e+00
1.32799046500e+00
1.33121585124e+00
1.35579783715e+00
1.34268802680e+00
1.30779410953e+00
1.32333496301e+00
1.32017728557e+00
1.33553639558e+00
1.33025307428e+00
1.32764396387e+00
1.29877155360e+00
1.30610067428e+00
1.33797708931e+00
1.36165356251e+00
1.32805332828e+00
1.34754064604e+00
1.31386043560e+00
1.34973503462e+00
1.32875308455e+00
1.31838024239e+00
1.31169175585e+00
1.32692841932e+00
1.32229269088e+00
1.33962270614e+00
1.33490981678e+00
1.31875138594e+00
1.33203276187e+00
1.32512520701e+00
1.34424972513e+00
1.36807648396e+00
1.33554665415e+00
1.36515621903e+00
1.31486380232e+00
1.33416251022e+00
1.33047587436e+00
1.34607265334e+00
1.31610982133e+00
1.34935786076e+00
1.33602685332e+00
1.34243837621e+00
1.34310955473e+00
1.31530792228e+00
1.34507447368e+00
1.30782411429e+00
1.33954013732e+00
1.31516456428e+00
1.35900948792e+00
1.33591275832e+00
1.34052520770e+00
1.32116182670e+00
1.32312053111e+00
1.33914610190e+00
1.32822189054e+00
1.33656419825e+00
1.34499462890e+00
1.31261653048e+00
1.31741131959e+00
1.34970607484e+00
1.31993304411e+00
1.33956521727e+00
1.33722550023e+00
1.33819848533e+00
1.33353167311e+00
1.33267684993e+00
1.34401769836e+00
1.32985047653e+00
1.31177902803e+00
1.35861053735e+00
1.33279827461e+00
1.33007225787e+00
1.33731740110e+00
1.34689469059e+00
1.33463500522e+00
1.30191898127e+00
1.32697963671e+00
1.33954253450e+00
1.29712611435e+00
1.31371264102e+00
1.32081453249e+00
1.32618864276e+00
1.33142065555e+00
1.32969847475e+00
1.33900358760e+00
1.33900560042e+00
1.33659794058e+00
1.33025797480e+00
1.33574186903e+00
1.32418801814e+00
1.31220130291e+00
1.32128077531e+00
1.33832782834e+00
1.33876756553e+00
1.34007629840e+00
1.33848167871e+00
1.33369667306e+00
1.31854142303e+00
1.31542986689e+00
1.33837005336e+00
1.31828698174e+00
1.31949131300e+00
1.32928631093e+00
1.33968827462e+00
1.33228599443e+00
1.33758487456e+00
1.32702320558e+00
1.33180735218e+00
1.34141786540e+00
1.34265115826e+00
1.34499270346e+00
1.33797358661e+00
1.33950917195e+00
1.33545701729e+00
1.32473847168e+00
1.36640117537e+00
1.31235989266e+00
1.33496752690e+00
1.34043197271e+00
1.30988519886e+00
1.32314079287e+00
1.34093603135e+00
1.35022577523e+00
1.33608710047e+00
1.33567347225e+00
1.32173677766e+00
1.34370413552e+00
1.33017363424e+00
1.31902745105e+00
1.31620499976e+00
1.33877741784e+00
1.32973133743e+00
1.31039091199e+00
1.30426822440e+00
1.31044939224e+00
1.33970776608e+00
1.31818460126e+00
1.30409418897e+00
1.33806616954e+00
1.36235135928e+00
1.33147794239e+00
1.34220380771e+00
1.33024764884e+00
1.35926133937e+00
1.32061623251e+00
1.33138491285e+00
1.32170763768e+00
1.30690363216e+00
1.34055418780e+00
1.32492238073e+00
1.34678927456e+00
1.33102531936e+00
1.33293386922e+00
1.32070318219e+00
1.32648334522e+00
1.34772498953e+00
1.35278267432e+00
1.34147915934e+00
1.31732342660e+00
1.31463891615e+00
1.34889222006e+00
1.32861658993e+00
1.34869107641e+00
1.34959768581e+00
1.33314827510e+00
1.33709546779e+00
1.35898618389e+00
1.33659703725e+00
1.33527158472e+00
1.32597214395e+00
1.34315765751e+00
1.33483637562e+00
1.32349957075e+00
1.32591679331e+00
1.34063924559e+00
1.31419356279e+00
1.33560251647e+00
1.34008124275e+00
1.33642084623e+00
1.32764061843e+00
1.32076031974e+00
1.34016551768e+00
1.34374441841e+00
1.35020768864e+00
1.31576496940e+00
1.35283089752e+00
1.32376032197e+00
1.32909504030e+00
1.33861207501e+00
1.34679630594e+00
1.31067578086e+00
1.34895917836e+00
1.34359548634e+00
1.33614805142e+00
1.32126239265e+00
1.34088333564e+00
1.32262270641e+00
1.33534079463e+00
1.33226935736e+00
1.32092303901e+00
1.32950724754e+00
1.33955752418e+00
1.31834019627e+00
1.32321324222e+00
1.30820465108e+00
1.32544443415e+00
1.34126009413e+00
1.33029174677e+00
1.33174353864e+00
1.33453077008e+00
1.32888714948e+00
1.31478795391e+00
1.33102266638e+00
1.34509962027e+00
1.30714332634e+00
1.33970341113e+00
1.34650368835e+00
1.38063110878e+00
1.34878163732e+00
1.36782358440e+00
1.31139059798e+00
1.30772316766e+00
1.32138079517e+00
1.30367852334e+00
1.35787142601e+00
1.32190513166e+00
1.33753892554e+00
1.32400476217e+00
1.33372744834e+00
1.31145423212e+00
1.34367618320e+00
1.32832142863e+00
1.32565765576e+00
1.32507587802e+00
1.33673001661e+00
1.31856487480e+00
1.33292835985e+00
1.32913473360e+00
1.32739743265e+00
1.32896469097e+00
1.32757328288e+00
1.34738588401e+00
1.33177677399e+00
1.32615583871e+00
1.32360892426e+00
1.31583524477e+00
1.33096480426e+00
1.35390630918e+00
1.32801849920e+00
1.34799486925e+00
1.30771958973e+00
1.30477521737e+00
1.36097734070e+00
1.32294593599e+00
1.30559797112e+00
1.34122365949e+00
1.33218962691e+00
1.32205223058e+00
1.35323077608e+00
1.32942665206e+00
1.34599400114e+00
1.31925173445e+00
1.33568149557e+00
1.32479791788e+00
1.29738504596e+00
1.33062644566e+00
1.32322679142e+00
1.37453423070e+00
1.33606840408e+00
1.34169477034e+00
1.32199432839e+00
1.34456821052e+00
1.31326241407e+00
1.33496947953e+00
1.32059011118e+00
1.32354078550e+00
1.35630577653e+00
1.32551191083e+00
1.33510251923e+00
1.30624768530e+00
1.30894584743e+00
1.31855315289e+00
1.28958919440e+00
1.34429858718e+00
1.34572446825e+00
1.34301454983e+00
1.33693030147e+00
1.32868866438e+00
1.33233842960e+00
1.33686385870e+00
1.35172680930e+00
1.35695092217e+00
1.34532492596e+00
1.34396520417e+00
1.32617828490e+00
1.30657886511e+00
1.31458526928e+00
1.33662030974e+00
1.33840847072e+00
1.33277803333e+00
1.33121364957e+00
1.31953554831e+00
1.31480933324e+00
1.32987126057e+00
1.33111100386e+00
1.30419486261e+00
1.29835988172e+00
1.31495391750e+00
1.32482447071e+00
1.29745610465e+00
1.32595803131e+00
1.32571617899e+00
1.34302858563e+00
1.37376334843e+00
1.31516453578e+00
1.31797027446e+00
1.33098591537e+00
1.33452543231e+00
1.32039994392e+00
1.31838830224e+00
1.31712622903e+00
1.35302102881e+00
1.32911747941e+00
1.33381750477e+00
1.33135804007e+00
1.32687765244e+00
1.35873201561e+00
1.31890211554e+00
1.32957511348e+00
1.31876611723e+00
1.34913500352e+00
1.35655293135e+00
1.34969588526e+00
1.33489590576e+00
1.32392637325e+00
1.35228160499e+00
1.37517526841e+00
1.35580008051e+00
1.34765810631e+00
1.35197016399e+00
1.32703073731e+00
1.33159174046e+00
1.34720467787e+00
1.29944009868e+00
1.33408821846e+00
1.33814520877e+00
1.31052816390e+00
1.32352310133e+00
1.34047295258e+00
1.33903662730e+00
1.34063480009e+00
1.30342690052e+00
1.33273126903e+00
1.35365340323e+00
1.35574373855e+00
1.33175640702e+00
1.33209598651e+00
1.32436480780e+00
1.35429348278e+00
1.32162006341e+00
1.35178726262e+00
1.30942023444e+00
1.32206824258e+00
1.32457944098e+00
1.34216643754e+00
1.33802609760e+00
1.32949075961e+00
1.32089652109e+00
1.33125025664e+00