-7.35980358316e+00
-7.28812181493e+00
-7.31003178314e+00
-7.28100379085e+00
-7.23160079468e+00
-7.23363092148e+00
-7.33611502448e+00
-7.42988954422e+00
-7.17920130838e+00
-7.23018542642e+00
-7.31740118074e+00
-7.15926987934e+00
-7.34498388859e+00
-7.13401902048e+00
-7.37320541527e+00
-7.24919009088e+00
-7.23036980208e+00
-7.37897744920e+00
-7.16529857196e+00
-7.19535689783e+00
-7.20089256466e+00
-7.29674355355e+00
-7.16058111496e+00
-7.26972012682e+00
-7.25967438802e+00
-7.26599029108e+00
-7.25929716281e+00
-7.22234457053e+00
-7.31593093747e+00
-7.23770912483e+00
-7.40837183116e+00
-7.30520587956e+00
-7.29805416605e+00
-7.29064771008e+00
-7.26845828570e+00
-7.25195402151e+00
-7.22574015825e+00
-7.40498450532e+00
-7.36487087969e+00
-7.29667813680e+00
-7.21148951007e+00
-7.21830397284e+00
-7.31324771760e+00
-7.41569275748e+00
-7.20807381067e+00
-7.17981600355e+00
-7.30253194318e+00
-7.31326837285e+00
-7.23407573672e+00
-7.31534629102e+00
-7.25493743999e+00
-7.26045097392e+00
-7.18538527134e+00
-7.20774208762e+00
-7.28067808703e+00
-7.20735004130e+00
-7.25962574069e+00
-7.29114589811e+00
-7.23298967875e+00
-7.35256673932e+00
-7.15073259453e+00
-7.18786135454e+00
-7.31889449956e+00
-7.21442123932e+00
-7.31098379458e+00
-7.29652966272e+00
-7.21672042525e+00
-7.23650244922e+00
-7.34646743088e+00
-7.22107426592e+00
-7.21956839209e+00
-7.30192622207e+00
-7.35004851238e+00
-7.30407606734e+00
-7.30108886112e+00
-7.29426068809e+00
-7.22931480352e+00
-7.26810233783e+00
-7.30182045037e+00
-7.22381603028e+00
-7.38043444153e+00
-7.28181625645e+00
-7.32475032177e+00
-7.28666182311e+00
-7.28045267507e+00
-7.28686126004e+00
-7.16548854793e+00
-7.33635462030e+00
-7.27287144925e+00
-7.27300115928e+00
-7.38284935806e+00
-7.32975212573e+00
-7.20359276779e+00
-7.20017572758e+00
-7.28484270909e+00
-7.28570404759e+00
-7.21794157404e+00
-7.23151121373e+00
-7.33490031158e+00
-7.27449514106e+00
-7.20065694613e+00
-7.27292561698e+00
-7.25651526655e+00
-7.28314712063e+00
-7.17516991900e+00
-7.28939632633e+00
-7.27574891116e+00
-7.27408704161e+00
-7.26118583518e+00
-7.26197703984e+00
-7.29918134081e+00
-7.23777631801e+00
-7.30325298642e+00
-7.17868456934e+00
-7.32309577017e+00
-7.30928971774e+00
-7.28558705084e+00
-7.22330054603e+00
-7.20963428911e+00
-7.30433644923e+00
-7.25376352802e+00
-7.27718616929e+00
-7.25930860246e+00
-7.41704155297e+00
-7.35544788667e+00
-7.15390899938e+00
-7.26559304214e+00
-7.28991180148e+00
-7.24793764718e+00
-7.25308619277e+00
-7.25353009430e+00
-7.29432822371e+00
-7.36044924790e+00
-7.35177216182e+00
-7.27566875585e+00
-7.32951834722e+00
-7.37585274814e+00
-7.22633971463e+00
-7.28594478174e+00
-7.35343739808e+00
-7.39937696785e+00
-7.22162895881e+00
-7.24282479591e+00
-7.27210695867e+00
-7.25137272842e+00
-7.38254328535e+00
-7.31016137670e+00
-7.19920943022e+00
-7.27792727935e+00
-7.21810931366e+00
-7.16935873341e+00
-7.20637143810e+00
-7.21549105195e+00
-7.30690265361e+00
-7.17147353768e+00
-7.30710816032e+00
-7.29105402318e+00
-7.23480986690e+00
-7.20889861512e+00
-7.21489976959e+00
-7.28129952463e+00
-7.18926743017e+00
-7.30036220368e+00
-7.24267463288e+00
-7.19582353186e+00
-7.26487937119e+00
-7.28455079691e+00
-7.25219928701e+00
-7.24700898008e+00
-7.25791655076e+00
-7.30731995814e+00
-7.28229903486e+00
-7.27625418641e+00
-7.28630535686e+00
-7.16353373483e+00
-7.28169533188e+00
-7.15456454302e+00
-7.29824454265e+00
-7.31028574403e+00
-7.24307671085e+00
-7.29589513972e+00
-7.30304598144e+00
-7.37463007431e+00
-7.31047276011e+00
-7.28040300385e+00
-7.29053486840e+00
-7.39620166390e+00
-7.34725644656e+00
-7.35673739538e+00
-7.23350850841e+00
-7.29716481336e+00
-7.23783510504e+00
-7.22175001376e+00
-7.23590699170e+00
-7.23302350156e+00
-7.21006892095e+00
-7.36636083022e+00
-7.23228068719e+00
-7.22663263306e+00
-7.30109321744e+00
-7.21687781999e+00
-7.28498940029e+00
-7.31329746652e+00
-7.23865499388e+00
-7.32589995143e+00
-7.23388888365e+00
-7.30313209326e+00
-7.26035280345e+00
-7.25992808061e+00
-7.24487101444e+00
-7.25840882979e+00
-7.23528371964e+00
-7.26893113596e+00
-7.24524277833e+00
-7.29587932874e+00
-7.28736409730e+00
-7.24743072815e+00
-7.22176282193e+00
-7.27412549812e+00
-7.31473406803e+00
-7.22273220829e+00
-7.37418709136e+00
-7.26432594222e+00
-7.28956392901e+00
-7.19106015592e+00
-7.30970080969e+00
-7.34460171149e+00
-7.35039452242e+00
-7.31800060189e+00
-7.43217345191e+00
-7.25186902068e+00
-7.23729941379e+00
-7.20630325379e+00
-7.24307567918e+00
-7.32869398142e+00
-7.23067920601e+00
-7.21766747163e+00
-7.36223396502e+00
-7.35043423414e+00
-7.32988786274e+00
-7.32949167945e+00
-7.31628117999e+00
-7.23229992625e+00
-7.24540582200e+00
-7.17966276259e+00
-7.33465164326e+00
-7.18429109227e+00
-7.30976494852e+00
-7.24285674055e+00
-7.32859515815e+00
-7.35727860294e+00
-7.21837945013e+00
-7.22980958028e+00
-7.22043001822e+00
-7.29637211651e+00
-7.19760189353e+00
-7.17982917001e+00
-7.36228081909e+00
-7.29959751825e+00
-7.34044456125e+00
-7.27024972292e+00
-7.28928677757e+00
-7.17341575760e+00
-7.29201212057e+00
-7.22585650829e+00
-7.18290380656e+00
-7.36133755693e+00
-7.33297086710e+00
-7.29954192204e+00
-7.17332353103e+00
-7.21153253184e+00
-7.34285180323e+00
-7.26315092470e+00
-7.21430052033e+00
-7.29151321494e+00
-7.36652220038e+00
-7.18726691766e+00
-7.25865925844e+00
-7.31110823300e+00
-7.20078435736e+00
-7.27372658107e+00
-7.27949120216e+00
-7.29807732321e+00
-7.27004306705e+00
-7.28112645711e+00
-7.32262080410e+00
-7.21140155210e+00
-7.17143085679e+00
-7.25956389060e+00
-7.29654269472e+00
-7.24588153911e+00
-7.26212973793e+00
-7.24214737820e+00
-7.25022088862e+00
-7.21542159184e+00
-7.18562438143e+00
-7.15264028730e+00
-7.29162130173e+00
-7.30857377809e+00
-7.19812221852e+00
-7.32659155355e+00
-7.28699396789e+00
-7.31507179172e+00
-7.26751236280e+00
-7.25584578096e+00
-7.31150834124e+00
-7.32625656258e+00
-7.26635583345e+00
-7.34222413025e+00
-7.22318419318e+00
-7.14043524607e+00
-7.26876715520e+00
-7.22356641369e+00
-7.31290143597e+00
-7.30319311102e+00
-7.26091569053e+00
-7.28169022330e+00
-7.24806028453e+00
-7.36945062237e+00
-7.27841836511e+00
-7.26826227935e+00
-7.26697772531e+00
-7.33916895937e+00
-7.16875583116e+00
-7.26461362987e+00
-7.35442167377e+00
-7.34600154742e+00
-7.34815428938e+00
-7.34279667051e+00
-7.27692964707e+00
-7.29964566881e+00
-7.20719703496e+00
-7.24484976443e+00
-7.31285650011e+00
-7.27684817530e+00
-7.23581311620e+00
-7.23244597680e+00
-7.17264819014e+00
-7.36742012888e+00
-7.19199649257e+00
-7.23577679395e+00
-7.42524253525e+00
-7.25485886022e+00
-7.28344207917e+00
-7.25384160889e+00
-7.41750876846e+00
-7.19472299985e+00
-7.44965971692e+00
-7.31286987261e+00
-7.27161675025e+00
-7.28842681800e+00
-7.30137652526e+00
-7.38045723278e+00
-7.22125206863e+00
-7.29889443701e+00
-7.20147775165e+00
-7.26887675061e+00
-7.22953913406e+00
-7.25651692481e+00
-7.32001893766e+00
-7.30970177106e+00
-7.31728416102e+00
-7.26119961875e+00
-7.17450664544e+00
-7.32618741840e+00
-7.19956768085e+00
-7.29412443539e+00
-7.22116080033e+00
-7.24798792072e+00
-7.18411520465e+00
-7.32854025906e+00
-7.36220847803e+00
-7.32584143549e+00
-7.28100113927e+00
-7.17670165128e+00
-7.25426645689e+00
-7.21463004387e+00
-7.21104628068e+00
-7.29239367230e+00
-7.30854930788e+00
-7.25452261683e+00
-7.26350777196e+00
-7.29247803579e+00
-7.21972890465e+00
-7.25451362521e+00
-7.23155075578e+00
-7.27281229115e+00
-7.29590829026e+00
-7.28029867689e+00
-7.28176077923e+00
-7.32622548595e+00
-7.37616900661e+00
-7.22952877527e+00
-7.24911447987e+00
-7.23655045468e+00
-7.27191364807e+00
-7.25036048612e+00
-7.25571795978e+00
-7.29371597569e+00
-7.11474876765e+00
-7.26140501400e+00
-7.29174843653e+00
-7.33854422068e+00
-7.26047726387e+00
-7.19336415954e+00
-7.29098805775e+00
-7.21910369466e+00
-7.29665521118e+00
-7.30687980948e+00
-7.23246974724e+00
-7.27527570938e+00
-7.20855549685e+00
-7.30477446480e+00
-7.27426303775e+00
-7.19611523921e+00
-7.25275068776e+00
-7.15109550024e+00
-7.22582532369e+00
-7.24785030431e+00
-7.26202207698e+00
-7.23504272031e+00
-7.26242579986e+00
-7.30483111896e+00
-7.21783178843e+00
-7.26004878655e+00
-7.36757051063e+00
-7.33953567627e+00
-7.20382975801e+00
-7.28708910084e+00
-7.28461305647e+00
-7.36729668689e+00
-7.23363981232e+00
-7.27920887077e+00
-7.30422997652e+00
-7.33394186642e+00
-7.32435930283e+00
-7.23312975888e+00
-7.32900378147e+00
-7.13402670895e+00
-7.30974471219e+00
-7.20559336132e+00
-7.13983954880e+00
-7.21529038309e+00
-7.32339866927e+00
-7.25046319663e+00
-7.20772454831e+00
-7.23681432457e+00
-7.29588594163e+00
-7.27786745648e+00
-7.23149413348e+00
-7.28937589228e+00
-7.23282511776e+00
-7.30724296422e+00
-7.34661541167e+00
-7.21904590948e+00
-7.28725103148e+00
-7.31912843257e+00
-7.25766787409e+00
-7.28951456563e+00
-7.08404679032e+00
-7.35301836804e+00
-7.36026269854e+00
-7.28985709135e+00
-7.31746394712e+00
-7.19648763445e+00
-7.29033512565e+00
-7.30031128811e+00
-7.14651607457e+00
-7.25214642848e+00
-7.22677980121e+00
-7.24663412061e+00
-7.33976786401e+00
-7.22135762770e+00
-7.35835018729e+00
-7.25001262193e+00
-7.28899768114e+00
-7.19473982860e+00
-7.30234487481e+00
-7.32083165616e+00
-7.24350651777e+00
-7.25874537664e+00
-7.29628513407e+00
-7.22664137452e+00
-7.26066713735e+00
-7.24633190406e+00
-7.19846417391e+00
-7.35456454557e+00
-7.27497785412e+00
-7.28230263419e+00
-7.28025507824e+00
-7.24659494472e+00
-7.28641478451e+00
-7.29164706427e+00
-7.17876786353e+00
-7.21677682289e+00
-7.15674765362e+00
-7.17928307371e+00
-7.25143255568e+00
-7.25613853150e+00
-7.16070617226e+00
-7.27112636807e+00