8.07756732027e-01
8.07776010080e-01
8.07963488102e-01
8.07892465905e-01
8.08456907012e-01
8.07806989791e-01
8.07644927956e-01
8.07623298449e-01
8.08048343681e-01
8.07881141687e-01
8.07543089653e-01
8.07925210455e-01
8.07815068073e-01
8.07664534877e-01
8.07695372297e-01
8.07820349437e-01
8.07660194874e-01
8.07425546905e-01
8.07615100037e-01
8.07550544618e-01
8.08181106681e-01
8.07605272319e-01
8.07937907457e-01
8.07734443283e-01
8.07729186286e-01
8.07343145903e-01
8.08015101480e-01
8.07549118216e-01
8.07996864327e-01
8.07915269704e-01
8.08222844322e-01
8.08147463868e-01
8.07934462015e-01
8.08115817500e-01
8.07570551187e-01
8.07511154911e-01
8.07917014100e-01
8.08507001085e-01
8.07979795994e-01
8.08102062405e-01
8.07989087367e-01
8.07607373565e-01
8.07932315260e-01
8.08376014471e-01
8.08337534882e-01
8.07958350355e-01
8.07809354348e-01
8.07908949265e-01
8.07774856080e-01
8.07453154931e-01
8.07837853934e-01
8.07798000685e-01
8.07819685534e-01
8.07849976561e-01
8.07733858577e-01
8.08256063015e-01
8.07990906690e-01
8.07646538489e-01
8.08182077062e-01
8.07624259573e-01
8.07673165445e-01
8.07685666449e-01
8.07636002980e-01
8.07585378808e-01
8.07919799273e-01
8.07809804937e-01
8.08256009793e-01
8.07839728696e-01
8.07673507608e-01
8.07572988999e-01
8.08088728168e-01
8.07805884349e-01
8.08125769851e-01
8.08049219761e-01
8.07879460722e-01
8.07943167787e-01
8.07084271230e-01
8.07837783966e-01
8.07283397330e-01
8.08208913111e-01
8.07468925180e-01
8.07571205739e-01
8.07891151504e-01
8.08185985667e-01
8.07839708871e-01
8.07564502946e-01
8.07730649587e-01
8.07259351664e-01
8.08146152621e-01
8.08135533424e-01
8.08010264324e-01
8.08068751441e-01
8.07715411337e-01
8.07663629650e-01
8.07605117418e-01
8.08573905160e-01
8.07836570576e-01
8.07254831216e-01
8.07702613530e-01
8.07960623607e-01
8.07663086472e-01
8.08001509445e-01
8.07808446505e-01
8.07814865804e-01
8.07797465452e-01
8.07723455300e-01
8.08265713347e-01
8.07660557633e-01
8.07380989679e-01
8.07581692268e-01
8.07959500374e-01
8.07532981848e-01
8.07590778089e-01
8.08152506056e-01
8.07274302287e-01
8.08219628002e-01
8.07343275984e-01
8.08071833916e-01
8.07988808794e-01
8.08034190140e-01
8.07823223542e-01
8.07808499984e-01
8.08360990412e-01
8.08012737430e-01
8.07370851299e-01
8.07392266079e-01
8.07759283957e-01
8.08114093290e-01
8.08072870682e-01
8.07567399478e-01
8.07670779141e-01
8.07724824673e-01
8.07599500790e-01
8.07921864677e-01
8.08178784918e-01
8.07496280952e-01
8.07867304728e-01
8.07625709709e-01
8.07709717079e-01
8.08051320441e-01
8.07858807781e-01
8.08256038868e-01
8.07809963139e-01
8.07489387208e-01
8.07415127541e-01
8.07735285499e-01
8.08289640411e-01
8.08062070398e-01
8.08000954304e-01
8.07264579832e-01
8.07804674707e-01
8.07753561202e-01
8.07810915339e-01
8.07347022756e-01
8.07515534182e-01
8.08125572992e-01
8.07652730482e-01
8.07726164514e-01
8.08042057491e-01
8.07398190375e-01
8.07573015942e-01
8.08099464774e-01
8.07790632711e-01
8.08234647597e-01
8.07762613112e-01
8.07861924084e-01
8.08124303342e-01
8.07650150348e-01
8.08059736860e-01
8.08154979954e-01
8.07482180042e-01
8.08085194304e-01
8.08025531382e-01
8.07739063411e-01
8.07956845127e-01
8.08191332845e-01
8.07921089778e-01
8.08570753596e-01
8.07749855941e-01
8.07921490751e-01
8.07662243878e-01
8.07994291892e-01
8.07486303547e-01
8.07960758735e-01
8.08197399215e-01
8.07929439646e-01
8.07164763749e-01
8.07442800917e-01
8.08080486890e-01
8.08133602399e-01
8.07542035386e-01
8.07166176421e-01
8.07640450030e-01
8.07923882823e-01
8.07990669825e-01
8.08061672313e-01
8.07061836457e-01
8.08068638087e-01
8.07867309642e-01
8.08011516173e-01
8.07670116138e-01
8.07994474323e-01
8.08337001237e-01
8.08054128669e-01
8.08500544619e-01
8.07767290896e-01
8.08063014081e-01
8.08019017070e-01
8.07966362964e-01
8.07630752313e-01
8.08171050655e-01
8.07519505808e-01
8.07867278491e-01
8.07622582984e-01
8.07579982633e-01
8.07381054191e-01
8.07657863781e-01
8.08123137289e-01
8.07751832293e-01
8.07307565908e-01
8.08244361293e-01
8.07746438241e-01
8.07394299345e-01
8.07349753460e-01
8.08060649998e-01
8.08019935901e-01
8.07749310570e-01
8.08351745032e-01
8.07497618262e-01
8.07796680614e-01
8.07599372561e-01
8.07565828746e-01
8.08083633249e-01
8.07321671574e-01
8.07977172031e-01
8.07707759636e-01
8.07494955873e-01
8.07573512684e-01
8.07871465274e-01
8.07516249407e-01
8.08201146570e-01
8.07783556151e-01
8.07841255411e-01
8.08030772514e-01
8.08044103528e-01
8.07184707377e-01
8.08019734151e-01
8.07650531697e-01
8.07558977444e-01
8.08463654219e-01
8.08129533358e-01
8.07614897007e-01
8.07687021072e-01
8.07900439356e-01
8.07776169564e-01
8.07764565478e-01
8.07602486108e-01
8.07705538830e-01
8.08316645886e-01
8.08093361339e-01
8.08434760057e-01
8.07857952574e-01
8.08141894635e-01
8.07554331578e-01
8.07973859959e-01
8.07493122754e-01
8.07315912034e-01
8.07668569458e-01
8.07698064706e-01
8.08233763235e-01
8.07532599880e-01
8.07571705214e-01
8.07929626857e-01
8.07566004604e-01
8.08122728748e-01
8.07835711014e-01
8.07593741228e-01
8.07674433754e-01
8.07844991551e-01
8.07813272708e-01
8.07558550141e-01
8.08054247892e-01
8.08101695762e-01
8.07854423934e-01
8.07823124685e-01
8.08358930885e-01
8.07717414843e-01
8.07474901483e-01
8.08011943983e-01
8.07588884124e-01
8.07650751018e-01
8.07933482010e-01
8.07939696370e-01
8.07804320837e-01
8.07894059582e-01
8.08020461310e-01
8.07736084567e-01
8.07559038205e-01
8.07971988626e-01
8.08253792810e-01
8.07548660508e-01
8.07676854683e-01
8.07645253055e-01
8.08526580130e-01
8.07610133624e-01
8.07210351377e-01
8.07813984155e-01
8.07499763559e-01
8.07940416764e-01
8.08180777159e-01
8.07773631112e-01
8.08160910028e-01
8.07749896096e-01
8.07816529007e-01
8.07549330219e-01
8.08092227256e-01
8.07182280364e-01
8.07629243275e-01
8.07328497901e-01
8.08004731749e-01
8.08263975350e-01
8.07861957372e-01
8.07146501583e-01
8.08164487498e-01
8.08058753438e-01
8.07797288605e-01
8.07610833825e-01
8.08007763390e-01
8.07839749609e-01
8.07639218547e-01
8.07775324839e-01
8.08063719617e-01
8.07770222350e-01
8.07781402753e-01
8.07815132095e-01
8.07535924580e-01
8.07876045210e-01
8.07377544599e-01
8.07519205890e-01
8.08320255417e-01
8.07502116578e-01
8.07823291071e-01
8.07731094734e-01
8.07647863509e-01
8.07588358567e-01
8.08100849401e-01
8.07981526512e-01
8.07535795529e-01
8.08268172890e-01
8.07754403816e-01
8.07952195520e-01
8.08081435685e-01
8.07180162146e-01
8.07914564423e-01
8.07852412608e-01
8.07099226267e-01
8.07901407640e-01
8.07840838357e-01
8.07515894345e-01
8.07592593204e-01
8.07200552036e-01
8.07776737603e-01
8.07875866617e-01
8.07747006431e-01
8.07693627567e-01
8.07141992625e-01
8.07914781968e-01
8.07470408384e-01
8.07764237970e-01
8.07625523916e-01
8.08297932408e-01
8.08254803312e-01
8.07766956963e-01
8.07811034358e-01
8.07445152243e-01
8.07688214665e-01
8.07545600436e-01
8.07943628596e-01
8.07583315477e-01
8.07459484828e-01
8.07423469585e-01
8.07346465416e-01
8.07462604183e-01
8.07180783082e-01
8.08220794736e-01
8.07443833251e-01
8.07518863135e-01
8.07647523288e-01
8.07356539507e-01
8.08252025487e-01
8.07824158088e-01
8.07834355873e-01
8.07496110294e-01
8.07993172202e-01
8.07949555770e-01
8.07858612607e-01
8.07800564216e-01
8.07430662876e-01
8.07661685868e-01
8.07839902839e-01
8.07979186454e-01
8.07774074532e-01
8.07386374784e-01
8.07952506431e-01
8.07464961381e-01
8.07576612701e-01
8.08356751755e-01
8.07942577476e-01
8.07912798572e-01
8.07693756946e-01
8.07877720940e-01
8.08136048873e-01
8.07459196499e-01
8.07571297081e-01
8.07453453677e-01
8.07957797900e-01
8.07585129505e-01
8.07457029486e-01
8.07792047555e-01
8.08423788329e-01
8.07788270668e-01
8.07864319428e-01
8.07580836853e-01
8.07837099733e-01
8.07405375610e-01
8.08280297803e-01
8.07658260950e-01
8.07978467497e-01
8.08277219022e-01
8.07839713498e-01
8.07555996474e-01
8.08415507376e-01
8.07516108761e-01
8.07919641507e-01
8.07581341256e-01
8.07690785620e-01
8.07839263509e-01
8.07717326495e-01
8.07492156158e-01
8.07593425403e-01
8.07782152973e-01
8.07898605887e-01
8.08131367361e-01
8.07814087089e-01
8.08318423746e-01
8.08178273141e-01
8.07123976341e-01
8.07904218487e-01
8.07631510351e-01
8.07698287234e-01
8.07411041689e-01
8.07940743265e-01
8.08104411276e-01
8.08187567123e-01
8.07829783113e-01
8.08187902603e-01
8.08175575889e-01
8.07730627976e-01
8.08480102756e-01
8.07284616845e-01
8.07770651686e-01
8.08425454785e-01
8.07709158067e-01
8.08066611946e-01
8.07664643425e-01
8.07375138444e-01
8.07349971933e-01
8.07833489473e-01
8.07720377739e-01
8.07509128745e-01
8.07832664990e-01
8.08259012042e-01
8.07586057225e-01
8.07881855208e-01
8.08097137359e-01
8.07868582260e-01
8.08290928565e-01
8.08201150380e-01
8.07671123624e-01
8.07715345408e-01
8.07702994670e-01
8.07941437928e-01
8.08208621405e-01
8.07796826225e-01
8.07124135948e-01
8.07441974469e-01
8.08214048319e-01
8.07592881576e-01
8.07852057570e-01
8.08127580361e-01
8.07502966058e-01
8.07599249482e-01
8.08060055586e-01
8.07885244844e-01
8.07976709388e-01
8.07753078575e-01
8.07544248236e-01
8.07863841594e-01
8.07639246167e-01
8.07962102071e-01
8.07808678774e-01