2.85889151360e+00
2.85773047837e+00
2.85756004515e+00
2.85924409315e+00
2.85876518538e+00
2.85833680735e+00
2.85627192584e+00
2.85762047902e+00
2.85956776546e+00
2.85947664820e+00
2.85768242374e+00
2.85807906845e+00
2.85945184094e+00
2.85924129971e+00
2.85668769169e+00
2.85832987035e+00
2.85685464767e+00
2.85799437225e+00
2.85827435979e+00
2.85781692716e+00
2.86046191549e+00
2.85876204138e+00
2.85909642371e+00
2.85860350731e+00
2.85963243271e+00
2.85827153199e+00
2.85978310967e+00
2.85812952971e+00
2.85761429983e+00
2.85859711506e+00
2.85871134782e+00
2.85984701861e+00
2.85852565880e+00
2.85861500815e+00
2.85861549075e+00
2.85868904094e+00
2.85970934125e+00
2.85937937640e+00
2.85728635834e+00
2.85819491749e+00
2.85965608069e+00
2.85719730652e+00
2.85961991173e+00
2.85948944230e+00
2.85926831646e+00
2.85862633137e+00
2.85878541936e+00
2.85934898602e+00
2.85798675178e+00
2.85730933720e+00
2.85880314975e+00
2.85929108069e+00
2.85745269925e+00
2.85846019240e+00
2.85976671363e+00
2.85990009081e+00
2.85843476442e+00
2.85689423337e+00
2.85999207208e+00
2.85906575429e+00
2.85734892181e+00
2.85750260480e+00
2.85688488014e+00
2.85696110084e+00
2.85814536060e+00
2.85661721025e+00
2.85899718120e+00
2.85808108382e+00
2.85914977780e+00
2.85736287348e+00
2.85816718167e+00
2.85774500715e+00
2.85962947718e+00
2.85885681241e+00
2.86061758733e+00
2.85834132952e+00
2.85651231035e+00
2.85751296912e+00
2.85720181911e+00
2.85741656448e+00
2.85783538824e+00
2.85814897682e+00
2.85745240726e+00
2.85871507249e+00
2.85854271207e+00
2.85758171541e+00
2.85808906207e+00
2.85676399485e+00
2.85940387790e+00
2.85969161335e+00
2.85973453270e+00
2.85799427737e+00
2.85783895340e+00
2.85841510933e+00
2.85836568417e+00
2.85787322228e+00
2.85691603970e+00
2.85743029021e+00
2.85890404913e+00
2.85763955247e+00
2.85683088439e+00
2.85958844183e+00
2.85871506711e+00
2.85790676521e+00
2.85564990905e+00
2.85839637925e+00
2.86018854068e+00
2.85890672429e+00
2.85651726530e+00
2.85753853948e+00
2.85884799461e+00
2.85774055859e+00
2.85768324321e+00
2.85849904676e+00
2.85680005529e+00
2.85834498521e+00
2.85786523818e+00
2.85884955816e+00
2.85899838804e+00
2.85941905540e+00
2.85811236871e+00
2.85705804041e+00
2.85960544300e+00
2.85869677773e+00
2.85689223120e+00
2.85614890352e+00
2.85825625118e+00
2.85785183640e+00
2.85759509534e+00
2.85691222635e+00
2.85754301182e+00
2.85741517346e+00
2.85732109005e+00
2.85863808589e+00
2.85761527912e+00
2.85786312129e+00
2.85963875472e+00
2.85737965707e+00
2.85688083246e+00
2.85864305575e+00
2.85783528610e+00
2.85866624624e+00
2.85802746355e+00
2.85776484053e+00
2.85658691008e+00
2.85931454350e+00
2.85891424656e+00
2.86056126663e+00
2.85981967278e+00
2.85724089948e+00
2.85883326505e+00
2.85763498768e+00
2.85831686474e+00
2.85664156194e+00
2.85731481731e+00
2.85817646678e+00
2.85891236448e+00
2.85764692734e+00
2.85929426651e+00
2.85736717275e+00
2.85866041674e+00
2.85897187022e+00
2.85763114611e+00
2.85988518174e+00
2.85853136456e+00
2.85809895081e+00
2.85984144383e+00
2.85732805353e+00
2.85650074715e+00
2.85955116129e+00
2.85702200813e+00
2.85697392766e+00
2.85780824709e+00
2.85881429890e+00
2.85788088711e+00
2.85964971777e+00
2.85868592010e+00
2.86078233584e+00
2.85878605826e+00
2.85811571217e+00
2.85902432561e+00
2.85805398982e+00
2.85811404282e+00
2.85922571835e+00
2.85976818983e+00
2.85924134263e+00
2.85578430328e+00
2.85786212165e+00
2.85723226389e+00
2.85864041422e+00
2.85769846534e+00
2.85492201523e+00
2.85790083531e+00
2.85711777960e+00
2.85918635521e+00
2.85665779372e+00
2.85705632736e+00
2.85956579543e+00
2.85914007067e+00
2.85977591111e+00
2.85838953196e+00
2.85782959518e+00
2.85920128036e+00
2.85840120468e+00
2.86027385187e+00
2.85613783727e+00
2.85634397446e+00
2.85943387622e+00
2.85858273115e+00
2.85694399562e+00
2.86054616737e+00
2.85777129845e+00
2.85780564771e+00
2.85771066281e+00
2.85704556754e+00
2.85712042525e+00
2.85648129725e+00
2.85956126026e+00
2.85833424734e+00
2.85796571039e+00
2.85756560163e+00
2.85771354488e+00
2.85695531812e+00
2.85741540784e+00
2.85711347535e+00
2.85912302841e+00
2.85792204902e+00
2.86007016216e+00
2.85841775847e+00
2.85921164262e+00
2.85629060151e+00
2.85748484656e+00
2.85783562591e+00
2.85895850061e+00
2.85800410638e+00
2.85723656077e+00
2.85790568220e+00
2.85859709369e+00
2.85872413825e+00
2.85851308676e+00
2.85970302148e+00
2.85791295945e+00
2.85744587385e+00
2.85856090970e+00
2.85846109492e+00
2.85713228566e+00
2.85735996420e+00
2.85757441962e+00
2.85851975242e+00
2.86048363907e+00
2.85899585352e+00
2.85745658260e+00
2.85867525257e+00
2.85782863109e+00
2.85965164580e+00
2.85828120851e+00
2.86020178100e+00
2.85821213559e+00
2.85891454762e+00
2.85859369935e+00
2.85902951614e+00
2.85883989042e+00
2.85945893110e+00
2.85873625202e+00
2.85704809791e+00
2.85717728867e+00
2.85639820794e+00
2.85787011343e+00
2.85745588265e+00
2.85870381285e+00
2.85703006316e+00
2.85729816287e+00
2.85830899660e+00
2.85820947487e+00
2.85778883258e+00
2.85826522801e+00
2.85850646055e+00
2.85757008230e+00
2.85890481884e+00
2.85896408988e+00
2.85724547035e+00
2.85862640741e+00
2.85953768326e+00
2.85806833105e+00
2.85888545337e+00
2.86050030938e+00
2.85954781486e+00
2.85815750941e+00
2.85924903576e+00
2.85747054875e+00
2.85683426880e+00
2.85922904200e+00
2.85852581399e+00
2.85842131470e+00
2.85841863871e+00
2.85738658533e+00
2.85654987614e+00
2.85733018300e+00
2.85895194112e+00
2.85975074205e+00
2.85883694185e+00
2.85749431260e+00
2.85687080655e+00
2.85964900134e+00
2.85613209614e+00
2.85698772801e+00
2.85787106959e+00
2.85780515086e+00
2.85807460323e+00
2.85896333209e+00
2.85665430389e+00
2.86018660314e+00
2.85754837866e+00
2.85766995021e+00
2.85655814086e+00
2.85795455571e+00
2.85741060583e+00
2.85858288698e+00
2.85782588666e+00
2.85712971755e+00
2.85842319067e+00
2.85835711387e+00
2.85632083447e+00
2.85895448150e+00
2.86000934353e+00
2.85755658782e+00
2.85674874484e+00
2.85805394021e+00
2.85802075897e+00
2.85774269750e+00
2.85752887166e+00
2.85857900268e+00
2.85792909555e+00
2.85799687511e+00
2.85667951467e+00
2.85623199528e+00
2.85761304113e+00
2.85618566287e+00
2.85539927951e+00
2.85941506403e+00
2.85770025244e+00
2.85747219271e+00
2.85801234406e+00
2.85855050244e+00
2.85936727440e+00
2.85850259888e+00
2.86054346090e+00
2.85840980458e+00
2.85869862480e+00
2.85820335769e+00
2.86036708278e+00
2.85827131994e+00
2.85603302834e+00
2.86010863252e+00
2.85842295928e+00
2.85639349345e+00
2.85943601408e+00
2.85753649806e+00
2.85862220466e+00
2.85742797799e+00
2.85674784766e+00
2.85908624187e+00
2.85902294845e+00
2.85790721056e+00
2.85854249316e+00
2.85651810269e+00
2.85685711648e+00
2.85770378816e+00
2.85717796192e+00
2.85763592169e+00
2.85879225490e+00
2.86161128939e+00
2.85692709658e+00
2.85742228808e+00
2.85890103592e+00
2.85848052272e+00
2.85833219075e+00
2.85785833275e+00
2.85816165544e+00
2.85756058663e+00
2.85763923679e+00
2.85626086602e+00
2.85688181463e+00
2.85769046234e+00
2.85820279730e+00
2.85752868466e+00
2.85738931647e+00
2.85678261098e+00
2.85849980117e+00
2.86071728499e+00
2.85774411789e+00
2.85876912556e+00
2.85781022608e+00
2.85867736058e+00
2.86009929365e+00
2.85845523041e+00
2.85893360489e+00
2.85674358107e+00
2.85697644313e+00
2.85834221218e+00
2.85849220832e+00
2.85720026297e+00
2.85687767939e+00
2.85722708180e+00
2.85671091112e+00
2.85738707846e+00
2.86030807737e+00
2.85611417939e+00
2.85916482967e+00
2.85817672357e+00
2.85846209367e+00
2.85801958013e+00
2.85708936788e+00
2.85668723592e+00
2.85677076821e+00
2.85985349707e+00
2.85808849459e+00
2.85640006089e+00
2.85947125852e+00
2.86040078339e+00
2.85852224881e+00
2.85697497858e+00
2.85710623903e+00
2.85723704001e+00
2.85708599919e+00
2.85925009344e+00
2.85828500833e+00
2.85903124037e+00
2.85934233258e+00
2.86005428837e+00
2.85819718560e+00
2.85963034544e+00
2.85701857539e+00
2.85806215603e+00
2.85804911084e+00
2.85747524590e+00
2.85891115337e+00
2.85695122251e+00
2.85764847260e+00
2.85880713300e+00
2.85898221924e+00
2.85881394163e+00
2.85922313352e+00
2.85755891576e+00
2.85790691562e+00
2.85982182072e+00
2.85818257907e+00
2.85848420062e+00
2.85758610057e+00
2.85796319084e+00
2.85582101316e+00
2.85885465003e+00
2.85940569370e+00
2.85804674695e+00
2.85729396439e+00
2.85814097085e+00
2.85934610964e+00
2.85831210999e+00
2.85962692607e+00
2.85565118743e+00
2.85911203258e+00
2.86119770510e+00
2.85842791325e+00
2.85960390574e+00
2.85710423915e+00
2.85649916985e+00
2.85838742466e+00
2.85760169319e+00
2.85961845416e+00
2.85692316329e+00
2.85744524988e+00
2.86021793510e+00
2.85734230368e+00
2.86011192509e+00
2.85872562667e+00
2.85839874184e+00
2.85865172560e+00
2.85871096743e+00
2.85929231997e+00
2.85818045046e+00
2.85750289666e+00
2.85849814200e+00
2.86021470746e+00
2.85899122301e+00
2.85574934881e+00
2.85624334306e+00
2.86081503644e+00
2.85933926273e+00
2.85862815540e+00
2.85920309606e+00
2.85743979537e+00
2.85609268198e+00
2.85896652445e+00
2.85940770043e+00
2.86015717397e+00
2.85942828045e+00
2.85705156895e+00
2.85884516014e+00
2.85713320139e+00
2.85856647294e+00
2.85817828845e+00