2.20397114496e+00
2.20324343584e+00
2.18230579191e+00
2.20086144707e+00
2.19414942337e+00
2.20771757616e+00
2.18702977191e+00
2.21892432873e+00
2.19495859363e+00
2.21233207999e+00
2.20884760165e+00
2.20377792349e+00
2.19562290212e+00
2.19941304259e+00
2.20113110493e+00
2.20230172363e+00
2.19107960878e+00
2.19636439583e+00
2.20573357864e+00
2.20733565692e+00
2.19630347719e+00
2.19454029679e+00
2.18294936380e+00
2.18401470619e+00
2.19749177923e+00
2.19122115262e+00
2.20720331032e+00
2.21733885787e+00
2.19905902096e+00
2.20018447817e+00
2.20399033713e+00
2.20158851790e+00
2.19060031814e+00
2.18619504345e+00
2.18990562310e+00
2.20103556478e+00
2.20111497838e+00
2.19156804566e+00
2.18759299166e+00
2.19148963866e+00
2.18823183172e+00
2.20273322454e+00
2.20654772729e+00
2.18826349494e+00
2.20103876913e+00
2.19099331639e+00
2.22772034408e+00
2.19647881283e+00
2.19465400386e+00
2.19109222824e+00
2.18907442340e+00
2.21590625600e+00
2.20047703202e+00
2.19774597723e+00
2.19027168038e+00
2.21000958356e+00
2.19001965461e+00
2.21094655750e+00
2.19487230267e+00
2.20015930567e+00
2.19233003916e+00
2.20908271753e+00
2.20294302919e+00
2.20724549447e+00
2.20447846925e+00
2.19935489793e+00
2.19567828695e+00
2.20725184057e+00
2.19257484366e+00
2.20496998905e+00
2.20134099070e+00
2.19690168173e+00
2.22127736260e+00
2.18708522922e+00
2.19845402942e+00
2.19618192339e+00
2.20187278760e+00
2.20327269773e+00
2.20340963487e+00
2.20713056201e+00
2.20458285601e+00
2.18862715723e+00
2.19526268539e+00
2.19937869294e+00
2.19369433308e+00
2.19792509434e+00
2.20565392509e+00
2.20489058504e+00
2.18081285612e+00
2.21586423453e+00
2.20684185587e+00
2.19959774975e+00
2.19957866642e+00
2.20382644969e+00
2.19297859129e+00
2.19263074543e+00
2.19769805177e+00
2.18888289109e+00
2.20995935739e+00
2.20570130581e+00
2.20536455231e+00
2.20166116566e+00
2.19634817115e+00
2.18988058627e+00
2.18236087078e+00
2.20036635421e+00
2.20025763023e+00
2.18729111815e+00
2.20029433380e+00
2.19443666888e+00
2.19615299857e+00
2.18447347380e+00
2.20185487722e+00
2.20217346243e+00
2.19855730476e+00
2.20449466038e+00
2.18928784840e+00
2.19623070762e+00
2.20113356753e+00
2.20406339169e+00
2.19875091000e+00
2.18614489538e+00
2.18897779212e+00
2.20826333958e+00
2.20639636097e+00
2.23353014517e+00
2.19531878846e+00
2.20252929417e+00
2.18606679594e+00
2.18979943960e+00
2.19574714764e+00
2.19728744616e+00
2.21413015816e+00
2.20856207113e+00
2.20109468554e+00
2.19583827561e+00
2.19429354542e+00
2.19209443178e+00
2.18709031555e+00
2.21301596048e+00
2.19779574068e+00
2.19583496834e+00
2.19716232434e+00
2.18761127646e+00
2.19849979936e+00
2.18827539609e+00
2.22239827642e+00
2.19472184138e+00
2.18484373291e+00
2.21411131405e+00
2.19806270786e+00
2.21248855278e+00
2.21056246622e+00
2.21150311266e+00
2.19308557165e+00
2.20798666729e+00
2.20534322442e+00
2.20079516694e+00
2.21352789182e+00
2.20013015323e+00
2.17382822359e+00
2.20244209365e+00
2.19646651529e+00
2.20682081081e+00
2.20361769313e+00
2.21458057900e+00
2.21540707498e+00
2.20612639005e+00
2.20120882110e+00
2.20474231736e+00
2.20021800088e+00
2.19488905826e+00
2.19809059790e+00
2.19494345412e+00
2.21771761518e+00
2.20971450853e+00
2.20453137051e+00
2.19770334064e+00
2.19892064840e+00
2.20611483571e+00
2.18228933291e+00
2.18679894316e+00
2.18819315002e+00
2.20634560076e+00
2.19281239329e+00
2.19982231384e+00
2.18325664117e+00
2.18218450030e+00
2.19696517285e+00
2.19782262717e+00
2.18936400370e+00
2.20061782460e+00
2.19360344209e+00
2.19424699459e+00
2.20962886929e+00
2.21674531475e+00
2.19165725176e+00
2.19609755622e+00
2.20248745002e+00
2.19207851913e+00
2.20680883119e+00
2.21439836972e+00
2.20092852967e+00
2.17596048851e+00
2.19925153024e+00
2.20383169874e+00
2.19533787622e+00
2.17276666401e+00
2.21235536379e+00
2.22313433660e+00
2.18247627495e+00
2.19855496695e+00
2.19133965642e+00
2.19882701176e+00
2.19734281037e+00
2.17962836701e+00
2.19730713697e+00
2.20586939490e+00
2.19077412480e+00
2.18997710043e+00
2.19538777587e+00
2.19929834025e+00
2.19042082939e+00
2.19807410429e+00
2.21216430464e+00
2.20744780025e+00
2.19313580975e+00
2.19581016525e+00
2.19143747532e+00
2.19761299058e+00
2.18607045439e+00
2.20319610643e+00
2.18055099805e+00
2.18190167884e+00
2.20887611553e+00
2.20735982784e+00
2.20184798560e+00
2.19735962337e+00
2.19214210831e+00
2.20867860887e+00
2.20951941102e+00
2.18169028436e+00
2.19273593846e+00
2.20000750516e+00
2.19767219775e+00
2.19288904801e+00
2.21193691056e+00
2.20623824180e+00
2.19306038213e+00
2.20837917219e+00
2.20452665197e+00
2.20914941561e+00
2.20231632251e+00
2.19284929521e+00
2.20139764562e+00
2.20500561825e+00
2.19023202661e+00
2.21027563418e+00
2.19259176608e+00
2.19133447774e+00
2.20289307695e+00
2.18599224741e+00
2.19273935386e+00
2.21015971434e+00
2.21087329413e+00
2.18235665753e+00
2.19099246724e+00
2.19413982836e+00
2.21714433574e+00
2.20980220642e+00
2.20335053571e+00
2.20859006496e+00
2.18698110373e+00
2.20639487568e+00
2.20098321141e+00
2.19618614746e+00
2.18441675874e+00
2.20287597169e+00
2.22009216573e+00
2.18893672474e+00
2.20446282906e+00
2.22053376114e+00
2.19461945224e+00
2.19918619511e+00
2.20953650711e+00
2.19194351286e+00
2.18851403371e+00
2.20265461890e+00
2.19046566447e+00
2.19464200531e+00
2.19656174415e+00
2.20011575056e+00
2.18976252338e+00
2.19395887938e+00
2.19245408972e+00
2.22462812374e+00
2.18954879765e+00
2.20043545445e+00
2.19737510783e+00
2.20454822936e+00
2.17862740497e+00
2.20615729149e+00
2.21019864765e+00
2.20270733975e+00
2.20783022264e+00
2.20269775251e+00
2.21577148506e+00
2.20770071105e+00
2.19755321106e+00
2.19398133661e+00
2.19891437207e+00
2.20492138387e+00
2.19849628892e+00
2.19212375169e+00
2.19530498370e+00
2.19356511886e+00
2.21055809266e+00
2.20338532303e+00
2.19698563621e+00
2.18868028321e+00
2.20050427070e+00
2.20472429566e+00
2.20827493558e+00
2.20201447809e+00
2.20462659193e+00
2.20393768954e+00
2.21410074346e+00
2.19153537208e+00
2.19644940485e+00
2.20245920482e+00
2.21357890411e+00
2.18922801466e+00
2.21713887792e+00
2.20405134480e+00
2.19974008636e+00
2.20372748767e+00
2.19734887709e+00
2.18294879916e+00
2.19777526949e+00
2.19398374720e+00
2.20414408458e+00
2.20734847680e+00
2.18794403125e+00
2.19383270059e+00
2.18243697594e+00
2.20586070777e+00
2.19803529633e+00
2.18865367869e+00
2.20647558566e+00
2.20415014563e+00
2.19030627250e+00
2.18168690789e+00
2.21248099950e+00
2.21658389094e+00
2.21724377258e+00
2.19927037209e+00
2.18773581279e+00
2.20874111036e+00
2.21222366163e+00
2.21011278993e+00
2.18875577355e+00
2.18832593476e+00
2.20812342461e+00
2.20080509348e+00
2.19843755705e+00
2.19867730405e+00
2.18341896712e+00
2.19876536502e+00
2.20720194743e+00
2.20415757026e+00
2.20769198176e+00
2.18987069321e+00
2.21202801959e+00
2.20334445666e+00
2.19904864993e+00
2.19329858005e+00
2.19847931100e+00
2.20181750840e+00
2.20910879869e+00
2.21708330282e+00
2.19806976104e+00
2.20227008521e+00
2.20739834570e+00
2.20854762610e+00
2.20186445675e+00
2.19901480220e+00
2.19916286356e+00
2.19663227506e+00
2.20482267596e+00
2.20796687502e+00
2.17792002090e+00
2.21243977870e+00
2.19233517522e+00
2.20160601808e+00
2.19485663031e+00
2.18819022955e+00
2.18869065225e+00
2.20539764484e+00
2.20422584999e+00
2.18649140130e+00
2.18591050382e+00
2.20929002781e+00
2.22366074631e+00
2.18250957377e+00
2.19631413894e+00
2.20109416584e+00
2.21222666498e+00
2.19093059341e+00
2.18267154949e+00
2.20486439646e+00
2.19122268038e+00
2.20661561708e+00
2.22529770992e+00
2.19902789979e+00
2.19051518619e+00
2.20893066304e+00
2.21205484442e+00
2.19623455594e+00
2.19596096106e+00
2.21802642858e+00
2.19444059591e+00
2.18222949205e+00
2.19657932766e+00
2.21022228101e+00
2.21795703113e+00
2.20787441716e+00
2.20129608270e+00
2.19968264437e+00
2.20817228805e+00
2.21154463211e+00
2.20203170530e+00
2.19342745215e+00
2.19659714195e+00
2.20163293585e+00
2.19650836440e+00
2.19293797052e+00
2.21303190098e+00
2.19662074924e+00
2.21089133794e+00
2.21801596000e+00
2.21345849764e+00
2.20630130290e+00
2.19647261398e+00
2.19893697494e+00
2.20228329620e+00
2.21895680213e+00
2.20190387755e+00
2.19509830335e+00
2.19893854288e+00
2.17775680581e+00
2.19437177669e+00
2.20226118309e+00
2.20405963005e+00
2.19518782602e+00
2.19726503930e+00
2.19388750294e+00
2.20600081919e+00
2.20731081794e+00
2.19356943211e+00
2.18874801435e+00
2.21846283693e+00
2.20647294295e+00
2.20237457891e+00
2.19654508054e+00
2.20674834122e+00
2.19314799338e+00
2.20924611251e+00
2.20095126829e+00
2.19445869052e+00
2.19437818501e+00
2.19960303333e+00
2.20515817884e+00
2.19229160242e+00
2.19655565257e+00
2.20806668234e+00
2.19100555400e+00
2.19632256785e+00
2.20729965779e+00
2.19838802328e+00
2.18453813149e+00
2.17533295821e+00
2.20069474730e+00
2.18791945359e+00
2.18950703498e+00
2.20228841695e+00
2.21205023643e+00
2.19253382199e+00
2.19376247141e+00
2.21620803599e+00
2.20264195835e+00
2.17374364379e+00
2.18758583638e+00
2.20289119491e+00
2.20129313777e+00
2.18379447796e+00
2.20183641948e+00
2.19926496565e+00
2.20604780899e+00
2.18687386899e+00
2.20901301532e+00
2.19848416469e+00