1.12541402782e+00
1.12625170823e+00
1.12351418801e+00
1.12462117601e+00
1.12058502023e+00
1.12072172075e+00
1.12099118269e+00
1.12346600439e+00
1.11692904842e+00
1.12609039774e+00
1.12693378718e+00
1.11677293501e+00
1.11919913557e+00
1.11858332205e+00
1.12258911501e+00
1.12326507338e+00
1.12443843336e+00
1.12282932427e+00
1.11816785802e+00
1.11989139437e+00
1.11753913900e+00
1.12327723353e+00
1.11682765905e+00
1.11978160320e+00
1.11721635520e+00
1.12149975483e+00
1.12109894636e+00
1.12362596205e+00
1.12143072215e+00
1.12545535468e+00
1.12309861304e+00
1.12051753585e+00
1.11741484239e+00
1.12475397439e+00
1.11817318503e+00
1.11724667995e+00
1.11910515385e+00
1.12428560562e+00
1.12193120420e+00
1.12599539860e+00
1.12058314442e+00
1.12079729973e+00
1.11943261197e+00
1.12355583999e+00
1.11888503031e+00
1.11933686400e+00
1.12307998409e+00
1.12144639286e+00
1.12223743403e+00
1.12173783361e+00
1.11992924965e+00
1.12072006285e+00
1.12089465427e+00
1.12169633738e+00
1.12005505419e+00
1.12298850628e+00
1.11804552417e+00
1.12140211585e+00
1.12485566577e+00
1.12051350567e+00
1.11875238808e+00
1.11796863283e+00
1.11940859677e+00
1.12265550552e+00
1.12378968973e+00
1.12328424565e+00
1.11952975817e+00
1.12270113407e+00
1.12090440130e+00
1.11887086364e+00
1.12340103262e+00
1.12570133529e+00
1.12697506997e+00
1.12665241592e+00
1.12230246912e+00
1.11689171343e+00
1.12425609496e+00
1.11946577337e+00
1.12304487247e+00
1.11507177703e+00
1.12500422948e+00
1.12024309997e+00
1.12407284259e+00
1.12575711220e+00
1.12113160197e+00
1.12325962913e+00
1.11950108979e+00
1.12349035458e+00
1.11683645710e+00
1.12178443342e+00
1.12357522046e+00
1.11927355482e+00
1.11825500219e+00
1.11877115020e+00
1.12801635996e+00
1.12206457710e+00
1.12114145287e+00
1.12124644680e+00
1.12574385931e+00
1.11883696265e+00
1.11842953482e+00
1.11975767587e+00
1.12005402997e+00
1.12478208803e+00
1.11579522443e+00
1.12213947306e+00
1.12345177821e+00
1.12099034199e+00
1.11999002329e+00
1.12524588646e+00
1.11831183758e+00
1.12044747536e+00
1.12503745448e+00
1.11862354985e+00
1.11806126156e+00
1.12184648609e+00
1.12262684451e+00
1.11991393020e+00
1.12000244183e+00
1.12079589430e+00
1.12281274173e+00
1.12196739461e+00
1.11744951692e+00
1.12679251764e+00
1.12351652393e+00
1.11816652380e+00
1.12180638505e+00
1.11956340065e+00
1.12010347794e+00
1.12277870165e+00
1.11851648188e+00
1.12053044011e+00
1.12508754652e+00
1.12390529100e+00
1.11455617493e+00
1.12217730919e+00
1.12699895083e+00
1.11753095150e+00
1.12754973147e+00
1.12231059606e+00
1.12304021877e+00
1.11782305082e+00
1.12170738875e+00
1.12340330495e+00
1.12068629349e+00
1.12688613356e+00
1.12269893211e+00
1.12015870262e+00
1.12395444490e+00
1.11931953780e+00
1.12347298030e+00
1.12222771152e+00
1.12197819248e+00
1.12079454937e+00
1.12387727096e+00
1.11988635523e+00
1.11832479032e+00
1.11765644686e+00
1.11886546961e+00
1.12278013907e+00
1.12234434476e+00
1.11859237373e+00
1.12106524770e+00
1.12544027416e+00
1.11840209864e+00
1.12669550307e+00
1.12328698425e+00
1.12072829172e+00
1.12006135158e+00
1.11935962514e+00
1.12249235446e+00
1.11993801935e+00
1.12109879150e+00
1.12314592146e+00
1.12480207537e+00
1.12528836258e+00
1.11711226731e+00
1.12119493051e+00
1.12430837328e+00
1.11881978874e+00
1.11914817786e+00
1.12175792027e+00
1.11972286686e+00
1.11518800934e+00
1.12430190140e+00
1.12530632314e+00
1.12155601403e+00
1.12645729065e+00
1.12241173056e+00
1.11695032978e+00
1.12505073008e+00
1.11907747883e+00
1.12321244978e+00
1.11742132383e+00
1.12047751810e+00
1.12272629801e+00
1.12548282275e+00
1.11844224718e+00
1.12171098918e+00
1.12026263065e+00
1.12343979787e+00
1.12035656968e+00
1.12666056532e+00
1.11985465716e+00
1.12425702459e+00
1.12000764631e+00
1.12382648883e+00
1.12077140154e+00
1.11848041772e+00
1.12236949354e+00
1.12418492243e+00
1.12518940422e+00
1.11869635772e+00
1.12073125767e+00
1.12098151167e+00
1.12767324297e+00
1.12000744901e+00
1.11878946880e+00
1.12269840788e+00
1.11831812249e+00
1.11950357070e+00
1.12070282471e+00
1.12294289934e+00
1.12295893382e+00
1.11957563397e+00
1.12202055851e+00
1.11901656747e+00
1.12595737735e+00
1.12523677115e+00
1.12796301984e+00
1.11956272663e+00
1.11735674355e+00
1.12018554319e+00
1.12032052928e+00
1.12664384273e+00
1.12384923879e+00
1.12399354481e+00
1.12428704179e+00
1.12211453619e+00
1.12782692432e+00
1.12318893347e+00
1.11918322813e+00
1.11977246542e+00
1.12094135996e+00
1.12104481385e+00
1.12226616391e+00
1.11908023649e+00
1.12105376982e+00
1.12388200337e+00
1.12512964643e+00
1.12593329617e+00
1.12323956482e+00
1.12334336402e+00
1.12107746765e+00
1.11934901296e+00
1.11681158675e+00
1.12091530797e+00
1.12354265230e+00
1.12195112169e+00
1.12043465792e+00
1.12369058148e+00
1.12281190330e+00
1.12204383642e+00
1.12560488559e+00
1.12387896106e+00
1.12261823366e+00
1.12498834214e+00
1.12099208036e+00
1.11834487284e+00
1.11626490328e+00
1.12101554557e+00
1.12299458636e+00
1.12249962277e+00
1.12202804235e+00
1.12134226246e+00
1.12425627222e+00
1.11880010820e+00
1.12192482789e+00
1.11940605144e+00
1.11714535061e+00
1.11809466166e+00
1.12159900457e+00
1.12247051661e+00
1.11921996844e+00
1.12196135925e+00
1.12399665172e+00
1.11829912241e+00
1.11612327888e+00
1.11875346294e+00
1.12343729339e+00
1.11608745199e+00
1.12086802301e+00
1.12449334569e+00
1.11849119683e+00
1.12030084677e+00
1.11590692753e+00
1.11946221748e+00
1.12411826833e+00
1.12053136321e+00
1.11875836980e+00
1.12287347159e+00
1.12021656389e+00
1.12311067610e+00
1.12316136564e+00
1.12226247423e+00
1.12508970876e+00
1.12189472687e+00
1.11754169760e+00
1.12322432283e+00
1.12068038963e+00
1.12054975637e+00
1.12259886795e+00
1.12145575254e+00
1.12138179173e+00
1.12123519385e+00
1.11756086614e+00
1.12139792105e+00
1.11863254180e+00
1.12048237381e+00
1.12104877853e+00
1.11780551534e+00
1.12176046775e+00
1.12182857936e+00
1.11689468682e+00
1.11950423261e+00
1.11651637228e+00
1.12225622863e+00
1.12382683024e+00
1.12114975083e+00
1.12133779688e+00
1.12345262562e+00
1.11722612784e+00
1.12741023201e+00
1.12197712538e+00
1.12671341373e+00
1.12548997161e+00
1.11740448078e+00
1.12077118404e+00
1.12453083244e+00
1.11467501825e+00
1.12163554841e+00
1.12972221130e+00
1.11726938100e+00
1.11637821035e+00
1.11916717066e+00
1.12165527396e+00
1.12146085893e+00
1.13133306451e+00
1.12121270967e+00
1.12297135423e+00
1.12027176981e+00
1.12320478739e+00
1.12353222086e+00
1.12445280413e+00
1.12040579273e+00
1.11609874235e+00
1.11926649909e+00
1.12038685962e+00
1.12756145102e+00
1.12068260477e+00
1.12184985039e+00
1.11926398608e+00
1.11905716390e+00
1.12289151156e+00
1.11937252055e+00
1.11973815346e+00
1.12173563477e+00
1.12045385746e+00
1.11721226909e+00
1.12074860411e+00
1.11704540515e+00
1.11698624635e+00
1.11916891875e+00
1.12188375919e+00
1.12006762768e+00
1.11998709726e+00
1.12136392183e+00
1.12040332292e+00
1.11763539185e+00
1.11964601215e+00
1.11696975477e+00
1.11829732531e+00
1.12139048385e+00
1.12004524549e+00
1.12058329594e+00
1.12307538439e+00
1.12100885361e+00
1.11425728961e+00
1.12373770945e+00
1.12585555386e+00
1.12138818984e+00
1.12457936295e+00
1.12797893669e+00
1.12016875051e+00
1.11936406355e+00
1.12293726410e+00
1.12391925636e+00
1.12077013675e+00
1.12226488413e+00
1.12087611582e+00
1.12394927176e+00
1.12061264925e+00
1.12333832479e+00
1.12124507836e+00
1.11952373083e+00
1.12285727840e+00
1.11883320109e+00
1.12533831137e+00
1.12373732428e+00
1.11902806663e+00
1.12254030903e+00
1.11921343453e+00
1.11827332661e+00
1.12232454384e+00
1.11545572162e+00
1.12094734603e+00
1.12153579574e+00
1.11435879825e+00
1.11715581871e+00
1.12089069679e+00
1.12214974160e+00
1.11961029727e+00
1.12236555065e+00
1.12484017482e+00
1.11871625790e+00
1.12815943358e+00
1.12606214122e+00
1.11407664019e+00
1.12109059696e+00
1.12472754301e+00
1.11922173481e+00
1.11743257104e+00
1.12175576612e+00
1.12197973536e+00
1.12187303899e+00
1.11828868285e+00
1.11905144421e+00
1.12289139602e+00
1.11758606449e+00
1.12337479114e+00
1.11611910541e+00
1.12112902427e+00
1.11673160443e+00
1.12468146254e+00
1.11969560131e+00
1.12180679211e+00
1.11908506030e+00
1.12080822961e+00
1.12243529268e+00
1.11744933008e+00
1.12493023957e+00
1.12184959220e+00
1.12188327268e+00
1.12577889532e+00
1.11815638253e+00
1.12211641878e+00
1.12495812852e+00
1.11847761744e+00
1.12598653498e+00
1.11844106144e+00
1.12656807812e+00
1.12175836233e+00
1.12171480162e+00
1.12280864645e+00
1.11904631868e+00
1.12046234253e+00
1.12385117447e+00
1.11657764980e+00
1.12093178716e+00
1.12259803090e+00
1.12115206579e+00
1.12253340672e+00
1.12425265345e+00
1.12201828934e+00
1.12190868092e+00
1.12233881452e+00
1.11704470355e+00
1.12275774783e+00
1.12409772863e+00
1.11918585137e+00
1.12160834615e+00
1.11522849717e+00
1.12215018665e+00
1.11630037869e+00
1.12081164002e+00
1.11942270822e+00
1.12548641560e+00
1.11971402443e+00
1.12332068645e+00
1.12108281116e+00
1.12709271090e+00
1.12033960055e+00
1.12321109351e+00
1.12033785677e+00
1.11657797300e+00
1.11775194460e+00
1.11939751883e+00
1.12191288835e+00
1.11697777110e+00
1.11681996672e+00
1.12145952087e+00