-1.29044963955e+00
-1.29058994775e+00
-1.29025287152e+00
-1.29099126190e+00
-1.29017688868e+00
-1.29110345952e+00
-1.28983578350e+00
-1.29164928299e+00
-1.29071331417e+00
-1.28976321665e+00
-1.29108628279e+00
-1.29224579364e+00
-1.29154663899e+00
-1.29106758218e+00
-1.29108364179e+00
-1.29098915214e+00
-1.28979424022e+00
-1.29001554312e+00
-1.29160825101e+00
-1.29156896560e+00
-1.29044526588e+00
-1.29090682743e+00
-1.29134254821e+00
-1.29045452198e+00
-1.29014800952e+00
-1.28959922920e+00
-1.29091523160e+00
-1.29073902926e+00
-1.29114010977e+00
-1.29094767617e+00
-1.29033909599e+00
-1.29102655583e+00
-1.29006961999e+00
-1.28979380315e+00
-1.29192266370e+00
-1.29082878803e+00
-1.29227456977e+00
-1.29112567051e+00
-1.29013263887e+00
-1.29098409216e+00
-1.29053495970e+00
-1.29077702244e+00
-1.29107997076e+00
-1.29088201992e+00
-1.29049829768e+00
-1.29066832572e+00
-1.29135560390e+00
-1.28965233235e+00
-1.29118192748e+00
-1.29091676738e+00
-1.29042665849e+00
-1.29058069700e+00
-1.28946826668e+00
-1.29132548796e+00
-1.29083474796e+00
-1.29079371881e+00
-1.29136402800e+00
-1.29143033369e+00
-1.29146316436e+00
-1.29150202809e+00
-1.28972522759e+00
-1.29186682345e+00
-1.29086702668e+00
-1.29121995971e+00
-1.29112668714e+00
-1.29072583001e+00
-1.28989727963e+00
-1.29185466576e+00
-1.29048127096e+00
-1.29203116740e+00
-1.29082896791e+00
-1.29190154696e+00
-1.29137647940e+00
-1.28974415227e+00
-1.29005188310e+00
-1.29003750689e+00
-1.29053307568e+00
-1.29189559120e+00
-1.29147070098e+00
-1.29025785309e+00
-1.29081745293e+00
-1.29161769170e+00
-1.29010567502e+00
-1.28998922909e+00
-1.29129081262e+00
-1.29151744095e+00
-1.29105443434e+00
-1.29086713660e+00
-1.29052391414e+00
-1.29146744883e+00
-1.29044869455e+00
-1.28992044370e+00
-1.29137390632e+00
-1.29189350300e+00
-1.29209384492e+00
-1.29040052156e+00
-1.29020347135e+00
-1.29133611592e+00
-1.29029824666e+00
-1.29118003190e+00
-1.29117296789e+00
-1.29123558936e+00
-1.29020852920e+00
-1.29115039625e+00
-1.29137800431e+00
-1.29107544399e+00
-1.29106173213e+00
-1.29075008280e+00
-1.29095739600e+00
-1.29068791356e+00
-1.29122816354e+00
-1.29108663718e+00
-1.29130203486e+00
-1.29079176068e+00
-1.29130489617e+00
-1.29085647912e+00
-1.29106165214e+00
-1.29141980878e+00
-1.29109857740e+00
-1.29193723937e+00
-1.29012956993e+00
-1.29053017264e+00
-1.29002495831e+00
-1.29244043620e+00
-1.28994880475e+00
-1.29185146350e+00
-1.28988539516e+00
-1.29161485234e+00
-1.29079491494e+00
-1.29021747958e+00
-1.29052826378e+00
-1.29284428158e+00
-1.29027931884e+00
-1.29033313957e+00
-1.29081658762e+00
-1.29029741713e+00
-1.29140780427e+00
-1.29046461804e+00
-1.29043884642e+00
-1.28992110335e+00
-1.29095987953e+00
-1.28961300113e+00
-1.29033224502e+00
-1.29070894258e+00
-1.29126993761e+00
-1.29038990933e+00
-1.29145499748e+00
-1.28984923945e+00
-1.29196558196e+00
-1.29074470287e+00
-1.29036141984e+00
-1.29176087100e+00
-1.29208294526e+00
-1.29181256727e+00
-1.29046406804e+00
-1.29056320134e+00
-1.28930096262e+00
-1.29073585896e+00
-1.29110871125e+00
-1.28986704461e+00
-1.29064721314e+00
-1.29093332058e+00
-1.29080635304e+00
-1.28971205503e+00
-1.29122727067e+00
-1.29078996954e+00
-1.29101793675e+00
-1.29112041654e+00
-1.28997605878e+00
-1.29102740614e+00
-1.29122960789e+00
-1.29079024821e+00
-1.29074472237e+00
-1.29060228460e+00
-1.29019603573e+00
-1.29229712970e+00
-1.29021436581e+00
-1.29102036036e+00
-1.29011392751e+00
-1.29128737086e+00
-1.28980475682e+00
-1.29097439447e+00
-1.29060438080e+00
-1.29131405920e+00
-1.29054752561e+00
-1.29123875057e+00
-1.29032974940e+00
-1.28964116710e+00
-1.29178013917e+00
-1.29113231492e+00
-1.29152012465e+00
-1.29014459879e+00
-1.29050660786e+00
-1.29038632012e+00
-1.29086701596e+00
-1.29185697760e+00
-1.29080704221e+00
-1.29106934765e+00
-1.29050879225e+00
-1.29055629819e+00
-1.29158554290e+00
-1.29028273103e+00
-1.29080970016e+00
-1.28954218004e+00
-1.28948036470e+00
-1.29142058278e+00
-1.29019018047e+00
-1.28970433998e+00
-1.29025294703e+00
-1.29125528906e+00
-1.29097730982e+00
-1.29094525419e+00
-1.29029587975e+00
-1.28997412071e+00
-1.29033108079e+00
-1.29057432041e+00
-1.29000166244e+00
-1.29112003105e+00
-1.29022317701e+00
-1.29052994426e+00
-1.29035402392e+00
-1.29158520082e+00
-1.28881992808e+00
-1.29096657048e+00
-1.29103373219e+00
-1.28984959306e+00
-1.29081751886e+00
-1.29078699288e+00
-1.29040597809e+00
-1.29027862739e+00
-1.29041675757e+00
-1.29139022860e+00
-1.29117362330e+00
-1.28953807448e+00
-1.29041308797e+00
-1.29230814648e+00
-1.29156909372e+00
-1.29100677103e+00
-1.28991422524e+00
-1.29027411262e+00
-1.29108837949e+00
-1.29011809165e+00
-1.29162604991e+00
-1.29074618891e+00
-1.29159363694e+00
-1.29088021114e+00
-1.29097440607e+00
-1.29065551629e+00
-1.29050993204e+00
-1.29072471858e+00
-1.29106075599e+00
-1.29098285537e+00
-1.29124500323e+00
-1.28999951119e+00
-1.29122672799e+00
-1.29106801140e+00
-1.28942286841e+00
-1.29151014072e+00
-1.29063185450e+00
-1.28995939141e+00
-1.29043281011e+00
-1.29056462637e+00
-1.29116381965e+00
-1.29042311217e+00
-1.29053227273e+00
-1.29122006940e+00
-1.29096505905e+00
-1.29028206587e+00
-1.29157876444e+00
-1.29111718923e+00
-1.29062166271e+00
-1.28993720336e+00
-1.29061259336e+00
-1.29091120947e+00
-1.29039666381e+00
-1.29082569620e+00
-1.28992077761e+00
-1.29152823576e+00
-1.28986660601e+00
-1.28989064105e+00
-1.29115964184e+00
-1.29190023012e+00
-1.28947599553e+00
-1.28982437290e+00
-1.29153152532e+00
-1.28938835587e+00
-1.29054798192e+00
-1.29149383311e+00
-1.28982255299e+00
-1.28994221099e+00
-1.29131070173e+00
-1.29142432041e+00
-1.29030012314e+00
-1.29053138801e+00
-1.29137152592e+00
-1.29148170153e+00
-1.29086733093e+00
-1.29124422250e+00
-1.29133719897e+00
-1.28971222070e+00
-1.29074777486e+00
-1.29033046128e+00
-1.29146565759e+00
-1.29136564755e+00
-1.29116363468e+00
-1.29076977460e+00
-1.29143264301e+00
-1.29031601526e+00
-1.28973080573e+00
-1.29071125418e+00
-1.29020723005e+00
-1.29033485386e+00
-1.29143100972e+00
-1.29091039969e+00
-1.28940741212e+00
-1.29146713531e+00
-1.29158351699e+00
-1.29142406227e+00
-1.29156279765e+00
-1.29033502216e+00
-1.29211454273e+00
-1.29079507858e+00
-1.29073958679e+00
-1.29031815405e+00
-1.29035782329e+00
-1.29036959368e+00
-1.29191898916e+00
-1.28958290782e+00
-1.29084777073e+00
-1.29133591275e+00
-1.29163665462e+00
-1.29163612820e+00
-1.29050792861e+00
-1.29020044867e+00
-1.29130005019e+00
-1.29007023081e+00
-1.28940658019e+00
-1.29074165209e+00
-1.29090384159e+00
-1.29122972861e+00
-1.29143661392e+00
-1.29180737453e+00
-1.29103866831e+00
-1.29015985552e+00
-1.28896179563e+00
-1.28851492206e+00
-1.29068562644e+00
-1.29013417053e+00
-1.29088380436e+00
-1.29074722195e+00
-1.29246097291e+00
-1.29021747286e+00
-1.29111195255e+00
-1.29171855750e+00
-1.29158100506e+00
-1.29058674932e+00
-1.28940617284e+00
-1.29062412296e+00
-1.29053903120e+00
-1.29077099282e+00
-1.29130043550e+00
-1.29095148001e+00
-1.29071311339e+00
-1.29152904648e+00
-1.29131109280e+00
-1.28974881532e+00
-1.29039924030e+00
-1.29052063178e+00
-1.29104684282e+00
-1.29008966836e+00
-1.29132263353e+00
-1.29101556364e+00
-1.29071999156e+00
-1.28958850373e+00
-1.29077711069e+00
-1.29130147093e+00
-1.29085498380e+00
-1.29151644013e+00
-1.29129114425e+00
-1.29050014783e+00
-1.28985898017e+00
-1.29110839486e+00
-1.29033669659e+00
-1.29040460284e+00
-1.29033415234e+00
-1.29229169283e+00
-1.28975855526e+00
-1.29120549148e+00
-1.29123361805e+00
-1.29172449478e+00
-1.29129185973e+00
-1.29077375327e+00
-1.29143487276e+00
-1.29133989100e+00
-1.29105713775e+00
-1.28992537048e+00
-1.29168346186e+00
-1.29002538980e+00
-1.29052277575e+00
-1.29063521485e+00
-1.28981314605e+00
-1.28995019667e+00
-1.29110674317e+00
-1.29044785351e+00
-1.29078715975e+00
-1.29130731496e+00
-1.29190041710e+00
-1.29077827470e+00
-1.29069106646e+00
-1.29023604451e+00
-1.28967166953e+00
-1.28994907570e+00
-1.29223267754e+00
-1.29043296848e+00
-1.29066226250e+00
-1.28986405057e+00
-1.29039414468e+00
-1.29155345326e+00
-1.29073868507e+00
-1.29173893804e+00
-1.29097678196e+00
-1.29126100145e+00
-1.29014185266e+00
-1.29186124240e+00
-1.29116246375e+00
-1.29034835424e+00
-1.29109412102e+00
-1.29086766380e+00
-1.29127329864e+00
-1.29121400505e+00
-1.29097076168e+00
-1.29017568586e+00
-1.29068806399e+00
-1.29172482855e+00
-1.29041591616e+00
-1.29043027083e+00
-1.29205415513e+00
-1.29140164466e+00
-1.29086197264e+00
-1.29196057641e+00
-1.29114521449e+00
-1.29266654392e+00
-1.29125271351e+00
-1.29033891805e+00
-1.29155601489e+00
-1.28980601040e+00
-1.29039688245e+00
-1.29135087554e+00
-1.29140792566e+00
-1.29202867567e+00
-1.29081754152e+00
-1.29154085153e+00
-1.29039701598e+00
-1.29053168068e+00
-1.29111494338e+00
-1.29031421352e+00
-1.29171980455e+00
-1.29060357362e+00
-1.29074676491e+00
-1.29118066782e+00
-1.29229917973e+00
-1.28951530965e+00
-1.29098950318e+00
-1.29097608421e+00
-1.29088047414e+00
-1.28988179226e+00
-1.29238442742e+00
-1.29038268764e+00
-1.29122271767e+00
-1.29107614012e+00
-1.29074152780e+00
-1.29105610602e+00
-1.29109120827e+00
-1.29012263023e+00
-1.29159217568e+00
-1.29070390876e+00
-1.29059027751e+00
-1.29088894646e+00
-1.29113888608e+00
-1.29008154648e+00
-1.29048338637e+00
-1.29012143019e+00
-1.29142652865e+00
-1.28953273368e+00
-1.29028449149e+00
-1.29020281010e+00
-1.29077543768e+00
-1.28986671614e+00
-1.29178711292e+00
-1.29100983964e+00
-1.29049030871e+00
-1.29093670671e+00
-1.29034351722e+00
-1.29049936078e+00
-1.29154494215e+00
-1.29083942604e+00
-1.29102849748e+00
-1.29173625479e+00
-1.29025466625e+00
-1.29087363917e+00
-1.29083391882e+00