-1.33170594411e+00
-1.33189443857e+00
-1.33128246464e+00
-1.33200052094e+00
-1.33161782978e+00
-1.33166207816e+00
-1.33040817995e+00
-1.33083986767e+00
-1.33198879212e+00
-1.33199037901e+00
-1.33178482546e+00
-1.33167700887e+00
-1.33188696497e+00
-1.33072568269e+00
-1.33191155613e+00
-1.33154037505e+00
-1.33173788704e+00
-1.33155136958e+00
-1.33168860899e+00
-1.33063858100e+00
-1.33254826420e+00
-1.33105373668e+00
-1.33144538590e+00
-1.33116939809e+00
-1.33193934191e+00
-1.33087145428e+00
-1.33193754086e+00
-1.33197117630e+00
-1.33147190676e+00
-1.33163117841e+00
-1.33173936244e+00
-1.33189313985e+00
-1.33140064356e+00
-1.33204591219e+00
-1.33157116386e+00
-1.33121475989e+00
-1.33222369267e+00
-1.33181206705e+00
-1.33156253376e+00
-1.33165108083e+00
-1.33194974792e+00
-1.33110644342e+00
-1.33173508181e+00
-1.33158920266e+00
-1.33151413303e+00
-1.33186480252e+00
-1.33109973361e+00
-1.33201358217e+00
-1.33111835927e+00
-1.33278172417e+00
-1.33152246494e+00
-1.33224695861e+00
-1.33160698973e+00
-1.33131351240e+00
-1.33104276315e+00
-1.33099441582e+00
-1.33152290448e+00
-1.33100931539e+00
-1.33247341649e+00
-1.33193103570e+00
-1.33154174511e+00
-1.33147873399e+00
-1.33125648806e+00
-1.33153471059e+00
-1.33115052855e+00
-1.33136020282e+00
-1.33078447403e+00
-1.33205375444e+00
-1.33095644756e+00
-1.33188239258e+00
-1.33156238559e+00
-1.33221250762e+00
-1.33105886016e+00
-1.33174296326e+00
-1.33112017312e+00
-1.33164228185e+00
-1.33238802739e+00
-1.33111874349e+00
-1.33212799801e+00
-1.33126479325e+00
-1.33134233434e+00
-1.33173015463e+00
-1.33034611574e+00
-1.33085732785e+00
-1.33108074312e+00
-1.33188019383e+00
-1.33086282895e+00
-1.33124841167e+00
-1.33191431697e+00
-1.33196294932e+00
-1.33119170931e+00
-1.33036460612e+00
-1.33218654526e+00
-1.33146500193e+00
-1.33121688631e+00
-1.33114134325e+00
-1.33144486428e+00
-1.33138490187e+00
-1.33099786571e+00
-1.33097406205e+00
-1.33136027536e+00
-1.33171321246e+00
-1.33113755269e+00
-1.33176150132e+00
-1.32995078401e+00
-1.33109796067e+00
-1.33208965993e+00
-1.33115294901e+00
-1.33169416811e+00
-1.33193342525e+00
-1.33170770256e+00
-1.33176151039e+00
-1.33172865849e+00
-1.33044286625e+00
-1.33048989293e+00
-1.33264649289e+00
-1.33151808024e+00
-1.33151963312e+00
-1.33145610892e+00
-1.33130990314e+00
-1.33214104020e+00
-1.33163824332e+00
-1.33187403350e+00
-1.33114310740e+00
-1.33155777734e+00
-1.33094492742e+00
-1.33116488461e+00
-1.33157617667e+00
-1.33219045749e+00
-1.33123775083e+00
-1.33153280545e+00
-1.33199266916e+00
-1.33120849821e+00
-1.33142781736e+00
-1.33145198121e+00
-1.33086542146e+00
-1.33185333207e+00
-1.33190626514e+00
-1.33078584913e+00
-1.33160988978e+00
-1.33179689736e+00
-1.33101671950e+00
-1.33173875152e+00
-1.33136847162e+00
-1.33056420823e+00
-1.33210044143e+00
-1.33113088306e+00
-1.33221924823e+00
-1.33163911529e+00
-1.33155981813e+00
-1.33189577089e+00
-1.33194546094e+00
-1.33158071834e+00
-1.33077817076e+00
-1.33147320383e+00
-1.33172888307e+00
-1.33143092530e+00
-1.33211943159e+00
-1.33089686742e+00
-1.33136861136e+00
-1.33190271581e+00
-1.33167947071e+00
-1.33145661558e+00
-1.33249697820e+00
-1.33175426618e+00
-1.33202124880e+00
-1.33099301838e+00
-1.33154651058e+00
-1.33064308634e+00
-1.33172610493e+00
-1.33129942043e+00
-1.33053790977e+00
-1.33203687221e+00
-1.33118498195e+00
-1.33165784373e+00
-1.33136217295e+00
-1.33195057681e+00
-1.33136856210e+00
-1.33270340236e+00
-1.33144273267e+00
-1.33102141387e+00
-1.33038625747e+00
-1.33126351768e+00
-1.33172632751e+00
-1.33151939115e+00
-1.33162005618e+00
-1.33107861492e+00
-1.33192020161e+00
-1.33096495464e+00
-1.33142496262e+00
-1.33031236116e+00
-1.33186803779e+00
-1.33089186128e+00
-1.33082508302e+00
-1.33192282551e+00
-1.33034333759e+00
-1.33114316771e+00
-1.33164130845e+00
-1.33154335000e+00
-1.33211588978e+00
-1.33190402087e+00
-1.33121839127e+00
-1.33131402666e+00
-1.33274653168e+00
-1.33210024512e+00
-1.33165072239e+00
-1.33025984134e+00
-1.33058922707e+00
-1.33224867805e+00
-1.33110116878e+00
-1.33166939944e+00
-1.33127169349e+00
-1.33164831599e+00
-1.33097862121e+00
-1.33124892969e+00
-1.33192477198e+00
-1.33157723049e+00
-1.33183818057e+00
-1.33141182448e+00
-1.33094105690e+00
-1.33101185897e+00
-1.33094197374e+00
-1.33166698824e+00
-1.33156906531e+00
-1.33137014102e+00
-1.33168627563e+00
-1.33173918598e+00
-1.33162357904e+00
-1.33162616735e+00
-1.33123694618e+00
-1.33156328683e+00
-1.33120803899e+00
-1.33095793214e+00
-1.33214126393e+00
-1.33192386126e+00
-1.33153636817e+00
-1.33218861768e+00
-1.33177238092e+00
-1.33086615518e+00
-1.33196891871e+00
-1.33160449476e+00
-1.33111366608e+00
-1.33211595959e+00
-1.33146872395e+00
-1.33126683546e+00
-1.33100572131e+00
-1.33094300040e+00
-1.33114495254e+00
-1.33102242823e+00
-1.33189001189e+00
-1.33142671611e+00
-1.33169400800e+00
-1.33211189829e+00
-1.33153505122e+00
-1.33130951556e+00
-1.33148455993e+00
-1.33106809469e+00
-1.33242561859e+00
-1.33131416426e+00
-1.33231300237e+00
-1.33169601268e+00
-1.33107620840e+00
-1.33139210966e+00
-1.33168584509e+00
-1.33044896430e+00
-1.33140384885e+00
-1.33178682332e+00
-1.33139918219e+00
-1.33119209829e+00
-1.33240319409e+00
-1.33026726083e+00
-1.33223495005e+00
-1.33147953000e+00
-1.33125745287e+00
-1.33209670808e+00
-1.33049227451e+00
-1.33041263961e+00
-1.33163588041e+00
-1.33180389552e+00
-1.33156561240e+00
-1.33228145395e+00
-1.33152943973e+00
-1.33157055265e+00
-1.33073279099e+00
-1.33155721198e+00
-1.33105480520e+00
-1.33134817250e+00
-1.33120916077e+00
-1.33169060317e+00
-1.33137407091e+00
-1.33117185694e+00
-1.33131607967e+00
-1.33165749989e+00
-1.33145934246e+00
-1.33174235015e+00
-1.33155438733e+00
-1.33156609855e+00
-1.33182555059e+00
-1.33134373437e+00
-1.33165411267e+00
-1.33159855514e+00
-1.33131126821e+00
-1.33110528839e+00
-1.33193038465e+00
-1.33115509546e+00
-1.33161772665e+00
-1.33145635630e+00
-1.33181621274e+00
-1.33025447335e+00
-1.33120243326e+00
-1.33169576001e+00
-1.33208003607e+00
-1.33083923647e+00
-1.33158938255e+00
-1.33168167631e+00
-1.33200961377e+00
-1.33144262287e+00
-1.33176580839e+00
-1.33144718649e+00
-1.33070604800e+00
-1.33154184500e+00
-1.33158083609e+00
-1.33100354356e+00
-1.33058572678e+00
-1.33175313169e+00
-1.33162999455e+00
-1.33120569843e+00
-1.33155411298e+00
-1.33173569184e+00
-1.33160713640e+00
-1.33215570739e+00
-1.33192107312e+00
-1.33156893417e+00
-1.33154159580e+00
-1.33130494988e+00
-1.33129091998e+00
-1.33140621026e+00
-1.33159619488e+00
-1.33058353804e+00
-1.33216675415e+00
-1.33099254446e+00
-1.33146027303e+00
-1.33197110357e+00
-1.33050049714e+00
-1.33229117702e+00
-1.33129946171e+00
-1.33130854822e+00
-1.33090136936e+00
-1.33113692868e+00
-1.33144625788e+00
-1.33149468077e+00
-1.33221220823e+00
-1.33155320328e+00
-1.33212208248e+00
-1.33076282924e+00
-1.33150742193e+00
-1.33113737065e+00
-1.33119332922e+00
-1.33155614598e+00
-1.33175319583e+00
-1.33056264964e+00
-1.33185036027e+00
-1.33167733425e+00
-1.33115827299e+00
-1.33144187730e+00
-1.33130323947e+00
-1.33137255995e+00
-1.33183683580e+00
-1.33109450799e+00
-1.33122058187e+00
-1.33171537850e+00
-1.33128758505e+00
-1.33108249143e+00
-1.33119349054e+00
-1.33171736647e+00
-1.33160167122e+00
-1.33102430341e+00
-1.33159214318e+00
-1.33211236606e+00
-1.33114428210e+00
-1.33174336098e+00
-1.33151294717e+00
-1.33139058571e+00
-1.33145661952e+00
-1.33174243604e+00
-1.33139863950e+00
-1.33122246255e+00
-1.33098795343e+00
-1.33230412397e+00
-1.33230268954e+00
-1.33132076137e+00
-1.33198807541e+00
-1.33074574197e+00
-1.33107392135e+00
-1.33113505441e+00
-1.33091464526e+00
-1.33123593770e+00
-1.33003542156e+00
-1.33138200115e+00
-1.33122825422e+00
-1.33219404214e+00
-1.33079555230e+00
-1.33197282333e+00
-1.33103648133e+00
-1.33108040317e+00
-1.33115750826e+00
-1.33182004290e+00
-1.33175922069e+00
-1.33178372209e+00
-1.33199191693e+00
-1.33199129594e+00
-1.33098869317e+00
-1.33189846134e+00
-1.33070233778e+00
-1.33124400340e+00
-1.33234000698e+00
-1.33148704506e+00
-1.33107675853e+00
-1.33159371569e+00
-1.33184643058e+00
-1.33049370858e+00
-1.33182308767e+00
-1.33128293947e+00
-1.33121726556e+00
-1.33144941738e+00
-1.33128184438e+00
-1.33172424587e+00
-1.33126486614e+00
-1.33188447053e+00
-1.33117353284e+00
-1.33146163769e+00
-1.33133312645e+00
-1.33144338619e+00
-1.33144001375e+00
-1.33104146329e+00
-1.33148637837e+00
-1.33163981639e+00
-1.33135437621e+00
-1.33156336745e+00
-1.33139568572e+00
-1.33197327024e+00
-1.33092577779e+00
-1.33126995470e+00
-1.33116712081e+00
-1.33236335257e+00
-1.33135015326e+00
-1.33129756834e+00
-1.33134988290e+00
-1.33100601781e+00
-1.33151517884e+00
-1.33163427467e+00
-1.33169513608e+00
-1.33183828924e+00
-1.33140457839e+00
-1.33161607772e+00
-1.33114721958e+00
-1.33218424112e+00
-1.33120186802e+00
-1.33218033954e+00
-1.33158362502e+00
-1.33153478566e+00
-1.33210873215e+00
-1.33156298070e+00
-1.33125038296e+00
-1.33168973738e+00
-1.33202040161e+00
-1.33247286977e+00
-1.33139000461e+00
-1.33147814316e+00
-1.33119771896e+00
-1.33199094292e+00
-1.33141771307e+00
-1.33135125993e+00
-1.33173647721e+00
-1.33137713779e+00
-1.33150010897e+00
-1.33104718815e+00
-1.33146784387e+00
-1.33197861592e+00
-1.33166424388e+00
-1.33195205598e+00
-1.33150779743e+00
-1.33074493270e+00
-1.33113969979e+00
-1.33149962655e+00
-1.33180872783e+00
-1.33150115659e+00
-1.33094676922e+00
-1.33216031045e+00
-1.33188262963e+00
-1.33204669012e+00
-1.33086514643e+00
-1.33085897742e+00
-1.33207711991e+00
-1.33165936566e+00
-1.33102871341e+00
-1.33138431339e+00
-1.33179902032e+00
-1.33131293803e+00
-1.33122517234e+00
-1.33146305925e+00